0 0.593533 0.701033 0.812934 0.31695
0 0.738787 0.712977 0.522427 0.331429
0 0.779597 0.691946 0.440805 0.266224
0 0.788074 0.749721 0.423852 0.407561
0 0.653599 0.676693 0.692803 0.248391
0 0.381122 0.76473 0.753631 0.24551
0 0.23309 0.768413 0.45104 0.241545
4 0.67851 0.669233 0.64298 0.24895
0 0.128058 0.789366 0.255472 0.287185
0 0.499739 0.732201 0.989578 0.287907
4 0.522749 0.695901 0.954502 0.292017
3 0.771054 0.776682 0.457892 0.446636
4 0.78967 0.696997 0.42066 0.28435
3 0.5 0.557858 1 0.65812
3 0.404559 0.82468 0.809118 0.350639
3 0.845112 0.690597 0.309777 0.313158
3 0.888435 0.778637 0.223129 0.442726
3 0.399452 0.506046 0.786702 0.804787
4 0.5 0.646925 1 0.344206
3 0.185375 0.83571 0.365572 0.328581
3 0.84363 0.755383 0.312739 0.398752
3 0.105999 0.406263 0.211999 0.682263
3 0.636326 0.776248 0.727349 0.447505
3 0.5 0.646925 1 0.344206
0 0.176343 0.750464 0.349867 0.280614
3 0.522749 0.695901 0.954502 0.292017
3 0.889825 0.633644 0.22035 0.556191
3 0.158061 0.459359 0.310698 0.87387
3 0.293071 0.825348 0.578528 0.349304
3 0.253582 0.494648 0.494152 0.822264
3 0.821137 0.54467 0.357725 0.692191
4 0.738787 0.712977 0.522427 0.331429
1 0.593533 0.701033 0.812934 0.31695
3 0.524001 0.850469 0.773374 0.299063
3 0.642888 0.522126 0.580788 0.811896
4 0.171858 0.821066 0.340805 0.357867
3 0.703003 0.592896 0.593994 0.698198
3 0.8936 0.513665 0.212801 0.657517
3 0.129713 0.307392 0.259426 0.614785
3 0.892015 0.386706 0.215971 0.712838
3 0.361165 0.36455 0.545498 0.727829
3 0.171858 0.821066 0.340805 0.357867
4 0.516438 0.58611 0.967125 0.570856
3 0.183963 0.354812 0.356264 0.682628
3 0.228265 0.701498 0.451135 0.390199
3 0.891465 0.215851 0.217069 0.431702
0 0.0733135 0.825693 0.146609 0.329794
3 0.570862 0.33259 0.319344 0.665181
0 0.841578 0.781497 0.316844 0.437007
3 0.459769 0.899012 0.905492 0.201976
3 0.963691 0.243638 0.0726177 0.487276
3 0.460588 0.328683 0.395784 0.657366
3 0.937023 0.80916 0.125954 0.381679
3 0.921291 0.782114 0.157418 0.435772
4 0.128058 0.789366 0.255472 0.287185
4 0.17948 0.769615 0.35631 0.247098
3 0.309306 0.334834 0.412432 0.669668
3 0.871923 0.242646 0.256153 0.485292
4 0.798188 0.771778 0.403625 0.440725
0 0.498847 0.673944 0.997693 0.342823
3 0.951073 0.513279 0.0978545 0.495944
3 0.970242 0.432684 0.0595161 0.399957
0 0.806265 0.775188 0.387471 0.449623
3 0.46397 0.932909 0.721179 0.134183
3 0.628011 0.329299 0.301509 0.658599
3 0.881493 0.1185 0.237014 0.237
0 0.0602916 0.119842 0.120583 0.239684
3 0.807257 0.264536 0.295798 0.529072
3 0.833267 0.412803 0.331916 0.768003
3 0.851313 0.152573 0.297374 0.305146
3 0.309657 0.822858 0.608452 0.348795
3 0.933238 0.576207 0.133525 0.422299
3 0.506584 0.824179 0.986832 0.351641
3 0.744449 0.318709 0.288954 0.637417
3 0.709226 0.69212 0.581548 0.267353
4 0.404559 0.82468 0.809118 0.350639
4 0.845112 0.690597 0.309777 0.313158
3 0.724488 0.409727 0.335502 0.781849
3 0.964634 0.161633 0.0707314 0.323265
0 0.878588 0.778002 0.242824 0.443997
4 0.185375 0.83571 0.365572 0.328581
3 0.416057 0.698564 0.82039 0.350509
3 0.69024 0.31827 0.282048 0.636539
3 0.564063 0.1192 0.399152 0.2384
3 0.393202 0.0771066 0.479862 0.154213
0 0.0891496 0.836514 0.178299 0.326973
3 0.210791 0.76365 0.41655 0.262303
4 0.0733135 0.825693 0.146609 0.329794
3 0.15846 0.0957492 0.31692 0.191498
0 0.929751 0.788107 0.140498 0.423785
4 0.584312 0.731967 0.831377 0.374366
3 0.582917 0.387839 0.375318 0.740754
3 0.128523 0.770066 0.25628 0.254646
4 0.72573 0.773585 0.54854 0.452831
3 0.0602916 0.119842 0.120583 0.239684
3 0.756146 0.155722 0.345662 0.311444
3 0.504878 0.351666 0.348484 0.655682
4 0.506584 0.824179 0.986832 0.351641
3 0.405519 0.198374 0.440985 0.396749
3 0.53146 0.47088 0.677106 0.882956
4 0.588081 0.813633 0.823136 0.372734
3 0.167877 0.214088 0.324083 0.428177
3 0.627055 0.146493 0.393036 0.292986
0 0.524665 0.768387 0.95067 0.463225
3 0.312798 0.192283 0.483226 0.384566
3 0.947671 0.0707228 0.104658 0.141446
0 0.0274503 0.658801 0.0549006 0.603664
3 0.708936 0.238567 0.268045 0.477133
3 0.651121 0.395739 0.381499 0.778172
3 0.922064 0.688851 0.155871 0.318204
3 0.0955885 0.689873 0.191177 0.40969
4 0.635541 0.646309 0.728919 0.683499
3 0.0240941 0.52832 0.0481883 0.769572
0 0.0230627 0.606517 0.0461253 0.710435
3 0.701299 0.144594 0.345306 0.289188
3 0.0507687 0.788835 0.101537 0.389624
4 0.452413 0.929347 0.824844 0.141305
3 0.236355 0.244337 0.409889 0.488673
3 0.0345669 0.374142 0.0691337 0.624519
3 0.513722 0.0840765 0.403601 0.168153
4 0.293071 0.825348 0.578528 0.349304
3 0.319055 0.0842736 0.55044 0.168547
3 0.0399487 0.274655 0.0798974 0.54931
0 0.534859 0.591388 0.930282 0.566983
4 0.845215 0.775324 0.30957 0.449352
0 0.947671 0.0707228 0.104658 0.141446
4 0.920145 0.778573 0.15971 0.442854
1 0.779597 0.691946 0.440805 0.266224
4 0.0891496 0.836514 0.178299 0.326973
3 0.0894596 0.34401 0.178919 0.592308
3 0.753387 0.774145 0.493226 0.451711
3 0.0802527 0.41166 0.160505 0.507648
3 0.0379283 0.740572 0.0758566 0.465335
3 0.0780349 0.546617 0.15607 0.645787
0 0.452413 0.929347 0.824844 0.141305
4 0.309657 0.822858 0.608452 0.348795
0 0.185375 0.83571 0.365572 0.328581
0 0.187726 0.0840072 0.362107 0.168014
0 0.171858 0.821066 0.340805 0.357867
4 0.878588 0.778002 0.242824 0.443997
3 0.0230627 0.606517 0.0461253 0.710435
4 0.0343252 0.845612 0.0686503 0.308776
0 0.689879 0.654787 0.620243 0.60157
3 0.52635 0.276386 0.338317 0.552773
3 0.609301 0.774322 0.781398 0.451356
3 0.0274503 0.658801 0.0549006 0.603664
3 0.254701 0.077724 0.455838 0.155448
0 0.0356286 0.830706 0.0712571 0.338587
0 0.0309643 0.4845 0.0619287 0.762158
3 0.0733135 0.825693 0.146609 0.329794
3 0.122031 0.10862 0.244062 0.217239
4 0.810164 0.780766 0.379672 0.438468
0 0.964634 0.161633 0.0707314 0.323265
3 0.453255 0.455774 0.458865 0.847161
3 0.0343252 0.845612 0.0686503 0.308776
4 0.937023 0.80916 0.125954 0.381679
3 0.78967 0.696997 0.42066 0.28435
0 0.0379283 0.740572 0.0758566 0.465335
0 0.72573 0.773585 0.54854 0.452831
0 0.937023 0.80916 0.125954 0.381679
3 0.0356286 0.830706 0.0712571 0.338587
0 0.254701 0.077724 0.455838 0.155448
4 0.24892 0.743378 0.4851 0.296199
0 0.963691 0.243638 0.0726177 0.487276
0 0.122031 0.10862 0.244062 0.217239
0 0.346387 0.0857151 0.548933 0.17143
0 0.845112 0.690597 0.309777 0.313158
0 0.479305 0.854978 0.932562 0.290044
0 0.449739 0.0817729 0.44114 0.163546
4 0.28284 0.698677 0.553712 0.375711
0 0.851313 0.152573 0.297374 0.305146
0 0.627055 0.146493 0.393036 0.292986
0 0.513722 0.0840765 0.403601 0.168153
1 0.804947 0.772967 0.390106 0.454066
4 0.550694 0.520074 0.898555 0.782667
4 0.0356286 0.830706 0.0712571 0.338587
0 0.0345669 0.374142 0.0691337 0.624519
0 0.0343252 0.845612 0.0686503 0.308776
3 0.0891496 0.836514 0.178299 0.326973
0 0.80511 0.165728 0.351902 0.331456
0 0.0416439 0.217023 0.0832878 0.434047
0 0.564063 0.1192 0.399152 0.2384
0 0.0507687 0.788835 0.101537 0.389624
0 0.701299 0.144594 0.345306 0.289188
4 0.0602916 0.119842 0.120583 0.239684
4 0.922064 0.688851 0.155871 0.318204
0 0.35931 0.825841 0.707152 0.348318
0 0.881493 0.1185 0.237014 0.237
4 0.418341 0.765076 0.829803 0.251293
3 0.0946037 0.194745 0.189207 0.389489
4 0.0309643 0.4845 0.0619287 0.762158
1 0.453852 0.758846 0.903405 0.263894
4 0.416057 0.698564 0.82039 0.350509
4 0.964634 0.161633 0.0707314 0.323265
4 0.783513 0.583685 0.432973 0.701422
0 0.0399623 0.294536 0.0799245 0.589073
4 0.933238 0.576207 0.133525 0.422299
4 0.0345669 0.374142 0.0691337 0.624519
4 0.966077 0.305015 0.0678457 0.524401
0 0.783513 0.583685 0.432973 0.701422
0 0.48355 0.534667 0.9671 0.727647
4 0.947671 0.0707228 0.104658 0.141446
4 0.951073 0.513279 0.0978545 0.495944
4 0.970242 0.432684 0.0595161 0.399957
4 0.0399623 0.294536 0.0799245 0.589073
4 0.122031 0.10862 0.244062 0.217239
4 0.0416439 0.217023 0.0832878 0.434047
0 0.847224 0.247007 0.300027 0.494014
4 0.168237 0.702509 0.332752 0.371984
4 0.0507687 0.788835 0.101537 0.389624
4 0.167877 0.214088 0.324083 0.428177
4 0.0274503 0.658801 0.0549006 0.603664
2 0.783513 0.583685 0.432973 0.701422
1 0.653599 0.676693 0.692803 0.248391
4 0.312798 0.192283 0.483226 0.384566
4 0.881493 0.1185 0.237014 0.237
4 0.15846 0.0957492 0.31692 0.191498
4 0.0955885 0.689873 0.191177 0.40969
0 0.970242 0.432684 0.0595161 0.399957
4 0.0379283 0.740572 0.0758566 0.465335
4 0.0230627 0.606517 0.0461253 0.710435
4 0.449739 0.0817729 0.44114 0.163546
0 0.951073 0.513279 0.0978545 0.495944
4 0.346387 0.0857151 0.548933 0.17143
0 0.588081 0.813633 0.823136 0.372734
4 0.513722 0.0840765 0.403601 0.168153
0 0.28284 0.698677 0.553712 0.375711
4 0.889825 0.633644 0.22035 0.556191
2 0.214599 0.747434 0.423877 0.29227
1 0.738787 0.712977 0.522427 0.331429
0 0.0955885 0.689873 0.191177 0.40969
4 0.832081 0.174294 0.335839 0.348589
1 0.878588 0.778002 0.242824 0.443997
4 0.847224 0.247007 0.300027 0.494014
1 0.230197 0.766914 0.447318 0.250463
1 0.5 0.664152 1 0.338889
4 0.471542 0.250611 0.375689 0.501222
0 0.933238 0.576207 0.133525 0.422299
4 0.405519 0.198374 0.440985 0.396749
4 0.0894596 0.34401 0.178919 0.592308
4 0.52635 0.276386 0.338317 0.552773
4 0.756146 0.155722 0.345662 0.311444
4 0.0734295 0.45827 0.146859 0.488272
0 0.922064 0.688851 0.155871 0.318204
4 0.891465 0.215851 0.217069 0.431702
4 0.222394 0.0872969 0.412709 0.174594
4 0.250065 0.223708 0.459874 0.447416
4 0.753497 0.249375 0.286582 0.49875
4 0.27936 0.0755313 0.506563 0.151063
0 0.872149 0.318923 0.255703 0.637845
4 0.627055 0.146493 0.393036 0.292986
4 0.642888 0.522126 0.580788 0.811896
4 0.701299 0.144594 0.345306 0.289188
4 0.564063 0.1192 0.399152 0.2384
2 0.226038 0.443215 0.407874 0.767194
4 0.399452 0.506046 0.786702 0.804787
4 0.253582 0.494648 0.494152 0.822264
0 0.753497 0.249375 0.286582 0.49875
4 0.0946037 0.194745 0.189207 0.389489
4 0.164024 0.323996 0.311369 0.647991
0 0.236355 0.244337 0.409889 0.488673
2 0.689879 0.654787 0.620243 0.60157
0 0.129713 0.307392 0.259426 0.614785
0 0.420318 0.820796 0.834226 0.332822
3 0.506835 0.745343 0.981981 0.260909
4 0.647676 0.28356 0.291814 0.56712
0 0.312798 0.192283 0.483226 0.384566
0 0.917804 0.738163 0.164393 0.344818
2 0.164024 0.323996 0.311369 0.647991
4 0.8936 0.513665 0.212801 0.657517
2 0.481583 0.752584 0.950754 0.258965
0 0.891465 0.215851 0.217069 0.431702
4 0.855275 0.524993 0.289449 0.712058
0 0.708936 0.238567 0.268045 0.477133
2 0.855275 0.524993 0.289449 0.712058
4 0.708936 0.238567 0.268045 0.477133
4 0.892015 0.386706 0.215971 0.712838
0 0.52635 0.276386 0.338317 0.552773
0 0.889825 0.633644 0.22035 0.556191
2 0.963691 0.243638 0.0726177 0.487276
2 0.53146 0.47088 0.677106 0.882956
0 0.405519 0.198374 0.440985 0.396749
4 0.724488 0.409727 0.335502 0.781849
1 0.929751 0.788107 0.140498 0.423785
1 0.84363 0.755383 0.312739 0.398752
0 0.471542 0.250611 0.375689 0.501222
0 0.855275 0.524993 0.289449 0.712058
2 0.807257 0.264536 0.295798 0.529072
4 0.428025 0.349562 0.455004 0.669763
2 0.570862 0.33259 0.319344 0.665181
0 0.187297 0.326875 0.353477 0.65375
4 0.105999 0.406263 0.211999 0.682263
2 0.708936 0.238567 0.268045 0.477133
2 0.52635 0.276386 0.338317 0.552773
4 0.863163 0.408016 0.273673 0.804827
4 0.541567 0.371653 0.348486 0.704291
0 0.647676 0.28356 0.291814 0.56712
0 0.794733 0.338906 0.29151 0.669593
2 0.293945 0.461626 0.447357 0.875855
2 0.970242 0.432684 0.0595161 0.399957
0 0.820318 0.471187 0.125599 0.404565
0 0.93875 0.799631 0.122113 0.393842
2 0.821252 0.522895 0.12419 0.508777
0 0.212094 0.277386 0.423195 0.554772
0 0.928696 0.681174 0.142607 0.62456
0 0.869799 0.632557 0.221239 0.721373
1 0.820318 0.471187 0.125599 0.404565
0 0.503449 0.32579 0.306948 0.469891
3 0.875949 0.461062 0.248102 0.551997
0 0.36267 0.300082 0.725339 0.578154
0 0.693389 0.506156 0.136251 0.108475
0 0.981192 0.793699 0.0376163 0.404171
0 0.831491 0.123264 0.337019 0.246529
0 0.819228 0.630961 0.348939 0.738077
0 0.85061 0.798497 0.296917 0.403007
0 0.0957032 0.414748 0.191406 0.264279
1 0.93875 0.799631 0.122113 0.393842
0 0.130727 0.275833 0.26132 0.551667
0 0.871361 0.740191 0.248897 0.519618
3 0.820763 0.370911 0.358474 0.741822
2 0.869799 0.632557 0.221239 0.721373
1 0.928696 0.681174 0.142607 0.62456
0 0.196909 0.378142 0.393818 0.756284
0 0.998103 0.754895 0.00379391 0.427488
0 0.119953 0.771961 0.23858 0.328269
1 0.894219 0.695816 0.211563 0.601525
1 0.826427 0.628079 0.135541 0.713524
0 0.999204 0.344248 0.00159206 0.381913
3 0.388344 0.78989 0.776689 0.420221
0 0.895007 0.680483 0.208103 0.639035
0 0.266221 0.330002 0.532441 0.660003
0 0.436052 0.483343 0.384403 0.884809
3 0.744641 0.6953 0.48832 0.592761
2 0.93875 0.799631 0.122113 0.393842
0 0.998585 0.648286 0.00282993 0.46158
3 0.876878 0.624691 0.246244 0.708839
0 0.826427 0.628079 0.135541 0.713524
0 0.99109 0.192144 0.01782 0.384289
0 0.812612 0.245636 0.36721 0.491272
1 0.798252 0.393957 0.395588 0.781215
4 0.883409 0.279343 0.233182 0.545783
0 0.633703 0.425683 0.724994 0.834756
3 0.403895 0.543815 0.601479 0.912369
0 0.889577 0.12806 0.220845 0.256121
3 0.662022 0.79608 0.521401 0.40784
1 0.85706 0.772675 0.279464 0.452389
3 0.827483 0.506582 0.132628 0.47435
2 0.196909 0.378142 0.393818 0.756284
3 0.530582 0.412666 0.373776 0.805474
4 0.913404 0.720553 0.173192 0.55246
3 0.778591 0.785679 0.442818 0.428643
3 0.543418 0.568842 0.40968 0.832256
2 0.0957032 0.414748 0.191406 0.264279
3 0.20164 0.763326 0.400938 0.301178
3 0.341623 0.278125 0.683246 0.55625
0 0.0863665 0.462811 0.172733 0.270796
4 0.869799 0.632557 0.221239 0.721373
2 0.836591 0.632233 0.310632 0.735533
1 0.876878 0.624691 0.246244 0.708839
4 0.819878 0.25763 0.360243 0.51526
3 0.488451 0.501458 0.298175 0.8767
0 0.207591 0.761403 0.414121 0.32582
1 0.879132 0.474539 0.241735 0.400023
1 0.257039 0.772071 0.513143 0.3236
0 0.763966 0.798856 0.432789 0.402288
0 0.905208 0.154098 0.189585 0.308197
3 0.94409 0.815526 0.111821 0.368948
3 0.494943 0.314278 0.31969 0.587727
3 0.584518 0.45409 0.552046 0.908179
0 0.537394 0.301015 0.377425 0.575612
2 0.831491 0.123264 0.337019 0.246529
3 0.109965 0.270006 0.21993 0.540012
3 0.266909 0.785812 0.531002 0.410145
3 0.58208 0.67794 0.438751 0.626913
3 0.684013 0.418995 0.631975 0.811681
3 0.913938 0.796679 0.172124 0.406643
0 0.506062 0.492232 0.332174 0.856395
0 0.353016 0.499399 0.702087 0.862025
2 0.260574 0.275068 0.521149 0.550136
4 0.154994 0.741298 0.309526 0.322126
3 0.378674 0.463322 0.757347 0.838116
1 0.106009 0.272005 0.212017 0.544011
4 0.388344 0.78989 0.776689 0.420221
0 0.543418 0.568842 0.40968 0.832256
3 0.628026 0.494628 0.352373 0.867626
4 0.506608 0.324337 0.317927 0.491439
2 0.913404 0.720553 0.173192 0.55246
4 0.796314 0.634323 0.40454 0.731353
2 0.310774 0.383875 0.621548 0.767751
4 0.821252 0.522895 0.12419 0.508777
4 0.878428 0.745768 0.243143 0.4998
3 0.883409 0.279343 0.233182 0.545783
3 0.0896717 0.304385 0.179343 0.504548
2 0.503524 0.312638 0.317673 0.497231
1 0.319924 0.788928 0.635642 0.404404
3 0.819878 0.25763 0.360243 0.51526
4 0.378674 0.463322 0.757347 0.838116
3 0.854196 0.7941 0.284698 0.411801
3 0.826427 0.628079 0.135541 0.713524
4 0.879335 0.406925 0.240848 0.314162
3 0.752727 0.596306 0.304275 0.668329
0 0.676442 0.283797 0.616828 0.567593
4 0.119953 0.771961 0.23858 0.328269
0 0.307816 0.747753 0.615632 0.354656
3 0.549089 0.803675 0.557806 0.392651
4 0.819088 0.392028 0.361823 0.77612
4 0.36267 0.300082 0.725339 0.578154
4 0.778591 0.785679 0.442818 0.428643
3 0.901872 0.753675 0.195168 0.492649
0 0.879132 0.474539 0.241735 0.400023
0 0.997587 0.411787 0.00482616 0.307885
3 0.831491 0.123264 0.337019 0.246529
4 0.94409 0.815526 0.111821 0.368948
0 0.505149 0.803548 0.26645 0.390698
3 0.379887 0.31389 0.533071 0.627781
3 0.622638 0.618649 0.564856 0.762701
4 0.224722 0.288849 0.449444 0.521271
3 0.0863665 0.462811 0.172733 0.270796
2 0.378674 0.463322 0.757347 0.838116
3 0.155564 0.278765 0.311129 0.557529
4 0.321908 0.78162 0.634687 0.33253
3 0.119402 0.783787 0.23742 0.417998
0 0.125211 0.244498 0.250422 0.488996
0 0.873074 0.222798 0.253852 0.445596
0 0.628026 0.494628 0.352373 0.867626
2 0.106009 0.272005 0.212017 0.544011
4 0.582944 0.799198 0.510513 0.401605
4 0.99109 0.192144 0.01782 0.384289
0 0.671369 0.633118 0.576561 0.733764
4 0.831491 0.123264 0.337019 0.246529
0 0.724095 0.7164 0.544519 0.5672
3 0.889577 0.12806 0.220845 0.256121
3 0.264038 0.548197 0.528076 0.780992
4 0.55152 0.802512 0.348757 0.384385
4 0.879132 0.474539 0.241735 0.400023
3 0.154994 0.741298 0.309526 0.322126
2 0.406 0.284096 0.811999 0.550467
2 0.145235 0.283488 0.29047 0.566976
3 0.504421 0.736859 0.407256 0.526282
2 0.99109 0.192144 0.01782 0.384289
2 0.998484 0.203309 0.00303154 0.406619
0 0.58208 0.67794 0.438751 0.626913
1 0.754814 0.798814 0.420252 0.39823
3 0.905208 0.154098 0.189585 0.308197
3 0.125211 0.244498 0.250422 0.488996
2 0.997587 0.411787 0.00482616 0.307885
3 0.773179 0.200632 0.436416 0.401264
0 0.504421 0.736859 0.407256 0.526282
3 0.408973 0.556197 0.817947 0.887606
3 0.321908 0.78162 0.634687 0.33253
3 0.310774 0.383875 0.621548 0.767751
2 0.119402 0.783787 0.23742 0.417998
1 0.37667 0.540714 0.753341 0.918571
3 0.621605 0.307933 0.517077 0.615866
3 0.0957032 0.414748 0.191406 0.264279
0 0.0896717 0.304385 0.179343 0.504548
4 0.703272 0.799372 0.3756 0.396919
4 0.530582 0.412666 0.373776 0.805474
3 0.879553 0.136013 0.240894 0.272025
1 0.724095 0.7164 0.544519 0.5672
4 0.282968 0.799496 0.562562 0.401007
3 0.940721 0.782779 0.118048 0.434442
0 0.773179 0.200632 0.436416 0.401264
4 0.622638 0.618649 0.564856 0.762701
3 0.190964 0.499876 0.380772 0.88669
4 0.136465 0.280589 0.272929 0.561179
0 0.308712 0.286204 0.617423 0.572408
4 0.998484 0.203309 0.00303154 0.406619
3 0.15373 0.673753 0.307461 0.521847
4 0.998585 0.648286 0.00282993 0.46158
4 0.505943 0.557753 0.332307 0.884495
1 0.670818 0.347054 0.6475 0.694108
0 0.998484 0.203309 0.00303154 0.406619
3 0.998484 0.203309 0.00303154 0.406619
0 0.798791 0.555295 0.155385 0.563206
1 0.627522 0.79846 0.528412 0.403079
4 0.847661 0.793949 0.304678 0.408659
4 0.310774 0.383875 0.621548 0.767751
2 0.543418 0.568842 0.40968 0.832256
3 0.086036 0.631694 0.172072 0.570625
4 0.889577 0.12806 0.220845 0.256121
0 0.404517 0.740818 0.809033 0.518364
1 0.998522 0.247064 0.00295677 0.494128
4 0.622064 0.801077 0.400632 0.392498
2 0.826427 0.628079 0.135541 0.713524
0 0.379887 0.31389 0.533071 0.627781
2 0.998243 0.543376 0.00351391 0.521133
2 0.58208 0.67794 0.438751 0.626913
4 0.0957032 0.414748 0.191406 0.264279
3 0.798791 0.555295 0.155385 0.563206
4 0.998243 0.543376 0.00351391 0.521133
4 0.0896717 0.304385 0.179343 0.504548
4 0.470142 0.795553 0.312505 0.366556
3 0.551672 0.283592 0.402801 0.567183
1 0.264038 0.548197 0.528076 0.780992
0 0.94409 0.815526 0.111821 0.368948
0 0.15373 0.673753 0.307461 0.521847
3 0.879335 0.406925 0.240848 0.314162
2 0.530582 0.412666 0.373776 0.805474
4 0.436052 0.483343 0.384403 0.884809
0 0.151199 0.258132 0.302398 0.516264
2 0.883409 0.279343 0.233182 0.545783
1 0.510184 0.286985 0.294948 0.57397
1 0.388344 0.78989 0.776689 0.420221
2 0.379887 0.31389 0.533071 0.627781
2 0.997481 0.290883 0.00503778 0.525883
1 0.260574 0.275068 0.521149 0.550136
3 0.99109 0.192144 0.01782 0.384289
0 0.778544 0.466179 0.183116 0.565393
1 0.796314 0.634323 0.40454 0.731353
2 0.889577 0.12806 0.220845 0.256121
0 0.998243 0.543376 0.00351391 0.521133
0 0.999517 0.164392 0.000965691 0.328784
2 0.676442 0.283797 0.616828 0.567593
0 0.60622 0.417231 0.501504 0.831792
4 0.940721 0.782779 0.118048 0.434442
3 0.470142 0.795553 0.312505 0.366556
4 0.879553 0.136013 0.240894 0.272025
1 0.55152 0.802512 0.348757 0.384385
4 0.20164 0.763326 0.400938 0.301178
4 0.0855975 0.809119 0.171195 0.381763
2 0.905208 0.154098 0.189585 0.308197
2 0.684013 0.418995 0.631975 0.811681
3 0.796314 0.634323 0.40454 0.731353
3 0.998243 0.543376 0.00351391 0.521133
4 0.662022 0.79608 0.521401 0.40784
4 0.161368 0.369103 0.322736 0.738206
0 0.154994 0.741298 0.309526 0.322126
4 0.997587 0.411787 0.00482616 0.307885
4 0.628026 0.494628 0.352373 0.867626
1 0.913938 0.796679 0.172124 0.406643
2 0.151199 0.258132 0.302398 0.516264
2 0.307816 0.747753 0.615632 0.354656
2 0.879335 0.406925 0.240848 0.314162
4 0.905208 0.154098 0.189585 0.308197
2 0.436052 0.483343 0.384403 0.884809
4 0.15373 0.673753 0.307461 0.521847
3 0.998585 0.648286 0.00282993 0.46158
4 0.798791 0.555295 0.155385 0.563206
2 0.628026 0.494628 0.352373 0.867626
2 0.812612 0.245636 0.36721 0.491272
4 0.724095 0.7164 0.544519 0.5672
1 0.109358 0.642365 0.218716 0.507236
0 0.176398 0.230442 0.352796 0.460885
0 0.997481 0.290883 0.00503778 0.525883
4 0.264038 0.548197 0.528076 0.780992
1 0.119402 0.783787 0.23742 0.417998
1 0.479707 0.793193 0.271153 0.409065
4 0.125211 0.244498 0.250422 0.488996
1 0.504421 0.736859 0.407256 0.526282
0 0.643567 0.506833 0.0828293 0.117369
3 0.224722 0.288849 0.449444 0.521271
3 0.151199 0.258132 0.302398 0.516264
1 0.145235 0.283488 0.29047 0.566976
1 0.80881 0.119801 0.382381 0.239602
3 0.588252 0.285519 0.573539 0.571038
0 0.879553 0.136013 0.240894 0.272025
1 0.0957032 0.414748 0.191406 0.264279
0 0.137212 0.798034 0.274247 0.403931
3 0.55152 0.802512 0.348757 0.384385
3 0.0855975 0.809119 0.171195 0.381763
0 0.4008 0.209093 0.557114 0.418185
3 0.28301 0.260733 0.56602 0.521466
1 0.310774 0.383875 0.621548 0.767751
4 0.137212 0.798034 0.274247 0.403931
1 0.221285 0.249037 0.44257 0.498074
3 0.4008 0.209093 0.557114 0.418185
4 0.379887 0.31389 0.533071 0.627781
4 0.0863665 0.462811 0.172733 0.270796
4 0.28301 0.260733 0.56602 0.521466
0 0.879335 0.406925 0.240848 0.314162
2 0.308712 0.286204 0.617423 0.572408
4 0.60622 0.417231 0.501504 0.831792
4 0.086036 0.631694 0.172072 0.570625
2 0.879132 0.474539 0.241735 0.400023
2 0.981192 0.793699 0.0376163 0.404171
2 0.582944 0.799198 0.510513 0.401605
4 0.403895 0.543815 0.601479 0.912369
4 0.57301 0.717294 0.407601 0.565412
2 0.998585 0.648286 0.00282993 0.46158
4 0.629904 0.287348 0.657364 0.574696
1 0.543418 0.568842 0.40968 0.832256
4 0.4008 0.209093 0.557114 0.418185
4 0.913938 0.796679 0.172124 0.406643
2 0.0855975 0.809119 0.171195 0.381763
3 0.386477 0.743691 0.772953 0.401255
3 0.774359 0.426666 0.441886 0.784679
3 0.622064 0.801077 0.400632 0.392498
1 0.61386 0.789947 0.395895 0.417235
4 0.151199 0.258132 0.302398 0.516264
1 0.18879 0.174132 0.37758 0.348264
2 0.388344 0.78989 0.776689 0.420221
4 0.998103 0.754895 0.00379391 0.427488
0 0.408973 0.556197 0.817947 0.887606
4 0.386477 0.743691 0.772953 0.401255
1 0.628026 0.494628 0.352373 0.867626
0 0.662116 0.789926 0.326571 0.419179
4 0.633703 0.425683 0.724994 0.834756
0 0.282968 0.799496 0.562562 0.401007
1 0.773179 0.200632 0.436416 0.401264
0 0.0372402 0.499332 0.0741278 0.111841
0 0.0342454 0.5112 0.0674447 0.0830104
0 0.87237 0.631625 0.25526 0.150288
0 0.879944 0.576777 0.240112 0.10424
0 0.852377 0.684614 0.295246 0.305613
0 0.920164 0.578782 0.159672 0.0784725
0 0.278486 0.375188 0.555154 0.750375
0 0.253258 0.704199 0.50277 0.393634
0 0.937226 0.714189 0.125547 0.301691
0 0.8819 0.435252 0.236201 0.356253
0 0.245423 0.599965 0.488445 0.183339
0 0.76625 0.699744 0.460657 0.301552
0 0.787276 0.31374 0.425447 0.62748
0 0.930468 0.599673 0.139064 0.100681
0 0.0440639 0.474997 0.0858964 0.068492
1 0.896675 0.58998 0.206649 0.0760205
2 0.253258 0.704199 0.50277 0.393634
2 0.872172 0.520406 0.255657 0.21759
2 0.245423 0.599965 0.488445 0.183339
0 0.872172 0.520406 0.255657 0.21759
2 0.87979 0.440353 0.240419 0.352226
2 0.879944 0.576777 0.240112 0.10424
0 0.376774 0.344894 0.753548 0.689788
0 0.788104 0.641893 0.423791 0.176812
3 0.827108 0.289471 0.345783 0.578942
2 0.996366 0.186001 0.00726776 0.372002
0 0.42994 0.406664 0.592625 0.813327
0 0.289048 0.583609 0.577493 0.280814
3 0.880813 0.448456 0.238375 0.314078
0 0.530619 0.720049 0.747792 0.439476
0 0.526 0.655162 0.688371 0.19805
0 0.694692 0.436017 0.610615 0.872034
0 0.510669 0.288592 0.292306 0.577184
0 0.427293 0.621906 0.707826 0.168836
2 0.896675 0.58998 0.206649 0.0760205
1 0.914387 0.624818 0.171227 0.153724
0 0.64205 0.68082 0.708821 0.303494
2 0.788104 0.641893 0.423791 0.176812
1 0.270239 0.356558 0.540478 0.713115
3 0.77492 0.205101 0.45016 0.410201
0 0.302175 0.20214 0.593493 0.404279
0 0.49731 0.376484 0.83758 0.752968
0 0.933558 0.642626 0.132884 0.149426
4 0.87691 0.439245 0.24618 0.345204
0 0.193704 0.130036 0.387408 0.260071
4 0.792323 0.340501 0.415354 0.681002
0 0.32836 0.463683 0.65672 0.927366
3 0.614513 0.756013 0.770974 0.487974
3 0.914387 0.624818 0.171227 0.153724
0 0.127917 0.736697 0.255834 0.331605
2 0.784558 0.69964 0.428948 0.307521
3 0.533169 0.313471 0.43737 0.549385
0 0.72882 0.266624 0.542361 0.533248
0 0.513986 0.61165 0.644802 0.146326
4 0.357531 0.418084 0.601677 0.836167
4 0.757748 0.275903 0.484505 0.551805
1 0.879944 0.576777 0.240112 0.10424
1 0.872172 0.520406 0.255657 0.21759
0 0.217697 0.276842 0.435394 0.553684
1 0.87979 0.440353 0.240419 0.352226
4 0.865821 0.305572 0.268359 0.611143
0 0.969695 0.452516 0.0606091 0.212718
3 0.996366 0.186001 0.00726776 0.372002
0 0.574093 0.5 0.795152 1
2 0.852377 0.684614 0.295246 0.305613
0 0.787921 0.485538 0.423486 0.372995
0 0.618541 0.637709 0.713234 0.259685
0 0.122628 0.324669 0.245257 0.426079
0 0.917603 0.533714 0.164793 0.171796
2 0.997052 0.174138 0.00589542 0.348276
0 0.997052 0.174138 0.00589542 0.348276
1 0.253258 0.704199 0.50277 0.393634
0 0.865821 0.305572 0.268359 0.611143
4 0.336171 0.757823 0.664264 0.455491
3 0.776049 0.777759 0.447902 0.444483
0 0.533169 0.313471 0.43737 0.549385
0 0.944663 0.780684 0.110675 0.199703
3 0.578964 0.335193 0.842072 0.670385
2 0.530619 0.720049 0.747792 0.439476
3 0.24741 0.76037 0.478473 0.479259
3 0.694692 0.436017 0.610615 0.872034
0 0.747332 0.0617839 0.250815 0.123568
0 0.135085 0.118983 0.27017 0.237966
0 0.435217 0.295901 0.409725 0.591801
3 0.122628 0.324669 0.245257 0.426079
4 0.55922 0.74676 0.840032 0.50648
2 0.930468 0.599673 0.139064 0.100681
0 0.758405 0.607855 0.477945 0.484703
3 0.935781 0.689714 0.128438 0.299048
1 0.357273 0.341588 0.710743 0.683177
4 0.944663 0.780684 0.110675 0.199703
4 0.997052 0.174138 0.00589542 0.348276
3 0.944663 0.780684 0.110675 0.199703
2 0.336171 0.757823 0.664264 0.455491
3 0.456142 0.304668 0.614478 0.609335
4 0.253258 0.704199 0.50277 0.393634
3 0.309368 0.600171 0.617784 0.323325
1 0.788104 0.641893 0.423791 0.176812
3 0.80278 0.443932 0.0873926 0.333948
3 0.793737 0.872319 0.412525 0.255362
1 0.87237 0.631625 0.25526 0.150288
3 0.112891 0.253115 0.225781 0.498315
3 0.615341 0.330385 0.536886 0.541198
0 0.24741 0.76037 0.478473 0.479259
3 0.153951 0.397262 0.0138602 0.0516669
3 0.357531 0.418084 0.601677 0.836167
0 0.335253 0.635921 0.660243 0.225976
1 0.787921 0.485538 0.423486 0.372995
4 0.510669 0.288592 0.292306 0.577184
1 0.289048 0.583609 0.577493 0.280814
4 0.322486 0.74384 0.635669 0.51232
3 0.877288 0.154601 0.245425 0.309203
0 0.350746 0.285963 0.506619 0.571927
3 0.507017 0.29163 0.29623 0.58326
4 0.776049 0.777759 0.447902 0.444483
3 0.636374 0.370776 0.618372 0.741552
0 0.141099 0.286561 0.282198 0.573121
0 0.133368 0.56083 0.266737 0.249353
0 0.322486 0.74384 0.635669 0.51232
3 0.939722 0.937849 0.120557 0.124303
2 0.629134 0.740539 0.653718 0.326295
3 0.322486 0.74384 0.635669 0.51232
4 0.350746 0.285963 0.506619 0.571927
4 0.533169 0.313471 0.43737 0.549385
4 0.877288 0.154601 0.245425 0.309203
4 0.24741 0.76037 0.478473 0.479259
3 0.55034 0.499519 0.797633 0.999038
4 0.995002 0.168225 0.00999622 0.336449
4 0.694692 0.436017 0.610615 0.872034
2 0.289048 0.583609 0.577493 0.280814
0 0.109624 0.479509 0.219248 0.196731
4 0.376774 0.344894 0.753548 0.689788
4 0.680369 0.77055 0.639262 0.4589
1 0.996366 0.186001 0.00726776 0.372002
1 0.109272 0.263782 0.218545 0.527565
0 0.552843 0.746406 0.724671 0.323036
4 0.359136 0.759738 0.718272 0.313836
2 0.917603 0.533714 0.164793 0.171796
1 0.827108 0.289471 0.345783 0.578942
3 0.917054 0.874732 0.165893 0.250535
1 0.245423 0.599965 0.488445 0.183339
1 0.141099 0.286561 0.282198 0.573121
0 0.615341 0.330385 0.536886 0.541198
2 0.335253 0.635921 0.660243 0.225976
4 0.996366 0.186001 0.00726776 0.372002
3 0.115969 0.24033 0.231937 0.48066
2 0.933558 0.642626 0.132884 0.149426
2 0.357531 0.418084 0.601677 0.836167
0 0.996366 0.186001 0.00726776 0.372002
0 0.803453 0.446848 0.0930084 0.340995
1 0.882616 0.335609 0.234769 0.516466
3 0.109624 0.479509 0.219248 0.196731
2 0.694692 0.436017 0.610615 0.872034
4 0.456142 0.304668 0.614478 0.609335
4 0.161423 0.912544 0.322846 0.174912
0 0.853455 0.78789 0.29309 0.424219
0 0.359136 0.759738 0.718272 0.313836
3 0.969695 0.452516 0.0606091 0.212718
3 0.133368 0.56083 0.266737 0.249353
4 0.49731 0.376484 0.83758 0.752968
2 0.149052 0.753782 0.298104 0.353457
0 0.728808 0.711247 0.542383 0.390437
0 0.118118 0.88822 0.236237 0.223561
3 0.882616 0.335609 0.234769 0.516466
3 0.997052 0.174138 0.00589542 0.348276
3 0.135085 0.118983 0.27017 0.237966
2 0.783211 0.480894 0.427289 0.397603
2 0.78049 0.196447 0.439019 0.392894
3 0.363586 0.632225 0.727172 0.268891
3 0.605917 0.902325 0.756929 0.19535
4 0.546959 0.906212 0.778053 0.187575
2 0.969695 0.452516 0.0606091 0.212718
2 0.935781 0.689714 0.128438 0.299048
0 0.55922 0.74676 0.840032 0.50648
4 0.615341 0.330385 0.536886 0.541198
0 0.126749 0.604329 0.253498 0.19678
0 0.77492 0.205101 0.45016 0.410201
3 0.955092 0.895546 0.0898165 0.208907
3 0.158732 0.641208 0.317463 0.335243
2 0.715307 0.714454 0.569386 0.349718
1 0.750079 0.695758 0.499843 0.359135
3 0.995002 0.168225 0.00999622 0.336449
3 0.438201 0.752723 0.642383 0.494554
0 0.149052 0.753782 0.298104 0.353457
3 0.257078 0.891519 0.499029 0.216961
0 0.525948 0.446349 0.948104 0.892697
4 0.278486 0.375188 0.555154 0.750375
4 0.38618 0.5 0.772361 1
2 0.758405 0.607855 0.477945 0.484703
1 0.995002 0.168225 0.00999622 0.336449
4 0.574093 0.5 0.795152 1
3 0.253258 0.704199 0.50277 0.393634
0 0.99367 0.353676 0.0126591 0.273823
4 0.245423 0.599965 0.488445 0.183339
2 0.508296 0.286131 0.316282 0.572262
3 0.161423 0.912544 0.322846 0.174912
4 0.78049 0.196447 0.439019 0.392894
2 0.776049 0.777759 0.447902 0.444483
1 0.776049 0.777759 0.447902 0.444483
4 0.482273 0.284103 0.389342 0.568205
0 0.995002 0.168225 0.00999622 0.336449
4 0.139234 0.27382 0.278467 0.54764
0 0.578964 0.335193 0.842072 0.670385
1 0.99367 0.353676 0.0126591 0.273823
0 0.161423 0.912544 0.322846 0.174912
4 0.636374 0.370776 0.618372 0.741552
0 0.918549 0.619887 0.154955 0.14997
2 0.359136 0.759738 0.718272 0.313836
2 0.792323 0.340501 0.415354 0.681002
0 0.112891 0.253115 0.225781 0.498315
3 0.171942 0.705288 0.343884 0.423033
2 0.118118 0.88822 0.236237 0.223561
0 0.748656 0.776873 0.500515 0.446254
3 0.271136 0.352237 0.539588 0.704473
3 0.803937 0.3842 0.392125 0.768399
0 0.4474 0.772239 0.625503 0.268488
3 0.435217 0.295901 0.409725 0.591801
0 0.336171 0.757823 0.664264 0.455491
2 0.995002 0.168225 0.00999622 0.336449
0 0.158732 0.641208 0.317463 0.335243
1 0.757748 0.275903 0.484505 0.551805
2 0.158732 0.641208 0.317463 0.335243
1 0.217697 0.276842 0.435394 0.553684
1 0.935781 0.689714 0.128438 0.299048
4 0.939722 0.937849 0.120557 0.124303
1 0.969695 0.452516 0.0606091 0.212718
3 0.376774 0.344894 0.753548 0.689788
2 0.574093 0.5 0.795152 1
2 0.130937 0.802136 0.261874 0.395727
2 0.87237 0.631625 0.25526 0.150288
0 0.171942 0.705288 0.343884 0.423033
1 0.803937 0.3842 0.392125 0.768399
1 0.171942 0.705288 0.343884 0.423033
1 0.933558 0.642626 0.132884 0.149426
0 0.877288 0.154601 0.245425 0.309203
2 0.498954 0.762771 0.659194 0.285144
3 0.72882 0.266624 0.542361 0.533248
0 0.636374 0.370776 0.618372 0.741552
4 0.641967 0.30084 0.705126 0.601679
3 0.193704 0.130036 0.387408 0.260071
1 0.149052 0.753782 0.298104 0.353457
1 0.193704 0.130036 0.387408 0.260071
4 0.565379 0.712032 0.746453 0.45536
3 0.586661 0.61503 0.657207 0.154452
3 0.149052 0.753782 0.298104 0.353457
4 0.793737 0.872319 0.412525 0.255362
3 0.38618 0.5 0.772361 1
4 0.795927 0.718619 0.408146 0.3348
0 0.11407 0.257026 0.228139 0.514051
2 0.99367 0.353676 0.0126591 0.273823
3 0.217697 0.276842 0.435394 0.553684
4 0.109272 0.263782 0.218545 0.527565
1 0.24741 0.76037 0.478473 0.479259
2 0.82713 0.19298 0.345739 0.385961
2 0.427293 0.621906 0.707826 0.168836
0 0.438201 0.752723 0.642383 0.494554
2 0.161423 0.912544 0.322846 0.174912
4 0.201001 0.14902 0.402003 0.298041
3 0.139234 0.27382 0.278467 0.54764
1 0.877288 0.154601 0.245425 0.309203
4 0.969695 0.452516 0.0606091 0.212718
2 0.109272 0.263782 0.218545 0.527565
2 0.122628 0.324669 0.245257 0.426079
1 0.758405 0.607855 0.477945 0.484703
3 0.641967 0.30084 0.705126 0.601679
1 0.435217 0.295901 0.409725 0.591801
1 0.616187 0.474209 0.684958 0.948418
2 0.326218 0.312792 0.652435 0.625584
2 0.171942 0.705288 0.343884 0.423033
1 0.578964 0.335193 0.842072 0.670385
4 0.309368 0.600171 0.617784 0.323325
3 0.99367 0.353676 0.0126591 0.273823
1 0.851318 0.705892 0.297365 0.311125
4 0.438201 0.752723 0.642383 0.494554
4 0.4474 0.772239 0.625503 0.268488
2 0.944663 0.780684 0.110675 0.199703
1 0.853455 0.78789 0.29309 0.424219
2 0.100741 0.254325 0.201482 0.508651
3 0.788104 0.641893 0.423791 0.176812
2 0.139234 0.27382 0.278467 0.54764
1 0.133368 0.56083 0.266737 0.249353
4 0.525948 0.446349 0.948104 0.892697
1 0.507017 0.29163 0.29623 0.58326
2 0.349975 0.647974 0.693604 0.348425
4 0.130937 0.802136 0.261874 0.395727
1 0.322486 0.74384 0.635669 0.51232
4 0.13123 0.788914 0.262459 0.422173
1 0.302175 0.20214 0.593493 0.404279
0 0.641967 0.30084 0.705126 0.601679
3 0.478053 0.907337 0.696396 0.185325
3 0.318349 0.3051 0.636699 0.610199
4 0.115969 0.24033 0.231937 0.48066
4 0.618541 0.637709 0.713234 0.259685
3 0.245423 0.599965 0.488445 0.183339
4 0.257078 0.891519 0.499029 0.216961
4 0.302175 0.20214 0.593493 0.404279
0 0.857117 0.847207 0.285766 0.305585
1 0.857117 0.847207 0.285766 0.305585
2 0.526 0.655162 0.688371 0.19805
1 0.68589 0.726566 0.624548 0.338099
1 0.861737 0.447326 0.241003 0.334413
0 0.0352105 0.505215 0.0685138 0.0988874
2 0.803588 0.337731 0.0876785 0.125318
1 0.830657 0.557628 0.333924 0.573535
2 0.861737 0.447326 0.241003 0.334413
0 0.802685 0.417443 0.101768 0.299783
0 0.802515 0.336103 0.0872749 0.140874
1 0.869392 0.530965 0.261215 0.485238
1 0.155456 0.756101 0.309888 0.275686
1 0.574977 0.44905 0.824333 0.8981
1 0.788818 0.417345 0.354212 0.605386
0 0.493413 0.0883347 0.280474 0.176669
0 0.801661 0.381542 0.0891895 0.219949
2 0.830657 0.557628 0.333924 0.573535
2 0.174352 0.743159 0.347239 0.331436
0 0.829177 0.469726 0.327015 0.397469
1 0.729948 0.422257 0.540103 0.844513
0 0.0822438 0.379048 0.162349 0.21287
1 0.829177 0.469726 0.327015 0.397469
2 0.869392 0.530965 0.261215 0.485238
1 0.786223 0.764697 0.427555 0.227829
0 0.252379 0.437371 0.499243 0.874743
1 0.811647 0.70855 0.372048 0.299226
1 0.688998 0.578756 0.622004 0.56032
1 0.498169 0.762942 0.386532 0.20346
2 0.24622 0.458373 0.488607 0.84218
1 0.640465 0.750563 0.461138 0.212641
1 0.24622 0.458373 0.488607 0.84218
1 0.803588 0.337731 0.0876785 0.125318
1 0.180267 0.819 0.357553 0.362
0 0.306787 0.338145 0.612299 0.676289
1 0.205915 0.351592 0.411829 0.699313
4 0.634193 0.443215 0.0616864 0.0934808
2 0.135914 0.750093 0.269092 0.289786
2 0.574977 0.44905 0.824333 0.8981
0 0.786223 0.764697 0.427555 0.227829
1 0.472737 0.5 0.917168 1
0 0.802908 0.707246 0.394183 0.288312
1 0.211517 0.716483 0.42036 0.386495
2 0.780316 0.839202 0.439369 0.321597
0 0.41388 0.5 0.827761 1
0 0.780316 0.839202 0.439369 0.321597
1 0.440046 0.770002 0.397627 0.195686
1 0.176223 0.434049 0.352445 0.64237
0 0.573987 0.690398 0.557288 0.401021
1 0.29791 0.846763 0.595819 0.306474
2 0.786223 0.764697 0.427555 0.227829
1 0.669464 0.501768 0.661073 0.996463
1 0.824673 0.787108 0.350654 0.314111
0 0.53536 0.727056 0.332634 0.30794
1 0.202637 0.784557 0.403919 0.19942
2 0.197577 0.699939 0.39358 0.417837
1 0.405529 0.445663 0.811059 0.891325
0 0.334506 0.483295 0.669012 0.966589
0 0.895367 0.0944764 0.209266 0.188953
4 0.154246 0.417333 0.0140992 0.087449
0 0.197074 0.731377 0.387003 0.346534
4 0.156024 0.388824 0.00955153 0.0348588
0 0.0543424 0.655386 0.104542 0.0712157
0 0.312916 0.284577 0.625832 0.569155
0 0.608906 0.726 0.397305 0.308102
4 0.434009 0.5 0.868018 1
0 0.915029 0.760164 0.169942 0.415707
0 0.729948 0.422257 0.540103 0.844513
3 0.202637 0.784557 0.403919 0.19942
0 0.279246 0.730317 0.507561 0.329978
1 0.369945 0.777174 0.434886 0.208108
0 0.787391 0.372546 0.425218 0.745092
0 0.35035 0.147947 0.619544 0.295895
1 0.89304 0.592629 0.213919 0.349086
0 0.417829 0.348948 0.444412 0.697896
1 0.201497 0.883164 0.394411 0.233673
0 0.391223 0.416919 0.782445 0.827352
2 0.176223 0.434049 0.352445 0.64237
0 0.722401 0.0778612 0.168593 0.155722
0 0.110525 0.105911 0.22105 0.211822
1 0.895348 0.431363 0.209304 0.305115
0 0.574555 0.752774 0.432772 0.217687
1 0.117095 0.747169 0.231851 0.312814
0 0.702326 0.667141 0.517872 0.410608
1 0.795391 0.840181 0.409218 0.319638
3 0.29791 0.846763 0.595819 0.306474
1 0.809956 0.896874 0.380088 0.206251
2 0.788818 0.417345 0.354212 0.605386
0 0.530962 0.25976 0.799008 0.51952
1 0.924931 0.655211 0.150138 0.360749
1 0.877149 0.785117 0.245701 0.429767
4 0.846016 0.829368 0.307968 0.341263
2 0.29791 0.846763 0.595819 0.306474
2 0.211943 0.832436 0.423885 0.335129
2 0.205915 0.351592 0.411829 0.699313
3 0.138116 0.743417 0.275429 0.327414
0 0.560754 0.369397 0.73192 0.738794
2 0.202637 0.784557 0.403919 0.19942
1 0.455683 0.820066 0.614939 0.359869
3 0.776909 0.369825 0.446183 0.739649
2 0.702326 0.667141 0.517872 0.410608
2 0.640465 0.750563 0.461138 0.212641
4 0.814998 0.10609 0.370003 0.21218
0 0.584805 0.803454 0.661733 0.393092
2 0.561134 0.804382 0.627614 0.391237
3 0.476189 0.818209 0.553571 0.363581
0 0.3251 0.709142 0.650201 0.400621
3 0.200349 0.809953 0.395521 0.350621
3 0.327447 0.376224 0.649193 0.752449
1 0.291006 0.780003 0.466729 0.204823
1 0.832939 0.240261 0.334122 0.480523
0 0.793576 0.891427 0.412848 0.217145
2 0.807097 0.71228 0.383543 0.287645
0 0.702403 0.724861 0.399486 0.296519
0 0.631509 0.454673 0.0599965 0.106672
0 0.364756 0.729915 0.458964 0.324724
1 0.303131 0.742622 0.606262 0.294458
0 0.107483 0.828882 0.214965 0.342235
3 0.822966 0.30862 0.354067 0.617239
0 0.718289 0.566707 0.563421 0.609889
3 0.415629 0.5 0.831259 1
0 0.828733 0.352579 0.342533 0.705157
1 0.264178 0.901894 0.528357 0.196213
0 0.573956 0.396432 0.80033 0.792864
2 0.733706 0.476731 0.532589 0.933217
2 0.89304 0.592629 0.213919 0.349086
4 0.822966 0.30862 0.354067 0.617239
4 0.176223 0.434049 0.352445 0.64237
0 0.498169 0.762942 0.386532 0.20346
0 0.199723 0.276872 0.394531 0.553744
4 0.29791 0.846763 0.595819 0.306474
1 0.364677 0.916127 0.474559 0.167745
0 0.440046 0.770002 0.397627 0.195686
2 0.473642 0.683806 0.533492 0.430781
0 0.814998 0.10609 0.370003 0.21218
1 0.561134 0.804382 0.627614 0.391237
3 0.638939 0.818505 0.646524 0.36299
0 0.872411 0.453067 0.255177 0.352202
1 0.487429 0.920658 0.473759 0.158684
3 0.211943 0.832436 0.423885 0.335129
4 0.639739 0.676983 0.551743 0.395682
4 0.3693 0.364126 0.738601 0.728253
4 0.396625 0.5 0.79325 1
4 0.24622 0.458373 0.488607 0.84218
4 0.847901 0.304131 0.304198 0.608262
1 0.572214 0.5 0.855573 1
4 0.113501 0.140193 0.227002 0.280387
2 0.498169 0.762942 0.386532 0.20346
0 0.824673 0.787108 0.350654 0.314111
3 0.108996 0.143467 0.217992 0.286934
0 0.832939 0.240261 0.334122 0.480523
4 0.790864 0.216597 0.418271 0.433193
4 0.201497 0.883164 0.394411 0.233673
3 0.811647 0.70855 0.372048 0.299226
0 0.851637 0.523171 0.296726 0.495041
4 0.461836 0.452899 0.852678 0.905798
2 0.303131 0.742622 0.606262 0.294458
1 0.814998 0.10609 0.370003 0.21218
3 0.602191 0.194647 0.795618 0.389294
3 0.895348 0.431363 0.209304 0.305115
2 0.455683 0.820066 0.614939 0.359869
1 0.847901 0.304131 0.304198 0.608262
2 0.776909 0.369825 0.446183 0.739649
2 0.605876 0.504094 0.788247 0.991812
4 0.205915 0.351592 0.411829 0.699313
4 0.325892 0.313102 0.641963 0.626205
2 0.407121 0.773584 0.41867 0.202448
4 0.827384 0.868338 0.345231 0.263324
0 0.791751 0.11625 0.416499 0.232499
3 0.121569 0.109396 0.243139 0.218791
2 0.805784 0.30929 0.388433 0.61858
1 0.806502 0.348236 0.386996 0.696472
3 0.417829 0.348948 0.444412 0.697896
1 0.877732 0.626477 0.244536 0.443623
3 0.172095 0.182714 0.344189 0.365429
1 0.861004 0.705757 0.277992 0.272991
4 0.417829 0.348948 0.444412 0.697896
2 0.532191 0.5 0.885118 1
2 0.573987 0.690398 0.557288 0.401021
0 0.473642 0.683806 0.533492 0.430781
3 0.110525 0.105911 0.22105 0.211822
2 0.829177 0.469726 0.327015 0.397469
0 0.812145 0.574993 0.374635 0.567027
4 0.35035 0.147947 0.619544 0.295895
3 0.869392 0.530965 0.261215 0.485238
3 0.814998 0.10609 0.370003 0.21218
3 0.205915 0.351592 0.411829 0.699313
0 0.608647 0.916781 0.486565 0.166437
3 0.874841 0.716052 0.250318 0.299488
0 0.440683 0.728641 0.379202 0.318241
1 0.791751 0.11625 0.416499 0.232499
0 0.11786 0.831254 0.235719 0.337491
4 0.832939 0.240261 0.334122 0.480523
3 0.847901 0.304131 0.304198 0.608262
3 0.848998 0.797474 0.302004 0.405053
4 0.202637 0.784557 0.403919 0.19942
0 0.846016 0.829368 0.307968 0.341263
0 0.108563 0.676176 0.217126 0.432293
1 0.362687 0.363255 0.717984 0.721441
3 0.176223 0.434049 0.352445 0.64237
1 0.417829 0.348948 0.444412 0.697896
0 0.195229 0.840743 0.384324 0.318513
0 0.822966 0.30862 0.354067 0.617239
3 0.89304 0.592629 0.213919 0.349086
4 0.915029 0.760164 0.169942 0.415707
0 0.661005 0.52505 0.67799 0.791263
3 0.812145 0.574993 0.374635 0.567027
0 0.602191 0.194647 0.795618 0.389294
1 0.790864 0.216597 0.418271 0.433193
1 0.608647 0.916781 0.486565 0.166437
4 0.780316 0.839202 0.439369 0.321597
2 0.200349 0.809953 0.395521 0.350621
2 0.923363 0.699946 0.153275 0.310068
0 0.444656 0.168009 0.694278 0.336017
2 0.846016 0.829368 0.307968 0.341263
3 0.702403 0.724861 0.399486 0.296519
3 0.846016 0.829368 0.307968 0.341263
4 0.481555 0.228192 0.744229 0.456383
2 0.113501 0.140193 0.227002 0.280387
3 0.530962 0.25976 0.799008 0.51952
2 0.3251 0.709142 0.650201 0.400621
4 0.780336 0.39485 0.439327 0.7897
1 0.846016 0.829368 0.307968 0.341263
4 0.328285 0.442021 0.65657 0.884041
4 0.108996 0.143467 0.217992 0.286934
0 0.700134 0.102094 0.103881 0.204189
4 0.791751 0.11625 0.416499 0.232499
4 0.602191 0.194647 0.795618 0.389294
4 0.87355 0.604945 0.2529 0.51289
4 0.145456 0.234603 0.290913 0.469205
3 0.795391 0.840181 0.409218 0.319638
4 0.923363 0.699946 0.153275 0.310068
3 0.24622 0.458373 0.488607 0.84218
3 0.173321 0.864453 0.343634 0.271093
0 0.572214 0.5 0.855573 1
0 0.111959 0.733039 0.223918 0.324801
2 0.832939 0.240261 0.334122 0.480523
1 0.594469 0.727041 0.484801 0.284132
0 0.708633 0.904089 0.541217 0.191822
0 0.43616 0.923789 0.473013 0.152422
4 0.573956 0.396432 0.80033 0.792864
1 0.478381 0.735456 0.492095 0.288887
0 0.923363 0.699946 0.153275 0.310068
4 0.89304 0.592629 0.213919 0.349086
0 0.364677 0.916127 0.474559 0.167745
4 0.172095 0.182714 0.344189 0.365429
3 0.111959 0.733039 0.223918 0.324801
4 0.235411 0.911917 0.470822 0.176166
2 0.905579 0.775804 0.188843 0.448392
4 0.43616 0.923789 0.473013 0.152422
2 0.415629 0.5 0.831259 1
3 0.113501 0.140193 0.227002 0.280387
2 0.824673 0.787108 0.350654 0.314111
4 0.638939 0.818505 0.646524 0.36299
0 0.848998 0.797474 0.302004 0.405053
3 0.471408 0.5 0.882398 1
3 0.108563 0.676176 0.217126 0.432293
2 0.291006 0.780003 0.466729 0.204823
0 0.790864 0.216597 0.418271 0.433193
3 0.121467 0.183851 0.242934 0.367703
0 0.108996 0.143467 0.217992 0.286934
0 0.110629 0.800508 0.221258 0.398985
3 0.584621 0.396781 0.830758 0.793563
1 0.35035 0.147947 0.619544 0.295895
2 0.11786 0.831254 0.235719 0.337491
2 0.121467 0.183851 0.242934 0.367703
0 0.49009 0.971229 0.276821 0.0575428
2 0.791751 0.11625 0.416499 0.232499
3 0.832939 0.240261 0.334122 0.480523
4 0.476189 0.818209 0.553571 0.363581
0 0.104158 0.597068 0.208317 0.515596
4 0.174352 0.743159 0.347239 0.331436
3 0.867939 0.482977 0.264121 0.276262
0 0.417971 0.968031 0.288977 0.063938
2 0.108996 0.143467 0.217992 0.286934
3 0.121262 0.339264 0.242524 0.678527
3 0.257422 0.287931 0.514844 0.575862
1 0.774863 0.651123 0.450274 0.421737
2 0.110629 0.800508 0.221258 0.398985
4 0.867939 0.482977 0.264121 0.276262
0 0.874841 0.716052 0.250318 0.299488
0 0.758273 0.140725 0.483454 0.28145
0 0.138116 0.743417 0.275429 0.327414
0 0.291006 0.780003 0.466729 0.204823
3 0.725644 0.424737 0.548712 0.849474
2 0.107483 0.828882 0.214965 0.342235
2 0.848998 0.797474 0.302004 0.405053
0 0.102835 0.453035 0.205671 0.574041
3 0.291006 0.780003 0.466729 0.204823
4 0.62096 0.426577 0.75808 0.853153
2 0.847901 0.304131 0.304198 0.608262
0 0.202637 0.784557 0.403919 0.19942
0 0.206265 0.134278 0.412531 0.268557
4 0.307649 0.91296 0.508056 0.17408
3 0.790864 0.216597 0.418271 0.433193
4 0.540995 0.917971 0.485863 0.164057
4 0.206265 0.134278 0.412531 0.268557
4 0.110525 0.105911 0.22105 0.211822
3 0.145456 0.234603 0.290913 0.469205
0 0.264517 0.202965 0.529033 0.40593
2 0.362687 0.363255 0.717984 0.721441
4 0.121467 0.183851 0.242934 0.367703
4 0.150027 0.386839 0.0171119 0.0374256
1 0.119377 0.403491 0.238754 0.591034
3 0.158458 0.215042 0.00765133 0.0187219
0 0.803027 0.308466 0.0884945 0.0773849
3 0.60863 0.419686 0.00693436 0.0246531
1 0.20639 0.729526 0.40915 0.307725
0 0.719074 0.0448128 0.276716 0.0896256
0 0.803311 0.369822 0.100986 0.197994
1 0.11718 0.742641 0.234306 0.342412
1 0.200543 0.62287 0.398462 0.130956
0 0.83923 0.192465 0.0388252 0.032236
0 0.813395 0.392505 0.11782 0.248152
2 0.138426 0.73255 0.27194 0.32033
1 0.199111 0.595496 0.393694 0.174968
2 0.135818 0.621812 0.267802 0.16017
0 0.167763 0.00923678 0.332949 0.0184736
2 0.117108 0.788276 0.233352 0.400977
2 0.20639 0.729526 0.40915 0.307725
0 0.801875 0.328079 0.0903254 0.112114
0 0.766743 0.04252 0.306165 0.0850399
1 0.135818 0.621812 0.267802 0.16017
1 0.891374 0.775076 0.217251 0.449847
1 0.772212 0.691747 0.455576 0.341478
2 0.934794 0.807023 0.130412 0.385953
1 0.934794 0.807023 0.130412 0.385953
1 0.891634 0.682418 0.216732 0.260985
0 0.50757 0.0520231 0.25072 0.104046
3 0.157323 0.225126 0.0102399 0.0332313
0 0.834953 0.885671 0.330094 0.228658
0 0.103689 0.74973 0.207377 0.428181
0 0.802878 0.295475 0.0903785 0.0556246
0 0.891374 0.775076 0.217251 0.449847
0 0.830002 0.280459 0.0481182 0.0428279
0 0.872053 0.852095 0.255895 0.29581
0 0.670519 0.0422895 0.279154 0.0845789
1 0.872053 0.852095 0.255895 0.29581
0 0.871035 0.91026 0.25793 0.179479
2 0.200543 0.62287 0.398462 0.130956
1 0.20453 0.855477 0.394957 0.289046
2 0.202239 0.827183 0.395217 0.345634
1 0.949476 0.903824 0.101048 0.192352
0 0.798153 0.781802 0.403694 0.436397
1 0.108757 0.0630541 0.217515 0.126108
1 0.136986 0.819323 0.265846 0.361354
0 0.772995 0.154217 0.45401 0.308433
2 0.792392 0.783129 0.415215 0.433741
0 0.101826 0.814807 0.203652 0.370385
0 0.223322 0.626024 0.446644 0.132419
0 0.83606 0.282851 0.0422577 0.0409105
1 0.110939 0.17019 0.221879 0.34038
1 0.14127 0.584994 0.278103 0.19796
1 0.856849 0.704184 0.286301 0.308551
1 0.967996 0.670806 0.0640087 0.271655
0 0.887992 0.686752 0.224017 0.28208
2 0.872053 0.852095 0.255895 0.29581
1 0.120098 0.643726 0.237382 0.269017
1 0.97059 0.0877423 0.0588194 0.175485
2 0.834953 0.885671 0.330094 0.228658
0 0.11718 0.742641 0.234306 0.342412
0 0.830181 0.408973 0.152532 0.219133
2 0.14127 0.584994 0.278103 0.19796
1 0.816126 0.779482 0.367749 0.441035
2 0.78537 0.726659 0.429259 0.310426
1 0.256769 0.801541 0.51045 0.396918
0 0.0829897 0.0743952 0.165979 0.14879
0 0.789 0.543988 0.407045 0.537862
0 0.269106 0.469873 0.538211 0.939747
0 0.97059 0.0877423 0.0588194 0.175485
1 0.147579 0.181145 0.295157 0.36229
0 0.960943 0.706582 0.0781145 0.316428
3 0.159026 0.527073 0.313368 0.312624
3 0.949476 0.903824 0.101048 0.192352
3 0.135818 0.621812 0.267802 0.16017
0 0.0848249 0.583738 0.16965 0.299532
1 0.103276 0.783716 0.206552 0.432569
1 0.948268 0.76284 0.103464 0.436383
1 0.19132 0.358868 0.38264 0.717736
1 0.946003 0.145927 0.107995 0.291854
0 0.248878 0.322281 0.473638 0.644563
0 0.159026 0.527073 0.313368 0.312624
2 0.891374 0.775076 0.217251 0.449847
1 0.90962 0.594521 0.180761 0.29349
1 0.200737 0.517721 0.396451 0.370265
2 0.302279 0.356097 0.604558 0.712194
0 0.126047 0.0173709 0.23818 0.0347417
0 0.345357 0.625596 0.335404 0.135046
0 0.443983 0.62627 0.284803 0.139935
0 0.797659 0.276574 0.404682 0.553148
0 0.78537 0.726659 0.429259 0.310426
0 0.711959 0.560679 0.576082 0.616186
0 0.936886 0.77283 0.126228 0.454341
0 0.24271 0.00886948 0.335856 0.017739
1 0.817818 0.144827 0.364364 0.289654
0 0.0768483 0.340596 0.153697 0.681191
4 0.159026 0.527073 0.313368 0.312624
3 0.355487 0.341262 0.00670338 0.020954
3 0.133402 0.785788 0.260551 0.394362
0 0.665049 0.859355 0.34485 0.28129
3 0.479809 0.366505 0.652962 0.73301
1 0.159026 0.527073 0.313368 0.312624
0 0.136986 0.819323 0.265846 0.361354
0 0.946003 0.145927 0.107995 0.291854
1 0.210928 0.894395 0.421856 0.211209
0 0.0998687 0.657509 0.199737 0.346627
0 0.638967 0.394734 0.722066 0.789468
2 0.256769 0.801541 0.51045 0.396918
2 0.97059 0.0877423 0.0588194 0.175485
1 0.126047 0.0173709 0.23818 0.0347417
3 0.14127 0.584994 0.278103 0.19796
4 0.479809 0.366505 0.652962 0.73301
1 0.797659 0.276574 0.404682 0.553148
1 0.841923 0.468821 0.316154 0.431246
0 0.529228 0.5 0.941544 1
1 0.0829897 0.0743952 0.165979 0.14879
0 0.599392 0.874195 0.341757 0.251611
3 0.20453 0.855477 0.394957 0.289046
0 0.0485693 0.479197 0.0853841 0.0762344
0 0.369949 0.00620424 0.341511 0.0124085
0 0.635984 0.679917 0.378164 0.234383
2 0.479809 0.366505 0.652962 0.73301
1 0.894499 0.216434 0.211001 0.432868
0 0.799654 0.331677 0.400693 0.610998
0 0.755024 0.852974 0.365376 0.294051
2 0.199111 0.595496 0.393694 0.174968
0 0.67503 0.296852 0.503451 0.593704
0 0.828346 0.473981 0.141428 0.243719
0 0.14127 0.584994 0.278103 0.19796
0 0.552499 0.665812 0.437473 0.211337
0 0.689026 0.711586 0.389908 0.295114
0 0.612633 0.169212 0.321049 0.338425
1 0.652227 0.72412 0.430621 0.29722
3 0.200737 0.517721 0.396451 0.370265
1 0.789 0.543988 0.407045 0.537862
2 0.652227 0.72412 0.430621 0.29722
1 0.443983 0.62627 0.284803 0.139935
0 0.135818 0.621812 0.267802 0.16017
0 0.479809 0.366505 0.652962 0.73301
0 0.489394 0.86834 0.360194 0.26332
0 0.20238 0.391152 0.401095 0.782304
0 0.333036 0.5 0.666071 1
0 0.2099 0.855257 0.419799 0.289486
0 0.20639 0.729526 0.40915 0.307725
1 0.799654 0.331677 0.400693 0.610998
3 0.235551 0.456646 0.456813 0.505195
3 0.587479 0.388398 0.706376 0.776796
2 0.789 0.543988 0.407045 0.537862
2 0.310149 0.663482 0.620297 0.546046
0 0.545253 0.0239641 0.209563 0.0479282
2 0.2099 0.855257 0.419799 0.289486
1 0.479809 0.366505 0.652962 0.73301
1 0.413972 0.899181 0.347049 0.201637
0 0.246078 0.576316 0.492156 0.629294
0 0.573119 0.0484572 0.217429 0.0969143
3 0.895402 0.906838 0.209197 0.186325
0 0.147579 0.181145 0.295157 0.36229
4 0.573119 0.0484572 0.217429 0.0969143
2 0.110939 0.17019 0.221879 0.34038
0 0.413972 0.899181 0.347049 0.201637
0 0.275618 0.600654 0.551237 0.451021
0 0.830599 0.705515 0.338803 0.310996
3 0.824347 0.906463 0.351306 0.187074
4 0.110939 0.17019 0.221879 0.34038
1 0.337135 0.898213 0.397421 0.203574
4 0.545253 0.0239641 0.209563 0.0479282
0 0.440428 0.0956294 0.177083 0.19104
2 0.103689 0.74973 0.207377 0.428181
1 0.834953 0.885671 0.330094 0.228658
3 0.76448 0.900121 0.415433 0.199758
0 0.427445 0.865829 0.392319 0.268343
0 0.0518601 0.46956 0.0758426 0.0526333
1 0.512449 0.454715 0.910856 0.90943
3 0.284255 0.363174 0.539065 0.726348
1 0.515681 0.902814 0.337589 0.194373
3 0.677231 0.900712 0.356133 0.198577
2 0.200737 0.517721 0.396451 0.370265
4 0.20453 0.855477 0.394957 0.289046
2 0.246078 0.576316 0.492156 0.629294
0 0.0743992 0.535497 0.148798 0.354006
4 0.51308 0.0187434 0.211807 0.0374868
4 0.284255 0.363174 0.539065 0.726348
2 0.151778 0.806899 0.298559 0.386202
1 0.51308 0.0187434 0.211807 0.0374868
1 0.472892 0.0169016 0.193144 0.0338032
2 0.946003 0.145927 0.107995 0.291854
0 0.90962 0.594521 0.180761 0.29349
0 0.0875136 0.314888 0.175027 0.629776
4 0.235551 0.456646 0.456813 0.505195
3 0.210928 0.894395 0.421856 0.211209
0 0.277519 0.852624 0.500574 0.294752
2 0.817818 0.144827 0.364364 0.289654
2 0.665049 0.859355 0.34485 0.28129
0 0.958992 0.872109 0.0820156 0.255782
1 0.677231 0.900712 0.356133 0.198577
3 0.615294 0.905653 0.334271 0.188693
1 0.895402 0.906838 0.209197 0.186325
2 0.967996 0.670806 0.0640087 0.271655
0 0.0937506 0.153955 0.187501 0.307909
0 0.110939 0.17019 0.221879 0.34038
0 0.515681 0.902814 0.337589 0.194373
0 0.697056 0.5 0.605888 1
1 0.234381 0.0111779 0.243975 0.0223559
0 0.581018 0.0446219 0.304041 0.0892439
0 0.484457 0.0650464 0.318037 0.130093
0 0.414157 0.597253 0.306305 0.101931
1 0.284255 0.363174 0.539065 0.726348
4 0.587479 0.388398 0.706376 0.776796
0 0.46224 0.636004 0.369635 0.158805
3 0.381191 0.170647 0.0162618 0.0535249
0 0.337135 0.898213 0.397421 0.203574
3 0.665049 0.859355 0.34485 0.28129
1 0.837632 0.620437 0.324736 0.362154
0 0.235551 0.456646 0.456813 0.505195
2 0.0937506 0.153955 0.187501 0.307909
3 0.35949 0.246519 0.0116333 0.0319941
3 0.413972 0.899181 0.347049 0.201637
0 0.444794 0.010504 0.341665 0.0210079
2 0.797659 0.276574 0.404682 0.553148
1 0.097272 0.720642 0.194544 0.427353
0 0.51308 0.0187434 0.211807 0.0374868
2 0.56536 0.731467 0.454247 0.309483
4 0.841923 0.468821 0.316154 0.431246
1 0.615294 0.905653 0.334271 0.188693
0 0.894499 0.216434 0.211001 0.432868
1 0.755024 0.852974 0.365376 0.294051
3 0.147579 0.181145 0.295157 0.36229
0 0.200737 0.517721 0.396451 0.370265
1 0.724796 0.717192 0.443325 0.285145
4 0.0937506 0.153955 0.187501 0.307909
0 0.310149 0.663482 0.620297 0.546046
3 0.515681 0.902814 0.337589 0.194373
2 0.115241 0.262232 0.230481 0.524464
0 0.202239 0.827183 0.395217 0.345634
0 0.837632 0.620437 0.324736 0.362154
2 0.406448 0.74773 0.500012 0.327326
2 0.755024 0.852974 0.365376 0.294051
4 0.837632 0.620437 0.324736 0.362154
4 0.246078 0.576316 0.492156 0.629294
0 0.35945 0.011576 0.134339 0.0231519
1 0.0848249 0.583738 0.16965 0.299532
4 0.806276 0.533866 0.387449 0.492928
1 0.76448 0.900121 0.415433 0.199758
2 0.379127 0.855646 0.401295 0.288708
4 0.548424 0.616414 0.678871 0.609898
4 0.210928 0.894395 0.421856 0.211209
4 0.310149 0.663482 0.620297 0.546046
3 0.707857 0.288497 0.534905 0.576993
0 0.192916 0.252498 0.384747 0.504995
4 0.275618 0.600654 0.551237 0.451021
4 0.136986 0.819323 0.265846 0.361354
1 0.665049 0.859355 0.34485 0.28129
0 0.142574 0.0257117 0.285148 0.0514233
0 0.162933 0.0126378 0.236146 0.0252755
2 0.147579 0.181145 0.295157 0.36229
2 0.413972 0.899181 0.347049 0.201637
1 0.162933 0.0126378 0.236146 0.0252755
2 0.949476 0.903824 0.101048 0.192352
2 0.799654 0.331677 0.400693 0.610998
3 0.599392 0.874195 0.341757 0.251611
3 0.379127 0.855646 0.401295 0.288708
4 0.612633 0.169212 0.321049 0.338425
4 0.949476 0.903824 0.101048 0.192352
2 0.894499 0.216434 0.211001 0.432868
4 0.147579 0.181145 0.295157 0.36229
0 0.747675 0.333112 0.504649 0.666224
1 0.345357 0.625596 0.335404 0.135046
2 0.802922 0.327863 0.0859556 0.105932
2 0.599392 0.874195 0.341757 0.251611
0 0.87572 0.482667 0.248559 0.138489
1 0.67503 0.296852 0.503451 0.593704
0 0.967996 0.670806 0.0640087 0.271655
1 0.344 0.77651 0.668943 0.399911
4 0.413972 0.899181 0.347049 0.201637
3 0.56536 0.731467 0.454247 0.309483
2 0.159026 0.527073 0.313368 0.312624
3 0.755024 0.852974 0.365376 0.294051
2 0.587479 0.388398 0.706376 0.776796
3 0.561949 0.452651 0.876101 0.905302
3 0.652227 0.72412 0.430621 0.29722
0 0.615294 0.905653 0.334271 0.188693
1 0.285747 0.0116828 0.183996 0.0233656
1 0.545253 0.0239641 0.209563 0.0479282
4 0.97059 0.0877423 0.0588194 0.175485
1 0.56536 0.731467 0.454247 0.309483
2 0.235551 0.456646 0.456813 0.505195
0 0.305248 0.0122293 0.185528 0.0244586
4 0.707857 0.288497 0.534905 0.576993
1 0.587479 0.388398 0.706376 0.776796
0 0.657058 0.193298 0.0397034 0.0408168
3 0.97059 0.0877423 0.0588194 0.175485
3 0.76431 0.718327 0.466534 0.293009
0 0.45579 0.742114 0.47976 0.317575
1 0.490067 0.660173 0.456055 0.204228
1 0.0768483 0.340596 0.153697 0.681191
2 0.545253 0.0239641 0.209563 0.0479282
4 0.200737 0.517721 0.396451 0.370265
2 0.0829897 0.0743952 0.165979 0.14879
2 0.841923 0.468821 0.316154 0.431246
1 0.379127 0.855646 0.401295 0.288708
3 0.841923 0.468821 0.316154 0.431246
2 0.275618 0.600654 0.551237 0.451021
0 0.415766 0.0133245 0.152109 0.0266491
2 0.677231 0.900712 0.356133 0.198577
0 0.492086 0.0802324 0.314786 0.160465
1 0.168883 0.722941 0.333277 0.31778
1 0.171606 0.624094 0.339644 0.156899
1 0.776782 0.507353 0.444367 0.510447
1 0.850855 0.486616 0.297049 0.445651
1 0.23374 0.700531 0.464517 0.288193
2 0.842518 0.332954 0.313486 0.665908
1 0.842518 0.332954 0.313486 0.665908
0 0.0483213 0.468499 0.087583 0.0623954
1 0.224667 0.611786 0.443721 0.141461
0 0.120131 0.732699 0.235396 0.335405
2 0.858065 0.489639 0.282019 0.44347
2 0.171606 0.624094 0.339644 0.156899
2 0.168883 0.722941 0.333277 0.31778
3 0.130153 0.139806 0.00627489 0.0266236
4 0.30877 0.429145 0.0277597 0.0717174
0 0.00112003 0.789722 0.00224006 0.420557
1 0.120131 0.732699 0.235396 0.335405
2 0.120131 0.732699 0.235396 0.335405
0 0.842518 0.332954 0.313486 0.665908
2 0.776782 0.507353 0.444367 0.510447
2 0.229915 0.628284 0.449734 0.167794
0 0.812719 0.171194 0.373394 0.342388
0 0.798878 0.294703 0.101187 0.0585652
0 0.00647117 0.486468 0.0129423 0.655697
0 0.872656 0.470942 0.254688 0.445923
0 0.347541 0.30551 0.680025 0.611019
0 0.00622102 0.593624 0.012442 0.633647
3 0.47715 0.245626 0.330503 0.491252
1 0.0198205 0.729019 0.039641 0.535365
0 0.00742633 0.67124 0.0148527 0.554568
1 0.147389 0.658226 0.287839 0.211083
2 0.137036 0.590337 0.267689 0.186345
3 0.315219 0.451853 0.630439 0.903705
1 0.218105 0.773022 0.431098 0.251381
0 0.781098 0.493807 0.437805 0.463197
0 0.120599 0.78418 0.238323 0.431639
0 0.903652 0.199348 0.192696 0.398697
0 0.0198205 0.729019 0.039641 0.535365
0 0.0545151 0.779859 0.10903 0.440281
4 0.47715 0.245626 0.330503 0.491252
1 0.18708 0.367765 0.364258 0.626122
4 0.472332 0.285395 0.430909 0.570789
0 0.147389 0.658226 0.287839 0.211083
2 0.218105 0.773022 0.431098 0.251381
1 0.372742 0.406999 0.659305 0.813999
1 0.00742633 0.67124 0.0148527 0.554568
2 0.372742 0.406999 0.659305 0.813999
2 0.47715 0.245626 0.330503 0.491252
0 0.354245 0.417088 0.708489 0.834176
0 0.806553 0.256556 0.386147 0.513113
4 0.372742 0.406999 0.659305 0.813999
1 0.202261 0.282307 0.394739 0.564614
0 0.47715 0.245626 0.330503 0.491252
0 0.895725 0.112269 0.20855 0.224539
1 0.255185 0.266523 0.51037 0.533047
1 0.901038 0.35397 0.197925 0.633398
2 0.23374 0.700531 0.464517 0.288193
1 0.137036 0.590337 0.267689 0.186345
0 0.05192 0.487914 0.0976815 0.0994853
0 0.00200244 0.144074 0.00400488 0.288148
3 0.347541 0.30551 0.680025 0.611019
4 0.503522 0.243945 0.261731 0.465419
2 0.804401 0.145067 0.391198 0.290134
0 0.957863 0.114452 0.0842737 0.228904
1 0.165414 0.793025 0.322132 0.41395
0 0.836044 0.681659 0.327912 0.364515
3 0.157804 0.216362 0.00897927 0.0197107
4 0.340384 0.276454 0.635782 0.552908
0 0.189613 0.278355 0.372648 0.55671
4 0.799011 0.19939 0.401977 0.398781
0 0.0388429 0.224165 0.046735 0.102709
1 0.827764 0.761143 0.344472 0.477714
0 0.827202 0.120616 0.345596 0.241232
0 0.902551 0.438292 0.194898 0.526462
0 0.910405 0.743745 0.179189 0.51251
1 0.90301 0.491585 0.193981 0.520369
4 0.595994 0.243614 0.355606 0.487228
0 0.137036 0.590337 0.267689 0.186345
1 0.272249 0.783751 0.544499 0.432499
1 0.556223 0.231228 0.31889 0.462455
4 0.823188 0.129517 0.351141 0.259034
2 0.283011 0.320941 0.566022 0.641882
0 0.169882 0.8272 0.329746 0.3456
0 0.109824 0.533494 0.217481 0.453113
1 0.899804 0.786691 0.200393 0.426618
3 0.823188 0.129517 0.351141 0.259034
3 0.503522 0.243945 0.261731 0.465419
2 0.217452 0.869488 0.434904 0.261024
1 0.806553 0.256556 0.386147 0.513113
1 0.472332 0.285395 0.430909 0.570789
0 0.0260842 0.131046 0.0521684 0.262092
4 0.189613 0.278355 0.372648 0.55671
0 0.472332 0.285395 0.430909 0.570789
1 0.208758 0.833877 0.414193 0.332247
1 0.877718 0.265001 0.244565 0.530002
1 0.895725 0.112269 0.20855 0.224539
4 0.283011 0.320941 0.566022 0.641882
2 0.472332 0.285395 0.430909 0.570789
0 0.229915 0.628284 0.449734 0.167794
3 0.472332 0.285395 0.430909 0.570789
0 0.0464816 0.261398 0.0929631 0.522796
2 0.801391 0.333894 0.0933243 0.110832
0 0.915559 0.82286 0.168881 0.35428
0 0.855679 0.216715 0.288643 0.43343
0 0.503522 0.243945 0.261731 0.465419
0 0.913378 0.557471 0.173243 0.589887
2 0.340384 0.276454 0.635782 0.552908
3 0.808714 0.192012 0.37798 0.384025
0 0.0103277 0.316893 0.0206554 0.633785
2 0.668177 0.733737 0.663646 0.33309
1 0.47715 0.245626 0.330503 0.491252
1 0.836044 0.681659 0.327912 0.364515
1 0.812719 0.171194 0.373394 0.342388
0 0.90199 0.694154 0.196019 0.336775
4 0.751157 0.872221 0.497687 0.255557
0 0.00133777 0.698587 0.00267555 0.48012
0 0.850686 0.548325 0.298627 0.605659
2 0.202261 0.282307 0.394739 0.564614
0 0.595994 0.243614 0.355606 0.487228
1 0.00622102 0.593624 0.012442 0.633647
3 0.202261 0.282307 0.394739 0.564614
1 0.712352 0.852204 0.516042 0.295593
1 0.00647117 0.486468 0.0129423 0.655697
0 0.084024 0.321684 0.168048 0.643367
4 0.534432 0.10387 0.254634 0.207741
1 0.827202 0.120616 0.345596 0.241232
0 0.251183 0.353149 0.488463 0.654922
0 0.852437 0.177275 0.0668812 0.0679242
0 0.827764 0.761143 0.344472 0.477714
3 0.556223 0.231228 0.31889 0.462455
2 0.556223 0.231228 0.31889 0.462455
1 0.217091 0.876088 0.423016 0.247825
1 0.377645 0.742121 0.601054 0.325681
2 0.147389 0.658226 0.287839 0.211083
1 0.668177 0.733737 0.663646 0.33309
0 0.773192 0.852865 0.453615 0.294271
0 0.764068 0.714755 0.471864 0.278714
0 0.217091 0.876088 0.423016 0.247825
1 0.0260842 0.131046 0.0521684 0.262092
1 0.363901 0.619381 0.473825 0.155027
1 0.661978 0.579051 0.675001 0.452338
2 0.261092 0.173582 0.519975 0.347163
2 0.806553 0.256556 0.386147 0.513113
2 0.339238 0.468857 0.678475 0.937713
0 0.534432 0.10387 0.254634 0.207741
1 0.764068 0.714755 0.471864 0.278714
1 0.503522 0.243945 0.261731 0.465419
0 0.901101 0.28172 0.197797 0.563439
4 0.327234 0.498238 0.654468 0.996476
0 0.41363 0.850547 0.426554 0.298905
2 0.899804 0.786691 0.200393 0.426618
4 0.483898 0.10508 0.369685 0.21016
3 0.00181451 0.829502 0.00362902 0.340996
2 0.0198205 0.729019 0.039641 0.535365
4 0.228746 0.272344 0.457492 0.544688
2 0.762312 0.714128 0.474766 0.298481
4 0.728593 0.350136 0.532919 0.700271
3 0.796319 0.332349 0.407363 0.664699
2 0.649148 0.495643 0.701705 0.991287
0 0.483898 0.10508 0.369685 0.21016
2 0.363901 0.619381 0.473825 0.155027
2 0.503522 0.243945 0.261731 0.465419
0 0.776305 0.21007 0.353946 0.420141
1 0.436253 0.621502 0.488878 0.179383
2 0.728593 0.350136 0.532919 0.700271
4 0.712352 0.852204 0.516042 0.295593
2 0.895725 0.112269 0.20855 0.224539
2 0.850686 0.548325 0.298627 0.605659
0 0.723741 0.108617 0.361357 0.217235
3 0.217452 0.869488 0.434904 0.261024
1 0.751157 0.872221 0.497687 0.255557
1 0.109824 0.533494 0.217481 0.453113
2 0.90301 0.491585 0.193981 0.520369
3 0.728593 0.350136 0.532919 0.700271
2 0.18708 0.367765 0.364258 0.626122
0 0.0564384 0.219353 0.112877 0.438706
2 0.661978 0.579051 0.675001 0.452338
0 0.148516 0.361846 0.290383 0.591144
3 0.780695 0.881782 0.438611 0.236436
0 0.689554 0.851051 0.594795 0.297898
0 0.847695 0.276598 0.0651382 0.0584298
2 0.901038 0.35397 0.197925 0.633398
0 0.243211 0.177991 0.486423 0.355981
1 0.0103277 0.316893 0.0206554 0.633785
1 0.517154 0.855172 0.455983 0.289655
2 0.475317 0.76504 0.439031 0.226322
3 0.218105 0.773022 0.431098 0.251381
1 0.90199 0.694154 0.196019 0.336775
0 0.728593 0.350136 0.532919 0.700271
0 0.517154 0.855172 0.455983 0.289655
1 0.910309 0.701563 0.179381 0.514479
4 0.801985 0.885081 0.39603 0.229839
4 0.218105 0.773022 0.431098 0.251381
1 0.252278 0.783723 0.504557 0.302258
1 0.0464816 0.261398 0.0929631 0.522796
0 0.222126 0.899223 0.444252 0.201554
3 0.901535 0.870636 0.19693 0.258728
2 0.0545151 0.779859 0.10903 0.440281
1 0.901535 0.870636 0.19693 0.258728
2 0.590973 0.758873 0.426247 0.243417
4 0.723741 0.108617 0.361357 0.217235
3 0.148336 0.736931 0.288118 0.310125
0 0.545981 0.225864 0.281308 0.451728
2 0.751157 0.872221 0.497687 0.255557
0 0.898955 0.837819 0.202091 0.324362
0 0.320026 0.852408 0.50122 0.295183
2 0.208758 0.833877 0.414193 0.332247
4 0.852002 0.178928 0.295996 0.357857
0 0.801985 0.885081 0.39603 0.229839
1 0.900131 0.231391 0.199738 0.462782
1 0.728593 0.350136 0.532919 0.700271
2 0.689554 0.851051 0.594795 0.297898
3 0.299357 0.346345 0.535656 0.69269
0 0.594902 0.861667 0.486028 0.276667
1 0.377858 0.769223 0.424166 0.230043
0 0.145817 0.767861 0.285022 0.390534
1 0.516608 0.625892 0.559192 0.210925
4 0.713261 0.15596 0.499219 0.31192
2 0.252278 0.783723 0.504557 0.302258
0 0.0160795 0.234546 0.0321589 0.469092
1 0.17606 0.838929 0.338587 0.322142
1 0.493869 0.743338 0.588127 0.307293
4 0.261092 0.173582 0.519975 0.347163
2 0.534432 0.10387 0.254634 0.207741
2 0.836044 0.681659 0.327912 0.364515
0 0.805499 0.281234 0.114043 0.0519788
1 0.855679 0.216715 0.288643 0.43343
4 0.915559 0.82286 0.168881 0.35428
0 0 0.1305 0 0.261001
0 0.288257 0.469616 0.565557 0.939232
0 0.00149406 0.214633 0.00298813 0.429266
1 0.827879 0.864258 0.344243 0.271483
3 0.715075 0.743371 0.556792 0.300989
1 0.299357 0.346345 0.535656 0.69269
2 0.281673 0.619993 0.510905 0.140921
3 0.131577 0.133017 0.263153 0.266034
1 0.633932 0.854901 0.454189 0.290197
4 0.630961 0.11277 0.599684 0.225541
3 0.229915 0.628284 0.449734 0.167794
1 0.222126 0.899223 0.444252 0.201554
3 0.228746 0.272344 0.457492 0.544688
2 0.534764 0.738659 0.58671 0.302741
0 0.363901 0.619381 0.473825 0.155027
2 0.713261 0.15596 0.499219 0.31192
0 0.840342 0.186361 0.0451389 0.0493801
0 0.260228 0.850102 0.520456 0.299795
2 0.779999 0.793107 0.440001 0.413786
4 0.796319 0.332349 0.407363 0.664699
4 0.217452 0.869488 0.434904 0.261024
1 0.957863 0.114452 0.0842737 0.228904
4 0.901535 0.870636 0.19693 0.258728
3 0.137036 0.590337 0.267689 0.186345
0 0.715075 0.743371 0.556792 0.300989
0 0.661978 0.579051 0.675001 0.452338
2 0.0260842 0.131046 0.0521684 0.262092
4 0.957863 0.114452 0.0842737 0.228904
0 0.836587 0.277055 0.0485249 0.0581533
1 0.41363 0.850547 0.426554 0.298905
3 0.169882 0.8272 0.329746 0.3456
2 0.827764 0.761143 0.344472 0.477714
3 0.630961 0.11277 0.599684 0.225541
0 0.385419 0.127601 0.435254 0.255202
1 0.131577 0.133017 0.263153 0.266034
2 0.436253 0.621502 0.488878 0.179383
0 0.255185 0.266523 0.51037 0.533047
0 0.649148 0.495643 0.701705 0.991287
1 0.258886 0.855048 0.517772 0.289905
1 0.339238 0.468857 0.678475 0.937713
2 0.288257 0.469616 0.565557 0.939232
2 0.801985 0.885081 0.39603 0.229839
1 0.60763 0.482376 0.624943 0.964753
0 0.261092 0.173582 0.519975 0.347163
0 0.0910431 0.131736 0.182086 0.263472
3 0.00117019 0.76987 0.00234039 0.460259
1 0.679794 0.602902 0.640412 0.268613
2 0.377858 0.769223 0.424166 0.230043
4 0.131577 0.133017 0.263153 0.266034
3 0.712352 0.852204 0.516042 0.295593
0 0.713261 0.15596 0.499219 0.31192
4 0.85816 0.339873 0.283679 0.679746
2 0.437746 0.743705 0.557783 0.309999
1 0.776305 0.21007 0.353946 0.420141
2 0.957863 0.114452 0.0842737 0.228904
0 0.740505 0.457708 0.518991 0.555269
0 0.487513 0.505602 0.712529 0.988796
3 0.252278 0.783723 0.504557 0.302258
0 0.590973 0.758873 0.426247 0.243417
2 0.272249 0.783751 0.544499 0.432499
4 0.895725 0.112269 0.20855 0.224539
3 0.779999 0.793107 0.440001 0.413786
2 0.145817 0.767861 0.285022 0.390534
1 0.340384 0.276454 0.635782 0.552908
2 0.169882 0.8272 0.329746 0.3456
2 0.120599 0.78418 0.238323 0.431639
3 0.713261 0.15596 0.499219 0.31192
1 0.915559 0.82286 0.168881 0.35428
2 0.497218 0.119065 0.327621 0.23813
3 0.858065 0.489639 0.282019 0.44347
0 0.281673 0.619993 0.510905 0.140921
0 0.795492 0.314355 0.0993078 0.0960799
4 0.308279 0.42695 0.0264313 0.0616312
4 0.0501728 0.466548 0.0818293 0.0587012
4 0.0778896 0.473706 0.0269309 0.0679023
4 0.120994 0.443449 0.0139601 0.0314527
0 0.745689 0.326997 0.199452 0.118563
4 0.365933 0.474343 0.0278358 0.0457389
4 0.13099 0.505031 0.0133708 0.0280495
3 0.795492 0.314355 0.0993078 0.0960799
0 0.894674 0.212536 0.210653 0.425072
4 0.125822 0.443038 0.0164493 0.0316103
0 0.506552 0.225343 0.250675 0.450686
0 0.292766 0.145848 0.579947 0.291696
0 0.515216 0.0814673 0.234734 0.162935
0 0.809221 0.283262 0.361967 0.234809
0 0.900985 0.733512 0.198029 0.532976
4 0.226214 0.877131 0.445279 0.245739
4 0.359834 0.247794 0.0113842 0.0326894
4 0.152257 0.407459 0.0173049 0.0668173
4 0.310483 0.273829 0.0250949 0.034484
0 0.888692 0.627341 0.222616 0.259998
0 0.812519 0.786124 0.374961 0.427751
0 0.697722 0.55885 0.604555 0.621076
0 0.145489 0.749977 0.285031 0.43669
0 0.195492 0.394108 0.383167 0.40033
0 0.257171 0.602009 0.509806 0.669795
0 0.134898 0.62863 0.264071 0.227733
0 0.733714 0.816911 0.532572 0.366178
0 0.79166 0.528975 0.416679 0.716388
0 0.714224 0.688909 0.571551 0.417099
0 0.814745 0.168266 0.370511 0.336532
0 0.411844 0.232955 0.43115 0.46591
1 0.251432 0.194325 0.490261 0.38865
0 0.219017 0.43572 0.430617 0.60078
0 0.910875 0.140273 0.17825 0.280547
1 0.23221 0.370978 0.4561 0.701406
4 0.211678 0.427837 0.0337486 0.070865
4 0.0545776 0.458637 0.0841827 0.0532915
0 0.219867 0.797574 0.432659 0.404852
0 0.892922 0.330412 0.214157 0.468041
1 0.0501728 0.466548 0.0818293 0.0587012
0 0.796522 0.608769 0.406955 0.327605
0 0.888144 0.504694 0.223711 0.433131
0 0.799239 0.8529 0.401522 0.2942
0 0.349138 0.5 0.659202 1
0 0.668726 0.808825 0.662547 0.38235
0 0.893282 0.434302 0.213437 0.388307
4 0.373064 0.5 0.699079 1
0 0.711718 0.228322 0.360663 0.456644
4 0.128486 0.459117 0.0158714 0.0516426
4 0.360216 0.481644 0.0167802 0.049522
0 0.243502 0.728663 0.481604 0.402201
3 0.226214 0.877131 0.445279 0.245739
0 0.884388 0.344557 0.231224 0.267939
0 0.122567 0.795049 0.235537 0.409902
0 0.752047 0.599919 0.494819 0.459097
0 0.23121 0.899485 0.44594 0.20103
0 0.908638 0.821818 0.182724 0.356364
4 0.831948 0.194162 0.336104 0.388324
0 0.231743 0.345798 0.452781 0.463514
0 0.11905 0.598845 0.232897 0.522498
0 0.634474 0.5 0.717599 1
0 0.633446 0.677242 0.714433 0.645517
0 0.275573 0.549614 0.551146 0.900772
0 0.734397 0.876809 0.531205 0.246383
1 0.807413 0.335718 0.0787109 0.137605
3 0.814871 0.429206 0.370259 0.348577
4 0.132396 0.495809 0.0176682 0.0422942
0 0.565478 0.55309 0.678996 0.89382
2 0.243502 0.728663 0.481604 0.402201
0 0.662575 0.409505 0.574149 0.819009
0 0.364661 0.264668 0.531517 0.529336
2 0.226214 0.877131 0.445279 0.245739
0 0.721634 0.761756 0.556732 0.446754
0 0.0880691 0.143008 0.176138 0.286015
0 0.288297 0.866632 0.576594 0.266736
3 0.251432 0.194325 0.490261 0.38865
4 0.23499 0.911814 0.458245 0.176372
0 0.557287 0.85806 0.590362 0.28388
0 0.563415 0.0712864 0.136452 0.142573
1 0.231743 0.345798 0.452781 0.463514
0 0.464297 0.5 0.683189 1
4 0.251432 0.194325 0.490261 0.38865
0 0.682979 0.666542 0.634043 0.642094
0 0.582218 0.0568872 0.0965948 0.113774
0 0.235055 0.634246 0.464496 0.187907
1 0.814451 0.202045 0.371097 0.404089
3 0.821258 0.338613 0.357484 0.154321
0 0.916513 0.742948 0.166973 0.404929
0 0.341164 0.390001 0.674164 0.780002
4 0.0722546 0.46217 0.0590064 0.0592635
0 0.904628 0.673394 0.190744 0.344408
1 0.888692 0.627341 0.222616 0.259998
3 0.23499 0.911814 0.458245 0.176372
0 0.796066 0.500023 0.407869 0.489807
0 0.105881 0.800492 0.211763 0.399016
3 0.288297 0.866632 0.576594 0.266736
1 0.932507 0.793233 0.134986 0.413534
3 0.213232 0.451223 0.421436 0.591141
0 0.367562 0.774727 0.650238 0.450546
0 0.474861 0.415788 0.326332 0.831575
0 0.100446 0.748614 0.200892 0.502771
4 0.734397 0.876809 0.531205 0.246383
1 0.820487 0.456927 0.357261 0.405255
0 0.797833 0.68813 0.404333 0.319981
4 0.288297 0.866632 0.576594 0.266736
0 0.43038 0.873323 0.55386 0.253354
1 0.904628 0.673394 0.190744 0.344408
1 0.893282 0.434302 0.213437 0.388307
0 0.440171 0.333051 0.378524 0.666102
0 0.516533 0.904026 0.54291 0.191947
0 0.0777473 0.496844 0.155495 0.553164
3 0.773036 0.207802 0.0385933 0.0524985
2 0.79166 0.528975 0.416679 0.716388
0 0.383472 0.459285 0.491959 0.918569
1 0.226364 0.850605 0.445059 0.298791
2 0.288297 0.866632 0.576594 0.266736
1 0.79166 0.528975 0.416679 0.716388
0 0.351639 0.5 0.703277 1
0 0.251432 0.194325 0.490261 0.38865
0 0.16574 0.799155 0.321327 0.40169
4 0.722183 0.784355 0.555635 0.431291
0 0.0858634 0.17628 0.171727 0.352561
0 0.619782 0.882797 0.554852 0.234407
3 0.649696 0.780034 0.700609 0.439933
2 0.333639 0.5 0.644372 1
0 0.115132 0.361062 0.220217 0.519903
0 0.704313 0.0485374 0.24502 0.0970748
0 0.0989868 0.658851 0.197974 0.546744
4 0.690394 0.855586 0.619213 0.288828
0 0.84577 0.234604 0.308459 0.431983
4 0.243502 0.728663 0.481604 0.402201
1 0.320649 0.785472 0.641298 0.429057
3 0.317749 0.323599 0.619031 0.647198
0 0.0376978 0.22607 0.0453531 0.106091
1 0.884388 0.344557 0.231224 0.267939
0 0.814871 0.429206 0.370259 0.348577
0 0.141604 0.464379 0.276844 0.478075
2 0.488706 0.23228 0.286235 0.464561
1 0.195492 0.394108 0.383167 0.40033
3 0.814745 0.168266 0.370511 0.336532
0 0.085501 0.583749 0.171002 0.574571
4 0.367948 0.784141 0.731044 0.431718
1 0.464297 0.5 0.683189 1
4 0.286197 0.5 0.572395 1
4 0.141304 0.43443 0.0238595 0.050189
2 0.690394 0.855586 0.619213 0.288828
4 0.331771 0.430428 0.603566 0.860855
4 0.884388 0.344557 0.231224 0.267939
4 0.814871 0.429206 0.370259 0.348577
4 0.123298 0.438167 0.0170982 0.0330077
4 0.488706 0.23228 0.286235 0.464561
1 0.349138 0.5 0.659202 1
4 0.302869 0.808447 0.605737 0.383106
2 0.814745 0.168266 0.370511 0.336532
0 0.398371 0.909837 0.532753 0.180326
4 0.893282 0.434302 0.213437 0.388307
4 0.152984 0.397045 0.0156755 0.0477293
0 0.078734 0.246238 0.157468 0.492477
4 0.633446 0.677242 0.714433 0.645517
1 0.691436 0.789232 0.617129 0.421536
0 0.117824 0.695741 0.230641 0.487526
1 0.690394 0.855586 0.619213 0.288828
0 0.694829 0.319006 0.132765 0.117529
0 0.467907 0.0882643 0.321055 0.176529
4 0.79166 0.528975 0.416679 0.716388
3 0.320649 0.785472 0.641298 0.429057
1 0.888144 0.504694 0.223711 0.433131
4 0.910875 0.140273 0.17825 0.280547
0 0.38976 0.124998 0.479067 0.249997
2 0.219017 0.43572 0.430617 0.60078
1 0.829875 0.821094 0.34025 0.357811
2 0.364661 0.264668 0.531517 0.529336
2 0.251432 0.194325 0.490261 0.38865
1 0.752047 0.599919 0.494819 0.459097
3 0.464297 0.5 0.683189 1
0 0.154428 0.932395 0.306972 0.135209
1 0.280449 0.533608 0.555884 0.932784
0 0.518362 0.815219 0.643848 0.369563
4 0.485496 0.549737 0.725061 0.900526
0 0.821118 0.087551 0.357764 0.175102
3 0.714224 0.688909 0.571551 0.417099
3 0.779478 0.543121 0.441044 0.608451
0 0.302869 0.808447 0.605737 0.383106
0 0.47388 0.775891 0.631475 0.448217
1 0.819762 0.327797 0.344266 0.152638
2 0.814871 0.429206 0.370259 0.348577
2 0.302869 0.808447 0.605737 0.383106
4 0.649696 0.780034 0.700609 0.439933
3 0.226231 0.816357 0.448087 0.367286
4 0.141604 0.464379 0.276844 0.478075
3 0.690394 0.855586 0.619213 0.288828
0 0.821258 0.338613 0.357484 0.154321
3 0.349138 0.5 0.659202 1
4 0.15166 0.414539 0.0191399 0.0865882
4 0.799239 0.8529 0.401522 0.2942
0 0.932507 0.793233 0.134986 0.413534
1 0.916513 0.742948 0.166973 0.404929
2 0.564505 0.804103 0.652113 0.391793
1 0.768075 0.774829 0.463116 0.450341
4 0.651904 0.309173 0.0529798 0.0939654
4 0.752047 0.599919 0.494819 0.459097
4 0.359692 0.362379 0.0155824 0.0534767
4 0.149278 0.39724 0.0180973 0.0514258
3 0.721634 0.761756 0.556732 0.446754
3 0.0005009 0.137082 0.0010018 0.274164
4 0.307952 0.430428 0.0256787 0.0717665
0 0.796274 0.317807 0.10549 0.0869783
0 0.483421 0.0782772 0.293847 0.156554
4 0.147324 0.388584 0.0177649 0.0406403
0 0.848983 0.27383 0.0704371 0.0621783
0 0.809219 0.0568783 0.379421 0.113757
0 0.863013 0.625583 0.273974 0.187918
0 0.42896 0.0744128 0.410364 0.148826
0 0.860246 0.800825 0.279509 0.398351
0 0.799155 0.242747 0.40169 0.442023
0 0.333677 0.568511 0.667353 0.525403
0 0.754573 0.051602 0.26957 0.103204
0 0.353662 0.540123 0.706756 0.888202
0 0.234799 0.877266 0.460955 0.182116
0 0.798707 0.335774 0.0996505 0.127405
0 0.74223 0.568714 0.515539 0.43494
0 0.3063 0.572776 0.612599 0.404662
0 0.842557 0.277784 0.314886 0.381872
1 0.220077 0.631607 0.439831 0.164163
0 0.268933 0.108282 0.504965 0.216564
0 0.799775 0.615449 0.40045 0.21266
0 0.713363 0.0515477 0.168111 0.103095
2 0.250904 0.795906 0.496925 0.223117
0 0.250904 0.795906 0.496925 0.223117
0 0.808105 0.372391 0.38379 0.262771
0 0.879463 0.0496278 0.241074 0.0992555
4 0.123346 0.428646 0.019135 0.0359295
0 0.479965 0.583465 0.659005 0.833071
2 0.234799 0.877266 0.460955 0.182116
0 0.267935 0.484163 0.512932 0.866509
0 0.783157 0.451208 0.433687 0.543287
0 0.892521 0.202697 0.214959 0.405394
0 0.810537 0.12491 0.378926 0.249819
0 0.375663 0.0872545 0.538026 0.174509
1 0.250904 0.795906 0.496925 0.223117
0 0.221797 0.437281 0.443593 0.874561
1 0.261862 0.690442 0.520567 0.239237
0 0.604747 0.513665 0.589515 0.97267
0 0.385622 0.5 0.726851 1
0 0.794265 0.767599 0.411471 0.464801
0 0.895787 0.729881 0.208426 0.520728
1 0.227483 0.489314 0.44204 0.531763
0 0.180305 0.132112 0.360609 0.264224
0 0.752005 0.359551 0.205327 0.180769
0 0.206045 0.631376 0.408827 0.174992
4 0.0794309 0.476979 0.0205913 0.0502576
0 0.912472 0.0534531 0.175057 0.106906
0 0.900874 0.105451 0.198251 0.210902
0 0.86527 0.378002 0.269459 0.237612
2 0.860246 0.800825 0.279509 0.398351
0 0.752977 0.660765 0.494046 0.243054
2 0.220077 0.631607 0.439831 0.164163
0 0.333466 0.862152 0.48245 0.264389
0 0.545634 0.0622463 0.177801 0.124493
0 0.827129 0.521986 0.345741 0.39658
0 0.738706 0.0744722 0.42486 0.148944
0 0.404179 0.633624 0.452868 0.176251
0 0.434374 0.5 0.546082 1
0 0.793612 0.863115 0.412775 0.273769
0 0.149919 0.758926 0.299839 0.351681
2 0.483421 0.0782772 0.293847 0.156554
3 0.0012231 0.238289 0.0024462 0.421382
0 0.894933 0.803909 0.210134 0.392183
0 0.400847 0.861631 0.453548 0.276739
0 0.772519 0.159659 0.454962 0.319318
3 0.401289 0.108286 0.461789 0.216572
1 0.355825 0.627434 0.528603 0.155987
0 0.0727364 0.502126 0.145473 0.75703
0 0.299686 0.475382 0.586601 0.633622
0 0.613916 0.792941 0.590293 0.414117
0 0.227483 0.489314 0.44204 0.531763
4 0.376546 0.144725 0.491003 0.255554
0 0.511982 0.872607 0.465213 0.254786
0 0.88517 0.280454 0.229659 0.552547
0 0.63481 0.633718 0.392521 0.181697
0 0.774776 0.418864 0.450448 0.837727
0 0.46172 0.780021 0.508288 0.335322
3 0.376546 0.144725 0.491003 0.255554
0 0.542716 0.5 0.437826 1
0 0.479579 0.158837 0.291219 0.274226
0 0.696169 0.806762 0.607662 0.386477
4 0.359986 0.244795 0.0117356 0.0345264
0 0.731677 0.0644041 0.33354 0.128808
0 0.771488 0.332834 0.158616 0.122777
1 0.3063 0.572776 0.612599 0.404662
0 0.495199 0.627954 0.484691 0.157493
1 0.382523 0.559821 0.680621 0.880358
2 0.34567 0.133176 0.597585 0.266352
2 0.822927 0.0565623 0.354146 0.113125
2 0.859197 0.635374 0.281606 0.225074
1 0.785985 0.771538 0.428031 0.456924
0 0.429489 0.936371 0.47598 0.127258
2 0.382523 0.559821 0.680621 0.880358
0 0.532913 0.924997 0.492942 0.150005
1 0.799329 0.420309 0.401342 0.405639
1 0.485138 0.097122 0.286563 0.194244
2 0.527677 0.200822 0.200193 0.375012
2 0.390844 0.0732227 0.477993 0.146445
4 0.180305 0.132112 0.360609 0.264224
0 0.24169 0.902611 0.48338 0.194778
0 0.332018 0.781587 0.535342 0.307389
2 0.278574 0.299379 0.530159 0.598758
1 0.333677 0.568511 0.667353 0.525403
0 0.892128 0.533547 0.215744 0.39353
0 0.611022 0.852322 0.51383 0.295356
1 0.81059 0.0588172 0.37882 0.117634
0 0.376546 0.144725 0.491003 0.255554
2 0.613916 0.792941 0.590293 0.414117
0 0.701834 0.864447 0.596332 0.271106
0 0.162313 0.813857 0.324626 0.341102
0 0.343386 0.622151 0.495771 0.154477
4 0.131618 0.401989 0.046007 0.0765305
0 0.261862 0.690442 0.520567 0.239237
0 0.66525 0.632949 0.6695 0.734102
4 0.401289 0.108286 0.461789 0.216572
1 0.706676 0.660107 0.586648 0.219784
0 0.155176 0.837934 0.310352 0.324132
1 0.390844 0.0732227 0.477993 0.146445
1 0.806478 0.231072 0.387044 0.462144
0 0.114517 0.826743 0.229035 0.346514
4 0.419772 0.599302 0.653244 0.801396
1 0.644939 0.631375 0.504687 0.163455
0 0.060347 0.388734 0.120694 0.777469
1 0.234799 0.877266 0.460955 0.182116
0 0.474523 0.206535 0.301691 0.396144
1 0.692683 0.778653 0.614633 0.442693
0 0.491204 0.736664 0.537228 0.334056
0 0.3804 0.385158 0.639524 0.770315
0 0.899649 0.649501 0.200703 0.289224
1 0.879463 0.0496278 0.241074 0.0992555
1 0.890253 0.450466 0.219493 0.48827
0 0.715768 0.482082 0.568464 0.964165
0 0.717053 0.315965 0.0897854 0.0880093
0 0.105829 0.661332 0.211657 0.590902
0 0.188712 0.838903 0.377423 0.322194
1 0.613916 0.792941 0.590293 0.414117
0 0.809931 0.29889 0.380137 0.596966
0 0.745645 0.877773 0.508711 0.244453
0 0.52601 0.300036 0.221741 0.600071
1 0.510245 0.071513 0.242501 0.143026
3 0.438784 0.171537 0.377673 0.224035
3 0.307117 0.43106 0.0253097 0.0728973
3 0 0.146421 0 0.292841
0 0.718144 0.114243 0.0694256 0.218785
3 0.130156 0.140923 0.00730147 0.0275063
0 0.423435 0.150467 0.138283 0.0942077
3 0.632104 0.430468 0.0479157 0.117443
3 0.839525 0.283286 0.0390743 0.0444317
0 0.861257 0.542572 0.0418289 0.0314558
3 0 0.359417 0 0.421537
0 0.472035 0.0859602 0.315693 0.17192
4 0.0803915 0.48454 0.0139408 0.0436694
0 0.501313 0.125498 0.261568 0.250996
0 0.0334754 0.330551 0.0630155 0.122016
3 0.71116 0.124329 0.045549 0.148994
3 0 0.23401 0 0.437018
3 0 0.492709 0 0.413376
0 0.861723 0.531616 0.040192 0.0483133
0 0.649108 0.0646042 0.200447 0.129208
0 0.903483 0.267002 0.193034 0.534005
0 0.841625 0.285054 0.0326515 0.0414477
2 0.718755 0.104221 0.0652739 0.198503
3 0.000196786 0.761155 0.000393572 0.438415
0 0.253289 0.383988 0.506577 0.706871
3 0.844256 0.2888 0.0240623 0.0350984
0 0.906651 0.14814 0.186699 0.29628
0 0.1973 0.103621 0.374308 0.207241
0 0.256899 0.063803 0.292004 0.127606
0 0.935481 0.109633 0.129038 0.219265
4 0.0810696 0.474078 0.0143985 0.0496303
0 0.866185 0.110031 0.26763 0.220062
3 0.145318 0.416254 0.0192174 0.080436
3 0.716977 0.114202 0.0688677 0.219268
0 0.508443 0.0809349 0.254406 0.16187
0 0.541394 0.138948 0.202562 0.277895
0 0.63839 0.176996 0.0249136 0.0704557
3 0 0.120694 0 0.241388
0 0.918329 0.587089 0.156304 0.126349
0 0.506428 0.445888 0.298822 0.729529
3 0.134345 0.26548 0.0200759 0.106284
0 0.273459 0.0856874 0.253599 0.171375
0 0.554739 0.0576493 0.163888 0.115299
3 0.142528 0.152166 0.0110771 0.0291085
0 0.462344 0.43641 0.269561 0.678982
0 0 0.146421 0 0.292841
4 0.12194 0.435505 0.0145576 0.0308407
0 0 0.88059 0 0.238819
0 0.872976 0.61201 0.254048 0.195401
0 0.821986 0.364712 0.356027 0.729424
0 0.249501 0.229956 0.25742 0.459911
0 0.844256 0.2888 0.0240623 0.0350984
0 0.212309 0.150477 0.424617 0.300954
0 0.806057 0.802991 0.387885 0.394019
0 0.373239 0.425445 0.352158 0.671832
0 0.852905 0.563191 0.294189 0.303646
0 0.0377245 0.130441 0.0754491 0.260881
0 0.0297183 0.752285 0.0594366 0.459781
0 0.391096 0.0773384 0.374919 0.154677
0 0.696343 0.108886 0.115445 0.212338
0 0.0873621 0.256261 0.174724 0.512521
2 0.289052 0.64608 0.517003 0.193351
0 0.121231 0.0929068 0.242463 0.185814
0 0.554171 0.307803 0.230713 0.615606
0 0.798628 0.109444 0.314363 0.218887
0 0.639868 0.357096 0.0311445 0.0254702
3 0.135362 0.300226 0.0220228 0.191942
0 0.779743 0.564032 0.440514 0.511447
0 0.321276 0.181836 0.264908 0.363673
0 0.331857 0.062878 0.298618 0.125756
0 0.661592 0.0585799 0.0615629 0.11716
3 0.374768 0.154661 0.0380579 0.0807575
0 0.604213 0.484325 0.300481 0.71623
0 0.605901 0.5 0.350778 1
0 0.194227 0.0560991 0.379941 0.112198
0 0.661325 0.594466 0.252633 0.48751
0 0.5448 0.5 0.420448 1
0 0.289052 0.64608 0.517003 0.193351
0 0.111699 0.199649 0.223398 0.399298
0 0.97243 0.706945 0.0551401 0.436832
0 0.13883 0.792187 0.277661 0.415627
0 0.51444 0.289112 0.240473 0.577889
0 0.200999 0.322032 0.350658 0.644064
0 0.673329 0.30544 0.227817 0.61088
0 0.0799224 0.440165 0.159845 0.623453
0 0.722217 0.0939425 0.176901 0.187885
0 0.0249844 0.793323 0.0499687 0.413353
3 0 0.680116 0 0.432116
0 0.00021714 0.779425 0.000434279 0.441151
0 0.856482 0.145774 0.285098 0.291548
0 0 0.680116 0 0.432116
0 0.0157614 0.775931 0.0315227 0.448138
0 0.0803002 0.289075 0.1606 0.554149
1 0.905081 0.305187 0.189838 0.610374
0 0.889448 0.104314 0.221105 0.208629
0 0.0735159 0.594453 0.147032 0.422206
4 0.307657 0.430641 0.0265249 0.0739838
0 0.0349729 0.497742 0.0699458 0.105684
1 0.0108786 0.644529 0.0217571 0.566193
1 0.0107623 0.526157 0.0215247 0.607736
0 0.0114471 0.713507 0.0228942 0.565106
4 0.0936678 0.406092 0.134329 0.0833671
1 0.0119881 0.734485 0.0239762 0.531029
4 0.116777 0.406784 0.0894851 0.0915064
0 0.800017 0.329152 0.0903995 0.106428
0 0.0107623 0.526157 0.0215247 0.607736
0 0.975742 0.747861 0.0485168 0.499035
0 0.977497 0.638004 0.0450056 0.512856
0 0.955881 0.253636 0.0882378 0.507272
0 0.0427195 0.720084 0.0854389 0.559832
0 0.94057 0.221133 0.118861 0.442266
4 0.122528 0.440702 0.0152276 0.0316358
3 0.012554 0.226185 0.025108 0.45237
0 0.927906 0.108395 0.144189 0.21679
0 0.978705 0.562002 0.0425894 0.481235
0 0.700449 0.315232 0.106785 0.0875927
0 0.97355 0.0476352 0.0528996 0.0952704
0 0.0177616 0.772618 0.0355232 0.454764
0 0.963379 0.312696 0.073242 0.625392
0 0.0806841 0.270489 0.161368 0.540977
0 0.829597 0.763293 0.340805 0.47262
3 0.715404 0.097159 0.0741645 0.183603
1 0.975742 0.747861 0.0485168 0.499035
0 0.217525 0.720231 0.43505 0.496268
0 0.0322224 0.468532 0.0644448 0.166383
1 0.0150725 0.378111 0.0301451 0.652136
0 0.754746 0.776696 0.490509 0.446608
0 0.0150725 0.378111 0.0301451 0.652136
0 0.963237 0.750378 0.0735255 0.499244
0 0.647082 0.172978 0.447456 0.345957
0 0.0496651 0.591241 0.0993303 0.593066
1 0.963237 0.750378 0.0735255 0.499244
2 0.829597 0.763293 0.340805 0.47262
0 0.672645 0.0299981 0.278066 0.0599963
0 0.817194 0.120655 0.365613 0.241309
0 0.381939 0.422778 0.459767 0.786939
0 0.464138 0.426578 0.47435 0.765823
0 0.523864 0.129802 0.291561 0.259604
0 0.805497 0.318834 0.0902369 0.0913993
1 0.015498 0.761229 0.030996 0.396584
0 0.848786 0.275474 0.0679382 0.0575927
4 0.359181 0.24426 0.016063 0.0385976
4 0.308557 0.428939 0.0248089 0.0738672
4 0.134221 0.506097 0.0102782 0.0238488
0 0.015498 0.761229 0.030996 0.396584
3 0.84392 0.278989 0.0563507 0.0535176
0 0.0141346 0.523684 0.0282693 0.0592708
0 0.841907 0.280267 0.0433107 0.0529997
0 0.870966 0.467788 0.258068 0.374699
1 0.0617948 0.739913 0.12359 0.353695
1 0.0499606 0.814857 0.0999212 0.370286
0 0.0158085 0.825742 0.0316171 0.348515
4 0.213088 0.427346 0.0315069 0.0757065
0 0.968351 0.252312 0.063298 0.504624
0 0.97495 0.041822 0.0500998 0.083644
0 0.194553 0.811271 0.389106 0.377457
0 0.792322 0.802509 0.415356 0.394981
1 0.0158085 0.825742 0.0316171 0.348515
0 0.00173615 0.514419 0.00347229 0.0768759
0 0.963933 0.114775 0.0721346 0.22955
0 0.52185 0.408702 0.208529 0.735068
0 0.851297 0.271135 0.0600735 0.0452013
0 0.0989575 0.73096 0.197915 0.354097
0 0.532355 0.413862 0.427334 0.827723
0 0.877124 0.680718 0.245752 0.287027
0 0.546121 0.307913 0.29415 0.615826
0 0.222474 0.440452 0.283905 0.880903
0 0.229774 0.731088 0.459549 0.352361
3 0.80555 0.322913 0.0899803 0.0999816
0 0.453993 0.800795 0.575255 0.398411
0 0.563707 0.364187 0.199831 0.728374
0 0.0267794 0.732112 0.0535588 0.32151
0 0.481814 0.434458 0.187435 0.702777
0 0.592079 0.341418 0.240905 0.682836
0 0.88419 0.380449 0.23162 0.218294
0 0.67831 0.0319516 0.276905 0.0639033
2 0.0143795 0.802499 0.0287591 0.395001
0 0.0499606 0.814857 0.0999212 0.370286
0 0.954698 0.757459 0.0906034 0.405629
0 0.757685 0.800676 0.484631 0.398648
0 0.848926 0.185381 0.0655754 0.0463713
3 0.999354 0.20518 0.00129128 0.41036
0 0.559474 0.245962 0.389958 0.491925
0 0.955239 0.311825 0.0895222 0.452347
0 0.999222 0.226236 0.00155659 0.452471
0 0.305081 0.838399 0.589214 0.323202
0 0.823501 0.705763 0.352998 0.31551
0 0.0617948 0.739913 0.12359 0.353695
0 0.28843 0.360168 0.169842 0.720335
0 0.165096 0.5 0.330192 1
3 0.717529 0.192477 0.0682367 0.384953
1 0.929636 0.746257 0.140727 0.507486
3 0.00042133 0.229725 0.000842661 0.459449
1 0.881386 0.749095 0.237228 0.50181
0 0.904717 0.142009 0.190565 0.284018
3 0.00104438 0.141181 0.00208876 0.282362
0 0.917723 0.743564 0.164553 0.512872
0 0.690109 0.574514 0.23173 0.621954
0 0.645262 0.0685348 0.261376 0.13707
0 0.848263 0.273748 0.0688036 0.0590992
0 0.604763 0.0408058 0.284776 0.0816116
0 0.629191 0.596769 0.179558 0.601153
0 0.0401808 0.779532 0.0803615 0.440937
0 0.57861 0.616975 0.156142 0.572771
0 0.243827 0.530061 0.322666 0.852377
0 0.45825 0.035085 0.402713 0.0701701
0 0.881386 0.749095 0.237228 0.50181
0 0.49093 0.108603 0.268929 0.216358
0 0.198782 0.123067 0.342285 0.246133
0 0.26507 0.248994 0.530141 0.497987
0 0.289103 0.5 0.578206 1
0 0.262379 0.5 0.524757 1
0 0.162224 0.5 0.324448 1
4 0.130887 0.506988 0.0107101 0.0250596
0 0.91978 0.780971 0.16044 0.345083
4 0.131572 0.506158 0.0111693 0.0256874
0 0.80093 0.46693 0.0859396 0.374117
0 0.661141 0.0431986 0.0582159 0.0863971
0 0.150524 0.109047 0.301047 0.218095
4 0.146121 0.387562 0.0176877 0.0361656
4 0.150102 0.389321 0.0178159 0.0384044
4 0.359474 0.206883 0.02829 0.117222
4 0.307609 0.429074 0.0302079 0.0700092
0 0.00117515 0.679661 0.00235029 0.45651
4 0.130415 0.506096 0.0106523 0.024406
4 0.212355 0.422821 0.0329831 0.0620679
1 0.0103618 0.783626 0.0207235 0.432749
4 0.145565 0.380539 0.0179267 0.0402041
0 0.0107942 0.79633 0.0215883 0.407339
4 0.121552 0.431412 0.016326 0.034085
3 0.98367 0.391185 0.00813751 0.0360684
4 0.136422 0.391365 0.030209 0.0442657
4 0.355364 0.475684 0.0107594 0.0377335
4 0.364572 0.414461 0.039448 0.10597
4 0.658369 0.19738 0.0359598 0.0467271
4 0.118738 0.443929 0.0116697 0.0259775
4 0.991782 0.466548 0.0135029 0.032514
4 0.135394 0.496883 0.0182318 0.0344953
4 0.14625 0.393597 0.0216893 0.0464473
4 0.645015 0.300015 0.0382822 0.0719767
2 0.716454 0.104816 0.071028 0.202193
3 0.688036 0.111424 0.126013 0.22247
4 0.118466 0.507232 0.0110927 0.0242902
4 0.138173 0.377121 0.030211 0.0347056
3 0.157874 0.219957 0.00917916 0.0241837
0 0.480024 0.0929101 0.293067 0.18582
3 0.608596 0.419533 0.0067605 0.0250903
4 0.308068 0.431303 0.0287567 0.0681824
4 0.356867 0.247978 0.0131806 0.0306994
0 0.660333 0.196519 0.0285789 0.0445637
0 0.0451591 0.468124 0.0757081 0.0420486
0 0.861186 0.527099 0.0401411 0.0575131
0 0.0422987 0.476039 0.075839 0.0559042
3 0.388951 0.168282 0.0128719 0.0624239
4 0.358315 0.241564 0.0140705 0.0424172
3 0.0572668 0.11005 0.00980594 0.0230558
0 0.230192 0.106139 0.278964 0.212279
4 0.213512 0.429075 0.0311255 0.0730417
4 0.13068 0.506096 0.0109858 0.0237424
4 0.0787225 0.45264 0.0118618 0.0262926
3 0.372922 0.151038 0.0364208 0.0836678
3 0.158978 0.227755 0.0120154 0.0296737
3 0.370287 0.159467 0.0312632 0.0739725
0 0.860529 0.539484 0.0407509 0.0357385
0 0.717422 0.298259 0.0620831 0.0580839
0 0.86087 0.532288 0.0424278 0.0483749
0 0.658875 0.0438151 0.0540325 0.0876301
3 0.392467 0.403929 0.00621052 0.0283537
0 0.848674 0.271247 0.0706505 0.0611286
0 0.839608 0.185472 0.0460403 0.0496246
0 0.547032 0.468299 0.589472 0.699144
0 0.838744 0.613919 0.320671 0.1937
0 0.564106 0.651927 0.429936 0.118888
3 0.60811 0.419434 0.00577497 0.021637
3 0.392816 0.402026 0.00559425 0.0238969
3 0.158087 0.218569 0.0099987 0.0223245
4 0.144041 0.380456 0.014231 0.024217
3 0.38666 0.393579 0.00565872 0.0184235
4 0.132166 0.506284 0.0107714 0.0218054
0 0.644106 0.356748 0.0247585 0.0256868
4 0.359291 0.243773 0.0132139 0.0352121
3 0.848011 0.381923 0.011179 0.0327341
0 0.659226 0.0423831 0.0543247 0.0847661
0 0.846591 0.274939 0.0660114 0.0515366
3 0.340289 0.336589 0.0356823 0.219749
4 0.082898 0.490565 0.0106698 0.0265725
0 0.0343122 0.521218 0.0637877 0.0569065
4 0.357996 0.248764 0.012136 0.0273632
0 0.776013 0.207224 0.032539 0.0355165
4 0.754321 0.463016 0.0122004 0.0212871
0 0.772979 0.21134 0.0318278 0.0317112
4 0.136391 0.380507 0.0188688 0.0245657
0 0.64346 0.353748 0.0314976 0.0313841
4 0.141898 0.51099 0.0131718 0.0275105
0 0.0343767 0.503342 0.0614601 0.0614342
0 0.837993 0.279637 0.0405922 0.0503775
0 0 0.711861 0 0.451606
0 0.863028 0.533498 0.0351688 0.0378608
0 0.860482 0.54779 0.0336987 0.017577
0 0.414005 1 0.327574 0
4 0.756982 0.464327 0.00923853 0.0241357
0 0.486952 1 0.331734 0
3 0.107096 0.116781 0.00835307 0.0258376
4 0.132707 0.505855 0.012999 0.0276642
4 0.138124 0.502739 0.0234368 0.0325276
0 0.717492 0.293782 0.0598794 0.0479469
0 0.847983 0.275761 0.0693413 0.0593401
4 0.137731 0.507839 0.0194156 0.0312397
4 0.994226 0.471711 0.00983105 0.0381351
1 0.35688 0.20834 0.02913 0.115261
0 0.836666 0.276034 0.0486851 0.0591678
3 0.608184 0.420515 0.00577965 0.022021
3 0.992738 0.392426 0.00918541 0.0284331
3 0.664458 0.195517 0.0208134 0.0402141
0 0.992385 0.307121 0.012479 0.0310907
3 0.65465 0.188281 0.0176069 0.0367613
3 0.983729 0.395573 0.00712471 0.0315632
3 0.844205 0.283262 0.0284994 0.0416424
3 0.99221 0.31296 0.0121914 0.0374348
3 0.992385 0.307121 0.012479 0.0310907
3 0.373764 0.157427 0.0381572 0.0659169
3 0.0212719 0.226248 0.0112758 0.0841736
3 0.644093 0.189891 0.0221929 0.0374849
0 0.803792 0.439584 0.0894306 0.345936
0 0.99221 0.31296 0.0121914 0.0374348
0 0.0201413 0.467226 0.0182475 0.0205545
0 0.0402942 0.479224 0.0700427 0.0557293
0 0.0403411 0.497833 0.0767701 0.0991501
0 0.0457018 0.471473 0.078251 0.0442986
0 0.0347937 0.477653 0.0650437 0.0439366
0 0.0531134 0.475257 0.0605427 0.0525908
4 0.130101 0.505822 0.0102 0.0218981
0 0.860774 0.544802 0.0371841 0.0252363
3 0.607871 0.421985 0.00533505 0.0225253
0 0.0509686 0.4651 0.0756558 0.0409605
0 0.802584 0.342922 0.0836068 0.132067
0 0.801972 0.396213 0.0833298 0.235523
3 0.802584 0.342922 0.0836068 0.132067
3 0.120218 0.441831 0.00791898 0.0208923
0 1 0.643026 0 0.316989
3 0.108364 0.117868 0.0119884 0.0262626
3 0.118813 0.127544 0.0134681 0.0275759
0 0.86258 0.52826 0.0402176 0.0529408
0 0.0339131 0.503429 0.0648108 0.0884692
0 0.715086 0.30306 0.0650332 0.0488283
4 0.131394 0.504078 0.0126944 0.0228027
0 0.836604 0.280465 0.0438982 0.0473512
0 0.7134 0.309069 0.0723798 0.0647687
0 0.0334388 0.471997 0.0664793 0.0364763
4 0.131715 0.504799 0.0110426 0.0221618
4 0.359796 0.20777 0.0242517 0.112451
0 0.836618 0.283345 0.0429367 0.0436862
4 0.359067 0.230929 0.023079 0.0677482
4 0.13289 0.499933 0.0119978 0.0263185
4 0.131361 0.504376 0.012211 0.0241886
4 0.359796 0.225203 0.0251361 0.0763702
0 0.800847 0.328295 0.0903095 0.11309
4 0.132774 0.499566 0.0133731 0.0266867
0 0.0319224 0.471605 0.0620311 0.028358
4 0.133812 0.505518 0.0102722 0.0242947
0 0.801971 0.325116 0.085656 0.0980322
3 0.840174 0.19585 0.0361256 0.0273874
4 0.995581 0.486634 0.00883789 0.0366063
4 0.133785 0.507302 0.0121633 0.0274044
4 0.356489 0.488889 0.0112167 0.0356268
4 0.139563 0.508217 0.0148587 0.0302844
4 0.995435 0.47789 0.00913048 0.0350973
4 0.136225 0.501385 0.0179963 0.0337565
4 0.357049 0.499577 0.0130598 0.0453602
4 0.356471 0.488993 0.0102996 0.0333917
4 0.995242 0.485196 0.00939732 0.0382464
4 0.994853 0.473857 0.0101097 0.0366113
4 0.357691 0.247336 0.0144267 0.0301973
4 0.987428 0.470573 0.0227232 0.0263278
4 0.356317 0.488812 0.00984602 0.0333494
0 0 0.794258 0 0.411484
4 0.132128 0.506476 0.00711327 0.0214062
0 0 0.754342 0 0.451677
0 0.842491 0.276357 0.0603134 0.058066
4 0.99553 0.485415 0.00832672 0.0371694
0 1 0.79016 0 0.41968
4 0.356521 0.497545 0.0114759 0.0414266
0 1 0.689203 0 0.304066
0 0.000255463 0.875499 0.000510925 0.249001
4 0.995518 0.474917 0.00882626 0.037726
4 0.355571 0.486955 0.0107013 0.0312214
0 0.842264 0.275365 0.0598049 0.0584379
4 0.355673 0.486826 0.0106977 0.0337677
4 0.356778 0.488203 0.0114265 0.0396756
4 0.995163 0.486577 0.00888672 0.0444961
4 0.357245 0.494608 0.0130405 0.044524
3 0.892591 0.0222578 0.00776367 0.0445156
4 0.995046 0.478847 0.00898266 0.0461028
4 0.994245 0.49704 0.00963745 0.0580136
4 0.308145 0.431169 0.0259151 0.065961
4 0.754407 0.465243 0.013269 0.0254126
3 0.892272 0.0225608 0.00894623 0.0451216
3 0.994728 0.392284 0.00858345 0.0343975
3 0.98491 0.396822 0.00947151 0.0340144
4 0.99602 0.487225 0.00796051 0.0493848
2 0.375083 0.154212 0.0398308 0.0752406
4 0.13155 0.50659 0.00686715 0.0221368
4 0.355839 0.488364 0.00999284 0.0341126
4 0.356349 0.489292 0.0097178 0.0324914
4 0.35681 0.487643 0.01165 0.0375561
4 0.357078 0.495333 0.012555 0.0457913
2 0.375079 0.155375 0.0399016 0.0786121
4 0.132603 0.505371 0.00731816 0.0218463
4 0.356942 0.48602 0.0120502 0.0389539
2 0.375287 0.149926 0.0410393 0.0871783
0 0.0373171 0.226981 0.0425854 0.095629
4 0.357008 0.488733 0.0116961 0.0373799
4 0.356426 0.489239 0.0114155 0.0396693
4 0.356708 0.491537 0.0117594 0.0419944
4 0.357723 0.501836 0.0134748 0.0492971
4 0.132566 0.506585 0.00820689 0.0241264
4 0.994884 0.48523 0.00772667 0.0340849
4 0.363573 0.508443 0.01625 0.0497991
4 0.364935 0.534508 0.0137285 0.0291933
4 0.99565 0.485269 0.00812721 0.037775
4 0.356942 0.489973 0.0110105 0.0422278
4 0.358028 0.498426 0.0133015 0.0507603
4 0.363726 0.506145 0.0159969 0.0529
4 0.13325 0.506297 0.00953948 0.0246232
3 0.356942 0.489973 0.0110105 0.0422278
4 0.363838 0.530943 0.0158031 0.0323864
3 0.99565 0.485269 0.00812721 0.037775
3 0.358028 0.498426 0.0133015 0.0507603
4 0.995201 0.478232 0.00870743 0.036567
4 0.360964 0.524783 0.016128 0.0413979
4 0.357441 0.491714 0.0133207 0.0440251
4 0.358432 0.498878 0.0156049 0.0541175
4 0.995106 0.485503 0.00897446 0.0399274
3 0.357441 0.491714 0.0133207 0.0440251
4 0.995721 0.486232 0.00803566 0.0372333
4 0.358375 0.496433 0.0148888 0.0513455
3 0.307975 0.432884 0.0268784 0.0709561
4 0.361099 0.507261 0.0196907 0.0636219
4 0.995265 0.484789 0.00902958 0.0357938
4 0.994963 0.478352 0.00980778 0.0351558
4 0.99549 0.485839 0.00888519 0.0363945
4 0.995309 0.487018 0.00895386 0.0389482
4 0.995242 0.487422 0.00834408 0.0369256
0 0.64232 0.185004 0.0336494 0.0433659
4 0.995459 0.487684 0.00767021 0.0380639
4 0.356124 0.490717 0.00902424 0.0360516
4 0.995367 0.487463 0.0084383 0.0406944
4 0.99579 0.487499 0.00797939 0.0400285
4 0.995734 0.487861 0.00793571 0.0391267
4 0.995629 0.487744 0.00796089 0.0386787
4 0.995632 0.487752 0.0079649 0.038637
