0 0.807736 0.803196 0.384528 0.376481
0 0.619461 0.804167 0.761078 0.375057
0 0.330999 0.749694 0.661677 0.280704
4 0.695298 0.802742 0.609403 0.388617
0 0.525163 0.776832 0.949674 0.446336
3 0.713775 0.6489 0.57245 0.685434
0 0.326007 0.689005 0.651316 0.176203
3 0.20642 0.394623 0.407742 0.777706
0 0.38775 0.778736 0.772834 0.388426
0 0.153175 0.713878 0.306349 0.179665
4 0.807736 0.803196 0.384528 0.376481
4 0.549558 0.805465 0.900884 0.376369
0 0.43802 0.666589 0.872143 0.207778
0 0.356075 0.847939 0.70217 0.299999
3 0.827204 0.784335 0.345592 0.43133
0 0.491322 0.831707 0.962639 0.330406
3 0.326007 0.689005 0.651316 0.176203
3 0.327898 0.782967 0.654407 0.434066
3 0.811439 0.802014 0.377121 0.389186
3 0.419014 0.657986 0.833867 0.217988
3 0.598104 0.672218 0.803793 0.604178
3 0.520774 0.503386 0.958452 0.993227
3 0.315371 0.404136 0.625521 0.803563
3 0.768656 0.506395 0.462687 0.922862
3 0.237585 0.882837 0.472143 0.234326
3 0.581021 0.371855 0.837958 0.723356
0 0.523262 0.660071 0.953476 0.341229
0 0.310121 0.655951 0.617284 0.245095
0 0.122795 0.690491 0.245456 0.166168
3 0.911102 0.791941 0.177797 0.416119
3 0.929523 0.596091 0.140954 0.776554
3 0.5027 0.590647 0.9946 0.303478
3 0.0356807 0.58069 0.0713614 0.440638
0 0.475419 0.539834 0.950837 0.46952
4 0.598104 0.672218 0.803793 0.604178
3 0.0226508 0.799567 0.0453017 0.400866
3 0.310121 0.655951 0.617284 0.245095
3 0.523262 0.660071 0.953476 0.341229
3 0.29622 0.875184 0.583495 0.249632
3 0.812801 0.182549 0.374398 0.365097
3 0.0706169 0.745449 0.141234 0.39171
3 0.17545 0.803299 0.350901 0.393402
3 0.697802 0.50358 0.604395 0.99284
3 0.861206 0.519504 0.277589 0.960992
3 0.502469 0.560622 0.995062 0.512427
0 0.0186831 0.50928 0.0373662 0.590645
0 0.0706169 0.745449 0.141234 0.39171
3 0.0473766 0.187747 0.0947533 0.375494
3 0.802988 0.150295 0.394024 0.300591
3 0.0672304 0.322963 0.134461 0.645925
0 0.415659 0.450946 0.826138 0.900079
4 0.153175 0.713878 0.306349 0.179665
3 0.122795 0.690491 0.245456 0.166168
4 0.326007 0.689005 0.651316 0.176203
3 0.767996 0.362163 0.464008 0.720065
0 0.5027 0.590647 0.9946 0.303478
3 0.415659 0.450946 0.826138 0.900079
3 0.27302 0.457874 0.540598 0.642118
3 0.0186831 0.50928 0.0373662 0.590645
0 0.0356807 0.58069 0.0713614 0.440638
3 0.404213 0.0936899 0.565378 0.18738
3 0.0366288 0.403479 0.0732577 0.762781
3 0.0194757 0.428201 0.0389513 0.71017
3 0.167541 0.192219 0.335082 0.384439
4 0.330999 0.749694 0.661677 0.280704
3 0.924148 0.5 0.151705 1
4 0.914769 0.79821 0.170462 0.403581
0 0.0473766 0.187747 0.0947533 0.375494
4 0.523262 0.660071 0.953476 0.341229
4 0.375341 0.408063 0.743791 0.813152
3 0.858402 0.363452 0.283196 0.702972
3 0.0598177 0.219218 0.119635 0.438437
4 0.713775 0.6489 0.57245 0.685434
3 0.0278241 0.817613 0.0556483 0.364774
0 0.792518 0.181723 0.414964 0.352031
4 0.419014 0.657986 0.833867 0.217988
4 0.783876 0.413059 0.432247 0.819861
4 0.237585 0.882837 0.472143 0.234326
3 0.330999 0.749694 0.661677 0.280704
0 0.872895 0.141667 0.254209 0.283334
3 0.138197 0.407791 0.276395 0.753547
4 0.5027 0.590647 0.9946 0.303478
3 0.0459979 0.196091 0.0919959 0.392181
4 0.29622 0.875184 0.583495 0.249632
3 0.907589 0.246498 0.184822 0.492997
3 0.139942 0.645334 0.279551 0.266341
4 0.827204 0.784335 0.345592 0.43133
1 0.38775 0.778736 0.772834 0.388426
3 0.551561 0.791603 0.896879 0.416795
0 0.237585 0.882837 0.472143 0.234326
0 0.914769 0.79821 0.170462 0.403581
3 0.501343 0.758738 0.997314 0.462606
3 0.443254 0.1414 0.757646 0.282799
4 0.783448 0.171794 0.433104 0.332656
0 0.150156 0.87014 0.300312 0.25972
3 0.872895 0.141667 0.254209 0.283334
3 0.683937 0.802323 0.632126 0.395353
0 0.636456 0.64921 0.727087 0.676945
3 0.912721 0.75321 0.174559 0.493581
4 0.663038 0.499449 0.673923 0.996188
4 0.497376 0.787629 0.970543 0.424742
4 0.150156 0.87014 0.300312 0.25972
0 0.827204 0.784335 0.345592 0.43133
3 0.0342353 0.839678 0.0684705 0.320643
0 0.37427 0.0913528 0.498731 0.182706
4 0.911102 0.791941 0.177797 0.416119
0 0.794341 0.39619 0.411318 0.772863
3 0.934896 0.333858 0.130208 0.667715
0 0.783286 0.158787 0.433428 0.317574
4 0.122795 0.690491 0.245456 0.166168
4 0.929523 0.596091 0.140954 0.776554
4 0.475419 0.539834 0.950837 0.46952
3 0.153175 0.713878 0.306349 0.179665
4 0.17545 0.803299 0.350901 0.393402
3 0.132083 0.167818 0.264166 0.335636
4 0.38775 0.778736 0.772834 0.388426
4 0.500883 0.369571 0.972172 0.731751
0 0.614532 0.128205 0.694167 0.25641
3 0.150156 0.87014 0.300312 0.25972
0 0.0164219 0.479841 0.0328438 0.631786
4 0.20642 0.394623 0.407742 0.777706
0 0.227712 0.191809 0.455425 0.383618
3 0.534601 0.109378 0.747472 0.218757
4 0.452719 0.832877 0.87691 0.334247
4 0.0706169 0.745449 0.141234 0.39171
3 0.652374 0.134184 0.66955 0.268369
4 0.47884 0.74432 0.955304 0.397981
3 0.118792 0.565688 0.237584 0.431502
3 0.227712 0.191809 0.455425 0.383618
3 0.157979 0.289034 0.314132 0.574611
3 0.288438 0.0939687 0.516871 0.187937
0 0.635644 0.499109 0.728713 0.971848
4 0.138197 0.407791 0.276395 0.753547
0 0.907589 0.246498 0.184822 0.492997
3 0.682309 0.159462 0.629292 0.313535
0 0.167541 0.192219 0.335082 0.384439
4 0.470246 0.503101 0.939305 0.993798
0 0.442786 0.0969703 0.719434 0.193941
4 0.118792 0.565688 0.237584 0.431502
3 0.765017 0.165648 0.469966 0.331296
3 0.468962 0.252413 0.892829 0.504826
0 0.934896 0.333858 0.130208 0.667715
4 0.706166 0.356449 0.587667 0.704465
0 0.139942 0.645334 0.279551 0.266341
1 0.781309 0.175254 0.437383 0.339752
3 0.386408 0.862254 0.764789 0.275492
1 0.815353 0.802171 0.369294 0.395658
1 0.368205 0.680074 0.733794 0.187488
0 0.288438 0.0939687 0.516871 0.187937
2 0.37893 0.799369 0.754898 0.401262
4 0.0342353 0.839678 0.0684705 0.320643
4 0.924148 0.5 0.151705 1
1 0.549558 0.805465 0.900884 0.376369
4 0.401227 0.849218 0.791645 0.286474
4 0.861206 0.519504 0.277589 0.960992
0 0.492562 0.505065 0.985124 0.98987
0 0.0342353 0.839678 0.0684705 0.320643
4 0.0226508 0.799567 0.0453017 0.400866
0 0.682309 0.159462 0.629292 0.313535
4 0.934896 0.333858 0.130208 0.667715
4 0.143866 0.190993 0.287732 0.369355
4 0.907589 0.246498 0.184822 0.492997
4 0.846076 0.185514 0.307847 0.362239
4 0.0473766 0.187747 0.0947533 0.375494
4 0.872895 0.141667 0.254209 0.283334
4 0.139942 0.645334 0.279551 0.266341
0 0.364859 0.143699 0.552375 0.287398
4 0.0194757 0.428201 0.0389513 0.71017
4 0.694554 0.152771 0.603024 0.305542
0 0.928417 0.40753 0.143167 0.81506
0 0.132083 0.167818 0.264166 0.335636
4 0.858402 0.363452 0.283196 0.702972
4 0.802988 0.150295 0.394024 0.300591
4 0.0366288 0.403479 0.0732577 0.762781
4 0.157979 0.289034 0.314132 0.574611
1 0.330999 0.749694 0.661677 0.280704
4 0.0278241 0.817613 0.0556483 0.364774
3 0.330979 0.210315 0.605913 0.407949
0 0.348465 0.357743 0.692322 0.708927
4 0.310121 0.655951 0.617284 0.245095
3 0.314351 0.151368 0.554343 0.302736
0 0.0278241 0.817613 0.0556483 0.364774
4 0.0459979 0.196091 0.0919959 0.392181
4 0.0356807 0.58069 0.0713614 0.440638
0 0.508033 0.386856 0.983935 0.707265
4 0.27302 0.457874 0.540598 0.642118
0 0.27302 0.457874 0.540598 0.642118
0 0.0459979 0.196091 0.0919959 0.392181
4 0.76932 0.231078 0.461361 0.446853
4 0.185063 0.206593 0.367932 0.408222
4 0.0598177 0.219218 0.119635 0.438437
4 0.0186831 0.50928 0.0373662 0.590645
1 0.913479 0.795953 0.173043 0.408093
0 0.0226508 0.799567 0.0453017 0.400866
4 0.297851 0.34494 0.587716 0.683055
2 0.786935 0.179314 0.42613 0.353233
4 0.614532 0.128205 0.694167 0.25641
2 0.364859 0.143699 0.552375 0.287398
0 0.911102 0.791941 0.177797 0.416119
1 0.183022 0.226229 0.361392 0.444047
4 0.0672304 0.322963 0.134461 0.645925
4 0.442786 0.0969703 0.719434 0.193941
4 0.364859 0.143699 0.552375 0.287398
2 0.253278 0.879222 0.504854 0.241557
3 0.183022 0.226229 0.361392 0.444047
4 0.37427 0.0913528 0.498731 0.182706
0 0.0366288 0.403479 0.0732577 0.762781
3 0.76932 0.231078 0.461361 0.446853
0 0.774051 0.514709 0.451897 0.970583
4 0.755179 0.504249 0.489642 0.991502
0 0.929523 0.596091 0.140954 0.776554
0 0.20642 0.394623 0.407742 0.777706
1 0.153175 0.713878 0.306349 0.179665
4 0.227712 0.191809 0.455425 0.383618
1 0.255109 0.873022 0.503931 0.253957
0 0.0598177 0.219218 0.119635 0.438437
0 0.330979 0.210315 0.605913 0.407949
2 0.551561 0.791603 0.896879 0.416795
4 0.132083 0.167818 0.264166 0.335636
4 0.288438 0.0939687 0.516871 0.187937
0 0.17545 0.803299 0.350901 0.393402
2 0.635644 0.499109 0.728713 0.971848
1 0.254955 0.215516 0.495702 0.419476
1 0.3613 0.853474 0.706402 0.281128
2 0.468962 0.252413 0.892829 0.504826
0 0.118792 0.565688 0.237584 0.431502
1 0.706166 0.356449 0.587667 0.704465
0 0.544496 0.14691 0.797634 0.29382
0 0.0672304 0.322963 0.134461 0.645925
4 0.544496 0.14691 0.797634 0.29382
0 0.706166 0.356449 0.587667 0.704465
1 0.297851 0.34494 0.587716 0.683055
1 0.22458 0.410527 0.445728 0.811892
4 0.468962 0.252413 0.892829 0.504826
4 0.330979 0.210315 0.605913 0.407949
1 0.470007 0.838952 0.928642 0.308248
4 0.591982 0.310228 0.816036 0.615318
3 0.455495 0.83914 0.891644 0.315641
1 0.17545 0.803299 0.350901 0.393402
1 0.157979 0.289034 0.314132 0.574611
0 0.858402 0.363452 0.283196 0.702972
0 0.591982 0.310228 0.816036 0.615318
2 0.388303 0.676098 0.766723 0.189243
1 0.47884 0.74432 0.955304 0.397981
2 0.330979 0.210315 0.605913 0.407949
2 0.452719 0.832877 0.87691 0.334247
0 0.138197 0.407791 0.276395 0.753547
0 0.76932 0.231078 0.461361 0.446853
0 0.157979 0.289034 0.314132 0.574611
1 0.145575 0.198641 0.29115 0.381447
2 0.3613 0.853474 0.706402 0.281128
0 0.872593 0.50318 0.254813 0.967257
2 0.904228 0.796739 0.191544 0.406523
1 0.122795 0.690491 0.245456 0.166168
2 0.143866 0.190993 0.287732 0.369355
1 0.775046 0.405513 0.449907 0.808442
2 0.614532 0.128205 0.694167 0.25641
2 0.153757 0.866751 0.307513 0.266499
2 0.0356807 0.58069 0.0713614 0.440638
0 0.29622 0.875184 0.583495 0.249632
0 0.213978 0.223179 0.42132 0.432506
2 0.682309 0.159462 0.629292 0.313535
2 0.872895 0.141667 0.254209 0.283334
2 0.619461 0.804167 0.761078 0.375057
1 0.139942 0.645334 0.279551 0.266341
2 0.342958 0.0872803 0.482554 0.174561
2 0.794341 0.39619 0.411318 0.772863
1 0.827204 0.784335 0.345592 0.43133
1 0.150156 0.87014 0.300312 0.25972
2 0.501343 0.758738 0.997314 0.462606
2 0.22458 0.410527 0.445728 0.811892
2 0.921286 0.502776 0.157427 0.895832
1 0.934896 0.333858 0.130208 0.667715
2 0.911102 0.791941 0.177797 0.416119
2 0.261002 0.157968 0.505481 0.315936
2 0.0226508 0.799567 0.0453017 0.400866
2 0.0278241 0.817613 0.0556483 0.364774
1 0.846076 0.185514 0.307847 0.362239
2 0.0473766 0.187747 0.0947533 0.375494
2 0.934896 0.333858 0.130208 0.667715
2 0.375341 0.408063 0.743791 0.813152
1 0.49329 0.532538 0.986579 0.566833
2 0.544496 0.14691 0.797634 0.29382
1 0.0706169 0.745449 0.141234 0.39171
2 0.194514 0.203504 0.389027 0.407008
1 0.928417 0.40753 0.143167 0.81506
1 0.489806 0.506586 0.979612 0.986827
1 0.144382 0.413472 0.288763 0.806561
1 0.682309 0.159462 0.629292 0.313535
1 0.591982 0.310228 0.816036 0.615318
2 0.783286 0.158787 0.433428 0.317574
1 0.310121 0.655951 0.617284 0.245095
2 0.768656 0.506395 0.462687 0.922862
2 0.0459979 0.196091 0.0919959 0.392181
1 0.695298 0.802742 0.609403 0.388617
2 0.132083 0.167818 0.264166 0.335636
1 0.907589 0.246498 0.184822 0.492997
1 0.0356807 0.58069 0.0713614 0.440638
2 0.827204 0.784335 0.345592 0.43133
2 0.515734 0.502077 0.968532 0.995845
0 0.95427 0.663823 0.0914598 0.672354
0 0.306706 0.403094 0.612379 0.791692
0 0.770689 0.304364 0.440595 0.59975
0 0.138056 0.315455 0.274879 0.584665
0 0.914524 0.514763 0.170952 0.147818
0 0.665329 0.451467 0.659095 0.902935
0 0.904027 0.703709 0.191945 0.592582
0 0.990927 0.667401 0.0181454 0.665198
0 0.771213 0.198515 0.435372 0.397029
0 0.385987 0.320854 0.590355 0.641707
0 0.306672 0.325103 0.547001 0.591771
0 0.205389 0.361075 0.409411 0.722151
1 0.990927 0.667401 0.0181454 0.665198
0 0.112381 0.499125 0.224762 0.518632
0 0.883543 0.506592 0.232913 0.162132
1 0.95427 0.663823 0.0914598 0.672354
0 0.998876 0.708732 0.00224705 0.56891
0 0.927548 0.753433 0.144904 0.493134
1 0.999356 0.723788 0.0012887 0.552425
0 0.478263 0.349937 0.741559 0.699874
0 0.523571 0.5 0.951154 1
0 0.184832 0.284852 0.369665 0.509226
0 0.921229 0.45381 0.157542 0.378277
0 0.73955 0.810158 0.516228 0.379683
2 0.112381 0.499125 0.224762 0.518632
0 0.851105 0.746622 0.29779 0.506757
1 0.352147 0.830579 0.704294 0.338841
3 0.926269 0.295451 0.146926 0.529222
3 0.914754 0.396101 0.169874 0.369056
0 0.693061 0.28554 0.550915 0.571079
0 0.945821 0.780695 0.108357 0.438611
0 0.418861 0.614678 0.837723 0.770645
0 0.512832 0.461268 0.93753 0.922537
0 0.372906 0.250061 0.461907 0.439418
0 0.164929 0.227471 0.326672 0.448477
0 0.592922 0.30361 0.697194 0.605012
3 0.769285 0.308414 0.453368 0.616829
0 0.437704 0.810785 0.875408 0.378431
0 0.384259 0.5 0.768518 1
0 0.835592 0.294838 0.328816 0.575238
2 0.904027 0.703709 0.191945 0.592582
3 0.782357 0.195179 0.435286 0.390357
0 0.492702 0.688512 0.985405 0.611902
1 0.118312 0.308646 0.235347 0.617292
4 0.768564 0.18243 0.458307 0.364859
1 0.290081 0.777833 0.580161 0.37567
3 0.903813 0.707974 0.192375 0.584051
4 0.809119 0.809441 0.381762 0.381118
1 0.904027 0.703709 0.191945 0.592582
1 0.450933 0.813321 0.892199 0.373357
1 0.809119 0.809441 0.381762 0.381118
4 0.914754 0.396101 0.169874 0.369056
0 0.472352 0.623006 0.944703 0.753989
0 0.915156 0.366342 0.169688 0.428005
4 0.739668 0.813526 0.518935 0.372948
4 0.841324 0.281008 0.314441 0.556869
0 0.755259 0.436846 0.489359 0.873691
1 0.120719 0.607604 0.241437 0.362518
0 0.518714 0.37297 0.527023 0.619074
3 0.489509 0.644332 0.979018 0.711335
3 0.496645 0.5 0.99329 1
2 0.914524 0.514763 0.170952 0.147818
4 0.896331 0.292792 0.207034 0.58198
3 0.319614 0.828598 0.639228 0.342805
4 0.610257 0.81374 0.772686 0.37252
2 0.927548 0.753433 0.144904 0.493134
3 0.896331 0.292792 0.207034 0.58198
3 0.915861 0.789907 0.168279 0.420186
2 0.306672 0.325103 0.547001 0.591771
2 0.896331 0.292792 0.207034 0.58198
3 0.179781 0.639432 0.359563 0.465798
3 0.913485 0.672376 0.17303 0.404736
2 0.95427 0.663823 0.0914598 0.672354
1 0.927548 0.753433 0.144904 0.493134
3 0.841324 0.281008 0.314441 0.556869
1 0.112381 0.499125 0.224762 0.518632
0 0.446989 0.39584 0.447058 0.446237
1 0.244611 0.666353 0.489221 0.238647
4 0.496645 0.5 0.99329 1
3 0.577499 0.559057 0.835919 0.761995
2 0.809119 0.809441 0.381762 0.381118
2 0.915156 0.366342 0.169688 0.428005
0 0.252399 0.254675 0.491453 0.50935
2 0.771213 0.198515 0.435372 0.397029
4 0.354942 0.830622 0.709884 0.338756
2 0.851105 0.746622 0.29779 0.506757
3 0.709249 0.5 0.572627 1
2 0.118312 0.308646 0.235347 0.617292
0 0.189277 0.674833 0.377651 0.216941
2 0.304171 0.818894 0.608343 0.362212
2 0.926269 0.295451 0.146926 0.529222
1 0.560245 0.299337 0.637564 0.598673
0 0.124007 0.65193 0.248015 0.263172
3 0.855754 0.804049 0.288492 0.391901
3 0.755259 0.436846 0.489359 0.873691
0 0.180036 0.616842 0.360072 0.335908
1 0.851105 0.746622 0.29779 0.506757
0 0.513645 0.6939 0.960347 0.35104
3 0.0937934 0.245353 0.187587 0.490706
4 0.572719 0.729259 0.83899 0.424796
4 0.112381 0.499125 0.224762 0.518632
0 0.896331 0.292792 0.207034 0.58198
3 0.945821 0.780695 0.108357 0.438611
3 0.290081 0.777833 0.580161 0.37567
4 0.913062 0.495912 0.173398 0.184274
3 0.950678 0.756745 0.098645 0.48651
4 0.910208 0.808465 0.179585 0.383069
4 0.512832 0.461268 0.93753 0.922537
1 0.926269 0.295451 0.146926 0.529222
3 0.446989 0.39584 0.447058 0.446237
4 0.945821 0.780695 0.108357 0.438611
4 0.927548 0.753433 0.144904 0.493134
4 0.890351 0.779794 0.219299 0.440411
3 0.786881 0.807104 0.412623 0.385791
4 0.770689 0.304364 0.440595 0.59975
3 0.994729 0.670958 0.0105427 0.570286
1 0.28306 0.297912 0.56422 0.586106
0 0.31268 0.809899 0.625359 0.380203
3 0.11417 0.490843 0.22834 0.596354
1 0.472352 0.623006 0.944703 0.753989
4 0.196305 0.72109 0.39261 0.557819
0 0.890351 0.779794 0.219299 0.440411
3 0.164929 0.227471 0.326672 0.448477
3 0.914524 0.514763 0.170952 0.147818
3 0.186348 0.0823279 0.372695 0.164656
2 0.148156 0.251392 0.296311 0.502785
4 0.851105 0.746622 0.29779 0.506757
0 0.809119 0.809441 0.381762 0.381118
3 0.572719 0.729259 0.83899 0.424796
2 0.244611 0.666353 0.489221 0.238647
2 0.950678 0.756745 0.098645 0.48651
3 0.766967 0.226649 0.466066 0.453298
3 0.143893 0.274367 0.287786 0.548735
2 0.492702 0.688512 0.985405 0.611902
3 0.512832 0.461268 0.93753 0.922537
3 0.364436 0.281896 0.606998 0.563792
3 0.264391 0.418532 0.528031 0.771224
4 0.179781 0.639432 0.359563 0.465798
1 0.904756 0.799357 0.190487 0.401285
3 0.509964 0.333268 0.871673 0.666537
3 0.518714 0.37297 0.527023 0.619074
2 0.274972 0.440953 0.548398 0.881906
1 0.914754 0.396101 0.169874 0.369056
4 0.883543 0.506592 0.232913 0.162132
4 0.926269 0.295451 0.146926 0.529222
3 0.196305 0.72109 0.39261 0.557819
3 0.757932 0.184149 0.484136 0.368298
3 0.877863 0.146839 0.244274 0.293679
0 0.926269 0.295451 0.146926 0.529222
2 0.890351 0.779794 0.219299 0.440411
3 0.268911 0.696774 0.537822 0.228259
3 0.372956 0.441168 0.745912 0.882337
3 0.306672 0.325103 0.547001 0.591771
3 0.434164 0.227879 0.428868 0.411183
3 0.560245 0.299337 0.637564 0.598673
3 0.481591 0.814604 0.852496 0.370792
0 0.877863 0.146839 0.244274 0.293679
4 0.904027 0.703709 0.191945 0.592582
1 0.492702 0.688512 0.985405 0.611902
3 0.0962876 0.241335 0.192575 0.48267
3 0.892857 0.639904 0.214286 0.364642
4 0.189277 0.674833 0.377651 0.216941
4 0.478263 0.349937 0.741559 0.699874
4 0.258609 0.84138 0.517218 0.31724
2 0.390093 0.690935 0.778239 0.272188
3 0.492702 0.688512 0.985405 0.611902
3 0.332539 0.243991 0.557167 0.473273
0 0.586179 0.809961 0.706227 0.380078
2 0.489509 0.644332 0.979018 0.711335
4 0.577499 0.559057 0.835919 0.761995
3 0.325778 0.320405 0.651557 0.64081
2 0.770689 0.304364 0.440595 0.59975
3 0.189277 0.674833 0.377651 0.216941
3 0.991236 0.257646 0.0175274 0.515293
1 0.306706 0.403094 0.612379 0.791692
4 0.259162 0.752438 0.518323 0.495124
4 0.612618 0.725529 0.765497 0.548942
4 0.492702 0.688512 0.985405 0.611902
4 0.489509 0.644332 0.979018 0.711335
4 0.921229 0.45381 0.157542 0.378277
3 0.670852 0.664178 0.649202 0.567668
3 0.143143 0.60587 0.286285 0.445598
4 0.124007 0.65193 0.248015 0.263172
3 0.693061 0.28554 0.550915 0.571079
4 0.317766 0.35508 0.536281 0.656648
3 0.75329 0.243755 0.481172 0.487509
3 0.765829 0.710203 0.468342 0.579593
2 0.417682 0.812569 0.835363 0.374861
3 0.139357 0.28532 0.278714 0.57064
4 0.118312 0.308646 0.235347 0.617292
4 0.765829 0.710203 0.468342 0.579593
0 0.765829 0.710203 0.468342 0.579593
0 0.218279 0.569955 0.436557 0.418842
1 0.161123 0.293299 0.320472 0.542527
4 0.877863 0.146839 0.244274 0.293679
3 0.966989 0.369708 0.0660229 0.358194
1 0.390093 0.690935 0.778239 0.272188
1 0.994729 0.670958 0.0105427 0.570286
0 0.207228 0.841731 0.414456 0.316539
3 0.116482 0.350092 0.232964 0.695209
4 0.295318 0.254919 0.552944 0.480867
2 0.990927 0.667401 0.0181454 0.665198
4 0.987014 0.218808 0.0259726 0.437617
4 0.998876 0.708732 0.00224705 0.56891
1 0.196305 0.72109 0.39261 0.557819
2 0.372906 0.250061 0.461907 0.439418
4 0.489082 0.805794 0.978163 0.388411
3 0.252399 0.254675 0.491453 0.50935
4 0.994729 0.670958 0.0105427 0.570286
4 0.320933 0.430267 0.641865 0.860535
2 0.883543 0.506592 0.232913 0.162132
0 0.196305 0.72109 0.39261 0.557819
2 0.945821 0.780695 0.108357 0.438611
3 0.259162 0.752438 0.518323 0.495124
0 0.325778 0.320405 0.651557 0.64081
0 0.513069 0.316726 0.960368 0.615925
3 0.184832 0.284852 0.369665 0.509226
3 0.674661 0.809102 0.632022 0.381797
1 0.218065 0.627241 0.435949 0.3125
1 0.945821 0.780695 0.108357 0.438611
4 0.709249 0.5 0.572627 1
3 0.987014 0.218808 0.0259726 0.437617
1 0.143548 0.665445 0.287096 0.265922
3 0.612618 0.725529 0.765497 0.548942
0 0.612618 0.725529 0.765497 0.548942
0 0.0937934 0.245353 0.187587 0.490706
0 0.434164 0.227879 0.428868 0.411183
2 0.612618 0.725529 0.765497 0.548942
3 0.423941 0.530101 0.847883 0.939798
3 0.120719 0.607604 0.241437 0.362518
3 0.217625 0.0577549 0.435249 0.11551
1 0.835592 0.294838 0.328816 0.575238
2 0.674661 0.809102 0.632022 0.381797
2 0.835592 0.294838 0.328816 0.575238
2 0.558894 0.296679 0.721306 0.593358
3 0.632095 0.276937 0.595818 0.553875
4 0.143143 0.60587 0.286285 0.445598
4 0.800031 0.22088 0.399937 0.441759
4 0.372906 0.250061 0.461907 0.439418
0 0.244611 0.666353 0.489221 0.238647
4 0.164929 0.227471 0.326672 0.448477
3 0.962912 0.195964 0.0741755 0.391928
3 0.50909 0.653054 0.981821 0.452178
0 0.632095 0.276937 0.595818 0.553875
2 0.196305 0.72109 0.39261 0.557819
4 0.892857 0.639904 0.214286 0.364642
1 0.769469 0.302792 0.453818 0.598996
4 0.446989 0.39584 0.447058 0.446237
1 0.674661 0.809102 0.632022 0.381797
0 0.186348 0.0823279 0.372695 0.164656
2 0.259162 0.752438 0.518323 0.495124
1 0.409304 0.444115 0.81499 0.888231
2 0.560245 0.299337 0.637564 0.598673
4 0.913485 0.672376 0.17303 0.404736
1 0.372906 0.250061 0.461907 0.439418
1 0.205389 0.361075 0.409411 0.722151
4 0.757932 0.184149 0.484136 0.368298
1 0.914524 0.514763 0.170952 0.147818
0 0.143893 0.274367 0.287786 0.548735
4 0.384259 0.5 0.768518 1
4 0.364436 0.281896 0.606998 0.563792
4 0.560245 0.299337 0.637564 0.598673
4 0.766967 0.226649 0.466066 0.453298
2 0.179781 0.639432 0.359563 0.465798
3 0.205389 0.361075 0.409411 0.722151
2 0.913485 0.672376 0.17303 0.404736
1 0.950678 0.756745 0.098645 0.48651
2 0.143893 0.274367 0.287786 0.548735
0 0.987014 0.218808 0.0259726 0.437617
1 0.509964 0.333268 0.871673 0.666537
0 0.75329 0.243755 0.481172 0.487509
1 0.5 0.5 1 1
2 0.999356 0.723788 0.0012887 0.552425
4 0.50909 0.653054 0.981821 0.452178
3 0.921229 0.45381 0.157542 0.378277
1 0.423941 0.530101 0.847883 0.939798
2 0.994729 0.670958 0.0105427 0.570286
4 0.518714 0.37297 0.527023 0.619074
0 0.317563 0.530899 0.631089 0.492034
0 0.950678 0.756745 0.098645 0.48651
4 0.75329 0.243755 0.481172 0.487509
1 0.288653 0.849737 0.577305 0.300527
2 0.921229 0.45381 0.157542 0.378277
0 0.143143 0.60587 0.286285 0.445598
0 0.991236 0.257646 0.0175274 0.515293
1 0.768564 0.18243 0.458307 0.364859
1 0.991236 0.257646 0.0175274 0.515293
3 0.998876 0.708732 0.00224705 0.56891
0 0.757932 0.184149 0.484136 0.368298
0 0.910208 0.808465 0.179585 0.383069
1 0.143893 0.274367 0.287786 0.548735
3 0.883543 0.506592 0.232913 0.162132
4 0.962912 0.195964 0.0741755 0.391928
4 0.244611 0.666353 0.489221 0.238647
1 0.966989 0.369708 0.0660229 0.358194
4 0.991236 0.257646 0.0175274 0.515293
2 0.496645 0.5 0.99329 1
4 0.966989 0.369708 0.0660229 0.358194
2 0.223222 0.300756 0.446443 0.550539
1 0.572719 0.729259 0.83899 0.424796
1 0.66155 0.857856 0.163396 0.284289
1 0.693299 0.860004 0.134142 0.279992
1 0.777343 0.861206 0.196487 0.277588
1 0.835241 0.857649 0.224297 0.284701
1 0.63421 0.831221 0.211071 0.337557
0 0.909548 0.522611 0.180904 0.144986
1 0.870027 0.832736 0.259945 0.334528
1 0.552262 0.815391 0.22843 0.369218
1 0.711259 0.861605 0.188739 0.27679
1 0.797214 0.860453 0.136834 0.279094
1 0.597204 0.822035 0.257247 0.355931
1 0.240146 0.791081 0.479264 0.417838
2 0.909548 0.522611 0.180904 0.144986
1 0.562947 0.688646 0.278414 0.622709
1 0.91292 0.530818 0.17416 0.140687
1 0.933922 0.820672 0.132156 0.354013
2 0.900725 0.81296 0.19855 0.37408
1 0.137593 0.682973 0.273901 0.268236
1 0.698374 0.83332 0.267701 0.33336
0 0.292777 0.298646 0.585553 0.597292
1 0.793306 0.821196 0.309615 0.357607
1 0.900725 0.81296 0.19855 0.37408
0 0.278921 0.656162 0.555858 0.603382
2 0.278921 0.656162 0.555858 0.603382
1 0.144767 0.5676 0.288984 0.429532
0 0.265177 0.562679 0.52749 0.560455
2 0.933922 0.820672 0.132156 0.354013
0 0.706884 0.434136 0.586233 0.336345
0 0.914844 0.556273 0.165688 0.077327
0 0.197618 0.060951 0.395236 0.121902
0 0.961158 0.760774 0.0776848 0.405464
0 0.545153 0.591548 0.189265 0.0574794
0 0.7796 0.30597 0.4408 0.611941
1 0.224423 0.309403 0.448847 0.618807
1 0.695388 0.649768 0.570597 0.700463
2 0.888641 0.853513 0.222718 0.292974
0 0.667905 0.325097 0.54948 0.650194
0 0.39778 0.275151 0.79556 0.550302
0 0.297916 0.5 0.595832 1
0 0.605874 0.453747 0.665041 0.317101
0 0.859785 0.815184 0.280429 0.369632
0 0.110887 0.317584 0.221773 0.588255
3 0.544803 0.459804 0.519041 0.326631
2 0.859785 0.815184 0.280429 0.369632
2 0.265177 0.562679 0.52749 0.560455
2 0.143765 0.578912 0.287163 0.41998
0 0.510224 0.507698 0.432417 0.236426
0 0.771653 0.0721222 0.456695 0.144244
3 0.695388 0.649768 0.570597 0.700463
0 0.518592 0.363075 0.834343 0.72615
0 0.185651 0.0937182 0.371302 0.187436
2 0.801619 0.862432 0.17849 0.275136
0 0.77387 0.451447 0.45226 0.288062
2 0.63421 0.831221 0.211071 0.337557
1 0.246981 0.567529 0.491916 0.430329
2 0.789944 0.469559 0.420112 0.250632
3 0.24457 0.798302 0.485053 0.403395
3 0.362473 0.329998 0.724947 0.659995
1 0.197123 0.141154 0.394246 0.282308
0 0.593471 0.659045 0.348766 0.68191
0 0.197123 0.141154 0.394246 0.282308
0 0.519934 0.552723 0.424671 0.139093
0 0.418309 0.603942 0.157956 0.0582642
2 0.864178 0.697222 0.271645 0.605556
3 0.562947 0.688646 0.278414 0.622709
1 0.817934 0.687831 0.364132 0.624337
1 0.789944 0.469559 0.420112 0.250632
4 0.783583 0.304456 0.432834 0.608912
0 0.546286 0.301743 0.56292 0.603486
3 0.278921 0.656162 0.555858 0.603382
1 0.278921 0.656162 0.555858 0.603382
1 0.583713 0.859202 0.167211 0.281597
0 0.519207 0.470175 0.536415 0.338627
3 0.784148 0.299899 0.431705 0.599797
0 0.237828 0.266253 0.4709 0.532506
3 0.817934 0.687831 0.364132 0.624337
3 0.224423 0.309403 0.448847 0.618807
0 0.900725 0.81296 0.19855 0.37408
4 0.546286 0.301743 0.56292 0.603486
0 0.137593 0.682973 0.273901 0.268236
3 0.358764 0.663591 0.659056 0.672819
0 0.453349 0.303332 0.381295 0.606664
0 0.169806 0.803882 0.335738 0.391621
0 0.523067 0.832622 0.149523 0.334755
3 0.789944 0.469559 0.420112 0.250632
2 0.682592 0.861953 0.134647 0.276094
3 0.751045 0.428957 0.49791 0.335152
1 0.784148 0.299899 0.431705 0.599797
0 0.113117 0 0.226234 0
1 0.813837 0.530531 0.372326 0.136162
0 0.844258 0.320729 0.311483 0.554554
4 0.844258 0.320729 0.311483 0.554554
1 0.568 0.320643 0.819541 0.641286
3 0.518663 0.717758 0.28126 0.564485
3 0.137593 0.682973 0.273901 0.268236
0 0.888641 0.853513 0.222718 0.292974
1 0.924767 0.703764 0.150467 0.569078
1 0.521905 0.813412 0.156178 0.373176
3 0.850909 0.266994 0.298182 0.533987
1 0.90755 0.410583 0.1849 0.373426
2 0.722052 0.482907 0.526341 0.238311
0 0.508793 0.365426 0.466453 0.498873
3 0.523814 0.308743 0.502652 0.617486
0 0.143765 0.578912 0.287163 0.41998
2 0.240146 0.791081 0.479264 0.417838
1 0.605874 0.453747 0.665041 0.317101
3 0.461679 0.443253 0.677115 0.375403
1 0.110887 0.317584 0.221773 0.588255
4 0.137593 0.682973 0.273901 0.268236
3 0.366698 0.5 0.730271 1
1 0.185651 0.0937182 0.371302 0.187436
1 0.553834 0.84492 0.152593 0.31016
3 0.917822 0.515867 0.164356 0.153829
1 0.101696 0.491122 0.203391 0.450125
1 0.864178 0.697222 0.271645 0.605556
2 0.783583 0.304456 0.432834 0.608912
1 0.722052 0.482907 0.526341 0.238311
1 0.169806 0.803882 0.335738 0.391621
2 0.605874 0.453747 0.665041 0.317101
2 0.525319 0.541801 0.377521 0.150119
0 0.813837 0.530531 0.372326 0.136162
2 0.72074 0.861698 0.159683 0.276603
4 0.336304 0.284451 0.672607 0.568901
2 0.224423 0.309403 0.448847 0.618807
0 0.844681 0.0928314 0.310638 0.185663
2 0.137593 0.682973 0.273901 0.268236
3 0.152285 0.261002 0.30457 0.522005
0 0.198369 0.298951 0.396739 0.597902
4 0.269335 0.6728 0.537138 0.6544
2 0.523067 0.832622 0.149523 0.334755
2 0.844258 0.320729 0.311483 0.554554
4 0.453349 0.303332 0.381295 0.606664
2 0.835241 0.857649 0.224297 0.284701
2 0.817934 0.687831 0.364132 0.624337
0 0.722052 0.482907 0.526341 0.238311
2 0.813837 0.530531 0.372326 0.136162
0 0.398081 0.586344 0.796162 0.827312
3 0.131806 0.199875 0.263611 0.39975
4 0.224423 0.309403 0.448847 0.618807
0 0.340389 0.653803 0.680777 0.692395
1 0.362473 0.329998 0.724947 0.659995
0 0.871869 0 0.256263 0
3 0.453349 0.303332 0.381295 0.606664
4 0.605874 0.453747 0.665041 0.317101
1 0.518663 0.717758 0.28126 0.564485
3 0.899763 0.298063 0.200474 0.596127
3 0.930154 0.81518 0.139692 0.36964
2 0.53624 0.727894 0.240768 0.544212
0 0.613785 0.513468 0.406225 0.19251
3 0.328426 0.572971 0.656852 0.82565
0 0.140266 0.484179 0.280532 0.41878
0 0.911095 0.256899 0.17781 0.481278
2 0.197299 0.818792 0.394598 0.362416
2 0.340389 0.653803 0.680777 0.692395
3 0.623966 0.418909 0.676035 0.378375
4 0.75974 0.432681 0.472749 0.327348
2 0.101696 0.491122 0.203391 0.450125
0 0.101696 0.491122 0.203391 0.450125
4 0.205254 0.792063 0.40782 0.415874
1 0.358764 0.663591 0.659056 0.672819
3 0.90755 0.410583 0.1849 0.373426
4 0.66488 0.279638 0.66587 0.559275
0 0.129001 0.0393628 0.258001 0.0787256
2 0.613785 0.513468 0.406225 0.19251
1 0.613785 0.513468 0.406225 0.19251
4 0.680607 0.423067 0.638787 0.352301
0 0.144792 0.309793 0.289584 0.619586
4 0.131806 0.199875 0.263611 0.39975
3 0.129001 0.0393628 0.258001 0.0787256
0 0.5 0.466012 1 0.932024
3 0.613785 0.513468 0.406225 0.19251
0 0.403033 0.603174 0.119219 0.0533383
0 0.25275 0.800818 0.499756 0.396953
4 0.518592 0.363075 0.834343 0.72615
3 0.650693 0.294592 0.667517 0.589185
2 0.110887 0.317584 0.221773 0.588255
1 0.75974 0.432681 0.472749 0.327348
4 0.340389 0.653803 0.680777 0.692395
0 0.864178 0.697222 0.271645 0.605556
2 0.510224 0.507698 0.432417 0.236426
4 0.113583 0.312959 0.227166 0.625917
0 0.933922 0.820672 0.132156 0.354013
0 0.707602 0.655671 0.532582 0.688659
1 0.525319 0.541801 0.377521 0.150119
3 0.113583 0.312959 0.227166 0.625917
2 0.519207 0.470175 0.536415 0.338627
3 0.722052 0.482907 0.526341 0.238311
3 0.519934 0.552723 0.424671 0.139093
3 0.863949 0.203087 0.272102 0.363466
0 0.478743 0.827396 0.188152 0.345209
3 0.510224 0.507698 0.432417 0.236426
1 0.409975 0.816945 0.321371 0.366111
2 0.75974 0.432681 0.472749 0.327348
0 0.550385 0 0.312655 0
4 0.789944 0.469559 0.420112 0.250632
2 0.398081 0.586344 0.796162 0.827312
0 0.411365 0.82056 0.357366 0.358881
0 0.131806 0.199875 0.263611 0.39975
4 0.297916 0.5 0.595832 1
4 0.318279 0.782683 0.633818 0.434635
2 0.131806 0.199875 0.263611 0.39975
2 0.899763 0.298063 0.200474 0.596127
3 0.848154 0.818249 0.301229 0.363502
4 0.909548 0.522611 0.180904 0.144986
1 0.258171 0.420914 0.514209 0.841829
3 0.833107 0.100217 0.333786 0.200433
2 0.553646 0.406605 0.892707 0.81321
1 0.66488 0.279638 0.66587 0.559275
4 0.911095 0.256899 0.17781 0.481278
1 0.366698 0.5 0.730271 1
4 0.523067 0.832622 0.149523 0.334755
3 0.793306 0.821196 0.309615 0.357607
2 0.593471 0.659045 0.348766 0.68191
3 0.518592 0.363075 0.834343 0.72615
4 0.461679 0.443253 0.677115 0.375403
1 0.292777 0.298646 0.585553 0.597292
0 0.461679 0.443253 0.677115 0.375403
2 0.374619 0.309378 0.721569 0.618755
0 0.5 0.32873 1 0.657459
4 0.263433 0.810546 0.508341 0.378909
0 0.783448 0.49989 0.433104 0.195779
4 0.478743 0.827396 0.188152 0.345209
4 0.112567 0.163663 0.225135 0.327326
3 0.919021 0.54471 0.161959 0.113581
3 0.144767 0.5676 0.288984 0.429532
2 0.698374 0.83332 0.267701 0.33336
4 0.517353 0.317546 0.478432 0.601496
4 0.519207 0.470175 0.536415 0.338627
2 0.793306 0.821196 0.309615 0.357607
1 0.899763 0.298063 0.200474 0.596127
2 0.680607 0.423067 0.638787 0.352301
4 0.519934 0.552723 0.424671 0.139093
1 0.197618 0.060951 0.395236 0.121902
2 0.546286 0.301743 0.56292 0.603486
3 0.140266 0.484179 0.280532 0.41878
1 0.510224 0.507698 0.432417 0.236426
1 0.5 0.466012 1 0.932024
0 0.181913 0.727281 0.363825 0.455874
4 0.197123 0.141154 0.394246 0.282308
1 0.956276 0.814419 0.0874474 0.371162
0 0.175146 0.819031 0.350293 0.361938
0 0.146291 0.0286735 0.292582 0.0573471
0 0.756816 0.395024 0.486367 0.405155
4 0.871461 0.276937 0.257078 0.553873
3 0.864178 0.697222 0.271645 0.605556
2 0.175146 0.819031 0.350293 0.361938
3 0.146291 0.0286735 0.292582 0.0573471
4 0.930154 0.81518 0.139692 0.36964
2 0.707602 0.655671 0.532582 0.688659
4 0.398081 0.586344 0.796162 0.827312
1 0.844258 0.320729 0.311483 0.554554
1 0.152285 0.261002 0.30457 0.522005
4 0.411365 0.82056 0.357366 0.358881
1 0.197132 0.22526 0.394264 0.45052
4 0.817934 0.687831 0.364132 0.624337
4 0.510224 0.507698 0.432417 0.236426
4 0.378708 0.34946 0.757416 0.698921
1 0.472555 0.813345 0.186264 0.37331
1 0.519207 0.470175 0.536415 0.338627
0 0.538667 0.814792 0.209336 0.370415
1 0.150894 0.315471 0.301787 0.630942
2 0.17105 0.286309 0.342099 0.572618
4 0.771653 0.0721222 0.456695 0.144244
0 0.264086 0.400901 0.528172 0.801802
3 0.246981 0.567529 0.491916 0.430329
2 0.929013 0.298631 0.141974 0.548907
4 0.152285 0.261002 0.30457 0.522005
4 0.143765 0.578912 0.287163 0.41998
2 0.655644 0.86285 0.159243 0.274301
0 0.956276 0.814419 0.0874474 0.371162
2 0.956276 0.814419 0.0874474 0.371162
0 0.817934 0.687831 0.364132 0.624337
2 0.197132 0.22526 0.394264 0.45052
4 0.185651 0.0937182 0.371302 0.187436
3 0.5 0.32873 1 0.657459
3 0.435246 0.824068 0.255644 0.351864
3 0.813837 0.530531 0.372326 0.136162
2 0.473348 0.308296 0.93727 0.616591
4 0.844681 0.0928314 0.310638 0.185663
3 0.956276 0.814419 0.0874474 0.371162
0 0.90755 0.410583 0.1849 0.373426
4 0.863949 0.203087 0.272102 0.363466
2 0.553834 0.84492 0.152593 0.31016
1 0.349168 0.819692 0.383732 0.360615
4 0.264086 0.400901 0.528172 0.801802
2 0.478743 0.827396 0.188152 0.345209
4 0.591641 0.366985 0.622009 0.493236
2 0.140266 0.484179 0.280532 0.41878
4 0.562947 0.688646 0.278414 0.622709
3 0.698374 0.83332 0.267701 0.33336
3 0.924767 0.703764 0.150467 0.569078
3 0.181913 0.727281 0.363825 0.455874
4 0.695388 0.649768 0.570597 0.700463
3 0.101696 0.491122 0.203391 0.450125
2 0.597204 0.822035 0.257247 0.355931
0 0.929013 0.298631 0.141974 0.548907
2 0.185651 0.0937182 0.371302 0.187436
0 0.378708 0.34946 0.757416 0.698921
2 0.538667 0.814792 0.209336 0.370415
2 0.453349 0.303332 0.381295 0.606664
0 0.796788 0.833241 0.406424 0.333517
0 0.716175 0.840659 0.567649 0.318681
0 0.811478 0.391762 0.375791 0.38805
0 0.310583 0.821146 0.483395 0.357709
0 0.378871 0.846755 0.560656 0.30649
0 0.228378 0.867422 0.456757 0.265155
0 0.808074 0.292343 0.378602 0.584377
0 0.291001 0.883797 0.426163 0.232406
0 0.590548 0.845017 0.628922 0.309965
0 0.0702586 0.520397 0.137761 0.219115
0 0.37566 0.901303 0.457306 0.197393
0 0.470855 0.82039 0.459739 0.35922
0 0.543997 0.893982 0.492148 0.212036
0 0.588574 0.80893 0.493917 0.38214
0 0.486299 0.428518 0.415374 0.351176
0 0.196941 0.801982 0.393882 0.396035
0 0.616843 0.883464 0.513106 0.233072
0 0.161989 0.835142 0.323979 0.329715
1 0.178901 0.742457 0.357802 0.289528
1 0.191072 0.672878 0.381772 0.22281
0 0.270957 0.307473 0.541914 0.614946
0 0.885327 0.136544 0.229345 0.273087
2 0.191072 0.672878 0.381772 0.22281
0 0.421081 0.328813 0.77525 0.657626
0 0.912589 0.501338 0.174822 0.188399
1 0.122598 0.685895 0.244995 0.173181
0 0.692785 0.434699 0.0706673 0.0793508
0 0.557605 0.50376 0.110149 0.166391
1 0.168697 0.633476 0.336511 0.28966
0 0.20059 0.578079 0.398321 0.411085
1 0.186155 0.582469 0.371359 0.408664
0 0.3492 0.458826 0.693745 0.886976
1 0.221272 0.798995 0.442545 0.402011
2 0.168697 0.633476 0.336511 0.28966
2 0.178901 0.742457 0.357802 0.289528
1 0.205822 0.875369 0.408686 0.249262
0 0.253123 0.696868 0.503677 0.606263
1 0.813413 0.825598 0.373174 0.348805
0 0.680506 0.190494 0.636219 0.380987
0 0.481295 0.589234 0.0888617 0.047033
0 0.570948 0.461773 0.626922 0.382823
0 0.696362 0.446696 0.0823579 0.0672975
0 0.748781 0.226426 0.502438 0.452853
0 0.114872 0.197455 0.229743 0.394911
1 0.115966 0.591644 0.229392 0.384233
2 0.241882 0.805408 0.483764 0.389183
0 0.678631 0.315366 0.642738 0.630732
1 0.291001 0.883797 0.426163 0.232406
1 0.10259 0.725038 0.20518 0.251699
1 0.250031 0.261831 0.500061 0.523662
0 0.507293 0.392225 0.879538 0.78445
0 0.716169 0.702608 0.567663 0.594785
2 0.813413 0.825598 0.373174 0.348805
1 0.37566 0.901303 0.457306 0.197393
2 0.257651 0.293867 0.512715 0.587735
0 0.186658 0.700991 0.373003 0.332207
0 0.69115 0.49612 0.0729557 0.169369
0 0.670735 0.409856 0.643161 0.394877
2 0.186155 0.582469 0.371359 0.408664
0 0.243522 0.238835 0.485405 0.477669
0 0.479445 0.500039 0.465845 0.445509
2 0.122598 0.685895 0.244995 0.173181
2 0.814078 0.396173 0.371845 0.386865
1 0.495305 0.904344 0.481884 0.191312
0 0.606582 0.422164 0.747657 0.473452
1 0.161989 0.835142 0.323979 0.329715
0 0.823349 0.89159 0.353303 0.216821
0 0.420772 0.565088 0.663158 0.600231
1 0.271603 0.398232 0.540709 0.74991
0 0.602513 0.521504 0.73167 0.469662
0 0.605506 0.335593 0.788988 0.671187
2 0.847765 0.871525 0.304469 0.25695
1 0.616843 0.883464 0.513106 0.233072
0 0.698356 0.486926 0.0940047 0.135681
0 0.160255 0.189954 0.32051 0.379909
1 0.847765 0.871525 0.304469 0.25695
0 0.410493 0.66188 0.820987 0.67624
0 0.649092 0.583619 0.608709 0.656719
0 0.917774 0.196917 0.164451 0.393834
2 0.800647 0.29621 0.397393 0.59242
1 0.855436 0.790909 0.289128 0.418181
2 0.348918 0.778335 0.697836 0.44333
0 0.11566 0.83044 0.231319 0.33912
2 0.3492 0.458826 0.693745 0.886976
0 0.399243 0.346695 0.240662 0.208335
0 0.110388 0.127874 0.220775 0.255748
1 0.705328 0.868257 0.589344 0.263486
0 0.597516 0.746606 0.723223 0.506788
1 0.455748 0.59158 0.0926826 0.0499046
0 0.828898 0.175047 0.342204 0.350094
0 0.439618 0.591436 0.123354 0.0523124
0 0.361539 0.271256 0.692942 0.542512
2 0.271603 0.398232 0.540709 0.74991
0 0.849919 0.804836 0.300163 0.390328
0 0.840349 0.259441 0.319303 0.518882
1 0.290499 0.843598 0.580999 0.312804
2 0.420772 0.565088 0.663158 0.600231
0 0.565895 0.636161 0.701214 0.660094
0 0.296391 0.317616 0.592782 0.635231
0 0.191072 0.672878 0.381772 0.22281
4 0.847765 0.871525 0.304469 0.25695
1 0.435417 0.593705 0.12951 0.0568749
4 0.3492 0.458826 0.693745 0.886976
4 0.670735 0.409856 0.643161 0.394877
0 0.761212 0.517737 0.477576 0.304518
0 0.11161 0.592167 0.222724 0.372092
3 0.818724 0.502134 0.362552 0.231086
3 0.341063 0.6277 0.673789 0.547783
0 0.950365 0.704597 0.0992691 0.590807
3 0.656813 0.298932 0.686374 0.597865
3 0.10259 0.725038 0.20518 0.251699
1 0.121071 0.800703 0.242143 0.398594
1 0.833955 0.373422 0.33209 0.422639
2 0.658351 0.745493 0.683299 0.509014
0 0.19878 0.18202 0.39756 0.364039
3 0.410493 0.66188 0.820987 0.67624
4 0.114872 0.197455 0.229743 0.394911
4 0.617048 0.45384 0.738096 0.407055
0 0.53088 0.20693 0.694281 0.413859
2 0.341063 0.6277 0.673789 0.547783
2 0.390631 0.653519 0.781263 0.692963
1 0.436992 0.848376 0.616932 0.303248
0 0.813684 0.476264 0.372632 0.274218
1 0.420772 0.565088 0.663158 0.600231
0 0.158379 0.0959606 0.316757 0.191921
2 0.693824 0.84037 0.612353 0.31926
0 0.348918 0.778335 0.697836 0.44333
4 0.917774 0.196917 0.164451 0.393834
3 0.122598 0.685895 0.244995 0.173181
4 0.649092 0.583619 0.608709 0.656719
1 0.347159 0.416574 0.694319 0.833149
2 0.870469 0.797169 0.259063 0.405663
4 0.818724 0.502134 0.362552 0.231086
1 0.479445 0.500039 0.465845 0.445509
0 0.438262 0.23084 0.55971 0.46168
3 0.221272 0.798995 0.442545 0.402011
3 0.670735 0.409856 0.643161 0.394877
2 0.495024 0.690197 0.833884 0.619607
4 0.253123 0.696868 0.503677 0.606263
0 0.915132 0.39422 0.169736 0.398668
3 0.114872 0.197455 0.229743 0.394911
1 0.539181 0.439297 0.522634 0.355752
2 0.670735 0.409856 0.643161 0.394877
2 0.253123 0.696868 0.503677 0.606263
4 0.390631 0.653519 0.781263 0.692963
1 0.767123 0.315268 0.465754 0.630536
3 0.830228 0.431843 0.339544 0.328058
3 0.687325 0.469891 0.62535 0.30307
0 0.898714 0.492202 0.202572 0.252059
4 0.826109 0.301165 0.347781 0.60233
1 0.113103 0.200551 0.226206 0.401103
0 0.779741 0.445347 0.440518 0.292565
0 0.467076 0.591344 0.0650657 0.0492232
4 0.524926 0.701299 0.781225 0.597402
3 0.865023 0.280938 0.269953 0.561875
0 0.117475 0.307038 0.233051 0.614076
2 0.489296 0.440553 0.429143 0.362845
4 0.463554 0.392234 0.877695 0.784468
4 0.898714 0.492202 0.202572 0.252059
3 0.3492 0.458826 0.693745 0.886976
4 0.341063 0.6277 0.673789 0.547783
2 0.570948 0.461773 0.626922 0.382823
1 0.138996 0.183412 0.277992 0.366824
0 0.560513 0.444479 0.0881859 0.0437135
1 0.670735 0.409856 0.643161 0.394877
1 0.865023 0.280938 0.269953 0.561875
2 0.479445 0.500039 0.465845 0.445509
1 0.410493 0.66188 0.820987 0.67624
1 0.117475 0.307038 0.233051 0.614076
1 0.656813 0.298932 0.686374 0.597865
2 0.898714 0.492202 0.202572 0.252059
0 0.109998 0.783317 0.219996 0.431478
3 0.605506 0.335593 0.788988 0.671187
0 0.687325 0.469891 0.62535 0.30307
3 0.348918 0.778335 0.697836 0.44333
2 0.558212 0.628915 0.643735 0.742171
0 0.685357 0.416992 0.0512931 0.0494598
2 0.616843 0.883464 0.513106 0.233072
1 0.926149 0.621393 0.147702 0.393209
3 0.649092 0.583619 0.608709 0.656719
4 0.656813 0.298932 0.686374 0.597865
1 0.348918 0.778335 0.697836 0.44333
2 0.290499 0.843598 0.580999 0.312804
3 0.565895 0.636161 0.701214 0.660094
4 0.821587 0.434229 0.356825 0.327505
2 0.649092 0.583619 0.608709 0.656719
4 0.257651 0.293867 0.512715 0.587735
2 0.540457 0.848886 0.633814 0.302228
2 0.10259 0.725038 0.20518 0.251699
4 0.892195 0.130495 0.21561 0.26099
0 0.341063 0.6277 0.673789 0.547783
4 0.605506 0.335593 0.788988 0.671187
2 0.113103 0.200551 0.226206 0.401103
4 0.828898 0.175047 0.342204 0.350094
1 0.617048 0.45384 0.738096 0.407055
1 0.91999 0.296721 0.160021 0.541711
3 0.779741 0.445347 0.440518 0.292565
2 0.543997 0.893982 0.492148 0.212036
3 0.524926 0.701299 0.781225 0.597402
2 0.687325 0.469891 0.62535 0.30307
3 0.110388 0.127874 0.220775 0.255748
0 0.111185 0.369191 0.22237 0.738383
2 0.813684 0.476264 0.372632 0.274218
4 0.950365 0.704597 0.0992691 0.590807
4 0.926149 0.621393 0.147702 0.393209
3 0.847765 0.871525 0.304469 0.25695
1 0.716169 0.702608 0.567663 0.594785
4 0.489296 0.440553 0.429143 0.362845
2 0.163145 0.803479 0.326291 0.393042
2 0.656813 0.298932 0.686374 0.597865
0 0.107409 0.520288 0.214818 0.5003
3 0.160255 0.189954 0.32051 0.379909
1 0.524926 0.701299 0.781225 0.597402
0 0.108643 0.16511 0.217286 0.330221
4 0.36192 0.329575 0.72384 0.659149
0 0.925078 0.798779 0.149845 0.402442
1 0.898714 0.492202 0.202572 0.252059
2 0.254752 0.559319 0.505153 0.441498
1 0.917774 0.196917 0.164451 0.393834
3 0.121071 0.800703 0.242143 0.398594
4 0.763472 0.256197 0.473055 0.512394
2 0.623569 0.504042 0.752862 0.389221
1 0.687325 0.469891 0.62535 0.30307
1 0.821587 0.434229 0.356825 0.327505
4 0.558212 0.628915 0.643735 0.742171
4 0.11058 0.814888 0.22116 0.370224
3 0.593075 0.456785 0.671239 0.381435
2 0.917774 0.196917 0.164451 0.393834
4 0.241882 0.805408 0.483764 0.389183
1 0.892195 0.130495 0.21561 0.26099
4 0.638908 0.810536 0.540007 0.378928
2 0.107409 0.520288 0.214818 0.5003
1 0.915132 0.39422 0.169736 0.398668
2 0.160255 0.189954 0.32051 0.379909
2 0.101168 0.597641 0.20109 0.367309
3 0.250031 0.261831 0.500061 0.523662
3 0.253123 0.696868 0.503677 0.606263
2 0.606582 0.422164 0.747657 0.473452
3 0.107409 0.520288 0.214818 0.5003
2 0.915132 0.39422 0.169736 0.398668
1 0.818724 0.502134 0.362552 0.231086
3 0.898714 0.492202 0.202572 0.252059
2 0.112288 0.801475 0.224575 0.39705
2 0.77657 0.706731 0.44686 0.586538
3 0.385193 0.384376 0.756719 0.768753
0 0.159048 0.390065 0.318095 0.750475
1 0.748781 0.226426 0.502438 0.452853
4 0.658351 0.745493 0.683299 0.509014
3 0.602513 0.521504 0.73167 0.469662
3 0.108643 0.16511 0.217286 0.330221
1 0.110388 0.127874 0.220775 0.255748
1 0.649092 0.583619 0.608709 0.656719
4 0.476783 0.501354 0.523997 0.468927
1 0.950365 0.704597 0.0992691 0.590807
3 0.117475 0.307038 0.233051 0.614076
1 0.107409 0.520288 0.214818 0.5003
0 0.926149 0.621393 0.147702 0.393209
2 0.109122 0.625957 0.218244 0.434358
3 0.892195 0.130495 0.21561 0.26099
4 0.687325 0.469891 0.62535 0.30307
0 0.909078 0.453706 0.181845 0.282393
1 0.108643 0.16511 0.217286 0.330221
2 0.108643 0.16511 0.217286 0.330221
3 0.763472 0.256197 0.473055 0.512394
2 0.892195 0.130495 0.21561 0.26099
4 0.110388 0.127874 0.220775 0.255748
4 0.761212 0.517737 0.477576 0.304518
3 0.505726 0.545802 0.508357 0.468758
2 0.761212 0.517737 0.477576 0.304518
4 0.870469 0.797169 0.259063 0.405663
3 0.917774 0.196917 0.164451 0.393834
1 0.584255 0.346055 0.777582 0.692111
4 0.117475 0.307038 0.233051 0.614076
2 0.626631 0.806767 0.467977 0.386467
2 0.435263 0.90599 0.460402 0.188021
2 0.463554 0.392234 0.877695 0.784468
2 0.828898 0.175047 0.342204 0.350094
1 0.638652 0.838127 0.629849 0.323745
1 0.876117 0.522437 0.247766 0.232499
2 0.110388 0.127874 0.220775 0.255748
1 0.558212 0.628915 0.643735 0.742171
2 0.605506 0.335593 0.788988 0.671187
1 0.801428 0.323982 0.397145 0.527859
4 0.111185 0.369191 0.22237 0.738383
0 0.939552 0.34889 0.120245 0.244865
0 0.459011 0.148056 0.304677 0.296113
4 0.524126 0.820232 0.597809 0.359536
1 0.111185 0.369191 0.22237 0.738383
3 0.870469 0.797169 0.259063 0.405663
3 0.926149 0.621393 0.147702 0.393209
3 0.876117 0.522437 0.247766 0.232499
1 0.433581 0.599129 0.0504606 0.0478278
3 0.801428 0.323982 0.397145 0.527859
0 0.81087 0.286719 0.145066 0.17979
4 0.348918 0.778335 0.697836 0.44333
1 0.828898 0.175047 0.342204 0.350094
4 0.108643 0.16511 0.217286 0.330221
2 0.840349 0.259441 0.319303 0.518882
3 0.420772 0.565088 0.663158 0.600231
0 0.91999 0.296721 0.160021 0.541711
1 0.24213 0.821392 0.484261 0.357217
1 0.119335 0.00975153 0.227833 0.0195031
1 0.185088 0.00726231 0.166389 0.0145246
1 0.97756 0.0153052 0.0448791 0.0306104
1 0.238485 0.00685388 0.159462 0.0137078
1 0.958268 0.0119059 0.0834632 0.0238118
1 0.150607 0.814036 0.301215 0.371929
1 0.28375 0.0068678 0.135968 0.0137356
0 0.718376 0.802925 0.563248 0.394151
1 0.582789 0.0120969 0.134858 0.0241938
1 0.53948 0.0109014 0.150072 0.0218027
1 0.325315 0.00721772 0.115173 0.0144354
1 0.197404 0.761075 0.394808 0.359288
1 0.163392 0.566358 0.321357 0.429988
1 0.934702 0.0103427 0.130597 0.0206853
1 0.635722 0.0116416 0.149402 0.0232831
1 0.374171 0.00752795 0.110377 0.0150559
1 0.11629 0.688294 0.232581 0.368872
1 0.498863 0.00918917 0.164843 0.0183783
1 0.685784 0.010301 0.153548 0.0206021
1 0.437685 0.00817332 0.14059 0.0163466
1 0.780587 0.00862183 0.125832 0.0172437
1 0.861765 0.00916757 0.18361 0.0183351
1 0.117521 0.572447 0.235043 0.408967
1 0.256098 0.266092 0.512197 0.532185
1 0.872553 0.79614 0.254894 0.407721
1 0.121297 0.0646658 0.242595 0.129332
0 0.616288 0.804528 0.628218 0.390945
1 0.726589 0.00912609 0.128737 0.0182522
1 0.14215 0.665044 0.2843 0.238053
1 0.326081 0.33509 0.637501 0.67018
1 0.909369 0.00912354 0.181261 0.0182471
1 0.115775 0.236669 0.231551 0.473339
1 0.96122 0.0627708 0.0775608 0.125542
0 0.283264 0.618999 0.132604 0.067618
0 0.448139 0.601872 0.0156621 0.0384517
1 0.801072 0.289311 0.397856 0.578622
1 0.915936 0.216219 0.168127 0.432438
0 0.156418 0.00470071 0.312835 0.00940142
0 0.468087 0.809608 0.650715 0.380785
1 0.0418041 0.721434 0.0836083 0.557133
2 0.23294 0.798285 0.46588 0.40343
1 0.936474 0.0680499 0.127053 0.1361
1 0.200307 0.659518 0.400506 0.325461
1 0.0807646 0.602394 0.161529 0.443818
2 0.191588 0.567101 0.379167 0.432283
1 0.386298 0.826516 0.627571 0.346968
1 0.95142 0.182236 0.0971605 0.364472
0 0.354225 0.812378 0.679569 0.375244
1 0.580376 0.420897 0.820536 0.841793
0 0.860947 0.00628576 0.278106 0.0125715
1 0.681737 0.403315 0.636526 0.80663
3 0.567394 0.0566096 0.0238689 0.035515
2 0.118603 0.576725 0.236414 0.423392
2 0.11629 0.688294 0.232581 0.368872
2 0.200567 0.836465 0.401134 0.327071
0 0.218249 0.00507524 0.342209 0.0101505
2 0.113876 0.8053 0.227753 0.389399
2 0.936474 0.0680499 0.127053 0.1361
2 0.200307 0.659518 0.400506 0.325461
1 0.910936 0.101306 0.177962 0.202611
1 0.726853 0.32022 0.546294 0.640441
1 0.803932 0.795234 0.392135 0.409531
0 0.781755 0.407898 0.432216 0.403424
2 0.97756 0.0153052 0.0448791 0.0306104
1 0.448139 0.601872 0.0156621 0.0384517
1 0.0856906 0.795084 0.171381 0.409832
0 0.814174 0.794782 0.371652 0.410437
0 0.684321 0.432464 0.0518143 0.0288115
1 0.415958 0.416882 0.79303 0.833763
0 0.235324 0.297169 0.466138 0.594338
0 0.817255 0.00460315 0.340755 0.0092063
1 0.221477 0.579633 0.438573 0.440447
2 0.14215 0.665044 0.2843 0.238053
0 0.0934061 0.814736 0.186812 0.370529
2 0.95142 0.182236 0.0971605 0.364472
0 0.467404 0.00534161 0.341703 0.0106832
1 0.941905 0.808538 0.116189 0.382923
2 0.185088 0.00726231 0.166389 0.0145246
1 0.486383 0.817494 0.645091 0.365011
2 0.801072 0.289311 0.397856 0.578622
2 0.718376 0.802925 0.563248 0.394151
0 0.221477 0.579633 0.438573 0.440447
0 0.64244 0.0169359 0.340325 0.0338717
0 0.391976 0.00484978 0.340462 0.00969955
0 0.474932 0.629769 0.0349691 0.0280161
0 0.292622 0.00491474 0.340789 0.00982948
0 0.6672 0.00840067 0.342433 0.0168013
0 0.737566 0.463137 0.524869 0.673327
0 0.74371 0.0042938 0.340999 0.00858759
0 0.68873 0.448595 0.0628893 0.04677
2 0.197404 0.761075 0.394808 0.359288
0 0.936474 0.0680499 0.127053 0.1361
1 0.0680322 0.0235357 0.136064 0.0470713
0 0.0680322 0.0235357 0.136064 0.0470713
2 0.856949 0.793691 0.286101 0.412618
2 0.238485 0.00685388 0.159462 0.0137078
0 0.715919 0.29658 0.568161 0.59316
1 0.263216 0.402762 0.525549 0.761671
0 0.686446 0.439773 0.0542124 0.0437055
0 0.0812199 0.0783193 0.16244 0.156639
0 0.0807646 0.602394 0.161529 0.443818
0 0.314601 0.402528 0.629202 0.805057
1 0.166932 0.0729465 0.23127 0.145893
2 0.28375 0.0068678 0.135968 0.0137356
0 0.0418041 0.721434 0.0836083 0.557133
0 0.330638 0.610301 0.0937233 0.0560992
1 0.718376 0.802925 0.563248 0.394151
1 0.455763 0.6064 0.0289534 0.0330374
0 0.452569 0.601717 0.0227512 0.0361749
2 0.96122 0.0627708 0.0775608 0.125542
0 0.70887 0.503062 0.106449 0.159587
2 0.910936 0.101306 0.177962 0.202611
0 0.401475 0.541242 0.80295 0.917516
1 0.730118 0.162303 0.249373 0.324605
0 0.746795 0.355695 0.487475 0.711391
2 0.53948 0.0109014 0.150072 0.0218027
2 0.304909 0.825213 0.609817 0.349574
2 0.582789 0.0120969 0.134858 0.0241938
2 0.119335 0.00975153 0.227833 0.0195031
2 0.325315 0.00721772 0.115173 0.0144354
2 0.11477 0.0631378 0.22954 0.126276
0 0.117521 0.572447 0.235043 0.408967
0 0.0970215 0.466209 0.194043 0.579945
1 0.874438 0.18571 0.232817 0.371419
2 0.437685 0.00817332 0.14059 0.0163466
2 0.374171 0.00752795 0.110377 0.0150559
0 0.0693369 0.517803 0.131152 0.238868
2 0.498863 0.00918917 0.164843 0.0183783
1 0.452569 0.601717 0.0227512 0.0361749
1 0.799775 0.183845 0.20201 0.367691
1 0.20976 0.776949 0.417625 0.446103
2 0.635722 0.0116416 0.149402 0.0232831
0 0.592394 0.0336968 0.334067 0.0673936
0 0.200307 0.659518 0.400506 0.325461
0 0.517383 0.0256595 0.33648 0.051319
2 0.780587 0.00862183 0.125832 0.0172437
0 0.903962 0.784995 0.192075 0.430011
4 0.781089 0.63371 0.437822 0.664592
2 0.115775 0.236669 0.231551 0.473339
0 0.781089 0.63371 0.437822 0.664592
0 0.732283 0.491202 0.149374 0.135399
0 0.271509 0.627206 0.201255 0.0870906
0 0.860982 0.246451 0.278037 0.492902
2 0.448277 0.605023 0.0136095 0.0328584
0 0.468428 0.59981 0.0538795 0.0453189
0 0.346086 0.614536 0.692172 0.770927
0 0.00282859 0.823091 0.00565719 0.353817
1 0.252373 0.0882622 0.172746 0.176524
2 0.958268 0.0119059 0.0834632 0.0238118
0 0.799775 0.183845 0.20201 0.367691
0 0.216173 0.808873 0.432346 0.382253
4 0.200567 0.836465 0.401134 0.327071
0 0.567701 0.0544766 0.0281797 0.0423191
0 0.934702 0.0103427 0.130597 0.0206853
0 0.705179 0.481351 0.0956493 0.11625
2 0.799775 0.183845 0.20201 0.367691
0 0.655829 0.6689 0.688341 0.6622
2 0.909369 0.00912354 0.181261 0.0182471
3 0.00223825 0.812728 0.0044765 0.374543
2 0.915936 0.216219 0.168127 0.432438
0 0.595143 0.568181 0.802823 0.863639
4 0.761116 0.285335 0.475957 0.570671
0 0.556688 0.482259 0.0973438 0.114532
2 0.256098 0.266092 0.512197 0.532185
1 0.365699 0.113981 0.109833 0.227961
0 0.904319 0.460226 0.191361 0.440675
2 0.730118 0.162303 0.249373 0.324605
0 0.00291197 0.117615 0.00582393 0.23523
1 0.595359 0.807983 0.633623 0.384034
2 0.799975 0.793894 0.40005 0.412212
4 0.366551 0.815545 0.617195 0.368911
3 0.941905 0.808538 0.116189 0.382923
0 0.938691 0.619482 0.122618 0.368747
2 0.941905 0.808538 0.116189 0.382923
2 0.685784 0.010301 0.153548 0.0206021
3 0.781089 0.63371 0.437822 0.664592
0 0.0688797 0.469049 0.129789 0.161295
1 0.860982 0.246451 0.278037 0.492902
0 0.777385 0.447168 0.445229 0.894337
2 0.726589 0.00912609 0.128737 0.0182522
3 0.567542 0.0687762 0.0267042 0.0600406
0 0.872553 0.79614 0.254894 0.407721
0 0.11097 0.0128758 0.22194 0.0257517
2 0.302839 0.18714 0.125885 0.374279
2 0.365699 0.113981 0.109833 0.227961
2 0.861765 0.00916757 0.18361 0.0183351
0 0.455763 0.6064 0.0289534 0.0330374
1 0.0970215 0.466209 0.194043 0.579945
1 0.302839 0.18714 0.125885 0.374279
0 0.688327 0.461616 0.0705048 0.0724333
0 0.661481 0.38055 0.677038 0.7611
0 0.249191 0.681358 0.496959 0.637284
1 0.0812199 0.0783193 0.16244 0.156639
0 0.543575 0.0421691 0.339621 0.0843382
2 0.781089 0.63371 0.437822 0.664592
2 0.334542 0.60755 0.667307 0.497362
0 0.11477 0.0631378 0.22954 0.126276
2 0.0812199 0.0783193 0.16244 0.156639
0 0.678316 0.5 0.643367 1
1 0.274427 0.193142 0.128663 0.386285
2 0.874438 0.18571 0.232817 0.371419
0 0.101931 0.352307 0.203861 0.704613
0 0.354198 0.495589 0.708396 0.991178
0 0.689866 0.499269 0.069533 0.153954
0 0.874438 0.18571 0.232817 0.371419
0 0.888474 0.0137369 0.223053 0.0274739
0 0.112169 0.231509 0.224338 0.463018
0 0.917214 0.51978 0.165261 0.143766
4 0.941905 0.808538 0.116189 0.382923
4 0.486383 0.817494 0.645091 0.365011
1 0.439939 0.0936877 0.148421 0.187375
0 0.119253 0.391083 0.238505 0.725069
1 0.981554 0.0809853 0.0368917 0.161971
4 0.657976 0.810414 0.651294 0.379172
4 0.784747 0.413242 0.428671 0.414335
0 0.896938 0.345847 0.206124 0.493747
2 0.455047 0.816581 0.670628 0.366837
3 0.657976 0.810414 0.651294 0.379172
1 0.677915 0.0982238 0.168368 0.196448
0 0.730118 0.162303 0.249373 0.324605
2 0.439939 0.0936877 0.148421 0.187375
0 0.57659 0.5 0.84682 1
0 0.932773 0.803349 0.134454 0.393301
4 0.235324 0.297169 0.466138 0.594338
0 0.582789 0.0120969 0.134858 0.0241938
3 0.539416 0.814216 0.625706 0.371568
4 0.832573 0.8095 0.334855 0.381
0 0.53948 0.0109014 0.150072 0.0218027
2 0.934702 0.0103427 0.130597 0.0206853
2 0.616288 0.804528 0.628218 0.390945
0 0.654951 0.573963 0.0129589 0.0225232
2 0.0680322 0.0235357 0.136064 0.0470713
2 0.784747 0.413242 0.428671 0.414335
2 0.346086 0.614536 0.692172 0.770927
0 0.780587 0.00862183 0.125832 0.0172437
0 0.439939 0.0936877 0.148421 0.187375
1 0.896938 0.345847 0.206124 0.493747
2 0.677915 0.0982238 0.168368 0.196448
0 0.635722 0.0116416 0.149402 0.0232831
3 0.366154 0.334984 0.146503 0.177062
3 0.831843 0.407035 0.33603 0.399564
3 0.135791 0.375145 0.0222312 0.0589008
3 0.434905 0.812623 0.69286 0.374753
0 0.909369 0.00912354 0.181261 0.0182471
0 0.374171 0.00752795 0.110377 0.0150559
2 0.0807646 0.602394 0.161529 0.443818
0 0.726589 0.00912609 0.128737 0.0182522
4 0.896938 0.345847 0.206124 0.493747
4 0.938691 0.619482 0.122618 0.368747
0 0.325315 0.00721772 0.115173 0.0144354
0 0.437685 0.00817332 0.14059 0.0163466
1 0.511062 0.0705021 0.185904 0.141004
1 0.334542 0.60755 0.667307 0.497362
0 0.316297 0.615673 0.0641852 0.0573604
4 0.799775 0.183845 0.20201 0.367691
0 0.685784 0.010301 0.153548 0.0206021
2 0.685606 0.341636 0.628788 0.683271
0 0.96122 0.0627708 0.0775608 0.125542
4 0.687498 0.592269 0.625004 0.705141
1 0.637765 0.0607302 0.145116 0.12146
3 0.105082 0.212011 0.210165 0.424021
0 0.521036 0.596063 0.00848732 0.0298913
2 0.860982 0.246451 0.278037 0.492902
3 0.221477 0.579633 0.438573 0.440447
2 0.511062 0.0705021 0.185904 0.141004
0 0.826943 0.276201 0.346114 0.552401
4 0.910936 0.101306 0.177962 0.202611
4 0.249191 0.681358 0.496959 0.637284
2 0.263216 0.402762 0.525549 0.761671
0 0.411297 0.605129 0.0319881 0.0496437
4 0.334542 0.60755 0.667307 0.497362
1 0.550464 0.0570163 0.159733 0.114033
3 0.761116 0.285335 0.475957 0.570671
2 0.0409434 0.76789 0.0818868 0.464219
0 0.498863 0.00918917 0.164843 0.0183783
0 0.252373 0.0882622 0.172746 0.176524
1 0.781089 0.63371 0.437822 0.664592
3 0.832573 0.8095 0.334855 0.381
1 0.410149 0.607466 0.0107327 0.0364757
0 0.958268 0.0119059 0.0834632 0.0238118
0 0.410149 0.607466 0.0107327 0.0364757
4 0.904319 0.460226 0.191361 0.440675
1 0.58756 0.0536726 0.132296 0.107345
0 0.511791 0.5 0.895638 1
0 0.910936 0.101306 0.177962 0.202611
2 0.274427 0.193142 0.128663 0.386285
0 0.166932 0.0729465 0.23127 0.145893
1 0.737048 0.465691 0.525904 0.543803
2 0.580376 0.420897 0.820536 0.841793
3 0.260732 0.284654 0.52127 0.569309
0 0.687498 0.592269 0.625004 0.705141
0 0.28375 0.0068678 0.135968 0.0137356
0 0.511062 0.0705021 0.185904 0.141004
4 0.774357 0.796732 0.446235 0.406536
3 0.756387 0.829069 0.487226 0.341862
2 0.904319 0.460226 0.191361 0.440675
0 0.861765 0.00916757 0.18361 0.0183351
2 0.326081 0.33509 0.637501 0.67018
0 0.97756 0.0153052 0.0448791 0.0306104
0 0.687491 0.456455 0.0690492 0.0652334
2 0.219565 0.796537 0.43913 0.406926
0 0.110582 0.462348 0.215092 0.625674
0 0.808435 0.295926 0.370987 0.591852
0 0.102774 0.702237 0.203996 0.595526
1 0.219565 0.796537 0.43913 0.406926
0 0.685755 0.437429 0.0553126 0.0347508
1 0.264164 0.38522 0.522226 0.770439
0 0.53184 0.46618 0.826327 0.93236
0 0 0.129065 0 0.258129
0 0.167121 0.802296 0.334242 0.395408
0 0.00219684 0.150973 0.00439368 0.301945
0 0.943957 0.208846 0.112087 0.417692
0 0.303442 0.215537 0.606883 0.431074
2 0.758656 0.301057 0.482687 0.602113
0 0.390778 0.5 0.781556 1
0 0.83478 0.344864 0.32828 0.500257
2 0.245946 0.731023 0.490353 0.537954
0 0.924236 0.111727 0.151527 0.223453
2 0.264164 0.38522 0.522226 0.770439
0 0.901724 0.25531 0.196552 0.51062
3 0.00136847 0.211654 0.00273694 0.423308
0 0.812 0.519811 0.375999 0.670074
1 0.259352 0.260223 0.513015 0.520446
0 0.915518 0.204208 0.168964 0.408417
0 0.778848 0.364277 0.442304 0.468499
0 0.25575 0.460064 0.505666 0.677045
0 0.750296 0.233401 0.487525 0.466802
0 0.747321 0.555316 0.505359 0.889368
0 0.89391 0.776428 0.212179 0.447145
0 0.0834794 0.79071 0.166959 0.418579
1 0.894502 0.29241 0.210997 0.58482
2 0.259352 0.260223 0.513015 0.520446
1 0.774102 0.302861 0.451796 0.605722
2 0.825197 0.297923 0.348479 0.595847
0 0.103711 0.37302 0.20274 0.746039
0 0.00172453 0.799606 0.00344906 0.400788
0 0.00136847 0.211654 0.00273694 0.423308
0 0.794547 0.158164 0.410906 0.316327
1 0.87512 0.787412 0.249759 0.425175
0 0.639049 0.400448 0.721902 0.800896
0 0.638492 0.521985 0.700997 0.95603
4 0.774102 0.302861 0.451796 0.605722
0 0.189635 0.434476 0.371948 0.581556
1 0.245946 0.731023 0.490353 0.537954
2 0.794547 0.158164 0.410906 0.316327
0 0.425795 0.502601 0.748824 0.937346
1 0.231142 0.502441 0.456071 0.619297
0 0.204717 0.349488 0.401563 0.698977
2 0.756771 0.173202 0.483217 0.346404
0 0.310288 0.321074 0.619177 0.642148
3 0.00172453 0.799606 0.00344906 0.400788
0 0.337457 0.463817 0.674915 0.927633
0 0.960505 0.0271363 0.0789892 0.0542725
0 0.892772 0.292938 0.214218 0.585876
0 0.730773 0.309597 0.538453 0.619194
3 0.851551 0.143701 0.296898 0.287402
0 0.816103 0.742651 0.367793 0.514698
0 0.104696 0.223557 0.209392 0.447115
3 0.778848 0.364277 0.442304 0.468499
1 0.185435 0.691152 0.367315 0.617696
0 0.245946 0.731023 0.490353 0.537954
2 0.924236 0.111727 0.151527 0.223453
1 0.0791745 0.797279 0.158349 0.405443
4 0.851551 0.143701 0.296898 0.287402
0 0.852225 0.7894 0.29555 0.421199
0 0.851551 0.143701 0.296898 0.287402
4 0.756771 0.173202 0.483217 0.346404
4 0.189635 0.434476 0.371948 0.581556
1 0.756771 0.173202 0.483217 0.346404
0 0.663145 0.465421 0.673711 0.930843
0 0.688355 0.308432 0.623289 0.616864
0 0.90475 0.525721 0.190501 0.486435
3 0.63687 0.36836 0.72626 0.736719
1 0.924236 0.111727 0.151527 0.223453
0 0.0201526 0.50998 0.0403052 0.632953
2 0.189635 0.434476 0.371948 0.581556
3 0.716339 0.211347 0.549966 0.422693
1 0.83554 0.44377 0.0142437 0.0405702
0 0.973817 0.136985 0.0523662 0.27397
0 0.924783 0.774088 0.150434 0.451824
4 0.924236 0.111727 0.151527 0.223453
4 0.923624 0.779584 0.152752 0.440832
0 0.0155914 0.39847 0.0311827 0.672971
0 0.906939 0.356045 0.186123 0.511448
0 0.0112527 0.342086 0.0225053 0.684171
3 0.307967 0.491659 0.615933 0.983319
0 0.722849 0.766423 0.487053 0.467155
0 0.0358394 0.685072 0.0716787 0.629856
2 0.778848 0.364277 0.442304 0.468499
0 0.974316 0.0413741 0.0513679 0.0827483
0 0.286491 0.541362 0.572982 0.631937
1 0.794547 0.158164 0.410906 0.316327
4 0.365701 0.5 0.731401 1
3 0.923624 0.779584 0.152752 0.440832
3 0.264164 0.38522 0.522226 0.770439
1 0.907544 0.771375 0.184912 0.45725
1 0.108662 0.558727 0.211691 0.578212
4 0.259532 0.228433 0.519064 0.456866
3 0.565604 0.5 0.792675 1
0 0.303808 0.798346 0.564538 0.403309
0 0.0591917 0.69782 0.118383 0.60436
0 0.30281 0.580323 0.605621 0.839353
0 0.543278 0.788204 0.459055 0.423592
4 0.30281 0.580323 0.605621 0.839353
0 0.502572 0.537199 0.782262 0.925601
3 0.223964 0.79721 0.447927 0.405579
0 0.694976 0.442263 0.0773239 0.044905
4 0.715571 0.360351 0.568858 0.500278
2 0.851551 0.143701 0.296898 0.287402
1 0.396859 0.5 0.793719 1
0 0.442483 0.796587 0.453223 0.406827
0 0.68431 0.442011 0.0568327 0.0474854
4 0.565604 0.5 0.792675 1
0 0.479212 0.372075 0.462125 0.744151
2 0.0791745 0.797279 0.158349 0.405443
4 0.264164 0.38522 0.522226 0.770439
3 0.259352 0.260223 0.513015 0.520446
2 0.396859 0.5 0.793719 1
0 0.879465 0.489574 0.24107 0.577821
3 0.639964 0.488504 0.720073 0.977007
1 0.310288 0.321074 0.619177 0.642148
1 0.851551 0.143701 0.296898 0.287402
0 0.610242 0.768666 0.501818 0.462669
1 0.810781 0.341716 0.367214 0.503484
0 0.174576 0.69388 0.344327 0.61224
0 0.014927 0.138984 0.029854 0.277968
4 0.223964 0.79721 0.447927 0.405579
3 0.691008 0.319653 0.611214 0.639306
3 0.36728 0.5 0.734559 1
3 0.756771 0.173202 0.483217 0.346404
1 0.960505 0.0271363 0.0789892 0.0542725
2 0.286491 0.541362 0.572982 0.631937
0 0.685185 0.784593 0.375002 0.430814
1 0.915518 0.204208 0.168964 0.408417
0 0.390904 0.77945 0.611058 0.441101
1 0.204717 0.349488 0.401563 0.698977
1 0.839343 0.76386 0.321315 0.47228
4 0.835594 0.782756 0.328812 0.434487
4 0.204717 0.349488 0.401563 0.698977
1 0.362093 0.788101 0.45861 0.423799
1 0.879465 0.489574 0.24107 0.577821
2 0.879465 0.489574 0.24107 0.577821
3 0.189635 0.434476 0.371948 0.581556
1 0.189635 0.434476 0.371948 0.581556
1 0.943957 0.208846 0.112087 0.417692
0 0.00769485 0.228295 0.0153897 0.456589
4 0.152866 0.805859 0.305732 0.388282
1 0.107777 0.134583 0.215554 0.269166
2 0.873502 0.770512 0.252996 0.458977
4 0.474605 0.788186 0.407982 0.423628
2 0.688354 0.46491 0.0731493 0.0796791
0 0.0015211 0.71465 0.0030422 0.517631
2 0.565604 0.5 0.792675 1
4 0.483202 0.5 0.845482 1
1 0.483202 0.5 0.845482 1
2 0.901724 0.25531 0.196552 0.51062
0 0.107777 0.134583 0.215554 0.269166
2 0.960505 0.0271363 0.0789892 0.0542725
3 0.899032 0.346996 0.201936 0.489725
0 0.90662 0.535405 0.186759 0.62146
3 0.00228628 0.132302 0.00457256 0.264605
2 0.77197 0.533363 0.45606 0.765888
0 0.615527 0.784653 0.379685 0.430693
2 0.830823 0.427329 0.334724 0.495471
1 0.716339 0.211347 0.549966 0.422693
0 0.00128708 0.410444 0.00257416 0.500677
0 0.194373 0.208037 0.383338 0.416073
1 0.474605 0.788186 0.407982 0.423628
0 0.00101254 0.628882 0.00202508 0.496162
4 0.766147 0.784707 0.420927 0.430587
3 0.483202 0.5 0.845482 1
4 0.362093 0.788101 0.45861 0.423799
1 0.461407 0.524613 0.79551 0.91554
1 0.715571 0.360351 0.568858 0.500278
1 0.557987 0.473022 0.758632 0.946044
4 0.581924 0.78658 0.400347 0.426839
4 0.794547 0.158164 0.410906 0.316327
2 0.204717 0.349488 0.401563 0.698977
1 0.906939 0.356045 0.186123 0.511448
3 0.754533 0.298521 0.486297 0.597042
4 0.685185 0.784593 0.375002 0.430814
0 0.0105773 0.18428 0.0211546 0.368561
1 0.0155914 0.39847 0.0311827 0.672971
4 0.63687 0.36836 0.72626 0.736719
2 0.483202 0.5 0.845482 1
0 0.394282 0.398116 0.44113 0.796231
1 0.00769485 0.228295 0.0153897 0.456589
1 0.014927 0.138984 0.029854 0.277968
3 0.194373 0.208037 0.383338 0.416073
2 0.30281 0.580323 0.605621 0.839353
3 0.30281 0.580323 0.605621 0.839353
4 0.716856 0.293294 0.563302 0.586587
1 0.730499 0.307808 0.539003 0.615615
1 0.104696 0.223557 0.209392 0.447115
1 0.581924 0.78658 0.400347 0.426839
0 0 0.759472 0 0.361515
2 0.445037 0.777315 0.605709 0.445369
3 0.566703 0.0575016 0.0246285 0.0361266
2 0.633425 0.409587 0.73315 0.819174
1 0.0647931 0.71975 0.129586 0.560501
2 0.892772 0.292938 0.214218 0.585876
4 0.906939 0.356045 0.186123 0.511448
1 0.0358394 0.685072 0.0716787 0.629856
1 0.766147 0.784707 0.420927 0.430587
1 0.830823 0.427329 0.334724 0.495471
1 0.19302 0.201762 0.383071 0.403523
4 0.960505 0.0271363 0.0789892 0.0542725
2 0.110582 0.462348 0.215092 0.625674
4 0.307967 0.491659 0.615933 0.983319
2 0.816103 0.742651 0.367793 0.514698
4 0.608254 0.491098 0.783492 0.982196
1 0.639049 0.400448 0.721902 0.800896
3 0.00127155 0.280736 0.0025431 0.483978
1 0.974316 0.0413741 0.0513679 0.0827483
0 0.579646 0.344286 0.469438 0.688571
0 0.736009 0.171238 0.501344 0.342475
4 0.0791745 0.797279 0.158349 0.405443
3 0.877447 0.780735 0.245105 0.438529
4 0.107777 0.134583 0.215554 0.269166
4 0.892772 0.292938 0.214218 0.585876
2 0.152866 0.805859 0.305732 0.388282
2 0.924783 0.774088 0.150434 0.451824
3 0.405259 0.799131 0.483627 0.401739
1 0.359112 0.487925 0.677785 0.97585
1 0.685185 0.784593 0.375002 0.430814
1 0.0112527 0.342086 0.0225053 0.684171
1 0.77197 0.533363 0.45606 0.765888
3 0.824 0.293749 0.350892 0.587498
2 0.107777 0.134583 0.215554 0.269166
3 0.152866 0.805859 0.305732 0.388282
3 0.466051 0.438583 0.745762 0.863576
3 0.204717 0.349488 0.401563 0.698977
2 0.906939 0.356045 0.186123 0.511448
1 0.0201526 0.50998 0.0403052 0.632953
2 0.943957 0.208846 0.112087 0.417692
4 0.194373 0.208037 0.383338 0.416073
2 0.185435 0.691152 0.367315 0.617696
1 0.90475 0.525721 0.190501 0.486435
0 0.864209 0.0267409 0.271582 0.0534818
4 0.943957 0.208846 0.112087 0.417692
2 0.014927 0.138984 0.029854 0.277968
3 0.107777 0.134583 0.215554 0.269166
2 0.550923 0.77048 0.547724 0.459039
3 0.820022 0.785795 0.359957 0.428409
0 0.274781 0.618676 0.114881 0.065227
4 0.90662 0.535405 0.186759 0.62146
4 0.901724 0.25531 0.196552 0.51062
3 0.924236 0.111727 0.151527 0.223453
3 0.474605 0.788186 0.407982 0.423628
4 0.907795 0.733814 0.18441 0.532372
3 0.741517 0.78547 0.450015 0.42906
4 0.83478 0.344864 0.32828 0.500257
2 0.638492 0.521985 0.700997 0.95603
4 0.77197 0.533363 0.45606 0.765888
0 0.69437 0.486518 0.080095 0.127935
1 0.451189 0.602947 0.0166441 0.050652
1 0.410783 0.614127 0.0156382 0.0520011
0 0.686569 0.455887 0.0672648 0.0634406
1 0.654151 0.571614 0.0165335 0.0321425
4 0.611466 0.443865 0.0127062 0.0421499
1 0.42622 0.606694 0.0506114 0.0568139
3 0.611582 0.443053 0.00751667 0.0386924
1 0.359255 0.611206 0.014012 0.052893
4 0.725927 0.445333 0.0181832 0.0499786
1 0.32899 0.616162 0.0255775 0.0625419
1 0.836133 0.446103 0.0134201 0.0419285
1 0.724973 0.442514 0.0185558 0.0465379
4 0.615303 0.442966 0.0145926 0.0406377
2 0.450242 0.604197 0.0178387 0.044723
1 0.46964 0.600982 0.057641 0.0618167
1 0.479372 0.592401 0.0613478 0.049472
1 0.426084 0.603184 0.0682589 0.0629126
1 0.420599 0.612404 0.064257 0.0596309
3 0.568645 0.0574453 0.0270416 0.0357284
2 0.410783 0.614127 0.0156382 0.0520011
0 0.572508 0.586366 0.131968 0.057421
0 0.240302 0.5 0.471438 1
1 0.344326 0.614556 0.0543724 0.0629361
1 0.610761 0.446297 0.0111146 0.0436681
0 0.281189 0.223064 0.562379 0.446129
4 0.138791 0.366966 0.0196898 0.0519067
2 0.520402 0.594546 0.0110287 0.0377886
0 0.687037 0.443891 0.0585505 0.0445092
4 0.132734 0.473183 0.046958 0.0406572
1 0.446104 0.599996 0.0622908 0.0673636
0 0.157168 0.570038 0.308433 0.427681
0 0.611582 0.443053 0.00751667 0.0386924
0 0.301782 0.433437 0.600597 0.866874
1 0.379513 0.607166 0.0834512 0.061172
0 0.902172 0.231463 0.195655 0.462925
1 0.482904 0.589451 0.084408 0.0467394
0 0.884668 0.772441 0.230665 0.455119
4 0.836133 0.446103 0.0134201 0.0419285
0 0.578434 0.501258 0.080152 0.15271
0 0.0599271 0.646854 0.115491 0.055772
1 0.450382 0.617821 0.0568398 0.0706281
3 0.28873 0.331747 0.0243066 0.134383
4 0.725312 0.438587 0.0184711 0.0388542
1 0.520402 0.594546 0.0110287 0.0377886
0 0.576889 0.479934 0.0767963 0.114616
0 0.400632 0.786229 0.587792 0.427543
4 0.14129 0.374997 0.0170403 0.0681376
1 0.35777 0.607945 0.0265322 0.0593159
0 0.753286 0.407702 0.491226 0.403667
0 0.686504 0.467791 0.0716566 0.0846379
0 0.903185 0.162228 0.19363 0.324456
1 0.42025 0.622603 0.0753281 0.063795
0 0.748082 0.777198 0.503836 0.445603
0 0.289149 0.572484 0.578299 0.855032
0 0.79437 0.434669 0.411261 0.333127
2 0.279054 0.627107 0.0547741 0.0533732
0 0.528713 0.784683 0.526981 0.430635
0 0.232968 0.77541 0.4631 0.449181
0 0.297277 0.5 0.594553 1
0 0.911457 0.0673615 0.177087 0.134723
1 0.647185 0.572215 0.0282312 0.0386849
1 0.240302 0.5 0.471438 1
0 0.155768 0.802895 0.307734 0.39421
0 0.527439 0.627372 0.218156 0.139407
3 0.576889 0.479934 0.0767963 0.114616
2 0.548077 0.604708 0.204196 0.285614
1 0.4809 0.606506 0.0361572 0.0618161
0 0.829306 0.775573 0.341389 0.448855
0 0.712796 0.218142 0.460656 0.436284
3 0.836883 0.443207 0.00915451 0.035673
1 0.836369 0.455123 0.0153862 0.0575666
2 0.479372 0.592401 0.0613478 0.049472
0 0.748602 0.32887 0.500077 0.65774
0 0.47165 0.643724 0.182691 0.155215
0 0.645381 0.5 0.709237 1
0 0.878647 0.317893 0.242705 0.635785
4 0.728827 0.451278 0.0159927 0.063514
0 0.234129 0.273699 0.461994 0.547397
0 0.724762 0.603254 0.550477 0.477169
3 0.000124756 0.129732 0.000249511 0.259465
0 0.911767 0.22006 0.176466 0.440121
0 0.639517 0.780848 0.497593 0.438303
1 0.374893 0.608111 0.0419117 0.0584839
2 0.240302 0.5 0.471438 1
0 0.254012 0.724511 0.493818 0.306017
1 0.199689 0.582319 0.392433 0.421937
1 0.548077 0.604708 0.204196 0.285614
0 0.389345 0.448783 0.737525 0.897567
2 0.654151 0.571614 0.0165335 0.0321425
0 0.863046 0.053023 0.273907 0.106046
4 0.240421 0.242012 0.478371 0.484025
2 0.46964 0.600982 0.057641 0.0618167
0 0.255691 0.660575 0.511382 0.678849
1 0.499336 0.590458 0.0523905 0.0504823
1 0.885635 0.269436 0.228729 0.538872
2 0.359255 0.611206 0.014012 0.052893
0 0.368772 0.654935 0.335772 0.169378
0 0.548077 0.604708 0.204196 0.285614
1 0.249498 0.797545 0.498712 0.40491
1 0.650405 0.564568 0.0288231 0.0468557
2 0.543872 0.5885 0.0587748 0.044011
1 0.279054 0.627107 0.0547741 0.0533732
0 0.923441 0.11917 0.153118 0.238339
1 0.252177 0.631657 0.0798758 0.0858382
4 0.509429 0.435659 0.0101751 0.0301363
0 0.712073 0.40314 0.567225 0.80628
4 0.1415 0.483528 0.0291152 0.0447111
2 0.289149 0.572484 0.578299 0.855032
2 0.240421 0.242012 0.478371 0.484025
4 0.237833 0.794952 0.475665 0.410096
1 0.469575 0.591718 0.0616471 0.0524563
2 0.199689 0.582319 0.392433 0.421937
4 0.289149 0.572484 0.578299 0.855032
1 0.49792 0.599137 0.0568978 0.0629995
2 0.350301 0.497464 0.673275 0.994928
1 0.234129 0.273699 0.461994 0.547397
1 0.543872 0.5885 0.0587748 0.044011
1 0.794989 0.748331 0.410021 0.424219
0 0.754888 0.514329 0.490223 0.292915
3 0.649652 0.307407 0.0508781 0.109929
2 0.1438 0.659548 0.0164041 0.055844
0 0.0294933 0.477134 0.0510648 0.102807
0 0.648367 0.176125 0.405887 0.35225
0 0.0887837 0.159597 0.177567 0.319193
0 0.902729 0.695579 0.194542 0.350484
0 0.772814 0.144743 0.441819 0.289486
0 0.136357 0.647885 0.268991 0.293829
1 0.527439 0.627372 0.218156 0.139407
1 0.571463 0.619253 0.143598 0.134828
0 0.588039 0.58956 0.392238 0.334712
1 0.579875 0.587349 0.120607 0.0496704
2 0.232968 0.77541 0.4631 0.449181
0 0.120443 0.64378 0.237597 0.489728
0 0.626272 0.450784 0.0345456 0.0550278
1 0.645123 0.561349 0.0346579 0.0465644
0 0.542031 0.375635 0.660503 0.751271
2 0.71154 0.624302 0.57692 0.461855
0 0.790487 0.750084 0.419025 0.426927
4 0.724762 0.603254 0.550477 0.477169
2 0.712073 0.40314 0.567225 0.80628
0 0.894452 0.404932 0.211097 0.473443
0 0.512067 0.527907 0.601728 0.944187
1 0.549915 0.586486 0.0780984 0.0505398
1 0.72473 0.453399 0.0204857 0.0695472
1 0.174294 0.797472 0.34396 0.405056
0 0.651169 0.5 0.697662 1
0 0.605126 0.444106 0.789748 0.888212
0 0.836883 0.443207 0.00915451 0.035673
0 0.858472 0.989786 0.283057 0.0204275
4 0.548077 0.604708 0.204196 0.285614
0 0.346689 0.659287 0.523636 0.532424
4 0.514334 0.459091 0.0147949 0.0605771
1 0.712073 0.40314 0.567225 0.80628
1 0.839451 0.556513 0.0204563 0.0610816
0 0.104518 0.792344 0.209036 0.415312
0 0.398532 0.747688 0.383005 0.368702
0 0.437759 0.0295267 0.353771 0.0590535
0 0.920361 0.7228 0.159278 0.365949
2 0.863046 0.053023 0.273907 0.106046
0 0.140951 0.767549 0.279294 0.339197
4 0.616201 0.452043 0.0128937 0.0565016
4 0.911457 0.0673615 0.177087 0.134723
0 0.36168 0.5 0.610787 1
1 0.260716 0.622654 0.111268 0.0692515
0 0.086836 0.400084 0.173672 0.800169
0 0.505691 0.0310669 0.328797 0.0621337
1 0.71154 0.624302 0.57692 0.461855
3 0.772814 0.144743 0.441819 0.289486
1 0.151288 0.626986 0.116618 0.0437044
0 0.445687 0.5 0.68595 1
1 0.911457 0.0673615 0.177087 0.134723
1 0.828128 0.776326 0.343745 0.447348
1 0.350301 0.497464 0.673275 0.994928
0 0.830421 0.53098 0.339159 0.149601
2 0.134334 0.580967 0.26539 0.398659
1 0.894452 0.404932 0.211097 0.473443
2 0.118382 0.80905 0.231253 0.381899
1 0.632716 0.558368 0.0566656 0.0622534
4 0.863046 0.053023 0.273907 0.106046
1 0.389041 0.375335 0.697401 0.750671
1 0.134334 0.580967 0.26539 0.398659
2 0.588039 0.58956 0.392238 0.334712
1 0.47165 0.643724 0.182691 0.155215
0 0.0965523 0.209229 0.193105 0.418458
3 0.0749824 0.374796 0.147412 0.14168
4 0.613681 0.421063 0.0214577 0.0511942
1 0.775311 0.169584 0.449377 0.339168
2 0.255691 0.660575 0.511382 0.678849
1 0.634852 0.67282 0.316594 0.245153
2 0.911457 0.0673615 0.177087 0.134723
4 0.320035 0.782824 0.640069 0.434351
1 0.560945 0.5 0.656105 1
3 0.240421 0.242012 0.478371 0.484025
1 0.514334 0.459091 0.0147949 0.0605771
1 0.911767 0.22006 0.176466 0.440121
1 0.616488 0.585873 0.0436254 0.04742
2 0.449089 0.609468 0.386528 0.317848
1 0.48563 0.782705 0.583431 0.434589
4 0.911767 0.22006 0.176466 0.440121
1 0.904759 0.575645 0.190482 0.280662
3 0.288846 0.375961 0.577691 0.751921
1 0.863046 0.053023 0.273907 0.106046
0 0.904759 0.575645 0.190482 0.280662
0 0.117192 0.391021 0.226516 0.782043
0 0.0780139 0.659394 0.156028 0.51478
4 0.444877 0.786213 0.557847 0.427573
1 0.362627 0.78297 0.660913 0.434059
1 0.720176 0.780125 0.528481 0.439751
3 0.636355 0.42292 0.711404 0.845841
0 0.634852 0.67282 0.316594 0.245153
0 0.564782 0.0415867 0.335037 0.0831735
0 0.449089 0.609468 0.386528 0.317848
3 0.363335 0.789879 0.683563 0.420242
2 0.775311 0.169584 0.449377 0.339168
1 0.430056 0.588196 0.0966537 0.0471723
0 0.794321 0.516974 0.411358 0.178222
4 0.512151 0.448739 0.0144587 0.0487796
2 0.291741 0.464276 0.583483 0.928552
0 0.0684852 0.581528 0.13697 0.470152
2 0.885635 0.269436 0.228729 0.538872
4 0.255691 0.660575 0.511382 0.678849
1 0.15251 0.649159 0.114282 0.0853165
4 0.951196 0.0639308 0.0976076 0.127862
1 0.346689 0.659287 0.523636 0.532424
1 0.1438 0.659548 0.0164041 0.055844
0 0.951196 0.0639308 0.0976076 0.127862
0 0.237206 0.0623688 0.473778 0.124738
1 0.59099 0.781611 0.53474 0.436779
2 0.174294 0.797472 0.34396 0.405056
0 0.858688 0.448682 0.282624 0.312491
3 0.232968 0.77541 0.4631 0.449181
0 0.824168 0.083559 0.347472 0.167118
1 0.249923 0.561064 0.499845 0.877871
2 0.362627 0.78297 0.660913 0.434059
0 0.534975 0.585813 0.124118 0.0611022
1 0.449089 0.609468 0.386528 0.317848
2 0.48563 0.782705 0.583431 0.434589
2 0.77876 0.262678 0.44248 0.525356
3 0.452306 0.367665 0.708042 0.735329
1 0.581477 0.393318 0.674507 0.786637
3 0.134334 0.580967 0.26539 0.398659
4 0.865581 0.78645 0.268838 0.427101
1 0.588039 0.58956 0.392238 0.334712
0 0.0789905 0.523327 0.149129 0.22157
4 0.451189 0.602947 0.0166441 0.050652
3 0.77876 0.262678 0.44248 0.525356
3 0.824168 0.083559 0.347472 0.167118
0 0.0851794 0.53628 0.170359 0.518507
0 0.696759 0.464035 0.0877247 0.082471
0 0.692068 0.456232 0.0778444 0.0629152
0 0.689911 0.446599 0.0720131 0.0562574
4 0.611935 0.440983 0.015103 0.0352725
0 0.695199 0.443727 0.0831326 0.0412463
4 0.615285 0.43914 0.016818 0.0323377
3 7.27683e-05 0.135305 0.000145537 0.27061
1 0.262002 0.798593 0.524003 0.402813
3 0.610926 0.440762 0.00730648 0.0331064
0 0.724961 0.440071 0.0205593 0.0327362
1 0.189726 0.804757 0.379451 0.390486
4 0.726404 0.441517 0.0205911 0.0329731
0 0.774035 0.571247 0.0868027 0.0301256
1 0.190555 0.205953 0.38111 0.411907
2 0.836619 0.445111 0.0160511 0.0372814
0 0.288552 0.197402 0.577104 0.388417
0 0.239443 0.782187 0.469269 0.435625
0 0.835893 0.438874 0.00931473 0.0391267
0 0.793355 0.571135 0.0408306 0.0253542
1 0.836619 0.445111 0.0160511 0.0372814
3 0.939422 0.779949 0.121156 0.440102
2 0.190555 0.205953 0.38111 0.411907
0 0.0303245 0.45522 0.053435 0.0574733
0 0.810258 0.134667 0.379484 0.269334
0 0.880881 0.773826 0.238239 0.452349
0 0.584734 0.603652 0.427149 0.791218
0 0.874294 0.354768 0.032888 0.0431308
4 0.288552 0.197402 0.577104 0.388417
0 0.539809 0.595847 0.384163 0.645274
0 0.199843 0.720011 0.399686 0.27167
2 0.288552 0.197402 0.577104 0.388417
1 0.25002 0.193159 0.50004 0.386318
0 0.606857 0.0372243 0.281595 0.0744486
0 0.275126 0.737842 0.54981 0.353486
2 0.199843 0.720011 0.399686 0.27167
2 0.262002 0.798593 0.524003 0.402813
0 0.752877 0.573956 0.0791368 0.0247026
0 0.368738 0.197868 0.65046 0.347729
0 0.182266 0.0359275 0.364085 0.0718549
0 0.162399 0.0879341 0.324798 0.175868
0 0.223907 0.0231403 0.357607 0.0462806
0 0.242403 0.673569 0.484805 0.263161
0 0.890536 0.177774 0.218928 0.355548
0 0.877407 0.241414 0.245186 0.482827
0 0.625144 0.506069 0.610809 0.987862
0 0.465799 0.154006 0.480169 0.308012
0 0.513106 0.636678 0.241621 0.150177
0 0.208057 0.357807 0.410873 0.712678
0 0.375538 0.133997 0.575963 0.267995
2 0.531533 0.154219 0.436816 0.308438
0 0.557669 0.616675 0.247808 0.113681
3 0.884226 0.145621 0.231548 0.291241
0 0.665443 0.0415468 0.23902 0.0830937
0 0.761053 0.572709 0.0946461 0.029727
4 0.772928 0.144813 0.454143 0.289626
0 0.639894 0.5 0.720213 1
0 0.461449 0.0403831 0.249098 0.0807661
0 0.332412 0.787971 0.640981 0.424059
0 0.783418 0.570586 0.0654821 0.0278061
1 0.531533 0.154219 0.436816 0.308438
0 0.42502 0.0699775 0.426203 0.139955
0 0.955894 0.0669682 0.0882128 0.133936
0 0.179063 0.190555 0.358125 0.381109
4 0.426094 0.159517 0.570202 0.309534
4 0.531533 0.154219 0.436816 0.308438
0 0.46207 0.106092 0.386187 0.212185
1 0.772928 0.144813 0.454143 0.289626
0 0.516771 0.0649036 0.259758 0.129807
0 0.879131 0.0734405 0.241738 0.146881
1 0.391304 0.784097 0.596064 0.431806
3 0.625612 0.151291 0.510137 0.302565
2 0.331427 0.5 0.662854 1
0 0.361069 0.5 0.722137 1
0 0.351559 0.23307 0.661009 0.466139
3 0.00130034 0.224837 0.00260068 0.449674
0 0.733033 0.0889908 0.372069 0.177982
0 0.583243 0.555509 0.056768 0.0262558
0 0.565421 0.0511059 0.278372 0.102212
0 0.400572 0.0267647 0.247935 0.0535294
0 0.88377 0.573402 0.0950665 0.0291749
0 0.900927 0.131257 0.198145 0.262514
3 0.762269 0.149053 0.475462 0.298105
0 0.347842 0.464249 0.695684 0.928499
0 0.427527 0.547116 0.5232 0.905769
4 0.192947 0.19772 0.385894 0.395367
1 0.314656 0.156403 0.616397 0.310933
3 0.426094 0.159517 0.570202 0.309534
0 0.726066 0.745327 0.547868 0.509346
0 0.452205 0.663094 0.337648 0.206496
0 0.297839 0.0215446 0.272155 0.0430891
1 0.331427 0.5 0.662854 1
0 0.0680089 0.477538 0.134137 0.123395
0 0.0933271 0.156078 0.186654 0.312157
0 0.347526 0.0225339 0.240064 0.0450678
3 0.531533 0.154219 0.436816 0.308438
1 0.742328 0.777696 0.515344 0.444608
0 0.494534 0.442074 0.558786 0.884148
0 0.863506 0.1279 0.272988 0.2558
0 0.647781 0.659375 0.272019 0.215963
3 0.655532 0.150577 0.209856 0.301155
3 0.314656 0.156403 0.616397 0.310933
3 0.164813 0.196385 0.329627 0.39277
0 0.825574 0.773792 0.348853 0.452416
1 0.199843 0.720011 0.399686 0.27167
1 0.827715 0.771379 0.344571 0.457241
0 0.683335 0.410219 0.0453856 0.0328973
0 0.762269 0.149053 0.475462 0.298105
0 0.603188 0.608004 0.249992 0.0982141
3 0.532897 0.59062 0.0523805 0.0472295
1 0.625612 0.151291 0.510137 0.302565
1 0.665443 0.0415468 0.23902 0.0830937
4 0.398744 0.406086 0.021549 0.0349164
1 0.172215 0.70443 0.344431 0.203104
0 0.579659 0.486037 0.595504 0.972075
0 0.115867 0.81218 0.231734 0.375639
0 0.121555 0.392672 0.243109 0.785344
0 0.312515 0.507905 0.625031 0.98419
1 0.654389 0.5 0.691223 1
0 0.635263 0.765922 0.544415 0.468156
0 0.236292 0.0846342 0.472585 0.169268
4 0.625612 0.151291 0.510137 0.302565
1 0.426094 0.159517 0.570202 0.309534
2 0.784189 0.137442 0.431622 0.274885
0 0.674163 0.780356 0.404191 0.439287
0 0.520145 0.769201 0.559643 0.461597
0 0.201496 0.574303 0.393774 0.596238
0 0.748467 0.447742 0.0513512 0.0363065
0 0.855584 0.46065 0.288831 0.921299
2 0.148607 0.806403 0.297214 0.387194
4 0.83173 0.137575 0.33654 0.27515
2 0.877407 0.241414 0.245186 0.482827
0 0.436543 0.78035 0.460096 0.4393
0 0.633143 0.152847 0.513739 0.305693
0 0.0432366 0.47508 0.0832761 0.100567
4 0.368738 0.197868 0.65046 0.347729
4 0.347842 0.464249 0.695684 0.928499
1 0.438521 0.475818 0.600479 0.951637
0 0.197775 0.644518 0.391436 0.295006
0 0.0925124 0.200046 0.185025 0.400093
1 0.116375 0.809847 0.23275 0.380305
3 0.836619 0.445111 0.0160511 0.0372814
0 0.278649 0.0614811 0.499957 0.122962
0 0.00130034 0.224837 0.00260068 0.449674
3 0.83173 0.137575 0.33654 0.27515
1 0.885058 0.785017 0.229885 0.429966
1 0.254418 0.728905 0.50419 0.347232
2 0.654389 0.5 0.691223 1
0 0.609425 0.108599 0.430265 0.217199
0 0.0861261 0.57121 0.172252 0.602492
3 0.0848509 0.203588 0.161819 0.407176
0 0.497148 0.132485 0.369253 0.264971
3 0.347842 0.464249 0.695684 0.928499
0 0.937122 0.72986 0.125756 0.366225
0 0.172215 0.70443 0.344431 0.203104
0 0.769603 0.77714 0.460794 0.445719
3 0.00200237 0.823045 0.00400475 0.353911
4 0.639864 0.5 0.720273 1
3 0.148607 0.806403 0.297214 0.387194
0 0.101128 0.681129 0.202255 0.537071
0 0.13334 0.158907 0.26668 0.317814
1 0.249728 0.370272 0.4814 0.740543
2 0.275126 0.737842 0.54981 0.353486
3 0.25002 0.193159 0.50004 0.386318
3 0.835893 0.438874 0.00931473 0.0391267
1 0.83173 0.137575 0.33654 0.27515
0 0.698035 0.125757 0.331815 0.251514
3 0.837955 0.446545 0.00823173 0.0352566
3 0.83436 0.447661 0.00846672 0.0343776
3 0 0.146731 0 0.293463
3 0.559061 0.29471 0.0136745 0.0353323
3 0.568582 0.0578739 0.0271856 0.0335019
0 0.791808 0.57119 0.0359983 0.0200252
3 0.613755 0.442447 0.00655003 0.0263359
3 0.398431 0.404722 0.0170032 0.032432
3 0.52101 0.596959 0.00756607 0.0293667
3 0 0.228359 0 0.43492
0 0 0.146731 0 0.293463
3 0 0.81289 0 0.37422
3 0.558449 0.307368 0.0128513 0.0498639
3 0.675054 0.464026 0.0347179 0.0702021
0 0 0.823013 0 0.353974
3 0.688584 0.404336 0.0175909 0.0395143
0 0 0.876043 0 0.247914
3 0.654644 0.309954 0.0320606 0.0935314
3 0 0.313934 0 0.433578
3 0.692427 0.419673 0.0124689 0.0365525
3 0.617414 0.435606 0.00949326 0.0276734
3 0.21751 0.648354 0.0106683 0.0347849
3 0.722759 0.440791 0.0100376 0.0285233
0 0.36278 0.60991 0.00760546 0.029642
3 0.68306 0.407191 0.0216457 0.0541131
0 0.774974 0.57173 0.0726891 0.0236161
3 0.643381 0.298545 0.0345491 0.0894114
3 0.722577 0.435956 0.0105474 0.0262278
3 0.322394 0.625344 0.00882416 0.0305956
3 0.665254 0.469782 0.0225115 0.0670315
0 0.286772 0.329831 0.573544 0.649143
0 0.614628 0.588034 0.0452345 0.0316438
3 0.205612 0.388581 0.00988941 0.0262321
0 0.874488 0.353763 0.0329391 0.0415281
0 0.0426402 0.697556 0.0852805 0.176572
3 0 0.741588 0 0.433484
0 0.62069 0.588674 0.0320389 0.0300629
0 0.907196 0.229246 0.185609 0.458492
1 0.448721 0.603382 0.0118064 0.0307275
3 5.76615e-05 0.865401 0.000115323 0.269198
3 0.619662 0.40005 0.0133582 0.0861506
3 0.20493 0.400593 0.00939255 0.0290645
0 0.412894 0.604576 0.00777788 0.0262046
0 0.00950533 0.794804 0.0190107 0.410391
3 0.36278 0.60991 0.00760546 0.029642
0 0.913252 0.135183 0.173495 0.270365
0 0.943721 0.064678 0.112558 0.129356
0 0.0158712 0.800816 0.0317423 0.398368
0 0.2011 0.0442212 0.4022 0.0884424
0 0.235626 0.0300987 0.410612 0.0601975
3 0.663257 0.316635 0.025488 0.0812633
0 0.0736725 0.136819 0.147345 0.273639
0 0.443297 0.0261838 0.322184 0.0523675
3 0.412894 0.604576 0.00777788 0.0262046
3 0.559824 0.304899 0.0123113 0.0645254
3 0.873076 0.392623 0.05783 0.122749
0 0.672104 0.0328768 0.266815 0.0657536
0 0.254985 0.800464 0.509971 0.399072
0 0.277473 0.0234526 0.362603 0.0469051
0 0.489801 0.0310378 0.299429 0.0620756
0 0.903281 0.821479 0.193438 0.357041
0 0.0244338 0.683884 0.0488677 0.513388
0 0.226738 0.291327 0.450572 0.582654
0 0.610115 0.590616 0.0557011 0.038949
3 0.000419348 0.55178 0.000838697 0.431828
0 0.331608 0.0215975 0.332606 0.0431951
0 0.574713 0.02903 0.285648 0.05806
3 0.683489 0.421211 0.0244455 0.0379011
0 0.803913 0.0465776 0.343096 0.0931551
0 0.55367 0.075449 0.27409 0.150898
3 0.984604 0.371908 0.0285069 0.113131
0 0.626885 0.029567 0.259498 0.059134
0 0.325623 0.455218 0.651245 0.910436
0 0.39034 0.0228784 0.327053 0.0457568
0 0.0674422 0.502884 0.134884 0.571545
0 0.621114 0.093932 0.282153 0.187864
0 0.0572573 0.552395 0.114515 0.445669
0 0.166882 0.0657354 0.333764 0.131471
0 0.0820695 0.40474 0.164139 0.809479
3 0.835274 0.440231 0.010479 0.0365209
0 0.895111 0.0731731 0.209779 0.146346
0 0.49527 0.332431 0.383607 0.660666
1 0.00843667 0.747322 0.0168733 0.505356
3 0 0.399369 0 0.43389
0 0.755354 0.573415 0.0360013 0.0201059
0 0.747579 0.0442719 0.321619 0.0885437
0 0.508984 0.0849535 0.280934 0.169907
0 0.874924 0.780412 0.250151 0.439176
3 0.714008 0.4425 0.00850964 0.0242756
0 0.587244 0.800975 0.624519 0.39805
0 0.851327 0.0570945 0.292445 0.114189
0 0.680589 0.143416 0.299051 0.286832
3 0.410694 0.607903 0.00987978 0.0330819
0 0.0428151 0.644277 0.0856303 0.285032
0 0.0479331 0.595469 0.0958662 0.488229
3 0.143659 0.664167 0.011583 0.0433083
0 0.746241 0.573186 0.0475624 0.0204916
0 0.73167 0.5744 0.0273306 0.0180107
0 0.672459 0.46494 0.655082 0.929879
0 0.211888 0.755362 0.423776 0.27948
0 0.297133 0.5 0.594265 1
0 0.873011 0.352789 0.024374 0.0377067
0 0.896089 0.324015 0.207822 0.64803
4 0.448721 0.603382 0.0118064 0.0307275
0 0.561476 0.330447 0.394732 0.660894
0 0.752043 0.807419 0.495914 0.385163
0 0.404152 0.792361 0.583382 0.415277
3 0.873011 0.352789 0.024374 0.0377067
1 0.896089 0.324015 0.207822 0.64803
0 0.121282 0.125518 0.242564 0.251035
0 0 0.898884 0 0.202232
1 0.946877 0.376566 0.106245 0.753132
0 0.114107 0.799657 0.228215 0.400686
0 0.83157 0.189504 0.329685 0.379008
4 0.315072 0.0938537 0.411449 0.187707
3 0.83396 0.445188 0.00883312 0.0346313
4 0.60968 0.439762 0.0132603 0.0339971
4 0.61594 0.440472 0.0154305 0.0360151
3 0.962163 0.763895 0.0756737 0.47221
0 0.89892 0.762478 0.202161 0.475043
3 0.288968 0.336189 0.0270301 0.128368
3 1 0.248235 0 0.49647
0 0.922531 0.199765 0.154937 0.399529
0 0.971536 0.0522378 0.056929 0.104476
0 0.917315 0.0857403 0.16537 0.171481
0 0.938335 0.298298 0.12333 0.596596
0 0.882626 0.572509 0.0916756 0.0320121
0 0.309819 0.5 0.619638 1
0 0.271291 0.296736 0.542583 0.593472
0 0.825688 0.514399 0.348624 0.725714
0 0.281195 0.424394 0.562391 0.848788
0 0.180278 0.0548156 0.360556 0.109631
0 0.114104 0.800585 0.228208 0.39883
0 0.222713 0.793007 0.445425 0.413987
0 0.0983577 0.487523 0.196715 0.975045
1 0.263274 0.793342 0.526548 0.413316
0 0.0152323 0.593654 0.0304646 0.599925
0 0.952208 0.383315 0.0955843 0.766629
0 0.606804 0.58321 0.0572285 0.0431027
0 0.61462 0.58519 0.0417093 0.0426278
0 0.980938 0.557682 0.0381243 0.0427349
3 0.287126 0.337307 0.0213678 0.134922
0 0.792941 0.570672 0.0378872 0.0226228
3 0.835316 0.443308 0.0121529 0.0335648
0 0.0649269 0.470925 0.129854 0.0964882
0 0.97914 0.565973 0.0383879 0.0350962
1 0.0218118 0.80504 0.0436235 0.38992
3 0.616582 0.433648 0.0126293 0.0235362
0 0.599887 0.586582 0.0527485 0.0445414
3 0.999802 0.239252 0.000396919 0.478504
1 0.0162072 0.743213 0.0324143 0.353181
0 0.975958 0.56285 0.0471626 0.0423099
4 0.616582 0.433648 0.0126293 0.0235362
0 0.870046 0.552826 0.0590065 0.0456129
1 0.0481316 0.216994 0.0962632 0.433989
3 0.612041 0.442015 0.00669613 0.0276186
1 0.0848059 0.813759 0.169612 0.372482
0 0.877951 0.354499 0.0373951 0.0463956
3 0.316839 0.331316 0.0816448 0.142374
0 0.0162072 0.743213 0.0324143 0.353181
0 0.0218118 0.80504 0.0436235 0.38992
0 0.0848059 0.813759 0.169612 0.372482
3 0.511996 0.435925 0.00555325 0.0193671
0 0.0481316 0.216994 0.0962632 0.433989
1 0.120741 0.0633286 0.241483 0.126657
0 0.595478 0.583061 0.0809502 0.0449289
0 0.685705 0.425432 0.0518457 0.0327052
0 0.999802 0.239252 0.000396919 0.478504
3 1 0.330906 0 0.385977
0 0.0624253 0.096161 0.124851 0.192322
0 0.911953 0.166745 0.176095 0.33349
1 0.975571 0.794287 0.0488576 0.411426
3 0.836432 0.444825 0.00916996 0.0333935
0 1 0.558481 0 0.0652304
0 0.120741 0.0633286 0.241483 0.126657
0 0.780515 0.570229 0.0632813 0.0254142
0 0.569965 0.444722 0.0113314 0.0303489
0 0.814633 0.798497 0.370735 0.403006
0 0.57676 0.583985 0.121883 0.0498848
1 0.449569 0.600343 0.0152401 0.0454548
4 0.611783 0.436544 0.0141381 0.0287717
0 0.0711177 0.319161 0.142235 0.435826
0 0.019821 0.642105 0.039642 0.289414
1 0.0624253 0.096161 0.124851 0.192322
1 0.0403984 0.76458 0.0807967 0.400678
0 0.0533955 0.274345 0.106791 0.531995
1 0.452716 0.5995 0.0176994 0.0459567
0 0.161717 0.030402 0.323433 0.0608041
1 0.117529 0.22419 0.235057 0.44838
2 0.599887 0.586582 0.0527485 0.0445414
0 0.957255 0.835453 0.0854909 0.329095
3 0.568638 0.0586538 0.0292241 0.0317816
0 0.285035 0.328905 0.570071 0.65781
0 0.644837 0.573969 0.0274038 0.0303391
0 0.871555 0.561228 0.0665863 0.0386772
0 0.265627 0.79198 0.531254 0.41604
1 0.168695 0.81259 0.33739 0.37482
0 0.604142 0.0702285 0.157534 0.140457
0 0.936562 0.246175 0.126876 0.492349
0 0.97308 0.556404 0.0507635 0.0588901
0 0.555846 0.786423 0.556614 0.427153
0 0.219003 0.415239 0.322361 0.830478
0 0.654003 0.573349 0.0141611 0.022961
0 0.215667 0.305961 0.251925 0.611922
0 0.406649 0.788974 0.560058 0.422051
0 0.723349 0.384623 0.553302 0.769246
0 0.636032 0.256166 0.284407 0.512331
0 0.513065 0.0488433 0.263532 0.0976866
0 0.982073 0.777567 0.0358548 0.444866
0 0.235519 0.023455 0.383759 0.04691
1 0.019821 0.642105 0.039642 0.289414
0 0.288583 0.0220735 0.313349 0.044147
0 0.684769 0.407871 0.0416361 0.0339486
0 0.71703 0.790084 0.56594 0.419832
3 0.000219104 0.345103 0.000438207 0.414705
3 0.567956 0.0583379 0.0267731 0.0351413
0 0.685768 0.428582 0.0595022 0.0432386
0 0.897188 0.252901 0.205624 0.505802
0 0.569278 0.0460763 0.272895 0.0921525
0 0.280776 0.310268 0.561552 0.620536
0 0.938695 0.772798 0.12261 0.454404
0 0.897009 0.775426 0.205981 0.449148
0 0.716332 0.472229 0.567337 0.944458
0 0.158303 0.266114 0.316606 0.532229
0 0.920605 0.131833 0.15879 0.263666
0 0.87868 0.170878 0.24264 0.341755
3 0.000219448 0.153536 0.000438896 0.307072
0 0.671178 0.102615 0.248038 0.20523
0 0.375572 0.380616 0.60104 0.761232
0 0.133579 0.786284 0.267158 0.427432
0 0.759224 0.427871 0.481552 0.855742
3 0.288948 0.333352 0.025777 0.130317
3 6.04928e-05 0.255102 0.000120986 0.510204
0 0.580162 0.589803 0.118057 0.047796
0 0.917631 0.232594 0.164738 0.465188
0 0.651227 0.115094 0.198588 0.225321
1 0.449223 0.600525 0.0162969 0.0414915
0 0.610333 0.0712972 0.12127 0.135855
4 0.322381 0.624133 0.0102254 0.035872
3 0.837395 0.446267 0.00806427 0.0349552
3 0.558178 0.293934 0.0104511 0.0346947
3 0.834053 0.448758 0.00763741 0.0359353
3 0.878455 0.35581 0.0132275 0.0330753
3 0.80834 0.368402 0.00850983 0.0276637
3 0.55829 0.294894 0.0104681 0.0371465
3 0.833599 0.447395 0.00766392 0.0315318
1 0.44981 0.601594 0.0148283 0.0387495
0 0.683375 0.407845 0.0363543 0.0373723
0 0.680164 0.419312 0.0428098 0.0408534
0 0.789773 0.572343 0.0438284 0.025142
3 0.837457 0.445319 0.00943012 0.0343103
3 0.682045 0.406858 0.0335777 0.0357656
3 0.546479 0.299813 0.0105402 0.0471276
3 0.557489 0.304058 0.0104219 0.0570045
3 0.266254 0.635129 0.0103603 0.0298841
3 0.561605 0.299901 0.0079092 0.0447244
3 0.568236 0.0582418 0.0276196 0.0333274
0 0.981006 0.566164 0.0362894 0.0346077
0 0.971603 0.565268 0.0520897 0.0398478
0 0.567557 0.0581779 0.0260376 0.0339044
0 0.763608 0.569794 0.0967249 0.0341773
3 0.832517 0.456195 0.00675049 0.0453469
3 0.67757 0.416914 0.0428121 0.0481509
0 0.879459 0.57394 0.0831772 0.0246762
2 0.449848 0.603048 0.0148621 0.0386629
3 0.833491 0.437096 0.00760117 0.0313727
1 0.411567 0.607694 0.0125243 0.0396474
3 0.939165 0.397251 0.0210953 0.0863174
3 0.288081 0.33509 0.0254398 0.137928
0 0.915799 0.497624 0.166377 0.110478
0 0.68101 0.426389 0.0498966 0.0482019
0 0.690099 0.459077 0.0696602 0.0704426
1 0.289539 0.790504 0.579077 0.418993
0 0.685985 0.407318 0.0315617 0.0375797
3 1 0.249845 0 0.499691
0 0.945505 0.495434 0.106121 0.107871
1 0.546618 0.774608 0.567818 0.450784
0 0.265278 0.303715 0.530555 0.607431
0 0.744077 0.341396 0.511845 0.682793
3 0.559474 0.297523 0.0131517 0.041416
0 0.981686 0.778416 0.0366285 0.443169
0 0.0281419 0.479725 0.0562838 0.105477
0 0.282114 0.778505 0.564228 0.44299
0 0.779057 0.203887 0.441886 0.407774
3 0.833654 0.445864 0.00899544 0.0302452
0 0.780325 0.78448 0.43935 0.43104
0 0.682694 0.40825 0.038885 0.0414119
0 0.680167 0.418136 0.0460661 0.0398782
0 0.575083 0.586282 0.131844 0.0511113
1 0.449946 0.596381 0.0175816 0.0552534
0 0.293348 0.368965 0.586696 0.73793
0 0.321994 0.564427 0.0755758 0.0520044
0 0.881994 0.571434 0.0816734 0.0353813
0 0.784129 0.570638 0.0526684 0.0300995
0 0.790781 0.57144 0.040451 0.0278311
0 0.320061 0.556088 0.0657884 0.0593255
0 0.792688 0.569206 0.034848 0.0242722
1 0.411209 0.608721 0.0137255 0.0461333
1 0.654737 0.573132 0.0123556 0.0242383
1 0.450812 0.602191 0.0152218 0.0427203
0 0.607458 0.585546 0.057771 0.0381743
0 0.654737 0.573132 0.0123556 0.0242383
0 0.998788 0.771748 0.00242405 0.456505
1 0.655484 0.565306 0.0147651 0.031795
0 0.00109505 0.792957 0.0021901 0.414085
0 0.726745 0.574568 0.0243608 0.0208735
2 0.654737 0.573132 0.0123556 0.0242383
3 0.998783 0.779753 0.00243416 0.440495
3 0.808284 0.3675 0.00903053 0.0250316
3 0.558496 0.29582 0.0123987 0.0398894
0 0.793719 0.562926 0.034465 0.0322784
0 0.779555 0.571371 0.0603706 0.0262909
0 0.0843364 0.6029 0.0482566 0.0486518
0 1 0.760423 0 0.479154
0 0.945128 0.779965 0.109743 0.44007
1 0.410142 0.610821 0.0153463 0.0438524
1 0.449305 0.602769 0.0184183 0.0441716
1 0.360354 0.615803 0.0115567 0.0358646
1 0.412128 0.607729 0.0171374 0.052229
2 0.520037 0.596134 0.0107727 0.0362594
1 0.321979 0.619844 0.0104784 0.0445634
0 0.621715 0.588798 0.0293683 0.0370324
0 0.0148339 0.816517 0.0296678 0.366966
2 0.360354 0.615803 0.0115567 0.0358646
1 0.520037 0.596134 0.0107727 0.0362594
0 0.00339623 0.82815 0.00679246 0.343701
1 0.0148339 0.816517 0.0296678 0.366966
1 0.362585 0.612208 0.0151319 0.0449892
1 0.449949 0.602639 0.015813 0.0427342
3 0.28785 0.333715 0.0257202 0.13457
3 0.142492 0.666678 0.0110121 0.0360114
1 0.41099 0.611185 0.0128506 0.041612
3 0.557265 0.295112 0.0111792 0.0407383
1 0.52039 0.597347 0.00858097 0.0347916
3 0.216946 0.648473 0.0103148 0.0357894
3 0.556965 0.292415 0.00869064 0.0363451
2 0.52039 0.597347 0.00858097 0.0347916
1 0.57967 0.591315 0.0106853 0.032998
2 0.491224 0.598351 0.00819759 0.0331066
1 0.360493 0.61731 0.010241 0.0331299
1 0.491224 0.598351 0.00819759 0.0331066
3 0.266035 0.634137 0.0101977 0.0331645
1 0.322242 0.623655 0.00928011 0.0381765
1 0.450201 0.601913 0.0191044 0.0449035
3 0.288674 0.333579 0.0276631 0.12913
1 0.411077 0.608133 0.016324 0.0505103
0 0.656149 0.574933 0.015136 0.0250834
1 0.451587 0.596047 0.0238443 0.0583504
0 0.726995 0.57685 0.0267106 0.0204315
0 0.77707 0.81228 0.44586 0.37544
1 0.360542 0.611412 0.012288 0.0445963
0 0.196992 0.80528 0.393984 0.38944
1 0.656149 0.574933 0.015136 0.0250834
1 0.519979 0.59745 0.00982056 0.0348936
1 0.435796 0.609571 0.0522295 0.0596717
0 0.161699 0.21664 0.323398 0.433281
1 0.417884 0.603258 0.0266434 0.0562381
0 0.789971 0.572662 0.0407714 0.0230973
2 0.520279 0.597231 0.00867024 0.033484
1 0.450658 0.60141 0.0140114 0.0407202
3 0.142632 0.667361 0.0122601 0.0370459
2 0.450658 0.60141 0.0140114 0.0407202
1 0.520279 0.597231 0.00867024 0.033484
3 0.557121 0.293555 0.0124426 0.039478
3 0.494415 0.299965 0.00456247 0.0396673
1 0.450792 0.597656 0.0198778 0.0547172
0 0.985255 0.564895 0.0266508 0.0382756
0 0.657664 0.573366 0.01874 0.0288164
3 0.837285 0.443233 0.00951309 0.0310247
0 0.786182 0.568167 0.0479465 0.030202
4 0.724634 0.436522 0.0174033 0.0296907
3 0.559565 0.296827 0.011228 0.0433191
3 0.877881 0.354251 0.0206203 0.0368183
3 0.547374 0.29631 0.0101173 0.0442914
2 0.520271 0.598144 0.00965424 0.0352372
0 0.724348 0.434769 0.0158897 0.0286721
0 0.881734 0.568352 0.0865501 0.036129
3 0.885773 0.361685 0.0117025 0.0491148
1 0.449891 0.601605 0.0172531 0.0488778
3 0.557426 0.292929 0.012299 0.0385997
1 0.411607 0.609522 0.0137014 0.0486534
1 0.322244 0.621423 0.0103423 0.0464526
1 0.360649 0.613697 0.0106597 0.0449721
2 0.52048 0.597383 0.00849285 0.0363588
1 0.52048 0.597383 0.00849285 0.0363588
1 0.450781 0.597305 0.0227771 0.0597698
0 0.56752 0.0581513 0.0267427 0.0339337
3 0.837062 0.442208 0.006143 0.0251759
3 0.692473 0.400686 0.0117425 0.0268935
3 0.368426 0.425443 0.00694513 0.0230466
0 0.655216 0.575897 0.0113823 0.0226333
0 0.0639806 0.499691 0.126336 0.157047
3 0.879688 0.354805 0.0129711 0.0372096
3 0.691714 0.402795 0.010634 0.0258589
1 0.655937 0.57334 0.0121716 0.0245096
3 0.36829 0.425243 0.00648103 0.0213754
2 0.520617 0.597438 0.00821247 0.0344482
2 0.36056 0.615367 0.0104721 0.0396278
2 0.655937 0.57334 0.0121716 0.0245096
1 0.410963 0.609151 0.011738 0.0502257
4 0.72596 0.435764 0.0143307 0.0275318
4 0.725321 0.433335 0.0148302 0.0247754
3 0.557774 0.296047 0.0135365 0.0411193
4 0.507291 0.428826 0.00973377 0.0167569
0 1 0.759724 0 0.480551
4 0.72513 0.435266 0.0161291 0.0282508
4 0.507904 0.430124 0.00824928 0.0187866
0 1 0.83517 0 0.32966
3 0.567994 0.0592406 0.026218 0.0327026
1 0.449926 0.598352 0.0174018 0.05319
3 0.837626 0.441561 0.00562115 0.0261292
1 0.451324 0.595547 0.0226441 0.0616871
3 0.833274 0.443551 0.00654182 0.0258417
2 0.520301 0.594195 0.00974693 0.0388804
3 0.833539 0.444221 0.00740433 0.0290514
3 0.833607 0.445182 0.00749245 0.0290204
3 0 0.267453 0 0.534906
3 0.836412 0.444597 0.00630646 0.0302677
3 0.55812 0.296874 0.00979795 0.0411185
3 0.83362 0.445424 0.00800133 0.0272479
3 0.836046 0.445516 0.00745964 0.0306283
1 0.655559 0.572673 0.0169579 0.0292387
1 0.45095 0.598249 0.0167805 0.0556596
1 0.451864 0.59479 0.0245045 0.0663357
3 0.289677 0.340049 0.0303549 0.149854
3 0.33634 0.352196 0.123803 0.218292
3 0.28948 0.342722 0.0295025 0.154776
3 0.836428 0.440545 0.00837021 0.0283812
3 0.288774 0.341339 0.0268043 0.151368
3 0.289031 0.337716 0.0272404 0.140036
3 0.557458 0.298166 0.0096302 0.0439598
4 0.728248 0.441257 0.0124077 0.0309108
3 0.288113 0.338044 0.0251307 0.139271
3 0.836995 0.446197 0.00970459 0.0379764
4 0.726081 0.435481 0.0145981 0.026261
3 0.288681 0.338679 0.0264761 0.147821
3 0.558018 0.294982 0.00977621 0.0385508
3 0.55821 0.294816 0.0099659 0.0387058
3 0.559004 0.30019 0.0105524 0.0440814
3 0.836275 0.4423 0.00892792 0.0300886
3 0.558007 0.295409 0.010192 0.0406234
3 0.836054 0.441164 0.00821209 0.0301425
3 0.557926 0.295541 0.0105661 0.0412642
3 0.836094 0.442046 0.00855713 0.0317468
3 0.557908 0.296048 0.010828 0.0418436
3 0.83607 0.441613 0.00876427 0.0317398
3 0.557663 0.296492 0.0106909 0.0425391
3 0.836257 0.442119 0.00836716 0.0307645
3 0.557729 0.29597 0.0102638 0.0415831
3 0.836188 0.442842 0.00820942 0.0312557
3 0.557728 0.295977 0.0102768 0.0416022
3 0.836192 0.442799 0.00819702 0.0312166
