0 0.7585 0.729981 0.483 0.521351
0 0.759512 0.499498 0.480976 0.997333
0 0.345602 0.393283 0.683461 0.684875
0 0.406419 0.757219 0.812839 0.458216
0 0.826258 0.702958 0.347483 0.594085
0 0.561717 0.761387 0.528499 0.456993
0 0.47101 0.489473 0.940413 0.88688
3 0.823845 0.683063 0.352311 0.633874
4 0.768337 0.710827 0.463327 0.569854
4 0.410295 0.762984 0.795282 0.453771
3 0.747438 0.505957 0.505125 0.988086
0 0.511762 0.717244 0.975782 0.555533
3 0.87347 0.502362 0.25306 0.995275
3 0.5 0.500914 1 0.998172
3 0.83324 0.717937 0.333519 0.560521
3 0.229808 0.438491 0.45562 0.664758
3 0.926604 0.746024 0.146793 0.507953
3 0.759326 0.716242 0.475907 0.567516
3 0.263906 0.694012 0.524789 0.330121
3 0.047633 0.607623 0.0952661 0.784753
4 0.511762 0.717244 0.975782 0.555533
3 0.933964 0.719618 0.132072 0.560764
4 0.561717 0.761387 0.528499 0.456993
3 0.257137 0.739981 0.511893 0.520037
3 0.675598 0.738598 0.387841 0.522804
3 0.162575 0.426423 0.32515 0.693088
3 0.179202 0.847619 0.355951 0.304763
3 0.47877 0.330214 0.940284 0.636888
3 0.385784 0.781709 0.768363 0.436582
4 0.147229 0.785791 0.294458 0.428418
3 0.596395 0.748318 0.475195 0.503363
3 0.515902 0.717106 0.968195 0.537923
4 0.934501 0.676938 0.130999 0.639847
4 0.345602 0.393283 0.683461 0.684875
3 0.84549 0.235918 0.30902 0.471835
3 0.217711 0.811801 0.42716 0.376397
0 0.036489 0.176905 0.0729781 0.35381
3 0.036489 0.176905 0.0729781 0.35381
4 0.47101 0.489473 0.940413 0.88688
3 0.12201 0.371572 0.244019 0.692254
4 0.148228 0.680312 0.296455 0.388027
4 0.753819 0.498051 0.492361 0.993604
3 0.352584 0.387131 0.703929 0.720634
4 0.265518 0.786248 0.519159 0.427504
3 0.168761 0.19373 0.337522 0.387461
4 0.217711 0.811801 0.42716 0.376397
4 0.926604 0.746024 0.146793 0.507953
4 0.263906 0.694012 0.524789 0.330121
3 0.0581424 0.777082 0.116285 0.445835
0 0.930495 0.719496 0.139009 0.561008
3 0.412799 0.113601 0.566183 0.227202
0 0.801451 0.364946 0.397098 0.726934
0 0.898146 0.159306 0.203708 0.318612
4 0.179202 0.847619 0.355951 0.304763
4 0.861679 0.681772 0.276643 0.636456
4 0.59296 0.279945 0.80743 0.485742
3 0.899386 0.213648 0.201228 0.427295
4 0.155093 0.454174 0.310185 0.631449
3 0.148228 0.680312 0.296455 0.388027
0 0.680481 0.744941 0.405743 0.493743
4 0.512208 0.361514 0.965887 0.677882
3 0.777642 0.268918 0.444482 0.469251
3 0.832665 0.419797 0.334671 0.819922
3 0.147229 0.785791 0.294458 0.428418
3 0.0321349 0.296626 0.0642699 0.593253
3 0.0446929 0.325534 0.0893857 0.651068
3 0.59296 0.279945 0.80743 0.485742
0 0.281373 0.646982 0.548103 0.258232
3 0.070853 0.341216 0.141706 0.682432
3 0.898146 0.159306 0.203708 0.318612
3 0.852283 0.203997 0.295434 0.407994
4 0.281373 0.646982 0.548103 0.258232
3 0.110432 0.815714 0.220864 0.368573
3 0.927076 0.626826 0.145849 0.723064
3 0.75091 0.733971 0.498181 0.498847
3 0.208178 0.330952 0.40672 0.647579
3 0.0793022 0.853432 0.158604 0.293135
3 0.599374 0.10984 0.579087 0.21968
4 0.801683 0.702248 0.396633 0.595505
4 0.517822 0.753035 0.596212 0.49393
3 0.339404 0.138327 0.530751 0.276653
4 0.801451 0.364946 0.397098 0.726934
0 0.412799 0.113601 0.566183 0.227202
0 0.245202 0.389474 0.477132 0.693342
0 0.512208 0.361514 0.965887 0.677882
4 0.245202 0.389474 0.477132 0.693342
0 0.63588 0.111107 0.580171 0.222214
0 0.150893 0.847381 0.301613 0.305237
3 0.281373 0.646982 0.548103 0.258232
4 0.884586 0.504781 0.230829 0.990438
0 0.047633 0.607623 0.0952661 0.784753
4 0.680481 0.744941 0.405743 0.493743
4 0.0793022 0.853432 0.158604 0.293135
0 0.59296 0.279945 0.80743 0.485742
1 0.224867 0.799449 0.446244 0.401102
3 0.267513 0.100196 0.50104 0.200391
3 0.1658 0.130967 0.331601 0.261935
1 0.797948 0.306161 0.404105 0.608978
3 0.240197 0.166156 0.47037 0.331952
4 0.833847 0.726652 0.332306 0.546695
0 0.775897 0.711985 0.448206 0.57603
0 0.0321349 0.296626 0.0642699 0.593253
1 0.4066 0.754439 0.8132 0.462647
0 0.267513 0.100196 0.50104 0.200391
1 0.559856 0.758784 0.537265 0.469116
4 0.925187 0.731166 0.149626 0.537668
0 0.339404 0.138327 0.530751 0.276653
0 0.596395 0.748318 0.475195 0.503363
0 0.852283 0.203997 0.295434 0.407994
3 0.732317 0.22386 0.530513 0.447719
0 0.927076 0.626826 0.145849 0.723064
4 0.047633 0.607623 0.0952661 0.784753
3 0.918077 0.242129 0.163845 0.452406
0 0.861679 0.681772 0.276643 0.636456
3 0.669742 0.174252 0.588482 0.348504
3 0.599319 0.148853 0.67314 0.297706
0 0.899386 0.213648 0.201228 0.427295
3 0.129191 0.143673 0.258382 0.287347
0 0.0793022 0.853432 0.158604 0.293135
3 0.121206 0.212669 0.242411 0.416157
4 0.588141 0.50723 0.823719 0.985541
4 0.036489 0.176905 0.0729781 0.35381
4 0.830073 0.50286 0.339853 0.962111
3 0.559856 0.758784 0.537265 0.469116
3 0.284655 0.280515 0.555549 0.536832
0 0.830073 0.50286 0.339853 0.962111
0 0.802741 0.258756 0.394519 0.497768
0 0.926604 0.746024 0.146793 0.507953
0 0.90125 0.483056 0.197501 0.925547
3 0.381839 0.196214 0.63533 0.392429
4 0.12201 0.371572 0.244019 0.692254
4 0.802741 0.258756 0.394519 0.497768
0 0.918077 0.242129 0.163845 0.452406
4 0.110432 0.815714 0.220864 0.368573
4 0.898146 0.159306 0.203708 0.318612
0 0.84549 0.235918 0.30902 0.471835
0 0.263906 0.694012 0.524789 0.330121
0 0.208667 0.404968 0.411671 0.536077
0 0.1658 0.130967 0.331601 0.261935
4 0.208667 0.404968 0.411671 0.536077
0 0.12201 0.371572 0.244019 0.692254
0 0.129191 0.143673 0.258382 0.287347
0 0.0446929 0.325534 0.0893857 0.651068
4 0.0581424 0.777082 0.116285 0.445835
0 0.669742 0.174252 0.588482 0.348504
0 0.13667 0.477455 0.27334 0.700687
2 0.654138 0.205759 0.620471 0.403991
4 0.0446929 0.325534 0.0893857 0.651068
4 0.202704 0.162749 0.400217 0.325499
2 0.631709 0.758519 0.42121 0.463161
2 0.647245 0.28103 0.685432 0.539151
4 0.070853 0.341216 0.141706 0.682432
0 0.070853 0.341216 0.141706 0.682432
2 0.820059 0.261835 0.359881 0.508078
4 0.654138 0.205759 0.620471 0.403991
4 0.0321349 0.296626 0.0642699 0.593253
1 0.758895 0.726297 0.48221 0.539689
1 0.306758 0.307628 0.606717 0.592783
0 0.110432 0.815714 0.220864 0.368573
1 0.83324 0.717937 0.333519 0.560521
0 0.148228 0.680312 0.296455 0.388027
2 0.278697 0.221544 0.54276 0.443088
3 0.70058 0.28009 0.576341 0.548496
4 0.396967 0.304245 0.780617 0.591545
4 0.63588 0.111107 0.580171 0.222214
4 0.899386 0.213648 0.201228 0.427295
4 0.502909 0.111848 0.604797 0.223695
1 0.210622 0.332364 0.412435 0.651209
4 0.918077 0.242129 0.163845 0.452406
4 0.129191 0.143673 0.258382 0.287347
4 0.461743 0.196737 0.762948 0.393474
0 0.257137 0.739981 0.511893 0.520037
0 0.732317 0.22386 0.530513 0.447719
0 0.381839 0.196214 0.63533 0.392429
0 0.599319 0.148853 0.67314 0.297706
2 0.758895 0.726297 0.48221 0.539689
1 0.680481 0.744941 0.405743 0.493743
1 0.261431 0.708608 0.517774 0.381352
4 0.599319 0.148853 0.67314 0.297706
1 0.933964 0.719618 0.132072 0.560764
4 0.121206 0.212669 0.242411 0.416157
4 0.1658 0.130967 0.331601 0.261935
2 0.599319 0.148853 0.67314 0.297706
0 0.240197 0.166156 0.47037 0.331952
2 0.90125 0.483056 0.197501 0.925547
4 0.852283 0.203997 0.295434 0.407994
2 0.381839 0.196214 0.63533 0.392429
4 0.371037 0.118006 0.539315 0.236013
2 0.45868 0.750053 0.911101 0.479601
1 0.530627 0.277775 0.823386 0.536065
1 0.489243 0.501688 0.978487 0.992557
2 0.934501 0.676938 0.130999 0.639847
0 0.0581424 0.777082 0.116285 0.445835
2 0.267513 0.100196 0.50104 0.200391
2 0.332088 0.749348 0.65183 0.501304
0 0.168761 0.19373 0.337522 0.387461
2 0.918077 0.242129 0.163845 0.452406
0 0.396967 0.304245 0.780617 0.591545
1 0.241772 0.440956 0.480309 0.686209
0 0.147229 0.785791 0.294458 0.428418
1 0.769895 0.503967 0.46021 0.992065
4 0.266757 0.185328 0.512219 0.370657
1 0.283723 0.754903 0.564175 0.490195
2 0.732317 0.22386 0.530513 0.447719
2 0.925187 0.731166 0.149626 0.537668
4 0.70058 0.28009 0.576341 0.548496
4 0.267513 0.100196 0.50104 0.200391
1 0.179202 0.847619 0.355951 0.304763
4 0.84549 0.235918 0.30902 0.471835
1 0.837793 0.256651 0.324413 0.496316
1 0.281373 0.646982 0.548103 0.258232
0 0.284655 0.280515 0.555549 0.536832
4 0.332117 0.277081 0.575962 0.532689
2 0.541275 0.749878 0.570658 0.466519
2 0.208178 0.330952 0.40672 0.647579
0 0.70058 0.28009 0.576341 0.548496
2 0.339404 0.138327 0.530751 0.276653
2 0.898146 0.159306 0.203708 0.318612
2 0.240197 0.166156 0.47037 0.331952
2 0.471346 0.419489 0.939347 0.824448
4 0.732317 0.22386 0.530513 0.447719
0 0.121206 0.212669 0.242411 0.416157
1 0.352584 0.387131 0.703929 0.720634
2 0.121206 0.212669 0.242411 0.416157
1 0.927076 0.626826 0.145849 0.723064
2 0.643499 0.128305 0.60166 0.25661
2 0.196229 0.109753 0.389138 0.219507
1 0.511762 0.717244 0.975782 0.555533
2 0.926604 0.746024 0.146793 0.507953
2 0.899386 0.213648 0.201228 0.427295
2 0.596395 0.748318 0.475195 0.503363
2 0.675598 0.738598 0.387841 0.522804
2 0.261431 0.708608 0.517774 0.381352
1 0.512208 0.361514 0.965887 0.677882
0 0.208836 0.810347 0.413277 0.379305
0 0.588141 0.50723 0.823719 0.985541
2 0.141941 0.848681 0.283882 0.302637
2 0.282266 0.409685 0.55319 0.734232
2 0.0321349 0.296626 0.0642699 0.593253
1 0.202704 0.162749 0.400217 0.325499
1 0.830073 0.50286 0.339853 0.962111
2 0.0793022 0.853432 0.158604 0.293135
2 0.806635 0.442966 0.38673 0.879308
2 0.412799 0.113601 0.566183 0.227202
0 0.312948 0.796701 0.614176 0.406599
2 0.036489 0.176905 0.0729781 0.35381
4 0.176707 0.332675 0.349671 0.637675
1 0.278697 0.221544 0.54276 0.443088
1 0.599319 0.148853 0.67314 0.297706
2 0.224867 0.799449 0.446244 0.401102
2 0.281373 0.646982 0.548103 0.258232
2 0.826258 0.702958 0.347483 0.594085
1 0.596395 0.748318 0.475195 0.503363
2 0.433873 0.7562 0.68342 0.487601
1 0.918077 0.242129 0.163845 0.452406
2 0.852283 0.203997 0.295434 0.407994
2 0.125597 0.356441 0.251194 0.685912
2 0.312948 0.796701 0.614176 0.406599
1 0.381839 0.196214 0.63533 0.392429
2 0.195202 0.435534 0.390403 0.615845
2 0.486144 0.274949 0.835912 0.532666
2 0.332117 0.277081 0.575962 0.532689
2 0.168761 0.19373 0.337522 0.387461
1 0.899386 0.213648 0.201228 0.427295
2 0.110432 0.815714 0.220864 0.368573
2 0.129191 0.143673 0.258382 0.287347
1 0.63588 0.111107 0.580171 0.222214
1 0.129191 0.143673 0.258382 0.287347
1 0.90125 0.483056 0.197501 0.925547
1 0.134267 0.366523 0.268534 0.630398
2 0.861679 0.681772 0.276643 0.636456
2 0.0581424 0.777082 0.116285 0.445835
1 0.312948 0.796701 0.614176 0.406599
2 0.751366 0.499991 0.497268 0.999249
1 0.654138 0.205759 0.620471 0.403991
2 0.047633 0.607623 0.0952661 0.784753
1 0.121206 0.212669 0.242411 0.416157
1 0.110432 0.815714 0.220864 0.368573
1 0.23523 0.105712 0.459435 0.211424
2 0.0446929 0.325534 0.0893857 0.651068
2 0.070853 0.341216 0.141706 0.682432
1 0.1658 0.130967 0.331601 0.261935
1 0.898146 0.159306 0.203708 0.318612
1 0.70058 0.28009 0.576341 0.548496
1 0.0793022 0.853432 0.158604 0.293135
1 0.0447741 0.680965 0.0895482 0.63807
1 0.861679 0.681772 0.276643 0.636456
1 0.339404 0.138327 0.530751 0.276653
1 0.162575 0.426423 0.32515 0.693088
1 0.036489 0.176905 0.0729781 0.35381
1 0.412799 0.113601 0.566183 0.227202
1 0.852283 0.203997 0.295434 0.407994
1 0.147229 0.785791 0.294458 0.428418
1 0.732317 0.22386 0.530513 0.447719
1 0.0581424 0.777082 0.116285 0.445835
0 0.176707 0.332675 0.349671 0.637675
1 0.926604 0.746024 0.146793 0.507953
1 0.0603317 0.574714 0.120663 0.84896
2 0.13667 0.477455 0.27334 0.700687
1 0.0446929 0.325534 0.0893857 0.651068
0 0.11548 0.421265 0.230961 0.407102
0 0.17076 0.543696 0.146276 0.138384
0 0.198966 0.301721 0.397933 0.603441
0 0.816576 0.572539 0.366848 0.275734
0 0.476192 0.505229 0.0398155 0.0382338
0 0.0553554 0.553191 0.109091 0.181219
0 0.53175 0.260082 0.40865 0.520163
0 0.104509 0.547163 0.207856 0.165231
0 0.490897 0.504052 0.066503 0.0399559
0 0.837799 0.257598 0.324298 0.515197
2 0.088557 0.419313 0.176461 0.443498
1 0.088557 0.419313 0.176461 0.443498
0 0.336858 0.264719 0.480577 0.529438
0 0.429782 0.263609 0.530636 0.527218
0 0.561411 0.202547 0.371989 0.405095
0 0.458884 0.501871 0.114389 0.045096
0 0.404751 0.468428 0.176236 0.121477
0 0.156166 0.5232 0.120906 0.184255
0 0.143599 0.312524 0.286751 0.625047
0 0.819884 0.350533 0.360233 0.689703
0 0.387225 0.461083 0.213849 0.158746
0 0.374057 0.507533 0.105564 0.110858
0 0.152366 0.806192 0.30333 0.387616
0 0.518154 0.434589 0.121206 0.18111
2 0.125103 0.430265 0.24766 0.396334
0 0.372793 0.485543 0.230623 0.147287
0 0.638844 0.27875 0.275669 0.5575
0 0.802174 0.592966 0.395652 0.37047
0 0.742128 0.281758 0.316696 0.563515
0 0.644061 0.263266 0.166804 0.526531
1 0.125103 0.430265 0.24766 0.396334
0 0.788219 0.500492 0.416741 0.958424
4 0.088557 0.419313 0.176461 0.443498
0 0.815663 0.695952 0.368674 0.560423
0 0.516886 0.498766 0.154248 0.0557964
0 0.746741 0.516144 0.424841 0.795488
0 0.188195 0.415621 0.282201 0.366528
1 0.999375 0.692513 0.00125103 0.601214
2 0.0452274 0.51059 0.0902296 0.48198
0 0.437343 0.740596 0.770034 0.515898
0 0.376696 0.436258 0.246697 0.192461
1 0.152366 0.806192 0.30333 0.387616
1 0.999455 0.723273 0.00109062 0.54628
1 0.999015 0.774598 0.0019701 0.450805
3 0.791945 0.338657 0.410763 0.677314
2 0.458884 0.501871 0.114389 0.045096
0 0.521393 0.503753 0.122515 0.0427012
0 0.537106 0.437904 0.0937978 0.176132
0 0.622224 0.300345 0.141293 0.458659
0 0.279596 0.300732 0.559193 0.601463
0 0.471543 0.546563 0.0417695 0.128093
2 0.4527 0.429064 0.147137 0.177518
4 0.77336 0.541723 0.447614 0.895584
4 0.14554 0.82402 0.286536 0.35196
0 0.270791 0.751656 0.500947 0.491137
2 0.152366 0.806192 0.30333 0.387616
0 0.148957 0.657407 0.297915 0.685187
4 0.839397 0.23593 0.321206 0.47186
3 0.8666 0.766928 0.2668 0.447161
4 0.81771 0.745709 0.364581 0.485986
4 0.428227 0.26623 0.519657 0.532459
3 0.899484 0.810028 0.201033 0.379943
0 0.299464 0.606916 0.59564 0.396688
3 0.840871 0.224393 0.318258 0.448786
3 0.149884 0.713906 0.29589 0.572188
0 0.538741 0.307423 0.671858 0.614847
0 0.343528 0.593492 0.287734 0.244539
0 0.999015 0.774598 0.0019701 0.450805
4 0.811102 0.360164 0.374446 0.720328
3 0.502957 0.266479 0.448887 0.532958
4 0.149884 0.713906 0.29589 0.572188
0 0.374307 0.460334 0.109099 0.18771
3 0.878696 0.705128 0.242607 0.585905
3 0.33705 0.354949 0.317603 0.373783
3 0.793434 0.768027 0.413131 0.463946
2 0.999015 0.774598 0.0019701 0.450805
0 0.449748 0.275614 0.650883 0.551228
2 0.563373 0.260236 0.367585 0.520473
2 0.18387 0.697127 0.364587 0.605745
4 0.774728 0.703866 0.445433 0.569436
3 0.376696 0.436258 0.246697 0.192461
3 0.801684 0.682724 0.396632 0.598877
3 0.638844 0.27875 0.275669 0.5575
3 0.956364 0.271711 0.0872726 0.505094
3 0.610406 0.833951 0.425747 0.332097
0 0.289796 0.836395 0.579592 0.327211
2 0.387225 0.461083 0.213849 0.158746
0 0.33705 0.354949 0.317603 0.373783
0 0.375686 0.569777 0.223735 0.17742
3 0.730726 0.777668 0.509054 0.444665
2 0.188195 0.415621 0.282201 0.366528
4 0.148027 0.306644 0.296054 0.613287
3 0.391012 0.274628 0.627947 0.549256
3 0.456138 0.622069 0.140468 0.296075
0 0.833854 0.194135 0.332291 0.38827
2 0.797687 0.365166 0.401472 0.730332
4 0.919106 0.806717 0.161789 0.386567
4 0.538741 0.307423 0.671858 0.614847
3 0.4527 0.429064 0.147137 0.177518
4 0.996933 0.808907 0.0061348 0.382187
4 0.426852 0.750717 0.83712 0.498567
4 0.878696 0.705128 0.242607 0.585905
0 0.361467 0.232505 0.722933 0.465009
3 0.908366 0.229361 0.183268 0.458722
4 0.343663 0.268319 0.420604 0.536637
3 0.996933 0.808907 0.0061348 0.382187
4 0.802174 0.592966 0.395652 0.37047
3 0.843612 0.779259 0.312777 0.441482
1 0.622224 0.300345 0.141293 0.458659
3 0.841454 0.112901 0.317093 0.225803
2 0.833137 0.241581 0.329063 0.483161
3 0.989838 0.319228 0.0203244 0.504403
0 0.670651 0.729863 0.658697 0.526922
3 0.781676 0.568731 0.436072 0.844844
3 0.802174 0.592966 0.395652 0.37047
4 0.289796 0.836395 0.579592 0.327211
1 0.825623 0.320192 0.346081 0.640385
3 0.139994 0.414608 0.279987 0.398384
4 0.573012 0.267133 0.353243 0.534267
1 0.128516 0.684163 0.257032 0.631674
1 0.542522 0.268143 0.378699 0.536286
2 0.996933 0.808907 0.0061348 0.382187
2 0.746741 0.516144 0.424841 0.795488
1 0.0452274 0.51059 0.0902296 0.48198
4 0.878128 0.799904 0.243744 0.400192
3 0.287363 0.278239 0.572068 0.556477
3 0.402857 0.56488 0.171316 0.188569
0 0.367894 0.784138 0.735789 0.431725
4 0.572705 0.745677 0.669092 0.508645
4 0.322311 0.283901 0.59537 0.567802
0 0.886414 0.0842852 0.227171 0.16857
2 0.456138 0.622069 0.140468 0.296075
0 0.4527 0.429064 0.147137 0.177518
4 0.506204 0.261082 0.428232 0.522165
4 0.372793 0.485543 0.230623 0.147287
3 0.343528 0.593492 0.287734 0.244539
1 0.375686 0.569777 0.223735 0.17742
3 0.886414 0.0842852 0.227171 0.16857
0 0.915567 0.235078 0.168866 0.440074
3 0.358403 0.749616 0.712316 0.500767
4 0.610406 0.833951 0.425747 0.332097
0 0.218092 0.235135 0.436184 0.47027
2 0.375686 0.569777 0.223735 0.17742
4 0.395015 0.263799 0.711953 0.527598
3 0.0218616 0.223846 0.0437233 0.447691
1 0.815663 0.695952 0.368674 0.560423
3 0.599371 0.729968 0.776312 0.5399
1 0.984026 0.578452 0.0319471 0.437553
0 0.996933 0.808907 0.0061348 0.382187
3 0.833191 0.5357 0.333619 0.340394
2 0.285265 0.264165 0.49977 0.52833
4 0.231787 0.299972 0.463574 0.599943
4 0.124175 0.428006 0.247814 0.398009
2 0.568023 0.758831 0.41572 0.476277
0 0.568023 0.758831 0.41572 0.476277
0 0.0452274 0.51059 0.0902296 0.48198
0 0.841454 0.112901 0.317093 0.225803
2 0.692978 0.251453 0.597308 0.502906
2 0.520068 0.42847 0.174864 0.1865
4 0.0184661 0.230998 0.0369322 0.461996
0 0.0143846 0.438146 0.0287692 0.423977
3 0.577971 0.268214 0.332174 0.536427
2 0.195886 0.605928 0.389672 0.73281
4 0.539827 0.760506 0.471832 0.478989
4 0.730726 0.777668 0.509054 0.444665
3 0.372793 0.485543 0.230623 0.147287
1 0.996933 0.808907 0.0061348 0.382187
2 0.807913 0.690125 0.384173 0.606419
3 0.148027 0.306644 0.296054 0.613287
4 0.0452274 0.51059 0.0902296 0.48198
3 0.629029 0.29071 0.717869 0.581421
2 0.404751 0.468428 0.176236 0.121477
4 0.893362 0.812218 0.213276 0.375564
2 0.622224 0.300345 0.141293 0.458659
1 0.299464 0.606916 0.59564 0.396688
0 0.984711 0.416601 0.0305784 0.574669
4 0.429452 0.834926 0.810864 0.330148
2 0.516886 0.498766 0.154248 0.0557964
3 0.270791 0.751656 0.500947 0.491137
0 0.297679 0.539227 0.103876 0.0609908
3 0.0184661 0.230998 0.0369322 0.461996
4 0.915567 0.235078 0.168866 0.440074
4 0.509024 0.835889 0.776543 0.328222
0 0.583876 0.824549 0.363005 0.341068
1 0.354609 0.831371 0.709218 0.337258
0 0.731631 0.396605 0.0960889 0.171919
4 0.232384 0.733335 0.464768 0.533329
0 0.692978 0.251453 0.597308 0.502906
0 0.346217 0.532925 0.159295 0.0671292
3 0.742128 0.281758 0.316696 0.563515
2 0.816576 0.572539 0.366848 0.275734
1 0.526917 0.830968 0.479097 0.338064
0 0.998073 0.635568 0.00385466 0.600123
4 0.629029 0.29071 0.717869 0.581421
1 0.878696 0.705128 0.242607 0.585905
0 0.572705 0.745677 0.669092 0.508645
4 0.841454 0.112901 0.317093 0.225803
2 0.70068 0.71253 0.586218 0.51616
4 0.793434 0.768027 0.413131 0.463946
4 0.8666 0.766928 0.2668 0.447161
3 0.725786 0.299387 0.531282 0.598774
4 0.998073 0.635568 0.00385466 0.600123
4 0.686221 0.746929 0.627557 0.503475
3 0.558265 0.837616 0.746369 0.324768
4 0.886414 0.0842852 0.227171 0.16857
3 0.372972 0.267569 0.425214 0.535138
3 0.00727647 0.862508 0.0145529 0.274983
3 0.0263426 0.273146 0.0526851 0.546291
2 0.372793 0.485543 0.230623 0.147287
3 0.0439083 0.317468 0.0878166 0.593909
3 0.278334 0.328035 0.473069 0.477616
0 0.305752 0.185628 0.611504 0.371256
3 0.998073 0.635568 0.00385466 0.600123
1 0.590544 0.836123 0.395878 0.327755
4 0.843612 0.779259 0.312777 0.441482
2 0.343528 0.593492 0.287734 0.244539
3 0.644061 0.263266 0.166804 0.526531
2 0.644061 0.263266 0.166804 0.526531
3 0.21583 0.233219 0.43166 0.466438
2 0.376696 0.436258 0.246697 0.192461
4 0.375686 0.569777 0.223735 0.17742
1 0.984711 0.416601 0.0305784 0.574669
3 0.814286 0.232846 0.371428 0.465693
2 0.437343 0.740596 0.770034 0.515898
3 0.774771 0.756818 0.450458 0.481768
0 0.814286 0.232846 0.371428 0.465693
0 0.288797 0.497054 0.406837 0.172238
4 0.376696 0.436258 0.246697 0.192461
4 0.165776 0.396548 0.275346 0.367994
4 0.622224 0.300345 0.141293 0.458659
2 0.599371 0.729968 0.776312 0.5399
2 0.63852 0.818907 0.494547 0.362187
1 0.644061 0.263266 0.166804 0.526531
0 0.82389 0.784968 0.35222 0.423683
3 0.622224 0.300345 0.141293 0.458659
1 0.638844 0.27875 0.275669 0.5575
2 0.136075 0.256556 0.272151 0.513112
4 0.984711 0.416601 0.0305784 0.574669
2 0.33705 0.354949 0.317603 0.373783
3 0.14554 0.82402 0.286536 0.35196
2 0.289796 0.836395 0.579592 0.327211
4 0.999015 0.774598 0.0019701 0.450805
1 0.18387 0.697127 0.364587 0.605745
3 0.0283685 0.432651 0.056737 0.406811
3 0.429452 0.834926 0.810864 0.330148
2 0.814286 0.232846 0.371428 0.465693
1 0.343528 0.593492 0.287734 0.244539
4 0.814286 0.232846 0.371428 0.465693
4 0.833191 0.5357 0.333619 0.340394
1 0.251933 0.696917 0.47126 0.527808
1 0.742128 0.281758 0.316696 0.563515
3 0.299464 0.606916 0.59564 0.396688
1 0.746741 0.516144 0.424841 0.795488
4 0.218092 0.235135 0.436184 0.47027
3 0.088557 0.419313 0.176461 0.443498
4 0.343528 0.593492 0.287734 0.244539
4 0.554486 0.82872 0.460496 0.339401
1 0.428227 0.26623 0.519657 0.532459
3 0.984711 0.416601 0.0305784 0.574669
4 0.4527 0.429064 0.147137 0.177518
4 0.638844 0.27875 0.275669 0.5575
2 0.899484 0.810028 0.201033 0.379943
4 0.742128 0.281758 0.316696 0.563515
1 0.506275 0.750432 0.876307 0.499136
4 0.299464 0.606916 0.59564 0.396688
4 0.33705 0.354949 0.317603 0.373783
4 0.984026 0.578452 0.0319471 0.437553
0 0.685651 0.7724 0.532717 0.446159
4 0.0218616 0.223846 0.0437233 0.447691
3 0.554486 0.82872 0.460496 0.339401
4 0.989838 0.319228 0.0203244 0.504403
1 0.839893 0.244523 0.320214 0.489045
1 0.131025 0.31482 0.26205 0.62964
2 0.742128 0.281758 0.316696 0.563515
4 0.3266 0.190391 0.62433 0.380783
4 0.0263426 0.273146 0.0526851 0.546291
2 0.0283685 0.432651 0.056737 0.406811
3 0.289796 0.836395 0.579592 0.327211
3 0.555295 0.830088 0.649745 0.339825
2 0.730726 0.777668 0.509054 0.444665
2 0.0143846 0.438146 0.0287692 0.423977
4 0.555295 0.830088 0.649745 0.339825
3 0.70068 0.71253 0.586218 0.51616
4 0.0116123 0.586387 0.0232245 0.536558
0 0.878696 0.705128 0.242607 0.585905
0 0.0218616 0.223846 0.0437233 0.447691
3 0.668153 0.749882 0.472295 0.486806
2 0.128516 0.684163 0.257032 0.631674
4 0.458884 0.501871 0.114389 0.045096
1 0.358403 0.749616 0.712316 0.500767
0 0.989838 0.319228 0.0203244 0.504403
2 0.886414 0.0842852 0.227171 0.16857
2 0.668153 0.749882 0.472295 0.486806
3 0.568023 0.758831 0.41572 0.476277
4 0.387225 0.461083 0.213849 0.158746
0 0.984026 0.578452 0.0319471 0.437553
1 0.63852 0.818907 0.494547 0.362187
4 0.278334 0.328035 0.473069 0.477616
2 0.270791 0.751656 0.500947 0.491137
2 0.198966 0.301721 0.397933 0.603441
0 0.478459 0.508214 0.0294469 0.0266544
3 0.19475 0.325235 0.00625248 0.0355643
3 0.19547 0.332379 0.00651474 0.039749
3 0.479122 0.509129 0.0260189 0.0327964
0 0.682961 0.495679 0.634078 0.991358
0 0.9515 0.313594 0.097 0.627188
1 0.6983 0.504798 0.603401 0.990404
3 0.785026 0.818323 0.429948 0.363354
3 0.839624 0.804553 0.316749 0.390894
0 0.904498 0.82627 0.191004 0.347461
0 0.734768 0.392248 0.530465 0.784495
0 0.956301 0.250277 0.0873981 0.500554
2 0.696813 0.373658 0.606374 0.747316
2 0.51129 0.224003 0.977421 0.448006
3 0.36212 0.530772 0.72424 0.938456
3 0.43077 0.504747 0.86154 0.990507
0 0.970568 0.136187 0.058864 0.272374
0 0.144155 0.848547 0.28831 0.302905
0 0.669363 0.447419 0.661273 0.894839
3 0.687278 0.500141 0.625445 0.999718
0 0.00726314 0.819927 0.0145263 0.360145
4 0.65411 0.753359 0.681065 0.493282
4 0.812351 0.818836 0.375299 0.362329
0 0.447213 0.853817 0.894425 0.292367
4 0.221018 0.817409 0.442037 0.365183
3 0.543988 0.509928 0.882124 0.980144
0 0.931585 0.746798 0.136831 0.506404
0 0.434516 0.503657 0.869032 0.992685
2 0.408964 0.220451 0.817928 0.440902
4 0.60245 0.792181 0.7951 0.395029
3 0.579054 0.670133 0.841893 0.659733
1 0.960171 0.255803 0.0796581 0.511606
2 0.677247 0.0435018 0.447121 0.0870035
2 0.785026 0.818323 0.429948 0.363354
2 0.970568 0.136187 0.058864 0.272374
2 0.754862 0.229619 0.379007 0.459238
1 0.543988 0.509928 0.882124 0.980144
2 0.790221 0.380261 0.419558 0.760521
0 0.323763 0.5 0.647525 1
4 0.00951976 0.453533 0.0190395 0.907067
2 0.43077 0.504747 0.86154 0.990507
0 0.754862 0.229619 0.379007 0.459238
1 0.970568 0.136187 0.058864 0.272374
4 0.751198 0.787982 0.497603 0.424036
2 0.967161 0.200358 0.065678 0.400715
1 0.967161 0.200358 0.065678 0.400715
0 0.12298 0.713189 0.24596 0.573622
0 0.115649 0.5 0.231298 1
0 0.187714 0.181688 0.375427 0.363377
3 0.6374 0.825893 0.724965 0.348214
3 0.0140008 0.34208 0.0280016 0.684159
3 0.447213 0.853817 0.894425 0.292367
4 0.963781 0.635188 0.0724382 0.729625
0 0.677247 0.0435018 0.447121 0.0870035
3 0.299591 0.664351 0.599182 0.671298
4 0.728428 0.5 0.543144 1
2 0.735568 0.0474955 0.315716 0.0949909
4 0.0939217 0.657003 0.187843 0.685995
4 0.611823 0.661302 0.776353 0.677396
2 0.540306 0.0585853 0.592883 0.117171
4 0.385727 0.874275 0.707597 0.251451
4 0.970568 0.136187 0.058864 0.272374
0 0.083124 0.358456 0.166248 0.716911
4 0.576854 0.71619 0.846293 0.532664
2 0.299591 0.664351 0.599182 0.671298
2 0.401614 0.0431606 0.572563 0.0863211
2 0.969596 0.29081 0.0608078 0.58162
0 0.420849 0.862971 0.796478 0.274057
2 0.00726314 0.819927 0.0145263 0.360145
0 0.540306 0.0585853 0.592883 0.117171
0 0.755457 0.100613 0.310168 0.201226
2 0.187714 0.181688 0.375427 0.363377
2 0.9515 0.313594 0.097 0.627188
1 0.975981 0.710384 0.0480389 0.579233
3 0.736841 0.487521 0.526317 0.975043
0 0.625146 0.505508 0.749708 0.988984
0 0.296001 0.884689 0.592003 0.230623
2 0.65411 0.753359 0.681065 0.493282
2 0.839624 0.804553 0.316749 0.390894
4 0.388721 0.642824 0.777442 0.714352
0 0.0939217 0.657003 0.187843 0.685995
2 0.755457 0.100613 0.310168 0.201226
3 0.577642 0.858565 0.844716 0.28287
0 0.6374 0.825893 0.724965 0.348214
3 0.13491 0.815303 0.269819 0.369394
1 0.812958 0.815947 0.374084 0.368106
0 0.967161 0.200358 0.065678 0.400715
0 0.477572 0.809549 0.955144 0.327962
4 0.41378 0.505274 0.827561 0.989453
0 0.577642 0.858565 0.844716 0.28287
0 0.782136 0.813777 0.435728 0.372447
4 0.93745 0.827958 0.125101 0.344084
4 0.12298 0.713189 0.24596 0.573622
4 0.968619 0.536707 0.0627622 0.82718
0 0.5 0.207368 1 0.414736
0 0.0130023 0.851087 0.0260046 0.297826
4 0.967161 0.200358 0.065678 0.400715
0 0.735568 0.0474955 0.315716 0.0949909
4 0.296001 0.884689 0.592003 0.230623
3 0.726443 0.820597 0.547114 0.358806
0 0.818302 0.810752 0.363396 0.378496
0 0.999998 0.336823 4.19617e-06 0.673646
4 0.439828 0.869982 0.879657 0.260036
4 0.577642 0.858565 0.844716 0.28287
3 0.65411 0.753359 0.681065 0.493282
0 0.548923 0.877278 0.902154 0.245444
4 0.525825 0.599231 0.94835 0.801539
2 0.525614 0.399515 0.847182 0.799029
2 0.237874 0.0787327 0.475749 0.157465
2 0.00841118 0.482769 0.0168224 0.965539
3 0.221018 0.817409 0.442037 0.365183
0 0.0140008 0.34208 0.0280016 0.684159
3 0.630155 0.837146 0.739691 0.325708
4 0.247443 0.602461 0.494886 0.795078
3 0.296001 0.884689 0.592003 0.230623
1 0.299591 0.664351 0.599182 0.671298
0 0.237874 0.0787327 0.475749 0.157465
3 0.970568 0.136187 0.058864 0.272374
4 0.343837 0.705597 0.687675 0.588806
2 0.686611 0.510891 0.626779 0.978218
0 0.385727 0.874275 0.707597 0.251451
4 0.0140008 0.34208 0.0280016 0.684159
3 0.532705 0.882854 0.934591 0.234292
3 0.192213 0.413329 0.384427 0.826659
4 0.590135 0.0547476 0.505672 0.109495
4 0.13491 0.815303 0.269819 0.369394
0 0.187612 0.498991 0.375224 0.943117
4 0.548923 0.877278 0.902154 0.245444
3 0.576877 0.439419 0.0110609 0.0496534
1 0.974191 0.315394 0.0516176 0.630787
4 0.625146 0.505508 0.749708 0.988984
0 0.325404 0.0468968 0.496369 0.0937937
4 0.711771 0.0405248 0.37071 0.0810495
2 0.36212 0.530772 0.72424 0.938456
2 0.956301 0.250277 0.0873981 0.500554
0 0.963781 0.635188 0.0724382 0.729625
0 0.232641 0.859609 0.465282 0.280783
3 0.316756 0.537431 0.633512 0.925138
4 0.88235 0.824365 0.235299 0.35127
0 0.726443 0.820597 0.547114 0.358806
3 0.517991 0.720296 0.964017 0.491683
3 0.385727 0.874275 0.707597 0.251451
0 0.36212 0.530772 0.72424 0.938456
2 0.289413 0.359343 0.578826 0.718686
4 0.977435 0.437308 0.0451303 0.821891
0 0.969596 0.29081 0.0608078 0.58162
3 0.12298 0.713189 0.24596 0.573622
0 0.532705 0.882854 0.934591 0.234292
3 0.398842 0.724332 0.797684 0.551336
3 0.469918 0.374032 0.019194 0.0730071
1 0.177235 0.85569 0.352855 0.28862
4 0.00726314 0.819927 0.0145263 0.360145
3 0.350304 0.382202 0.700607 0.764404
3 0.969596 0.29081 0.0608078 0.58162
0 0.977435 0.437308 0.0451303 0.821891
4 0.243201 0.66504 0.486401 0.669921
0 0.868564 0.818064 0.262873 0.363871
4 0.192213 0.413329 0.384427 0.826659
0 0.225515 0.463883 0.451031 0.927767
3 0.681302 0.681985 0.637397 0.63603
4 0.446321 0.862356 0.892643 0.275287
4 0.9515 0.313594 0.097 0.627188
2 0.692298 0.804728 0.615405 0.390545
2 0.543988 0.509928 0.882124 0.980144
3 0.499281 0.600593 0.998562 0.798814
2 0.60245 0.792181 0.7951 0.395029
3 0.00951976 0.453533 0.0190395 0.907067
4 0.969596 0.29081 0.0608078 0.58162
0 0.505319 0.392309 0.989363 0.784617
3 0.968619 0.536707 0.0627622 0.82718
0 0.681302 0.681985 0.637397 0.63603
3 0.439828 0.869982 0.879657 0.260036
0 0.408964 0.220451 0.817928 0.440902
4 0.726443 0.820597 0.547114 0.358806
1 0.296001 0.884689 0.592003 0.230623
0 0.797948 0.28496 0.404104 0.569919
4 0.398481 0.794992 0.796962 0.410016
0 0.289413 0.359343 0.578826 0.718686
0 0.906466 0.259431 0.187068 0.518863
2 0.447213 0.853817 0.894425 0.292367
4 0.956301 0.250277 0.0873981 0.500554
1 0.553249 0.882641 0.893503 0.234718
4 0.681874 0.604884 0.636252 0.790232
0 0.576854 0.71619 0.846293 0.532664
2 0.975981 0.710384 0.0480389 0.579233
2 0.748553 0.486015 0.502893 0.97203
0 0.570017 0.394497 0.773765 0.788994
0 0.518829 0.481372 0.962343 0.962744
3 0.0130023 0.851087 0.0260046 0.297826
2 0.0130023 0.851087 0.0260046 0.297826
4 0.498066 0.0595357 0.659572 0.119071
0 0.192213 0.413329 0.384427 0.826659
1 0.385727 0.874275 0.707597 0.251451
2 0.576854 0.71619 0.846293 0.532664
4 0.187612 0.498991 0.375224 0.943117
1 0.41378 0.505274 0.827561 0.989453
3 0.707921 0.801586 0.584159 0.396827
3 0.0969655 0.463602 0.193931 0.927204
0 0.0086427 0.5 0.0172854 1
2 0.13491 0.815303 0.269819 0.369394
1 0.563275 0.871579 0.873451 0.256842
1 0.420849 0.862971 0.796478 0.274057
4 0.289413 0.359343 0.578826 0.718686
1 0.977435 0.437308 0.0451303 0.821891
0 0.693348 0.789896 0.602188 0.420208
3 0.906466 0.259431 0.187068 0.518863
4 0.408964 0.220451 0.817928 0.440902
1 0.966375 0.377696 0.0672506 0.755392
4 0.00713693 0.530342 0.0142739 0.939317
3 0.154177 0.863034 0.308354 0.273932
1 0.5 0.207368 1 0.414736
3 0.790221 0.380261 0.419558 0.760521
4 0.852902 0.799685 0.294195 0.400629
0 0.975981 0.710384 0.0480389 0.579233
3 0.0939217 0.657003 0.187843 0.685995
2 0.083124 0.358456 0.166248 0.716911
1 0.963781 0.635188 0.0724382 0.729625
3 0.977435 0.437308 0.0451303 0.821891
4 0.545798 0.875705 0.908403 0.248591
3 0.711771 0.0405248 0.37071 0.0810495
3 0.755457 0.100613 0.310168 0.201226
2 0.681302 0.681985 0.637397 0.63603
2 0.202535 0.617526 0.405071 0.764949
2 0.113424 0.5 0.226848 1
1 0.083124 0.358456 0.166248 0.716911
4 0.755457 0.100613 0.310168 0.201226
0 0.00679255 0.703134 0.0135851 0.593732
1 0.755457 0.100613 0.310168 0.201226
4 0.975981 0.710384 0.0480389 0.579233
0 0.578243 0.780738 0.795654 0.438523
1 0.590135 0.0547476 0.505672 0.109495
3 0.187714 0.181688 0.375427 0.363377
4 0.938993 0.777279 0.122014 0.445443
0 0.474998 0.362538 0.949997 0.725075
3 0.247443 0.602461 0.494886 0.795078
2 0.931585 0.746798 0.136831 0.506404
1 0.408964 0.220451 0.817928 0.440902
4 0.477572 0.809549 0.955144 0.327962
2 0.296001 0.884689 0.592003 0.230623
1 0.681302 0.681985 0.637397 0.63603
1 0.735568 0.0474955 0.315716 0.0949909
4 0.153731 0.579219 0.307463 0.826055
4 0.490549 0.739328 0.981098 0.420668
1 0.447213 0.853817 0.894425 0.292367
1 0.498066 0.0595357 0.659572 0.119071
0 0.658023 0.154237 0.216696 0.296584
3 0.444027 0.312513 0.888055 0.625026
0 0.499281 0.600593 0.998562 0.798814
3 0.116173 0.447592 0.232346 0.895184
4 0.401614 0.0431606 0.572563 0.0863211
2 0.553249 0.882641 0.893503 0.234718
1 0.0140008 0.34208 0.0280016 0.684159
3 0.963781 0.635188 0.0724382 0.729625
4 0.790221 0.380261 0.419558 0.760521
4 0.00679255 0.703134 0.0135851 0.593732
1 0.526347 0.3549 0.947307 0.7098
4 0.119843 0.5 0.239686 1
1 0.202535 0.617526 0.405071 0.764949
1 0.938993 0.777279 0.122014 0.445443
3 0.00726203 0.5 0.0145241 1
1 0.187714 0.181688 0.375427 0.363377
2 0.963781 0.635188 0.0724382 0.729625
2 0.906466 0.259431 0.187068 0.518863
4 0.906466 0.259431 0.187068 0.518863
0 0.990053 0.15511 0.0198949 0.31022
2 0.977435 0.437308 0.0451303 0.821891
1 0.499281 0.600593 0.998562 0.798814
2 0.192213 0.413329 0.384427 0.826659
4 0.0130023 0.851087 0.0260046 0.297826
2 0.0140008 0.34208 0.0280016 0.684159
0 0.93745 0.827958 0.125101 0.344084
3 0.408964 0.220451 0.817928 0.440902
1 0.677247 0.0435018 0.447121 0.0870035
0 0.153731 0.579219 0.307463 0.826055
3 0.398481 0.794992 0.796962 0.410016
1 0.968619 0.536707 0.0627622 0.82718
3 0.93745 0.827958 0.125101 0.344084
3 0.754862 0.229619 0.379007 0.459238
3 0.505319 0.392309 0.989363 0.784617
2 0.968619 0.536707 0.0627622 0.82718
1 0.119843 0.5 0.239686 1
2 0.490549 0.739328 0.981098 0.420668
2 0.12298 0.713189 0.24596 0.573622
3 0.88235 0.824365 0.235299 0.35127
4 0.237874 0.0787327 0.475749 0.157465
4 0.919376 0.354371 0.161247 0.708742
0 0.111455 0.494034 0.222911 0.988067
0 0.00666794 0.588551 0.0133359 0.822898
2 0.385727 0.874275 0.707597 0.251451
3 0.967161 0.200358 0.065678 0.400715
1 0.630155 0.837146 0.739691 0.325708
3 0.202535 0.617526 0.405071 0.764949
3 0.818302 0.810752 0.363396 0.378496
3 0.975981 0.710384 0.0480389 0.579233
1 0.513943 0.802983 0.972115 0.371952
4 0.754862 0.229619 0.379007 0.459238
1 0.00726314 0.819927 0.0145263 0.360145
3 0.579462 0.435247 0.0063632 0.0543314
2 0.439828 0.869982 0.879657 0.260036
4 0.00883256 0.5 0.0176651 1
0 0.478019 0.508183 0.0312627 0.0306289
0 0.617858 0.146361 0.301975 0.291861
0 0.496099 0.505334 0.0663698 0.0295486
0 0.918049 0.109919 0.163903 0.219837
0 0.477603 0.504236 0.032989 0.0423377
0 0.798268 0.800079 0.403465 0.399841
0 0.46644 0.231515 0.514252 0.46303
0 0.300138 0.229418 0.465375 0.458837
0 0.196904 0.241779 0.100119 0.0805959
0 0.499389 0.839267 0.579978 0.321466
0 0.981696 0.38661 0.0348667 0.0424458
0 0.0823828 0.186715 0.0840621 0.121666
4 0.478019 0.508183 0.0312627 0.0306289
0 0.934665 0.0992106 0.13067 0.198421
0 0.855586 0.814559 0.288828 0.370882
1 0.478422 0.509071 0.0318442 0.0308396
0 0.152233 0.810023 0.304466 0.379954
0 0.83812 0.256109 0.323759 0.510311
0 0.208517 0.244615 0.361811 0.489229
1 0.786766 0.773975 0.423041 0.45205
0 0.960824 0.0976665 0.0783516 0.195333
0 0.588279 0.265312 0.708479 0.530624
2 0.478422 0.509071 0.0318442 0.0308396
0 0.0478066 0.214286 0.0956131 0.428572
0 0.154863 0.699713 0.309725 0.600574
0 0.165479 0.518165 0.0554553 0.0626835
0 0.451999 0.917216 0.471013 0.165568
0 0.870411 0.181589 0.259178 0.363178
0 0.876109 0.221695 0.247782 0.443391
0 0.248498 0.262819 0.496996 0.525638
0 0.958123 0.193696 0.0837534 0.387392
0 0.597283 0.741887 0.623893 0.516227
2 0.409353 0.460155 0.818706 0.92031
0 0.0583712 0.511932 0.116742 0.243695
0 0.923609 0.220944 0.152781 0.441889
0 0.0784859 0.483391 0.156972 0.702409
0 0.47658 0.515955 0.0285654 0.0464955
1 0.478428 0.51806 0.0332117 0.051805
0 0.98224 0.400262 0.0345512 0.0526386
0 0.70336 0.892506 0.551421 0.214988
0 0.0992028 0.639155 0.198406 0.15889
0 0.950141 0.228095 0.0997173 0.45619
0 0.084144 0.22741 0.0910123 0.20877
0 0.499529 0.5 0.999058 1
0 0.835032 0.187218 0.329936 0.374436
0 0.579528 0.374907 0.830614 0.749815
3 0.469013 0.372265 0.0204749 0.0715269
1 0.0691393 0.317769 0.138279 0.635538
0 0.0691393 0.317769 0.138279 0.635538
1 0.15655 0.812669 0.3131 0.374662
0 0.965473 0.0707936 0.0690544 0.141587
2 0.375184 0.244362 0.536686 0.488725
0 0.390045 0.812557 0.364117 0.374887
0 0.768009 0.257948 0.463982 0.515895
3 0.852414 0.22781 0.295172 0.455621
0 0.171504 0.353818 0.343008 0.707636
1 0.588279 0.265312 0.708479 0.530624
1 0.183141 0.687706 0.366282 0.425274
3 0.588279 0.265312 0.708479 0.530624
2 0.248498 0.262819 0.496996 0.525638
4 0.658655 0.505376 0.672144 0.989248
0 0.916855 0.479731 0.16629 0.88622
0 0.740703 0.851149 0.506443 0.297703
0 0.409353 0.460155 0.818706 0.92031
1 0.163826 0.285167 0.327651 0.570333
4 0.916855 0.479731 0.16629 0.88622
2 0.835876 0.808571 0.328249 0.382858
2 0.765457 0.286005 0.469087 0.57201
1 0.0784859 0.483391 0.156972 0.702409
2 0.46644 0.231515 0.514252 0.46303
3 0.860401 0.814642 0.279198 0.370716
3 0.86638 0.239757 0.26724 0.479515
0 0.410659 0.886616 0.390736 0.226769
3 0.714259 0.514832 0.571481 0.970336
0 0.919428 0.646407 0.161144 0.707187
3 0.5 0.504406 1 0.991188
0 0.852414 0.22781 0.295172 0.455621
4 0.876109 0.221695 0.247782 0.443391
2 0.83812 0.256109 0.323759 0.510311
4 0.777587 0.254701 0.44392 0.509403
0 0.350816 0.268798 0.664277 0.537596
1 0.0478066 0.214286 0.0956131 0.428572
0 0.384546 0.841549 0.488042 0.316902
0 0.603569 0.921961 0.551292 0.156078
4 0.281108 0.235125 0.37549 0.467075
3 0.774728 0.352867 0.450544 0.699035
4 0.42616 0.600494 0.85232 0.799011
3 0.810212 0.517639 0.379575 0.964722
0 0.0124245 0.716641 0.0248489 0.566717
2 0.876109 0.221695 0.247782 0.443391
2 0.852414 0.22781 0.295172 0.455621
0 0.230169 0.83841 0.460338 0.323179
0 0.145589 0.283635 0.291178 0.56727
4 0.588279 0.265312 0.708479 0.530624
1 0.164372 0.685022 0.328743 0.629955
3 0.222216 0.562833 0.444431 0.501978
4 0.852414 0.22781 0.295172 0.455621
0 0.681094 0.5 0.637811 1
3 0.916855 0.479731 0.16629 0.88622
4 0.868483 0.825535 0.263034 0.34893
4 0.776987 0.817879 0.446026 0.364242
3 0.248498 0.262819 0.496996 0.525638
2 0.951464 0.217538 0.0970729 0.43067
0 0.753594 0.416727 0.492812 0.833453
3 0.782646 0.771711 0.421981 0.456579
2 0.588279 0.265312 0.708479 0.530624
0 0.313818 0.319561 0.627637 0.639122
0 0.671834 0.216614 0.449307 0.433229
3 0.923446 0.813568 0.153108 0.372864
4 0.951464 0.217538 0.0970729 0.43067
4 0.248498 0.262819 0.496996 0.525638
1 0.477603 0.504236 0.032989 0.0423377
1 0.754506 0.317893 0.490989 0.635786
3 0.833692 0.30527 0.332616 0.61054
1 0.810607 0.254569 0.378787 0.509137
1 0.951464 0.217538 0.0970729 0.43067
1 0.244651 0.464963 0.489301 0.805511
1 0.597283 0.741887 0.623893 0.516227
0 0.900189 0.884677 0.199621 0.230647
4 0.15383 0.216765 0.30766 0.433531
0 0.910398 0.83886 0.179204 0.322279
3 0.568994 0.332115 0.0349514 0.148537
0 0.463926 0.257009 0.632934 0.514019
2 0.5 0.504406 1 0.991188
2 0.313818 0.319561 0.627637 0.639122
3 0.42616 0.600494 0.85232 0.799011
4 0.589917 0.345542 0.820166 0.691083
1 0.222216 0.562833 0.444431 0.501978
2 0.0478066 0.214286 0.0956131 0.428572
1 0.959223 0.169895 0.0815533 0.339791
3 0.887673 0.622967 0.224654 0.754067
1 0.860196 0.787011 0.279608 0.425979
0 0.729605 0.185417 0.349636 0.370834
3 0.384569 0.364993 0.769139 0.729985
0 0.637633 0.208047 0.417132 0.416094
4 0.46644 0.231515 0.514252 0.46303
4 0.212587 0.746799 0.425173 0.506402
2 0.152233 0.810023 0.304466 0.379954
0 0.15383 0.216765 0.30766 0.433531
0 0.333304 0.811554 0.555575 0.376892
3 0.950141 0.228095 0.0997173 0.45619
3 0.15383 0.216765 0.30766 0.433531
3 0.185893 0.738885 0.371786 0.522231
1 0.409353 0.460155 0.818706 0.92031
2 0.681094 0.5 0.637811 1
0 0.770462 0.53015 0.428493 0.927569
4 0.860196 0.787011 0.279608 0.425979
2 0.36862 0.234864 0.379392 0.459625
4 0.348418 0.784593 0.670942 0.430814
0 0.247065 0.24105 0.494129 0.482099
4 0.5 0.588601 1 0.822797
3 0.569201 0.381009 0.859199 0.762017
1 0.852414 0.22781 0.295172 0.455621
3 0.657389 0.915822 0.55176 0.168357
3 0.332701 0.226501 0.538861 0.448278
2 0.0691393 0.317769 0.138279 0.635538
3 0.6978 0.765358 0.362334 0.469284
3 0.358515 0.774844 0.71703 0.450312
0 0.375184 0.244362 0.536686 0.488725
1 0.9085 0.403535 0.183001 0.807069
2 0.753594 0.416727 0.492812 0.833453
4 0.161049 0.824028 0.322098 0.351944
2 0.597283 0.741887 0.623893 0.516227
3 0.465293 0.254483 0.585156 0.503215
4 0.0691393 0.317769 0.138279 0.635538
1 0.46644 0.231515 0.514252 0.46303
1 0.669928 0.34214 0.660144 0.68428
4 0.222216 0.562833 0.444431 0.501978
1 0.218891 0.264559 0.437781 0.529119
2 0.729605 0.185417 0.349636 0.370834
4 0.230169 0.83841 0.460338 0.323179
1 0.756123 0.509223 0.487755 0.981555
0 0.503824 0.762082 0.591494 0.475837
2 0.657389 0.915822 0.55176 0.168357
1 0.919428 0.646407 0.161144 0.707187
0 0.982533 0.415111 0.0330109 0.0298147
4 0.740703 0.851149 0.506443 0.297703
0 0.482709 0.221352 0.758405 0.442704
0 0.222216 0.562833 0.444431 0.501978
2 0.919428 0.646407 0.161144 0.707187
4 0.332701 0.226501 0.538861 0.448278
1 0.710022 0.255052 0.579955 0.510105
3 0.710022 0.255052 0.579955 0.510105
3 0.00944362 0.192721 0.0188872 0.385441
1 0.5 0.504406 1 0.991188
4 0.36862 0.234864 0.379392 0.459625
3 0.231788 0.779624 0.463576 0.440752
0 0.709498 0.733183 0.340938 0.533634
4 0.782646 0.771711 0.421981 0.456579
1 0.934665 0.0992106 0.13067 0.198421
1 0.657389 0.915822 0.55176 0.168357
4 0.923609 0.220944 0.152781 0.441889
1 0.486204 0.810099 0.554959 0.379801
0 0.0589181 0.613603 0.117488 0.353379
3 0.868483 0.825535 0.263034 0.34893
0 0.93411 0.739032 0.131781 0.521936
1 0.313818 0.319561 0.627637 0.639122
3 0.476985 0.510458 0.0345201 0.0250435
4 0.70336 0.892506 0.551421 0.214988
0 0.958043 0.0837166 0.0839148 0.167433
2 0.870411 0.181589 0.259178 0.363178
2 0.154863 0.699713 0.309725 0.600574
2 0.212587 0.746799 0.425173 0.506402
1 0.960824 0.0976665 0.0783516 0.195333
4 0.833692 0.30527 0.332616 0.61054
2 0.786766 0.773975 0.423041 0.45205
1 0.15383 0.216765 0.30766 0.433531
1 0.231788 0.779624 0.463576 0.440752
4 0.765147 0.337218 0.469705 0.674436
3 0.920259 0.239846 0.159481 0.479691
0 0.212587 0.746799 0.425173 0.506402
1 0.658655 0.505376 0.672144 0.989248
4 0.6978 0.765358 0.362334 0.469284
0 0.889905 0.935449 0.22019 0.129101
2 0.42616 0.600494 0.85232 0.799011
4 0.778609 0.493906 0.442782 0.987812
3 0.196904 0.241779 0.100119 0.0805959
4 0.553722 0.789509 0.667096 0.420982
2 0.190699 0.232469 0.371579 0.464938
2 0.145589 0.283635 0.291178 0.56727
2 0.20381 0.237493 0.407619 0.474986
3 0.965473 0.0707936 0.0690544 0.141587
0 0.751871 0.765283 0.366157 0.46197
0 0.0118972 0.681413 0.0237944 0.637173
0 0.0962804 0.824653 0.192561 0.350695
1 0.923446 0.813568 0.153108 0.372864
1 0.358515 0.774844 0.71703 0.450312
1 0.134744 0.448885 0.269489 0.795347
4 0.919428 0.646407 0.161144 0.707187
4 0.304018 0.257434 0.560611 0.514868
3 0.637633 0.208047 0.417132 0.416094
3 0.582655 0.635742 0.678121 0.727222
0 0.0606442 0.593977 0.119211 0.0854168
2 0.916855 0.479731 0.16629 0.88622
2 0.959223 0.169895 0.0815533 0.339791
2 0.800578 0.21199 0.374405 0.42398
4 0.384546 0.841549 0.488042 0.316902
4 0.407626 0.906646 0.390724 0.186709
0 0.566235 0.50199 0.825477 0.99602
0 0.0956736 0.378236 0.191347 0.261602
2 0.183141 0.687706 0.366282 0.425274
2 0.358515 0.774844 0.71703 0.450312
4 0.0478066 0.214286 0.0956131 0.428572
2 0.222216 0.562833 0.444431 0.501978
2 0.527117 0.239428 0.564433 0.478857
4 0.465198 0.802164 0.497963 0.395672
4 0.887673 0.622967 0.224654 0.754067
4 0.52735 0.460896 0.945299 0.921792
1 0.6978 0.765358 0.362334 0.469284
1 0.876109 0.221695 0.247782 0.443391
2 0.637633 0.208047 0.417132 0.416094
2 0.868483 0.825535 0.263034 0.34893
3 0.729605 0.185417 0.349636 0.370834
4 0.145589 0.283635 0.291178 0.56727
3 0.615509 0.724526 0.521352 0.550948
2 0.960824 0.0976665 0.0783516 0.195333
1 0.272549 0.709354 0.545097 0.548721
0 0.134744 0.448885 0.269489 0.795347
3 0.800578 0.21199 0.374405 0.42398
4 0.3696 0.704106 0.7392 0.591788
0 0.916267 0.916218 0.167467 0.167564
2 0.669928 0.34214 0.660144 0.68428
2 0.830356 0.434576 0.339289 0.869152
1 0.933045 0.26084 0.13391 0.52168
1 0.870411 0.181589 0.259178 0.363178
3 0.419247 0.237951 0.398459 0.459443
0 0.137059 0.660983 0.274118 0.180893
2 0.6978 0.765358 0.362334 0.469284
2 0.923446 0.813568 0.153108 0.372864
0 0.933045 0.26084 0.13391 0.52168
3 0.272549 0.709354 0.545097 0.548721
3 0.919428 0.646407 0.161144 0.707187
4 0.965473 0.0707936 0.0690544 0.141587
2 0.770462 0.53015 0.428493 0.927569
1 0.475938 0.754726 0.800329 0.490549
0 0.868483 0.825535 0.263034 0.34893
1 0.596992 0.471242 0.806015 0.942484
1 0.868483 0.825535 0.263034 0.34893
2 0.934665 0.0992106 0.13067 0.198421
4 0.384569 0.364993 0.769139 0.729985
0 0.481803 0.497403 0.0454456 0.0546328
4 0.00944362 0.192721 0.0188872 0.385441
2 0.408529 0.264649 0.637268 0.529298
1 0.830356 0.434576 0.339289 0.869152
3 0.669928 0.34214 0.660144 0.68428
3 0.161049 0.824028 0.322098 0.351944
2 0.384546 0.841549 0.488042 0.316902
4 0.870411 0.181589 0.259178 0.363178
4 0.603569 0.921961 0.551292 0.156078
0 0.0634623 0.569771 0.126925 0.126788
4 0.934665 0.0992106 0.13067 0.198421
3 0.208517 0.244615 0.361811 0.489229
0 0.918733 0.944956 0.162533 0.110088
2 0.304018 0.257434 0.560611 0.514868
2 0.933045 0.26084 0.13391 0.52168
2 0.281108 0.235125 0.37549 0.467075
2 0.596992 0.471242 0.806015 0.942484
4 0.615509 0.724526 0.521352 0.550948
0 0.830356 0.434576 0.339289 0.869152
1 0.375184 0.244362 0.536686 0.488725
0 0.795588 0.766688 0.404391 0.424285
0 0.477948 0.506782 0.0359962 0.0335648
1 0.476216 0.530464 0.0332611 0.0728715
0 0.83513 0.799278 0.329741 0.386353
1 0.475984 0.545056 0.0371809 0.105433
1 0.47687 0.508265 0.0324497 0.0306194
0 0.260698 0.80145 0.521396 0.3971
0 0.476134 0.5111 0.0343285 0.0245891
0 0.49363 0.507029 0.0655762 0.0310208
1 0.480058 0.523382 0.0454678 0.0613424
0 0.245211 0.343381 0.490422 0.686761
0 0.187809 0.792491 0.375619 0.415018
0 0.883813 0.815008 0.232374 0.369617
0 0.907377 0.753857 0.185247 0.492285
1 0.053156 0.52701 0.106312 0.205416
0 0.155883 0.590975 0.101383 0.0440428
3 0.476134 0.5111 0.0343285 0.0245891
1 0.0142202 0.418265 0.0274017 0.064531
0 0.436311 0.474249 0.856041 0.948499
0 0.0635277 0.613945 0.127055 0.0717707
1 0.46722 0.552014 0.041662 0.101394
0 0.412498 0.378682 0.760654 0.757364
1 0.106292 0.477893 0.212585 0.276875
0 0.361539 0.768611 0.642058 0.462778
0 0.74087 0.738571 0.438598 0.411026
0 0.109205 0.528957 0.21841 0.192845
2 0.0623644 0.512686 0.124729 0.229506
4 0.476214 0.50606 0.0354425 0.039238
0 0.629321 0.491225 0.711036 0.982449
1 0.865138 0.810099 0.269724 0.376142
0 0.0623644 0.512686 0.124729 0.229506
0 0.623211 0.52426 0.397857 0.79125
0 0.960134 0.658273 0.0797323 0.664966
0 0.0586425 0.549758 0.115193 0.156852
4 0.573406 0.438095 0.0113693 0.0411788
0 0.310821 0.421448 0.621642 0.842895
0 0.749045 0.344685 0.501909 0.68937
0 0.0577314 0.791921 0.115463 0.416157
1 0.762165 0.755929 0.425518 0.433056
0 0.686458 0.752748 0.317956 0.463847
0 0.0577654 0.695653 0.115531 0.608694
0 0.22222 0.244709 0.444441 0.489417
1 0.586868 0.56408 0.0208989 0.0820924
0 0.961884 0.242642 0.0762314 0.485285
1 0.480928 0.543158 0.0539853 0.0938745
0 0.966054 0.19482 0.0678915 0.389641
0 0.488389 0.5 0.648104 1
0 0.50425 0.755565 0.597586 0.488869
0 0.476216 0.530464 0.0332611 0.0728715
2 0.47687 0.508265 0.0324497 0.0306194
1 0.960903 0.601293 0.078195 0.692012
2 0.960903 0.601293 0.078195 0.692012
0 0.147713 0.837121 0.295425 0.325758
0 0.214735 0.445066 0.429471 0.411689
0 0.128217 0.634187 0.255756 0.242107
0 0.24772 0.62622 0.49544 0.369924
0 0.962954 0.479195 0.0740925 0.737172
1 0.0159218 0.42649 0.0307527 0.0666293
0 0.0639032 0.54277 0.127806 0.370105
2 0.865138 0.810099 0.269724 0.376142
2 0.893287 0.273189 0.213427 0.546377
0 0.37034 0.548052 0.740679 0.903896
0 0.0558755 0.486593 0.111751 0.299805
0 0.057683 0.514269 0.112961 0.127462
1 0.812482 0.786241 0.375037 0.417735
0 0.555219 0.34488 0.617759 0.68976
1 0.235458 0.784689 0.470915 0.430621
2 0.438994 0.337202 0.877987 0.674404
1 0.479127 0.504405 0.0381387 0.0393584
0 0.309894 0.553657 0.619789 0.711028
0 0.860402 0.341618 0.279197 0.683236
2 0.474668 0.484569 0.793999 0.969137
0 0.363203 0.5 0.726405 1
1 0.101859 0.686328 0.203719 0.586174
0 0.455878 0.41592 0.612437 0.522627
0 0.956329 0.264043 0.0873419 0.528086
1 0.0558755 0.486593 0.111751 0.299805
0 0.800929 0.275391 0.398141 0.550781
1 0.0137433 0.398354 0.0274866 0.0460092
0 0.559564 0.524162 0.47191 0.587443
1 0.140185 0.3251 0.28037 0.59713
0 0.140185 0.3251 0.28037 0.59713
0 0.893287 0.273189 0.213427 0.546377
2 0.38172 0.262628 0.76344 0.525257
2 0.800929 0.275391 0.398141 0.550781
1 0.951281 0.689898 0.0974388 0.615854
1 0.800929 0.275391 0.398141 0.550781
4 0.283474 0.367631 0.566948 0.735263
1 0.193298 0.809719 0.386596 0.380562
2 0.379978 0.5 0.670479 1
0 0.38172 0.262628 0.76344 0.525257
1 0.129103 0.517164 0.258206 0.219622
0 0.0988023 0.386505 0.197605 0.443106
0 0.175814 0.290887 0.351628 0.581773
1 0.472696 0.507813 0.0411875 0.0360646
2 0.0577654 0.695653 0.115531 0.608694
2 0.129103 0.517164 0.258206 0.219622
0 0.00864673 0.537329 0.0172935 0.114957
4 0.860402 0.341618 0.279197 0.683236
2 0.907377 0.753857 0.185247 0.492285
1 0.175814 0.290887 0.351628 0.581773
2 0.283474 0.367631 0.566948 0.735263
2 0.101859 0.686328 0.203719 0.586174
0 0.933364 0.810901 0.133272 0.378199
1 0.961884 0.242642 0.0762314 0.485285
1 0.676018 0.759497 0.387868 0.481006
1 0.0577654 0.695653 0.115531 0.608694
0 0.158484 0.583508 0.113787 0.0621553
2 0.961884 0.242642 0.0762314 0.485285
1 0.355878 0.418643 0.711756 0.837286
3 0.276348 0.236418 0.529315 0.472837
0 0.399259 0.29944 0.798519 0.598879
0 0.480058 0.523382 0.0454678 0.0613424
4 0.746727 0.303547 0.463101 0.607094
2 0.186246 0.264302 0.372492 0.528604
4 0.69779 0.488681 0.536264 0.977362
2 0.409353 0.776572 0.700314 0.446856
0 0.702019 0.777319 0.57127 0.445361
1 0.0988023 0.386505 0.197605 0.443106
1 0.0577314 0.791921 0.115463 0.416157
0 0.313459 0.225466 0.626919 0.450931
2 0.860402 0.341618 0.279197 0.683236
0 0.781812 0.704554 0.436375 0.472748
0 0.597884 0.773011 0.620198 0.453978
4 0.966054 0.19482 0.0678915 0.389641
0 0.12098 0.295566 0.241961 0.591133
1 0.0639032 0.54277 0.127806 0.370105
0 0.106292 0.477893 0.212585 0.276875
0 0.0783209 0.298458 0.156642 0.596915
4 0.0146121 0.275591 0.0292241 0.551183
2 0.173418 0.797147 0.346837 0.405706
4 0.600981 0.290212 0.623514 0.580425
3 0.0146121 0.275591 0.0292241 0.551183
0 0.954923 0.373923 0.0901545 0.747846
1 0.687913 0.305863 0.52925 0.611726
2 0.303674 0.238304 0.594378 0.476609
0 0.101859 0.686328 0.203719 0.586174
0 0.554217 0.349867 0.891565 0.699735
3 0.212196 0.312775 0.424391 0.625549
4 0.71824 0.798576 0.547269 0.402849
3 0.379978 0.5 0.670479 1
2 0.355878 0.418643 0.711756 0.837286
2 0.0577314 0.791921 0.115463 0.416157
4 0.961063 0.284152 0.0778744 0.568304
1 0.260202 0.393971 0.520403 0.787941
1 0.276348 0.236418 0.529315 0.472837
2 0.71824 0.798576 0.547269 0.402849
3 0.890107 0.816279 0.219786 0.364507
0 0.451144 0.660544 0.716728 0.669145
3 0.555219 0.34488 0.617759 0.68976
2 0.214735 0.445066 0.429471 0.411689
2 0.795588 0.766688 0.404391 0.424285
1 0.455867 0.771575 0.523934 0.45685
4 0.331802 0.778405 0.663603 0.443189
1 0.962954 0.479195 0.0740925 0.737172
2 0.0783209 0.298458 0.156642 0.596915
4 0.174492 0.275144 0.348983 0.550289
3 0.860402 0.341618 0.279197 0.683236
4 0.893287 0.273189 0.213427 0.546377
2 0.69779 0.488681 0.536264 0.977362
1 0.12098 0.295566 0.241961 0.591133
4 0.455613 0.497777 0.837153 0.995554
3 0.69779 0.488681 0.536264 0.977362
0 0.0664617 0.576826 0.132493 0.209225
1 0.580361 0.30507 0.669453 0.610139
3 0.746727 0.303547 0.463101 0.607094
0 0.225079 0.254717 0.450158 0.509433
1 0.474668 0.484569 0.793999 0.969137
4 0.0136586 0.402781 0.0259049 0.0406129
4 0.488031 0.360352 0.971822 0.720704
4 0.37034 0.548052 0.740679 0.903896
2 0.966054 0.19482 0.0678915 0.389641
3 0.432857 0.5 0.830184 1
4 0.623211 0.52426 0.397857 0.79125
0 0.402479 0.807848 0.496445 0.384305
1 0.69779 0.488681 0.536264 0.977362
4 0.771641 0.386183 0.456718 0.772365
2 0.548919 0.828473 0.599746 0.343054
0 0.81271 0.480015 0.374579 0.96003
2 0.393707 0.572495 0.787414 0.855011
3 0.0331691 0.246065 0.0663383 0.49213
2 0.147713 0.837121 0.295425 0.325758
1 0.904684 0.81965 0.190631 0.3607
1 0.860402 0.341618 0.279197 0.683236
3 0.966054 0.19482 0.0678915 0.389641
4 0.0783209 0.298458 0.156642 0.596915
2 0.0639032 0.54277 0.127806 0.370105
2 0.451144 0.660544 0.716728 0.669145
1 0.0331691 0.246065 0.0663383 0.49213
4 0.500348 0.383219 0.616239 0.766438
1 0.353573 0.5 0.707146 1
4 0.309894 0.553657 0.619789 0.711028
3 0.488031 0.360352 0.971822 0.720704
2 0.541125 0.35371 0.640935 0.707419
4 0.38172 0.262628 0.76344 0.525257
0 0.207134 0.264343 0.0680768 0.0913353
2 0.50425 0.755565 0.597586 0.488869
2 0.254952 0.80768 0.509904 0.384641
4 0.50425 0.755565 0.597586 0.488869
4 0.254952 0.80768 0.509904 0.384641
2 0.749045 0.344685 0.501909 0.68937
0 0.0146121 0.275591 0.0292241 0.551183
0 0.0331691 0.246065 0.0663383 0.49213
4 0.0279205 0.306386 0.055841 0.612772
1 0.438994 0.337202 0.877987 0.674404
4 0.455878 0.41592 0.612437 0.522627
1 0.583622 0.413188 0.651439 0.826375
4 0.053156 0.52701 0.106312 0.205416
4 0.303674 0.238304 0.594378 0.476609
0 0.72115 0.292102 0.553161 0.584204
4 0.21735 0.300839 0.4347 0.601677
2 0.81271 0.480015 0.374579 0.96003
3 0.668216 0.805336 0.582309 0.389327
3 0.848101 0.554321 0.303797 0.826795
3 0.406064 0.300276 0.723843 0.600551
1 0.587867 0.570679 0.0262472 0.0933843
1 0.966054 0.19482 0.0678915 0.389641
4 0.363203 0.5 0.726405 1
2 0.957296 0.315553 0.0854074 0.631106
4 0.559564 0.524162 0.47191 0.587443
2 0.402479 0.807848 0.496445 0.384305
4 0.0331691 0.246065 0.0663383 0.49213
0 0.0139493 0.38882 0.0278986 0.0656123
2 0.470318 0.54711 0.0425621 0.106198
1 0.954923 0.373923 0.0901545 0.747846
3 0.81271 0.480015 0.374579 0.96003
2 0.12098 0.295566 0.241961 0.591133
1 0.38172 0.262628 0.76344 0.525257
2 0.106292 0.477893 0.212585 0.276875
1 0.893287 0.273189 0.213427 0.546377
1 0.0783209 0.298458 0.156642 0.596915
2 0.848101 0.554321 0.303797 0.826795
0 0.845645 0.904208 0.180685 0.191086
3 0.476024 0.408118 0.660982 0.816235
2 0.140185 0.3251 0.28037 0.59713
2 0.951281 0.689898 0.0974388 0.615854
4 0.81271 0.480015 0.374579 0.96003
1 0.331802 0.778405 0.663603 0.443189
1 0.413123 0.748392 0.680118 0.497881
2 0.841364 0.808361 0.314899 0.383279
1 0.956329 0.264043 0.0873419 0.528086
1 0.668216 0.805336 0.582309 0.389327
2 0.0279205 0.306386 0.055841 0.612772
0 0.892693 0.361574 0.214614 0.723148
4 0.12098 0.295566 0.241961 0.591133
3 0.451144 0.660544 0.716728 0.669145
1 0.554217 0.349867 0.891565 0.699735
2 0.600981 0.290212 0.623514 0.580425
1 0.434272 0.808442 0.485529 0.383117
4 0.0138059 0.422511 0.0253206 0.0611298
2 0.782426 0.636641 0.435147 0.638957
1 0.174175 0.531226 0.34835 0.225046
3 0.283474 0.367631 0.566948 0.735263
1 0.634851 0.5 0.688159 1
1 0.702019 0.777319 0.57127 0.445361
0 0.0279205 0.306386 0.055841 0.612772
2 0.634851 0.5 0.688159 1
3 0.771641 0.386183 0.456718 0.772365
0 0.542104 0.66271 0.536946 0.516376
3 0.383134 0.393741 0.766268 0.787482
1 0.749045 0.344685 0.501909 0.68937
1 0.551821 0.762302 0.611489 0.475396
2 0.0146121 0.275591 0.0292241 0.551183
0 0 0.147117 0 0.294233
4 0.101859 0.686328 0.203719 0.586174
2 0.183183 0.712936 0.366365 0.574128
4 0.854385 0.288825 0.291231 0.577649
4 0.686458 0.752748 0.317956 0.463847
4 0.960134 0.658273 0.0797323 0.664966
1 0.0261461 0.587878 0.0522922 0.119773
0 0.174175 0.531226 0.34835 0.225046
4 0.572552 0.431406 0.00977383 0.0333572
1 0.848886 0.820525 0.302228 0.358951
3 0.361539 0.768611 0.642058 0.462778
4 0.548919 0.828473 0.599746 0.343054
0 0.901678 0.944929 0.196645 0.11008
1 0.0146121 0.275591 0.0292241 0.551183
4 0.634851 0.5 0.688159 1
1 0.451144 0.660544 0.716728 0.669145
3 0.634851 0.5 0.688159 1
0 0.71824 0.798576 0.547269 0.402849
4 0.214735 0.445066 0.429471 0.411689
3 0.0783209 0.298458 0.156642 0.596915
3 0.0279205 0.306386 0.055841 0.612772
1 0.623211 0.52426 0.397857 0.79125
0 0.0145757 0.392879 0.0291513 0.0530058
4 0.0577654 0.695653 0.115531 0.608694
0 0.503186 0.822976 0.581944 0.354048
4 0.451144 0.660544 0.716728 0.669145
3 0.129505 0.522259 0.259011 0.204669
0 0.191759 0.264453 0.0988493 0.0967132
3 0.954923 0.373923 0.0901545 0.747846
4 0.355878 0.418643 0.711756 0.837286
0 0.848101 0.554321 0.303797 0.826795
1 0.183183 0.712936 0.366365 0.574128
2 0.583615 0.343861 0.832771 0.687722
1 0.393707 0.572495 0.787414 0.855011
3 0.548919 0.828473 0.599746 0.343054
2 0.702019 0.777319 0.57127 0.445361
4 0.172718 0.725303 0.345436 0.549394
0 0.477296 0.50843 0.0292458 0.0275413
0 0.475523 0.511609 0.035166 0.030307
3 0.475523 0.511609 0.035166 0.030307
0 0.495288 0.509731 0.0567103 0.0238362
3 0.470349 0.374069 0.0173769 0.0710575
0 0.852966 0.808675 0.287712 0.382651
0 0.476958 0.513694 0.0302958 0.040966
3 0.441051 0.361566 0.0162472 0.0350136
0 0.475988 0.505821 0.0343201 0.0379177
0 0.511941 0.508114 0.0246286 0.0197434
0 0.291117 0.781281 0.582234 0.437438
2 0.477296 0.50843 0.0292458 0.0275413
0 0.211574 0.807429 0.423147 0.385143
3 0.439234 0.36052 0.012536 0.041487
0 0.889334 0.831125 0.218228 0.337749
0 0.785545 0.78736 0.426612 0.42528
0 0.143054 0.590693 0.0614854 0.0399702
3 0.381908 0.400133 0.0220602 0.107462
3 0.388185 0.398696 0.0293757 0.109669
0 0.2353 0.261657 0.470599 0.523315
3 0.477296 0.50843 0.0292458 0.0275413
3 0.442764 0.364772 0.0149641 0.0441056
3 0.865791 0.820488 0.262875 0.359024
0 0.960893 0.155136 0.0782139 0.310272
0 0.0549406 0.610259 0.107869 0.0609549
0 0.122994 0.569664 0.244828 0.275301
0 0.264813 0.648369 0.529626 0.24448
0 0.958321 0.236294 0.0819504 0.472588
4 0.185056 0.738642 0.369753 0.37429
0 0.00119527 0.440196 0.00239055 0.448507
0 0.129295 0.644697 0.256002 0.243236
0 0.96138 0.197111 0.0772402 0.394222
0 0.244048 0.331439 0.477918 0.662879
3 0.000810424 0.140859 0.00162085 0.281718
0 0.461207 0.299167 0.922414 0.598333
2 0.2353 0.261657 0.470599 0.523315
0 0.160062 0.392435 0.300962 0.78487
3 0.578534 0.433486 0.0099596 0.0578702
0 0.138507 0.490441 0.277014 0.418044
0 0.189005 0.308832 0.367417 0.617665
0 0.0877835 0.810543 0.175567 0.378915
0 0.262586 0.429355 0.525171 0.757645
3 0.185056 0.738642 0.369753 0.37429
0 0.494593 0.503246 0.0519789 0.0367136
0 0.920194 0.744492 0.159612 0.489788
0 0.382998 0.765407 0.466856 0.469185
0 0.266292 0.202858 0.532583 0.405716
0 0.300058 0.478752 0.600115 0.957505
4 0.182502 0.806338 0.365004 0.387325
3 0.471654 0.359258 0.0166016 0.042122
0 0.185056 0.738642 0.369753 0.37429
0 0.164343 0.789751 0.328685 0.420498
2 0.211574 0.807429 0.423147 0.385143
0 0.785126 0.346856 0.429749 0.693713
2 0.185056 0.738642 0.369753 0.37429
1 0.887891 0.820533 0.222897 0.358934
0 0.00130598 0.296595 0.00261196 0.59319
0 0.720694 0.37939 0.531876 0.75878
0 0.821736 0.283556 0.351351 0.565747
3 0.468945 0.366039 0.0219881 0.0551214
1 0.816991 0.350008 0.358304 0.685156
0 0.00122435 0.523993 0.0024487 0.457936
0 0.95568 0.493207 0.0886391 0.353267
2 0.784952 0.385019 0.430096 0.770039
0 0.177762 0.238998 0.0592795 0.0762451
3 0.0012406 0.259993 0.0024812 0.519987
4 0.677515 0.5 0.516746 1
0 0.677515 0.5 0.516746 1
0 0.953598 0.199838 0.092803 0.399676
0 0.178193 0.566002 0.356387 0.338604
2 0.272603 0.459171 0.545206 0.918342
0 0.853127 0.242851 0.293746 0.485702
0 0.363734 0.711333 0.629374 0.377847
0 0.00302741 0.796538 0.00605482 0.406924
0 0.337315 0.401453 0.379292 0.802906
0 0.958214 0.593955 0.0835722 0.458182
1 0.248343 0.781607 0.496687 0.436787
0 0.373207 0.218834 0.746415 0.437669
0 0.587021 0.484199 0.77731 0.968398
1 0.754946 0.446366 0.479596 0.892732
3 0.192269 0.263276 0.094269 0.118586
0 0.158299 0.622926 0.316598 0.338606
0 0.879307 0.943736 0.171534 0.112527
0 0 0.59729 0 0.494735
2 0.785897 0.29438 0.399412 0.58383
1 0.272603 0.459171 0.545206 0.918342
2 0.129295 0.644697 0.256002 0.243236
1 0.959797 0.260002 0.0804062 0.520004
4 0.902835 0.819979 0.194329 0.360042
0 0.134019 0.387012 0.268039 0.774024
0 0.712801 0.776319 0.501266 0.447362
2 0.959797 0.260002 0.0804062 0.520004
1 0.2353 0.261657 0.470599 0.523315
0 0.00112323 0.190347 0.00224647 0.380695
0 0.000372429 0.710418 0.000744858 0.413459
2 0.960893 0.155136 0.0782139 0.310272
3 0.492981 0.383061 0.0161983 0.0691968
0 0 0.215154 0 0.430309
0 0.890543 0.253653 0.21104 0.507305
0 0.54703 0.202388 0.905939 0.404776
0 0.511713 0.765194 0.607923 0.466884
3 0.191821 0.801034 0.382839 0.397931
3 0.239671 0.365583 0.479343 0.731165
2 0.297667 0.786249 0.595334 0.427502
0 0.394123 0.5 0.756888 1
4 0.0012406 0.259993 0.0024812 0.519987
0 0.620748 0.771447 0.572315 0.457106
0 0.173158 0.189549 0.346316 0.379099
0 0.152055 0.276664 0.30411 0.553329
4 0.960893 0.155136 0.0782139 0.310272
2 0.786608 0.554977 0.426784 0.51696
0 0.00152615 0.155202 0.00305229 0.310405
0 0.534797 0.257694 0.930406 0.515387
0 0.683529 0.26154 0.618353 0.523081
3 0.00119527 0.440196 0.00239055 0.448507
0 0.508869 0.369173 0.982263 0.738345
0 0.213847 0.453429 0.427694 0.906858
4 0.138507 0.490441 0.277014 0.418044
2 0.852966 0.808675 0.287712 0.382651
2 0.831966 0.633956 0.32747 0.492303
4 0.477296 0.50843 0.0292458 0.0275413
2 0.373207 0.218834 0.746415 0.437669
3 0.2353 0.261657 0.470599 0.523315
4 0.129295 0.644697 0.256002 0.243236
0 0.406203 0.193533 0.812406 0.387065
0 0.344421 0.444291 0.548799 0.888582
1 0.244048 0.331439 0.477918 0.662879
2 0.239671 0.365583 0.479343 0.731165
3 0.784952 0.385019 0.430096 0.770039
1 0.410734 0.76315 0.418841 0.4737
0 0.959786 0.265516 0.0804272 0.531031
0 0.950586 0.676015 0.0988287 0.599508
0 0.401902 0.467661 0.449479 0.935322
1 0.152055 0.276664 0.30411 0.553329
3 0.0042417 0.101436 0.0084834 0.202871
1 0.621816 0.316906 0.659235 0.633812
4 0.178193 0.566002 0.356387 0.338604
1 0.477073 0.509014 0.0303962 0.0275033
1 0.960893 0.155136 0.0782139 0.310272
0 0.632163 0.500429 0.395725 0.85956
1 0.138507 0.490441 0.277014 0.418044
4 0.00119527 0.440196 0.00239055 0.448507
1 0.158411 0.801956 0.316823 0.396088
0 0.0012236 0.688991 0.00244721 0.499093
2 0.00119527 0.440196 0.00239055 0.448507
1 0.00119527 0.440196 0.00239055 0.448507
2 0.617444 0.5 0.712278 1
4 0.138015 0.318266 0.27603 0.636532
0 0.621816 0.316906 0.659235 0.633812
3 0.129295 0.644697 0.256002 0.243236
1 0.133842 0.639051 0.267684 0.232859
2 0.786117 0.684429 0.426992 0.575975
2 0.0012406 0.259993 0.0024812 0.519987
0 0.434413 0.38659 0.450392 0.424583
4 0.158299 0.622926 0.316598 0.338606
1 0.744141 0.294862 0.500571 0.589724
0 0.557784 0.659408 0.456293 0.342339
1 0.118885 0.582153 0.237769 0.276954
0 0.325469 0.669864 0.650939 0.290132
1 0.853127 0.242851 0.293746 0.485702
0 0.1255 0.300079 0.251 0.600159
1 0.1255 0.300079 0.251 0.600159
3 0.00122435 0.523993 0.0024487 0.457936
4 0.213847 0.453429 0.427694 0.906858
0 0.656398 0.685008 0.397927 0.34813
0 0.465254 0.439322 0.59318 0.83912
1 0.96138 0.197111 0.0772402 0.394222
4 0.300058 0.478752 0.600115 0.957505
0 0.000898656 0.128672 0.00179731 0.257343
4 0.890543 0.253653 0.21104 0.507305
1 0.617319 0.283687 0.743474 0.567373
4 0.285494 0.781138 0.570585 0.437724
0 0.744634 0.823011 0.470502 0.353978
4 0.152055 0.276664 0.30411 0.553329
4 0.785897 0.29438 0.399412 0.58383
3 0.785897 0.29438 0.399412 0.58383
4 0.958214 0.593955 0.0835722 0.458182
2 0.152055 0.276664 0.30411 0.553329
2 0.118885 0.582153 0.237769 0.276954
0 0.93924 0.590178 0.11817 0.400262
0 0.481806 0.695157 0.584527 0.411577
0 0.542724 0.262353 0.693316 0.524707
1 0.189005 0.308832 0.367417 0.617665
4 0.262586 0.429355 0.525171 0.757645
1 0.263569 0.230739 0.473423 0.461479
3 0.298081 0.5 0.588952 1
2 0.902835 0.819979 0.194329 0.360042
2 0.237004 0.169509 0.471006 0.339018
2 0.160062 0.392435 0.300962 0.78487
4 0.165625 0.749601 0.331249 0.500798
4 0.237004 0.169509 0.471006 0.339018
1 0.890543 0.253653 0.21104 0.507305
4 0.853127 0.242851 0.293746 0.485702
1 0.00130598 0.296595 0.00261196 0.59319
0 0.72096 0.756546 0.342539 0.445284
0 0.263569 0.230739 0.473423 0.461479
0 0.760535 0.684698 0.438626 0.283275
4 0.202901 0.253459 0.398686 0.506918
3 0.178193 0.566002 0.356387 0.338604
0 0.744141 0.294862 0.500571 0.589724
1 0.185056 0.738642 0.369753 0.37429
3 0.902835 0.819979 0.194329 0.360042
3 0.177762 0.238998 0.0592795 0.0762451
2 0.958214 0.593955 0.0835722 0.458182
1 0.160062 0.392435 0.300962 0.78487
0 0.391223 0.232366 0.482449 0.464101
4 0.839249 0.813754 0.317249 0.372492
4 0.122994 0.569664 0.244828 0.275301
4 0.263569 0.230739 0.473423 0.461479
2 0.899251 0.815816 0.201499 0.368367
3 0.263569 0.230739 0.473423 0.461479
1 0.617444 0.5 0.712278 1
1 0.142619 0.582409 0.285238 0.363291
2 0.96138 0.197111 0.0772402 0.394222
2 0.0877835 0.810543 0.175567 0.378915
1 0.344421 0.444291 0.548799 0.888582
2 0.890543 0.253653 0.21104 0.507305
1 0.266292 0.202858 0.532583 0.405716
2 0.523728 0.318407 0.792627 0.636815
1 0.337315 0.401453 0.379292 0.802906
1 0.920194 0.744492 0.159612 0.489788
1 0.475734 0.506439 0.0340525 0.036981
2 0.00122435 0.523993 0.0024487 0.457936
1 0.333829 0.299283 0.349999 0.598565
1 0.00115366 0.585424 0.00230732 0.419859
0 0.902835 0.819979 0.194329 0.360042
3 0.122994 0.569664 0.244828 0.275301
1 0.953598 0.199838 0.092803 0.399676
3 0.960893 0.155136 0.0782139 0.310272
0 0.525799 0.45296 0.324266 0.233957
3 0.786608 0.554977 0.426784 0.51696
3 0.264367 0.950765 0.125329 0.0984707
1 0.760245 0.277743 0.479509 0.555485
1 0.54703 0.202388 0.905939 0.404776
4 0.959797 0.260002 0.0804062 0.520004
4 0.683529 0.26154 0.618353 0.523081
4 0.899251 0.815816 0.201499 0.368367
0 0.397266 0.348048 0.474011 0.696095
0 0.87543 0.228696 0.247056 0.457392
0 0.513001 0.49008 0.973998 0.98016
1 0.851377 0.529126 0.290376 0.380435
2 0.263569 0.230739 0.473423 0.461479
2 0.434915 0.772092 0.486736 0.455816
0 0.45145 0.490827 0.428383 0.47293
2 0.318415 0.517704 0.613351 0.924785
1 0.432618 0.246811 0.809282 0.493621
4 0.779465 0.772758 0.433657 0.454485
4 0.632163 0.500429 0.395725 0.85956
1 0.371893 0.171309 0.743785 0.342617
3 0.931507 0.216352 0.132294 0.432705
0 0.0042417 0.101436 0.0084834 0.202871
0 0.612271 0.841483 0.555176 0.317035
1 0.958214 0.593955 0.0835722 0.458182
0 0.333829 0.299283 0.349999 0.598565
4 0.475734 0.506439 0.0340525 0.036981
3 0.761827 0.219944 0.128036 0.439888
1 0.0877835 0.810543 0.175567 0.378915
2 0.525799 0.45296 0.324266 0.233957
0 0.563257 0.542326 0.39941 0.425654
1 0.0042417 0.101436 0.0084834 0.202871
4 0.953598 0.199838 0.092803 0.399676
2 0.00302741 0.796538 0.00605482 0.406924
4 0.920194 0.744492 0.159612 0.489788
3 0.915497 0.833534 0.167155 0.332933
0 0.831966 0.633956 0.32747 0.492303
3 0.677515 0.5 0.516746 1
2 0.683529 0.26154 0.618353 0.523081
4 0.0042417 0.101436 0.0084834 0.202871
4 0.244048 0.331439 0.477918 0.662879
4 0.563257 0.542326 0.39941 0.425654
3 0.499121 0.484163 0.759329 0.968327
4 0.00122435 0.523993 0.0024487 0.457936
2 0.499121 0.484163 0.759329 0.968327
3 0.853127 0.242851 0.293746 0.485702
3 0.542724 0.262353 0.693316 0.524707
1 0.786608 0.554977 0.426784 0.51696
3 0.786117 0.684429 0.426992 0.575975
4 0.617444 0.5 0.712278 1
2 0.774572 0.768793 0.446155 0.453221
0 0 0.480189 0 0.554387
0 0.786117 0.684429 0.426992 0.575975
2 0.337315 0.401453 0.379292 0.802906
2 0.851377 0.529126 0.290376 0.380435
1 0.318415 0.517704 0.613351 0.924785
2 0.677515 0.5 0.516746 1
3 0.407363 0.395389 0.0156179 0.105904
1 0.847266 0.817277 0.303228 0.365445
3 0.958214 0.593955 0.0835722 0.458182
1 0.95568 0.493207 0.0886391 0.353267
4 0.760535 0.684698 0.438626 0.283275
1 0.831966 0.633956 0.32747 0.492303
3 0.337315 0.401453 0.379292 0.802906
0 0.857784 0.901493 0.172639 0.197014
1 0.677515 0.5 0.516746 1
3 0.617444 0.5 0.712278 1
1 0.542724 0.262353 0.693316 0.524707
3 0.152055 0.276664 0.30411 0.553329
1 0.760535 0.684698 0.438626 0.283275
0 0.955241 0.324017 0.0895187 0.61115
0 0.650121 0.653493 0.173314 0.24499
0 0.47677 0.509026 0.0308757 0.0297223
0 0.477742 0.512715 0.031143 0.0418853
0 0.473692 0.508075 0.0401157 0.0337285
0 0.507501 0.510496 0.0244595 0.0231245
1 0.476473 0.506454 0.0320416 0.0372787
4 0.476473 0.506454 0.0320416 0.0372787
0 0.829418 0.787949 0.341163 0.424102
4 0.573849 0.437667 0.014175 0.0605119
0 0.478509 0.505191 0.034164 0.0383799
0 0.822957 0.0301232 0.0720665 0.0602464
0 0.000676407 0.14087 0.00135281 0.28174
0 0.21007 0.265907 0.0594941 0.0947958
0 0.484101 0.512961 0.0338614 0.0434604
4 0.914008 0.366319 0.0135777 0.0298488
2 0.47677 0.509026 0.0308757 0.0297223
1 0.477742 0.512715 0.031143 0.0418853
0 0.514182 0.294582 0.119249 0.147702
4 0.577388 0.435375 0.0123301 0.059592
0 0.275833 0.222031 0.491308 0.444062
0 0.235444 0.296003 0.470888 0.592007
2 0.188931 0.779873 0.377862 0.440253
1 0.182336 0.779047 0.364672 0.441906
0 0.0790612 0.182674 0.0801083 0.120812
1 0.848216 0.795434 0.303567 0.409131
2 0.193847 0.243549 0.387694 0.487098
0 2.32041e-05 0.225205 4.64082e-05 0.418823
0 7.26953e-05 0.498348 0.000145391 0.419115
0 0.170749 0.236955 0.0483616 0.0759817
0 0.00102157 0.371404 0.00204315 0.538096
0 0.477048 0.498958 0.0345844 0.0518595
0 0.372771 0.222986 0.41929 0.445973
0 0.888661 0.206939 0.222678 0.413878
0 0.00103642 0.285794 0.00207285 0.571589
0 0.828837 0.323263 0.342327 0.646527
0 0.770591 0.765739 0.392855 0.468521
0 0.935917 0.71544 0.128166 0.485599
2 0.275833 0.222031 0.491308 0.444062
0 0.167377 0.787341 0.334753 0.425318
0 0.464947 0.503047 0.0266748 0.0395301
0 0.584877 0.263225 0.756181 0.526449
0 0 0.649029 0 0.557745
3 0.476172 0.508454 0.0345493 0.0342333
0 0.103656 0.223238 0.039416 0.0524603
0 0.465702 0.241967 0.521103 0.483933
0 0.370267 0.331624 0.51161 0.663248
1 0.409673 0.840529 0.405657 0.318941
1 0.191126 0.250927 0.376202 0.501854
2 0.584877 0.263225 0.756181 0.526449
0 0.329483 0.5 0.658966 1
0 0.000492281 0.712705 0.000984561 0.418319
0 0.000243288 0.582681 0.000486577 0.430407
0 0.934131 0.208529 0.131738 0.417057
0 0.742765 0.490152 0.51447 0.980305
0 0.955942 0.656917 0.0881161 0.602377
0 0.510748 0.336598 0.653129 0.673196
0 0.00482358 0.780161 0.00964717 0.439678
0 0.951903 0.147683 0.0961947 0.295366
0 0.515967 0.508292 0.0149654 0.0185728
0 0.908465 0.0550481 0.179599 0.110096
0 0.0489804 0.793513 0.0979608 0.412974
0 0.534239 0.5 0.66222 1
0 0.846024 0.220532 0.307952 0.441064
1 0.275833 0.222031 0.491308 0.444062
1 0.308288 0.350067 0.616575 0.700134
4 0.755769 0.52991 0.426249 0.861213
0 0.951499 0.185853 0.0970015 0.371706
0 0.953968 0.134837 0.0920639 0.269674
2 0.322999 0.286512 0.645997 0.573025
0 0.154027 0.494108 0.308053 0.434669
0 0.381566 0.706863 0.534153 0.586274
4 0.911851 0.365074 0.0140781 0.0308073
0 0.322999 0.286512 0.645997 0.573025
2 0.477841 0.512575 0.0314411 0.043267
2 0.794003 0.460026 0.411993 0.920052
2 0.148017 0.333761 0.296035 0.64487
2 0.955942 0.656917 0.0881161 0.602377
0 0.890472 0.77649 0.219055 0.44702
4 0.193847 0.243549 0.387694 0.487098
0 0.0554844 0.604181 0.110969 0.0727593
0 0.191126 0.250927 0.376202 0.501854
0 0.452265 0.315436 0.486217 0.630871
0 0.860094 0.200568 0.279813 0.401136
2 0.235444 0.296003 0.470888 0.592007
0 0.43368 0.804179 0.452391 0.391642
0 0.755769 0.52991 0.426249 0.861213
4 0.137984 0.593604 0.275968 0.26707
2 0.971549 0.557162 0.0569025 0.481554
4 0.584877 0.263225 0.756181 0.526449
1 0.235444 0.296003 0.470888 0.592007
0 0.148017 0.333761 0.296035 0.64487
0 0.181515 0.158319 0.36303 0.316638
3 0.148017 0.333761 0.296035 0.64487
4 0.329483 0.5 0.658966 1
0 0.24483 0.776139 0.48966 0.447722
0 0.621225 0.396666 0.757549 0.793333
4 0.199356 0.780514 0.398712 0.438971
0 0.158425 0.652587 0.316849 0.528787
0 0.65244 0.539116 0.277998 0.45932
1 0.545941 0.242937 0.676114 0.485874
2 0.154027 0.494108 0.308053 0.434669
1 0.154027 0.494108 0.308053 0.434669
3 0.412165 0.330876 0.487615 0.661751
0 0.600252 0.755071 0.532346 0.489857
2 0.158425 0.652587 0.316849 0.528787
3 0.329483 0.5 0.658966 1
0 0.787781 0.283949 0.424279 0.567897
0 0.413204 0.303549 0.826408 0.607098
3 0.584877 0.263225 0.756181 0.526449
0 0.486724 0.753917 0.523154 0.492167
1 0.158425 0.652587 0.316849 0.528787
0 0.971549 0.557162 0.0569025 0.481554
4 0.235444 0.296003 0.470888 0.592007
0 0.79225 0.694762 0.411095 0.604094
3 0.61665 0.5 0.755776 1
2 0.793723 0.67895 0.411755 0.626765
4 0.132661 0.495435 0.265322 0.276904
0 0.717221 0.770381 0.559242 0.459238
0 0.146543 0.591318 0.0621648 0.0377681
2 0.848216 0.795434 0.303567 0.409131
2 0.212852 0.14382 0.425704 0.28764
0 0.666045 0.737947 0.378319 0.524106
0 0.569116 0.243074 0.861768 0.486147
2 0.534239 0.5 0.66222 1
2 0.66461 0.5 0.668927 1
2 0.770591 0.765739 0.392855 0.468521
0 0.901115 0.828517 0.195069 0.342966
1 0.785186 0.771244 0.423244 0.457512
3 0.755769 0.52991 0.426249 0.861213
4 0.571333 0.45279 0.0182026 0.0582211
0 0.314387 0.701959 0.628773 0.452787
0 0.365866 0.215613 0.731732 0.431227
4 0.65244 0.539116 0.277998 0.45932
1 0.888661 0.206939 0.222678 0.413878
3 0.971549 0.557162 0.0569025 0.481554
0 0.176756 0.534107 0.15556 0.094875
0 0.534793 0.843084 0.530372 0.313832
2 0.381566 0.706863 0.534153 0.586274
3 0.890802 0.811733 0.218396 0.376535
0 0.00129645 0.672774 0.0025929 0.494243
3 0.169389 0.739732 0.338779 0.520536
2 0.329483 0.5 0.658966 1
2 0.479182 0.431971 0.398638 0.518
4 0.61665 0.5 0.755776 1
4 0.156262 0.312583 0.312525 0.625166
0 0.0979934 0.208263 0.0502385 0.0845256
1 0.329483 0.5 0.658966 1
3 0.914008 0.366319 0.0135777 0.0298488
2 0.951499 0.185853 0.0970015 0.371706
0 0.922051 0.216278 0.155898 0.432556
0 0.972276 0.449673 0.0554488 0.378224
3 0.132661 0.495435 0.265322 0.276904
0 0.73301 0.733954 0.311321 0.532092
3 0.209535 0.266526 0.0607536 0.0976494
3 0.158425 0.652587 0.316849 0.528787
0 0.571272 0.504255 0.236128 0.134226
1 0.412165 0.330876 0.487615 0.661751
0 0.00189847 0.752198 0.00379694 0.495603
0 0.132661 0.495435 0.265322 0.276904
1 0.953968 0.134837 0.0920639 0.269674
0 0.492878 0.660881 0.379618 0.524077
3 0.322999 0.286512 0.645997 0.573025
4 0.957779 0.280856 0.0844425 0.537945
0 0 0.241499 0 0.482999
0 0.546815 0.224523 0.90597 0.449045
3 0.479182 0.431971 0.398638 0.518
0 0.137984 0.593604 0.275968 0.26707
2 0.370267 0.331624 0.51161 0.663248
3 0.26609 0.223504 0.4195 0.447007
0 0.212575 0.500456 0.425151 0.643044
4 0.158425 0.652587 0.316849 0.528787
4 0.26609 0.223504 0.4195 0.447007
0 0.478379 0.530191 0.0299032 0.0738143
2 0.582199 0.343738 0.796893 0.687476
2 0.957779 0.280856 0.0844425 0.537945
3 0.955942 0.656917 0.0881161 0.602377
3 0.154027 0.494108 0.308053 0.434669
0 0.684218 0.315444 0.631564 0.630888
0 0.361613 0.788856 0.44692 0.422287
0 0.479182 0.431971 0.398638 0.518
2 0.000937241 0.213582 0.00187448 0.427164
1 0.770905 0.509845 0.436521 0.98031
4 0.955942 0.656917 0.0881161 0.602377
0 0 0.524324 0 0.579695
2 0.890472 0.77649 0.219055 0.44702
2 0.498181 0.224848 0.54685 0.449696
2 0.372771 0.222986 0.41929 0.445973
1 0.534239 0.5 0.66222 1
0 0.981634 0.400643 0.035178 0.0457661
1 0.00103642 0.285794 0.00207285 0.571589
3 0.546319 0.502519 0.213957 0.0919109
0 0.18226 0.528894 0.13839 0.0741607
2 0.846024 0.220532 0.307952 0.441064
4 0.929978 0.20233 0.140044 0.404661
3 0.137984 0.593604 0.275968 0.26707
4 0.971549 0.557162 0.0569025 0.481554
0 0.957779 0.280856 0.0844425 0.537945
0 0.233301 0.711856 0.466603 0.461631
4 0.212852 0.14382 0.425704 0.28764
1 0.951499 0.185853 0.0970015 0.371706
1 0.957779 0.280856 0.0844425 0.537945
4 0.775847 0.727897 0.399748 0.487357
4 0.154027 0.494108 0.308053 0.434669
0 0.628999 0.873244 0.509586 0.253512
3 0.00506329 0.111814 0.0101266 0.223627
2 0.951903 0.147683 0.0961947 0.295366
1 0.846024 0.220532 0.307952 0.441064
1 0.372771 0.222986 0.41929 0.445973
0 0.00506329 0.111814 0.0101266 0.223627
0 0.831027 0.65732 0.337946 0.612026
0 0.0907087 0.139387 0.181417 0.278773
0 0.718507 0.629616 0.296541 0.42208
0 0 0.390697 0 0.416203
0 0.410703 0.871087 0.403541 0.257826
2 0.452265 0.315436 0.486217 0.630871
0 0.106451 0.214381 0.0344368 0.074069
1 0.445966 0.224574 0.461611 0.449148
2 0.137984 0.593604 0.275968 0.26707
3 0.885992 0.195473 0.228016 0.390946
0 0.50222 0.503007 0.0225731 0.0367498
3 0.469294 0.403219 0.539744 0.806437
1 0.605227 0.343163 0.765686 0.686326
4 0.799897 0.796825 0.398919 0.406349
3 0.000997592 0.247526 0.00199518 0.495052
3 0.200406 0.27152 0.390542 0.543039
4 0.935917 0.71544 0.128166 0.485599
1 0.66461 0.5 0.668927 1
3 0.957779 0.280856 0.0844425 0.537945
3 0.348731 0.719362 0.596655 0.560085
2 0.408509 0.823138 0.396548 0.353724
2 0.492878 0.660881 0.379618 0.524077
2 0.929978 0.20233 0.140044 0.404661
4 0.972276 0.449673 0.0554488 0.378224
0 0.546319 0.502519 0.213957 0.0919109
3 0.0792627 0.178662 0.0776012 0.117763
4 0.877327 0.227979 0.245346 0.455959
4 0.215743 0.546135 0.0569821 0.0923791
4 0.951499 0.185853 0.0970015 0.371706
0 0.118415 0.121077 0.23683 0.242153
1 0.155058 0.380698 0.310117 0.53204
1 0.828837 0.323263 0.342327 0.646527
0 0.943777 0.183205 0.112445 0.36641
0 0.249648 0.146899 0.499297 0.293798
1 0.890472 0.77649 0.219055 0.44702
1 0.971549 0.557162 0.0569025 0.481554
1 0.348731 0.719362 0.596655 0.560085
4 0.890472 0.77649 0.219055 0.44702
2 0.922051 0.216278 0.155898 0.432556
3 0.65244 0.539116 0.277998 0.45932
4 0.308288 0.350067 0.616575 0.700134
0 0.340641 0.167545 0.652561 0.33509
1 0.955942 0.656917 0.0881161 0.602377
2 0.361613 0.788856 0.44692 0.422287
1 0.922051 0.216278 0.155898 0.432556
4 0.742765 0.490152 0.51447 0.980305
3 0.498181 0.224848 0.54685 0.449696
3 0.929978 0.20233 0.140044 0.404661
3 0.775847 0.727897 0.399748 0.487357
3 0.825338 0.386517 0.349324 0.773034
1 0.935917 0.71544 0.128166 0.485599
4 0.498181 0.224848 0.54685 0.449696
2 0.885992 0.195473 0.228016 0.390946
2 0.132661 0.495435 0.265322 0.276904
1 0.934131 0.208529 0.131738 0.417057
2 0.953968 0.134837 0.0920639 0.269674
4 0.479182 0.431971 0.398638 0.518
4 0.571272 0.504255 0.236128 0.134226
0 0.476951 0.507499 0.0310274 0.0291918
0 0.79013 0.803858 0.419739 0.392284
4 0.475886 0.505669 0.0348768 0.0372954
0 0.850587 0.809726 0.294066 0.380548
4 0.476951 0.507499 0.0310274 0.0291918
0 0.499196 0.50548 0.0535301 0.030837
0 0.00173126 0.630388 0.00346252 0.391641
0 0.474271 0.505687 0.037437 0.0392713
0 0.62368 0.740257 0.473894 0.418886
0 0.00190206 0.548855 0.00380413 0.445343
0 0 0.655752 0 0.440461
0 0.00207774 0.450581 0.00415548 0.49974
0 0.297459 0.664486 0.594918 0.456153
2 0.204471 0.772472 0.407963 0.455057
0 0.244846 0.679077 0.485802 0.378179
0 0.950667 0.151181 0.0986658 0.302363
0 0.341063 0.616202 0.555562 0.657012
0 0.614403 0.824533 0.547461 0.350934
1 0.213681 0.789897 0.42527 0.420207
0 0.00250162 0.27956 0.00500324 0.559121
2 0.200843 0.250543 0.385421 0.501085
0 0.222163 0.761505 0.443966 0.476991
0 0.160836 0.666265 0.321673 0.421902
0 0.157646 0.592404 0.315293 0.416328
0 0.953096 0.13658 0.0938084 0.273161
0 0.519898 0.471292 0.955777 0.942584
0 0.787373 0.698751 0.424096 0.482996
0 0.27596 0.391563 0.551073 0.783127
0 0.818083 0.413469 0.363834 0.826938
0 0.496799 0.765491 0.459365 0.469019
0 0.200843 0.250543 0.385421 0.501085
0 0.947348 0.198444 0.105304 0.396888
2 0.173744 0.161782 0.347488 0.323565
0 0.440969 0.616243 0.44841 0.567519
0 0.388142 0.76271 0.581306 0.47458
0 0.216472 0.41408 0.422186 0.82816
0 0.419243 0.42068 0.736159 0.841359
0 0.546015 0.351626 0.899098 0.703252
0 0.173744 0.161782 0.347488 0.323565
0 0.266749 0.190737 0.531533 0.381474
0 0.775376 0.469285 0.449249 0.93857
0 0.00626418 0.809793 0.0125284 0.380415
1 0.200843 0.250543 0.385421 0.501085
0 0.573736 0.635782 0.491896 0.695698
0 0.935626 0.720735 0.128747 0.379831
2 0.156292 0.751048 0.312583 0.497905
0 0.14427 0.469593 0.0923333 0.0657268
1 0.160836 0.666265 0.321673 0.421902
1 0.201268 0.668727 0.401306 0.318625
0 0.326781 0.5 0.653562 1
0 0.2904 0.138168 0.5808 0.276337
2 0.160836 0.666265 0.321673 0.421902
0 0.0164887 0.825622 0.0329774 0.348756
0 0.691677 0.782162 0.607102 0.435676
0 0.156069 0.770462 0.312137 0.459077
0 0.00259 0.199492 0.00518 0.398983
0 0.580575 0.253801 0.83885 0.507602
0 0.44925 0.295564 0.873788 0.591128
1 0.476951 0.507499 0.0310274 0.0291918
0 0.00192086 0.727471 0.00384171 0.458634
2 0.206431 0.660488 0.410418 0.327191
0 0.839164 0.371218 0.311955 0.742437
0 0.570468 0.172983 0.859063 0.345967
0 0.0024561 0.776495 0.0049122 0.44701
1 0.157646 0.592404 0.315293 0.416328
1 0.477595 0.512736 0.0302446 0.0429785
0 0.602137 0.5 0.489663 1
0 0.876465 0.0736593 0.243127 0.147319
2 0.157646 0.592404 0.315293 0.416328
0 0.107955 0.821003 0.215909 0.357993
1 0.156069 0.770462 0.312137 0.459077
0 0.380968 0.121106 0.761936 0.242212
0 0.544039 0.63979 0.343956 0.506366
0 0.13343 0.500478 0.266861 0.5273
0 0.961759 0.636303 0.0764814 0.414106
0 0.574944 0.76083 0.570727 0.47834
0 0.201268 0.668727 0.401306 0.318625
0 0.239075 0.442007 0.478149 0.877195
0 0.683093 0.438355 0.633814 0.87671
1 0.475317 0.824485 0.508412 0.35103
1 0.216472 0.41408 0.422186 0.82816
1 0.953096 0.13658 0.0938084 0.273161
0 0.441016 0.291095 0.262492 0.572793
0 0.943149 0.204542 0.113703 0.409084
1 0.793468 0.772388 0.409822 0.455223
1 0.667207 0.745767 0.512193 0.446529
0 0.369338 0.201915 0.738676 0.40383
0 0.697881 0.5 0.485694 1
0 0.855793 0.27343 0.288414 0.54686
0 0.599735 0.422883 0.80053 0.845767
0 0.627592 0.5 0.744816 1
4 0.0845832 0.315952 0.169166 0.631904
0 0.311133 0.5 0.498355 1
3 0.206431 0.660488 0.410418 0.327191
0 0.744737 0.382068 0.510526 0.764135
2 0.494946 0.466403 0.920831 0.932806
0 0.774818 0.597667 0.396442 0.788084
0 0.779598 0.455071 0.432561 0.910142
3 0.573177 0.467251 0.853647 0.934502
0 0.879756 0.0452609 0.235372 0.0905218
2 0.0845832 0.315952 0.169166 0.631904
1 0.519898 0.471292 0.955777 0.942584
1 0.341063 0.616202 0.555562 0.657012
3 0.200843 0.250543 0.385421 0.501085
0 0.384787 0.395188 0.405258 0.790375
0 0.00675941 0.127893 0.0135188 0.255785
1 0.419243 0.42068 0.736159 0.841359
4 0.173744 0.161782 0.347488 0.323565
1 0.297459 0.664486 0.594918 0.456153
1 0.850587 0.809726 0.294066 0.380548
0 0.882191 0.245878 0.232081 0.491756
0 0.460706 0.49759 0.55835 0.995181
0 0.0845832 0.315952 0.169166 0.631904
0 0.78906 0.757019 0.412625 0.485962
2 0.950667 0.151181 0.0986658 0.302363
4 0.200843 0.250543 0.385421 0.501085
1 0.172593 0.531567 0.345186 0.423175
4 0.206431 0.660488 0.410418 0.327191
2 0.851557 0.642239 0.296886 0.502475
2 0.297459 0.664486 0.594918 0.456153
0 0.210655 0.554828 0.421311 0.572857
0 0.680017 0.321105 0.639965 0.642209
3 0.475608 0.508437 0.0346972 0.0299495
4 0.547578 0.468726 0.904844 0.937452
0 0.259993 0.459205 0.519986 0.91841
0 0.150346 0.322536 0.300692 0.645072
1 0.173744 0.161782 0.347488 0.323565
1 0.0845832 0.315952 0.169166 0.631904
0 0.851557 0.642239 0.296886 0.502475
2 0.279467 0.5 0.558934 1
2 0.216472 0.41408 0.422186 0.82816
0 0.958193 0.459184 0.0836145 0.354049
0 0.488808 0.369538 0.214984 0.299576
1 0.774818 0.597667 0.396442 0.788084
0 0.595317 0.330555 0.809367 0.66111
1 0.279467 0.5 0.558934 1
2 0.341063 0.616202 0.555562 0.657012
0 0.710356 0.572078 0.309421 0.679474
2 0.953096 0.13658 0.0938084 0.273161
1 0.27596 0.391563 0.551073 0.783127
2 0.811616 0.794768 0.376767 0.410464
1 0.573736 0.635782 0.491896 0.695698
3 0.297459 0.664486 0.594918 0.456153
1 0.239075 0.442007 0.478149 0.877195
0 0.437229 0.811929 0.412023 0.376143
2 0.624961 0.669939 0.511296 0.632421
1 0.13343 0.500478 0.266861 0.5273
3 0.667207 0.745767 0.512193 0.446529
4 0.209433 0.759944 0.417166 0.480112
1 0.59372 0.861096 0.500815 0.277808
2 0.476951 0.507499 0.0310274 0.0291918
4 0.305219 0.763201 0.610439 0.473599
2 0.667207 0.745767 0.512193 0.446529
3 0.173744 0.161782 0.347488 0.323565
1 0.244846 0.679077 0.485802 0.378179
1 0.950667 0.151181 0.0986658 0.302363
0 0.949662 0.330149 0.100676 0.438813
4 0.297459 0.664486 0.594918 0.456153
0 0.136032 0.363696 0.272064 0.397469
1 0.962843 0.54673 0.0743147 0.382341
1 0.544039 0.63979 0.343956 0.506366
0 0.962843 0.54673 0.0743147 0.382341
4 0.76474 0.805465 0.470521 0.38907
2 0.388142 0.76271 0.581306 0.47458
0 0.190932 0.811717 0.381864 0.376565
2 0.879877 0.436036 0.240246 0.766289
0 0.487085 0.145493 0.869878 0.290985
0 0.477568 0.508154 0.0301985 0.0297673
0 0.155941 0.587951 0.0900876 0.0427461
1 0.477568 0.508154 0.0301985 0.0297673
2 0.477568 0.508154 0.0301985 0.0297673
1 0.478434 0.513102 0.030064 0.04373
0 0.129277 0.59236 0.0894433 0.0465051
0 0.475526 0.505062 0.0349623 0.0380076
3 0.578007 0.433665 0.010799 0.060048
0 0.494529 0.506455 0.0651295 0.0333165
0 0.0562172 0.610542 0.112434 0.0619686
0 0.00865018 0.529678 0.0173004 0.155962
0 0.83127 0.804424 0.337461 0.391151
0 0.114182 0.592649 0.104703 0.0541607
0 0.513865 0.505831 0.027384 0.0272511
0 0.0076159 0.552271 0.0152318 0.0456064
0 0.791858 0.767202 0.416284 0.465596
0 0.0798558 0.598541 0.104569 0.053746
0 0.146196 0.587864 0.167381 0.0537085
0 0.0079825 0.494093 0.015965 0.190012
4 0.477241 0.505189 0.0320354 0.0370536
0 0.00517344 0.69739 0.0103469 0.605219
0 0.948737 0.209103 0.102526 0.418205
0 0.475854 0.496107 0.0369862 0.0528142
0 0.00358413 0.489222 0.00716827 0.36346
0 0.452827 0.5 0.792334 1
0 0.324999 0.482155 0.649998 0.964311
0 0.00675196 0.376511 0.0135039 0.753022
0 0.819907 0.284734 0.360186 0.569467
0 0.00631634 0.553107 0.0126327 0.705119
0 0.392944 0.838493 0.391197 0.323014
0 0.110901 0.593005 0.185861 0.0619772
0 0.0302152 0.802538 0.0604304 0.394923
2 0.302451 0.234991 0.604902 0.469981
1 0.485867 0.514995 0.0453157 0.0495347
1 0.792485 0.788021 0.415031 0.423958
3 0.442117 0.360777 0.0170877 0.0361296
0 0.882737 0.807138 0.234527 0.385724
0 0.478434 0.513102 0.030064 0.04373
0 0.24222 0.44187 0.48444 0.88374
3 0.592608 0.402416 0.0142427 0.0450949
0 0.37161 0.452952 0.640787 0.905905
0 0.49653 0.421601 0.624716 0.843202
0 0.867513 0.319037 0.264974 0.638075
0 0.245373 0.773301 0.490745 0.453399
1 0.47974 0.504742 0.0335489 0.037751
0 0.973428 0.735833 0.0531433 0.498774
0 0.199096 0.256486 0.398192 0.512972
0 0.005102 0.285112 0.010204 0.570224
0 0.011795 0.779673 0.0235901 0.440654
1 0.189668 0.781271 0.379336 0.437458
3 0.574573 0.440386 0.0136139 0.0535592
0 0.423438 0.352975 0.810044 0.691981
0 0.1848 0.374076 0.3696 0.748152
0 0.68935 0.347623 0.0252834 0.0283419
0 0.983382 0.400025 0.0332361 0.0550057
1 0.477285 0.534813 0.0317575 0.0862796
0 0.885944 0.284343 0.228112 0.568687
0 0.683845 0.760177 0.545724 0.479647
0 0.386304 0.344855 0.572927 0.68971
0 0.765225 0.684244 0.382898 0.328278
0 0.186607 0.53848 0.148733 0.100061
0 0.942233 0.79074 0.115534 0.41852
0 0.643912 0.448463 0.562673 0.896926
0 0.958352 0.201606 0.0832968 0.403213
0 0.558771 0.491112 0.215481 0.221379
0 0.696069 0.650972 0.278786 0.28446
2 0.948737 0.209103 0.102526 0.418205
0 0.175899 0.584018 0.0994979 0.037827
0 0.500313 0.773143 0.560074 0.453713
0 0.984972 0.387443 0.0283413 0.0404869
0 0.169162 0.790471 0.338324 0.419057
4 0.005102 0.285112 0.010204 0.570224
0 0.451529 0.821194 0.482859 0.357612
0 0.628884 0.750333 0.363843 0.467254
0 0.808905 0.387543 0.38219 0.775086
0 0.293316 0.425 0.497535 0.849999
0 0.467896 0.622192 0.275336 0.266291
0 0.186844 0.651582 0.373687 0.355738
0 0.51846 0.848322 0.502938 0.303356
0 0.93578 0.242944 0.12844 0.485887
0 0.0475991 0.807519 0.0951981 0.384961
1 0.461728 0.475566 0.837564 0.951132
0 0.376323 0.758703 0.472714 0.482593
2 0.885944 0.284343 0.228112 0.568687
1 0.85408 0.810595 0.291841 0.378811
2 0.00622847 0.298894 0.0124569 0.597788
0 0.611419 0.638494 0.261772 0.267962
0 0.00313864 0.427475 0.00627728 0.35596
0 0.176087 0.572649 0.13696 0.0765214
4 0.199096 0.256486 0.398192 0.512972
0 0.532092 0.61073 0.192241 0.220132
0 0.719921 0.328831 0.560157 0.657661
0 0.895997 0.51917 0.208006 0.411583
0 0.948071 0.219825 0.103858 0.439651
1 0.412082 0.84969 0.421651 0.30062
0 0.277118 0.283415 0.554237 0.56683
0 0.261608 0.669382 0.484298 0.296251
0 0.493765 0.319495 0.438305 0.629332
2 0.352326 0.193664 0.704652 0.387328
1 0.971945 0.312082 0.0561106 0.462792
0 0.554547 0.228018 0.862144 0.456037
0 0.878327 0.660771 0.243346 0.455224
3 0.005102 0.285112 0.010204 0.570224
2 0.792485 0.788021 0.415031 0.423958
0 0.476776 0.507812 0.0303354 0.0336669
1 0.47757 0.512947 0.0287321 0.0471191
0 0.47757 0.512947 0.0287321 0.0471191
1 0.476229 0.507782 0.0318808 0.0345963
0 0.798051 0.750471 0.403898 0.475311
2 0.476776 0.507812 0.0303354 0.0336669
0 0.621564 0.345523 0.0662588 0.0756558
0 0.145728 0.590983 0.0597017 0.0402884
0 0.492628 0.508051 0.0629708 0.0407455
0 0.395274 0.22812 0.452749 0.45624
0 0.19176 0.215545 0.375345 0.43109
0 0.944423 0.166622 0.111155 0.333244
0 0.000945435 0.678735 0.00189087 0.416779
0 0.389065 0.5 0.457569 1
0 0.00508038 0.666005 0.0101608 0.667989
0 0.00623737 0.548143 0.0124747 0.707871
0 0.981517 0.398846 0.036368 0.0587631
0 0.326778 0.282705 0.584544 0.56541
0 0.263971 0.225988 0.527942 0.451977
0 0.142154 0.466189 0.0851472 0.069647
0 0.219759 0.131778 0.439517 0.263557
0 0.308646 0.481497 0.490227 0.962994
0 0.00779217 0.444193 0.0155843 0.888386
0 0.204319 0.341541 0.393358 0.683083
0 0.941504 0.228304 0.116992 0.456609
0 0.425361 0.33073 0.317316 0.661459
0 0.193383 0.262847 0.093814 0.131483
1 0.477242 0.532874 0.0288786 0.0861125
2 0.356127 0.247428 0.483226 0.494856
0 0.023328 0.344799 0.046656 0.689598
0 0.161435 0.588801 0.0898623 0.0427647
0 0.856901 0.891188 0.213693 0.217623
0 0.370896 0.221754 0.712035 0.443509
0 0.981044 0.389171 0.0353809 0.0458891
0 0.0104819 0.444012 0.0209638 0.888023
1 0.356127 0.247428 0.483226 0.494856
0 0.262076 0.385463 0.51786 0.770927
0 0.520888 0.304031 0.499305 0.608062
0 0.3928 0.710593 0.42248 0.537201
0 0.141963 0.327401 0.283926 0.654802
3 0.477924 0.507302 0.0327726 0.0401745
0 0.719368 0.777853 0.530992 0.444295
2 0.944423 0.166622 0.111155 0.333244
0 0.626379 0.340557 0.0547847 0.0625357
0 0.814836 0.37285 0.370329 0.745701
0 0.887737 0.171461 0.224527 0.342922
0 0.84688 0.769354 0.306241 0.461291
0 0.967924 0.702231 0.0641518 0.536642
2 0.44328 0.222895 0.429123 0.44579
0 0.0120087 0.247089 0.0240174 0.494177
0 0.695406 0.437305 0.521737 0.874611
0 0.461009 0.254747 0.393133 0.509494
0 0.264499 0.681941 0.489626 0.460453
0 0.613378 0.449495 0.589268 0.89899
0 0.332876 0.760345 0.538657 0.479311
4 0.356127 0.247428 0.483226 0.494856
0 0.896052 0.754849 0.207895 0.490302
0 0.562893 0.268133 0.872323 0.536265
0 0.947001 0.740506 0.105997 0.518989
0 0.617515 0.808298 0.493715 0.383404
0 0.536338 0.762381 0.54309 0.475239
0 0.472113 0.508027 0.042093 0.0409517
0 0.478439 0.323323 0.243268 0.536739
0 0.55064 0.430862 0.263964 0.630358
0 0.638462 0.754357 0.366886 0.491285
3 0.758936 0.156825 0.112947 0.31365
0 0.856877 0.193688 0.286246 0.387377
0 0.853305 0.271401 0.287773 0.542802
0 0.137585 0.694613 0.275171 0.459454
1 0.944423 0.166622 0.111155 0.333244
0 0.951896 0.283175 0.0962078 0.56635
0 0.476333 0.509238 0.0319763 0.029861
1 0.476333 0.509238 0.0319763 0.029861
1 0.477717 0.513158 0.0297658 0.0406044
1 0.475298 0.534733 0.0257338 0.0803054
0 0.474326 0.506829 0.0371817 0.0384904
1 0.478048 0.527319 0.026565 0.0702767
1 0.46639 0.542539 0.0279982 0.0882539
4 0.476333 0.509238 0.0319763 0.029861
3 0.442688 0.361137 0.0101418 0.0334299
1 0.465108 0.564068 0.0340349 0.0659036
0 0 0.616246 0 0.372711
0 0.00620416 0.521931 0.0124083 0.558006
0 0.00665023 0.630846 0.0133005 0.419492
1 0.474326 0.506829 0.0371817 0.0384904
0 0.939826 0.222042 0.120347 0.444084
0 0.00688976 0.423985 0.0137795 0.768551
3 0.760092 0.21448 0.112143 0.428959
0 0.280891 0.0858597 0.561782 0.171719
0 0.392085 0.487799 0.78417 0.975599
0 0.477717 0.513158 0.0297658 0.0406044
0 0.196059 0.100586 0.392117 0.201172
0 0.115028 0.155126 0.230056 0.310252
0 0.232137 0.378788 0.464274 0.757576
0 0.60572 0.815262 0.555328 0.369477
0 0.400723 0.434584 0.801446 0.869169
1 0.467007 0.554152 0.0367537 0.0812386
0 0.960545 0.655379 0.0789109 0.63587
0 0 0.69379 0 0.400306
1 0.471012 0.538601 0.0364003 0.0996152
0 0.00890418 0.731453 0.0178084 0.537095
2 0.476333 0.509238 0.0319763 0.029861
3 0.471438 0.35783 0.0128982 0.0358718
0 0.923341 0.2793 0.153317 0.558599
0 0.542369 0.440644 0.830247 0.881288
1 0.00620416 0.521931 0.0124083 0.558006
0 0.932681 0.69708 0.134637 0.575592
0 0 0.494993 0 0.414295
0 0.3894 0.281926 0.7788 0.563852
0 0.00999246 0.426122 0.0199849 0.852244
0 0.202231 0.767868 0.404462 0.464264
0 0.78942 0.716572 0.421161 0.523041
0 0.50892 0.820757 0.553652 0.358485
2 0.960545 0.655379 0.0789109 0.63587
0 0.516117 0.453358 0.203005 0.906716
0 0.407921 0.496143 0.284474 0.992286
0 0.591534 0.481572 0.816932 0.963144
0 0.571837 0.450332 0.254652 0.874877
1 0.00665023 0.630846 0.0133005 0.419492
0 0.349248 0.5 0.376361 1
0 0.44358 0.474588 0.205244 0.949176
0 0.729982 0.792252 0.531719 0.415497
0 0.808447 0.779695 0.383106 0.433397
3 0.935641 0.217314 0.124199 0.434628
0 0.133649 0.346075 0.267299 0.69215
0 0.358988 0.5 0.717977 1
0 0.167351 0.817048 0.334703 0.365903
0 0.939557 0.241551 0.120886 0.483102
2 0.00688976 0.423985 0.0137795 0.768551
2 0.00620416 0.521931 0.0124083 0.558006
0 0.635865 0.777027 0.601104 0.445945
0 0.90272 0.302363 0.194559 0.604726
1 0.00688976 0.423985 0.0137795 0.768551
3 0.579818 0.433271 0.00729046 0.0475254
0 0.289525 0.5 0.57905 1
3 0.471625 0.35288 0.0113047 0.0293647
0 0.476779 0.508292 0.0326385 0.0296536
1 0.476779 0.508292 0.0326385 0.0296536
0 0.141815 0.59342 0.0549908 0.0341922
3 0.220707 0.969096 0.0227704 0.0618071
0 0.982204 0.397631 0.0344166 0.0486344
0 0.00295425 0.53519 0.00590849 0.107965
3 0.247968 0.930543 0.0795636 0.138914
3 0.224558 0.950541 0.0325511 0.0989178
0 0.00715754 0.553621 0.0123186 0.0374455
0 0.980966 0.385453 0.0348186 0.0406264
0 0.0900155 0.603791 0.0545032 0.04147
0 0.00270016 0.575966 0.00540031 0.132337
4 0.57237 0.441916 0.00879946 0.0509738
4 0.476322 0.50573 0.0337683 0.0359044
0 0.00168594 0.491137 0.00337188 0.176249
3 0.243148 0.973041 0.0744688 0.0539183
1 0.477359 0.505365 0.0374279 0.0370599
0 0.982204 0.4085 0.033135 0.0440761
2 0.476779 0.508292 0.0326385 0.0296536
0 0.153792 0.589736 0.0743217 0.0387583
3 0.223315 0.963789 0.0275334 0.0724219
3 0.251191 0.912335 0.0938205 0.175331
1 0.473482 0.536315 0.0184119 0.077177
0 0.0613276 0.611649 0.114729 0.0562282
0 0.0658782 0.601009 0.125465 0.0537617
3 0.754371 0.19818 0.105894 0.396361
0 0.758015 0.204843 0.11056 0.409686
0 0.01037 0.561163 0.0207401 0.0672956
0 0.000828722 0.624426 0.00165744 0.149963
0 0.122988 0.592161 0.101133 0.0392014
3 0.27065 0.977953 0.135468 0.0440944
3 0.000110111 0.294171 0.000220221 0.400396
0 0.00094811 0.438269 0.00189622 0.283771
0 0.135749 0.594056 0.0626084 0.0441562
3 0.263031 0.927829 0.0715969 0.144342
1 0.135749 0.594056 0.0626084 0.0441562
2 0.143687 0.59141 0.058001 0.0358303
3 0.93498 0.216442 0.125474 0.432884
0 0.164563 0.586608 0.0962029 0.040367
0 0.477359 0.505365 0.0374279 0.0370599
0 0.000481832 0.804417 0.000963664 0.391165
1 0.157121 0.585603 0.0806564 0.044876
1 0.143372 0.589132 0.0573423 0.0398625
4 0.572132 0.458986 0.0103865 0.044413
0 0.00838682 0.423875 0.0167736 0.68461
0 0.0950507 0.594407 0.159591 0.0495461
0 0.954659 0.172143 0.0906818 0.344285
0 0 0.54045 0 0.282436
0 0.0253473 0.599491 0.0506946 0.0883883
0 0.0103782 0.542116 0.0207563 0.480241
1 0.477562 0.529891 0.0283833 0.0710446
4 0.0139191 0.405431 0.0202933 0.032573
0 0.935052 0.235825 0.129895 0.471649
2 0.0907127 0.600905 0.0544545 0.0435626
1 0.0907127 0.600905 0.0544545 0.0435626
0 0.291312 0.457458 0.582625 0.914915
0 0.000790718 0.521322 0.00158144 0.358308
0 0 0.6617 0 0.201869
0 0.895018 0.728607 0.209964 0.540606
0 0.0167792 0.643139 0.0335583 0.297431
0 0.8487 0.789286 0.302599 0.421427
0 0.854266 0.310913 0.291469 0.621827
3 0.252252 0.788093 0.113609 0.423814
0 0.358407 0.403976 0.695458 0.756655
3 0.656236 0.465566 0.01036 0.0295521
0 0.476575 0.497213 0.0362761 0.049939
4 0.571353 0.430666 0.00767193 0.0397143
3 0.874789 0.825617 0.243324 0.348767
0 0.477149 0.508229 0.0336044 0.0325288
2 0.477149 0.508229 0.0336044 0.0325288
1 0.477149 0.508229 0.0336044 0.0325288
0 0.148027 0.591033 0.0740197 0.0372894
0 0.160337 0.58977 0.0900081 0.0374741
0 0.0630941 0.603258 0.12174 0.0651916
0 0.875726 0.760751 0.248548 0.478497
0 0.490907 0.5053 0.0627108 0.0353707
0 0.791673 0.758031 0.416654 0.483939
0 0.558783 0.816729 0.540162 0.366542
0 0.947882 0.732872 0.104237 0.524289
0 0.0472728 0.625938 0.0945456 0.309246
0 0.658 0.805166 0.507678 0.389667
0 0.491225 0.782206 0.604571 0.435588
0 0.96604 0.67886 0.0679203 0.521459
3 0.477284 0.50799 0.0324299 0.0328118
0 0.423502 0.812563 0.515334 0.374874
0 0.959717 0.132266 0.0805663 0.264532
0 0.0327797 0.437113 0.0655594 0.66569
0 0.951205 0.133468 0.097589 0.266936
0 0.835569 0.330832 0.325455 0.661664
0 0.931541 0.213132 0.136918 0.426265
0 0.877928 0.145964 0.243386 0.291929
0 0.478535 0.50949 0.0274914 0.0291507
3 0.470772 0.358649 0.0146115 0.0377985
3 0.577848 0.436034 0.0106221 0.0541795
0 0.475595 0.506004 0.0340611 0.0392278
0 0.139117 0.593586 0.0565847 0.0386192
0 0.133645 0.594099 0.0743736 0.0434882
0 0.884282 0.78141 0.231437 0.437181
2 0.478535 0.50949 0.0274914 0.0291507
1 0.478535 0.50949 0.0274914 0.0291507
3 0.478626 0.510471 0.0273725 0.0275057
3 0.441152 0.361426 0.0133736 0.0348811
4 0.477626 0.506355 0.0300882 0.0376346
0 0.00183906 0.535427 0.00367812 0.234992
3 0.438648 0.361964 0.0118716 0.0352973
0 0.82665 0.748613 0.346701 0.48802
0 0 0.50795 0 0.221611
3 0.878553 0.796627 0.237155 0.406747
0 0.806919 0.346017 0.386161 0.692034
0 0.927305 0.165496 0.145389 0.330993
0 0.883087 0.303138 0.233826 0.606275
0 0.909186 0.23854 0.181629 0.477079
0 0.260814 0.679691 0.521627 0.425911
0 0.478394 0.508331 0.0288598 0.0289159
3 0.577367 0.437427 0.0123993 0.0511876
0 0.476505 0.506287 0.0342752 0.0374284
4 0.477651 0.506679 0.0309341 0.0368202
0 0.143068 0.591412 0.05928 0.0385635
0 0.490951 0.509256 0.0584478 0.031352
4 0.573811 0.437646 0.0117294 0.0519156
3 0.573811 0.437646 0.0117294 0.0519156
3 0.46977 0.370589 0.01371 0.0585277
4 0.577367 0.437427 0.0123993 0.0511876
0 0.125271 0.594223 0.0956833 0.0464315
0 0.498827 0.230761 0.0244253 0.0251075
4 0.0126325 0.405538 0.0232007 0.0355986
3 0.478856 0.508869 0.0277658 0.0291342
1 0.477651 0.506679 0.0309341 0.0368202
3 0.470593 0.359844 0.0157854 0.0399992
0 0.666941 0.00371413 0.403942 0.00742825
0 0.792804 0.356686 0.414392 0.703984
0 0.48725 0.00616751 0.452853 0.012335
0 0.610183 0.833965 0.478148 0.33207
3 0.0126325 0.405538 0.0232007 0.0355986
0 0.390081 0.00679921 0.461922 0.0135984
0 0.946338 0.182453 0.107325 0.364905
0 0.122954 0.656103 0.244321 0.174157
0 0.0575268 0.609341 0.114841 0.0665378
