0 0.777797 0.772667 0.444406 0.428364
0 0.348342 0.624538 0.689281 0.204871
0 0.260504 0.647146 0.520007 0.207585
0 0.390605 0.783572 0.781211 0.412564
0 0.779562 0.572305 0.440876 0.292615
0 0.189543 0.629845 0.377631 0.212552
3 0.878028 0.728436 0.243943 0.543127
3 0.814676 0.722519 0.370647 0.554961
4 0.776155 0.708109 0.44769 0.573125
0 0.478226 0.736242 0.923198 0.507162
4 0.394883 0.778986 0.776841 0.422751
4 0.260504 0.647146 0.520007 0.207585
3 0.92046 0.50275 0.15908 0.994499
3 0.448594 0.495136 0.894644 0.968893
3 0.0407414 0.539283 0.0814828 0.469321
3 0.205732 0.378336 0.407923 0.718818
3 0.323892 0.512335 0.647785 0.97533
3 0.861973 0.517445 0.276054 0.96511
3 0.19761 0.845689 0.39443 0.308622
3 0.756501 0.456967 0.486251 0.899967
3 0.189543 0.629845 0.377631 0.212552
3 0.60012 0.510244 0.794584 0.979511
3 0.31401 0.826784 0.618816 0.346432
3 0.516877 0.59929 0.891989 0.778739
3 0.779455 0.713889 0.44109 0.565903
3 0.933885 0.766182 0.132229 0.467636
0 0.256511 0.374243 0.503894 0.738541
3 0.635189 0.415838 0.670613 0.825951
3 0.0475732 0.612267 0.0951465 0.476266
0 0.123121 0.642482 0.246242 0.202599
4 0.629118 0.746715 0.741764 0.474914
3 0.460015 0.0729588 0.515432 0.145918
3 0.8485 0.4494 0.302999 0.877402
3 0.0644175 0.735038 0.128835 0.529924
3 0.132781 0.614145 0.26515 0.24764
3 0.0584795 0.151523 0.116959 0.303045
3 0.054575 0.345763 0.10915 0.691527
3 0.0284797 0.766105 0.0569594 0.467791
3 0.606236 0.754415 0.634695 0.49117
3 0.4488 0.284322 0.412113 0.563275
4 0.256511 0.374243 0.503894 0.738541
3 0.367908 0.0760406 0.540824 0.152081
0 0.0584795 0.151523 0.116959 0.303045
3 0.758863 0.326975 0.479599 0.6343
3 0.886817 0.341442 0.226366 0.670546
4 0.735797 0.773444 0.528406 0.424262
3 0.310765 0.746954 0.620278 0.493805
3 0.751997 0.19985 0.496007 0.399701
3 0.345562 0.379716 0.604274 0.734921
3 0.859128 0.179837 0.281744 0.359675
3 0.846433 0.720518 0.307134 0.551654
0 0.542604 0.777226 0.528426 0.430069
4 0.189543 0.629845 0.377631 0.212552
3 0.894325 0.170397 0.211349 0.340794
3 0.54594 0.0814902 0.506561 0.16298
3 0.594846 0.254745 0.441887 0.501791
0 0.811119 0.713179 0.377763 0.572405
3 0.423722 0.723417 0.847209 0.502664
3 0.933349 0.728263 0.133302 0.543475
4 0.123121 0.642482 0.246242 0.202599
4 0.872848 0.744323 0.254303 0.511355
3 0.043983 0.390703 0.087966 0.685503
4 0.846433 0.720518 0.307134 0.551654
0 0.206414 0.545822 0.408906 0.370968
3 0.305581 0.0966402 0.55865 0.19328
3 0.0320833 0.847156 0.0641665 0.305688
3 0.168988 0.133741 0.337976 0.267483
4 0.814676 0.722519 0.370647 0.554961
3 0.713455 0.747846 0.57309 0.504307
0 0.782662 0.505269 0.434676 0.989462
3 0.414353 0.771232 0.734259 0.457536
3 0.168757 0.289121 0.333729 0.556398
4 0.926898 0.719891 0.146205 0.554988
3 0.468404 0.382683 0.402916 0.738024
3 0.260504 0.647146 0.520007 0.207585
3 0.450296 0.174642 0.441367 0.349285
0 0.0407414 0.539283 0.0814828 0.469321
3 0.509274 0.270704 0.343665 0.529237
3 0.657084 0.28782 0.53197 0.564383
3 0.822499 0.199374 0.355003 0.398748
4 0.206414 0.545822 0.408906 0.370968
0 0.945483 0.120121 0.109035 0.240242
0 0.460015 0.0729588 0.515432 0.145918
4 0.606236 0.754415 0.634695 0.49117
4 0.348342 0.624538 0.689281 0.204871
0 0.0475732 0.612267 0.0951465 0.476266
3 0.0494809 0.264483 0.0989619 0.528966
3 0.5519 0.165355 0.409234 0.330711
4 0.211605 0.763759 0.423209 0.469161
3 0.127482 0.391909 0.254963 0.704581
0 0.683436 0.776525 0.628781 0.433469
0 0.782631 0.212628 0.434738 0.425255
3 0.789707 0.573238 0.420586 0.309973
4 0.31401 0.826784 0.618816 0.346432
3 0.937256 0.311254 0.125489 0.611893
4 0.933885 0.766182 0.132229 0.467636
4 0.741598 0.50816 0.516804 0.983679
4 0.310765 0.746954 0.620278 0.493805
0 0.928748 0.163681 0.142504 0.327362
3 0.261764 0.124902 0.503684 0.249803
4 0.542604 0.777226 0.528426 0.430069
4 0.124225 0.555807 0.248081 0.357294
0 0.261764 0.124902 0.503684 0.249803
4 0.779412 0.557244 0.441177 0.259525
3 0.928748 0.163681 0.142504 0.327362
0 0.859128 0.179837 0.281744 0.359675
3 0.211605 0.763759 0.423209 0.469161
4 0.478226 0.736242 0.923198 0.507162
0 0.196958 0.128085 0.393916 0.256169
0 0.939049 0.751312 0.121902 0.497375
3 0.945483 0.120121 0.109035 0.240242
3 0.291339 0.295741 0.531276 0.589062
3 0.367294 0.167103 0.511702 0.334206
4 0.114786 0.856127 0.229573 0.287747
3 0.633704 0.162209 0.477849 0.324417
3 0.712243 0.110553 0.564691 0.221106
0 0.367908 0.0760406 0.540824 0.152081
4 0.229491 0.837135 0.456673 0.323493
0 0.872848 0.744323 0.254303 0.511355
0 0.305581 0.0966402 0.55865 0.19328
4 0.92046 0.50275 0.15908 0.994499
4 0.475037 0.766288 0.665875 0.467424
0 0.54594 0.0814902 0.506561 0.16298
3 0.142718 0.801904 0.285437 0.396192
0 0.733898 0.158299 0.532205 0.316598
0 0.822499 0.199374 0.355003 0.398748
3 0.206414 0.545822 0.408906 0.370968
4 0.713455 0.747846 0.57309 0.504307
0 0.475037 0.766288 0.665875 0.467424
3 0.118885 0.503692 0.237769 0.449047
4 0.142718 0.801904 0.285437 0.396192
3 0.387732 0.820543 0.76319 0.35723
3 0.114786 0.856127 0.229573 0.287747
4 0.641722 0.511097 0.716555 0.977806
0 0.124225 0.555807 0.248081 0.357294
0 0.712243 0.110553 0.564691 0.221106
4 0.0320833 0.847156 0.0641665 0.305688
0 0.0415056 0.446095 0.0830112 0.59741
4 0.807538 0.458667 0.384925 0.902943
0 0.114786 0.856127 0.229573 0.287747
0 0.827523 0.377575 0.344955 0.735585
4 0.861973 0.517445 0.276054 0.96511
0 0.180027 0.828655 0.358224 0.342691
3 0.683436 0.776525 0.628781 0.433469
0 0.443589 0.500901 0.887178 0.961364
1 0.299843 0.656457 0.596506 0.23967
4 0.325855 0.516007 0.65171 0.967987
1 0.777797 0.772667 0.444406 0.428364
0 0.516877 0.59929 0.891989 0.778739
4 0.127482 0.391909 0.254963 0.704581
0 0.135741 0.838342 0.271482 0.323317
0 0.0320833 0.847156 0.0641665 0.305688
0 0.0494809 0.264483 0.0989619 0.528966
0 0.130436 0.138047 0.260871 0.276094
4 0.945483 0.120121 0.109035 0.240242
4 0.0475732 0.612267 0.0951465 0.476266
4 0.510032 0.175996 0.402216 0.351992
4 0.0584795 0.151523 0.116959 0.303045
4 0.462561 0.462279 0.925121 0.889519
0 0.933885 0.766182 0.132229 0.467636
3 0.542604 0.777226 0.528426 0.430069
3 0.692468 0.188184 0.510249 0.370796
4 0.0644175 0.735038 0.128835 0.529924
0 0.725545 0.697694 0.548911 0.596635
0 0.894325 0.170397 0.211349 0.340794
3 0.16733 0.203287 0.334037 0.406575
2 0.778751 0.717869 0.442498 0.552021
4 0.499004 0.0775911 0.519015 0.155182
4 0.516877 0.59929 0.891989 0.778739
4 0.859128 0.179837 0.281744 0.359675
0 0.814676 0.722519 0.370647 0.554961
3 0.252481 0.19388 0.495995 0.387759
4 0.0284797 0.766105 0.0569594 0.467791
4 0.221634 0.299807 0.43481 0.583492
4 0.0415056 0.446095 0.0830112 0.59741
4 0.928748 0.163681 0.142504 0.327362
3 0.348342 0.624538 0.689281 0.204871
4 0.036553 0.506908 0.073106 0.506397
0 0.937256 0.311254 0.125489 0.611893
4 0.0577076 0.364711 0.115415 0.729422
4 0.0494809 0.264483 0.0989619 0.528966
1 0.232509 0.629336 0.461694 0.212166
4 0.122935 0.178025 0.245871 0.353748
0 0.0327944 0.805424 0.0655888 0.389151
2 0.769866 0.213715 0.460267 0.418176
0 0.221634 0.299807 0.43481 0.583492
0 0.861973 0.517445 0.276054 0.96511
4 0.712243 0.110553 0.564691 0.221106
4 0.626233 0.0860567 0.567884 0.172113
4 0.415453 0.0725285 0.518749 0.145057
0 0.509274 0.270704 0.343665 0.529237
4 0.633704 0.162209 0.477849 0.324417
4 0.509274 0.270704 0.343665 0.529237
4 0.414524 0.504626 0.564926 0.990748
0 0.0644175 0.735038 0.128835 0.529924
1 0.340971 0.811565 0.678516 0.37009
4 0.331146 0.546688 0.653944 0.365978
2 0.478226 0.736242 0.923198 0.507162
0 0.92046 0.70585 0.159081 0.576828
4 0.367294 0.167103 0.511702 0.334206
0 0.310765 0.746954 0.620278 0.493805
2 0.316771 0.170023 0.516128 0.340045
4 0.521971 0.505159 0.681329 0.989681
4 0.401414 0.390205 0.801147 0.688677
4 0.196958 0.128085 0.393916 0.256169
0 0.928143 0.452023 0.143713 0.883199
1 0.197683 0.289382 0.387511 0.568835
4 0.4488 0.284322 0.412113 0.563275
0 0.510032 0.175996 0.402216 0.351992
4 0.758863 0.326975 0.479599 0.6343
1 0.542604 0.777226 0.528426 0.430069
4 0.937256 0.311254 0.125489 0.611893
4 0.782631 0.212628 0.434738 0.425255
0 0.773824 0.734113 0.452351 0.531774
4 0.692468 0.188184 0.510249 0.370796
1 0.377705 0.74864 0.753437 0.488751
4 0.305581 0.0966402 0.55865 0.19328
4 0.261764 0.124902 0.503684 0.249803
2 0.252481 0.19388 0.495995 0.387759
0 0.0577076 0.364711 0.115415 0.729422
0 0.606236 0.754415 0.634695 0.49117
4 0.130436 0.138047 0.260871 0.276094
3 0.331146 0.546688 0.653944 0.365978
3 0.122935 0.178025 0.245871 0.353748
0 0.641722 0.511097 0.716555 0.977806
0 0.779693 0.335637 0.43904 0.65002
0 0.59334 0.155962 0.437008 0.311924
4 0.733898 0.158299 0.532205 0.316598
0 0.594846 0.254745 0.441887 0.501791
4 0.16733 0.203287 0.334037 0.406575
4 0.572781 0.410502 0.495202 0.815654
4 0.468404 0.382683 0.402916 0.738024
4 0.33375 0.300977 0.574895 0.601954
0 0.294651 0.8193 0.584695 0.361399
0 0.252481 0.19388 0.495995 0.387759
2 0.790026 0.492714 0.419947 0.944416
4 0.822499 0.199374 0.355003 0.398748
1 0.933349 0.728263 0.133302 0.543475
4 0.657084 0.28782 0.53197 0.564383
2 0.235112 0.3796 0.46513 0.742155
2 0.340971 0.811565 0.678516 0.37009
4 0.594846 0.254745 0.441887 0.501791
2 0.122935 0.178025 0.245871 0.353748
2 0.937256 0.311254 0.125489 0.611893
1 0.240988 0.537623 0.475842 0.388899
4 0.894325 0.170397 0.211349 0.340794
2 0.92046 0.70585 0.159081 0.576828
2 0.33375 0.300977 0.574895 0.601954
0 0.468404 0.382683 0.402916 0.738024
1 0.758863 0.326975 0.479599 0.6343
2 0.779562 0.572305 0.440876 0.292615
4 0.252481 0.19388 0.495995 0.387759
0 0.381153 0.400878 0.759972 0.783843
2 0.240988 0.537623 0.475842 0.388899
2 0.633704 0.162209 0.477849 0.324417
0 0.211605 0.763759 0.423209 0.469161
0 0.4488 0.284322 0.412113 0.563275
0 0.316771 0.170023 0.516128 0.340045
2 0.661154 0.771467 0.575107 0.430866
0 0.886817 0.341442 0.226366 0.670546
1 0.235112 0.3796 0.46513 0.742155
2 0.827523 0.377575 0.344955 0.735585
2 0.928143 0.452023 0.143713 0.883199
0 0.331146 0.546688 0.653944 0.365978
0 0.122935 0.178025 0.245871 0.353748
2 0.450296 0.174642 0.441367 0.349285
2 0.939049 0.751312 0.121902 0.497375
2 0.299843 0.656457 0.596506 0.23967
2 0.48438 0.773004 0.6473 0.430279
1 0.846433 0.720518 0.307134 0.551654
0 0.414524 0.504626 0.564926 0.990748
4 0.886817 0.341442 0.226366 0.670546
2 0.779693 0.335637 0.43904 0.65002
2 0.692468 0.188184 0.510249 0.370796
2 0.928748 0.163681 0.142504 0.327362
2 0.945483 0.120121 0.109035 0.240242
2 0.733898 0.158299 0.532205 0.316598
2 0.594846 0.254745 0.441887 0.501791
0 0.657084 0.28782 0.53197 0.564383
2 0.4488 0.284322 0.412113 0.563275
0 0.325855 0.516007 0.65171 0.967987
2 0.232509 0.629336 0.461694 0.212166
1 0.291339 0.295741 0.531276 0.589062
2 0.713455 0.747846 0.57309 0.504307
2 0.606236 0.754415 0.634695 0.49117
2 0.409868 0.495917 0.799174 0.960784
2 0.114786 0.856127 0.229573 0.287747
1 0.872848 0.744323 0.254303 0.511355
2 0.19761 0.845689 0.39443 0.308622
2 0.933885 0.766182 0.132229 0.467636
2 0.409931 0.78414 0.806666 0.43172
2 0.5519 0.165355 0.409234 0.330711
1 0.594846 0.254745 0.441887 0.501791
2 0.509274 0.270704 0.343665 0.529237
1 0.769866 0.213715 0.460267 0.418176
0 0.692468 0.188184 0.510249 0.370796
2 0.0494809 0.264483 0.0989619 0.528966
1 0.134602 0.34911 0.269204 0.676057
2 0.191801 0.22927 0.377989 0.458541
1 0.629118 0.746715 0.741764 0.474914
0 0.585883 0.515823 0.034967 0.0484593
0 0.169229 0.248248 0.338458 0.496497
0 0.384066 0.543967 0.0545051 0.0414255
0 0.0461789 0.49013 0.0923578 0.269987
0 0.675839 0.51956 0.13744 0.0533562
0 0.611702 0.516528 0.0790873 0.0509831
0 0.650605 0.518156 0.0892715 0.0472542
0 0.131399 0.344128 0.262797 0.561158
0 0.813381 0.692109 0.373238 0.529597
0 0.212346 0.419596 0.420782 0.839193
0 0.0811848 0.512103 0.160137 0.251247
0 0.218336 0.284657 0.436673 0.569314
0 0.371817 0.266536 0.375046 0.533071
0 0.814158 0.593873 0.371684 0.325954
0 0.468359 0.266327 0.43919 0.532653
0 0.135147 0.533073 0.270294 0.265949
0 0.719014 0.268613 0.369713 0.537227
0 0.591459 0.267653 0.502155 0.535306
0 0.753455 0.5 0.42594 1
0 0.223629 0.510162 0.119467 0.175629
0 0.298389 0.26913 0.468734 0.538261
0 0.580335 0.474428 0.0795622 0.11123
0 0.166863 0.496546 0.333104 0.257189
0 0.72208 0.191676 0.368603 0.383352
2 0.0461789 0.49013 0.0923578 0.269987
2 0.101201 0.508286 0.201336 0.242973
0 0.556733 0.44003 0.0850016 0.179876
0 0.767179 0.392063 0.462413 0.738343
0 0.935711 0.0233135 0.122122 0.0466271
2 0.573853 0.429104 0.0978159 0.19873
3 0.0943921 0.517869 0.188587 0.210422
1 0.0461789 0.49013 0.0923578 0.269987
0 0.573853 0.429104 0.0978159 0.19873
1 0.131399 0.344128 0.262797 0.561158
2 0.0364087 0.541925 0.0728175 0.402895
0 0.722244 0.0229128 0.540626 0.0458256
0 0.430536 0.26409 0.296845 0.52818
0 0.786477 0.613828 0.427046 0.762042
0 0.379009 0.726875 0.756105 0.464196
0 0.0364087 0.541925 0.0728175 0.402895
3 0.855749 0.812936 0.288502 0.374127
3 0.785016 0.254542 0.426525 0.509085
3 0.176961 0.680694 0.353185 0.61784
0 0.26776 0.5 0.535519 1
0 0.403867 0.294939 0.21052 0.589879
1 0.101201 0.508286 0.201336 0.242973
3 0.200695 0.331117 0.400548 0.662234
4 0.781689 0.690592 0.436623 0.595978
3 0.682394 0.274204 0.422716 0.548408
0 0.47519 0.638105 0.95038 0.718898
1 0.999055 0.691889 0.00188999 0.568389
0 0.57508 0.265057 0.350828 0.530114
0 0.622365 0.022461 0.626759 0.044922
4 0.185722 0.735745 0.371444 0.528509
0 0.324446 0.217448 0.648892 0.434897
2 0.55762 0.426864 0.0884005 0.19693
0 0.922074 0.118287 0.155852 0.231315
0 0.540482 0.0457517 0.693762 0.0915034
3 0.787157 0.693321 0.425685 0.58643
3 0.883941 0.710966 0.232118 0.564934
0 0.482979 0.1424 0.746365 0.284801
4 0.154702 0.221036 0.309403 0.442073
0 0.484848 0.440746 0.216032 0.183334
1 0.999246 0.727851 0.00150785 0.5239
0 0.02695 0.530987 0.0539 0.253798
0 0.175045 0.734027 0.35003 0.491711
1 0.998674 0.784215 0.00265274 0.426007
3 0.898119 0.0287718 0.200509 0.0575437
2 0.580335 0.474428 0.0795622 0.11123
0 0.395637 0.413599 0.271132 0.827197
2 0.20341 0.313771 0.40678 0.627542
0 0.491197 0.363117 0.242301 0.331315
0 0.202539 0.0434077 0.405077 0.0868154
3 0.557367 0.812092 0.385514 0.375815
3 0.758435 0.0544788 0.483129 0.108958
0 0.203337 0.100185 0.406674 0.200369
0 0.391614 0.538977 0.0684092 0.0516815
3 0.55762 0.426864 0.0884005 0.19693
0 0.789127 0.255865 0.418805 0.51173
0 0.160173 0.159695 0.320345 0.319391
4 0.20341 0.313771 0.40678 0.627542
4 0.0943921 0.517869 0.188587 0.210422
3 0.771984 0.5 0.443695 1
4 0.47519 0.638105 0.95038 0.718898
0 0.758435 0.0544788 0.483129 0.108958
4 0.55762 0.426864 0.0884005 0.19693
3 0.907857 0.150958 0.184285 0.301915
4 0.0364087 0.541925 0.0728175 0.402895
4 0.837051 0.808305 0.325898 0.380004
4 0.783345 0.543969 0.432662 0.903313
3 0.860656 0.49067 0.278689 0.772292
3 0.819111 0.783669 0.361778 0.419303
0 0.920287 0.191936 0.159426 0.339359
4 0.379009 0.726875 0.756105 0.464196
3 0.711191 0.5 0.396863 1
2 0.754317 0.288903 0.451606 0.577807
3 0.449395 0.5 0.89879 1
4 0.824909 0.273277 0.350181 0.546555
0 0.907857 0.150958 0.184285 0.301915
4 0.767179 0.392063 0.462413 0.738343
4 0.722244 0.0229128 0.540626 0.0458256
0 0.0213221 0.119255 0.0426442 0.23851
3 0.463587 0.25715 0.474305 0.514301
4 0.275871 0.262244 0.466797 0.524488
0 0.239295 0.0571078 0.47859 0.114216
2 0.416865 0.302978 0.262378 0.519358
3 0.625112 0.807836 0.50155 0.384328
4 0.589188 0.826022 0.496495 0.347956
2 0.787224 0.389598 0.425551 0.779195
0 0.465249 0.759258 0.463865 0.465784
4 0.0461789 0.49013 0.0923578 0.269987
0 0.898119 0.0287718 0.200509 0.0575437
4 0.485459 0.758654 0.458546 0.464932
2 0.484848 0.440746 0.216032 0.183334
0 0.29652 0.126202 0.56039 0.252403
4 0.574599 0.266581 0.407846 0.533163
4 0.78827 0.0246093 0.42346 0.0492186
4 0.687854 0.272845 0.415314 0.54569
4 0.468359 0.266327 0.43919 0.532653
1 0.417496 0.757578 0.477063 0.443033
3 0.920287 0.191936 0.159426 0.339359
0 0.78827 0.0246093 0.42346 0.0492186
4 0.889224 0.820136 0.221552 0.359729
3 0.491197 0.363117 0.242301 0.331315
4 0.4223 0.275399 0.294481 0.535665
3 0.02695 0.530987 0.0539 0.253798
3 0.0461789 0.49013 0.0923578 0.269987
3 0.403867 0.294939 0.21052 0.589879
3 0.828331 0.377085 0.343338 0.710354
3 0.544722 0.788464 0.542159 0.423073
4 0.73825 0.310097 0.388959 0.620194
2 0.395637 0.413599 0.271132 0.827197
0 0.998674 0.784215 0.00265274 0.426007
0 0.18917 0.802674 0.378339 0.382086
3 0.879349 0.304504 0.241303 0.593079
4 0.131399 0.344128 0.262797 0.561158
4 0.324446 0.217448 0.648892 0.434897
4 0.807374 0.76914 0.385253 0.438284
1 0.883941 0.710966 0.232118 0.564934
3 0.0319783 0.502528 0.0639565 0.250816
3 0.841299 0.217134 0.317401 0.434267
3 0.558008 0.262529 0.575554 0.525059
3 0.729402 0.780141 0.541196 0.439719
0 0.989658 0.575717 0.0206848 0.394793
1 0.841299 0.217134 0.317401 0.434267
4 0.580335 0.474428 0.0795622 0.11123
1 0.20341 0.313771 0.40678 0.627542
3 0.5091 0.688906 0.947511 0.597929
4 0.449395 0.5 0.89879 1
3 0.78827 0.0246093 0.42346 0.0492186
3 0.839355 0.694558 0.321291 0.548083
3 0.0213221 0.119255 0.0426442 0.23851
0 0.975493 0.498275 0.0490131 0.386697
3 0.874883 0.821762 0.250234 0.351226
0 0.401635 0.541011 0.0911004 0.0450141
3 0.580335 0.474428 0.0795622 0.11123
3 0.229145 0.431911 0.447486 0.863822
3 0.178376 0.807393 0.356752 0.385214
3 0.248774 0.274417 0.483228 0.548833
4 0.883941 0.710966 0.232118 0.564934
2 0.468359 0.266327 0.43919 0.532653
1 0.166863 0.496546 0.333104 0.257189
3 0.0258361 0.212888 0.0516723 0.425776
3 0.536052 0.663537 0.383145 0.601501
2 0.207758 0.479801 0.415516 0.959602
3 0.4223 0.275399 0.294481 0.535665
3 0.993505 0.813629 0.0129906 0.372742
3 0.574599 0.266581 0.407846 0.533163
4 0.954519 0.34942 0.0909626 0.610991
4 0.993505 0.813629 0.0129906 0.372742
0 0.449395 0.5 0.89879 1
0 0.821852 0.811258 0.356296 0.368674
2 0.131399 0.344128 0.262797 0.561158
0 0.997203 0.632339 0.00559311 0.541439
4 0.582012 0.67494 0.835977 0.619162
2 0.531873 0.535517 0.761033 0.909425
4 0.729402 0.780141 0.541196 0.439719
1 0.640394 0.268432 0.474621 0.536864
4 0.653538 0.751671 0.499236 0.470347
4 0.188659 0.813982 0.377317 0.372036
3 0.954519 0.34942 0.0909626 0.610991
4 0.920287 0.191936 0.159426 0.339359
4 0.380651 0.802487 0.761302 0.395025
4 0.582141 0.0282886 0.655826 0.0565772
4 0.758435 0.0544788 0.483129 0.108958
4 0.482979 0.1424 0.746365 0.284801
0 0.954519 0.34942 0.0909626 0.610991
2 0.998674 0.784215 0.00265274 0.426007
2 0.778828 0.58807 0.440537 0.797825
3 0.203337 0.100185 0.406674 0.200369
3 0.573853 0.429104 0.0978159 0.19873
1 0.0364087 0.541925 0.0728175 0.402895
4 0.491197 0.363117 0.242301 0.331315
3 0.833914 0.52719 0.332172 0.339869
1 0.989658 0.575717 0.0206848 0.394793
1 0.74374 0.185327 0.402308 0.370654
4 0.573853 0.429104 0.0978159 0.19873
4 0.903012 0.190369 0.193976 0.380738
3 0.39713 0.72218 0.791867 0.471529
3 0.74374 0.185327 0.402308 0.370654
3 0.00809824 0.848137 0.0161965 0.303726
3 0.708827 0.668036 0.348755 0.593669
4 0.997203 0.632339 0.00559311 0.541439
3 0.929285 0.0392593 0.141431 0.0785185
0 0.919707 0.0196826 0.088847 0.0393652
4 0.839355 0.694558 0.321291 0.548083
4 0.29652 0.126202 0.56039 0.252403
4 0.403867 0.294939 0.21052 0.589879
4 0.540482 0.0457517 0.693762 0.0915034
0 0.929285 0.0392593 0.141431 0.0785185
1 0.903012 0.190369 0.193976 0.380738
4 0.26776 0.5 0.535519 1
4 0.173983 0.782493 0.347967 0.387706
3 0.154702 0.221036 0.309403 0.442073
4 0.898119 0.0287718 0.200509 0.0575437
2 0.829012 0.702556 0.341977 0.577065
3 0.175193 0.763059 0.347948 0.416129
4 0.586579 0.775773 0.314925 0.430858
2 0.406337 0.713818 0.812673 0.528935
2 0.168381 0.25835 0.336762 0.5167
3 0.324333 0.491144 0.646622 0.982289
3 0.586579 0.775773 0.314925 0.430858
3 0.202539 0.0434077 0.405077 0.0868154
2 0.589188 0.826022 0.496495 0.347956
3 0.0736433 0.251469 0.147287 0.502938
1 0.55762 0.426864 0.0884005 0.19693
4 0.507337 0.791843 0.613774 0.416313
1 0.557367 0.812092 0.385514 0.375815
3 0.484848 0.440746 0.216032 0.183334
1 0.817822 0.702085 0.364356 0.576932
2 0.841299 0.217134 0.317401 0.434267
1 0.993505 0.813629 0.0129906 0.372742
4 0.558008 0.262529 0.575554 0.525059
4 0.801701 0.559489 0.396186 0.300314
4 0.975493 0.498275 0.0490131 0.386697
2 0.849204 0.809855 0.301592 0.380289
3 0.997203 0.632339 0.00559311 0.541439
3 0.722244 0.0229128 0.540626 0.0458256
2 0.166863 0.496546 0.333104 0.257189
2 0.135147 0.533073 0.270294 0.265949
3 0.380651 0.802487 0.761302 0.395025
3 0.0191036 0.591551 0.0382072 0.389788
0 0.999246 0.727851 0.00150785 0.5239
1 0.783345 0.543969 0.432662 0.903313
0 0.579711 0.515797 0.0478964 0.0512788
1 0.487088 0.26262 0.417772 0.525241
1 0.708827 0.668036 0.348755 0.593669
2 0.491197 0.363117 0.242301 0.331315
0 0.533834 0.72035 0.932332 0.53382
0 0.883941 0.710966 0.232118 0.564934
4 0.395637 0.413599 0.271132 0.827197
0 0.0319783 0.502528 0.0639565 0.250816
1 0.573853 0.429104 0.0978159 0.19873
2 0.929285 0.0392593 0.141431 0.0785185
2 0.993505 0.813629 0.0129906 0.372742
3 0.532587 0.759515 0.323552 0.463779
2 0.78827 0.0246093 0.42346 0.0492186
4 0.711191 0.5 0.396863 1
4 0.392755 0.254796 0.465706 0.509591
4 0.0191036 0.591551 0.0382072 0.389788
3 0.922074 0.118287 0.155852 0.231315
1 0.161864 0.68022 0.323728 0.627224
0 0.632943 0.500464 0.0565992 0.0691202
2 0.176961 0.680694 0.353185 0.61784
2 0.920287 0.191936 0.159426 0.339359
4 0.74374 0.185327 0.402308 0.370654
4 0.998674 0.784215 0.00265274 0.426007
0 0.841299 0.217134 0.317401 0.434267
4 0.989658 0.575717 0.0206848 0.394793
4 0.00809824 0.848137 0.0161965 0.303726
4 0.239295 0.0571078 0.47859 0.114216
4 0.215586 0.669572 0.430051 0.599385
3 0.160173 0.159695 0.320345 0.319391
3 0.135147 0.533073 0.270294 0.265949
1 0.399025 0.51861 0.798051 0.879426
2 0.399466 0.496917 0.798932 0.993834
2 0.536052 0.663537 0.383145 0.601501
4 0.929285 0.0392593 0.141431 0.0785185
2 0.997203 0.632339 0.00559311 0.541439
3 0.975493 0.498275 0.0490131 0.386697
2 0.02695 0.530987 0.0539 0.253798
1 0.849204 0.809855 0.301592 0.380289
2 0.532587 0.759515 0.323552 0.463779
1 0.586579 0.775773 0.314925 0.430858
4 0.0794184 0.308998 0.158837 0.617995
3 0.723298 0.75332 0.550339 0.469546
1 0.954519 0.34942 0.0909626 0.610991
0 0.993505 0.813629 0.0129906 0.372742
3 0.00656593 0.776845 0.0131319 0.446311
0 0.37872 0.547475 0.0445869 0.0405095
4 0.00656593 0.776845 0.0131319 0.446311
4 0.0213221 0.119255 0.0426442 0.23851
1 0.975493 0.498275 0.0490131 0.386697
3 0.482979 0.1424 0.746365 0.284801
3 0.411087 0.216564 0.724424 0.433129
4 0.202539 0.0434077 0.405077 0.0868154
2 0.753455 0.5 0.42594 1
4 0.999246 0.727851 0.00150785 0.5239
1 0.179736 0.782996 0.359472 0.387285
4 0.860656 0.49067 0.278689 0.772292
3 0.71139 0.305259 0.00804005 0.0445998
0 0.380656 0.546211 0.0477386 0.030764
0 0.936452 0.0192186 0.127097 0.0384372
3 0.954094 0.356949 0.0060236 0.0276751
3 0.710421 0.340834 0.00932188 0.10443
3 0.711172 0.387929 0.00783701 0.0370694
0 0.378491 0.546499 0.0406062 0.0388649
3 0.443325 0.504622 0.00516624 0.0307556
1 0.941946 0.244665 0.116107 0.489329
3 0.711106 0.321405 0.0114616 0.0563521
1 0.961239 0.267625 0.0775223 0.535251
1 0.979323 0.28517 0.0413538 0.570341
1 0.941535 0.10293 0.116929 0.205861
3 0.955219 0.352049 0.00457497 0.0230024
2 0.941946 0.244665 0.116107 0.489329
1 0.938904 0.0721548 0.122192 0.14431
3 0.711136 0.30549 0.0107174 0.0250302
3 0.569682 0.465434 0.00752678 0.0403247
0 0.389327 0.54177 0.0595792 0.0277767
0 0.779941 0.80796 0.440118 0.38408
3 0.388684 0.45804 0.0123124 0.0402812
3 0.64339 0.318377 0.00436516 0.0207825
3 0.742336 0.338777 0.0328894 0.117039
2 0.938904 0.0721548 0.122192 0.14431
0 0.377792 0.509974 0.0402488 0.117707
2 0.586906 0.349708 0.826189 0.699416
0 0.936792 0.0684999 0.126416 0.137
3 0.339202 0.435423 0.0160458 0.0658418
2 0.941535 0.10293 0.116929 0.205861
0 0.935976 0.0403906 0.128048 0.0807811
0 0.889339 0.826755 0.221322 0.34649
3 0.634204 0.317668 0.00807676 0.0217369
0 0.401822 0.539319 0.0332942 0.0242518
2 0.961239 0.267625 0.0775223 0.535251
1 0.983299 0.43859 0.0334024 0.793827
3 0.953064 0.367498 0.00907326 0.0499345
0 0.526088 0.5 0.807602 1
0 0.100676 0.853153 0.201352 0.293694
2 0.877166 0.179173 0.245669 0.358345
3 0.775123 0.79994 0.403137 0.400119
3 0.93681 0.0679229 0.12638 0.135846
0 0.948975 0.275969 0.10205 0.551938
3 0.3429 0.425932 0.00633621 0.047547
0 0.683209 0.471181 0.618549 0.942362
2 0.168012 0.640551 0.333876 0.718897
4 0.936792 0.0684999 0.126416 0.137
0 0.221587 0.5 0.443174 1
0 0.585498 0.528388 0.0212594 0.0256067
3 0.761952 0.694219 0.476097 0.611562
0 0.71139 0.305259 0.00804005 0.0445998
3 0.58469 0.513204 0.0233532 0.0551605
0 0.628061 0.333311 0.743878 0.666622
4 0.720554 0.768642 0.527974 0.462715
0 0.877166 0.179173 0.245669 0.358345
1 0.208002 0.217743 0.411592 0.435487
2 0.697934 0.329711 0.604133 0.659422
0 0.00800303 0.831648 0.0160061 0.336704
3 0.710356 0.3487 0.0102928 0.0264788
0 0.347658 0.5 0.695315 1
0 0.990013 0.212144 0.0199745 0.424288
4 0.53523 0.567974 0.73908 0.864052
2 0.203936 0.2133 0.407872 0.426601
3 0.913981 0.0682563 0.172038 0.136513
0 0.164585 0.497138 0.32917 0.994276
0 0.111001 0.5 0.222002 1
4 0.0907905 0.657061 0.181581 0.685879
2 0.979323 0.28517 0.0413538 0.570341
0 0.58402 0.516119 0.0232578 0.053487
3 0.576294 0.810211 0.830825 0.379577
2 0.775123 0.79994 0.403137 0.400119
0 1 0.329766 0 0.659533
3 0.53523 0.567974 0.73908 0.864052
4 0.168012 0.640551 0.333876 0.718897
0 0.382007 0.861784 0.764013 0.276433
0 0.57374 0.880706 0.712454 0.23805
0 0.203936 0.2133 0.407872 0.426601
4 0.107662 0.830227 0.215324 0.339545
3 0.200438 0.779405 0.397381 0.441189
3 0.841469 0.825085 0.317062 0.349829
0 0.914807 0.083104 0.170385 0.166208
0 0.541322 0.8719 0.88534 0.256199
0 0.633856 0.0468274 0.608776 0.0936548
0 0.531063 0.433449 0.937874 0.866899
4 0.208517 0.220603 0.417035 0.441206
4 0.576294 0.810211 0.830825 0.379577
1 0.382903 0.860794 0.724186 0.278413
0 0.775761 0.0446943 0.448479 0.0893887
4 0.698902 0.574668 0.597618 0.85033
1 0.975993 0.533441 0.0480137 0.780007
3 0.167448 0.261836 0.320737 0.523671
2 0.889516 0.063703 0.220967 0.127406
4 0.786894 0.801404 0.401957 0.397191
3 0.168012 0.640551 0.333876 0.718897
2 0.775761 0.0446943 0.448479 0.0893887
3 0.016145 0.327012 0.03229 0.654024
3 0.0127086 0.423993 0.0214997 0.0734112
0 0.501736 0.0607188 0.724729 0.121438
3 0.208002 0.217743 0.411592 0.435487
0 0.413495 0.535719 0.0159285 0.0209739
4 0.01082 0.427451 0.0216399 0.854901
1 0.497216 0.868459 0.696722 0.263082
4 0.946457 0.824518 0.107085 0.350965
4 0.882053 0.826876 0.235894 0.346248
0 0.834532 0.385579 0.330936 0.771158
0 0.503716 0.842219 0.675078 0.315562
3 0.936452 0.0192186 0.127097 0.0384372
2 0.488768 0.360725 0.977536 0.721449
2 0.00800303 0.831648 0.0160061 0.336704
2 0.633856 0.0468274 0.608776 0.0936548
4 0.362641 0.865584 0.725283 0.268831
2 0.861856 0.0500383 0.276289 0.100077
4 0.680829 0.0446342 0.509131 0.0892684
4 0.501736 0.0607188 0.724729 0.121438
2 0.914807 0.083104 0.170385 0.166208
4 0.196656 0.862384 0.388451 0.275232
3 0.889516 0.063703 0.220967 0.127406
4 0.216575 0.597716 0.43315 0.804568
1 0.707944 0.520781 0.584111 0.958438
2 0.975993 0.533441 0.0480137 0.780007
3 0.208517 0.220603 0.417035 0.441206
4 0.586906 0.349708 0.826189 0.699416
4 0.445972 0.5 0.831796 1
4 0.937481 0.266712 0.125038 0.533424
4 0.0992833 0.603053 0.198567 0.793893
3 0.107662 0.830227 0.215324 0.339545
1 0.168012 0.640551 0.333876 0.718897
1 0.534214 0.875204 0.822178 0.249593
0 0.935397 0.777127 0.129206 0.445746
0 0.153913 0.519408 0.307826 0.961184
4 0.648986 0.809442 0.661498 0.381116
1 0.168489 0.856517 0.336978 0.286966
1 0.200438 0.779405 0.397381 0.441189
0 0.920074 0.814919 0.159853 0.370162
3 0.648986 0.809442 0.661498 0.381116
3 0.11813 0.42803 0.00715313 0.0306808
4 0.839093 0.493647 0.321813 0.987294
4 0.0228412 0.491084 0.0456824 0.982169
2 0.668033 0.390018 0.663934 0.780037
0 0.410575 0.283796 0.819748 0.567591
1 0.551549 0.734076 0.610416 0.531847
0 0.0907905 0.657061 0.181581 0.685879
2 0.720554 0.768642 0.527974 0.462715
3 0.429791 0.476657 0.00496769 0.0229159
3 0.698902 0.574668 0.597618 0.85033
1 0.969032 0.693546 0.0619362 0.612907
0 0.154507 0.5 0.309013 1
2 0.225311 0.552499 0.450622 0.895002
2 0.545301 0.793435 0.846782 0.411305
2 0.983299 0.43859 0.0334024 0.793827
3 0.733017 0.498058 0.533967 0.996116
0 0.761952 0.694219 0.476097 0.611562
1 0.775123 0.79994 0.403137 0.400119
4 0.551549 0.734076 0.610416 0.531847
4 0.399859 0.631933 0.799718 0.736135
0 0.861856 0.0500383 0.276289 0.100077
2 0.495824 0.0699309 0.647056 0.139862
0 0.889516 0.063703 0.220967 0.127406
4 0.761495 0.806977 0.477011 0.386047
0 0.941535 0.10293 0.116929 0.205861
4 0.775761 0.0446943 0.448479 0.0893887
2 0.200438 0.779405 0.397381 0.441189
2 0.536885 0.5 0.852141 1
2 0.834532 0.385579 0.330936 0.771158
4 0.208002 0.217743 0.411592 0.435487
3 0.743001 0.302211 0.0417509 0.0484163
0 0.54592 0.836208 0.908159 0.327584
0 0.352542 0.213106 0.700989 0.426212
4 0.0365288 0.5 0.0730576 1
4 0.016939 0.555493 0.033878 0.889014
4 0.697934 0.329711 0.604133 0.659422
1 0.167448 0.261836 0.320737 0.523671
4 0.824846 0.815839 0.350308 0.368322
0 0.114401 0.35138 0.228803 0.70276
2 0.311845 0.147359 0.587286 0.294719
4 0.200438 0.779405 0.397381 0.441189
4 0.016145 0.327012 0.03229 0.654024
4 0.00800303 0.831648 0.0160061 0.336704
4 0.761952 0.694219 0.476097 0.611562
4 0.624921 0.5 0.750158 1
2 0.352542 0.213106 0.700989 0.426212
2 0.114401 0.35138 0.228803 0.70276
3 0.581773 0.870755 0.832434 0.25849
4 0.935397 0.777127 0.129206 0.445746
0 0.720554 0.768642 0.527974 0.462715
3 0.196656 0.862384 0.388451 0.275232
0 0.168012 0.640551 0.333876 0.718897
4 0.117529 0.4564 0.235057 0.9128
4 0.775832 0.81238 0.431903 0.37524
3 0.937481 0.266712 0.125038 0.533424
3 0.0907905 0.657061 0.181581 0.685879
2 0.107662 0.830227 0.215324 0.339545
0 0.311845 0.147359 0.587286 0.294719
3 0.578755 0.831302 0.84249 0.337396
4 0.467551 0.318963 0.935102 0.637927
4 0.534214 0.875204 0.822178 0.249593
3 0.0137509 0.854614 0.0275018 0.290772
1 0.812458 0.477973 0.375084 0.955945
2 0.695764 0.5788 0.594132 0.8424
1 0.624921 0.5 0.750158 1
1 0.352542 0.213106 0.700989 0.426212
2 0.399128 0.111338 0.683059 0.222676
1 0.208517 0.220603 0.417035 0.441206
3 0.637748 0.309706 0.0138447 0.0307698
4 0.968107 0.587358 0.0637857 0.819238
3 0.551549 0.734076 0.610416 0.531847
0 0.016145 0.327012 0.03229 0.654024
2 0.280341 0.5 0.560683 1
2 0.761952 0.694219 0.476097 0.611562
2 0.583311 0.55408 0.833377 0.89184
4 0.578755 0.831302 0.84249 0.337396
0 0.648986 0.809442 0.661498 0.381116
3 0.720554 0.768642 0.527974 0.462715
4 0.111001 0.5 0.222002 1
1 0.57374 0.880706 0.712454 0.23805
4 0.399128 0.111338 0.683059 0.222676
1 0.501736 0.0607188 0.724729 0.121438
2 0.551549 0.734076 0.610416 0.531847
1 0.633856 0.0468274 0.608776 0.0936548
0 0.697934 0.329711 0.604133 0.659422
2 0.935397 0.777127 0.129206 0.445746
0 1 0.454669 0 0.909338
0 0.441676 0.21009 0.883352 0.42018
4 0.861856 0.0500383 0.276289 0.100077
4 0.920074 0.814919 0.159853 0.370162
3 0.975993 0.533441 0.0480137 0.780007
4 0.914807 0.083104 0.170385 0.166208
4 0.941535 0.10293 0.116929 0.205861
4 0.497216 0.868459 0.696722 0.263082
0 0.812458 0.477973 0.375084 0.955945
0 0.467551 0.318963 0.935102 0.637927
4 0.668033 0.390018 0.663934 0.780037
3 0.177262 0.53631 0.354524 0.927381
3 0.364887 0.58438 0.729774 0.83124
2 0.441676 0.21009 0.883352 0.42018
3 0.861856 0.0500383 0.276289 0.100077
1 0.114401 0.35138 0.228803 0.70276
3 0.117529 0.4564 0.235057 0.9128
3 0.422459 0.5 0.844917 1
0 0.168489 0.856517 0.336978 0.286966
3 0.624921 0.5 0.750158 1
1 0.775761 0.0446943 0.448479 0.0893887
0 0.849798 0.813 0.300405 0.374001
3 0.761495 0.806977 0.477011 0.386047
2 0.648986 0.809442 0.661498 0.381116
0 0.946457 0.824518 0.107085 0.350965
3 0.942085 0.0803866 0.11583 0.160773
3 0.523428 0.438748 0.0167579 0.0404062
0 0.451289 0.380553 0.902578 0.761106
0 0.277498 0.256525 0.554997 0.51305
3 0.0109396 0.408313 0.0171121 0.0550083
4 0.889516 0.063703 0.220967 0.127406
0 0.533805 0.87149 0.726779 0.257019
3 0.635203 0.339916 0.0140543 0.0650387
1 0.216575 0.597716 0.43315 0.804568
0 0.399128 0.111338 0.683059 0.222676
2 0.812458 0.477973 0.375084 0.955945
4 0.59653 0.816531 0.571005 0.366938
1 0.562776 0.346609 0.874447 0.693218
0 0.119484 0.450573 0.238968 0.901146
4 0.503716 0.842219 0.675078 0.315562
0 0.00850087 0.631334 0.0170017 0.737331
4 0.00704215 0.787496 0.0140843 0.425007
0 0.0992833 0.603053 0.198567 0.793893
3 0.534214 0.875204 0.822178 0.249593
0 0.01082 0.427451 0.0216399 0.854901
3 0.410575 0.283796 0.819748 0.567591
2 0.578755 0.831302 0.84249 0.337396
4 0.961239 0.267625 0.0775223 0.535251
1 0.761952 0.694219 0.476097 0.611562
2 0.0269611 0.512008 0.0539222 0.975984
2 0.364887 0.58438 0.729774 0.83124
3 0.016939 0.555493 0.033878 0.889014
4 0.983299 0.43859 0.0334024 0.793827
3 0.227478 0.18524 0.443911 0.37048
2 0.111001 0.5 0.222002 1
4 0.877166 0.179173 0.245669 0.358345
3 0.983299 0.43859 0.0334024 0.793827
3 0.448212 0.860606 0.754868 0.278788
0 0.583311 0.55408 0.833377 0.89184
4 0.441676 0.21009 0.883352 0.42018
1 0.227478 0.18524 0.443911 0.37048
0 0.00704215 0.787496 0.0140843 0.425007
3 0.920074 0.814919 0.159853 0.370162
4 0.369061 0.762347 0.732557 0.475306
1 0.467551 0.318963 0.935102 0.637927
4 0.227478 0.18524 0.443911 0.37048
1 0.59653 0.816531 0.571005 0.366938
3 0.277498 0.256525 0.554997 0.51305
2 0.181588 0.508913 0.363176 0.982175
4 0.00850087 0.631334 0.0170017 0.737331
3 0.668033 0.390018 0.663934 0.780037
4 0.30297 0.644424 0.60594 0.709578
3 0.935397 0.777127 0.129206 0.445746
0 0.0228412 0.491084 0.0456824 0.982169
2 0.01082 0.427451 0.0216399 0.854901
3 0.536579 0.336786 0.926841 0.673572
1 0.330886 0.730373 0.661772 0.539254
1 0.877166 0.179173 0.245669 0.358345
1 0.0907905 0.657061 0.181581 0.685879
1 0.431441 0.318394 0.862882 0.636789
3 0.711883 0.302827 0.00781641 0.0446076
0 0.391544 0.543507 0.067383 0.0443803
2 0.0222002 0.319799 0.0444004 0.123087
0 0.204278 0.234826 0.40375 0.469652
3 0.570708 0.463891 0.0116972 0.0475331
0 0.487589 0.486531 0.0244773 0.0370127
0 0.937148 0.0226623 0.125703 0.0453245
3 0.990736 0.335664 0.0132242 0.0282333
0 0.584083 0.496708 0.0291382 0.0935393
3 0.710972 0.323343 0.011727 0.0858672
0 0.804433 0.812783 0.391133 0.374435
0 0.63992 0.260964 0.478406 0.521927
0 0.4601 0.865729 0.586316 0.268541
0 0.586167 0.52291 0.0187209 0.0397675
0 0.350827 0.252037 0.561201 0.500966
0 0.820038 0.189808 0.359924 0.379617
0 0.401643 0.540509 0.0827257 0.0366622
3 0.954474 0.354614 0.00647697 0.0280508
0 0.753407 0.251677 0.493186 0.503354
0 0.149282 0.241085 0.298564 0.482171
0 0.873967 0.186214 0.252067 0.372429
0 0.938023 0.0441782 0.123954 0.0883564
0 0.0260026 0.319102 0.0520052 0.12589
3 0.938023 0.0441782 0.123954 0.0883564
3 0.679166 0.313546 0.0761204 0.0746405
0 0.572885 0.534178 0.0142706 0.0214955
3 0.59248 0.317645 0.00902615 0.0281955
1 0.144588 0.806343 0.289176 0.387315
1 0.350827 0.252037 0.561201 0.500966
0 0.9344 0.195417 0.1312 0.390834
0 0.561467 0.794455 0.559845 0.411089
0 0.669969 0.412623 0.227101 0.266533
0 0.774106 0.185427 0.215096 0.367691
0 0.570708 0.463891 0.0116972 0.0475331
3 0.954555 0.0652342 0.0908907 0.130468
1 0.149282 0.241085 0.298564 0.482171
0 0.95554 0.0609781 0.0886314 0.121956
3 0.991696 0.354974 0.0132355 0.0564835
0 0.519143 0.25705 0.544059 0.508728
0 0.947342 0.153498 0.105316 0.306995
0 0.863354 0.81247 0.273293 0.375061
0 0.952385 0.0766515 0.0952291 0.153303
1 0.726397 0.25482 0.547207 0.509641
0 0.360594 0.864525 0.378008 0.270951
2 0.554847 0.264572 0.39928 0.521655
3 0.339265 0.434849 0.0237676 0.0673183
0 0.268272 0.252048 0.442319 0.476765
0 0.705221 0.368062 0.563903 0.345531
0 0.764258 0.352864 0.471484 0.70096
0 0.168264 0.817796 0.336529 0.364408
1 0.766305 0.781579 0.415481 0.436842
2 0.487589 0.486531 0.0244773 0.0370127
1 0.63992 0.260964 0.478406 0.521927
4 0.73374 0.523094 0.014216 0.0289342
0 0.2661 0.350795 0.5322 0.70159
2 0.149282 0.241085 0.298564 0.482171
2 0.2661 0.350795 0.5322 0.70159
0 0.0176615 0.281078 0.0338616 0.0473052
2 0.781672 0.799743 0.436656 0.400515
0 0.652545 0.770074 0.360655 0.459853
3 0.739401 0.304813 0.0631586 0.0548826
0 0.803964 0.189038 0.159736 0.378076
2 0.724208 0.272012 0.550503 0.540804
2 0.268272 0.252048 0.442319 0.476765
0 0.682307 0.572875 0.625594 0.568498
0 0.151613 0.720743 0.303226 0.558514
0 0.5 0.521531 1 0.956937
0 0.936749 0.139918 0.126502 0.279835
3 0.221774 0.405992 0.0200243 0.0531007
0 0.973484 0.0316439 0.0530319 0.0632877
0 0.683061 0.882202 0.566777 0.235595
2 0.433168 0.291106 0.862287 0.582211
1 0.2661 0.350795 0.5322 0.70159
0 0.267604 0.804523 0.529155 0.390954
1 0.174238 0.358132 0.348476 0.702496
3 0.570713 0.46824 0.0107056 0.0692473
0 0.594329 0.27574 0.757249 0.551481
0 0.0134006 0.794376 0.0268013 0.411248
0 0.670767 0.450993 0.219759 0.183271
4 0.350827 0.252037 0.561201 0.500966
0 0.963785 0.0710377 0.0724308 0.109831
4 0.201458 0.250787 0.402916 0.485571
2 0.350827 0.252037 0.561201 0.500966
0 0.767155 0.526303 0.444174 0.371598
1 0.478704 0.81747 0.599915 0.365061
4 0.869412 0.833044 0.261175 0.333913
1 0.952385 0.0766515 0.0952291 0.153303
0 0.762966 0.742579 0.420249 0.514843
2 0.73244 0.635886 0.532558 0.635878
3 0.177302 0.451018 0.354604 0.486861
3 0.350827 0.252037 0.561201 0.500966
4 0.141885 0.232606 0.283769 0.465213
0 0.433168 0.291106 0.862287 0.582211
1 0.190827 0.759822 0.381654 0.480356
3 0.5 0.600258 1 0.799484
4 0.519143 0.25705 0.544059 0.508728
4 0.893308 0.189135 0.213385 0.378271
4 0.2661 0.350795 0.5322 0.70159
0 0.594227 0.899816 0.550435 0.200367
3 0.654992 0.754335 0.419614 0.49133
4 0.676327 0.260627 0.537658 0.521254
3 0.774 0.185168 0.218563 0.370336
4 0.5 0.527562 1 0.944876
3 0.764258 0.352864 0.471484 0.70096
3 0.803418 0.442407 0.393164 0.878334
0 0.733117 0.831104 0.519438 0.337791
3 0.463889 0.652127 0.874113 0.695747
0 0.169544 0.21758 0.339088 0.43516
2 0.5 0.521531 1 0.956937
0 0.725427 0.47739 0.549145 0.954781
0 0.97847 0.0730763 0.0430605 0.0956749
0 0.879127 0.211424 0.241747 0.422847
4 0.177302 0.451018 0.354604 0.486861
1 0.554847 0.264572 0.39928 0.521655
3 0.815654 0.60435 0.368693 0.665079
2 0.0164314 0.336577 0.0319897 0.0869653
2 0.174238 0.358132 0.348476 0.702496
3 0.903324 0.228351 0.193352 0.454804
1 0.268272 0.252048 0.442319 0.476765
3 0.349497 0.34816 0.698994 0.69632
3 0.268272 0.252048 0.442319 0.476765
0 0.951841 0.0916064 0.0963177 0.183213
4 0.654992 0.754335 0.419614 0.49133
3 0.678769 0.504762 0.642463 0.990477
3 0.971296 0.0639609 0.0574078 0.125509
3 0.863354 0.81247 0.273293 0.375061
0 0.413912 0.807392 0.485533 0.385215
0 0.547436 0.603869 0.834719 0.792261
0 0.0101024 0.705192 0.0202048 0.589616
0 0.958733 0.0674893 0.0825339 0.134979
1 0.73244 0.635886 0.532558 0.635878
2 0.586167 0.52291 0.0187209 0.0397675
2 0.151613 0.720743 0.303226 0.558514
3 0.767155 0.526303 0.444174 0.371598
0 0.111029 0.447227 0.222057 0.418695
0 0.930076 0.680721 0.139849 0.638558
3 0.594329 0.27574 0.757249 0.551481
0 0.695118 0.608792 0.609764 0.782415
0 0.129386 0.326708 0.0429271 0.0746932
3 0.713902 0.304035 0.0105551 0.030966
0 0.92898 0.365729 0.14204 0.731459
1 0.433168 0.291106 0.862287 0.582211
4 0.784264 0.800405 0.431472 0.399191
2 0.705221 0.368062 0.563903 0.345531
4 0.92898 0.365729 0.14204 0.731459
4 0.174238 0.358132 0.348476 0.702496
3 0.669747 0.342629 0.643731 0.378135
0 0.938967 0.723869 0.122066 0.552262
4 0.678769 0.504762 0.642463 0.990477
2 0.714157 0.379718 0.571687 0.759436
2 0.570708 0.463891 0.0116972 0.0475331
2 0.63992 0.260964 0.478406 0.521927
4 0.938672 0.190438 0.122656 0.380875
2 0.820038 0.189808 0.359924 0.379617
4 0.940558 0.486858 0.118884 0.679084
0 0.47588 0.489023 0.0463342 0.0422645
1 0.812932 0.232399 0.374136 0.464797
0 0.681799 0.258228 0.583189 0.516456
1 0.111029 0.447227 0.222057 0.418695
3 0.676327 0.260627 0.537658 0.521254
1 0.594227 0.899816 0.550435 0.200367
2 0.873967 0.186214 0.252067 0.372429
0 0.0814656 0.225634 0.162931 0.451269
4 0.952385 0.0766515 0.0952291 0.153303
2 0.111029 0.447227 0.222057 0.418695
3 0.869412 0.833044 0.261175 0.333913
0 0.476239 0.770428 0.725148 0.459144
4 0.863354 0.81247 0.273293 0.375061
2 0.144588 0.806343 0.289176 0.387315
1 0.767155 0.526303 0.444174 0.371598
4 0.820038 0.189808 0.359924 0.379617
0 0.167892 0.507662 0.335784 0.446304
3 0.876945 0.660066 0.24611 0.679869
1 0.834727 0.822972 0.330547 0.354056
2 0.177302 0.451018 0.354604 0.486861
1 0.705221 0.368062 0.563903 0.345531
2 0.654992 0.754335 0.419614 0.49133
3 0.940558 0.486858 0.118884 0.679084
2 0.861643 0.820817 0.276714 0.358365
1 0.873967 0.186214 0.252067 0.372429
0 0.741348 0.466933 0.473108 0.261729
3 0.433168 0.291106 0.862287 0.582211
0 0.940558 0.486858 0.118884 0.679084
2 0.594227 0.899816 0.550435 0.200367
0 0.174238 0.358132 0.348476 0.702496
2 0.261178 0.492399 0.522357 0.526421
1 0.938967 0.723869 0.122066 0.552262
1 0.388626 0.842571 0.426103 0.314858
3 0.789322 0.794877 0.421356 0.410246
4 0.5 0.602915 1 0.794171
3 0.174238 0.358132 0.348476 0.702496
3 0.710677 0.303647 0.0107648 0.0327731
0 0.396356 0.210903 0.0273238 0.0216197
0 0.0897615 0.817327 0.179523 0.365345
3 0.594227 0.899816 0.550435 0.200367
3 0.918121 0.606518 0.163759 0.707994
2 0.938672 0.190438 0.122656 0.380875
1 0.946226 0.178495 0.107548 0.356989
3 0.938672 0.190438 0.122656 0.380875
3 0.777785 0.221394 0.44443 0.442789
4 0.594227 0.899816 0.550435 0.200367
3 0.777287 0.72182 0.430969 0.55636
0 0.0122061 0.638207 0.0244122 0.723586
4 0.691718 0.641351 0.616563 0.717299
3 0.73244 0.635886 0.532558 0.635878
4 0.196934 0.800071 0.393868 0.399858
0 0.474886 0.262955 0.690816 0.525909
0 0.918121 0.606518 0.163759 0.707994
4 0.930076 0.680721 0.139849 0.638558
2 0.678769 0.504762 0.642463 0.990477
4 0.111029 0.447227 0.222057 0.418695
3 0.951841 0.0916064 0.0963177 0.183213
3 0.682307 0.572875 0.625594 0.568498
1 0.471088 0.256745 0.535039 0.510755
4 0.918121 0.606518 0.163759 0.707994
1 0.930076 0.680721 0.139849 0.638558
2 0.767155 0.526303 0.444174 0.371598
0 0.0137981 0.211983 0.0275963 0.423967
4 0.144588 0.806343 0.289176 0.387315
0 0.906615 0.835698 0.18677 0.328604
1 0.951841 0.0916064 0.0963177 0.183213
3 0.164673 0.773311 0.329347 0.453377
2 0.594329 0.27574 0.757249 0.551481
3 0.261178 0.492399 0.522357 0.526421
1 0.764258 0.352864 0.471484 0.70096
3 0.444021 0.505278 0.00845051 0.0326381
3 0.308665 0.636084 0.61733 0.500298
4 0.733117 0.831104 0.519438 0.337791
3 0.48676 0.483486 0.0259285 0.0367215
2 0.510101 0.798597 0.732612 0.402806
0 0.803418 0.442407 0.393164 0.878334
0 0.230531 0.204389 0.451708 0.408778
3 0.554847 0.264572 0.39928 0.521655
4 0.803418 0.442407 0.393164 0.878334
4 0.565588 0.77467 0.538778 0.450659
4 0.463889 0.652127 0.874113 0.695747
4 0.465106 0.776687 0.790701 0.446626
0 0.869412 0.833044 0.261175 0.333913
2 0.388626 0.842571 0.426103 0.314858
3 0.186984 0.586472 0.373968 0.60744
3 0.164925 0.40685 0.0110724 0.0270989
2 0.803418 0.442407 0.393164 0.878334
1 0.177302 0.451018 0.354604 0.486861
1 0.46971 0.788758 0.93942 0.422484
3 0.465106 0.776687 0.790701 0.446626
3 0.92898 0.365729 0.14204 0.731459
3 0.910722 0.775623 0.178555 0.448755
3 0.709983 0.311648 0.0105125 0.0394411
2 0.376781 0.540749 0.753563 0.918501
1 0.186984 0.586472 0.373968 0.60744
1 0.903324 0.228351 0.193352 0.454804
4 0.669747 0.342629 0.643731 0.378135
1 0.0644959 0.468654 0.128992 0.426696
2 0.930076 0.680721 0.139849 0.638558
4 0.261178 0.492399 0.522357 0.526421
3 0.0260026 0.319102 0.0520052 0.12589
0 0.261178 0.492399 0.522357 0.526421
3 0.0137981 0.211983 0.0275963 0.423967
0 0.585318 0.507114 0.0243608 0.0705588
1 0.725427 0.47739 0.549145 0.954781
0 0.0183186 0.317354 0.0366372 0.12464
3 0.893308 0.189135 0.213385 0.378271
1 0.92898 0.365729 0.14204 0.731459
4 0.392862 0.802012 0.45098 0.395976
0 0.0195277 0.395549 0.0390555 0.706241
3 0.930076 0.680721 0.139849 0.638558
2 0.305811 0.797647 0.611623 0.404706
2 0.952385 0.0766515 0.0952291 0.153303
4 0.936749 0.139918 0.126502 0.279835
2 0.869412 0.833044 0.261175 0.333913
0 0.188914 0.633335 0.377829 0.73333
4 0.815654 0.60435 0.368693 0.665079
2 0.196934 0.800071 0.393868 0.399858
3 0.376781 0.540749 0.753563 0.918501
4 0.714157 0.379718 0.571687 0.759436
4 0.372889 0.847656 0.396401 0.304688
3 0.180728 0.229574 0.351773 0.459148
3 0.267604 0.804523 0.529155 0.390954
0 0.0176671 0.529364 0.0353342 0.674114
0 0.711883 0.302827 0.00781641 0.0446076
4 0.0195277 0.395549 0.0390555 0.706241
4 0.169544 0.21758 0.339088 0.43516
2 0.938967 0.723869 0.122066 0.552262
1 0.869412 0.833044 0.261175 0.333913
3 0.937148 0.0226623 0.125703 0.0453245
4 0.903324 0.228351 0.193352 0.454804
3 0.988673 0.0857702 0.0226536 0.0651535
1 0.818485 0.386993 0.36303 0.773985
0 0.903324 0.228351 0.193352 0.454804
3 0.461978 0.510611 0.923956 0.978777
2 0.77625 0.707062 0.4475 0.585876
4 0.0137981 0.211983 0.0275963 0.423967
3 0.392862 0.802012 0.45098 0.395976
3 0.879127 0.211424 0.241747 0.422847
4 0.478704 0.81747 0.599915 0.365061
1 0.5 0.602915 1 0.794171
4 0.938967 0.723869 0.122066 0.552262
4 0.947342 0.153498 0.105316 0.306995
2 0.463889 0.652127 0.874113 0.695747
0 0.876945 0.660066 0.24611 0.679869
0 0.388249 0.549179 0.0716816 0.0499907
3 0.569472 0.464954 0.0106018 0.0371383
0 0.389505 0.542353 0.0650925 0.0411258
3 0.711748 0.30492 0.00466537 0.0454644
3 0.711404 0.353219 0.00816879 0.0363193
0 0.797794 0.800627 0.404412 0.392094
1 0.103234 0.52204 0.206468 0.20765
3 0.711532 0.384319 0.00744686 0.035389
2 0.103234 0.52204 0.206468 0.20765
1 0.0874068 0.703831 0.174814 0.592339
0 0.153408 0.479939 0.306816 0.152288
3 0.568624 0.472279 0.00962973 0.0488366
0 0.849443 0.813285 0.301114 0.37343
0 0.0338091 0.460797 0.0676183 0.0657973
1 0.151039 0.532737 0.300899 0.23842
1 0.149098 0.492754 0.298195 0.213869
0 0.580614 0.52459 0.0351171 0.0320436
1 0.732255 0.523578 0.0216494 0.032118
0 0.0521607 0.496151 0.10394 0.104593
2 0.388249 0.549179 0.0716816 0.0499907
1 0.572165 0.555481 0.0208761 0.0813901
0 0.58221 0.520577 0.03222 0.0436675
1 0.580614 0.52459 0.0351171 0.0320436
0 0.197077 0.795197 0.394155 0.409606
0 0.0153731 0.448335 0.0298446 0.0515628
1 0.582451 0.544274 0.0327509 0.0627562
0 0.628496 0.528673 0.0838207 0.0283688
2 0.151039 0.532737 0.300899 0.23842
1 0.148292 0.49823 0.296585 0.138841
1 0.58221 0.520577 0.03222 0.0436675
2 0.0459992 0.510645 0.0919984 0.133292
1 0.153587 0.603488 0.307173 0.426185
1 0.784524 0.78234 0.430952 0.419502
0 0.932282 0.761073 0.135436 0.477854
0 0.0387182 0.471297 0.0768761 0.0664468
0 0.582182 0.509543 0.0324649 0.0648168
0 0.273605 0.689679 0.547211 0.620642
0 0.103234 0.52204 0.206468 0.20765
1 0.9674 0.670962 0.0651993 0.631767
0 0.238279 0.312103 0.476557 0.624206
2 0.0419606 0.484804 0.0830407 0.0970462
0 0.9674 0.670962 0.0651993 0.631767
0 0.0419606 0.484804 0.0830407 0.0970462
0 0.271666 0.791696 0.543331 0.416608
0 0.772759 0.730858 0.443773 0.422829
0 0.887934 0.820201 0.224133 0.359598
0 0.0959565 0.49485 0.191122 0.102133
1 0.590275 0.54287 0.044882 0.0507159
2 0.165514 0.696013 0.331028 0.607975
0 0.0765345 0.552531 0.153069 0.263254
0 0.590368 0.530695 0.0432999 0.0328138
1 0.743144 0.509105 0.0467004 0.062445
0 0.18874 0.251999 0.37748 0.503998
1 0.178759 0.697914 0.357517 0.604172
2 0.013039 0.454961 0.026078 0.0436135
0 0.794804 0.485424 0.410393 0.295331
2 0.9674 0.670962 0.0651993 0.631767
0 0.00982544 0.44322 0.0196509 0.0447434
0 0.96484 0.184734 0.0703194 0.369467
0 0.0295916 0.702612 0.0591831 0.594776
0 0.404562 0.535854 0.0824401 0.0382875
2 0.58221 0.520577 0.03222 0.0436675
2 0.0874068 0.703831 0.174814 0.592339
0 0.153587 0.603488 0.307173 0.426185
0 0.179483 0.875533 0.358966 0.248935
2 0.786035 0.778351 0.424637 0.422432
0 0.965863 0.201414 0.0682739 0.402828
1 0.739172 0.514945 0.0337935 0.0550087
0 0.380847 0.761766 0.459691 0.476427
0 0.0715049 0.52412 0.141526 0.167132
0 0.543305 0.474344 0.57764 0.948688
0 0.670497 0.5 0.586233 1
0 0.759244 0.395215 0.481513 0.790431
0 0.287687 0.377454 0.575373 0.754908
0 0.0359891 0.785018 0.0719782 0.429965
2 0.469602 0.5 0.59456 1
0 0.546098 0.453412 0.907804 0.906824
1 0.166842 0.806339 0.333684 0.387323
0 0.189124 0.694568 0.378249 0.610863
3 0.72792 0.357793 0.0476744 0.0381136
1 0.733634 0.517163 0.0269426 0.0451177
2 0.155261 0.455433 0.310521 0.197793
1 0.860912 0.818842 0.278176 0.362315
0 0.390843 0.5 0.781685 1
2 0.96484 0.184734 0.0703194 0.369467
1 0.387319 0.550093 0.0623962 0.0431334
2 0.18874 0.251999 0.37748 0.503998
0 0.779426 0.537107 0.441148 0.382359
0 0.957649 0.27452 0.0847026 0.549039
1 0.96484 0.184734 0.0703194 0.369467
0 0.514653 0.5 0.566403 1
1 0.154987 0.293273 0.309974 0.586546
2 0.148292 0.49823 0.296585 0.138841
0 0.159494 0.745028 0.318989 0.509943
1 0.569473 0.56277 0.0271559 0.0921604
3 0.642856 0.319186 0.00686417 0.02539
2 0.149098 0.492754 0.298195 0.213869
0 0.736454 0.492733 0.425007 0.558706
0 0.970241 0.475279 0.059518 0.744105
1 0.970241 0.475279 0.059518 0.744105
2 0.0471368 0.535534 0.0942736 0.146092
2 0.159957 0.796089 0.319915 0.407822
2 0.0295916 0.702612 0.0591831 0.594776
4 0.436138 0.497279 0.667749 0.994558
0 0.162397 0.343856 0.324795 0.687711
2 0.759244 0.395215 0.481513 0.790431
3 0.759244 0.395215 0.481513 0.790431
1 0.0295916 0.702612 0.0591831 0.594776
2 0.0344922 0.467006 0.0676429 0.0680802
2 0.558138 0.5 0.565951 1
0 0.0093632 0.435489 0.0187264 0.0436058
4 0.755574 0.805921 0.445143 0.388158
0 0.402105 0.54247 0.0911793 0.0453448
4 0.359528 0.342654 0.719055 0.685307
2 0.89211 0.823279 0.21578 0.353442
1 0.969289 0.364196 0.0614218 0.728392
4 0.582125 0.513511 0.0333055 0.0594025
2 0.196887 0.361592 0.393774 0.723183
1 0.746559 0.331468 0.506882 0.662936
0 0.0451311 0.703987 0.0902622 0.592026
3 0.953537 0.354353 0.00788078 0.0267467
2 0.359528 0.342654 0.719055 0.685307
0 0.0213464 0.601958 0.0426928 0.0717594
4 0.759244 0.395215 0.481513 0.790431
0 0.466662 0.750379 0.567201 0.454088
0 0.723416 0.787507 0.383543 0.424918
0 0.684611 0.768047 0.273186 0.420722
1 0.932282 0.761073 0.135436 0.477854
0 0.61186 0.529305 0.0881683 0.0277297
0 0.375023 0.555908 0.101132 0.0635419
0 0.461241 0.289975 0.922482 0.57995
1 0.0706831 0.530463 0.141366 0.203211
1 0.155261 0.455433 0.310521 0.197793
4 0.204948 0.790308 0.409895 0.419383
4 0.272832 0.636978 0.545663 0.519195
0 0.646376 0.784875 0.411651 0.43025
0 0.608644 0.296838 0.782712 0.593677
0 0.151039 0.532737 0.300899 0.23842
2 0.0359891 0.785018 0.0719782 0.429965
2 0.834217 0.801893 0.329614 0.395415
0 0.0481503 0.563669 0.0963007 0.143331
0 0.25294 0.216639 0.50588 0.433278
1 0.794804 0.485424 0.410393 0.295331
2 0.0451311 0.703987 0.0902622 0.592026
4 0.176575 0.297701 0.35315 0.595402
2 0.972736 0.387818 0.0545285 0.775635
1 0.330412 0.343984 0.660824 0.687967
1 0.965863 0.201414 0.0682739 0.402828
0 0.383635 0.351851 0.767271 0.703702
2 0.466662 0.750379 0.567201 0.454088
2 0.755574 0.805921 0.445143 0.388158
0 0.56657 0.782829 0.501353 0.434342
2 0.965863 0.201414 0.0682739 0.402828
3 0.411636 0.494736 0.745261 0.989472
2 0.0331148 0.481739 0.0662292 0.083695
1 0.196887 0.361592 0.393774 0.723183
2 0.932282 0.761073 0.135436 0.477854
3 0.437767 0.5 0.614471 1
0 0.969289 0.364196 0.0614218 0.728392
0 0.63817 0.406027 0.554978 0.812054
3 0.623028 0.5 0.615954 1
1 0.965584 0.267025 0.0688313 0.534051
1 0.386268 0.426174 0.772535 0.852349
0 0.932918 0.027871 0.134164 0.055742
2 0.00982544 0.44322 0.0196509 0.0447434
0 0.0874068 0.703831 0.174814 0.592339
2 0.625494 0.34964 0.683809 0.699281
0 0.457261 0.790962 0.419957 0.418075
4 0.965863 0.201414 0.0682739 0.402828
1 0.0451311 0.703987 0.0902622 0.592026
3 0.837467 0.435431 0.325065 0.837987
4 0.291755 0.269295 0.58351 0.538591
3 0.340913 0.317635 0.674553 0.635271
1 0.437767 0.5 0.614471 1
2 0.572165 0.555481 0.0208761 0.0813901
0 0.718725 0.324594 0.554082 0.649189
0 0.236119 0.44545 0.424072 0.343847
0 0.143391 0.43989 0.286782 0.343133
1 0.236119 0.44545 0.424072 0.343847
0 0.326119 0.751876 0.652238 0.463323
1 0.646376 0.784875 0.411651 0.43025
3 0.0994583 0.220885 0.198917 0.44177
2 0.272832 0.636978 0.545663 0.519195
1 0.204948 0.790308 0.409895 0.419383
1 0.0382509 0.482094 0.074404 0.0863613
0 0.569472 0.464954 0.0106018 0.0371383
1 0.486552 0.364702 0.858946 0.729405
1 0.0344922 0.467006 0.0676429 0.0680802
1 0.573991 0.568096 0.0497364 0.106965
4 0.184776 0.822766 0.369553 0.354468
0 0.559522 0.334668 0.546953 0.669336
4 0.381631 0.550822 0.053884 0.0452944
2 0.291755 0.269295 0.58351 0.538591
2 0.236119 0.44545 0.424072 0.343847
4 0.0994583 0.220885 0.198917 0.44177
1 0.911463 0.826009 0.177074 0.347983
3 0.272832 0.636978 0.545663 0.519195
2 0.348018 0.5 0.696035 1
0 0.711532 0.384319 0.00744686 0.035389
3 0.89211 0.823279 0.21578 0.353442
2 0.957649 0.27452 0.0847026 0.549039
0 0.837467 0.435431 0.325065 0.837987
1 0.0359891 0.785018 0.0719782 0.429965
0 0.0588701 0.540126 0.114532 0.190736
3 0.52736 0.468477 0.768268 0.936954
0 0.954505 0.458702 0.0909908 0.840387
2 0.640661 0.780398 0.374531 0.436746
4 0.837467 0.435431 0.325065 0.837987
3 0.784625 0.52538 0.430749 0.389396
0 0.884581 0.387751 0.230838 0.775501
3 0.709746 0.30332 0.0096488 0.0286298
4 0.625494 0.34964 0.683809 0.699281
2 0.380847 0.761766 0.459691 0.476427
3 0.968018 0.59887 0.0639632 0.686323
1 0.291755 0.269295 0.58351 0.538591
3 0.0294899 0.381032 0.00917287 0.0240257
2 0.235161 0.799398 0.470322 0.401204
0 0.526187 0.5 0.795436 1
2 0.667589 0.497584 0.605121 0.995169
3 0.155261 0.455433 0.310521 0.197793
1 0.592509 0.404014 0.571289 0.808027
3 0.859083 0.616964 0.281833 0.678214
3 0.161202 0.301247 0.322405 0.602493
4 0.968018 0.59887 0.0639632 0.686323
0 0.546869 0.353521 0.841824 0.707042
1 0.371053 0.782683 0.399448 0.434634
2 0.0765345 0.552531 0.153069 0.263254
3 0.969289 0.364196 0.0614218 0.728392
1 0.466662 0.750379 0.567201 0.454088
0 0.0994583 0.220885 0.198917 0.44177
0 0.013039 0.454961 0.026078 0.0436135
0 0.124245 0.221475 0.24849 0.44295
2 0.153587 0.603488 0.307173 0.426185
4 0.479656 0.752233 0.493195 0.495535
2 0.486552 0.364702 0.858946 0.729405
1 0.731335 0.563835 0.0262461 0.111
3 0.668544 0.373796 0.0918994 0.0642083
0 0.620887 0.518402 0.103517 0.0471397
0 0.630466 0.344008 0.538268 0.507017
4 0.315479 0.485326 0.630957 0.970652
3 0.708772 0.347474 0.0102054 0.0206996
2 0.294536 0.439083 0.589073 0.878165
3 0.584128 0.355745 0.723199 0.711489
1 0.667589 0.497584 0.605121 0.995169
3 0.559522 0.334668 0.546953 0.669336
4 0.916835 0.823935 0.16633 0.35213
1 0.434851 0.314921 0.869702 0.629842
1 0.56657 0.782829 0.501353 0.434342
3 0.519523 0.740849 0.588064 0.474557
4 0.932282 0.761073 0.135436 0.477854
2 0.457261 0.790962 0.419957 0.418075
1 0.68682 0.736235 0.312541 0.446746
2 0.859083 0.616964 0.281833 0.678214
0 0.0471368 0.535534 0.0942736 0.146092
1 0.720171 0.383201 0.559657 0.766402
0 0.813833 0.543586 0.190114 0.194276
4 0.144788 0.227138 0.289575 0.454276
3 0.178759 0.697914 0.357517 0.604172
1 0.555215 0.5 0.576672 1
4 0.140827 0.340851 0.281653 0.681703
2 0.140827 0.340851 0.281653 0.681703
1 0.179483 0.875533 0.358966 0.248935
2 0.312175 0.808495 0.455005 0.383009
2 0.675197 0.800926 0.472064 0.398149
4 0.580614 0.52459 0.0351171 0.0320436
3 0.965863 0.201414 0.0682739 0.402828
3 0.732932 0.777588 0.366078 0.432381
1 0.779426 0.537107 0.441148 0.382359
1 0.457261 0.790962 0.419957 0.418075
1 0.273605 0.689679 0.547211 0.620642
4 0.772759 0.730858 0.443773 0.422829
0 0 0.147721 0 0.295441
3 0.196887 0.361592 0.393774 0.723183
2 0.14181 0.855522 0.283621 0.288956
0 0.354654 0.233095 0.709308 0.46619
4 0.486552 0.364702 0.858946 0.729405
4 0.964095 0.306615 0.0718109 0.613231
4 0.555215 0.5 0.576672 1
2 0.534687 0.407909 0.558656 0.815818
0 0.861167 0.949533 0.218635 0.100731
4 0.312723 0.756715 0.625446 0.48657
3 0.581284 0.515868 0.0343037 0.0533396
4 0.733634 0.517163 0.0269426 0.0451177
2 0.51025 0.5 0.894443 1
4 0.0295916 0.702612 0.0591831 0.594776
1 0.76158 0.457607 0.476839 0.915214
1 0.0994583 0.220885 0.198917 0.44177
0 0.859083 0.616964 0.281833 0.678214
2 0.56657 0.782829 0.501353 0.434342
3 0.204948 0.790308 0.409895 0.419383
2 0.786109 0.675591 0.427781 0.54725
1 0.51025 0.5 0.894443 1
1 0.286916 0.5 0.573831 1
0 0.755574 0.805921 0.445143 0.388158
3 0.633364 0.318063 0.0114264 0.0253613
1 0.590368 0.530695 0.0432999 0.0328138
3 0.354654 0.233095 0.709308 0.46619
0 0.927871 0.415021 0.144258 0.830043
4 0.68682 0.736235 0.312541 0.446746
0 0.948497 0.808239 0.103006 0.383522
3 0.570226 0.466408 0.00961437 0.0440288
0 0.383967 0.542157 0.0543713 0.0401878
0 0.584532 0.517156 0.0252455 0.0499303
0 0.389852 0.537645 0.0588093 0.0332392
3 0.642754 0.320007 0.00672188 0.0258754
0 0.581428 0.524903 0.0299532 0.0346362
3 0.711718 0.397063 0.00695639 0.0223713
3 0.633357 0.317778 0.0104894 0.0254066
3 0.58452 0.525729 0.0238903 0.0352754
3 0.568705 0.469514 0.00774479 0.0511477
0 0.976685 0.42037 0.0231983 0.0183717
0 0.396686 0.534753 0.0513072 0.0321971
0 0.380822 0.54693 0.0470596 0.039979
3 0.711884 0.303372 0.00690279 0.0430017
0 0.625853 0.53128 0.0302079 0.019596
0 0.849164 0.820048 0.295299 0.359903
0 0.776746 0.717022 0.446508 0.565957
0 0.584878 0.509468 0.030962 0.0599741
3 0.590024 0.321615 0.0194137 0.0472447
0 0.607315 0.530618 0.054005 0.0204864
3 0.584519 0.51175 0.0284601 0.0608106
0 0.80393 0.797131 0.392139 0.405737
0 0.592294 0.530493 0.0405827 0.0259144
3 0.711645 0.350797 0.0120011 0.0854722
3 0.642408 0.362554 0.00823727 0.0252566
0 0.257496 0.252707 0.514992 0.505413
3 0.616528 0.382199 0.0301987 0.169303
0 0.636813 0.531266 0.0672309 0.0223312
0 0.956424 0.422812 0.0105501 0.016184
3 0.632042 0.363053 0.00855522 0.0221055
0 0.784796 0.6303 0.430408 0.392246
2 0.584532 0.517156 0.0252455 0.0499303
1 0.183565 0.643996 0.364626 0.200202
1 0.14017 0.587407 0.280341 0.293689
0 0.190622 0.234805 0.375483 0.46961
0 0.633357 0.317778 0.0104894 0.0254066
3 0.522315 0.428873 0.0144716 0.0368098
1 0.238797 0.720622 0.477593 0.342103
0 0.814851 0.443776 0.0255217 0.0213494
2 0.190622 0.234805 0.375483 0.46961
0 0.92162 0.195858 0.15676 0.391717
0 0.570226 0.466408 0.00961437 0.0440288
2 0.383911 0.543903 0.0547121 0.0415118
0 0.889489 0.814625 0.221023 0.370749
0 0.917705 0.715834 0.16459 0.527473
0 0.931965 0.0217468 0.13477 0.0434937
3 0.443405 0.506554 0.00848112 0.0281035
2 0.183565 0.643996 0.364626 0.200202
3 0.938105 0.0401605 0.123791 0.0803211
0 0.956247 0.13111 0.0875069 0.26222
2 0.257496 0.252707 0.514992 0.505413
3 0.642658 0.405552 0.00745144 0.0267487
0 0.88475 0.293465 0.230501 0.58693
2 0.757948 0.311764 0.482801 0.623528
1 0.877832 0.824233 0.242606 0.351534
0 0.268872 0.177348 0.537745 0.354696
1 0.127887 0.643561 0.251593 0.195085
0 0.288595 0.774219 0.57719 0.451561
0 0.946235 0.0281409 0.107529 0.0562818
0 0.657571 0.531292 0.11008 0.0243161
0 0.183565 0.643996 0.364626 0.200202
3 0.000956634 0.141834 0.00191327 0.283667
0 0.677996 0.5 0.627445 1
3 0.936315 0.058606 0.12737 0.117212
3 0.388299 0.458139 0.0142464 0.0459114
2 0.849164 0.820048 0.295299 0.359903
0 0.173416 0.466076 0.337535 0.932152
0 0.757948 0.311764 0.482801 0.623528
0 0.743672 0.783998 0.436312 0.432003
0 0.937932 0.270275 0.124136 0.540551
1 0.257496 0.252707 0.514992 0.505413
0 0.650221 0.195666 0.699558 0.391333
0 0.958332 0.182143 0.0833366 0.364286
0 0.94406 0.209376 0.11188 0.418753
0 0.546885 0.455557 0.818716 0.911113
0 0.948128 0.51411 0.103745 0.302405
2 0.288074 0.5 0.566389 1
0 0.218964 0.5 0.437929 1
0 0.176704 0.800289 0.353408 0.399421
0 0.261383 0.64135 0.522765 0.217946
0 0.497092 0.206801 0.994183 0.413602
2 0.782512 0.43125 0.434976 0.862501
0 0.935855 0.681658 0.12829 0.563993
0 0.00163284 0.76798 0.00326568 0.46404
0 0.754637 0.592299 0.467033 0.617693
1 0.757948 0.311764 0.482801 0.623528
0 0.383548 0.76611 0.485361 0.467779
0 0.902021 0.581736 0.192617 0.342079
1 0.152608 0.38234 0.305217 0.619338
0 0.29898 0.5 0.597961 1
2 0.137199 0.596092 0.274399 0.277913
1 0.956247 0.13111 0.0875069 0.26222
0 0.639859 0.775517 0.487569 0.448965
2 0.92162 0.195858 0.15676 0.391717
0 0.377734 0.269288 0.755467 0.538576
0 0.70886 0.267009 0.582281 0.534018
2 0.237618 0.158822 0.472492 0.317643
0 0.817037 0.372619 0.360514 0.745237
3 0.00229967 0.164507 0.00459933 0.329014
0 0.782512 0.43125 0.434976 0.862501
0 0.00478804 0.57469 0.00957609 0.335801
0 0.914986 0.200163 0.166802 0.400326
0 0.511191 0.767368 0.58668 0.465263
0 0.486662 0.421039 0.973324 0.842077
0 0.830578 0.695674 0.333059 0.580468
4 0.897723 0.823272 0.204554 0.353457
0 0.0406956 0.807752 0.0813912 0.384497
0 0.00577696 0.500655 0.0115539 0.377155
0 0.238797 0.720622 0.477593 0.342103
0 0.615573 0.388548 0.63147 0.777095
2 0.416242 0.386117 0.832484 0.772235
0 0.00229967 0.164507 0.00459933 0.329014
0 0.840244 0.57431 0.31132 0.320861
4 0.190622 0.234805 0.375483 0.46961
1 0.416242 0.386117 0.832484 0.772235
0 0.937772 0.591761 0.124455 0.407143
4 0.416242 0.386117 0.832484 0.772235
4 0.92162 0.195858 0.15676 0.391717
1 0.94406 0.209376 0.11188 0.418753
2 0.458182 0.5 0.603949 1
0 0.458182 0.5 0.603949 1
0 0.413093 0.5 0.731235 1
0 0.137199 0.596092 0.274399 0.277913
4 0.183565 0.643996 0.364626 0.200202
0 0.651186 0.361815 0.697629 0.723631
0 0.31812 0.373418 0.63624 0.746836
3 0.522183 0.410843 0.0146839 0.032809
1 0.173416 0.466076 0.337535 0.932152
1 0.288074 0.5 0.566389 1
0 0.571778 0.563937 0.508549 0.755914
3 0.0095851 0.115112 0.0191702 0.230223
2 0.377734 0.269288 0.755467 0.538576
1 0.00478804 0.57469 0.00957609 0.335801
3 0.190622 0.234805 0.375483 0.46961
0 0.979839 0.412679 0.0261383 0.025014
0 0.0095851 0.115112 0.0191702 0.230223
0 0.824448 0.444569 0.0271139 0.0237818
1 0.92162 0.195858 0.15676 0.391717
4 0.458182 0.5 0.603949 1
0 0.0058225 0.302048 0.011645 0.604096
0 0.00171751 0.701451 0.00343502 0.476071
1 0.288595 0.774219 0.57719 0.451561
1 0.0095851 0.115112 0.0191702 0.230223
4 0.275829 0.5 0.551659 1
1 0.922694 0.2963 0.154612 0.592599
4 0.866707 0.827168 0.266587 0.345664
4 0.00229967 0.164507 0.00459933 0.329014
3 0.710084 0.301908 0.0101521 0.0339588
1 0.726485 0.356172 0.54703 0.712345
1 0.497092 0.206801 0.994183 0.413602
2 0.897723 0.823272 0.204554 0.353457
4 0.770647 0.772527 0.434399 0.454946
3 0.416242 0.386117 0.832484 0.772235
4 0.194333 0.781805 0.386816 0.43639
1 0.268872 0.177348 0.537745 0.354696
4 0.0095851 0.115112 0.0191702 0.230223
1 0.650221 0.195666 0.699558 0.391333
0 0.00311398 0.610403 0.00622796 0.352403
3 0.636932 0.315988 0.00712252 0.0390595
1 0.917705 0.715834 0.16459 0.527473
1 0.00577696 0.500655 0.0115539 0.377155
3 0.872866 0.832559 0.249537 0.334882
3 0.897723 0.823272 0.204554 0.353457
2 0.726485 0.356172 0.54703 0.712345
3 0.948961 0.263771 0.0994312 0.212247
1 0.88475 0.293465 0.230501 0.58693
1 0.958332 0.182143 0.0833366 0.364286
0 0.524985 0.407549 0.0184392 0.0321041
3 0.989216 0.336384 0.0156528 0.0285987
1 0.458182 0.5 0.603949 1
1 0.737195 0.48866 0.525611 0.97732
2 0.571778 0.563937 0.508549 0.755914
4 0.76818 0.44772 0.46364 0.895441
2 0.889489 0.814625 0.221023 0.370749
1 0.937932 0.270275 0.124136 0.540551
0 0.680937 0.767405 0.326541 0.46519
0 0.239146 0.551218 0.478292 0.59178
1 0.00311398 0.610403 0.00622796 0.352403
3 0.631948 0.406009 0.00905838 0.0233863
0 0.897723 0.823272 0.204554 0.353457
1 0.937772 0.591761 0.124455 0.407143
4 0.937772 0.591761 0.124455 0.407143
0 0.814123 0.432809 0.0224167 0.0221776
2 0.956247 0.13111 0.0875069 0.26222
0 0.379391 0.244864 0.758783 0.489727
3 0.546885 0.455557 0.818716 0.911113
4 0.546885 0.455557 0.818716 0.911113
1 0.212335 0.7887 0.42467 0.4226
2 0.700166 0.5 0.599668 1
3 0.757948 0.311764 0.482801 0.623528
0 0.922694 0.2963 0.154612 0.592599
4 0.817037 0.372619 0.360514 0.745237
4 0.377734 0.269288 0.755467 0.538576
0 0.284744 0.676761 0.569487 0.315846
3 0.667928 0.317871 0.664144 0.635742
2 0.00478804 0.57469 0.00957609 0.335801
3 0.194333 0.781805 0.386816 0.43639
0 0.949692 0.384296 0.100616 0.505729
3 0.727716 0.357795 0.0581206 0.0605792
1 0.218964 0.5 0.437929 1
2 0.937932 0.270275 0.124136 0.540551
2 0.173416 0.466076 0.337535 0.932152
1 0.546885 0.455557 0.818716 0.911113
4 0.94406 0.209376 0.11188 0.418753
1 0.949692 0.384296 0.100616 0.505729
0 0.127887 0.643561 0.251593 0.195085
0 0.159637 0.743658 0.319273 0.482406
4 0.831982 0.804869 0.336036 0.390263
3 0.770647 0.772527 0.434399 0.454946
4 0.88475 0.293465 0.230501 0.58693
4 0.917705 0.715834 0.16459 0.527473
3 0.878197 0.585813 0.239419 0.326202
2 0.77531 0.760279 0.446672 0.453469
2 0.584568 0.525325 0.0263313 0.0334028
3 0.237618 0.158822 0.472492 0.317643
2 0.828396 0.620116 0.333949 0.411505
4 0.237618 0.158822 0.472492 0.317643
4 0.757948 0.311764 0.482801 0.623528
0 0.410158 0.616189 0.654325 0.767134
0 0.691068 0.53346 0.611621 0.809406
3 0.937772 0.591761 0.124455 0.407143
1 0.00229967 0.164507 0.00459933 0.329014
2 0.218964 0.5 0.437929 1
4 0.304773 0.228828 0.609546 0.457657
4 0.571778 0.563937 0.508549 0.755914
3 0.922694 0.2963 0.154612 0.592599
4 0.218964 0.5 0.437929 1
4 0.451834 0.583288 0.587253 0.82319
3 0.918743 0.412671 0.161193 0.712204
3 0.5078 0.418248 0.984399 0.836496
2 0.00229967 0.164507 0.00459933 0.329014
0 0.611811 0.69644 0.481387 0.570597
2 0.546885 0.455557 0.818716 0.911113
2 0.238797 0.720622 0.477593 0.342103
1 0.75869 0.808295 0.4474 0.383409
0 0.839561 0.442595 0.0233995 0.0196323
2 0.5 0.418822 1 0.837644
2 0.94406 0.209376 0.11188 0.418753
2 0.410158 0.616189 0.654325 0.767134
3 0.00478804 0.57469 0.00957609 0.335801
2 0.917705 0.715834 0.16459 0.527473
4 0.603165 0.388691 0.79367 0.777383
3 0.315641 0.472167 0.00861254 0.0249812
2 0.935855 0.681658 0.12829 0.563993
3 0.458182 0.5 0.603949 1
3 0.304773 0.228828 0.609546 0.457657
1 0.817037 0.372619 0.360514 0.745237
1 0.190622 0.234805 0.375483 0.46961
2 0.937772 0.591761 0.124455 0.407143
3 0.00311398 0.610403 0.00622796 0.352403
4 0.754637 0.592299 0.467033 0.617693
3 0.31812 0.373418 0.63624 0.746836
0 0.9638 0.0300457 0.0723991 0.0600914
1 0.5078 0.418248 0.984399 0.836496
4 0.828396 0.620116 0.333949 0.411505
0 0.14416 0.381484 0.28832 0.762968
3 0.92162 0.195858 0.15676 0.391717
3 0.916056 0.570753 0.164598 0.308412
4 0.497092 0.206801 0.994183 0.413602
3 0.377734 0.269288 0.755467 0.538576
3 0.642114 0.450402 0.00863705 0.0272662
4 0.284045 0.770328 0.56809 0.459343
0 0.907607 0.0176134 0.0729816 0.0352268
4 0.0046899 0.269936 0.00937981 0.539872
1 0.239146 0.551218 0.478292 0.59178
0 0.409775 0.532275 0.0616208 0.0328209
3 0.914986 0.200163 0.166802 0.400326
4 0.00478804 0.57469 0.00957609 0.335801
3 0.782512 0.43125 0.434976 0.862501
3 0.987739 0.0587319 0.0233967 0.117464
0 0.888421 0.390162 0.223157 0.780324
3 0.1472 0.640149 0.294399 0.202611
2 0.194333 0.781805 0.386816 0.43639
3 0.94406 0.209376 0.11188 0.418753
3 0.288074 0.5 0.566389 1
2 0.288595 0.774219 0.57719 0.451561
1 0.779002 0.675899 0.434946 0.53323
1 0.367837 0.7607 0.489257 0.478599
2 0.154694 0.260504 0.309389 0.521008
1 0.0058225 0.302048 0.011645 0.604096
3 0.700166 0.5 0.599668 1
4 0.935855 0.681658 0.12829 0.563993
4 0.779953 0.596093 0.438341 0.339797
4 0.5 0.418822 1 0.837644
3 0.952772 0.354435 0.00879135 0.0272543
4 0.667928 0.317871 0.664144 0.635742
4 0.00225377 0.225885 0.00450754 0.45177
0 0.451932 0.802362 0.522524 0.395277
0 0.604475 0.820713 0.504028 0.358575
3 0.888421 0.390162 0.223157 0.780324
0 1 0.735813 0 0.228953
2 0.0406956 0.807752 0.0813912 0.384497
1 0.935855 0.681658 0.12829 0.563993
4 0.14416 0.381484 0.28832 0.762968
1 0.77531 0.760279 0.446672 0.453469
4 0.918743 0.412671 0.161193 0.712204
4 0.650221 0.195666 0.699558 0.391333
1 0.377734 0.269288 0.755467 0.538576
3 0.14017 0.587407 0.280341 0.293689
1 0.948128 0.51411 0.103745 0.302405
3 0.570425 0.464125 0.0113095 0.0449353
0 0.584318 0.529065 0.0231831 0.0271324
0 0.386636 0.543708 0.0589852 0.0374773
0 0.580014 0.527409 0.0285067 0.0298518
3 0.568893 0.467324 0.0090168 0.0522575
0 0.570425 0.464125 0.0113095 0.0449353
0 0.622181 0.530753 0.0277793 0.0211417
0 0.598336 0.529673 0.0496138 0.0281133
4 0.570425 0.464125 0.0113095 0.0449353
0 0.62631 0.531206 0.0248524 0.0198991
2 0.159075 0.234029 0.318151 0.468059
0 0.167335 0.232056 0.328668 0.464112
0 0.584436 0.51739 0.0275662 0.0497437
1 0.84073 0.808186 0.31854 0.383627
0 0.378863 0.548322 0.0454902 0.0419814
0 0.526058 0.408077 0.029225 0.0567456
0 0.800549 0.222167 0.398902 0.444334
2 0.584318 0.529065 0.0231831 0.0271324
4 0.583737 0.519644 0.0274969 0.0463809
0 0.821587 0.793584 0.353669 0.412832
0 0.760598 0.763742 0.40393 0.472517
3 0.712044 0.308138 0.0115534 0.0604152
0 0.452995 0.243583 0.322872 0.487166
1 0.584107 0.534078 0.0310844 0.0417665
1 0.195902 0.240282 0.386743 0.480564
3 0.443334 0.505654 0.00776682 0.0289152
0 0.00123355 0.381771 0.00246711 0.543538
1 0.594558 0.536028 0.0426041 0.0413524
0 0.990392 0.344928 0.014468 0.0489728
0 0.841988 0.187382 0.316025 0.374765
0 0.973592 0.030577 0.0528162 0.0611541
0 0.253194 0.234448 0.506388 0.468896
0 0.00134596 0.146283 0.00269191 0.292567
0 0.545267 0.299704 0.526803 0.599408
0 0.949871 0.162277 0.100257 0.324555
0 0.184292 0.781251 0.368584 0.437497
0 0.000202158 0.206563 0.000404316 0.413125
0 0.954786 0.137072 0.0904275 0.274144
2 0.821587 0.793584 0.353669 0.412832
0 0.656674 0.294431 0.652666 0.588861
0 0.00116887 0.527614 0.00233775 0.403249
3 0.730115 0.405493 0.412529 0.263061
2 0.194717 0.300781 0.389433 0.601561
1 0.193315 0.774057 0.38663 0.451886
2 0.184292 0.781251 0.368584 0.437497
1 0.573856 0.536657 0.0234155 0.0526122
0 0.76224 0.290411 0.47552 0.580821
4 0.573656 0.45888 0.0173462 0.0433377
0 0.764902 0.659482 0.411816 0.681037
0 0.194717 0.300781 0.389433 0.601561
0 0.544993 0.406566 0.0182268 0.0561433
0 0.919753 0.195084 0.160494 0.390168
0 0.986641 0.0593639 0.0267185 0.118728
0 0.580234 0.516557 0.0291774 0.0394967
0 0.860919 0.817886 0.278162 0.361457
0 0.00117357 0.285003 0.00234714 0.570006
1 0.796986 0.783551 0.406027 0.432898
0 0.690828 0.208595 0.618345 0.41719
1 0.584436 0.51739 0.0275662 0.0497437
0 0.00739308 0.777779 0.0147862 0.444441
0 0.934444 0.709043 0.131112 0.470484
2 0.767267 0.760318 0.422104 0.479364
0 0.730115 0.405493 0.412529 0.263061
2 0.841988 0.187382 0.316025 0.374765
0 0.372404 0.238424 0.402457 0.476848
0 0.420172 0.425342 0.318468 0.660906
0 0.77318 0.457277 0.453639 0.914554
0 0.41849 0.75717 0.4492 0.485661
4 0.186974 0.233828 0.373948 0.467656
4 0.730115 0.405493 0.412529 0.263061
0 0.000474665 0.711096 0.000949329 0.412307
3 0.595364 0.343517 0.643656 0.397852
2 0.356114 0.238316 0.44725 0.476632
4 0.847122 0.185003 0.305755 0.370005
0 0.946634 0.179898 0.106732 0.359796
0 0.60782 0.387061 0.711579 0.774122
0 0.613947 0.520637 0.0859516 0.0458335
0 0.984269 0.340442 0.0230618 0.0360989
2 0.299011 0.460421 0.566063 0.920841
3 0.195902 0.240282 0.386743 0.480564
0 0.051434 0.792309 0.102868 0.415383
3 0.847122 0.185003 0.305755 0.370005
0 0.462398 0.406336 0.343968 0.812672
4 0.122968 0.577923 0.245833 0.29656
0 0.169079 0.543818 0.338157 0.538267
4 0.169079 0.543818 0.338157 0.538267
0 0.394383 0.581817 0.564354 0.836367
1 0.375147 0.238983 0.377479 0.477966
1 0.580014 0.527409 0.0285067 0.0298518
2 0.949871 0.162277 0.100257 0.324555
0 0.521592 0.422067 0.0217849 0.0691678
0 0.527931 0.400331 0.0341927 0.0660206
0 0.396302 0.239643 0.60024 0.479285
0 0.145387 0.465761 0.290774 0.465796
2 0.730115 0.405493 0.412529 0.263061
1 0.730115 0.405493 0.412529 0.263061
0 0.815678 0.190817 0.368645 0.381635
2 0.394383 0.581817 0.564354 0.836367
1 0.599334 0.541354 0.0520195 0.0484706
0 0.967752 0.643067 0.0644968 0.563976
0 0.447217 0.333422 0.894435 0.666844
0 0.509681 0.746927 0.458343 0.506146
0 0.383134 0.458597 0.0267211 0.0437345
1 0.169079 0.543818 0.338157 0.538267
0 0.216983 0.472665 0.43265 0.850025
0 0.638562 0.530454 0.0508079 0.0231511
0 0.000990173 0.11646 0.00198035 0.232921
3 0.800549 0.222167 0.398902 0.444334
0 0.299011 0.460421 0.566063 0.920841
3 0.169079 0.543818 0.338157 0.538267
2 0.595364 0.343517 0.643656 0.397852
2 0.800549 0.222167 0.398902 0.444334
0 0.543231 0.399283 0.0228249 0.0560177
2 0.77318 0.457277 0.453639 0.914554
0 0.269801 0.773258 0.539602 0.453484
0 0.936473 0.190461 0.127054 0.380922
0 0.595364 0.343517 0.643656 0.397852
0 0.00501576 0.108172 0.0100315 0.216344
1 0.416069 0.775439 0.429965 0.449122
3 0.77318 0.457277 0.453639 0.914554
0 0.128766 0.632287 0.257532 0.209636
4 0.159953 0.41207 0.0128392 0.036615
1 0.857149 0.187162 0.285701 0.374323
4 0.802963 0.238009 0.39157 0.476019
1 0.761002 0.293474 0.477995 0.586949
4 0.128766 0.632287 0.257532 0.209636
1 0.954786 0.137072 0.0904275 0.274144
0 0.965453 0.0287557 0.0690934 0.0575113
1 0.595364 0.343517 0.643656 0.397852
2 0.656674 0.294431 0.652666 0.588861
4 0.761002 0.293474 0.477995 0.586949
4 0.327032 0.23722 0.622882 0.47444
0 0.977641 0.452874 0.0447172 0.330274
2 0.420172 0.425342 0.318468 0.660906
0 0.262621 0.166729 0.525241 0.333458
1 0.158158 0.633707 0.316317 0.288935
0 0.0024504 0.757734 0.0049008 0.484532
4 0.156876 0.423017 0.009343 0.0485219
0 0.680081 0.748497 0.344236 0.503007
0 0.986557 0.0815172 0.0247976 0.0792319
1 0.800549 0.222167 0.398902 0.444334
0 0.158158 0.633707 0.316317 0.288935
0 0.184776 0.732813 0.369551 0.400406
0 0.888317 0.184608 0.223365 0.369216
1 0.949871 0.162277 0.100257 0.324555
1 0.420172 0.425342 0.318468 0.660906
2 0.462398 0.406336 0.343968 0.812672
4 0.184776 0.732813 0.369551 0.400406
3 0.216983 0.472665 0.43265 0.850025
0 0.605147 0.776897 0.610469 0.446206
4 0.420172 0.425342 0.318468 0.660906
2 0.967752 0.643067 0.0644968 0.563976
1 0.767964 0.420356 0.462079 0.840711
4 0.595364 0.343517 0.643656 0.397852
4 0.767964 0.420356 0.462079 0.840711
4 0.668796 0.259775 0.609149 0.519551
0 0.58347 0.855592 0.531908 0.288815
0 0.182076 0.666455 0.364153 0.270255
3 0.687162 0.355194 0.618155 0.710388
3 0.924154 0.19911 0.151691 0.39822
0 0.316238 0.634411 0.632476 0.638306
0 0.98013 0.529078 0.0397403 0.404029
2 0.76224 0.290411 0.47552 0.580821
3 0.761002 0.293474 0.477995 0.586949
1 0.462398 0.406336 0.343968 0.812672
3 0.00501576 0.108172 0.0100315 0.216344
0 0.828429 0.365264 0.343141 0.730528
0 0.513193 0.303944 0.973614 0.607888
1 0.584318 0.529065 0.0231831 0.0271324
3 0.828429 0.365264 0.343141 0.730528
0 0.00116837 0.604342 0.00233673 0.379928
0 0.645891 0.817691 0.565822 0.364619
2 0.253194 0.234448 0.506388 0.468896
3 0.890619 0.831904 0.217274 0.336191
0 0.966982 0.30045 0.0660353 0.52556
3 0.290638 0.235895 0.563614 0.47179
4 0.216983 0.472665 0.43265 0.850025
4 0.145387 0.465761 0.290774 0.465796
3 0.375147 0.238983 0.377479 0.477966
4 0.904635 0.1857 0.19073 0.3714
0 0.122968 0.577923 0.245833 0.29656
0 0.683225 0.678928 0.2692 0.575675
1 0.290638 0.235895 0.563614 0.47179
2 0.801136 0.692271 0.397728 0.596275
3 0.496887 0.433839 0.403122 0.867677
2 0.828429 0.365264 0.343141 0.730528
1 0.61887 0.273178 0.734446 0.546356
2 0.145266 0.61888 0.290532 0.242918
3 0.575118 0.417334 0.385398 0.705549
4 0.98013 0.529078 0.0397403 0.404029
3 0.145266 0.61888 0.290532 0.242918
2 0.98013 0.529078 0.0397403 0.404029
1 0.919753 0.195084 0.160494 0.390168
0 0.487099 0.519733 0.450619 0.960533
0 0.588902 0.734207 0.401859 0.492291
1 0.00134596 0.146283 0.00269191 0.292567
3 0.122968 0.577923 0.245833 0.29656
0 0.340976 0.186259 0.663522 0.372518
3 0.169172 0.306342 0.338343 0.612684
2 0.169079 0.543818 0.338157 0.538267
0 0.827689 0.684106 0.344622 0.614529
0 0.37079 0.260976 0.741579 0.521952
2 0.216983 0.472665 0.43265 0.850025
0 0.737772 0.825441 0.0562059 0.177441
4 0.00501576 0.108172 0.0100315 0.216344
1 0.169172 0.306342 0.338343 0.612684
1 0.299011 0.460421 0.566063 0.920841
3 0.145387 0.465761 0.290774 0.465796
1 0.946634 0.179898 0.106732 0.359796
4 0.949871 0.162277 0.100257 0.324555
4 0.169172 0.306342 0.338343 0.612684
1 0.00501576 0.108172 0.0100315 0.216344
1 0.296851 0.766876 0.592922 0.466248
4 0.873999 0.814735 0.252002 0.370529
1 0.687162 0.355194 0.618155 0.710388
1 0.480537 0.240554 0.383866 0.481107
4 0.966982 0.30045 0.0660353 0.52556
1 0.966982 0.30045 0.0660353 0.52556
4 0.924154 0.19911 0.151691 0.39822
1 0.934444 0.709043 0.131112 0.470484
4 0.687162 0.355194 0.618155 0.710388
4 0.372404 0.238424 0.402457 0.476848
1 0.216983 0.472665 0.43265 0.850025
2 0.422281 0.240405 0.303112 0.480811
4 0.977641 0.452874 0.0447172 0.330274
0 0.515293 0.246715 0.658875 0.493429
4 0.967752 0.643067 0.0644968 0.563976
3 0.904635 0.1857 0.19073 0.3714
3 0.967752 0.643067 0.0644968 0.563976
0 0.568893 0.467324 0.0090168 0.0522575
3 0.668796 0.259775 0.609149 0.519551
3 0.396302 0.239643 0.60024 0.479285
0 0.281944 0.666309 0.562681 0.363668
2 0.924154 0.19911 0.151691 0.39822
1 0.878833 0.788743 0.242334 0.412038
2 0.710572 0.750083 0.321116 0.487075
3 0.56202 0.245743 0.553457 0.491486
0 0.710984 0.18718 0.559388 0.374359
2 0.145387 0.465761 0.290774 0.465796
2 0.575118 0.417334 0.385398 0.705549
3 0.683225 0.678928 0.2692 0.575675
0 0.59434 0.514434 0.0455023 0.05503
3 0.98013 0.529078 0.0397403 0.404029
1 0.00117357 0.285003 0.00234714 0.570006
0 0.890619 0.831904 0.217274 0.336191
4 0.934444 0.709043 0.131112 0.470484
3 0.949871 0.162277 0.100257 0.324555
2 0.41849 0.75717 0.4492 0.485661
0 0.575118 0.417334 0.385398 0.705549
3 0.878833 0.788743 0.242334 0.412038
1 0.4381 0.852205 0.45893 0.29559
1 0.00123355 0.381771 0.00246711 0.543538
2 0.878833 0.788743 0.242334 0.412038
0 0.896398 0.0172998 0.0478161 0.0345997
2 0.676232 0.446683 0.310252 0.369588
3 0.676232 0.446683 0.310252 0.369588
0 0.873999 0.814735 0.252002 0.370529
3 0.420172 0.425342 0.318468 0.660906
0 0 0.240769 0 0.481539
1 0.768604 0.48618 0.403246 0.324838
4 0.299011 0.460421 0.566063 0.920841
2 0.904635 0.1857 0.19073 0.3714
2 0.316238 0.634411 0.632476 0.638306
3 0.584776 0.527503 0.0264957 0.0335497
0 0.539508 0.339899 0.920985 0.679798
4 0.676232 0.446683 0.310252 0.369588
4 0.70629 0.795518 0.554247 0.408963
4 0.878833 0.788743 0.242334 0.412038
0 0.154904 0.0499543 0.309808 0.0999085
1 0.145387 0.465761 0.290774 0.465796
2 0.70629 0.795518 0.554247 0.408963
2 0.966982 0.30045 0.0660353 0.52556
3 0.977641 0.452874 0.0447172 0.330274
2 0.545267 0.299704 0.526803 0.599408
1 0.472728 0.242128 0.607948 0.484255
3 0.154904 0.0499543 0.309808 0.0999085
3 0.668171 0.5901 0.29713 0.634666
2 0.954786 0.137072 0.0904275 0.274144
4 0.556662 0.466554 0.010779 0.0400091
3 0.571308 0.462018 0.0109258 0.0521476
3 0.71168 0.30096 0.0105288 0.0391751
3 0.577158 0.473926 0.0238636 0.0840571
3 0.584624 0.495104 0.0317997 0.0979319
3 0.710942 0.322746 0.0100859 0.0774125
3 0.585036 0.507765 0.0262096 0.067723
0 0.781335 0.803141 0.437331 0.393718
0 0.00236159 0.190759 0.00472318 0.381518
0 0.267255 0.207816 0.53451 0.415632
0 0.781761 0.690974 0.436478 0.618053
0 0.404909 0.542749 0.809818 0.914502
0 0.00323864 0.472706 0.00647727 0.451596
0 0.923816 0.233408 0.152367 0.466816
1 0.156632 0.639776 0.313263 0.320829
0 0.668422 0.255578 0.663157 0.511156
0 0.00254849 0.562279 0.00509698 0.395233
2 0.585036 0.507765 0.0262096 0.067723
1 0.196666 0.647462 0.391957 0.253873
0 0.370791 0.761377 0.645447 0.477246
0 0.0019656 0.63537 0.00393121 0.372962
1 0.203934 0.762213 0.405718 0.473746
0 0.542081 0.469942 0.915839 0.939884
0 0.00345891 0.316871 0.00691781 0.633743
0 0.373566 0.385635 0.747132 0.77127
0 0.273509 0.660186 0.547017 0.3475
0 0.92975 0.192127 0.1405 0.384254
0 0.866687 0.798472 0.266627 0.390144
0 0.202987 0.232699 0.39639 0.465398
3 0.385496 0.458394 0.0224879 0.0468095
0 0.678768 0.372841 0.642465 0.745683
0 0.795255 0.300324 0.409491 0.600647
0 0.775973 0.405093 0.448054 0.810187
2 0.370791 0.761377 0.645447 0.477246
0 0.290925 0.137562 0.58185 0.275125
0 0.514524 0.765526 0.463488 0.468948
0 0.949928 0.715468 0.100144 0.38789
0 0.310599 0.534157 0.617303 0.931686
4 0.339892 0.7597 0.663307 0.480601
2 0.160982 0.253833 0.321964 0.507667
0 0.548352 0.811584 0.492617 0.376831
2 0.417712 0.457696 0.835423 0.915391
3 0.443915 0.506294 0.00924969 0.0284822
0 0.00667743 0.133674 0.0133549 0.267347
0 0.687316 0.430802 0.625369 0.861603
0 0.833 0.328089 0.333999 0.656177
0 0.336553 0.651402 0.673106 0.61906
0 0.00203817 0.722525 0.00407633 0.437384
1 0.231041 0.259646 0.462081 0.519292
3 0.98751 0.0721655 0.0249804 0.099679
0 0.962592 0.642394 0.0748157 0.406491
1 0.171482 0.578942 0.342964 0.388846
0 0.942876 0.22574 0.114247 0.45148
0 0.0067349 0.80839 0.0134698 0.38322
0 0.14332 0.623149 0.28664 0.290322
0 0.382976 0.250234 0.765951 0.500467
1 0.790961 0.794094 0.418079 0.411812
0 0.682547 0.425693 0.272449 0.22752
2 0.310599 0.534157 0.617303 0.931686
0 0.204899 0.772165 0.409613 0.45567
1 0.310599 0.534157 0.617303 0.931686
0 0.00265035 0.777989 0.0053007 0.444021
1 0.370791 0.761377 0.645447 0.477246
2 0.156304 0.772045 0.312608 0.455911
0 0.0169725 0.823693 0.033945 0.352615
0 0.657712 0.757657 0.429957 0.484687
0 0.50439 0.368015 0.952798 0.736029
4 0.417712 0.457696 0.835423 0.915391
1 0.417712 0.457696 0.835423 0.915391
0 0.0863126 0.534708 0.172625 0.411765
1 0.397214 0.53774 0.787079 0.924521
0 0.0999174 0.81542 0.199835 0.369159
3 0.370791 0.761377 0.645447 0.477246
0 0.944754 0.340082 0.110493 0.459317
0 0.457679 0.541107 0.632375 0.917786
3 0.417712 0.457696 0.835423 0.915391
0 0.7276 0.332002 0.5448 0.664004
1 0.15381 0.740244 0.30762 0.470802
0 0.76914 0.425784 0.46172 0.572432
0 0.405556 0.407739 0.419213 0.644888
0 0.737606 0.761036 0.47159 0.477928
0 0.223865 0.282864 0.43792 0.565729
1 0.217364 0.680906 0.43007 0.356007
0 0.283259 0.456213 0.49468 0.720778
1 0.302576 0.485111 0.490191 0.745306
0 0.713066 0.733237 0.34862 0.418762
0 0.769502 0.450101 0.460996 0.385426
0 0.661758 0.684342 0.242298 0.546444
0 0.354683 0.112781 0.709365 0.225562
0 0.358508 0.332433 0.659083 0.664866
2 0.283259 0.456213 0.49468 0.720778
0 0.117226 0.354568 0.234452 0.670487
0 0.617162 0.179402 0.765676 0.358803
1 0.0863126 0.534708 0.172625 0.411765
0 0.20265 0.392897 0.4053 0.785795
1 0.160982 0.253833 0.321964 0.507667
0 0.916251 0.346578 0.167498 0.693155
0 0.182796 0.640792 0.363517 0.242701
1 0.00323864 0.472706 0.00647727 0.451596
1 0.608037 0.467155 0.783927 0.93431
2 0.190002 0.149237 0.380004 0.298473
2 0.404909 0.542749 0.809818 0.914502
0 0.645603 0.826183 0.507712 0.347634
0 0.819663 0.754337 0.360674 0.442069
1 0.336553 0.651402 0.673106 0.61906
1 0.216832 0.486325 0.426422 0.692845
3 0.642008 0.365189 0.00766239 0.0220575
0 0.585036 0.507765 0.0262096 0.067723
0 0.949892 0.467678 0.100215 0.315716
1 0.00254849 0.562279 0.00509698 0.395233
0 0 0.624396 0 0.457273
0 0.121131 0.580519 0.242169 0.346483
1 0.481521 0.800148 0.535754 0.399703
0 0.617016 0.431285 0.19968 0.216365
0 0.566797 0.422408 0.175212 0.262678
1 0.00236159 0.190759 0.00472318 0.381518
1 0.923816 0.233408 0.152367 0.466816
2 0.214691 0.406458 0.429382 0.812916
1 0.495056 0.481526 0.990113 0.963052
0 0.190002 0.149237 0.380004 0.298473
0 0.846026 0.43376 0.307947 0.867519
0 0.888687 0.839142 0.220734 0.321716
2 0.336553 0.651402 0.673106 0.61906
0 0.959665 0.555068 0.0806706 0.382478
2 0.608037 0.467155 0.783927 0.93431
2 0.808123 0.801244 0.383755 0.397512
2 0.923816 0.233408 0.152367 0.466816
0 0.573767 0.145761 0.852467 0.291522
4 0.404909 0.542749 0.809818 0.914502
4 0.7276 0.332002 0.5448 0.664004
0 0.216832 0.486325 0.426422 0.692845
0 0.610511 0.607339 0.29174 0.683902
4 0.160982 0.253833 0.321964 0.507667
0 0.343338 0.510443 0.588271 0.705808
0 0.735549 0.477995 0.528901 0.955991
2 0.457679 0.541107 0.632375 0.917786
0 0.291325 0.257859 0.58265 0.515718
4 0.668422 0.255578 0.663157 0.511156
0 0.412738 0.160023 0.825475 0.320045
2 0.514524 0.765526 0.463488 0.468948
1 0.564246 0.764431 0.474825 0.462573
1 0.657712 0.757657 0.429957 0.484687
3 0.397214 0.53774 0.787079 0.924521
1 0.19395 0.381171 0.3879 0.762342
0 0.38704 0.5 0.77408 1
3 0.336553 0.651402 0.673106 0.61906
1 0.833 0.328089 0.333999 0.656177
1 0.0019656 0.63537 0.00393121 0.372962
2 0.732925 0.80504 0.53415 0.389921
3 0.7276 0.332002 0.5448 0.664004
2 0.646213 0.199078 0.707573 0.398156
2 0.876429 0.468523 0.245678 0.395833
1 0.695929 0.428675 0.27692 0.228347
3 0.571532 0.463691 0.013245 0.0479505
3 0.711536 0.301047 0.00954952 0.0414579
0 0.391708 0.542873 0.0635063 0.0453814
3 0.711057 0.33734 0.0105036 0.0590216
3 0.572933 0.470918 0.0159441 0.0678759
0 0.584507 0.511679 0.032329 0.0592716
0 0.38131 0.546356 0.0485604 0.0430565
2 0.584507 0.511679 0.032329 0.0592716
3 0.444241 0.507697 0.0113258 0.0280541
0 0.596438 0.51701 0.0482613 0.049107
0 0.571532 0.463691 0.013245 0.0479505
3 0.632282 0.319875 0.00940638 0.0226648
0 0.6222 0.528809 0.0408327 0.0222996
3 0.994361 0.342768 0.00741425 0.0397618
0 0.807677 0.808107 0.384646 0.383786
3 0.953771 0.355033 0.00769577 0.0238644
3 0.712278 0.360353 0.0136539 0.0948819
4 0.571532 0.463691 0.013245 0.0479505
3 0.711143 0.304791 0.0109915 0.0300743
0 0.774933 0.76877 0.433794 0.46246
0 0.110457 0.45468 0.0965565 0.0915612
3 0.521863 0.421133 0.0126949 0.0308248
3 0.995087 0.353867 0.00819683 0.0428333
0 0.00426661 0.590857 0.00853322 0.61567
0 0.00361452 0.712063 0.00722905 0.575874
0 0.94111 0.231069 0.11778 0.462139
2 0.391708 0.542873 0.0635063 0.0453814
3 0.545888 0.406952 0.0258875 0.0486792
0 0.636852 0.530028 0.0432457 0.0195137
0 0.00611182 0.413266 0.0122236 0.826533
0 0.244653 0.267398 0.489306 0.534795
0 0.0189784 0.80523 0.0379568 0.38954
0 0.711536 0.301047 0.00954952 0.0414579
0 0.221266 0.385209 0.442533 0.770417
0 0.502836 0.267496 0.551885 0.530313
3 0.735726 0.357101 0.0583897 0.0630826
0 0.367799 0.288533 0.397673 0.56495
0 0.694543 0.253694 0.610915 0.507388
0 0.00396172 0.21358 0.00792345 0.427161
0 0.00635348 0.77995 0.012707 0.440101
0 0.395373 0.208859 0.0307013 0.0244462
0 0.438655 0.354026 0.778085 0.708052
0 0.631004 0.319545 0.69683 0.63909
0 0.177498 0.789577 0.354996 0.420846
3 0.59953 0.369396 0.0606472 0.136445
3 0.642745 0.32056 0.00702057 0.0265794
3 0.739785 0.306737 0.0631794 0.0524665
2 0.235398 0.437993 0.470795 0.875987
0 0.973546 0.419537 0.0282377 0.0214277
0 0.853338 0.7319 0.293323 0.490994
2 0.380216 0.545968 0.0461561 0.0432675
0 0.640989 0.528688 0.0510717 0.0241884
0 0.413153 0.261633 0.538206 0.523267
0 0.238297 0.466635 0.142212 0.0541179
0 0.211927 0.208082 0.423854 0.416164
3 0.55475 0.390621 0.00746174 0.0441463
0 0.71429 0.356742 0.332431 0.354194
0 0.602634 0.338477 0.41177 0.394144
0 0.360924 0.299456 0.721848 0.598911
0 0.940922 0.299184 0.118155 0.598367
3 0.547369 0.403155 0.0113813 0.0370193
0 0.759897 0.690755 0.406164 0.378312
0 0.758191 0.400563 0.483619 0.801126
3 0.555512 0.360893 0.00744572 0.0251728
2 0.744314 0.364314 0.511371 0.728629
1 0.807677 0.808107 0.384646 0.383786
3 0.600668 0.328475 0.0395206 0.05804
3 0.31705 0.475164 0.00886812 0.0273134
0 0.439656 0.276291 0.34029 0.522723
3 0.389349 0.456056 0.0138066 0.0400558
0 0.894632 0.806244 0.210737 0.387512
0 0.96081 0.196674 0.0783796 0.393349
0 0.531213 0.419198 0.783332 0.838395
0 0.00462586 0.313481 0.00925173 0.626962
0 0.253131 0.453038 0.109507 0.0585424
0 0.965288 0.280407 0.0694242 0.560815
0 0.591887 0.506149 0.0424807 0.0692673
0 0.936424 0.788483 0.127152 0.423033
3 0.631488 0.365546 0.00875273 0.0186259
0 0.587292 0.769349 0.506133 0.461302
0 0.850928 0.523322 0.29585 0.182752
3 0.56377 0.449135 0.0111654 0.064093
0 0.856521 0.821906 0.286958 0.356189
3 0.395373 0.208859 0.0307013 0.0244462
0 0.986982 0.645405 0.0260354 0.469423
0 0.98413 0.705088 0.0317392 0.502744
0 0.0327348 0.809516 0.0654695 0.380968
0 0.568193 0.372826 0.236485 0.334695
0 0.854506 0.303816 0.290987 0.607631
0 0.885409 0.376104 0.229182 0.752209
1 0.772675 0.763575 0.437432 0.452025
3 0.594497 0.320288 0.00849247 0.0331501
0 0.707167 0.490368 0.0996226 0.0429197
1 0.585894 0.454063 0.828213 0.908125
0 0.763235 0.29119 0.428434 0.495426
1 0.203262 0.282625 0.406525 0.56525
0 0.265178 0.668456 0.530357 0.351026
1 0.940922 0.299184 0.118155 0.598367
1 0.438655 0.354026 0.778085 0.708052
0 0.489143 0.785639 0.534194 0.428723
0 0.784521 0.29215 0.430958 0.5843
0 0.614963 0.460224 0.770075 0.920447
0 0.713753 0.320617 0.572493 0.641233
1 0.188469 0.687859 0.376938 0.336181
1 0.235398 0.437993 0.470795 0.875987
1 0.701405 0.732353 0.312253 0.361839
0 0.200213 0.483295 0.400426 0.966591
1 0.35528 0.282914 0.71056 0.565829
0 0.188469 0.687859 0.376938 0.336181
1 0.584507 0.511679 0.032329 0.0592716
4 0.585215 0.510292 0.0331142 0.060983
0 0.987012 0.56622 0.0259764 0.374724
1 0.00426661 0.590857 0.00853322 0.61567
0 0.656705 0.429811 0.231662 0.227627
0 0.138361 0.653954 0.276723 0.456342
0 0.651857 0.794336 0.472964 0.411328
0 0.680417 0.684851 0.265617 0.338914
1 0.00611182 0.413266 0.0122236 0.826533
0 0.390682 0.813444 0.444777 0.373112
1 0.502836 0.267496 0.551885 0.530313
0 0.248421 0.778206 0.496841 0.443588
1 0.602634 0.338477 0.41177 0.394144
0 0.649903 0.756791 0.328799 0.43455
4 0.438655 0.354026 0.778085 0.708052
0 0.185264 0.283155 0.370528 0.56631
0 0.934282 0.022115 0.131436 0.04423
1 0.94111 0.231069 0.11778 0.462139
4 0.45634 0.264732 0.553987 0.529463
1 0.279198 0.249568 0.558395 0.499136
1 0.656705 0.429811 0.231662 0.227627
3 0.57062 0.463111 0.0084609 0.0411562
3 0.712197 0.300751 0.00797787 0.042758
0 0.610201 0.533678 0.0698532 0.026825
0 0.384901 0.54538 0.050058 0.0424659
3 0.712021 0.325223 0.00904713 0.0720355
0 0.93205 0.0283652 0.135385 0.0567303
3 0.444861 0.507015 0.0111525 0.0310713
0 0.00417471 0.55968 0.00834942 0.664774
0 0.632494 0.533316 0.0425856 0.0226432
0 0.586836 0.530157 0.0270366 0.0251442
0 0.783758 0.742218 0.432485 0.510179
0 0.584156 0.527277 0.0271549 0.0301814
0 0.00505304 0.422989 0.0101061 0.817152
0 0.00672306 0.228629 0.0134461 0.457259
0 0.105883 0.450487 0.0985412 0.10184
0 0.18497 0.235915 0.360131 0.47183
0 0.519954 0.283595 0.35024 0.567189
0 0.419495 0.269917 0.348346 0.537153
0 6.15716e-05 0.594856 0.000123143 0.389182
0 0.00398086 0.661964 0.00796172 0.659973
0 0.953369 0.218214 0.0932626 0.436429
0 0.959579 0.131934 0.0808426 0.263868
0 0.645493 0.781244 0.481153 0.437513
0 0.9531 0.0907063 0.0938005 0.181413
0 0.471413 0.256261 0.33136 0.512522
0 0.981576 0.674762 0.0368481 0.544993
0 0.931083 0.0204848 0.123296 0.0409697
0 0.729463 0.776199 0.466761 0.447603
0 0.808048 0.102641 0.383904 0.205282
0 0.286882 0.319931 0.397834 0.639863
0 0.382861 0.252482 0.637293 0.504963
0 0.285124 0.231162 0.570249 0.462324
2 0.188439 0.238798 0.372925 0.477597
0 0.366848 0.300001 0.375767 0.600002
0 0.138096 0.220985 0.276192 0.44197
0 0.617985 0.293339 0.678531 0.586677
0 0.86067 0.704188 0.274645 0.577994
0 0.581343 0.276362 0.441204 0.552724
0 0.725573 0.207255 0.548854 0.414511
0 0.920074 0.840101 0.156093 0.319799
0 0.968264 0.730394 0.0634716 0.539213
0 0.979443 0.517759 0.0411142 0.486149
0 0.668691 0.449788 0.662619 0.899577
1 0.188184 0.253516 0.369706 0.507031
1 0.00417471 0.55968 0.00834942 0.664774
0 0.59835 0.409087 0.323728 0.816992
0 0.214693 0.324727 0.419723 0.649453
0 0.811997 0.329598 0.372566 0.659197
0 0.185324 0.790753 0.370648 0.418495
0 0.783899 0.892901 0.158468 0.214197
1 0.953369 0.218214 0.0932626 0.436429
0 0.365079 0.244894 0.474579 0.489787
2 0.471413 0.256261 0.33136 0.512522
0 0.960615 0.709773 0.0787708 0.580455
2 0.725573 0.207255 0.548854 0.414511
1 0.00505304 0.422989 0.0101061 0.817152
0 0.895443 0.753675 0.209115 0.492651
0 0.708422 0.369987 0.497279 0.739974
0 0.89671 0.61463 0.201882 0.408724
0 0.937213 0.253663 0.125574 0.507325
0 0.783818 0.42599 0.432364 0.85198
0 0.247623 0.167287 0.495246 0.334574
3 0.188439 0.238798 0.372925 0.477597
0 0.165213 0.313645 0.330426 0.62729
2 0.265357 0.243822 0.454932 0.487644
0 0.875552 0.270993 0.248896 0.541986
0 0.574713 0.810309 0.493058 0.379382
3 0.900972 0.833202 0.192559 0.333596
4 0.188184 0.253516 0.369706 0.507031
0 0.464216 0.288597 0.74957 0.577194
0 0.711433 0.735573 0.338124 0.454148
4 0.783818 0.42599 0.432364 0.85198
0 0.000371748 0.662379 0.000743496 0.449284
0 0.000742294 0.513196 0.00148459 0.421333
0 1 0.725722 0 0.548557
0 0.85818 0.802467 0.28364 0.395065
3 0.571229 0.480635 0.010638 0.0531658
0 0.468122 0.764039 0.575347 0.471921
3 0.569576 0.461387 0.00825958 0.0490519
3 0.954103 0.355214 0.00679169 0.026336
3 0.711893 0.30241 0.00777855 0.0389754
3 0.955277 0.351661 0.0050808 0.025736
3 0.443826 0.506947 0.00830898 0.0293621
3 0.570667 0.468373 0.00912075 0.0586443
3 0.99284 0.338687 0.00858994 0.0288081
0 0.585609 0.517985 0.0276073 0.0480332
3 0.711652 0.32645 0.00923805 0.0778256
3 0.633537 0.31897 0.0102174 0.025522
3 0.584743 0.512021 0.030514 0.0602415
3 0.710425 0.302942 0.0101447 0.0315679
0 0.274635 0.13604 0.549271 0.272081
2 0.585609 0.517985 0.0276073 0.0480332
3 0.70958 0.347321 0.00917883 0.0234067
3 0.932858 0.344612 0.00635128 0.0195015
3 0.969809 0.341125 0.00506096 0.0212089
0 0.557376 0.82113 0.520782 0.357739
0 0.0163298 0.570323 0.0326595 0.552696
0 0.643808 0.433288 0.712385 0.866576
0 0.285134 0.0850403 0.570267 0.170081
0 0.180218 0.767965 0.360435 0.408953
0 0.0119514 0.69971 0.0239027 0.525838
0 0.290068 0.383167 0.576019 0.766335
0 0.217107 0.5 0.434213 1
0 0.499277 0.5 0.423935 1
0 0.132721 0.199204 0.265443 0.398408
0 0.367929 0.432275 0.735859 0.864549
0 0.719333 0.459679 0.561334 0.717992
0 0.130091 0.320965 0.260182 0.641931
0 0.780707 0.719328 0.438586 0.561345
0 0.667738 0.798342 0.525114 0.403317
1 0.122853 0.695206 0.245706 0.350885
0 0.960292 0.650287 0.0794163 0.605101
0 0.19575 0.799606 0.3915 0.400789
3 0.989107 0.0916968 0.0199438 0.0333349
1 0.127654 0.630886 0.255308 0.29173
0 0.751496 0.316306 0.497008 0.632612
0 0.512372 0.443977 0.920305 0.887954
0 0.448026 0.819743 0.531899 0.360513
0 0.0195212 0.416412 0.0390423 0.763044
1 0.133602 0.484335 0.267203 0.559933
1 0.0163298 0.570323 0.0326595 0.552696
0 0.945982 0.690433 0.108036 0.57545
0 0.325938 0.782852 0.434861 0.433819
3 0.444037 0.501907 0.00829678 0.0304668
0 0.845156 0.442569 0.309687 0.885137
0 0.201831 0.319734 0.403663 0.639468
0 0.747437 0.430742 0.4943 0.861484
0 0.283252 0.5 0.416376 1
3 0.641943 0.317398 0.00739336 0.0301385
0 0.379082 0.214588 0.758164 0.429175
1 0.770838 0.478761 0.458323 0.842621
0 0.272829 0.5 0.545657 1
0 0.530919 0.5 0.744461 1
0 0.683865 0.177103 0.63227 0.354206
0 0.0572469 0.804829 0.114494 0.390341
1 0.0119514 0.69971 0.0239027 0.525838
0 0.937893 0.43298 0.124214 0.865959
0 0.789914 0.797297 0.419752 0.398068
0 0.122853 0.695206 0.245706 0.350885
3 0.569269 0.460892 0.00869617 0.0503062
3 0.569844 0.465713 0.0098074 0.0701596
0 0.585486 0.522591 0.02709 0.0356651
2 0.585035 0.524495 0.0274756 0.0315245
3 0.712006 0.301061 0.00757484 0.0419631
4 0.584339 0.514695 0.0315325 0.0500245
3 0.444082 0.507165 0.00882473 0.0269752
0 0.0189439 0.600183 0.0366488 0.0700328
4 0.569269 0.460892 0.00869617 0.0503062
0 0 0.557974 0 0.129878
3 0.954172 0.35544 0.00791206 0.026598
0 0.977955 0.419723 0.0263405 0.0193742
1 0.17885 0.379955 0.348739 0.74269
3 0.955518 0.351685 0.00586452 0.0257757
1 0.170948 0.639707 0.341897 0.24015
0 0.817608 0.440855 0.0211382 0.0236979
3 0 0.251498 0 0.486513
0 0.00131089 0.809193 0.00262178 0.381615
0 0.608778 0.523683 0.0731322 0.0356134
0 0.626435 0.529638 0.0212532 0.0185518
0 0.392469 0.539965 0.0592863 0.0339394
0 0.000296918 0.624435 0.000593835 0.154188
3 0.975195 0.029154 0.0496103 0.0583081
0 0.907221 0.189413 0.185557 0.378825
1 0.585486 0.522591 0.02709 0.0356651
0 0.122689 0.642568 0.243364 0.226448
0 0.896405 0.723861 0.207191 0.515906
0 0.0302392 0.461774 0.057827 0.0534319
3 0.567713 0.431304 0.0138039 0.120581
0 0.680492 0.43404 0.639015 0.86808
0 0.1581 0.382598 0.313078 0.708162
3 0.987855 0.0761262 0.0242683 0.0721989
1 0.126982 0.546524 0.252119 0.410027
4 0.0264004 0.382197 0.0145912 0.0249033
0 0.946827 0.154237 0.106346 0.308474
0 0.754633 0.410002 0.486263 0.820004
3 0.594443 0.317477 0.00688972 0.0311458
0 0.214062 0.370106 0.425108 0.740213
0 0.132075 0.438244 0.0441618 0.0465633
0 0.028389 0.63868 0.056778 0.309861
0 0.779333 0.738889 0.441335 0.522223
1 0.21736 0.769291 0.43472 0.461417
3 0.58368 0.514733 0.0343777 0.0473048
1 0.122689 0.642568 0.243364 0.226448
1 0.731933 0.523975 0.0135343 0.0270888
0 0.849656 0.777332 0.300687 0.445336
0 0.496365 0.453454 0.417108 0.906908
0 0.0128097 0.569016 0.0245465 0.0751977
0 0.0246521 0.429983 0.0493042 0.629841
3 0.568938 0.463152 0.0103942 0.0432885
0 0.389993 0.54208 0.0661422 0.0361926
3 0.580418 0.490002 0.0311385 0.0583811
2 0.58428 0.516132 0.0296736 0.0489521
2 0.389994 0.545524 0.0656801 0.0410459
0 0.782146 0.742384 0.435707 0.513384
0 0.960481 0.137668 0.0790371 0.275337
1 0.58428 0.516132 0.0296736 0.0489521
0 0.954512 0.731015 0.0909761 0.510672
0 0.891984 0.764371 0.216033 0.471259
0 0.552804 0.815239 0.526904 0.369522
0 0.908061 0.275388 0.183878 0.550775
0 0.972738 0.148429 0.0545247 0.296858
0 0.857608 0.796565 0.284785 0.406869
0 0.66575 0.798031 0.461881 0.403938
0 0.95218 0.233103 0.0956394 0.466206
2 0.66575 0.798031 0.461881 0.403938
0 0.698424 0.22626 0.603153 0.45252
0 0.583647 0.515404 0.0275724 0.047703
0 0.464099 0.80452 0.533049 0.39096
0 0.0402043 0.626379 0.0804086 0.246101
0 0.387003 0.547775 0.0604641 0.0423606
1 0.199766 0.538499 0.395076 0.429136
3 0.569435 0.459721 0.0101297 0.0490767
3 0.571817 0.468098 0.0134998 0.0573615
0 0.781622 0.730367 0.436756 0.539265
2 0.803141 0.742065 0.393717 0.511479
0 0.874754 0.792718 0.250493 0.409513
0 0.926744 0.211964 0.146512 0.423928
0 0.163546 0.401453 0.315636 0.800629
0 0.934069 0.208132 0.131862 0.416263
0 0.839254 0.762835 0.321492 0.470399
0 0.901069 0.765262 0.197862 0.44014
3 0.569003 0.461997 0.00944061 0.0461717
3 0.573831 0.474102 0.0167398 0.0534373
0 0.584359 0.517909 0.0317982 0.0463289
0 0.601998 0.522551 0.0614573 0.0393033
4 0.584087 0.51145 0.0319794 0.0605912
0 0.39044 0.00569953 0.442203 0.0113991
0 0.391348 0.546604 0.0667904 0.0403839
0 0.466366 0.00607891 0.445898 0.0121578
0 0.292417 0.00602966 0.443344 0.0120593
0 0.611284 0.513338 0.0849966 0.0565897
0 0.603873 0.526611 0.0665501 0.028396
0 0.569173 0.00642076 0.449295 0.0128415
0 0.220375 0.00659696 0.44075 0.0131939
0 0.585036 0.509452 0.032341 0.0588663
0 0.437525 0.776766 0.460918 0.446467
0 0.263584 0.782109 0.480543 0.435782
0 0.18102 0.384735 0.36204 0.694039
0 0.179952 0.822835 0.359905 0.354331
0 0.435314 0.814453 0.512828 0.371094
0 0.526228 0.820491 0.49971 0.359018
0 0.0212188 0.595036 0.0424376 0.0848952
0 0.646405 0.00712361 0.454956 0.0142472
2 0.584464 0.516006 0.030644 0.0498059
3 0.359361 0.462761 0.0126682 0.0289638
4 0.569003 0.461997 0.00944061 0.0461717
4 0.359361 0.462761 0.0126682 0.0289638
0 0.962571 0.141505 0.0748585 0.283011
0 0.610709 0.828803 0.423209 0.342395
0 0.0547257 0.820712 0.109451 0.358576
3 0.570278 0.46394 0.0086256 0.0423035
3 0.571431 0.475314 0.00951118 0.0450402
0 0.584319 0.519139 0.030714 0.0452322
4 0.584005 0.512155 0.0305267 0.0583127
3 0.444541 0.511284 0.00788364 0.0224204
3 0.584504 0.511073 0.0312618 0.0594225
0 0.0177317 0.604438 0.0354634 0.0692195
0 0.407138 0.537238 0.024761 0.0264228
0 0.38158 0.545781 0.0477914 0.0349068
0 0.611182 0.517974 0.0846925 0.0489126
0 0.393709 0.541156 0.048623 0.0288923
4 0.570278 0.46394 0.0086256 0.0423035
0 0.597975 0.528465 0.0551208 0.0265795
0 0.584791 0.509454 0.0319826 0.061862
0 0.621006 0.529533 0.0268124 0.020685
0 0.376787 0.548371 0.0352359 0.0335046
3 0.583872 0.518929 0.0274395 0.0436123
0 0.0165036 0.634034 0.0330073 0.219354
