0 0.500956 0.573438 0.0967354 0.14387
1 0.500956 0.573438 0.0967354 0.14387
0 0.227431 0.651642 0.452126 0.299708
0 0.525423 0.490269 0.144478 0.319454
2 0.500956 0.573438 0.0967354 0.14387
4 0.500956 0.573438 0.0967354 0.14387
0 0.372766 0.68361 0.737793 0.374956
0 0.15019 0.664029 0.300009 0.258835
0 0.799627 0.764624 0.400746 0.459115
0 0.300841 0.635629 0.596329 0.290442
0 0.392925 0.737992 0.780684 0.524015
0 0.299219 0.420933 0.590278 0.740251
0 0.488175 0.637709 0.177735 0.322822
3 0.21461 0.420131 0.425065 0.802719
0 0.534981 0.413796 0.290423 0.503273
3 0.785399 0.635489 0.429201 0.729022
0 0.547736 0.583884 0.276572 0.156764
0 0.326512 0.698476 0.443819 0.415957
0 0.525361 0.605396 0.149682 0.188692
3 0.80061 0.500635 0.398779 0.876571
1 0.525423 0.490269 0.144478 0.319454
4 0.312972 0.401005 0.614416 0.795353
0 0.80092 0.470848 0.398159 0.941695
3 0.841355 0.346624 0.31729 0.608563
0 0.335043 0.767051 0.647117 0.444418
4 0.788664 0.763394 0.422673 0.473212
0 0.810899 0.313298 0.378201 0.620733
3 0.326512 0.698476 0.443819 0.415957
4 0.227431 0.651642 0.452126 0.299708
4 0.539151 0.749735 0.921697 0.478304
3 0.134165 0.4343 0.26833 0.790519
4 0.15019 0.664029 0.300009 0.258835
3 0.863877 0.737474 0.272247 0.525052
0 0.706099 0.741623 0.587801 0.452746
4 0.300841 0.635629 0.596329 0.290442
0 0.240512 0.741951 0.466844 0.499652
4 0.704543 0.757348 0.590915 0.480484
0 0.164753 0.758682 0.329506 0.477808
3 0.519864 0.500803 0.960271 0.998393
3 0.3527 0.424693 0.696283 0.810995
0 0.18326 0.477345 0.36652 0.64087
3 0.935649 0.411049 0.128703 0.730806
3 0.808522 0.763242 0.382957 0.473516
3 0.932061 0.759188 0.135878 0.481624
3 0.276466 0.643327 0.552931 0.56405
3 0.842105 0.182847 0.31579 0.365694
3 0.0437294 0.780242 0.0874587 0.439516
0 0.288107 0.677519 0.572592 0.626532
3 0.690402 0.734586 0.619196 0.519598
3 0.812961 0.727882 0.374078 0.544235
3 0.488717 0.766544 0.570284 0.466912
3 0.95375 0.484472 0.0925001 0.770093
3 0.480969 0.346494 0.961938 0.677195
2 0.304317 0.736203 0.58197 0.527594
3 0.816532 0.179447 0.366936 0.358893
0 0.132192 0.818026 0.264303 0.351983
3 0.760922 0.740315 0.475784 0.51937
3 0.0616121 0.414166 0.123224 0.775159
4 0.344007 0.773448 0.654847 0.438219
3 0.934748 0.765983 0.130503 0.468035
3 0.570613 0.756256 0.690489 0.487488
3 0.199186 0.799866 0.395277 0.384002
3 0.0476165 0.454635 0.095233 0.711576
3 0.931021 0.586423 0.137958 0.780475
0 0.786834 0.235609 0.426332 0.464398
4 0.18326 0.477345 0.36652 0.64087
4 0.787342 0.293783 0.425316 0.574337
3 0.0544563 0.161023 0.108913 0.322045
3 0.228681 0.290262 0.449058 0.539066
3 0.412851 0.0918958 0.593737 0.183792
0 0.0544563 0.161023 0.108913 0.322045
0 0.882815 0.169489 0.23437 0.338977
4 0.181976 0.803535 0.361906 0.386395
4 0.392381 0.773752 0.768821 0.452496
3 0.146017 0.636302 0.292035 0.473369
3 0.575876 0.592323 0.46233 0.253876
3 0.170903 0.12423 0.341805 0.24846
3 0.144868 0.755932 0.289737 0.486983
3 0.786272 0.229594 0.427455 0.459189
0 0.328395 0.293943 0.652838 0.57742
3 0.304317 0.736203 0.58197 0.527594
4 0.288107 0.677519 0.572592 0.626532
3 0.282839 0.4956 0.564684 0.91982
3 0.355357 0.772795 0.704295 0.45441
4 0.785399 0.635489 0.429201 0.729022
0 0.146017 0.636302 0.292035 0.473369
0 0.504359 0.355878 0.967459 0.696775
4 0.504359 0.355878 0.967459 0.696775
3 0.534981 0.413796 0.290423 0.503273
4 0.863877 0.737474 0.272247 0.525052
0 0.380524 0.414852 0.756975 0.826083
0 0.11386 0.802137 0.22772 0.395726
3 0.175818 0.243236 0.347906 0.451734
3 0.925353 0.691611 0.149293 0.611897
3 0.928874 0.28449 0.142251 0.568981
4 0.534981 0.413796 0.290423 0.503273
0 0.934748 0.765983 0.130503 0.468035
4 0.248155 0.45747 0.493328 0.675032
3 0.328395 0.293943 0.652838 0.57742
3 0.0435986 0.227165 0.0871972 0.45433
3 0.05126 0.255132 0.10252 0.510265
0 0.785399 0.635489 0.429201 0.729022
3 0.669472 0.32101 0.661056 0.636444
4 0.488175 0.637709 0.177735 0.322822
4 0.525423 0.490269 0.144478 0.319454
4 0.474351 0.770773 0.533533 0.454665
4 0.289699 0.295171 0.565868 0.575484
4 0.925353 0.691611 0.149293 0.611897
3 0.882815 0.169489 0.23437 0.338977
4 0.669472 0.32101 0.661056 0.636444
3 0.575837 0.0872571 0.57022 0.174514
0 0.476663 0.768393 0.722932 0.45181
0 0.816532 0.179447 0.366936 0.358893
3 0.0380474 0.815727 0.0760948 0.368545
4 0.932061 0.759188 0.135878 0.481624
4 0.248158 0.774519 0.484 0.450961
0 0.195268 0.105922 0.389532 0.211843
0 0.226032 0.135486 0.449042 0.270972
4 0.792571 0.737214 0.414858 0.525572
4 0.372766 0.68361 0.737793 0.374956
4 0.934748 0.765983 0.130503 0.468035
3 0.290648 0.116671 0.538876 0.233342
3 0.236366 0.638138 0.462214 0.287424
3 0.502981 0.563079 0.100925 0.15129
4 0.570613 0.756256 0.690489 0.487488
0 0.612307 0.299513 0.775385 0.576569
3 0.248158 0.774519 0.484 0.450961
3 0.226032 0.135486 0.449042 0.270972
0 0.0523533 0.484248 0.104707 0.671742
4 0.783873 0.451155 0.432254 0.886429
4 0.519499 0.5 0.961002 1
4 0.849512 0.40204 0.300976 0.604343
4 0.132192 0.818026 0.264303 0.351983
3 0.133997 0.13331 0.267994 0.266621
3 0.0931248 0.548315 0.18625 0.566051
0 0.766972 0.198276 0.466055 0.396551
0 0.712894 0.271457 0.574212 0.535652
0 0.412851 0.0918958 0.593737 0.183792
4 0.386516 0.466013 0.772842 0.928481
2 0.706099 0.741623 0.587801 0.452746
4 0.928874 0.28449 0.142251 0.568981
3 0.18326 0.477345 0.36652 0.64087
3 0.561317 0.753102 0.877366 0.476942
4 0.935649 0.411049 0.128703 0.730806
0 0.634329 0.0999208 0.594566 0.199842
4 0.931021 0.586423 0.137958 0.780475
4 0.837232 0.759568 0.325535 0.480865
0 0.0435986 0.227165 0.0871972 0.45433
0 0.812961 0.727882 0.374078 0.544235
0 0.45665 0.482496 0.9133 0.964993
4 0.678237 0.743927 0.643526 0.512145
4 0.11386 0.802137 0.22772 0.395726
3 0.806686 0.222219 0.386629 0.441887
0 0.849512 0.40204 0.300976 0.604343
3 0.120932 0.816705 0.24131 0.350808
0 0.95375 0.484472 0.0925001 0.770093
4 0.852293 0.281718 0.295414 0.558036
3 0.128927 0.180752 0.257855 0.358068
0 0.0931248 0.548315 0.18625 0.566051
2 0.488175 0.637709 0.177735 0.322822
4 0.0380474 0.815727 0.0760948 0.368545
0 0.863877 0.737474 0.272247 0.525052
4 0.95375 0.484472 0.0925001 0.770093
3 0.437133 0.774859 0.546757 0.44528
4 0.326512 0.698476 0.443819 0.415957
3 0.525361 0.605396 0.149682 0.188692
3 0.263074 0.217245 0.509241 0.409494
0 0.0380474 0.815727 0.0760948 0.368545
0 0.645374 0.492433 0.709251 0.983185
0 0.908683 0.282527 0.182634 0.565053
1 0.271629 0.417994 0.537845 0.795069
4 0.806686 0.222219 0.386629 0.441887
0 0.575876 0.592323 0.46233 0.253876
4 0.144868 0.755932 0.289737 0.486983
0 0.925353 0.691611 0.149293 0.611897
3 0.655591 0.121968 0.628806 0.243935
4 0.146017 0.636302 0.292035 0.473369
0 0.932061 0.759188 0.135878 0.481624
4 0.882815 0.169489 0.23437 0.338977
3 0.455341 0.254321 0.776836 0.508641
0 0.290648 0.116671 0.538876 0.233342
3 0.135994 0.29561 0.271987 0.47647
4 0.0544563 0.161023 0.108913 0.322045
3 0.787342 0.293783 0.425316 0.574337
0 0.05126 0.255132 0.10252 0.510265
1 0.821378 0.762866 0.357244 0.474269
0 0.608861 0.764738 0.683382 0.463507
1 0.534981 0.413796 0.290423 0.503273
0 0.300086 0.213271 0.594044 0.401894
4 0.575876 0.592323 0.46233 0.253876
0 0.199186 0.799866 0.395277 0.384002
3 0.709733 0.181417 0.580535 0.362835
0 0.570613 0.756256 0.690489 0.487488
0 0.0435685 0.811313 0.0871369 0.377374
3 0.547736 0.583884 0.276572 0.156764
1 0.356011 0.762539 0.703225 0.455767
4 0.0435986 0.227165 0.0871972 0.45433
0 0.133997 0.13331 0.267994 0.266621
1 0.228681 0.290262 0.449058 0.539066
0 0.935649 0.411049 0.128703 0.730806
4 0.0523533 0.484248 0.104707 0.671742
4 0.347439 0.246092 0.678817 0.467555
4 0.842105 0.182847 0.31579 0.365694
4 0.0435685 0.811313 0.0871369 0.377374
4 0.0931248 0.548315 0.18625 0.566051
1 0.221054 0.779375 0.437297 0.427246
0 0.709733 0.181417 0.580535 0.362835
0 0.842105 0.182847 0.31579 0.365694
4 0.816532 0.179447 0.366936 0.358893
0 0.931021 0.586423 0.137958 0.780475
1 0.690402 0.734586 0.619196 0.519598
0 0.0604935 0.356737 0.120987 0.713475
1 0.743628 0.297318 0.512743 0.581069
4 0.228795 0.199959 0.451652 0.38633
2 0.23647 0.671927 0.468047 0.35666
2 0.435888 0.738346 0.790601 0.463835
4 0.05126 0.255132 0.10252 0.510265
4 0.128927 0.180752 0.257855 0.358068
3 0.360254 0.212858 0.719811 0.414663
1 0.525361 0.605396 0.149682 0.188692
4 0.134165 0.4343 0.26833 0.790519
4 0.0604935 0.356737 0.120987 0.713475
0 0.488717 0.766544 0.570284 0.466912
2 0.806686 0.222219 0.386629 0.441887
4 0.178795 0.290712 0.353548 0.499193
4 0.455341 0.254321 0.776836 0.508641
0 0.760922 0.740315 0.475784 0.51937
3 0.138751 0.657727 0.277059 0.274407
4 0.133997 0.13331 0.267994 0.266621
2 0.525361 0.605396 0.149682 0.188692
4 0.412851 0.0918958 0.593737 0.183792
4 0.195268 0.105922 0.389532 0.211843
1 0.239312 0.639061 0.474668 0.305158
4 0.226032 0.135486 0.449042 0.270972
4 0.786272 0.229594 0.427455 0.459189
0 0.852293 0.281718 0.295414 0.558036
1 0.934748 0.765983 0.130503 0.468035
3 0.525423 0.490269 0.144478 0.319454
4 0.575837 0.0872571 0.57022 0.174514
4 0.655591 0.121968 0.628806 0.243935
4 0.709733 0.181417 0.580535 0.362835
4 0.136883 0.241232 0.273766 0.448082
1 0.51682 0.381109 0.964711 0.749678
2 0.221054 0.779375 0.437297 0.427246
0 0.21461 0.420131 0.425065 0.802719
2 0.612557 0.748789 0.746268 0.502421
2 0.11386 0.802137 0.22772 0.395726
2 0.360254 0.212858 0.719811 0.414663
0 0.455341 0.254321 0.776836 0.508641
1 0.300086 0.213271 0.594044 0.401894
2 0.748013 0.252526 0.503974 0.497519
4 0.290648 0.116671 0.538876 0.233342
4 0.547736 0.583884 0.276572 0.156764
2 0.183891 0.804984 0.365224 0.390032
0 0.228681 0.290262 0.449058 0.539066
4 0.525361 0.605396 0.149682 0.188692
1 0.608861 0.764738 0.683382 0.463507
1 0.786834 0.235609 0.426332 0.464398
2 0.286918 0.415945 0.567245 0.779701
1 0.547736 0.583884 0.276572 0.156764
2 0.326512 0.698476 0.443819 0.415957
2 0.202291 0.19846 0.399934 0.388369
0 0.177476 0.19411 0.354859 0.388221
2 0.935649 0.411049 0.128703 0.730806
2 0.609094 0.268587 0.728855 0.537174
2 0.95375 0.484472 0.0925001 0.770093
2 0.931021 0.586423 0.137958 0.780475
2 0.455341 0.254321 0.776836 0.508641
2 0.276466 0.643327 0.552931 0.56405
1 0.175818 0.243236 0.347906 0.451734
2 0.736721 0.181035 0.526559 0.362071
1 0.372766 0.68361 0.737793 0.374956
2 0.128927 0.180752 0.257855 0.358068
2 0.934748 0.765983 0.130503 0.468035
2 0.559623 0.759555 0.880754 0.465054
2 0.257796 0.143261 0.50347 0.286522
2 0.786272 0.229594 0.427455 0.459189
2 0.332444 0.0920232 0.541257 0.184046
2 0.547736 0.583884 0.276572 0.156764
1 0.474351 0.770773 0.533533 0.454665
2 0.0437294 0.780242 0.0874587 0.439516
0 0.128927 0.180752 0.257855 0.358068
1 0.18326 0.477345 0.36652 0.64087
1 0.604665 0.304157 0.790671 0.590694
1 0.935649 0.411049 0.128703 0.730806
2 0.195268 0.105922 0.389532 0.211843
2 0.785227 0.757805 0.429546 0.478964
2 0.928874 0.28449 0.142251 0.568981
2 0.449871 0.768559 0.700125 0.462882
2 0.882815 0.169489 0.23437 0.338977
2 0.812961 0.727882 0.374078 0.544235
2 0.287756 0.191782 0.567955 0.364516
2 0.760922 0.740315 0.475784 0.51937
1 0.288107 0.677519 0.572592 0.626532
1 0.39487 0.296526 0.789003 0.56835
1 0.925353 0.691611 0.149293 0.611897
1 0.326512 0.698476 0.443819 0.415957
2 0.932061 0.759188 0.135878 0.481624
2 0.810899 0.313298 0.378201 0.620733
2 0.634329 0.0999208 0.594566 0.199842
0 0.499245 0.574966 0.092844 0.135429
0 0.837299 0.462929 0.181476 0.134657
0 0.170868 0.450384 0.090985 0.116805
0 0.805399 0.464101 0.119604 0.130005
0 0.964635 0.463853 0.0707296 0.105532
0 0.205838 0.451423 0.154918 0.138482
0 0.875574 0.461002 0.129987 0.131412
0 0.211472 0.248603 0.422944 0.497205
0 0.697172 0.486417 0.111775 0.0655591
0 0.154698 0.445373 0.125827 0.110116
0 0.94346 0.460592 0.109975 0.118314
0 0.0323626 0.439527 0.0637801 0.0888264
2 0.496276 0.569263 0.0915964 0.134483
0 0.142754 0.250264 0.285508 0.500529
0 0.765385 0.248359 0.46021 0.496719
0 0.651745 0.250433 0.581955 0.500866
3 0.496276 0.569263 0.0915964 0.134483
0 0.913653 0.463162 0.14351 0.125403
0 0.167325 0.427889 0.101293 0.149377
0 0.418152 0.221755 0.60613 0.44351
0 0.13846 0.761927 0.276919 0.476146
0 0.579162 0.228002 0.453843 0.456003
0 0.202717 0.682525 0.402452 0.241841
0 0.837821 0.297417 0.245102 0.465237
0 0.281736 0.265337 0.559964 0.530674
0 0.189242 0.44002 0.236343 0.153639
0 0.212896 0.769302 0.425791 0.461396
0 0.0315574 0.419614 0.0627139 0.112738
0 0.134255 0.448285 0.26851 0.118389
0 0.0982099 0.666928 0.196389 0.244075
0 0.343743 0.545979 0.412696 0.43025
0 0.0841039 0.43822 0.168208 0.121533
2 0.845151 0.463393 0.194539 0.129269
0 0.835598 0.393279 0.176784 0.287632
0 0.963542 0.394101 0.0729155 0.242295
0 0.561665 0.239185 0.638462 0.478371
3 0.49633 0.612229 0.0896442 0.206798
1 0.845151 0.463393 0.194539 0.129269
0 0.348738 0.679793 0.383917 0.414497
0 0.999059 0.628956 0.00188198 0.416008
0 0.81672 0.18721 0.36656 0.374421
0 0.291676 0.764384 0.32539 0.454993
3 0.491044 0.480994 0.114453 0.291798
3 0.836433 0.462054 0.213169 0.118546
0 0.49519 0.415827 0.700561 0.831654
0 0.485997 0.562939 0.116624 0.156297
0 0.539437 0.575324 0.175568 0.140459
4 0.114059 0.250345 0.228117 0.500691
3 0.762666 0.432884 0.383337 0.169473
0 0.129367 0.625961 0.254721 0.334227
1 0.13846 0.761927 0.276919 0.476146
0 0.330354 0.500102 0.410653 0.738151
0 0.121469 0.421148 0.242938 0.166158
0 0.491044 0.480994 0.114453 0.291798
0 0.419151 0.0227463 0.715355 0.0454927
1 0.999059 0.628956 0.00188198 0.416008
3 0.647453 0.256724 0.419653 0.513448
3 0.880857 0.251741 0.238285 0.503483
3 0.134255 0.448285 0.26851 0.118389
2 0.658994 0.698297 0.410681 0.378609
4 0.845151 0.463393 0.194539 0.129269
0 0.299897 0.676325 0.330043 0.610367
3 0.880121 0.58713 0.232183 0.380151
4 0.0841039 0.43822 0.168208 0.121533
0 0.222483 0.439172 0.19 0.168215
3 0.81456 0.190473 0.370879 0.380946
0 0.249469 0.0161651 0.498939 0.0323301
0 0.71616 0.752454 0.519984 0.493647
3 0.0697772 0.488302 0.139554 0.160634
0 0.760049 0.118736 0.479902 0.237472
2 0.134255 0.448285 0.26851 0.118389
4 0.752006 0.203245 0.494001 0.40649
0 0.705615 0.0611453 0.58877 0.122291
4 0.818527 0.258804 0.362946 0.517608
0 0.210695 0.0718012 0.421389 0.143602
1 0.998909 0.584247 0.00218105 0.409983
4 0.219127 0.263817 0.438254 0.527635
4 0.0697772 0.488302 0.139554 0.160634
1 0.99861 0.713683 0.00278063 0.501237
3 0.636264 0.737781 0.368055 0.463691
3 0.348738 0.679793 0.383917 0.414497
3 0.0841039 0.43822 0.168208 0.121533
3 0.726002 0.266173 0.391539 0.500354
0 0.77556 0.492144 0.323145 0.0586967
1 0.202717 0.682525 0.402452 0.241841
0 0.611817 0.0169836 0.692148 0.0339672
3 0.714893 0.229741 0.553487 0.459481
4 0.620353 0.254847 0.390043 0.509694
3 0.124834 0.595583 0.242277 0.286621
4 0.134255 0.448285 0.26851 0.118389
0 0.835003 0.773774 0.322313 0.452452
3 0.859633 0.37246 0.236254 0.304285
3 0.79638 0.113139 0.40724 0.226278
0 0.0697772 0.488302 0.139554 0.160634
1 0.0697772 0.488302 0.139554 0.160634
1 0.878746 0.456718 0.221804 0.113959
3 0.77556 0.492144 0.323145 0.0586967
0 0.880857 0.251741 0.238285 0.503483
4 0.495486 0.566118 0.0907796 0.146086
3 0.615327 0.247877 0.672957 0.495755
3 0.326969 0.266391 0.643133 0.532782
3 0.357109 0.552223 0.369293 0.385181
3 0.818974 0.801715 0.353595 0.39657
3 0.996875 0.570436 0.00625038 0.409606
4 0.651745 0.250433 0.581955 0.500866
4 0.369759 0.218297 0.616347 0.436594
2 0.0697772 0.488302 0.139554 0.160634
0 0.951492 0.690748 0.0970164 0.369638
1 0.125291 0.450983 0.240651 0.115627
0 0.99861 0.713683 0.00278063 0.501237
0 0.787599 0.732389 0.417233 0.506434
2 0.0841039 0.43822 0.168208 0.121533
2 0.202717 0.682525 0.402452 0.241841
0 0.416613 0.49604 0.812581 0.99208
4 0.760594 0.751676 0.436554 0.496649
1 0.818527 0.258804 0.362946 0.517608
0 0.406471 0.480413 0.275794 0.302387
2 0.847985 0.567046 0.211253 0.337332
3 0.189242 0.44002 0.236343 0.153639
0 0.659594 0.0352151 0.665349 0.0704302
1 0.997655 0.788908 0.00468979 0.402769
3 0.116654 0.463945 0.231183 0.118859
4 0.511509 0.224775 0.50343 0.44955
2 0.607677 0.313652 0.325892 0.627305
0 0.727595 0.501642 0.395401 0.0462736
0 0.926383 0.443669 0.147234 0.11873
2 0.189242 0.44002 0.236343 0.153639
3 0.970429 0.464581 0.0591415 0.122408
3 0.830347 0.769281 0.30955 0.461439
2 0.521844 0.559308 0.136195 0.132385
3 0.454785 0.232597 0.621956 0.465194
0 0.851391 0.686334 0.283306 0.589621
0 0.0251994 0.550171 0.0503989 0.317621
3 0.196308 0.819603 0.387516 0.360794
3 0.0298199 0.315056 0.0596399 0.352689
3 0.121469 0.421148 0.242938 0.166158
3 0.33659 0.51262 0.459904 0.350677
4 0.823355 0.774177 0.346887 0.451646
3 0.896622 0.348188 0.206756 0.313714
3 0.830775 0.953584 0.33845 0.0928327
4 0.419151 0.0227463 0.715355 0.0454927
0 0.168991 0.182768 0.337982 0.365537
4 0.705615 0.0611453 0.58877 0.122291
4 0.21711 0.772181 0.430076 0.455639
4 0.636264 0.737781 0.368055 0.463691
0 0.503922 0.745927 0.101035 0.475539
4 0.291676 0.764384 0.32539 0.454993
1 0.837821 0.297417 0.245102 0.465237
3 0.385262 0.469489 0.770524 0.938979
1 0.613603 0.605268 0.148553 0.201913
0 0.0264714 0.435105 0.0529428 0.143647
2 0.49633 0.612229 0.0896442 0.206798
3 0.878746 0.456718 0.221804 0.113959
0 0.837464 0.0942977 0.325073 0.188595
3 0.0438212 0.188886 0.0876423 0.377772
4 0.640054 0.834977 0.719893 0.330046
0 0.997655 0.788908 0.00468979 0.402769
3 0.837464 0.0942977 0.325073 0.188595
3 0.759624 0.790696 0.480753 0.418608
4 0.79638 0.113139 0.40724 0.226278
3 0.909996 0.236327 0.180008 0.472653
3 0.787599 0.732389 0.417233 0.506434
4 0.760049 0.118736 0.479902 0.237472
4 0.121469 0.421148 0.242938 0.166158
3 0.695265 0.791467 0.609469 0.417065
3 0.0125141 0.810865 0.0250283 0.378271
0 0.0438212 0.188886 0.0876423 0.377772
3 0.870068 0.931306 0.259864 0.137388
1 0.855607 0.770321 0.284092 0.449789
1 0.0841039 0.43822 0.168208 0.121533
4 0.695265 0.791467 0.609469 0.417065
4 0.551618 0.514861 0.193823 0.0520729
4 0.63521 0.0214318 0.696356 0.0428635
3 0.293887 0.710266 0.316585 0.441566
4 0.406471 0.480413 0.275794 0.302387
4 0.880857 0.251741 0.238285 0.503483
2 0.765385 0.248359 0.46021 0.496719
2 0.851391 0.686334 0.283306 0.589621
2 0.372627 0.221407 0.714149 0.442814
0 0.998909 0.584247 0.00218105 0.409983
0 0.79638 0.113139 0.40724 0.226278
3 0.215968 0.780526 0.429125 0.438948
2 0.217259 0.446075 0.169648 0.144655
4 0.0982099 0.666928 0.196389 0.244075
4 0.926383 0.443669 0.147234 0.11873
1 0.0982099 0.666928 0.196389 0.244075
1 0.752006 0.203245 0.494001 0.40649
4 0.989718 0.81417 0.0205638 0.37166
1 0.595408 0.78957 0.809184 0.413698
3 0.604199 0.834893 0.791602 0.330214
3 0.758003 0.0939069 0.483995 0.187814
1 0.859633 0.37246 0.236254 0.304285
4 0.330288 0.616775 0.38776 0.545843
3 0.474666 0.0174807 0.724035 0.0349614
3 0.0318903 0.225222 0.0637807 0.450443
3 0.0204639 0.696859 0.0409279 0.308335
4 0.0298199 0.315056 0.0596399 0.352689
1 0.880857 0.251741 0.238285 0.503483
3 0.322644 0.663458 0.371526 0.647798
2 0.357109 0.552223 0.369293 0.385181
4 0.909996 0.236327 0.180008 0.472653
0 0.116654 0.463945 0.231183 0.118859
4 0.759624 0.790696 0.480753 0.418608
2 0.620353 0.254847 0.390043 0.509694
4 0.996875 0.570436 0.00625038 0.409606
3 0.474721 0.23931 0.48063 0.478619
3 0.0264714 0.435105 0.0529428 0.143647
4 0.344728 0.782368 0.689456 0.435264
2 0.823355 0.774177 0.346887 0.451646
2 0.471941 0.680629 0.141159 0.343185
4 0.83439 0.386355 0.22308 0.288777
3 0.330354 0.500102 0.410653 0.738151
1 0.217922 0.775969 0.433182 0.44532
4 0.813784 0.794484 0.363247 0.411033
3 0.989718 0.81417 0.0205638 0.37166
4 0.151613 0.772738 0.302983 0.454524
0 0.0591692 0.810133 0.118338 0.379734
0 0.762782 0.797908 0.474437 0.404184
3 0.406471 0.480413 0.275794 0.302387
4 0.999059 0.628956 0.00188198 0.416008
2 0.121469 0.421148 0.242938 0.166158
4 0.870068 0.931306 0.259864 0.137388
2 0.970429 0.464581 0.0591415 0.122408
3 0.49519 0.415827 0.700561 0.831654
3 0.951492 0.690748 0.0970164 0.369638
4 0.604816 0.818357 0.790367 0.363285
3 0.523465 0.78954 0.674561 0.420921
2 0.129367 0.625961 0.254721 0.334227
4 0.491044 0.480994 0.114453 0.291798
3 0.611817 0.0169836 0.692148 0.0339672
4 0.970429 0.464581 0.0591415 0.122408
3 0.82315 0.686274 0.268793 0.51645
3 0.19633 0.450877 0.183627 0.121391
3 0.389029 0.0245764 0.71796 0.0491529
0 0.607098 0.507402 0.0379642 0.0310987
3 0.551618 0.514861 0.193823 0.0520729
0 0.970429 0.464581 0.0591415 0.122408
4 0.189242 0.44002 0.236343 0.153639
3 0.168991 0.182768 0.337982 0.365537
3 0.539437 0.575324 0.175568 0.140459
3 0.860352 0.685066 0.27601 0.580496
0 0.368339 0.765773 0.331965 0.460636
4 0.851391 0.686334 0.283306 0.589621
4 0.997655 0.788908 0.00468979 0.402769
4 0.523465 0.78954 0.674561 0.420921
2 0.348738 0.679793 0.383917 0.414497
3 0.13846 0.761927 0.276919 0.476146
4 0.837464 0.0942977 0.325073 0.188595
4 0.762782 0.797908 0.474437 0.404184
3 0.344728 0.782368 0.689456 0.435264
3 0.604816 0.818357 0.790367 0.363285
4 0.249469 0.0161651 0.498939 0.0323301
1 0.951492 0.690748 0.0970164 0.369638
1 0.970429 0.464581 0.0591415 0.122408
2 0.0264714 0.435105 0.0529428 0.143647
3 0.210695 0.0718012 0.421389 0.143602
4 0.89574 0.607555 0.20852 0.34138
1 0.896622 0.348188 0.206756 0.313714
1 0.19633 0.450877 0.183627 0.121391
1 0.281736 0.265337 0.559964 0.530674
3 0.887596 0.816832 0.222654 0.359562
4 0.8923 0.765285 0.213499 0.447682
3 0.0982099 0.666928 0.196389 0.244075
3 0.04486 0.235495 0.0897199 0.47099
2 0.19633 0.450877 0.183627 0.121391
3 0.25813 0.800781 0.516259 0.398438
4 0.348738 0.679793 0.383917 0.414497
1 0.688262 0.258555 0.479589 0.517111
2 0.996875 0.570436 0.00625038 0.409606
4 0.951492 0.690748 0.0970164 0.369638
2 0.999059 0.628956 0.00188198 0.416008
2 0.880121 0.58713 0.232183 0.380151
3 0.249557 0.234757 0.497788 0.469515
4 0.116654 0.463945 0.231183 0.118859
0 0.471941 0.680629 0.141159 0.343185
2 0.99861 0.713683 0.00278063 0.501237
3 0.926383 0.443669 0.147234 0.11873
4 0.416613 0.49604 0.812581 0.99208
3 0.114059 0.250345 0.228117 0.500691
4 0.04486 0.235495 0.0897199 0.47099
4 0.357109 0.552223 0.369293 0.385181
1 0.330288 0.616775 0.38776 0.545843
4 0.827909 0.842588 0.342219 0.314825
4 0.99861 0.713683 0.00278063 0.501237
2 0.116654 0.463945 0.231183 0.118859
2 0.695265 0.791467 0.609469 0.417065
3 0.929823 0.317294 0.140353 0.363974
3 0.0192019 0.779144 0.0384039 0.441712
1 0.495486 0.566118 0.0907796 0.146086
2 0.997655 0.788908 0.00468979 0.402769
0 0.208098 0.613365 0.224956 0.214932
2 0.651745 0.250433 0.581955 0.500866
4 0.837821 0.297417 0.245102 0.465237
0 0.0298199 0.315056 0.0596399 0.352689
2 0.71616 0.752454 0.519984 0.493647
0 0.49633 0.612229 0.0896442 0.206798
3 0.613603 0.605268 0.148553 0.201913
4 0.129367 0.625961 0.254721 0.334227
0 0.884015 0.455768 0.223264 0.100241
1 0.390786 0.219235 0.781571 0.43847
0 0.499189 0.569121 0.0849575 0.141688
0 0.500343 0.588646 0.0898034 0.0999007
2 0.497066 0.562781 0.0903765 0.141842
1 0.497066 0.562781 0.0903765 0.141842
0 0.802396 0.484017 0.10773 0.0949486
1 0.9869 0.729311 0.026201 0.530298
3 0.127005 0.44312 0.00970609 0.0244682
0 1 0.725412 0 0.549177
2 0.500856 0.645528 0.0938014 0.298863
0 1 0.63585 0 0.728299
0 0.983275 0.661264 0.0334497 0.597061
1 0.983275 0.661264 0.0334497 0.597061
1 0.516067 0.426319 0.350052 0.474935
2 0.657561 0.345397 0.684878 0.690794
0 0.996996 0.786059 0.00600719 0.427883
0 0.9869 0.729311 0.026201 0.530298
1 0.979014 0.118016 0.0419712 0.236032
0 0.0436955 0.774759 0.0873909 0.450481
0 0.993524 0.760695 0.0129524 0.47861
1 0.612344 0.736068 0.327784 0.459026
1 0.993524 0.760695 0.0129524 0.47861
2 0.979014 0.118016 0.0419712 0.236032
0 0.0728952 0.769359 0.14579 0.461281
0 0.961021 0.154858 0.0779589 0.309716
0 0.495938 0.601939 0.0850681 0.0802424
3 0.153662 0.638086 0.012225 0.129074
3 0.516067 0.426319 0.350052 0.474935
0 0.511165 0.5 0.97767 1
2 0.338758 0.548653 0.610343 0.875655
1 0.981814 0.506615 0.0363727 0.807301
2 0.779999 0.243163 0.440002 0.486327
0 0.71819 0.746612 0.56362 0.455205
0 0.0810998 0.692698 0.157146 0.251806
0 0.273227 0.668049 0.546299 0.462
0 0.10836 0.5 0.21672 1
1 0.982648 0.311976 0.0347045 0.623953
3 0.90423 0.47606 0.191541 0.952121
3 0.511165 0.5 0.97767 1
0 0.831714 0.480236 0.170176 0.109409
0 0.991109 0.550953 0.0177822 0.499885
0 0.996516 0.81668 0.00696754 0.36664
3 0.0540842 0.449441 0.0112039 0.0639165
2 0.10836 0.5 0.21672 1
1 0.973648 0.0980548 0.0527037 0.19611
2 0.9869 0.729311 0.026201 0.530298
0 0.486763 0.565204 0.114948 0.153595
2 0.973648 0.0980548 0.0527037 0.19611
3 0.796009 0.454429 0.407982 0.908858
3 0.497066 0.562781 0.0903765 0.141842
0 0.300742 0.658145 0.601484 0.683711
0 0.979014 0.118016 0.0419712 0.236032
1 0.500856 0.645528 0.0938014 0.298863
1 0.338758 0.548653 0.610343 0.875655
0 0.960717 0.0829299 0.0785667 0.16586
3 0.935574 0.522354 0.128852 0.931311
0 0.319578 0.529302 0.639155 0.941396
2 0.612344 0.736068 0.327784 0.459026
0 0.955221 0.722794 0.0895571 0.554412
2 0.983275 0.661264 0.0334497 0.597061
2 0.0436955 0.774759 0.0873909 0.450481
0 0.684168 0.5 0.631663 1
0 0.973648 0.0980548 0.0527037 0.19611
0 0.103008 0.637839 0.196963 0.474094
4 0.796009 0.454429 0.407982 0.908858
0 0.657561 0.345397 0.684878 0.690794
0 0.088729 0.763946 0.171324 0.395622
2 0.982648 0.311976 0.0347045 0.623953
0 0.975215 0.414526 0.0495701 0.807872
0 0.716776 0.678724 0.531677 0.354206
0 0.960146 0.270886 0.0797073 0.541773
2 0.504487 0.355695 0.991027 0.711391
1 0.0728952 0.769359 0.14579 0.461281
2 0.503004 0.590305 0.0964674 0.0987558
3 0.0118219 0.427957 0.0236439 0.855914
0 0.235428 0.5 0.470856 1
1 0.975215 0.414526 0.0495701 0.807872
0 0.0611532 0.800275 0.122306 0.39945
0 0.600114 0.458776 0.799771 0.917552
2 0.728233 0.36764 0.543534 0.73528
1 0.955221 0.722794 0.0895571 0.554412
0 0.779999 0.243163 0.440002 0.486327
0 0.948163 0.334436 0.103674 0.668871
4 0.601895 0.563401 0.796209 0.873198
3 0.689429 0.74386 0.621141 0.512281
0 0.982021 0.257788 0.0359582 0.515577
3 0.475486 0.286846 0.950972 0.515957
1 0.31634 0.195885 0.63268 0.391769
0 0.955097 0.550961 0.0898054 0.857446
1 0.51841 0.374792 0.963181 0.749585
0 0.508425 0.0690656 0.8181 0.138131
0 0.554939 0.408236 0.890122 0.816473
1 0.996996 0.786059 0.00600719 0.427883
0 0.475486 0.286846 0.950972 0.515957
2 0.658182 0.693054 0.408465 0.394399
2 0.879273 0.0482078 0.241453 0.0964157
4 0.678033 0.777064 0.643934 0.445871
2 0.681788 0.531424 0.636424 0.937152
1 0.950703 0.372715 0.0985943 0.74543
3 0.710818 0.545178 0.578363 0.906746
4 0.497066 0.562781 0.0903765 0.141842
0 0.71626 0.620395 0.567481 0.756629
4 0.935574 0.522354 0.128852 0.931311
0 0.149303 0.5 0.298606 1
3 0.252587 0.689301 0.505174 0.621397
0 0.609001 0.890089 0.781998 0.219821
4 0.0873842 0.719202 0.167973 0.304845
3 0.973648 0.0980548 0.0527037 0.19611
0 0.884943 0.3717 0.230114 0.7434
4 0.657403 0.741805 0.685194 0.512783
0 0.115718 0.493943 0.231437 0.874476
0 0.910684 0.43169 0.178632 0.86338
3 0.638152 0.852171 0.723695 0.295658
2 0.948163 0.334436 0.103674 0.668871
4 0.10836 0.5 0.21672 1
4 0.103008 0.637839 0.196963 0.474094
1 0.213114 0.780442 0.422652 0.42433
3 0.372718 0.702441 0.342365 0.482569
4 0.252587 0.689301 0.505174 0.621397
4 0.616065 0.604834 0.733051 0.335123
2 0.0140746 0.5 0.0281491 1
2 0.916161 0.0524562 0.167679 0.104912
2 0.961021 0.154858 0.0779589 0.309716
4 0.973648 0.0980548 0.0527037 0.19611
0 0.5 0.361216 1 0.722431
4 0.00779989 0.493197 0.0155998 0.986394
0 0.431911 0.172434 0.857276 0.247298
0 0.56389 0.836702 0.743226 0.326597
0 0.863254 0.456531 0.153654 0.130475
0 0.614111 0.868987 0.771779 0.262026
2 0.0728952 0.769359 0.14579 0.461281
0 0.65094 0.718374 0.69812 0.537894
3 0.94039 0.0806773 0.119219 0.161355
1 0.593922 0.894457 0.812156 0.211085
3 0.72767 0.5 0.54466 1
0 0.764901 0.0355533 0.470199 0.0711066
2 0.72767 0.5 0.54466 1
0 0.978668 0.339064 0.0426638 0.678128
2 0.625972 0.42117 0.59998 0.710979
1 0.625972 0.42117 0.59998 0.710979
4 0.0118219 0.427957 0.0236439 0.855914
3 0.268953 0.244741 0.537905 0.489482
2 0.0111707 0.5 0.0223413 1
0 0.62484 0.054669 0.714791 0.109338
2 0.764901 0.0355533 0.470199 0.0711066
4 0.941028 0.182044 0.117944 0.364089
0 0.00627122 0.798552 0.0125424 0.402896
1 0.545091 0.528527 0.909818 0.942947
2 0.71819 0.746612 0.56362 0.455205
0 0.206127 0.154544 0.412255 0.309088
4 0.508425 0.0690656 0.8181 0.138131
3 0.319578 0.529302 0.639155 0.941396
1 0.681788 0.531424 0.636424 0.937152
4 0.532902 0.341889 0.934196 0.683778
3 0.739251 0.747003 0.521499 0.505994
2 0.796009 0.454429 0.407982 0.908858
4 0.228302 0.212184 0.456605 0.424369
3 0.431911 0.172434 0.857276 0.247298
4 0.948163 0.334436 0.103674 0.668871
3 0.0112704 0.81844 0.0225408 0.363119
4 0.808222 0.0354392 0.383556 0.0708783
0 0.879273 0.0482078 0.241453 0.0964157
0 0.751652 0.444024 0.496697 0.888048
3 0.275423 0.85648 0.550847 0.287039
4 0.979014 0.118016 0.0419712 0.236032
4 0.996516 0.81668 0.00696754 0.36664
2 0.206127 0.154544 0.412255 0.309088
2 0.00627122 0.798552 0.0125424 0.402896
0 0.530322 0.787293 0.660317 0.425415
4 0.705773 0.0473612 0.583273 0.0947225
4 0.961021 0.154858 0.0779589 0.309716
3 0.383103 0.5 0.766205 1
0 0.467717 0.816032 0.526593 0.367935
4 0.00627122 0.798552 0.0125424 0.402896
0 0.120461 0.5 0.240922 1
1 0.508419 0.740226 0.512374 0.519548
1 0.0436955 0.774759 0.0873909 0.450481
3 0.5 0.361216 1 0.722431
0 0.650599 0.82624 0.698802 0.34752
4 0.222815 0.814659 0.44563 0.370682
2 0.31634 0.195885 0.63268 0.391769
1 0.508425 0.0690656 0.8181 0.138131
1 0.088729 0.763946 0.171324 0.395622
3 0.5 0.424779 1 0.849559
2 0.486978 0.0654027 0.7484 0.130805
0 0.941028 0.182044 0.117944 0.364089
3 0.937917 0.67054 0.124167 0.658919
4 0.0111707 0.5 0.0223413 1
4 0.124273 0.578455 0.239538 0.84309
4 0.451622 0.52066 0.903244 0.958679
2 0.51841 0.374792 0.963181 0.749585
4 0.0436955 0.774759 0.0873909 0.450481
0 0.26965 0.833759 0.5393 0.332482
1 0.475486 0.286846 0.950972 0.515957
3 0.916161 0.0524562 0.167679 0.104912
4 0.71626 0.620395 0.567481 0.756629
0 0.353326 0.0770482 0.653285 0.154096
1 0.372718 0.702441 0.342365 0.482569
4 0.90423 0.47606 0.191541 0.952121
0 0.0112704 0.81844 0.0225408 0.363119
1 0.996516 0.81668 0.00696754 0.36664
4 0.960717 0.0829299 0.0785667 0.16586
4 0.728233 0.36764 0.543534 0.73528
0 0.0118219 0.427957 0.0236439 0.855914
3 0.155864 0.782029 0.311524 0.435942
4 0.478672 0.317272 0.957345 0.634544
3 0.601895 0.563401 0.796209 0.873198
4 0.0594751 0.490771 0.11895 0.981543
2 0.273227 0.668049 0.546299 0.462
4 0.115718 0.493943 0.231437 0.874476
2 0.228302 0.212184 0.456605 0.424369
2 0.705773 0.0473612 0.583273 0.0947225
3 0.941028 0.182044 0.117944 0.364089
0 0.617555 0.752681 0.546659 0.488492
1 0.546865 0.889563 0.813739 0.220875
4 0.593922 0.894457 0.812156 0.211085
2 0.996996 0.786059 0.00600719 0.427883
4 0.0140746 0.5 0.0281491 1
4 0.907588 0.730208 0.184823 0.539584
4 0.982648 0.311976 0.0347045 0.623953
0 0.427323 0.145515 0.854646 0.291031
0 0.151683 0.77932 0.300763 0.441359
2 0.112091 0.499159 0.224181 0.998318
0 0.417855 0.5 0.835711 1
3 0.222815 0.814659 0.44563 0.370682
4 0.0112704 0.81844 0.0225408 0.363119
3 0.0594751 0.490771 0.11895 0.981543
4 0.638152 0.852171 0.723695 0.295658
0 0.499776 0.832316 0.765547 0.335369
4 0.51841 0.374792 0.963181 0.749585
4 0.151683 0.77932 0.300763 0.441359
2 0.387699 0.16885 0.775398 0.3377
4 0.475486 0.286846 0.950972 0.515957
1 0.457303 0.187901 0.914607 0.272048
0 0.916161 0.0524562 0.167679 0.104912
2 0.265777 0.0966251 0.531555 0.19325
3 0.960717 0.0829299 0.0785667 0.16586
2 0.516067 0.426319 0.350052 0.474935
0 0.222815 0.814659 0.44563 0.370682
4 0.275423 0.85648 0.550847 0.287039
0 0.265777 0.0966251 0.531555 0.19325
2 0.748454 0.698388 0.503092 0.603223
0 0.0592598 0.426674 0.11852 0.853348
3 0.582521 0.896399 0.834957 0.207202
2 0.884943 0.3717 0.230114 0.7434
1 0.597331 0.346397 0.805337 0.692794
0 0.478672 0.317272 0.957345 0.634544
0 0.981814 0.506615 0.0363727 0.807301
4 0.937917 0.67054 0.124167 0.658919
3 0.981814 0.506615 0.0363727 0.807301
0 0.208581 0.5 0.417161 1
3 0.955221 0.722794 0.0895571 0.554412
1 0.425005 0.818177 0.647853 0.363645
4 0.213114 0.780442 0.422652 0.42433
3 0.31634 0.195885 0.63268 0.391769
1 0.796009 0.454429 0.407982 0.908858
4 0.884943 0.3717 0.230114 0.7434
1 0.62484 0.054669 0.714791 0.109338
2 0.739251 0.747003 0.521499 0.505994
2 0.300742 0.658145 0.601484 0.683711
3 0.628104 0.871324 0.743791 0.257352
1 0.387699 0.16885 0.775398 0.3377
3 0.228302 0.212184 0.456605 0.424369
0 0.0111707 0.5 0.0223413 1
2 0.993524 0.760695 0.0129524 0.47861
3 0.728233 0.36764 0.543534 0.73528
3 0.273227 0.668049 0.546299 0.462
3 0.207165 0.305532 0.414331 0.611063
0 0.842717 0.460687 0.192319 0.148681
4 0.0860998 0.780073 0.1722 0.439854
4 0.546865 0.889563 0.813739 0.220875
2 0.475486 0.286846 0.950972 0.515957
4 0.879273 0.0482078 0.241453 0.0964157
4 0.730017 0.523681 0.539965 0.952638
3 0.00779989 0.493197 0.0155998 0.986394
4 0.293189 0.636764 0.586377 0.726473
1 0.226282 0.648401 0.452564 0.683579
4 0.31634 0.195885 0.63268 0.391769
4 0.94039 0.0806773 0.119219 0.161355
3 0.623803 0.682829 0.752394 0.629718
2 0.941028 0.182044 0.117944 0.364089
1 0.960717 0.0829299 0.0785667 0.16586
1 0.151683 0.77932 0.300763 0.441359
4 0.649749 0.407702 0.700503 0.815404
3 0.088729 0.763946 0.171324 0.395622
0 0.16778 0.5 0.33556 1
4 0.217309 0.606414 0.434617 0.787171
3 0.217309 0.606414 0.434617 0.787171
0 0.601895 0.563401 0.796209 0.873198
3 0.781404 0.672686 0.437192 0.654628
0 0.565905 0.767644 0.86819 0.457301
3 0.716776 0.678724 0.531677 0.354206
1 0.960146 0.270886 0.0797073 0.541773
4 0.958179 0.769502 0.083643 0.460997
0 0.316649 0.790332 0.218704 0.419337
1 0.10836 0.5 0.21672 1
3 0.954435 0.467482 0.0911291 0.934965
3 0.0728952 0.769359 0.14579 0.461281
4 0.625972 0.42117 0.59998 0.710979
3 0.585351 0.879529 0.829298 0.240943
0 0.228302 0.212184 0.456605 0.424369
0 0.501373 0.565939 0.0919555 0.142963
0 0.844554 0.386217 0.190124 0.284649
0 0.893154 0.183235 0.213692 0.366471
0 0.203861 0.380601 0.159568 0.261975
0 0.600086 0.508657 0.0236199 0.0197738
0 0.211614 0.468926 0.149301 0.0901533
0 0.0806478 0.681028 0.161296 0.218399
0 0.810988 0.470839 0.125014 0.118223
0 0.402173 0.397268 0.182065 0.101995
0 0.842054 0.47127 0.184715 0.12275
0 0.17301 0.381239 0.10902 0.25699
0 0.127042 0.375449 0.174065 0.251001
0 0.509194 0.5342 0.0587204 0.0785726
0 0.147959 0.354965 0.295918 0.314519
0 0.514862 0.511444 0.0367163 0.0377563
0 0.174259 0.467556 0.0696019 0.0626976
0 0.871844 0.389717 0.256313 0.288982
0 0.107395 0.348461 0.21479 0.30767
0 0.0260943 0.412304 0.0521886 0.0589531
0 0.798609 0.495699 0.0987492 0.0602166
0 0.858652 0.477785 0.163467 0.0880104
0 0.404924 0.378213 0.184352 0.0631343
0 0.498118 0.54092 0.0798014 0.0972582
0 0.268481 0.505339 0.0291113 0.0280476
0 0.518174 0.514785 0.0303301 0.0457438
0 0.187318 0.248864 0.37098 0.497728
0 0.607053 0.509165 0.036918 0.0195463
0 0.74255 0.239644 0.5149 0.477353
0 0.358615 0.468536 0.0378283 0.0631095
1 0.512247 0.556781 0.124556 0.154757
2 0.512247 0.556781 0.124556 0.154757
0 0.35456 0.227453 0.369346 0.447362
0 0.511316 0.505831 0.0411909 0.0410847
1 0.0819693 0.684608 0.163939 0.240128
0 0.170791 0.447858 0.0821842 0.103339
0 0.868765 0.269955 0.26247 0.53991
0 0.4444 0.229467 0.357566 0.45023
0 0.401275 0.425426 0.188415 0.159494
0 0.301296 0.239808 0.599779 0.476893
1 0.0903076 0.509119 0.180615 0.583965
0 0.177388 0.462917 0.0982465 0.0770853
0 0.0824025 0.328859 0.164805 0.326678
0 0.625953 0.230916 0.542536 0.450319
0 0.0903076 0.509119 0.180615 0.583965
0 0.327434 0.469928 0.0793407 0.0752647
0 0.802757 0.481418 0.109566 0.0925034
2 0.508705 0.709548 0.115928 0.457768
2 0.848229 0.392208 0.210496 0.286422
1 0.848229 0.392208 0.210496 0.286422
2 0.501627 0.565338 0.0885494 0.147087
0 0.305291 0.473482 0.0383241 0.0703369
0 0.947909 0.389458 0.104118 0.243797
0 0.0738626 0.781701 0.147725 0.425504
0 0.232115 0.476765 0.107434 0.0821173
0 0.959052 0.487833 0.0535004 0.0429903
0 0.279724 0.780391 0.188504 0.439218
1 0.135628 0.318923 0.271257 0.367789
0 0.955213 0.483693 0.0556469 0.0548614
0 0.314112 0.438119 0.0818912 0.142458
3 0.500496 0.56608 0.0890566 0.143628
0 0.0894562 0.610846 0.178912 0.374531
0 0.89073 0.506856 0.101847 0.0476272
0 0.322929 0.452559 0.109986 0.0981053
0 0.694019 0.43593 0.109838 0.134905
0 0.24778 0.492421 0.073889 0.0562295
0 0.0429256 0.439072 0.083482 0.0939251
0 0 0.637247 0 0.556846
0 0.872647 0.497724 0.254705 0.496015
0 0.762731 0.381099 0.383119 0.328641
0 0.224314 0.443594 0.177752 0.146832
0 0.623108 0.316834 0.578459 0.612063
0 0.143695 0.790386 0.287389 0.419227
0 0.731279 0.377915 0.0695646 0.182572
0 0.969533 0.719921 0.0609346 0.452434
0 0.298131 0.444232 0.162703 0.122038
1 0.647293 0.741563 0.449119 0.516873
1 0.49216 0.340743 0.15755 0.601623
0 0.916644 0.489517 0.0485275 0.0677657
1 0.0738626 0.781701 0.147725 0.425504
0 0.188428 0.791473 0.352501 0.417054
1 0.206854 0.793429 0.31146 0.413143
0 0.178578 0.81341 0.357155 0.373179
0 0.591221 0.494439 0.0484377 0.0451752
2 0.859381 0.459658 0.237277 0.398045
0 0.559104 0.484263 0.0304754 0.0487641
0 0.29682 0.409672 0.555441 0.819343
1 0.291564 0.796262 0.204415 0.407476
0 0.926331 0.174649 0.147337 0.349297
0 0.920044 0.483549 0.0414852 0.0554479
2 0.515916 0.323359 0.225982 0.632412
2 0.135628 0.318923 0.271257 0.367789
1 0.16469 0.76152 0.32938 0.38792
0 0.525757 0.740059 0.180295 0.519883
2 0.872647 0.497724 0.254705 0.496015
0 0.303665 0.485718 0.0272973 0.0401846
0 0.282284 0.636969 0.527193 0.699191
0 0.0312365 0.445419 0.0624731 0.0877196
0 0.297812 0.774031 0.24718 0.370239
0 0.216496 0.553963 0.1426 0.266941
3 0.879029 0.25358 0.241943 0.50716
0 0.963268 0.488983 0.0727886 0.0441037
0 0.11865 0.412637 0.2373 0.474709
0 0.954939 0.135576 0.090123 0.271151
1 0.147419 0.242623 0.294838 0.485246
0 0.0264043 0.399233 0.0526975 0.0431339
0 0.826661 0.794929 0.346678 0.410142
0 0.0295309 0.428463 0.0590619 0.102886
2 0.358918 0.464997 0.0395563 0.0585414
0 0.926419 0.174805 0.147161 0.34961
2 0.157794 0.367729 0.315589 0.292254
0 0.517152 0.525785 0.0439585 0.0635148
0 0.527199 0.257676 0.480637 0.474653
1 0.866864 0.282254 0.263185 0.504417
1 0.11865 0.412637 0.2373 0.474709
2 0.647293 0.741563 0.449119 0.516873
1 0.515916 0.323359 0.225982 0.632412
0 0.512247 0.556781 0.124556 0.154757
0 0.887425 0.492011 0.110667 0.0811393
0 0.028941 0.73916 0.0578819 0.375145
0 0.497292 0.518728 0.0730432 0.0633051
4 0.848229 0.392208 0.210496 0.286422
0 0.538423 0.544607 0.211752 0.166023
2 0.623108 0.316834 0.578459 0.612063
1 0.363286 0.81138 0.342604 0.37724
0 0.327634 0.620352 0.45005 0.389166
2 0.299173 0.243606 0.498793 0.456891
0 0.718257 0.225124 0.563485 0.450247
0 0.814402 0.723315 0.371181 0.55337
0 0.362413 0.33924 0.391689 0.67848
0 0.514759 0.219131 0.744525 0.433321
1 0.909821 0.185043 0.180358 0.370085
4 0.157794 0.367729 0.315589 0.292254
0 0.960656 0.78986 0.0786888 0.42028
2 0.762731 0.381099 0.383119 0.328641
1 0.155592 0.362164 0.305385 0.302285
0 0.515916 0.323359 0.225982 0.632412
2 0.174785 0.263134 0.34957 0.500601
4 0.873844 0.354492 0.252311 0.359808
0 0.217938 0.491191 0.13628 0.131769
0 0.794594 0.203774 0.410813 0.407548
0 0.848659 0.206898 0.302682 0.413795
1 0.651403 0.257254 0.539983 0.481745
0 0.356096 0.734119 0.315522 0.531763
0 0.581257 0.547086 0.239392 0.176486
2 0.307202 0.804487 0.237113 0.391026
0 0.802984 0.849998 0.394032 0.300005
0 0.552999 0.743091 0.536856 0.513818
0 0.00734515 0.796013 0.0146903 0.407974
4 0.133047 0.335454 0.266095 0.318579
4 0.501501 0.561669 0.0987618 0.154841
0 0.485342 0.578688 0.0615306 0.116351
4 0.299173 0.243606 0.498793 0.456891
0 0.531562 0.944449 0.501514 0.111103
0 0.0343956 0.393947 0.0687911 0.149019
2 0.303665 0.485718 0.0272973 0.0401846
3 0.421091 0.692603 0.289714 0.496922
0 0.965797 0.100523 0.0684063 0.201046
2 0.343506 0.410697 0.659597 0.821393
1 0.557214 0.321651 0.563159 0.643302
4 0.970018 0.662465 0.0599644 0.558293
2 0.74255 0.239644 0.5149 0.477353
3 0.970018 0.662465 0.0599644 0.558293
0 0.526361 0.293915 0.716706 0.58783
0 0.803416 0.509386 0.0886717 0.0349023
4 0.953541 0.590958 0.0929171 0.633996
2 0.970018 0.662465 0.0599644 0.558293
4 0.112311 0.231091 0.224622 0.462183
0 0.203393 0.180904 0.406786 0.361809
4 0.174785 0.263134 0.34957 0.500601
4 0.936319 0.646184 0.127361 0.707632
2 0.827065 0.670347 0.34587 0.659306
1 0.969533 0.719921 0.0609346 0.452434
0 0.953541 0.590958 0.0929171 0.633996
2 0.953541 0.590958 0.0929171 0.633996
0 0.37594 0.636199 0.400128 0.70591
4 0.839524 0.719869 0.320953 0.560262
3 0.953541 0.590958 0.0929171 0.633996
3 0.327634 0.620352 0.45005 0.389166
0 0.0223249 0.700929 0.0446499 0.326209
3 0.157794 0.367729 0.315589 0.292254
2 0.0819693 0.684608 0.163939 0.240128
3 0.0140026 0.18455 0.0280052 0.3691
0 0.421091 0.692603 0.289714 0.496922
0 0.430758 0.793743 0.46696 0.412515
0 0.730916 0.654836 0.53293 0.690328
0 0.207906 0.600875 0.415813 0.745062
3 0.821984 0.809417 0.356032 0.381167
3 0.565672 0.253842 0.456821 0.467983
4 0.896597 0.824185 0.206806 0.35163
0 0.240945 0.799675 0.300358 0.40065
0 0.556992 0.492879 0.0266388 0.0436052
0 0.01068 0.553028 0.0213601 0.570803
0 0.863183 0.340404 0.273633 0.39414
1 0.356096 0.734119 0.315522 0.531763
3 0.320103 0.228048 0.406404 0.423751
0 0.46064 0.903478 0.537381 0.193044
1 0.953541 0.590958 0.0929171 0.633996
0 0.270615 0.194441 0.534611 0.388883
1 0.873844 0.354492 0.252311 0.359808
0 0.49216 0.340743 0.15755 0.601623
3 0.174785 0.263134 0.34957 0.500601
3 0.49216 0.340743 0.15755 0.601623
2 0.168969 0.525342 0.337939 0.667585
3 0.343506 0.410697 0.659597 0.821393
0 0.374218 0.807208 0.367049 0.385583
2 0.49216 0.340743 0.15755 0.601623
1 0.762731 0.381099 0.383119 0.328641
1 0.189051 0.227107 0.366267 0.454214
4 0.783511 0.671478 0.432979 0.657043
3 0.257408 0.530919 0.492397 0.524161
3 0.936319 0.646184 0.127361 0.707632
3 0.37594 0.636199 0.400128 0.70591
0 0.862708 0.680943 0.274583 0.638114
3 0.830256 0.706233 0.339489 0.587533
0 0.25215 0.499334 0.0645886 0.0400199
4 0.343506 0.410697 0.659597 0.821393
3 0.867464 0.439357 0.265072 0.395922
0 0.112311 0.231091 0.224622 0.462183
3 0.664856 0.439157 0.0528495 0.163035
1 0.421091 0.692603 0.289714 0.496922
0 0.469694 0.732023 0.53818 0.535954
4 0.733193 0.240242 0.533614 0.475735
1 0.954939 0.135576 0.090123 0.271151
0 0.896597 0.824185 0.206806 0.35163
2 0.909821 0.185043 0.180358 0.370085
1 0.826952 0.811604 0.346096 0.376792
1 0.469694 0.732023 0.53818 0.535954
1 0.143695 0.790386 0.287389 0.419227
1 0.42158 0.817302 0.451798 0.365396
2 0.730916 0.654836 0.53293 0.690328
0 0 0.525038 0 0.710995
0 0.386346 0.281303 0.744864 0.562607
2 0.826661 0.794929 0.346678 0.410142
2 0.305291 0.473482 0.0383241 0.0703369
1 0.565672 0.253842 0.456821 0.467983
0 0.314489 0.820799 0.257924 0.358402
2 0.798609 0.495699 0.0987492 0.0602166
3 0.863183 0.340404 0.273633 0.39414
0 0.607296 0.685819 0.654842 0.628361
3 0.00930493 0.221154 0.0186099 0.442307
2 0.11865 0.412637 0.2373 0.474709
2 0.304944 0.606023 0.518034 0.634997
4 0.867464 0.439357 0.265072 0.395922
4 0.46064 0.903478 0.537381 0.193044
1 0.46064 0.903478 0.537381 0.193044
0 0.864298 0.820064 0.271404 0.359872
1 0.959869 0.738374 0.0802616 0.523252
0 0.72196 0.921137 0.556081 0.157725
0 0.930116 0.688302 0.139769 0.623397
3 0.623108 0.316834 0.578459 0.612063
0 0.316305 0.482864 0.0500943 0.045413
2 0.527199 0.257676 0.480637 0.474653
1 0.785836 0.253737 0.428328 0.507475
2 0.581257 0.547086 0.239392 0.176486
0 0.579297 0.487881 0.0714537 0.0483414
3 0.304944 0.606023 0.518034 0.634997
3 0.538423 0.544607 0.211752 0.166023
0 0.789355 0.432608 0.312815 0.312322
0 0.634718 0.937654 0.639876 0.124692
1 0.196191 0.807432 0.392382 0.385136
4 0.565672 0.253842 0.456821 0.467983
4 0.304944 0.606023 0.518034 0.634997
0 0.627189 0.755259 0.574187 0.489481
3 0.207906 0.600875 0.415813 0.745062
1 0.508705 0.709548 0.115928 0.457768
0 0.0140026 0.18455 0.0280052 0.3691
2 0.877352 0.268395 0.245297 0.53679
0 0.168969 0.525342 0.337939 0.667585
2 0.255585 0.802174 0.24141 0.395652
3 0.512247 0.556781 0.124556 0.154757
0 0.732253 0.475687 0.382316 0.285453
0 0.0688016 0.422558 0.137603 0.149654
2 0.896597 0.824185 0.206806 0.35163
4 0.685247 0.663271 0.629507 0.673458
3 0.84211 0.404445 0.207139 0.297362
4 0.327634 0.620352 0.45005 0.389166
1 0.168969 0.525342 0.337939 0.667585
2 0.363286 0.81138 0.342604 0.37724
4 0.42158 0.817302 0.451798 0.365396
3 0.965797 0.100523 0.0684063 0.201046
3 0.896597 0.824185 0.206806 0.35163
4 0.0140026 0.18455 0.0280052 0.3691
4 0.412683 0.230585 0.404169 0.443588
4 0.909821 0.185043 0.180358 0.370085
2 0.65641 0.696308 0.576447 0.607384
0 0.859381 0.459658 0.237277 0.398045
1 0.896597 0.824185 0.206806 0.35163
3 0.531562 0.944449 0.501514 0.111103
1 0.930116 0.688302 0.139769 0.623397
1 0.819329 0.678798 0.361342 0.642403
2 0.143695 0.790386 0.287389 0.419227
0 0.0245851 0.817369 0.0491703 0.365262
4 0.623108 0.316834 0.578459 0.612063
0 0.72661 0.760253 0.526227 0.479493
2 0.356096 0.734119 0.315522 0.531763
0 0.631219 0.738232 0.364443 0.523536
3 0.733193 0.240242 0.533614 0.475735
4 0.178527 0.79606 0.357055 0.407881
0 0.701899 0.407997 0.128674 0.200019
3 0.762731 0.381099 0.383119 0.328641
0 0.498826 0.57133 0.0927649 0.141018
0 0.84518 0.469679 0.194636 0.119943
0 0.819413 0.472061 0.140471 0.11637
0 0.808568 0.483434 0.134449 0.0962976
0 0.876823 0.487815 0.132948 0.0986881
0 0.804282 0.494439 0.116509 0.0620498
0 0.513186 0.510093 0.0362245 0.0353045
0 0.171334 0.671997 0.342668 0.270065
2 0.804282 0.494439 0.116509 0.0620498
2 0.807227 0.479894 0.124205 0.0999878
3 0.0553574 0.432122 0.0140785 0.043041
0 0.884718 0.505694 0.116973 0.0614968
0 0.18046 0.529943 0.36092 0.5309
0 0.49972 0.594548 0.0950729 0.101357
1 0.156939 0.638423 0.0303891 0.168707
0 0.728704 0.271922 0.541961 0.543844
0 0.956963 0.758303 0.0860744 0.483393
0 0.1173 0.682653 0.2346 0.271512
0 0.584038 0.5 0.831923 1
1 0.158053 0.717728 0.316106 0.337355
2 0.848525 0.459518 0.19804 0.148511
0 0.158053 0.717728 0.316106 0.337355
1 0.963406 0.734325 0.0731871 0.531351
1 0.160397 0.616902 0.037854 0.197873
0 0.782591 0.763937 0.430227 0.472126
0 0.971213 0.691455 0.0575744 0.588084
0 0.255985 0.40433 0.51197 0.80866
1 0.513186 0.510093 0.0362245 0.0353045
2 0.499558 0.569824 0.0910197 0.142594
0 0.869717 0.469447 0.142751 0.134587
0 0.831325 0.790201 0.33735 0.419599
2 0.971213 0.691455 0.0575744 0.588084
1 0.116871 0.26654 0.233742 0.533079
0 0.20776 0.769755 0.41552 0.460491
0 0.304673 0.756502 0.372248 0.486997
0 0.184761 0.255515 0.369522 0.511031
0 0.177241 0.390617 0.354482 0.781233
2 0.697391 0.300965 0.605219 0.60193
1 0.171334 0.671997 0.342668 0.270065
1 0.166257 0.634838 0.0590585 0.209814
1 0.123459 0.685784 0.246918 0.28549
0 0.507741 0.557319 0.101106 0.154233
0 0.793594 0.467413 0.160959 0.125568
1 0.17439 0.574594 0.34878 0.515563
0 0.418946 0.754299 0.449148 0.491402
0 0.143491 0.768379 0.286981 0.463242
1 0.13396 0.531899 0.26792 0.499768
0 0.478642 0.591022 0.0498552 0.10675
0 0.417879 0.5 0.824029 1
1 0.848525 0.459518 0.19804 0.148511
0 0.644471 0.5 0.653466 1
0 0.963953 0.160346 0.0720949 0.320692
1 0.187213 0.762453 0.374427 0.448473
0 0.646441 0.294903 0.615861 0.589806
0 0.450167 0.354356 0.29599 0.708713
0 0.487387 0.462902 0.876509 0.925804
2 0.158053 0.717728 0.316106 0.337355
0 0.263577 0.24601 0.527154 0.492021
0 0.19378 0.47869 0.367515 0.373587
2 0.17439 0.574594 0.34878 0.515563
0 0.884724 0.733931 0.230552 0.532138
0 0.498152 0.718003 0.122022 0.518055
0 0.334137 0.5 0.668275 1
1 0.818885 0.496259 0.124798 0.0703041
2 0.956963 0.758303 0.0860744 0.483393
0 0.515129 0.52451 0.0394374 0.0604697
0 0.356761 0.80834 0.350479 0.383319
0 0.656659 0.414455 0.592759 0.76719
4 0.513186 0.510093 0.0362245 0.0353045
0 0.358059 0.474397 0.0380401 0.0739312
0 0.846244 0.396794 0.192752 0.272757
0 0.299048 0.680674 0.505158 0.61246
1 0.952538 0.778317 0.0949236 0.443366
2 0.387349 0.300699 0.774698 0.601398
2 0.478642 0.591022 0.0498552 0.10675
2 0.171334 0.671997 0.342668 0.270065
0 0.0164937 0.740955 0.0329873 0.51809
2 0.184761 0.255515 0.369522 0.511031
2 0.610238 0.5 0.779523 1
0 0.625348 0.376246 0.749304 0.752493
0 0.13396 0.531899 0.26792 0.499768
0 0.960537 0.250312 0.0789267 0.500624
0 0.41551 0.560507 0.26831 0.316979
2 0.187213 0.762453 0.374427 0.448473
0 0.343337 0.473794 0.0691143 0.0779788
1 0.697391 0.300965 0.605219 0.60193
3 0.848525 0.459518 0.19804 0.148511
0 0.942417 0.797444 0.115166 0.405112
2 0.846124 0.59197 0.196349 0.414842
3 0.502968 0.559581 0.101457 0.15412
0 0.158124 0.306987 0.312519 0.613974
0 0.337252 0.27151 0.674504 0.54302
2 0.656659 0.414455 0.592759 0.76719
0 0.387815 0.653029 0.435669 0.669287
1 0.967601 0.617189 0.0647982 0.678243
0 0.0262529 0.782038 0.0525058 0.435924
3 0.056319 0.447947 0.0129045 0.0735305
2 0.874769 0.467792 0.137796 0.117088
1 0.147029 0.656392 0.11805 0.216218
0 0.178144 0.21398 0.356287 0.42796
0 0.664254 0.2582 0.671493 0.5164
4 0.18046 0.529943 0.36092 0.5309
0 0.203615 0.366794 0.407229 0.419314
2 0.116871 0.26654 0.233742 0.533079
2 0.324363 0.5 0.632297 1
0 0.896883 0.501364 0.105312 0.074893
2 0.506527 0.723666 0.0989737 0.477757
4 0.683832 0.311548 0.632336 0.623095
0 0.297592 0.425856 0.595185 0.851711
1 0.963362 0.196449 0.0732766 0.392897
1 0.373476 0.820166 0.367279 0.359669
1 0.542536 0.749045 0.292753 0.50191
2 0.418946 0.754299 0.449148 0.491402
1 0.418946 0.754299 0.449148 0.491402
0 0.885716 0.467917 0.110835 0.0905801
0 0.438873 0.677292 0.235045 0.484416
1 0.231153 0.274275 0.462306 0.548549
2 0.13396 0.531899 0.26792 0.499768
3 0.610595 0.544075 0.347594 0.169036
0 0.116871 0.26654 0.233742 0.533079
2 0.248689 0.456439 0.335572 0.30376
4 0.705672 0.744607 0.363021 0.496465
1 0.610238 0.5 0.779523 1
0 0.584066 0.285458 0.831869 0.570916
2 0.0164937 0.740955 0.0329873 0.51809
2 0.956231 0.269823 0.0875389 0.539647
0 0.631728 0.771081 0.607822 0.457838
2 0.967601 0.617189 0.0647982 0.678243
0 0.435726 0.33616 0.262691 0.610665
0 0.63743 0.565281 0.358037 0.138974
0 0.863804 0.269786 0.272393 0.539571
4 0.387349 0.300699 0.774698 0.601398
2 0.862397 0.272204 0.274069 0.544408
0 0.719286 0.70082 0.464975 0.433173
2 0.0262529 0.782038 0.0525058 0.435924
0 0.350867 0.469689 0.0504087 0.0742648
3 0.707104 0.281704 0.582307 0.563407
2 0.610595 0.544075 0.347594 0.169036
1 0.696934 0.263638 0.606132 0.527276
1 0.155452 0.631501 0.0393993 0.148914
1 0.856681 0.211885 0.286638 0.423771
2 0.741434 0.221565 0.517133 0.443129
0 0.408946 0.322329 0.817892 0.644659
0 0.508338 0.774012 0.603876 0.451976
0 0.349456 0.519331 0.391821 0.499681
0 0.101528 0.336286 0.203057 0.672572
1 0.847778 0.513212 0.0316143 0.0443355
2 0.803526 0.682831 0.392947 0.582914
1 0.501611 0.562773 0.0969025 0.152846
4 0.656659 0.414455 0.592759 0.76719
3 0.324363 0.5 0.632297 1
1 0.156483 0.607114 0.0303191 0.117656
0 0.676218 0.429844 0.533764 0.45249
2 0.109958 0.719468 0.219916 0.358965
2 0.666028 0.82033 0.590157 0.359341
0 0.498028 0.326555 0.993115 0.653111
0 0.0171563 0.628644 0.0343125 0.470116
1 0.435726 0.33616 0.262691 0.610665
0 0.832461 0.460412 0.250721 0.130505
2 0.19378 0.47869 0.367515 0.373587
1 0.275724 0.793288 0.316012 0.413423
0 0.610595 0.544075 0.347594 0.169036
2 0.644471 0.5 0.653466 1
1 0.803526 0.682831 0.392947 0.582914
4 0.610595 0.544075 0.347594 0.169036
1 0.956231 0.269823 0.0875389 0.539647
3 0.203615 0.366794 0.407229 0.419314
2 0.191227 0.482867 0.382454 0.606067
1 0.884724 0.733931 0.230552 0.532138
1 0.857646 0.49997 0.112725 0.0666739
2 0.794699 0.766837 0.410602 0.466325
0 0.380359 0.252437 0.760719 0.504874
1 0.41551 0.560507 0.26831 0.316979
1 0.169797 0.378134 0.332778 0.756269
0 0.667345 0.762963 0.373119 0.474075
3 0.41551 0.560507 0.26831 0.316979
0 0.31121 0.211106 0.62242 0.422212
4 0.501611 0.562773 0.0969025 0.152846
0 0.0285024 0.47405 0.0570049 0.609813
3 0.498152 0.718003 0.122022 0.518055
3 0.82854 0.267109 0.34292 0.534218
3 0.736368 0.756386 0.350075 0.487228
4 0.231153 0.274275 0.462306 0.548549
4 0.666028 0.82033 0.590157 0.359341
4 0.599333 0.462703 0.801335 0.925407
4 0.13396 0.531899 0.26792 0.499768
3 0.90736 0.673542 0.185279 0.622678
2 0.471045 0.597817 0.0358801 0.0977064
3 0.977141 0.255186 0.0457176 0.510372
3 0.666028 0.82033 0.590157 0.359341
0 0.719646 0.798916 0.557502 0.402168
3 0.884724 0.733931 0.230552 0.532138
0 0.506785 0.511236 0.048882 0.0427848
2 0.349456 0.519331 0.391821 0.499681
4 0.848525 0.459518 0.19804 0.148511
4 0.956231 0.269823 0.0875389 0.539647
4 0.741434 0.221565 0.517133 0.443129
1 0.255985 0.40433 0.51197 0.80866
2 0.942417 0.797444 0.115166 0.405112
2 0.297592 0.425856 0.595185 0.851711
0 0.807256 0.522097 0.152136 0.192472
2 0.963362 0.196449 0.0732766 0.392897
4 0.347133 0.5 0.694265 1
3 0.849249 0.807979 0.301502 0.384043
4 0.255985 0.40433 0.51197 0.80866
0 0.948036 0.81184 0.103927 0.376319
2 0.581117 0.341561 0.837766 0.683123
3 0.810732 0.474675 0.12233 0.109636
1 0.324363 0.5 0.632297 1
4 0.0237828 0.250404 0.0475656 0.500808
0 0.217719 0.481873 0.166727 0.0854182
0 0.807219 0.837638 0.385563 0.324725
4 0.772788 0.762923 0.454424 0.474154
0 0.824282 0.668599 0.266669 0.576774
4 0.162447 0.249669 0.322881 0.499338
3 0.51307 0.368368 0.821133 0.736736
2 0.275724 0.793288 0.316012 0.413423
0 0.937457 0.266574 0.125086 0.533148
3 0.803526 0.682831 0.392947 0.582914
3 0.191227 0.482867 0.382454 0.606067
3 0.337252 0.27151 0.674504 0.54302
3 0.628017 0.5 0.680016 1
3 0.613887 0.339657 0.772226 0.679314
1 0.387349 0.300699 0.774698 0.601398
1 0.644471 0.5 0.653466 1
3 0.656659 0.414455 0.592759 0.76719
2 0.255985 0.40433 0.51197 0.80866
0 0.0630325 0.824754 0.126065 0.350492
4 0.90736 0.673542 0.185279 0.622678
0 0.0312299 0.434415 0.0624598 0.0659135
2 0.807219 0.837638 0.385563 0.324725
1 0.0164937 0.740955 0.0329873 0.51809
4 0.297592 0.425856 0.595185 0.851711
3 0.741434 0.221565 0.517133 0.443129
0 0.910414 0.271076 0.179173 0.542153
1 0.666028 0.82033 0.590157 0.359341
1 0.191227 0.482867 0.382454 0.606067
3 0.435726 0.33616 0.262691 0.610665
4 0.960039 0.191523 0.0799219 0.383045
4 0.116404 0.262687 0.232809 0.525373
3 0.297592 0.425856 0.595185 0.851711
1 0.0262529 0.782038 0.0525058 0.435924
4 0.55837 0.332343 0.88326 0.664687
1 0.869668 0.784862 0.260664 0.430275
1 0.78924 0.766986 0.42152 0.466029
1 0.180581 0.813766 0.361162 0.372468
2 0.41551 0.560507 0.26831 0.316979
1 0.656659 0.414455 0.592759 0.76719
1 0.514556 0.526359 0.0499197 0.0670799
2 0.435726 0.33616 0.262691 0.610665
2 0.824282 0.668599 0.266669 0.576774
3 0.977847 0.27571 0.0443051 0.551421
3 0.248689 0.456439 0.335572 0.30376
1 0.741434 0.221565 0.517133 0.443129
3 0.850583 0.649893 0.205167 0.559274
2 0.869668 0.784862 0.260664 0.430275
1 0.529217 0.829109 0.4961 0.341782
2 0.0285024 0.47405 0.0570049 0.609813
4 0.435726 0.33616 0.262691 0.610665
4 0.43457 0.473071 0.86914 0.946143
2 0.948036 0.81184 0.103927 0.376319
1 0.19378 0.47869 0.367515 0.373587
0 0.967601 0.617189 0.0647982 0.678243
2 0.885716 0.467917 0.110835 0.0905801
3 0.0237828 0.250404 0.0475656 0.500808
4 0.41551 0.560507 0.26831 0.316979
0 0.935739 0.399479 0.128522 0.3359
1 0.465604 0.368215 0.829443 0.73643
2 0.373476 0.820166 0.367279 0.359669
4 0.349456 0.519331 0.391821 0.499681
2 0.169797 0.378134 0.332778 0.756269
4 0.818885 0.496259 0.124798 0.0703041
2 0.0630325 0.824754 0.126065 0.350492
0 0.542536 0.749045 0.292753 0.50191
2 0.450167 0.354356 0.29599 0.708713
0 0.0553574 0.432122 0.0140785 0.043041
2 0.705672 0.744607 0.363021 0.496465
1 0.610595 0.544075 0.347594 0.169036
2 0.590644 0.838922 0.553516 0.322156
1 0.461467 0.82087 0.491477 0.358259
0 0.773857 0.277591 0.401779 0.535334
2 0.886224 0.486698 0.111287 0.0981736
1 0.498028 0.326555 0.993115 0.653111
4 0.203615 0.366794 0.407229 0.419314
4 0.807219 0.837638 0.385563 0.324725
3 0.590644 0.838922 0.553516 0.322156
0 0.590644 0.838922 0.553516 0.322156
2 0.542536 0.749045 0.292753 0.50191
3 0.0161305 0.722692 0.032261 0.50384
3 0.392508 0.686182 0.37676 0.59264
4 0.971213 0.691455 0.0575744 0.588084
4 0.948036 0.81184 0.103927 0.376319
1 0.631728 0.771081 0.607822 0.457838
1 0.414768 0.830963 0.433927 0.338074
2 0.101528 0.336286 0.203057 0.672572
0 0.248689 0.456439 0.335572 0.30376
2 0.465604 0.368215 0.829443 0.73643
1 0.55837 0.332343 0.88326 0.664687
1 0.150077 0.2547 0.300154 0.5094
0 0.941453 0.678138 0.117094 0.620571
0 0.498639 0.574962 0.0919802 0.137771
0 0.516486 0.511237 0.0280472 0.0344089
0 0.511052 0.508371 0.0393723 0.0431489
0 0.897414 0.781853 0.204392 0.436295
0 0.845174 0.788248 0.303559 0.423505
0 0.929716 0.773918 0.140151 0.452163
0 0.184873 0.784735 0.369746 0.425097
3 0.0558459 0.429073 0.0132657 0.0396974
0 0.186598 0.664944 0.373197 0.236708
0 0.278953 0.798681 0.557905 0.402639
0 0.517528 0.52099 0.0338925 0.0542778
2 0.186303 0.745002 0.369853 0.386215
0 0.293232 0.182277 0.586463 0.364554
0 0.949992 0.761074 0.100016 0.444125
0 0.15218 0.6987 0.30436 0.267595
0 0.240828 0.229987 0.481657 0.459975
1 0.897414 0.781853 0.204392 0.436295
2 0.516486 0.511237 0.0280472 0.0344089
2 0.500219 0.561605 0.0899382 0.149417
0 0.233668 0.71049 0.467335 0.336482
3 0.499434 0.570409 0.0892694 0.141197
0 0.000823347 0.614536 0.00164669 0.379629
0 0.199405 0.598145 0.39881 0.328607
0 0 0.651234 0 0.453787
0 0.842316 0.463104 0.190531 0.120836
0 0.266981 0.153623 0.533963 0.307246
0 0.271027 0.506762 0.0218549 0.02676
1 0.193538 0.762762 0.387076 0.428277
0 0.960058 0.167084 0.0798843 0.334168
2 0.15971 0.664776 0.316387 0.233148
0 0.76988 0.78274 0.460239 0.434521
0 0.705105 0.212727 0.584944 0.425454
0 0.294591 0.5 0.589181 1
0 0.250378 0.652215 0.496414 0.253929
1 0.516486 0.511237 0.0280472 0.0344089
2 0.151294 0.418232 0.291548 0.836465
0 0.178955 0.287781 0.348324 0.575562
1 0.929716 0.773918 0.140151 0.452163
3 0.000754781 0.14061 0.00150956 0.281219
2 0.188732 0.809508 0.377465 0.380984
2 0.19055 0.228143 0.374757 0.456286
2 0.897414 0.781853 0.204392 0.436295
0 0.599093 0.231307 0.801815 0.462615
0 0.836184 0.209653 0.320918 0.419306
2 0.496449 0.738942 0.122495 0.496766
0 0.956303 0.700471 0.0873938 0.460974
0 0.357689 0.764568 0.484976 0.470864
1 0.162881 0.800778 0.325762 0.398444
1 0.839002 0.191747 0.321638 0.383493
0 0.508314 0.557713 0.102231 0.151808
0 0.773407 0.269228 0.451566 0.538457
0 0.161465 0.564762 0.32293 0.40505
0 0.69043 0.762614 0.386462 0.474772
0 0.624229 0.762185 0.339963 0.47563
0 0.151294 0.418232 0.291548 0.836465
1 0.151294 0.418232 0.291548 0.836465
0 0.651796 0.46839 0.66012 0.93678
2 0.836184 0.209653 0.320918 0.419306
0 0.490807 0.42458 0.437458 0.84916
4 0.923884 0.82303 0.152232 0.35394
0 0.000815143 0.700789 0.00163029 0.469969
4 0.836184 0.209653 0.320918 0.419306
0 0.610631 0.776432 0.609405 0.447135
0 0.95983 0.223301 0.0803404 0.446603
4 0.19055 0.228143 0.374757 0.456286
0 0.44927 0.759115 0.473327 0.481771
1 0.240828 0.229987 0.481657 0.459975
0 0.00228014 0.303295 0.00456029 0.60659
0 0.0558459 0.429073 0.0132657 0.0396974
0 0.481052 0.822344 0.570941 0.355311
4 0.744607 0.271945 0.510786 0.54389
0 0.906456 0.283334 0.187089 0.566667
2 0.846169 0.781125 0.30464 0.437749
0 0.00146302 0.43308 0.00292605 0.488693
3 0.836184 0.209653 0.320918 0.419306
0 0.497242 0.270985 0.93398 0.54197
4 0.163687 0.774715 0.327373 0.45057
0 0.395964 0.193789 0.791928 0.387578
0 0.496449 0.738942 0.122495 0.496766
0 0.00103859 0.548389 0.00207719 0.403593
0 0.839002 0.191747 0.321638 0.383493
0 0.802373 0.506355 0.0950737 0.0388474
1 0.12171 0.350872 0.24342 0.682419
2 0.261875 0.558778 0.523749 0.27681
0 0.613531 0.274833 0.76067 0.549666
0 0.961174 0.184394 0.0776526 0.368788
0 0.162478 0.827403 0.324957 0.345193
2 0.29283 0.5 0.58566 1
1 0.00146302 0.43308 0.00292605 0.488693
1 0.500219 0.561605 0.0899382 0.149417
0 0.405703 0.265437 0.811407 0.530873
3 0.744607 0.271945 0.510786 0.54389
0 0.144093 0.497596 0.288185 0.477921
2 0.503091 0.703585 0.0921609 0.412184
4 0.731339 0.765618 0.483998 0.468764
0 0.941065 0.270679 0.11787 0.541359
1 0.440084 0.365354 0.390484 0.730707
0 0.0298033 0.82417 0.0596066 0.35166
1 0.943894 0.223665 0.112213 0.447329
2 0.95983 0.223301 0.0803404 0.446603
0 0.72758 0.170783 0.544841 0.341566
0 0.225669 0.5 0.451338 1
0 0.0904289 0.695845 0.178982 0.257786
0 0.261875 0.558778 0.523749 0.27681
1 0.85071 0.431325 0.227694 0.191899
3 0.00409074 0.0976548 0.00818147 0.19531
0 0.711628 0.559913 0.530715 0.235461
1 0.95983 0.223301 0.0803404 0.446603
4 0.839002 0.191747 0.321638 0.383493
0 0.562796 0.189138 0.874408 0.378276
0 0.854068 0.413427 0.258893 0.240258
1 0.836184 0.209653 0.320918 0.419306
0 0.00371747 0.792129 0.00743495 0.415741
1 0.000823347 0.614536 0.00164669 0.379629
0 0.572001 0.228836 0.855999 0.457673
0 0.704774 0.378155 0.590451 0.756309
1 0.178955 0.287781 0.348324 0.575562
4 0.191371 0.824327 0.379143 0.351347
0 0.455828 0.313969 0.911657 0.627937
0 0.626442 0.165769 0.747116 0.331538
0 0.373344 0.177731 0.746687 0.355462
0 0 0.571168 0 0.437188
2 0.651796 0.46839 0.66012 0.93678
2 0.226748 0.14808 0.450518 0.296161
1 0.651796 0.46839 0.66012 0.93678
0 0.403198 0.548243 0.277388 0.219265
0 0.955788 0.489566 0.0491623 0.0407621
1 0.00228014 0.303295 0.00456029 0.60659
4 0.813526 0.505942 0.0664583 0.0386955
2 0.12633 0.424173 0.242518 0.794224
0 0.942245 0.672929 0.113472 0.4832
1 0.00103859 0.548389 0.00207719 0.403593
0 0.463432 0.5 0.926864 1
3 0.960058 0.167084 0.0798843 0.334168
0 0 0.750317 0 0.499365
4 0.516486 0.511237 0.0280472 0.0344089
3 0.189664 0.777316 0.376803 0.445368
0 0.151958 0.262746 0.303917 0.525492
4 0.960058 0.167084 0.0798843 0.334168
0 0.174091 0.1746 0.348183 0.349201
0 0.7792 0.45583 0.428147 0.311149
1 0.266981 0.153623 0.533963 0.307246
4 0.261875 0.558778 0.523749 0.27681
0 0.716161 0.539747 0.533237 0.486933
0 0.955085 0.181319 0.0898306 0.362638
1 0.22412 0.419937 0.44824 0.839875
3 0.923884 0.82303 0.152232 0.35394
0 0.531834 0.513553 0.0393848 0.0436916
2 0.403198 0.548243 0.277388 0.219265
0 0.959907 0.580412 0.0801868 0.43136
2 0.000823347 0.614536 0.00164669 0.379629
1 0.941065 0.270679 0.11787 0.541359
0 0.00142899 0.145905 0.00285797 0.291809
0 0.440084 0.365354 0.390484 0.730707
0 0.879792 0.627658 0.229655 0.418759
0 0.803108 0.488414 0.106031 0.0750736
2 0.00146302 0.43308 0.00292605 0.488693
0 0.00409074 0.0976548 0.00818147 0.19531
4 0.226748 0.14808 0.450518 0.296161
0 0.448293 0.596258 0.213589 0.249999
0 0.797762 0.379493 0.382795 0.358646
2 0.960058 0.167084 0.0798843 0.334168
3 0.496449 0.738942 0.122495 0.496766
2 0.941065 0.270679 0.11787 0.541359
4 0.157019 0.655342 0.314038 0.24621
0 0 0.196258 0 0.392515
0 0.923884 0.82303 0.152232 0.35394
2 0.93878 0.793599 0.122439 0.412801
1 0.851954 0.187719 0.296092 0.375439
1 0.72758 0.170783 0.544841 0.341566
1 0.271601 0.5 0.543202 1
4 0.00409074 0.0976548 0.00818147 0.19531
2 0.00228014 0.303295 0.00456029 0.60659
2 0.373344 0.177731 0.746687 0.355462
3 0.242633 0.272344 0.485266 0.544688
0 0.568924 0.5 0.681776 1
3 0.000823347 0.614536 0.00164669 0.379629
3 0.49714 0.28203 0.914376 0.564061
2 0.22412 0.419937 0.44824 0.839875
0 0.943894 0.223665 0.112213 0.447329
1 0.626442 0.165769 0.747116 0.331538
1 0.00409074 0.0976548 0.00818147 0.19531
2 0.440084 0.365354 0.390484 0.730707
2 0.923884 0.82303 0.152232 0.35394
0 0.760719 0.206872 0.478561 0.413744
2 0.866043 0.447298 0.234482 0.159788
0 0.381719 0.40884 0.763439 0.81768
2 0.839002 0.191747 0.321638 0.383493
4 0.144093 0.497596 0.288185 0.477921
1 0.463432 0.5 0.926864 1
4 0.949992 0.761074 0.100016 0.444125
0 0.883273 0.268731 0.233289 0.537462
1 0.261875 0.558778 0.523749 0.27681
4 0.500219 0.561605 0.0899382 0.149417
1 0.542236 0.266015 0.915528 0.53203
1 0.373344 0.177731 0.746687 0.355462
4 0.81574 0.776467 0.36852 0.447066
3 0.779344 0.347972 0.437492 0.695944
3 0.974783 0.331661 0.050354 0.187142
2 0.755806 0.350289 0.488314 0.700579
1 0.960058 0.167084 0.0798843 0.334168
3 0.226748 0.14808 0.450518 0.296161
0 0.716797 0.794349 0.535908 0.411302
4 0.233668 0.71049 0.467335 0.336482
0 9.64567e-05 0.519173 0.000192913 0.403793
3 0.294591 0.5 0.589181 1
1 0.381719 0.40884 0.763439 0.81768
4 0.93878 0.793599 0.122439 0.412801
2 0.949992 0.761074 0.100016 0.444125
1 0.151958 0.262746 0.303917 0.525492
0 0.696006 0.574682 0.474378 0.138436
1 0.422175 0.210419 0.844349 0.420839
0 0.851954 0.187719 0.296092 0.375439
3 0 0.210265 0 0.420531
0 0.330382 0.153474 0.655096 0.306949
2 0.74331 0.188355 0.513379 0.376711
4 0.955788 0.489566 0.0491623 0.0407621
0 0.00152753 0.235957 0.00305507 0.471914
1 0.562796 0.189138 0.874408 0.378276
2 0.367148 0.204225 0.734295 0.40845
4 0.897156 0.792853 0.205688 0.414293
2 0.235057 0.767797 0.470114 0.438774
1 0.755806 0.350289 0.488314 0.700579
4 0.670124 0.805367 0.586308 0.389267
4 0.333711 0.171044 0.667422 0.342087
1 0.496449 0.738942 0.122495 0.496766
1 0.846169 0.781125 0.30464 0.437749
3 0.572001 0.228836 0.855999 0.457673
1 0.45828 0.831992 0.530722 0.336015
1 0.914882 0.266158 0.167423 0.532315
0 0.598401 0.816473 0.553931 0.367054
4 0.599093 0.231307 0.801815 0.462615
0 0.12633 0.424173 0.242518 0.794224
1 0.716797 0.794349 0.535908 0.411302
3 0.290994 0.213482 0.580191 0.426965
4 0.854068 0.413427 0.258893 0.240258
3 0.731339 0.765618 0.483998 0.468764
0 0.723216 0.610679 0.528342 0.209877
1 0.797762 0.379493 0.382795 0.358646
1 0.760719 0.206872 0.478561 0.413744
3 0.515355 0.561355 0.112009 0.134909
3 0.19055 0.228143 0.374757 0.456286
3 0.620147 0.222287 0.751408 0.444573
3 0.00228014 0.303295 0.00456029 0.60659
0 0.952335 0.440594 0.0953295 0.421132
4 0.29283 0.5 0.58566 1
4 0.120498 0.379684 0.240995 0.759368
2 0.599093 0.231307 0.801815 0.462615
4 0.242633 0.272344 0.485266 0.544688
3 0.914882 0.266158 0.167423 0.532315
2 0.0298033 0.82417 0.0596066 0.35166
0 0.403463 0.808554 0.457885 0.382892
2 0.69666 0.387931 0.551037 0.775862
4 0.496449 0.738942 0.122495 0.496766
4 0.95983 0.223301 0.0803404 0.446603
0 0.649291 0.554787 0.440841 0.161159
3 0.839002 0.191747 0.321638 0.383493
0 0.885991 0.507527 0.0958328 0.0481519
1 0.955085 0.181319 0.0898306 0.362638
4 0.866043 0.447298 0.234482 0.159788
1 0.511052 0.508371 0.0393723 0.0431489
1 0.906456 0.283334 0.187089 0.566667
1 0.412073 0.783135 0.492427 0.433731
4 0.952335 0.440594 0.0953295 0.421132
4 0.00228014 0.303295 0.00456029 0.60659
0 0.914882 0.266158 0.167423 0.532315
0 0.570988 0.463232 0.858024 0.926464
2 0.391724 0.751659 0.410217 0.491716
2 0.760719 0.206872 0.478561 0.413744
2 0.961174 0.184394 0.0776526 0.368788
0 0.866043 0.447298 0.234482 0.159788
4 0.49714 0.28203 0.914376 0.564061
3 0.403198 0.548243 0.277388 0.219265
1 0.250378 0.652215 0.496414 0.253929
2 0.161465 0.564762 0.32293 0.40505
1 0.952335 0.440594 0.0953295 0.421132
2 0.174091 0.1746 0.348183 0.349201
1 0.15971 0.664776 0.316387 0.233148
0 0.281591 0.431063 0.563183 0.862127
1 0.144093 0.497596 0.288185 0.477921
1 0.161465 0.564762 0.32293 0.40505
4 0.651796 0.46839 0.66012 0.93678
1 0.568924 0.5 0.681776 1
1 0.961174 0.184394 0.0776526 0.368788
4 0.00146302 0.43308 0.00292605 0.488693
1 0.367148 0.204225 0.734295 0.40845
3 1 0.28576 0 0.57152
3 0.854068 0.413427 0.258893 0.240258
1 0.278953 0.798681 0.557905 0.402639
1 0.716161 0.539747 0.533237 0.486933
0 0.594601 0.508255 0.0344553 0.0194278
1 0.403198 0.548243 0.277388 0.219265
4 0.959907 0.580412 0.0801868 0.43136
3 0.12171 0.350872 0.24342 0.682419
3 0.298516 0.566809 0.464878 0.323679
2 0.00103859 0.548389 0.00207719 0.403593
2 0.943894 0.223665 0.112213 0.447329
4 0.956303 0.700471 0.0873938 0.460974
4 0.879792 0.627658 0.229655 0.418759
1 0.490807 0.42458 0.437458 0.84916
0 0.498486 0.565057 0.091874 0.156355
0 0.843935 0.460449 0.197227 0.125811
0 0.805105 0.462262 0.114322 0.122817
0 0.403122 0.390618 0.194975 0.0789814
0 0.500005 0.594718 0.0930122 0.0896521
2 0.801711 0.493672 0.0896685 0.0629319
0 0.423197 0.38134 0.149301 0.0681295
0 0.810845 0.481939 0.119411 0.0860316
1 0.927605 0.500489 0.0285763 0.0371441
0 0.801711 0.493672 0.0896685 0.0629319
0 0.270126 0.503142 0.0264211 0.0328266
0 0.25285 0.498902 0.0617962 0.0390958
1 0.834486 0.495558 0.0478848 0.0602397
1 0.849692 0.496318 0.0435867 0.0599825
3 0.499361 0.565511 0.0921734 0.151342
2 0.804142 0.478679 0.10923 0.0923422
2 0.816387 0.49871 0.0655865 0.0536184
2 0.19663 0.770517 0.393261 0.458966
2 0.270126 0.503142 0.0264211 0.0328266
2 0.198112 0.196254 0.396224 0.392509
0 0.438799 0.213025 0.527381 0.42605
3 0.0554226 0.432924 0.0139627 0.0476997
0 0.19663 0.770517 0.393261 0.458966
0 0.886996 0.501823 0.0974621 0.0582105
4 0.0554226 0.432924 0.0139627 0.0476997
0 0.344756 0.221395 0.689512 0.442791
0 0.917521 0.474912 0.0441284 0.0753376
1 0.942704 0.494871 0.0311615 0.0488447
0 0.203686 0.363136 0.406944 0.726272
0 0.560192 0.211653 0.448619 0.423306
0 0.787219 0.263881 0.410001 0.527761
2 0.834486 0.495558 0.0478848 0.0602397
1 0.840089 0.487694 0.0659653 0.0705009
0 0.65974 0.213863 0.543373 0.427726
0 0.278768 0.3035 0.552495 0.607
0 0.000953239 0.611707 0.00190648 0.414553
0 0.426041 0.737972 0.353352 0.524055
0 0.391053 0.383373 0.147647 0.0695195
1 0.164393 0.771876 0.328786 0.456247
0 0.95666 0.490516 0.0444408 0.0434324
0 0.962377 0.723701 0.0752457 0.449053
2 0.197177 0.324667 0.394321 0.649333
0 0.423337 0.615342 0.295435 0.345795
1 0.84413 0.509586 0.0239311 0.057362
0 0.0248973 0.43023 0.0466746 0.0639453
2 0.850927 0.453474 0.205281 0.142321
0 0.698728 0.279448 0.557285 0.558896
0 0.00106289 0.489869 0.00212578 0.506587
0 0.89193 0.486928 0.0991739 0.0894298
0 0.854496 0.266458 0.281168 0.532915
1 0.920115 0.49068 0.0428646 0.0540021
0 0.856067 0.442837 0.234338 0.165355
2 0.354631 0.333896 0.709261 0.667792
0 0.558881 0.486604 0.0297596 0.0397727
0 0.568403 0.315321 0.30485 0.630642
0 0.354631 0.333896 0.709261 0.667792
0 0.945458 0.176329 0.109083 0.352658
2 0.513442 0.553216 0.123945 0.159435
1 0.195636 0.207967 0.386367 0.415934
0 0.821093 0.763023 0.357815 0.473954
0 0.167938 0.72331 0.335875 0.499084
0 0.0318256 0.435477 0.0609969 0.0607776
2 0.253559 0.499149 0.0610236 0.0407774
0 0.00131313 0.14463 0.00262625 0.28926
2 0.864572 0.267661 0.268067 0.535322
0 0.851032 0.491998 0.0493402 0.0593071
0 0.00971918 0.801761 0.0194384 0.396478
4 0.982316 0.486346 0.0273827 0.0487213
0 0.96752 0.649376 0.0649594 0.354775
0 0.000551587 0.868196 0.00110317 0.263607
4 0.976541 0.490726 0.037677 0.0465451
1 0.195597 0.319498 0.389952 0.638997
0 0.309569 0.431179 0.619139 0.862358
0 0.606965 0.30901 0.443137 0.61802
0 0.000146815 0.521578 0.00029363 0.414769
1 0.856371 0.49897 0.0493042 0.0576214
0 0.195636 0.207967 0.386367 0.415934
2 0.344756 0.221395 0.689512 0.442791
1 0.851933 0.45955 0.21554 0.135348
0 0.864296 0.496983 0.0626133 0.0652292
0 0.520502 0.56317 0.0522887 0.154683
0 0.501591 0.553694 0.117287 0.173316
1 0.835464 0.512828 0.0318592 0.0552261
0 0.00180738 0.781461 0.00361476 0.437078
0 0.363707 0.220987 0.469062 0.441974
0 0.0334779 0.430989 0.065283 0.0905255
4 0.965236 0.488183 0.0603138 0.0505662
2 0.164491 0.248699 0.328981 0.497398
0 0.00120052 0.346266 0.00240104 0.624418
2 0.506895 0.571635 0.0727631 0.160732
3 0.518657 0.556103 0.13214 0.157226
0 0.000959921 0.707827 0.00191984 0.44592
3 0.354631 0.333896 0.709261 0.667792
0 0.840089 0.487694 0.0659653 0.0705009
4 0.211953 0.213613 0.41441 0.427226
0 0.8466 0.333358 0.218826 0.390895
0 0.957258 0.160016 0.0854846 0.320032
1 0.740055 0.766759 0.519889 0.466483
1 0.354631 0.333896 0.709261 0.667792
0 0.816387 0.49871 0.0655865 0.0536184
3 0.851933 0.45955 0.21554 0.135348
3 0.864572 0.267661 0.268067 0.535322
0 0.93469 0.757194 0.130621 0.485611
0 0.509444 0.665198 0.140934 0.402504
1 0.698728 0.279448 0.557285 0.558896
0 0.932316 0.203073 0.135368 0.406147
0 0.88869 0.592634 0.184587 0.448487
0 0.456304 0.288995 0.912608 0.57799
0 0.703485 0.204104 0.593029 0.408208
0 0.907886 0.191838 0.183505 0.383676
1 0.953887 0.490922 0.0456522 0.0473528
0 0.969673 0.577734 0.0606537 0.387086
0 0.573962 0.276088 0.852076 0.552176
0 0.825031 0.186565 0.349938 0.373129
1 0.825031 0.186565 0.349938 0.373129
0 0.845282 0.646193 0.234929 0.568222
0 0.553358 0.542411 0.297171 0.17358
1 0.568403 0.315321 0.30485 0.630642
2 0.509444 0.665198 0.140934 0.402504
2 0.962377 0.723701 0.0752457 0.449053
2 0.794464 0.252433 0.408752 0.504867
1 0.864572 0.267661 0.268067 0.535322
1 0.787219 0.263881 0.410001 0.527761
4 0.855544 0.248537 0.288912 0.497074
1 0.494044 0.743349 0.469597 0.513302
0 0.000782128 0.116367 0.00156426 0.232733
0 0.691914 0.391572 0.511473 0.643646
1 0.932316 0.203073 0.135368 0.406147
1 0.309569 0.431179 0.619139 0.862358
3 0.509444 0.665198 0.140934 0.402504
0 0.634196 0.770895 0.549878 0.458209
0 0.856371 0.49897 0.0493042 0.0576214
1 0.886101 0.216587 0.227798 0.433173
3 0.198037 0.773499 0.395873 0.453003
1 0.503009 0.218396 0.456218 0.436793
1 0.263821 0.769088 0.524497 0.461824
0 0.548418 0.563105 0.198317 0.145302
1 0.253559 0.499149 0.0610236 0.0407774
4 0.751507 0.231959 0.496987 0.463918
0 0.00111933 0.24516 0.00223865 0.490319
2 0.278768 0.3035 0.552495 0.607
0 0.790071 0.814403 0.419858 0.371193
0 0.472122 0.822781 0.509586 0.354437
2 0.698728 0.279448 0.557285 0.558896
3 0.211953 0.213613 0.41441 0.427226
2 0.214054 0.154653 0.428109 0.309306
3 0.346016 0.244689 0.665749 0.489378
1 0.647257 0.785162 0.561584 0.429676
0 0.891993 0.48654 0.164359 0.0687608
0 0.953634 0.437989 0.0927313 0.268039
0 0.856803 0.838256 0.286394 0.323489
2 0.568403 0.315321 0.30485 0.630642
2 0.792706 0.751141 0.40006 0.497718
2 0.167938 0.72331 0.335875 0.499084
2 0.606965 0.30901 0.443137 0.61802
1 0.344756 0.221395 0.689512 0.442791
4 0.354631 0.333896 0.709261 0.667792
0 0.603653 0.214818 0.792694 0.429636
0 0 0.469846 0 0.218676
0 0.720285 0.76613 0.500571 0.467739
1 0.955862 0.758006 0.0882761 0.483987
1 0.821093 0.763023 0.357815 0.473954
4 0.309569 0.431179 0.619139 0.862358
0 0.866567 0.264333 0.266866 0.528665
0 0.00459713 0.112836 0.00919426 0.225673
0 0.519 0.531208 0.0357744 0.0821214
2 0.423337 0.615342 0.295435 0.345795
4 0.850927 0.453474 0.205281 0.142321
0 0.40722 0.747665 0.483992 0.50467
0 0.0554226 0.432924 0.0139627 0.0476997
3 0.510589 0.594964 0.120263 0.252547
3 0.309569 0.431179 0.619139 0.862358
2 0.309569 0.431179 0.619139 0.862358
0 0.000488275 0.824199 0.000976551 0.351603
1 0.463571 0.83843 0.507293 0.323139
1 0.8466 0.333358 0.218826 0.390895
0 0.299239 0.767481 0.591825 0.465039
2 0.849692 0.496318 0.0435867 0.0599825
1 0.606965 0.30901 0.443137 0.61802
4 0.296693 0.215692 0.56312 0.431383
0 0.169083 0.561862 0.338166 0.525952
1 0.363707 0.220987 0.469062 0.441974
0 0.741392 0.219896 0.512211 0.439791
1 0.816387 0.49871 0.0655865 0.0536184
0 0.920115 0.49068 0.0428646 0.0540021
4 0.0535974 0.441741 0.0190206 0.0656268
1 0.197754 0.801264 0.390088 0.397472
4 0.945458 0.176329 0.109083 0.352658
4 0.503009 0.218396 0.456218 0.436793
3 0.67152 0.301551 0.51868 0.603102
3 0.945458 0.176329 0.109083 0.352658
4 0.198037 0.773499 0.395873 0.453003
1 0.270889 0.500952 0.0270807 0.0381902
0 0.902917 0.709435 0.194167 0.462639
0 0.370461 0.203148 0.740923 0.406296
2 0.503009 0.218396 0.456218 0.436793
2 0.8466 0.333358 0.218826 0.390895
1 0.65974 0.213863 0.543373 0.427726
2 0.426041 0.737972 0.353352 0.524055
0 0.928589 0.210489 0.142823 0.420977
2 0.96752 0.649376 0.0649594 0.354775
1 0.93469 0.757194 0.130621 0.485611
0 0.388736 0.81406 0.447633 0.371879
1 0.96752 0.649376 0.0649594 0.354775
1 0.278768 0.3035 0.552495 0.607
0 0.399576 0.401073 0.203304 0.110852
0 0 0.695082 0 0.592934
1 0.303762 0.495677 0.0326636 0.0406358
4 0.67152 0.301551 0.51868 0.603102
3 0.501591 0.553694 0.117287 0.173316
0 0.886101 0.216587 0.227798 0.433173
1 0.913921 0.494091 0.0548355 0.0651987
0 0.887025 0.817694 0.22595 0.364612
3 0.805105 0.462262 0.114322 0.122817
4 0.887025 0.817694 0.22595 0.364612
2 0.856371 0.49897 0.0493042 0.0576214
3 0.503009 0.218396 0.456218 0.436793
1 0.303593 0.485405 0.0356453 0.043276
4 0.96752 0.649376 0.0649594 0.354775
3 0.802355 0.260482 0.395291 0.520963
0 0.951446 0.485767 0.0440041 0.0537125
2 0.65974 0.213863 0.543373 0.427726
1 0.524568 0.518321 0.0189754 0.0605839
0 0.164491 0.248699 0.328981 0.497398
3 0.380301 0.21647 0.508259 0.43294
2 0.945458 0.176329 0.109083 0.352658
0 0.660099 0.736715 0.396878 0.52657
1 0.222677 0.446791 0.445354 0.893582
4 0.164491 0.248699 0.328981 0.497398
1 0.957258 0.160016 0.0854846 0.320032
0 0.229946 0.387163 0.459891 0.516478
0 0.241882 0.15986 0.483677 0.31972
3 0.553358 0.542411 0.297171 0.17358
0 0.948293 0.684184 0.103415 0.507615
3 0.876986 0.186544 0.246029 0.373089
1 0.164076 0.269251 0.328152 0.538502
1 0.00131313 0.14463 0.00262625 0.28926
0 0.143145 0.327839 0.286289 0.655678
0 0.540066 0.217389 0.788621 0.434779
3 0.00120052 0.346266 0.00240104 0.624418
0 0 0.402253 0 0.396739
3 0.00459713 0.112836 0.00919426 0.225673
3 0.62082 0.218174 0.44555 0.436348
0 0.20741 0.49445 0.414821 0.841041
3 0.96752 0.649376 0.0649594 0.354775
0 0.151043 0.406691 0.302086 0.654562
2 0.363707 0.220987 0.469062 0.441974
1 0.00180738 0.781461 0.00361476 0.437078
1 0.423337 0.615342 0.295435 0.345795
4 0.962377 0.723701 0.0752457 0.449053
0 0.227628 0.718493 0.455242 0.529263
1 0.00120052 0.346266 0.00240104 0.624418
0 0 0.297886 0 0.552912
4 0.647257 0.785162 0.561584 0.429676
1 0.953634 0.437989 0.0927313 0.268039
1 0.00971918 0.801761 0.0194384 0.396478
4 0.195597 0.319498 0.389952 0.638997
2 0.00120052 0.346266 0.00240104 0.624418
1 0.00106289 0.489869 0.00212578 0.506587
0 0.341951 0.167618 0.660855 0.335235
3 0.845282 0.646193 0.234929 0.568222
2 0.944042 0.21315 0.111916 0.4263
4 0.173062 0.177285 0.346123 0.35457
1 0.945458 0.176329 0.109083 0.352658
4 0.214054 0.154653 0.428109 0.309306
0 0.36381 0.380214 0.104558 0.0652217
1 0.517786 0.803103 0.581227 0.393794
4 0.95666 0.490516 0.0444408 0.0434324
2 0.825031 0.186565 0.349938 0.373129
4 0.184174 0.420648 0.368347 0.841296
0 0.315716 0.675648 0.631431 0.536031
4 0.845282 0.646193 0.234929 0.568222
0 0.549499 0.679272 0.191478 0.414903
0 0.741953 0.655885 0.414236 0.504375
0 0.460653 0.391998 0.251647 0.0760524
4 0.8466 0.333358 0.218826 0.390895
1 0.000953239 0.611707 0.00190648 0.414553
0 0.887014 0.461325 0.221969 0.134645
1 0.00459713 0.112836 0.00919426 0.225673
4 0.229946 0.387163 0.459891 0.516478
3 0.717942 0.223728 0.54697 0.447457
2 0.903599 0.22682 0.192802 0.45364
3 0.0535974 0.441741 0.0190206 0.0656268
2 0.298141 0.768231 0.594247 0.463538
3 0.856803 0.838256 0.286394 0.323489
4 0.00459713 0.112836 0.00919426 0.225673
4 0.62082 0.218174 0.44555 0.436348
3 0.424942 0.288622 0.493348 0.577244
4 0.143145 0.327839 0.286289 0.655678
1 0.424942 0.288622 0.493348 0.577244
0 0.0257256 0.414808 0.0459866 0.050521
2 0.20741 0.49445 0.414821 0.841041
0 0.499645 0.571508 0.090895 0.14593
2 0.499416 0.568791 0.0928307 0.146842
0 0.438364 0.755035 0.369914 0.48993
3 0.499416 0.568791 0.0928307 0.146842
0 0.425919 0.64548 0.236783 0.391251
2 0.202773 0.790159 0.403426 0.419683
0 0.727891 0.308242 0.544219 0.616483
0 0.698225 0.232639 0.603549 0.465278
0 0.161749 0.765672 0.323499 0.468656
0 0.963 0.73167 0.0739992 0.396211
0 0.0015891 0.662547 0.0031782 0.40511
0 0.798186 0.779197 0.403627 0.441606
1 0.163784 0.774885 0.327569 0.450231
0 0.403799 0.384342 0.183617 0.0667505
0 0.844628 0.141429 0.310744 0.282858
0 0.00274985 0.31609 0.00549969 0.570745
0 0.00193627 0.557854 0.00387255 0.452632
0 0.718536 0.426945 0.562927 0.85389
0 0.00221911 0.803045 0.00443822 0.39391
0 0.27754 0.370855 0.555079 0.741711
0 0.00731988 0.826006 0.0146398 0.347988
0 0.621732 0.469056 0.756536 0.938112
0 0.00242288 0.451202 0.00484576 0.481043
0 0.772466 0.306953 0.455067 0.613905
0 0.946958 0.774004 0.106083 0.451992
0 0.945749 0.248073 0.108501 0.496147
0 0.500152 0.741845 0.170915 0.51631
0 0.771819 0.161037 0.456362 0.322074
1 0.946967 0.770028 0.106066 0.430869
0 0.760666 0.221587 0.478668 0.443174
2 0.179292 0.136242 0.358583 0.272484
0 0.357492 0.675191 0.476513 0.519581
0 0.971285 0.658079 0.0574295 0.343209
0 0.643595 0.533363 0.378932 0.201478
0 0.227176 0.769002 0.448618 0.461996
2 0.164869 0.719284 0.329737 0.438951
0 0.409548 0.447229 0.819097 0.894457
0 0.232567 0.696545 0.458654 0.428674
0 0.130621 0.81725 0.261241 0.365501
0 0.291089 0.13845 0.582177 0.2769
2 0.511069 0.512335 0.0405741 0.0409313
2 0.214459 0.331023 0.418722 0.662045
0 0.00154594 0.740307 0.00309189 0.444347
0 0.409268 0.558741 0.230176 0.394317
2 0.132796 0.296693 0.265592 0.593387
0 0.938771 0.331029 0.122459 0.4342
0 0.590953 0.5 0.556391 1
0 0.306777 0.488548 0.613555 0.977097
0 0.120126 0.509558 0.240252 0.473901
2 0.718536 0.426945 0.562927 0.85389
0 0.852619 0.774673 0.293558 0.439876
0 0.693743 0.521714 0.556258 0.775102
0 0.00725415 0.126363 0.0145083 0.252725
0 0.550226 0.417181 0.244793 0.498969
0 0.179292 0.136242 0.358583 0.272484
0 0.428559 0.5 0.857118 1
0 0.00268072 0.246651 0.00536143 0.493301
0 0.542747 0.570557 0.181444 0.137628
0 0.694814 0.783143 0.60675 0.433715
0 0.844005 0.46233 0.224242 0.135353
0 0.462648 0.47649 0.27046 0.49009
1 0.72035 0.78959 0.559299 0.42082
1 0.799 0.776731 0.402 0.446538
1 0.463484 0.797621 0.483856 0.404759
0 0.168104 0.627527 0.336209 0.400814
2 0.772466 0.306953 0.455067 0.613905
0 0.532383 0.427794 0.506051 0.855589
2 0.660913 0.458482 0.678174 0.916965
0 0.179462 0.383729 0.358924 0.314902
1 0.499601 0.531497 0.0746435 0.0752025
0 0.896006 0.710846 0.207989 0.374309
0 0.584829 0.700457 0.261829 0.441351
0 0.70217 0.523081 0.389239 0.266292
1 0.132796 0.296693 0.265592 0.593387
1 0.600383 0.473749 0.799235 0.947497
1 0.168104 0.627527 0.336209 0.400814
0 0.132796 0.296693 0.265592 0.593387
4 0.132796 0.296693 0.265592 0.593387
0 0.165876 0.451968 0.321576 0.449148
2 0.438364 0.755035 0.369914 0.48993
1 0.890207 0.776557 0.219587 0.446885
0 0.942617 0.125354 0.114765 0.250708
0 0.313425 0.780585 0.599149 0.43883
0 0.807689 0.645072 0.331493 0.511739
0 0.20499 0.405195 0.399456 0.81039
1 0.27754 0.370855 0.555079 0.741711
0 0.830833 0.202368 0.338334 0.404737
0 0.813154 0.478916 0.285328 0.249285
0 0.580186 0.288305 0.839628 0.576611
1 0.4423 0.457528 0.8846 0.915056
0 0.199596 0.199326 0.387502 0.398651
0 0.472627 0.77451 0.503784 0.45098
0 0.885277 0.252562 0.229446 0.505124
0 0.685879 0.5 0.628242 1
0 0.86907 0.797156 0.26186 0.405687
0 0.908006 0.339351 0.183987 0.678702
0 0.646263 0.713535 0.366064 0.48236
4 0.179292 0.136242 0.358583 0.272484
0 0.439951 0.289512 0.858632 0.579023
2 0.498394 0.560544 0.116741 0.172441
3 0.168104 0.627527 0.336209 0.400814
0 0.973212 0.572496 0.0535757 0.363991
1 0.627917 0.776316 0.612462 0.447368
1 0.945749 0.248073 0.108501 0.496147
2 0.130621 0.81725 0.261241 0.365501
0 0.556636 0.5 0.886728 1
0 0.253634 0.5 0.507268 1
2 0.168104 0.627527 0.336209 0.400814
1 0.199596 0.199326 0.387502 0.398651
4 0.844628 0.141429 0.310744 0.282858
0 0.914287 0.784766 0.171426 0.430468
0 0.489556 0.137334 0.844178 0.274669
0 0.556759 0.800272 0.628509 0.399456
1 0.20499 0.405195 0.399456 0.81039
0 0.858346 0.469368 0.163153 0.0595613
1 0.518501 0.511918 0.0283204 0.0355776
0 0.785567 0.43776 0.428867 0.875519
0 0.320836 0.5 0.641673 1
0 0.620929 0.167632 0.758141 0.335264
0 0.498394 0.560544 0.116741 0.172441
0 0.95332 0.469821 0.0933608 0.282894
2 0.945749 0.248073 0.108501 0.496147
0 0.351203 0.106768 0.702407 0.213536
2 0.497687 0.618339 0.102698 0.265685
0 0.24929 0.328897 0.498579 0.657794
1 0.772466 0.306953 0.455067 0.613905
0 0.309044 0.529498 0.421454 0.599499
0 0.839346 0.345796 0.321309 0.691591
0 0.231973 0.53109 0.463946 0.515248
1 0.971285 0.658079 0.0574295 0.343209
4 0.771819 0.161037 0.456362 0.322074
1 0.00221911 0.803045 0.00443822 0.39391
1 0.601611 0.54951 0.354254 0.157548
4 0.206487 0.771326 0.410764 0.457348
1 0.130621 0.81725 0.261241 0.365501
4 0.627917 0.776316 0.612462 0.447368
1 0.497687 0.618339 0.102698 0.265685
1 0.120126 0.509558 0.240252 0.473901
0 0.092876 0.385241 0.185752 0.53555
1 0.506764 0.558181 0.108602 0.152933
1 0.844628 0.141429 0.310744 0.282858
2 0.51901 0.55739 0.133407 0.150079
2 0.409548 0.447229 0.819097 0.894457
3 0.69124 0.450328 0.61752 0.900656
0 0.500272 0.568225 0.0903008 0.145351
0 0.268037 0.502495 0.0315891 0.0316791
2 0.498892 0.565476 0.0905736 0.147299
2 0.5184 0.511849 0.0275444 0.0395652
1 0.841263 0.523893 0.0189905 0.0363623
2 0.510219 0.528419 0.0533473 0.0738375
0 0.501004 0.594071 0.0952465 0.0949048
0 0.5184 0.511849 0.0275444 0.0395652
1 0.5184 0.511849 0.0275444 0.0395652
1 0.52188 0.514229 0.0230712 0.0488797
0 0.529797 0.589346 0.0324772 0.106325
0 0.252897 0.502171 0.0616687 0.0378712
0 0.417583 0.749308 0.288586 0.501384
0 0.510219 0.528419 0.0533473 0.0738375
0 0.00203291 0.710443 0.00406582 0.579113
2 0.511403 0.512847 0.0398819 0.0452793
4 0.841263 0.523893 0.0189905 0.0363623
3 0.497995 0.568535 0.0918408 0.147324
1 0.839998 0.512323 0.0236576 0.0297049
0 0.513318 0.50862 0.0361687 0.0451124
0 0.795068 0.779509 0.409864 0.440983
1 0.995049 0.734544 0.00990248 0.424143
0 0.00230979 0.624041 0.00461959 0.54361
0 0.531042 0.573498 0.0281826 0.132741
1 0.510219 0.528419 0.0533473 0.0738375
0 0.498547 0.609925 0.0909704 0.0627109
4 0.839998 0.512323 0.0236576 0.0297049
0 0.433978 0.627426 0.227256 0.296998
0 0.628595 0.748583 0.466211 0.502835
0 0.52188 0.514229 0.0230712 0.0488797
0 0.479357 0.5 0.902031 1
0 0.744971 0.373024 0.510057 0.746048
0 0.839998 0.512323 0.0236576 0.0297049
0 0.964723 0.13106 0.0705533 0.262119
3 0.0561858 0.430991 0.0148424 0.0388939
1 0.511403 0.512847 0.0398819 0.0452793
0 0.00304857 0.43128 0.00609713 0.754973
0 0.18287 0.789913 0.36574 0.420175
1 0.991335 0.771943 0.0173297 0.456114
0 0.351433 0.5 0.689779 1
0 0.293847 0.389942 0.587694 0.779884
0 0.00403327 0.392337 0.00806653 0.784674
0 0.179905 0.317634 0.35981 0.635267
0 0.434142 0.78451 0.479236 0.43098
2 0.268037 0.502495 0.0315891 0.0316791
1 0.790541 0.776367 0.418918 0.447267
0 0.939418 0.298904 0.121165 0.597807
0 0.68515 0.448351 0.629699 0.896703
0 0.273974 0.494824 0.547948 0.989648
0 0.950968 0.785168 0.0980638 0.429663
1 0.399301 0.781883 0.391411 0.436233
0 0.000799346 0.543984 0.00159869 0.553726
0 0.00347027 0.274208 0.00694053 0.548415
1 0.840612 0.533774 0.0181194 0.0448193
1 0.994158 0.678226 0.0116846 0.370528
1 0.944222 0.786813 0.111556 0.426374
0 0.616424 0.5 0.767152 1
0 0.191309 0.158182 0.382618 0.316364
0 0.991335 0.771943 0.0173297 0.456114
0 0.885573 0.479668 0.111511 0.0598927
0 0.909818 0.482219 0.0564209 0.0314672
0 0.588613 0.477702 0.591566 0.733749
0 0.549518 0.745534 0.364139 0.508931
0 0.804137 0.464402 0.115627 0.114451
0 0.0179861 0.817631 0.0359722 0.364738
0 0.878424 0.798357 0.243151 0.403286
2 0.832423 0.795812 0.335153 0.408377
0 0.697704 0.779603 0.522376 0.440795
1 0.401665 0.413262 0.432062 0.826525
1 0.525025 0.531625 0.0278788 0.0816008
0 0.396208 0.453431 0.792416 0.906862
0 0.545346 0.781605 0.495043 0.436791
0 0.401665 0.413262 0.432062 0.826525
0 0.378209 0.519838 0.29558 0.6637
0 0.72528 0.661986 0.394806 0.308505
0 0.888512 0.318005 0.222977 0.636009
2 0.744479 0.496725 0.502701 0.99345
0 0.25989 0.282812 0.51978 0.565624
0 0.689401 0.749769 0.367535 0.500463
0 0.483001 0.745581 0.126286 0.508838
0 0.995049 0.734544 0.00990248 0.424143
0 0.00449552 0.807494 0.00899105 0.385013
0 0.367553 0.80302 0.401023 0.39396
4 0.697704 0.779603 0.522376 0.440795
0 0.414967 0.383461 0.168921 0.0664682
0 0.256979 0.767279 0.502241 0.465442
0 0.681634 0.640874 0.370752 0.288001
1 0.191411 0.783327 0.382822 0.433347
0 0.701164 0.197497 0.597671 0.394993
1 0.588613 0.477702 0.591566 0.733749
0 0.174212 0.488478 0.348424 0.976955
1 0.697704 0.779603 0.522376 0.440795
1 0.343105 0.5 0.578683 1
1 0.496973 0.566134 0.0946973 0.148342
1 0.991797 0.593576 0.0164061 0.415959
1 0.179905 0.317634 0.35981 0.635267
0 0.159859 0.525188 0.319717 0.64825
2 0.234315 0.404889 0.468631 0.809778
0 0.821507 0.318398 0.356987 0.636796
0 0.482598 0.5 0.472677 1
0 0.622041 0.361496 0.755917 0.722992
1 0.744971 0.373024 0.510057 0.746048
0 0.0768194 0.685914 0.150309 0.259819
0 0.603361 0.747342 0.303445 0.505315
0 0.690535 0.994018 0.389075 0.0119646
2 0.00304857 0.43128 0.00609713 0.754973
4 0.810308 0.238805 0.379384 0.477609
0 0.499313 0.56634 0.0914864 0.149782
2 0.500363 0.564584 0.0892599 0.147091
0 0.500981 0.598229 0.090818 0.083989
0 0.400041 0.412531 0.189811 0.130154
1 0.840993 0.521183 0.0211956 0.0371664
0 0.00030795 0.677456 0.000615901 0.47569
0 0.0021283 0.690311 0.0042566 0.619378
1 0.841224 0.516338 0.0277843 0.0385137
0 0.41062 0.752126 0.320234 0.495748
0 0.00273549 0.599111 0.00547098 0.767875
3 0.498804 0.566532 0.0911278 0.15012
0 0.655045 0.748905 0.411446 0.50219
0 0.513387 0.511303 0.037306 0.041496
0 0.426 0.697211 0.253964 0.458916
0 0.193329 0.217735 0.384394 0.43547
0 0.273301 0.219205 0.546602 0.43841
0 0.80751 0.465844 0.122247 0.130019
0 0.00421781 0.457 0.00843562 0.914
0 0.982325 0.753794 0.0353496 0.492412
0 0.524603 0.751859 0.379235 0.496282
0 0.959739 0.763259 0.0805227 0.473482
0 0.758991 0.76025 0.465274 0.479501
0 0.988355 0.726675 0.0232904 0.530093
0 0.443881 0.762195 0.452971 0.475611
0 0.368655 0.237367 0.371348 0.474734
0 0.559018 0.743633 0.248305 0.512734
0 0.403627 0.390087 0.185195 0.0963099
0 0.831302 0.769615 0.337397 0.46077
0 0.33287 0.5 0.423728 1
0 0.143672 0.304456 0.287344 0.608911
0 0.408386 0.467707 0.26729 0.727612
0 0.95919 0.125655 0.0816191 0.25131
0 0.485531 0.221376 0.433531 0.442752
0 0.241718 0.408457 0.474646 0.816913
0 0.71994 0.628066 0.458363 0.743869
0 0.69237 0.5 0.557745 1
0 0.40805 0.442033 0.271127 0.193226
0 0.952607 0.262554 0.0947859 0.525109
0 0.22538 0.77626 0.450759 0.44748
0 0.93396 0.278939 0.13208 0.557878
0 0.800082 0.285946 0.387778 0.571893
0 0.672035 0.264686 0.513547 0.529372
0 0.000274602 0.748514 0.000549203 0.502971
0 0.00844845 0.33087 0.0168969 0.66174
0 0.266821 0.5 0.533641 1
0 0.379396 0.727639 0.403194 0.544721
0 0.00674474 0.234327 0.0134895 0.468653
0 1 0.730908 0 0.538184
0 0.56079 0.488008 0.0256905 0.0370066
1 0.589272 0.258334 0.437455 0.516669
0 0.49546 0.745809 0.110011 0.508381
4 0.840993 0.521183 0.0211956 0.0371664
2 0.329861 0.23069 0.424972 0.461381
0 0.989268 0.624969 0.021463 0.482071
0 0.173998 0.74325 0.347995 0.5135
0 0.730656 0.22072 0.538688 0.441441
0 0.501219 0.529766 0.0715385 0.0777773
0 0.256281 0.733642 0.512562 0.521661
0 0.798075 0.5 0.403849 1
0 0.432003 0.312921 0.283257 0.625842
0 0.228207 0.159711 0.456415 0.319422
0 0.377034 0.214443 0.682321 0.428886
0 0.581006 0.403547 0.483684 0.807095
1 0.270501 0.232309 0.527607 0.464618
0 0.540465 0.311955 0.25865 0.623909
0 0.638992 0.66365 0.373124 0.43602
1 0.540465 0.311955 0.25865 0.623909
1 0.483819 0.316559 0.28055 0.633119
0 0.86767 0.779174 0.26466 0.441652
2 0.589272 0.258334 0.437455 0.516669
0 0.831355 0.576742 0.33729 0.846515
2 0.259618 0.293547 0.516413 0.587094
0 0.888788 0.268823 0.222424 0.537646
1 0.432003 0.312921 0.283257 0.625842
0 1 0.215317 0 0.430633
0 0.92113 0.778484 0.15774 0.443033
1 0.25405 0.447573 0.5081 0.895146
0 0.589272 0.258334 0.437455 0.516669
3 1 0.112937 0 0.225874
0 0.499375 0.570148 0.0931673 0.142567
0 0.513637 0.510624 0.0341083 0.030338
2 0.501272 0.570364 0.0871901 0.142019
0 0.00391326 0.708419 0.00782652 0.583162
3 0.500917 0.568951 0.0940694 0.141222
3 0.620497 0.420669 0.00585804 0.0291108
0 0.00463839 0.597684 0.00927678 0.594581
0 0.400958 0.677586 0.262484 0.346024
0 0 0.665924 0 0.409478
3 0.482023 0.384356 0.00518379 0.0228738
1 0.513637 0.510624 0.0341083 0.030338
0 0.519261 0.5115 0.0261511 0.0346117
1 0.524425 0.529257 0.0302195 0.0671926
0 0.51076 0.508183 0.0376215 0.040852
0 0.969359 0.714619 0.0612824 0.508309
4 0.840805 0.526132 0.0123064 0.0251809
0 0.956067 0.753943 0.087865 0.492115
0 0.692644 0.256784 0.614711 0.513569
0 0.00814846 0.45645 0.0162969 0.818226
0 0.226799 0.107816 0.453597 0.215632
0 0.431751 0.630584 0.208159 0.272807
0 0.131104 0.202258 0.262208 0.404517
0 0.322357 0.453701 0.644713 0.907402
0 0.846998 0.452916 0.293566 0.905832
0 0.697193 0.386536 0.605154 0.773072
0 0.681045 0.5 0.579012 1
0 0.978183 0.670213 0.0436344 0.489806
1 0.519261 0.5115 0.0261511 0.0346117
0 0.859277 0.19711 0.281446 0.39422
0 0.496427 0.675454 0.10768 0.37335
1 0.501078 0.566129 0.0943295 0.162846
0 0.15035 0.355124 0.3007 0.710249
1 0.51076 0.508183 0.0376215 0.040852
0 0.479772 0.567831 0.135361 0.135501
4 0.839689 0.506049 0.0220655 0.0356158
0 0 0.565695 0 0.342292
0 0.0136788 0.782022 0.0273576 0.435957
0 0.03632 0.430904 0.0726401 0.861808
0 0.271888 0.773985 0.502019 0.44957
0 0.714703 0.133474 0.569819 0.266949
0 0.417516 0.776153 0.471102 0.447694
0 0.286951 0.0786634 0.573901 0.157327
0 0.637638 0.796293 0.596686 0.407414
0 0.353677 0.5 0.707353 1
0 0.232672 0.368483 0.465345 0.736966
1 0.00391326 0.708419 0.00782652 0.583162
0 0.888611 0.428447 0.222778 0.856893
0 0.746767 0.81095 0.506466 0.3781
0 0.00504143 0.754225 0.0100829 0.491551
0 0.907464 0.774148 0.185072 0.451704
0 0.500597 0.523388 0.0681355 0.0552795
0 0.134632 0.752865 0.269264 0.494269
0 0.554387 0.5 0.454861 1
0 0.960545 0.713557 0.0785011 0.40661
1 0.00463839 0.597684 0.00927678 0.594581
0 0.627203 0.74696 0.362832 0.506079
0 0.384271 0.359809 0.768542 0.719618
0 0.863378 0.793843 0.273243 0.412314
0 0.586013 0.403871 0.827974 0.807742
0 0.16154 0.8063 0.323081 0.3874
0 0.534541 0.569347 0.171133 0.146098
0 0.977965 0.594481 0.0440706 0.561744
0 0.666713 0.458031 0.666574 0.916062
0 0.448234 0.426452 0.801455 0.852904
0 0.0155378 0.436719 0.0310757 0.873438
0 0.50012 0.568335 0.0905828 0.14074
0 0.512096 0.510414 0.0367821 0.0355951
0 0.0813998 0.683486 0.157971 0.226558
0 0.601224 0.50829 0.0276781 0.0179553
0 0.305223 0.484316 0.0260929 0.031135
2 0.500804 0.569116 0.0880772 0.141143
0 0.304435 0.478946 0.0318086 0.0325224
4 0.840299 0.509289 0.0237732 0.0322854
0 0.000135553 0.709215 0.000271106 0.329837
0 0.511352 0.514878 0.0424456 0.04206
0 0.503423 0.532686 0.0633806 0.0760479
0 0.272295 0.504401 0.0237072 0.0276729
0 0.516041 0.512232 0.0334177 0.0429573
0 0.000427511 0.781904 0.000855023 0.436191
0 0.358763 0.475039 0.0397981 0.0326474
1 0.840299 0.509289 0.0237732 0.0322854
0 0.000223379 0.638624 0.000446758 0.337509
4 0.836984 0.511945 0.0216888 0.0271541
0 0.802951 0.465395 0.109386 0.122347
0 0.606779 0.507753 0.0394339 0.0193464
1 0.836984 0.511945 0.0216888 0.0271541
0 1 0.747096 0 0.501001
0 0.305409 0.484892 0.0328401 0.0354559
0 0.360352 0.482104 0.0368303 0.0327083
0 0.833497 0.462341 0.171897 0.125838
1 0.308098 0.502469 0.0240829 0.0229715
0 0.357627 0.477309 0.0305091 0.0244728
0 0.358664 0.75425 0.40382 0.491499
1 0.304661 0.484379 0.0312409 0.0324527
0 0.636356 0.755874 0.428468 0.488251
0 0 0.568641 0 0.240933
3 0.49931 0.569719 0.0895848 0.139487
3 0 0.253414 0 0.506829
1 0.516041 0.512232 0.0334177 0.0429573
0 0.872182 0.381623 0.249999 0.301462
4 0.983204 0.470939 0.0166885 0.0264708
0 0 0.602614 0 0.451049
1 0.509462 0.507935 0.0394261 0.0427214
0 0.871035 0.276246 0.257929 0.53832
0 0.0198062 0.675702 0.0396124 0.280682
0 0.955227 0.761317 0.0895468 0.477366
0 0.389972 0.657569 0.324783 0.33107
4 0.304661 0.484379 0.0312409 0.0324527
0 0.984189 0.746418 0.0316211 0.486727
0 0.562842 0.74708 0.391227 0.50584
0 0.25454 0.390029 0.484139 0.754194
0 0.112558 0.678961 0.220862 0.247789
4 0.923452 0.491935 0.0359114 0.0436656
0 0.661927 0.478174 0.474981 0.956349
3 0.929047 0.196014 0.141905 0.392028
0 0.0141013 0.776776 0.0282026 0.440198
0 0.944033 0.163752 0.111933 0.327503
0 0.385172 0.405772 0.655965 0.811544
1 0.520737 0.53674 0.0399686 0.0843952
0 0.49511 0.746389 0.113416 0.507222
0 0.318445 0.50103 0.0480635 0.026798
0 0.14058 0.292802 0.281159 0.585604
0 0 0.240532 0 0.481063
0 0.85504 0.507101 0.049649 0.0375828
3 0.000427511 0.781904 0.000855023 0.436191
3 0 0.335077 0 0.358876
4 0.839829 0.517412 0.0169411 0.0352406
0 0.856862 0.785029 0.286276 0.429942
2 0.135979 0.678966 0.269185 0.244378
0 0.749725 0.392278 0.50055 0.784556
1 0.85504 0.507101 0.049649 0.0375828
0 0.989246 0.673205 0.021509 0.382892
0 0.308098 0.502469 0.0240829 0.0229715
2 0.512096 0.510414 0.0367821 0.0355951
0 0.00964302 0.419529 0.019286 0.767611
0 0.594183 0.423164 0.61804 0.846327
0 0.162287 0.399503 0.324574 0.799005
3 0.000135553 0.709215 0.000271106 0.329837
0 0.550008 0.343311 0.42211 0.683598
0 0.178906 0.218635 0.357811 0.435809
0 0.499415 0.566587 0.0923271 0.14412
2 0.500011 0.566489 0.0897893 0.142207
1 0.842825 0.508073 0.0373507 0.0375204
1 0.838676 0.517176 0.026717 0.0457234
1 0.8365 0.510161 0.0301798 0.0329315
0 0.511514 0.516144 0.0404562 0.0449541
0 0.975628 0.763659 0.0487434 0.472683
3 0.499415 0.566587 0.0923271 0.14412
0 0.966778 0.783552 0.0664446 0.432896
0 0.963497 0.149548 0.0730054 0.299097
0 0.901173 0.792508 0.197654 0.414984
0 0.845997 0.457958 0.19199 0.126623
1 0.837956 0.525694 0.0243553 0.0653065
0 0.980374 0.680653 0.0392523 0.360738
0 0.414806 0.655529 0.279512 0.321471
1 0.499333 0.565952 0.0979504 0.14604
0 0.879051 0.625307 0.241897 0.375473
0 0.860913 0.459402 0.257027 0.18888
0 0.50615 0.823089 0.531091 0.353822
0 0.959509 0.235171 0.0809818 0.470342
0 0.898423 0.270002 0.203154 0.540003
0 0.49329 0.617258 0.114563 0.242783
0 0.863902 0.491014 0.239829 0.178222
0 0.977586 0.160587 0.0448279 0.321175
0 0.506687 0.547323 0.0584835 0.104251
0 0.951046 0.716584 0.097908 0.392594
0 0.599594 0.70988 0.274207 0.423937
0 0.579103 0.7699 0.569264 0.4602
2 0.49329 0.617258 0.114563 0.242783
0 0.616161 0.812588 0.547486 0.374824
0 0.484288 0.7842 0.58681 0.4316
0 0.772475 0.835082 0.45505 0.329837
0 0.420193 0.827009 0.519607 0.345983
0 0.943371 0.776107 0.113258 0.447785
0 0.649194 0.485139 0.701611 0.970277
0 0.250657 0.341504 0.483701 0.683009
1 0.853567 0.512675 0.0553135 0.0461946
0 0.0308945 0.802688 0.061789 0.394624
0 0.00931874 0.66959 0.0186375 0.378896
0 0.00817046 0.491258 0.0163409 0.594663
0 0.00754967 0.580988 0.0150993 0.439679
0 0.811554 0.800618 0.376892 0.398764
2 0.963497 0.149548 0.0730054 0.299097
0 0.499915 0.5693 0.0925447 0.142212
0 0.512663 0.51231 0.0369635 0.0370564
3 0.498728 0.569825 0.0887974 0.145182
0 0.384986 0.746357 0.329003 0.507286
0 0 0.560769 0 0.254155
0 0.00955912 0.746779 0.0191182 0.506442
0 0.0829019 0.138617 0.165804 0.277234
0 0.919144 0.182045 0.161712 0.36409
0 0.416436 0.678802 0.256167 0.381545
2 0.499197 0.568327 0.092716 0.139676
2 0.512663 0.51231 0.0369635 0.0370564
0 0.386999 0.464405 0.271093 0.171195
0 0.0311505 0.802516 0.0623011 0.394969
0 0.622434 0.759593 0.300112 0.480815
0 0.509505 0.508178 0.0416526 0.0468435
0 0.500024 0.567929 0.0922335 0.144623
0 0.81146 0.467054 0.127325 0.122897
0 0.511093 0.510974 0.0404163 0.0403396
0 0.799712 0.485896 0.101865 0.0847205
3 0.500195 0.569422 0.0911373 0.143058
0 0.267571 0.50411 0.0300666 0.0285244
0 0.379431 0.727948 0.34163 0.474405
0 0.513689 0.00606683 0.461908 0.0121337
2 0.500562 0.566432 0.0905371 0.142638
0 0.475236 0.49364 0.476236 0.987281
0 0.561232 0.5 0.617413 1
0 0.41567 0.00625598 0.461415 0.012512
0 0.61454 0.00673172 0.468873 0.0134634
0 0.674027 0.5 0.651945 1
0 0.324933 0.485547 0.543545 0.971094
2 0.805392 0.478106 0.11577 0.0998267
0 0.851242 0.493995 0.0506939 0.0621855
0 0.80068 0.752972 0.39864 0.466834
0 0.557159 0.46867 0.742594 0.925567
0 0.958526 0.125127 0.0829484 0.250254
0 0.717074 0.00768522 0.474319 0.0153704
0 0.316472 0.00686213 0.463855 0.0137243
0 0.542214 0.371127 0.696984 0.676086
0 0.185827 0.0108737 0.371654 0.0217473
0 0.697288 0.39381 0.605425 0.739258
