0 0.522656 0.800113 0.954688 0.373474
0 0.688516 0.806667 0.622968 0.363163
0 0.607395 0.756759 0.78521 0.405195
4 0.528118 0.79562 0.943764 0.380677
4 0.681334 0.808317 0.637332 0.363763
3 0.738571 0.703085 0.522859 0.59383
0 0.782603 0.822569 0.434795 0.339779
0 0.506444 0.722573 0.987112 0.436227
4 0.782603 0.822569 0.434795 0.339779
3 0.825813 0.74244 0.348375 0.51512
3 0.400008 0.808771 0.800017 0.382459
3 0.572433 0.375368 0.855134 0.665894
3 0.374503 0.575754 0.727608 0.78391
3 0.871916 0.805718 0.256168 0.388564
3 0.24898 0.822376 0.483617 0.355247
3 0.656814 0.55001 0.686372 0.311346
3 0.157726 0.358542 0.315453 0.717083
3 0.328734 0.461582 0.634281 0.862992
3 0.168143 0.751786 0.333764 0.490458
3 0.85524 0.815635 0.28952 0.36873
3 0.478527 0.469505 0.957053 0.907041
3 0.175647 0.827014 0.349252 0.345972
3 0.638653 0.76658 0.722693 0.46684
3 0.78911 0.842085 0.42178 0.315829
3 0.84093 0.3647 0.31814 0.672339
3 0.166251 0.485219 0.330199 0.43642
3 0.501883 0.643548 0.996234 0.57888
3 0.502218 0.717618 0.995564 0.370204
4 0.607395 0.756759 0.78521 0.405195
3 0.195953 0.420501 0.379009 0.733314
3 0.266345 0.663439 0.529865 0.552768
3 0.529914 0.782024 0.940173 0.435952
3 0.90961 0.572338 0.180779 0.855324
3 0.261259 0.372486 0.494412 0.744973
4 0.85524 0.815635 0.28952 0.36873
3 0.706331 0.386221 0.587338 0.750372
3 0.529216 0.336828 0.601098 0.673655
3 0.289458 0.770655 0.574824 0.453519
3 0.129963 0.506773 0.259925 0.317785
3 0.656751 0.625287 0.686499 0.609449
3 0.510602 0.886833 0.969064 0.226334
3 0.254303 0.50386 0.499527 0.587245
3 0.141144 0.39216 0.282289 0.570848
3 0.590244 0.487289 0.819512 0.415708
3 0.131395 0.612219 0.261539 0.405207
3 0.685785 0.470098 0.62843 0.497413
3 0.49365 0.827002 0.963528 0.345996
3 0.738204 0.793014 0.523592 0.413971
3 0.104311 0.750901 0.208621 0.487346
3 0.775527 0.343527 0.414498 0.687054
3 0.139276 0.273814 0.278552 0.547628
3 0.850278 0.436737 0.299445 0.873474
4 0.502218 0.717618 0.995564 0.370204
4 0.51397 0.706449 0.972059 0.553761
4 0.169363 0.813977 0.335925 0.355574
3 0.238317 0.178048 0.423922 0.356096
4 0.960346 0.724091 0.0793071 0.551817
3 0.695974 0.80949 0.608053 0.378181
3 0.422594 0.766996 0.830572 0.430276
3 0.929428 0.483477 0.141144 0.932985
3 0.250249 0.0859202 0.482527 0.17184
3 0.862024 0.129827 0.275951 0.259655
3 0.237199 0.297165 0.427142 0.594329
4 0.345364 0.779429 0.676735 0.407915
3 0.931441 0.37364 0.137118 0.74728
4 0.825813 0.74244 0.348375 0.51512
0 0.0212248 0.529444 0.0424495 0.602677
3 0.414549 0.358375 0.733724 0.716751
3 0.927773 0.809078 0.144453 0.381845
3 0.794979 0.483668 0.410042 0.766771
3 0.0269499 0.670663 0.0538998 0.658674
0 0.0508917 0.0823079 0.101783 0.164616
3 0.877494 0.248964 0.245012 0.497928
3 0.479063 0.302425 0.453507 0.604851
3 0.536966 0.485589 0.926069 0.587486
3 0.0349427 0.785532 0.0698854 0.428937
3 0.874945 0.331286 0.25011 0.662571
3 0.155264 0.188137 0.310527 0.376274
3 0.594076 0.255952 0.467341 0.511904
3 0.0904814 0.359771 0.180963 0.593098
3 0.0508917 0.0823079 0.101783 0.164616
0 0.656751 0.625287 0.686499 0.609449
3 0.198854 0.819588 0.391315 0.360825
3 0.528118 0.79562 0.943764 0.380677
3 0.206078 0.108499 0.412156 0.216998
3 0.38827 0.291681 0.515696 0.583361
4 0.738571 0.703085 0.522859 0.59383
4 0.230751 0.778462 0.457277 0.412761
3 0.195198 0.572187 0.385389 0.396966
0 0.65913 0.539133 0.681739 0.312092
3 0.931054 0.185872 0.137892 0.371744
3 0.0212248 0.529444 0.0424495 0.602677
3 0.629592 0.341699 0.534895 0.683399
3 0.745733 0.117495 0.467413 0.23499
3 0.485096 0.228313 0.407254 0.456627
3 0.859056 0.278433 0.281888 0.556866
0 0.521796 0.844093 0.946378 0.311814
3 0.167949 0.10011 0.335898 0.20022
3 0.916028 0.0877156 0.167944 0.175431
3 0.630382 0.0904501 0.549681 0.1809
3 0.129682 0.168547 0.259364 0.329905
4 0.932087 0.751743 0.135826 0.496513
3 0.833152 0.15573 0.333696 0.311461
3 0.373693 0.0713262 0.544076 0.142652
3 0.072804 0.410797 0.145608 0.4461
4 0.919875 0.673116 0.160249 0.653767
4 0.121382 0.785282 0.242764 0.418098
3 0.807819 0.830686 0.384362 0.332044
3 0.0276129 0.315495 0.0552258 0.630989
3 0.932087 0.751743 0.135826 0.496513
4 0.911631 0.587121 0.176738 0.825758
4 0.506167 0.360848 0.935761 0.671897
1 0.777079 0.805909 0.445841 0.380415
0 0.885713 0.798467 0.228574 0.403067
3 0.0791881 0.571672 0.158376 0.283025
3 0.694226 0.28244 0.420012 0.56488
3 0.0340222 0.825021 0.0680445 0.349958
3 0.960346 0.724091 0.0793071 0.551817
4 0.656814 0.55001 0.686372 0.311346
3 0.379825 0.193929 0.505112 0.387858
0 0.0252414 0.638193 0.0504828 0.703071
3 0.0308964 0.731978 0.0617928 0.536043
0 0.916028 0.0877156 0.167944 0.175431
0 0.738204 0.793014 0.523592 0.413971
4 0.78728 0.806675 0.425439 0.386649
3 0.485355 0.0803117 0.433116 0.160623
3 0.0583804 0.532242 0.116761 0.260428
3 0.101203 0.0737663 0.202405 0.147533
4 0.510602 0.886833 0.969064 0.226334
4 0.927773 0.809078 0.144453 0.381845
3 0.919875 0.673116 0.160249 0.653767
4 0.871916 0.805718 0.256168 0.388564
3 0.0208955 0.365551 0.041791 0.558182
0 0.932087 0.751743 0.135826 0.496513
0 0.373693 0.0713262 0.544076 0.142652
4 0.330446 0.821654 0.647482 0.356691
0 0.919875 0.673116 0.160249 0.653767
4 0.529914 0.782024 0.940173 0.435952
0 0.960346 0.724091 0.0793071 0.551817
3 0.0334138 0.164648 0.0668277 0.329295
3 0.344543 0.624934 0.678257 0.557055
3 0.113293 0.826762 0.226586 0.339924
0 0.0334138 0.164648 0.0668277 0.329295
0 0.859214 0.336132 0.281572 0.664066
0 0.142182 0.0938921 0.284363 0.187784
1 0.6159 0.793845 0.7682 0.392164
0 0.485355 0.0803117 0.433116 0.160623
0 0.738571 0.703085 0.522859 0.59383
3 0.118602 0.826744 0.237203 0.346512
3 0.790638 0.155932 0.418724 0.311863
0 0.536966 0.485589 0.926069 0.587486
4 0.590244 0.487289 0.819512 0.415708
0 0.422594 0.766996 0.830572 0.430276
4 0.685785 0.470098 0.62843 0.497413
0 0.78911 0.842085 0.42178 0.315829
4 0.0340222 0.825021 0.0680445 0.349958
0 0.0208955 0.365551 0.041791 0.558182
4 0.47872 0.826019 0.907122 0.347962
3 0.0833629 0.255954 0.166726 0.478841
4 0.656751 0.625287 0.686499 0.609449
4 0.175647 0.827014 0.349252 0.345972
0 0.125741 0.550201 0.249277 0.303936
0 0.516537 0.642868 0.966926 0.672778
4 0.514748 0.502087 0.970504 0.94625
0 0.185628 0.186614 0.354753 0.373229
4 0.118602 0.826744 0.237203 0.346512
0 0.616411 0.7911 0.767177 0.417801
4 0.706331 0.386221 0.587338 0.750372
0 0.911631 0.587121 0.176738 0.825758
0 0.927773 0.809078 0.144453 0.381845
4 0.536966 0.485589 0.926069 0.587486
4 0.539114 0.614196 0.921772 0.526435
0 0.745733 0.117495 0.467413 0.23499
0 0.206078 0.108499 0.412156 0.216998
0 0.677831 0.100631 0.521093 0.201262
0 0.931054 0.185872 0.137892 0.371744
0 0.590244 0.487289 0.819512 0.415708
4 0.021449 0.461667 0.042898 0.496916
0 0.862024 0.129827 0.275951 0.259655
0 0.250249 0.0859202 0.482527 0.17184
0 0.101203 0.0737663 0.202405 0.147533
0 0.506167 0.360848 0.935761 0.671897
0 0.790638 0.155932 0.418724 0.311863
4 0.813258 0.380253 0.373484 0.700516
0 0.85524 0.815635 0.28952 0.36873
4 0.927966 0.500289 0.144068 0.999421
4 0.0334081 0.813759 0.0668162 0.372481
4 0.0508917 0.0823079 0.101783 0.164616
0 0.601052 0.0903944 0.524268 0.180789
0 0.833152 0.15573 0.333696 0.311461
4 0.0269499 0.670663 0.0538998 0.658674
4 0.850278 0.436737 0.299445 0.873474
4 0.0208955 0.365551 0.041791 0.558182
0 0.934357 0.307727 0.131286 0.615454
0 0.0297491 0.286672 0.0594982 0.573343
3 0.0752566 0.136375 0.150513 0.246898
4 0.0276129 0.315495 0.0552258 0.630989
4 0.916028 0.0877156 0.167944 0.175431
4 0.0308964 0.731978 0.0617928 0.536043
1 0.831031 0.817369 0.337939 0.365263
0 0.850278 0.436737 0.299445 0.873474
4 0.931054 0.185872 0.137892 0.371744
4 0.185628 0.186614 0.354753 0.373229
0 0.129682 0.168547 0.259364 0.329905
1 0.932087 0.751743 0.135826 0.496513
4 0.0334138 0.164648 0.0668277 0.329295
0 0.479063 0.302425 0.453507 0.604851
0 0.0340222 0.825021 0.0680445 0.349958
0 0.542146 0.331998 0.514066 0.663997
4 0.794979 0.483668 0.410042 0.766771
0 0.118602 0.826744 0.237203 0.346512
4 0.931441 0.37364 0.137118 0.74728
0 0.67453 0.413385 0.65094 0.624424
0 0.0334081 0.813759 0.0668162 0.372481
4 0.380357 0.666679 0.748746 0.629364
4 0.0609895 0.501628 0.121979 0.27345
0 0.929428 0.483477 0.141144 0.932985
0 0.113293 0.826762 0.226586 0.339924
4 0.072804 0.410797 0.145608 0.4461
0 0.794979 0.483668 0.410042 0.766771
1 0.51397 0.706449 0.972059 0.553761
4 0.630382 0.0904501 0.549681 0.1809
4 0.745733 0.117495 0.467413 0.23499
4 0.129963 0.506773 0.259925 0.317785
4 0.694226 0.28244 0.420012 0.56488
4 0.129682 0.168547 0.259364 0.329905
4 0.485096 0.228313 0.407254 0.456627
4 0.485355 0.0803117 0.433116 0.160623
0 0.0583804 0.532242 0.116761 0.260428
1 0.483123 0.748129 0.958632 0.38556
4 0.862024 0.129827 0.275951 0.259655
4 0.594076 0.255952 0.467341 0.511904
0 0.131395 0.612219 0.261539 0.405207
4 0.787414 0.307357 0.384025 0.614713
2 0.316781 0.280356 0.598222 0.560712
4 0.206078 0.108499 0.412156 0.216998
4 0.166251 0.485219 0.330199 0.43642
2 0.934357 0.307727 0.131286 0.615454
4 0.157726 0.358542 0.315453 0.717083
0 0.380357 0.666679 0.748746 0.629364
2 0.237199 0.297165 0.427142 0.594329
2 0.859056 0.278433 0.281888 0.556866
4 0.167949 0.10011 0.335898 0.20022
4 0.0904814 0.359771 0.180963 0.593098
2 0.694226 0.28244 0.420012 0.56488
2 0.629592 0.341699 0.534895 0.683399
4 0.479063 0.302425 0.453507 0.604851
4 0.266345 0.663439 0.529865 0.552768
1 0.198893 0.80129 0.39315 0.376887
4 0.373693 0.0713262 0.544076 0.142652
0 0.504216 0.510916 0.991569 0.965971
4 0.131395 0.612219 0.261539 0.405207
0 0.877494 0.248964 0.245012 0.497928
0 0.175866 0.774538 0.349068 0.427865
0 0.183707 0.287946 0.346136 0.575891
0 0.0308964 0.731978 0.0617928 0.536043
1 0.960346 0.724091 0.0793071 0.551817
0 0.629592 0.341699 0.534895 0.683399
0 0.694226 0.28244 0.420012 0.56488
0 0.0752566 0.136375 0.150513 0.246898
0 0.289076 0.178195 0.525258 0.35639
4 0.874945 0.331286 0.25011 0.662571
4 0.877494 0.248964 0.245012 0.497928
0 0.139276 0.273814 0.278552 0.547628
4 0.101203 0.0737663 0.202405 0.147533
4 0.0791881 0.571672 0.158376 0.283025
4 0.0752566 0.136375 0.150513 0.246898
0 0.825813 0.74244 0.348375 0.51512
4 0.379825 0.193929 0.505112 0.387858
4 0.289076 0.178195 0.525258 0.35639
2 0.67453 0.413385 0.65094 0.624424
0 0.787414 0.307357 0.384025 0.614713
4 0.250249 0.0859202 0.482527 0.17184
4 0.529216 0.336828 0.601098 0.673655
1 0.289458 0.770655 0.574824 0.453519
2 0.594076 0.255952 0.467341 0.511904
4 0.790638 0.155932 0.418724 0.311863
2 0.542146 0.331998 0.514066 0.663997
0 0.379825 0.193929 0.505112 0.387858
0 0.813258 0.380253 0.373484 0.700516
4 0.141144 0.39216 0.282289 0.570848
4 0.254303 0.50386 0.499527 0.587245
4 0.844792 0.279787 0.310416 0.559575
2 0.425862 0.288468 0.467443 0.576937
4 0.195198 0.572187 0.385389 0.396966
0 0.561066 0.234817 0.456373 0.469635
2 0.139276 0.273814 0.278552 0.547628
0 0.485096 0.228313 0.407254 0.456627
4 0.183707 0.287946 0.346136 0.575891
4 0.629592 0.341699 0.534895 0.683399
2 0.185628 0.186614 0.354753 0.373229
0 0.175647 0.827014 0.349252 0.345972
2 0.775527 0.343527 0.414498 0.687054
4 0.0833629 0.255954 0.166726 0.478841
2 0.289076 0.178195 0.525258 0.35639
2 0.656751 0.625287 0.686499 0.609449
2 0.828603 0.370955 0.342794 0.659325
4 0.833152 0.15573 0.333696 0.311461
2 0.790638 0.155932 0.418724 0.311863
2 0.181773 0.349661 0.352287 0.699323
0 0.112324 0.499587 0.224148 0.212266
0 0.162671 0.485166 0.325342 0.236208
0 0.122207 0.465431 0.244413 0.260357
0 0.869252 0.464174 0.261496 0.338674
2 0.11632 0.502967 0.232641 0.226607
1 0.112324 0.499587 0.224148 0.212266
0 0.623722 0.516236 0.300597 0.33362
0 0.51414 0.495022 0.0918549 0.25784
1 0.162671 0.485166 0.325342 0.236208
0 0.106974 0.487638 0.142319 0.232426
0 0.140965 0.42666 0.28193 0.364189
0 0.519769 0.407369 0.495369 0.450118
0 0.124922 0.0242867 0.135471 0.0485735
0 0.162071 0.307171 0.324141 0.614342
0 0.136287 0.487911 0.0837882 0.225252
0 0.122035 0.683488 0.244069 0.617956
0 0.682559 0.372763 0.577512 0.613971
0 0.22236 0.344949 0.444719 0.689898
0 0.422703 0.491117 0.292303 0.260111
4 0.126016 0.485224 0.252032 0.231673
2 0.122207 0.465431 0.244413 0.260357
2 0.162671 0.485166 0.325342 0.236208
0 0.179866 0.79917 0.359732 0.40166
0 0.484273 0.355081 0.968547 0.710163
0 0.288168 0.508158 0.572398 0.263407
0 0.86333 0.324379 0.273341 0.610368
0 0.674006 0.49641 0.399479 0.2898
0 0.701837 0.651707 0.152696 0.0771205
0 0.239945 0.436891 0.479891 0.452455
1 0.189757 0.422475 0.379515 0.380902
0 0.85648 0.549731 0.28704 0.529614
0 0.729188 0.511964 0.528811 0.363672
0 0.322908 0.808392 0.634905 0.380806
0 0.366231 0.333766 0.732461 0.614793
0 0.685451 0.56046 0.627376 0.489621
0 0.883621 0.567173 0.232758 0.256066
0 0.99623 0.718383 0.00753984 0.477302
2 0.878193 0.485347 0.243613 0.370019
0 0.374519 0.50176 0.749039 0.996481
2 0.51414 0.495022 0.0918549 0.25784
0 0.664447 0.849689 0.485444 0.300622
3 0.819888 0.319699 0.239577 0.639398
2 0.623722 0.516236 0.300597 0.33362
0 0.864534 0.536749 0.270932 0.317814
0 0.404603 0.501376 0.659824 0.293434
3 0.79732 0.501997 0.405359 0.374517
1 0.122035 0.683488 0.244069 0.617956
4 0.623722 0.516236 0.300597 0.33362
0 0.214159 0.683495 0.428319 0.62863
4 0.823165 0.320622 0.35367 0.631171
2 0.122035 0.683488 0.244069 0.617956
0 0.993653 0.767633 0.012693 0.464734
1 0.156757 0.381592 0.313514 0.466388
4 0.519769 0.407369 0.495369 0.450118
3 0.767253 0.308631 0.262946 0.617262
3 0.358043 0.473392 0.716085 0.946785
3 0.795632 0.325805 0.399335 0.65161
0 0.0206358 0.320189 0.0412717 0.142917
1 0.122207 0.465431 0.244413 0.260357
3 0.154839 0.306784 0.309678 0.613568
0 0.794155 0.840113 0.401603 0.318297
3 0.784072 0.311866 0.196959 0.623732
3 0.802195 0.836496 0.393401 0.327007
2 0.683756 0.652862 0.632489 0.607808
0 0.91425 0.508388 0.171499 0.359875
4 0.140965 0.42666 0.28193 0.364189
3 0.726754 0.352577 0.515104 0.650095
0 0.499789 0.676833 0.999579 0.646334
4 0.483415 0.5 0.966829 1
2 0.85648 0.549731 0.28704 0.529614
2 0.51997 0.415932 0.56905 0.831864
3 0.519769 0.407369 0.495369 0.450118
0 0.0147074 0.498267 0.0294147 0.283923
0 0.995085 0.574633 0.0098299 0.273924
2 0.22236 0.344949 0.444719 0.689898
0 0.44244 0.442813 0.781237 0.885626
4 0.22236 0.344949 0.444719 0.689898
2 0.162071 0.307171 0.324141 0.614342
4 0.131666 0.324342 0.263332 0.586488
2 0.735951 0.514201 0.519629 0.345568
3 0.163413 0.429401 0.326827 0.36803
4 0.322908 0.808392 0.634905 0.380806
4 0.868723 0.47267 0.262554 0.322227
1 0.995085 0.574633 0.0098299 0.273924
4 0.111568 0.263614 0.223136 0.527228
2 0.424766 0.343268 0.753397 0.686536
4 0.51414 0.495022 0.0918549 0.25784
3 0.286875 0.366064 0.563913 0.732127
0 0.532976 0.525224 0.795791 0.356652
4 0.165723 0.285069 0.331446 0.570139
0 0.566434 0.50837 0.867132 0.983261
1 0.993653 0.767633 0.012693 0.464734
0 0.499873 0.828112 0.634235 0.343776
3 0.483415 0.5 0.966829 1
4 0.539559 0.670382 0.920881 0.659236
4 0.683756 0.652862 0.632489 0.607808
1 0.99623 0.718383 0.00753984 0.477302
3 0.51997 0.415932 0.56905 0.831864
1 0.226144 0.807908 0.452288 0.375053
3 0.566434 0.50837 0.867132 0.983261
4 0.735951 0.514201 0.519629 0.345568
0 0.139198 0.458447 0.0810057 0.176942
1 0.883621 0.567173 0.232758 0.256066
4 0.63759 0.843952 0.62964 0.312097
0 0.0339301 0.414149 0.0678602 0.36117
0 0.502954 0.744666 0.977253 0.510669
3 0.517822 0.491788 0.100069 0.260183
4 0.566434 0.50837 0.867132 0.983261
0 0.819888 0.319699 0.239577 0.639398
3 0.709798 0.844105 0.482441 0.31179
4 0.711997 0.845739 0.455155 0.308523
3 0.922542 0.0843141 0.154916 0.168628
3 0.23041 0.66854 0.460009 0.661828
3 0.0234247 0.480459 0.0468494 0.248107
3 0.79331 0.574434 0.413379 0.410888
3 0.0378749 0.222888 0.0757499 0.445776
0 0.795632 0.325805 0.399335 0.65161
3 0.931527 0.164092 0.136946 0.328184
2 0.674006 0.49641 0.399479 0.2898
3 0.499752 0.672103 0.966011 0.655794
0 0.532327 0.662328 0.935345 0.587639
2 0.214159 0.683495 0.428319 0.62863
4 0.0389495 0.233525 0.077899 0.467051
2 0.0147074 0.498267 0.0294147 0.283923
3 0.239945 0.436891 0.479891 0.452455
3 0.532327 0.662328 0.935345 0.587639
3 0.424766 0.343268 0.753397 0.686536
4 0.528096 0.402943 0.931844 0.805886
3 0.842986 0.294072 0.314029 0.588144
3 0.899822 0.289714 0.200356 0.579429
4 0.819888 0.319699 0.239577 0.639398
4 0.5647 0.836898 0.616105 0.326204
2 0.140965 0.42666 0.28193 0.364189
3 0.111568 0.263614 0.223136 0.527228
4 0.726754 0.352577 0.515104 0.650095
2 0.374519 0.50176 0.749039 0.996481
2 0.422703 0.491117 0.292303 0.260111
3 0.431397 0.498479 0.330113 0.265994
0 0.112849 0.306203 0.225698 0.581645
4 0.983736 0.811833 0.0325288 0.376333
0 0.922542 0.0843141 0.154916 0.168628
3 0.816527 0.755943 0.366946 0.488114
3 0.439337 0.50119 0.661446 0.257644
4 0.439337 0.50119 0.661446 0.257644
1 0.461811 0.504446 0.865557 0.991107
4 0.23041 0.66854 0.460009 0.661828
3 0.0419767 0.439855 0.0839535 0.342807
4 0.829135 0.84597 0.34173 0.30806
3 0.42467 0.397998 0.844874 0.495403
3 0.883621 0.567173 0.232758 0.256066
4 0.424766 0.343268 0.753397 0.686536
4 0.122035 0.683488 0.244069 0.617956
0 0.523954 0.49694 0.574999 0.271781
2 0.519769 0.407369 0.495369 0.450118
3 0.644089 0.316131 0.518089 0.632262
3 0.983736 0.811833 0.0325288 0.376333
1 0.214159 0.683495 0.428319 0.62863
4 0.996392 0.674153 0.00721531 0.493994
4 0.995085 0.574633 0.0098299 0.273924
2 0.532327 0.662328 0.935345 0.587639
3 0.0147074 0.498267 0.0294147 0.283923
3 0.860816 0.169859 0.278369 0.339719
3 0.736367 0.53992 0.527267 0.405534
3 0.63273 0.324648 0.417385 0.649297
3 0.886941 0.466261 0.226117 0.32277
0 0.800786 0.723587 0.398427 0.552826
3 0.873014 0.364375 0.253972 0.546779
4 0.674006 0.49641 0.399479 0.2898
0 0.0777322 0.810483 0.155464 0.379034
2 0.849626 0.30719 0.300747 0.614379
4 0.685451 0.56046 0.627376 0.489621
4 0.0378749 0.222888 0.0757499 0.445776
3 0.759721 0.265391 0.412538 0.530783
3 0.699601 0.651961 0.600798 0.664985
3 0.837841 0.238243 0.324318 0.476487
4 0.920593 0.844088 0.158814 0.311823
3 0.685451 0.56046 0.627376 0.489621
2 0.983736 0.811833 0.0325288 0.376333
0 0.575246 0.838645 0.737003 0.32271
0 0.683756 0.652862 0.632489 0.607808
1 0.519769 0.407369 0.495369 0.450118
3 0.920593 0.844088 0.158814 0.311823
0 0.644089 0.316131 0.518089 0.632262
0 0.918378 0.364932 0.163243 0.535977
3 0.400241 0.332467 0.558857 0.664934
3 0.156721 0.111428 0.313442 0.222856
1 0.51414 0.495022 0.0918549 0.25784
3 0.00606725 0.796223 0.0121345 0.407554
2 0.239945 0.436891 0.479891 0.452455
0 0.931527 0.164092 0.136946 0.328184
3 0.896574 0.755592 0.206851 0.434134
3 0.5647 0.836898 0.616105 0.326204
4 0.367336 0.818898 0.729758 0.362203
4 0.7941 0.842271 0.40516 0.31447
3 0.114085 0.200617 0.22817 0.401234
0 0.403401 0.274435 0.576403 0.548871
3 0.996392 0.674153 0.00721531 0.493994
3 0.562971 0.371091 0.874058 0.724111
3 0.0310623 0.369533 0.0621246 0.405759
4 0.900295 0.322258 0.19941 0.584156
2 0.499789 0.676833 0.999579 0.646334
4 0.767253 0.308631 0.262946 0.617262
1 0.878193 0.485347 0.243613 0.370019
3 0.203295 0.245473 0.40659 0.490946
4 0.148307 0.777971 0.296613 0.444058
3 0.864534 0.536749 0.270932 0.317814
2 0.404603 0.501376 0.659824 0.293434
3 0.995085 0.574633 0.0098299 0.273924
4 0.85648 0.549731 0.28704 0.529614
2 0.91425 0.508388 0.171499 0.359875
3 0.637413 0.517259 0.318813 0.324197
4 0.873014 0.364375 0.253972 0.546779
3 0.390662 0.82202 0.71127 0.35596
0 0.79331 0.574434 0.413379 0.410888
3 0.608268 0.714904 0.780058 0.570191
3 0.0104798 0.841703 0.0209596 0.316593
4 0.223552 0.800808 0.446086 0.392936
3 0.568584 0.342778 0.527645 0.685557
4 0.499752 0.672103 0.966011 0.655794
4 0.0414156 0.284563 0.0828312 0.511241
4 0.931527 0.164092 0.136946 0.328184
3 0.647952 0.847332 0.441253 0.305337
3 0.267498 0.814083 0.534997 0.371834
0 0.500951 0.408901 0.512864 0.817801
1 0.484273 0.355081 0.968547 0.710163
3 0.598746 0.492112 0.800524 0.373605
4 0.239945 0.436891 0.479891 0.452455
0 0.567074 0.340836 0.471728 0.681672
3 0.445793 0.540988 0.863315 0.360137
2 0.79331 0.574434 0.413379 0.410888
4 0.0104798 0.841703 0.0209596 0.316593
2 0.922542 0.0843141 0.154916 0.168628
4 0.568584 0.342778 0.527645 0.685557
0 0.983736 0.811833 0.0325288 0.376333
0 0.837841 0.238243 0.324318 0.476487
4 0.510426 0.286338 0.440713 0.572676
3 0.575246 0.838645 0.737003 0.32271
2 0.111568 0.263614 0.223136 0.527228
3 0.0389495 0.233525 0.077899 0.467051
4 0.922542 0.0843141 0.154916 0.168628
3 0.0414156 0.284563 0.0828312 0.511241
0 0.899822 0.289714 0.200356 0.579429
1 0.00747013 0.819911 0.0149403 0.360178
2 0.685451 0.56046 0.627376 0.489621
0 0.0234247 0.480459 0.0468494 0.248107
0 0.784072 0.311866 0.196959 0.623732
4 0.794044 0.747795 0.411911 0.50441
1 0.699601 0.651961 0.600798 0.664985
0 0.510426 0.286338 0.440713 0.572676
2 0.567559 0.320776 0.568519 0.635211
0 0.0378749 0.222888 0.0757499 0.445776
4 0.422703 0.491117 0.292303 0.260111
1 0.817295 0.841525 0.365411 0.31695
4 0.644089 0.316131 0.518089 0.632262
1 0.642608 0.499383 0.336101 0.276732
4 0.784072 0.311866 0.196959 0.623732
2 0.568584 0.342778 0.527645 0.685557
4 0.532976 0.525224 0.795791 0.356652
0 0.114085 0.200617 0.22817 0.401234
3 0.00787776 0.652777 0.0157555 0.568907
3 0.918378 0.364932 0.163243 0.535977
2 0.562971 0.371091 0.874058 0.724111
0 0.299899 0.39359 0.592988 0.78718
0 0.759721 0.265391 0.412538 0.530783
3 0.133821 0.676505 0.267642 0.641513
4 0.403401 0.274435 0.576403 0.548871
4 0.763716 0.839929 0.472567 0.320141
4 0.51997 0.415932 0.56905 0.831864
2 0.995085 0.574633 0.0098299 0.273924
3 0.263635 0.254924 0.52159 0.509848
1 0.709827 0.38909 0.486117 0.538768
0 0.156721 0.111428 0.313442 0.222856
2 0.837841 0.238243 0.324318 0.476487
4 0.759721 0.265391 0.412538 0.530783
1 0.737996 0.841615 0.506746 0.31677
1 0.767253 0.308631 0.262946 0.617262
2 0.931527 0.164092 0.136946 0.328184
3 0.141783 0.491845 0.283567 0.238725
1 0.288168 0.508158 0.572398 0.263407
2 0.993653 0.767633 0.012693 0.464734
1 0.983736 0.811833 0.0325288 0.376333
4 0.79331 0.574434 0.413379 0.410888
3 0.510426 0.286338 0.440713 0.572676
3 0.176441 0.194341 0.352881 0.388682
4 0.00787776 0.652777 0.0157555 0.568907
3 0.419148 0.705999 0.831909 0.588002
1 0.91425 0.508388 0.171499 0.359875
4 0.91425 0.508388 0.171499 0.359875
4 0.993653 0.767633 0.012693 0.464734
3 0.00682254 0.74722 0.0136451 0.50556
1 0.114085 0.200617 0.22817 0.401234
1 0.0147074 0.498267 0.0294147 0.283923
2 0.566434 0.50837 0.867132 0.983261
2 0.883621 0.567173 0.232758 0.256066
2 0.419148 0.705999 0.831909 0.588002
4 0.490167 0.826925 0.670199 0.346149
0 0.860816 0.169859 0.278369 0.339719
4 0.36658 0.433732 0.726593 0.867464
4 0.883621 0.567173 0.232758 0.256066
0 0.203295 0.245473 0.40659 0.490946
0 0.555106 0.872118 0.889789 0.255763
0 0.985691 0.734104 0.0286183 0.531792
1 0.985691 0.734104 0.0286183 0.531792
0 0.391642 0.884999 0.783285 0.230003
0 0.377495 0.497692 0.75499 0.369739
1 0.945922 0.340845 0.108156 0.68169
0 0.994363 0.803687 0.011274 0.392627
1 0.983971 0.640835 0.0320572 0.635957
1 0.99004 0.780663 0.0199194 0.438674
1 0.40868 0.701158 0.81736 0.355012
0 0.50834 0.545455 0.871642 0.276067
1 0.960522 0.218953 0.0789556 0.437906
0 0.562119 0.474726 0.875761 0.450686
0 0.717003 0.385003 0.565994 0.642049
0 0.571017 0.616729 0.857966 0.179534
0 0.114086 0.529641 0.228172 0.275304
0 0.720646 0.569642 0.558707 0.2826
0 0.486169 0.50051 0.69082 0.350063
0 0.957167 0.26052 0.0856665 0.52104
3 0.877906 0.613565 0.244188 0.245166
0 0.00838116 0.822679 0.0167623 0.354642
1 0.467383 0.737421 0.934767 0.525157
3 0.697328 0.359683 0.605345 0.719366
1 0.451973 0.875312 0.889664 0.249376
2 0.985691 0.734104 0.0286183 0.531792
2 0.972619 0.198684 0.0547615 0.397367
0 0.587122 0.58268 0.825757 0.225459
0 0.380105 0.440432 0.76021 0.880864
2 0.983971 0.640835 0.0320572 0.635957
0 0.664931 0.859191 0.670138 0.281618
1 0.715322 0.861401 0.569355 0.277197
3 0.69673 0.594462 0.60654 0.208935
0 0.956317 0.751112 0.0873669 0.497777
3 0.567532 0.460451 0.864937 0.920902
0 0.491364 0.736765 0.982728 0.526471
0 0.117474 0.356747 0.234948 0.685577
2 0.00838116 0.822679 0.0167623 0.354642
0 0.550764 0.617577 0.898472 0.241864
2 0.451973 0.875312 0.889664 0.249376
0 0.648215 0.364563 0.70357 0.729126
0 1 0.727015 0 0.54597
0 0.412568 0.827482 0.825136 0.33163
1 0.535232 0.679289 0.929537 0.39753
2 0.562417 0.622265 0.875166 0.275822
2 0.960522 0.218953 0.0789556 0.437906
1 0.96244 0.40543 0.0751206 0.681413
3 0.581961 0.538334 0.754902 0.295835
1 0.486169 0.50051 0.69082 0.350063
0 0.68569 0.617841 0.62862 0.166146
0 0.321475 0.86555 0.64295 0.2689
1 0.562417 0.622265 0.875166 0.275822
0 0.180533 0.844732 0.361067 0.310536
4 0.720646 0.569642 0.558707 0.2826
3 0.416515 0.553505 0.823316 0.241239
0 0.130543 0.366494 0.261086 0.732989
0 0.343327 0.543375 0.686653 0.264293
2 0.717003 0.385003 0.565994 0.642049
3 0.758913 0.613728 0.482174 0.169198
3 0.587122 0.58268 0.825757 0.225459
2 0.571017 0.616729 0.857966 0.179534
0 0.602692 0.634175 0.794615 0.316811
3 0.0661568 0.0410019 0.0125859 0.0370235
3 0.983971 0.640835 0.0320572 0.635957
2 0.99004 0.780663 0.0199194 0.438674
4 0.722113 0.358307 0.555773 0.716615
1 0.33936 0.659039 0.67872 0.431035
4 0.571017 0.616729 0.857966 0.179534
3 0.0256067 0.647695 0.0512134 0.703253
3 0.934972 0.71873 0.130056 0.56254
2 0.535232 0.679289 0.929537 0.39753
1 0.972619 0.198684 0.0547615 0.397367
3 0.380105 0.440432 0.76021 0.880864
1 0.494829 0.805324 0.989658 0.389352
2 0.720646 0.569642 0.558707 0.2826
0 0.535232 0.679289 0.929537 0.39753
3 0.720646 0.569642 0.558707 0.2826
1 0.297353 0.867527 0.594707 0.264945
4 0.985691 0.734104 0.0286183 0.531792
1 0.977348 0.523266 0.0453032 0.645677
0 0.363574 0.295733 0.727148 0.591467
2 0.141505 0.530027 0.28301 0.263007
3 0.512715 0.871623 0.97457 0.256754
3 0.70976 0.747628 0.580481 0.504743
0 0.532359 0.692245 0.935283 0.61551
2 0.5 0.787289 1 0.425422
0 0.372151 0.670738 0.744302 0.325837
2 0.486169 0.50051 0.69082 0.350063
3 0.571639 0.447623 0.856722 0.521338
0 0.171982 0.369533 0.343963 0.739066
4 0.602692 0.634175 0.794615 0.316811
0 0.387553 0.359881 0.748888 0.719761
0 0.56473 0.434921 0.870539 0.869843
4 0.587091 0.562891 0.825817 0.290614
1 0.58049 0.547073 0.839019 0.285158
0 0.291486 0.514302 0.582972 0.31998
3 0.306615 0.724388 0.61323 0.551225
0 0.215694 0.74464 0.431388 0.510721
0 0.226267 0.668659 0.452533 0.662682
4 0.296403 0.654968 0.592806 0.625285
0 0.0384813 0.511992 0.0769627 0.633589
1 0.438665 0.828321 0.877331 0.343359
4 0.535232 0.679289 0.929537 0.39753
3 0.33936 0.659039 0.67872 0.431035
2 0.455597 0.549032 0.876441 0.256532
0 0.124666 0.303967 0.249333 0.607934
0 0.911266 0.306812 0.177468 0.613624
4 0.491364 0.736765 0.982728 0.526471
2 0.58049 0.547073 0.839019 0.285158
4 0.983971 0.640835 0.0320572 0.635957
4 0.550764 0.617577 0.898472 0.241864
1 0.467604 0.867414 0.839839 0.265171
1 0.717003 0.385003 0.565994 0.642049
0 0.00786616 0.760943 0.0157323 0.478114
0 0.705114 0.32742 0.589772 0.65484
3 0.343327 0.543375 0.686653 0.264293
0 0.972619 0.198684 0.0547615 0.397367
4 0.364177 0.874474 0.728353 0.251051
0 0.509852 0.333458 0.659388 0.666916
4 0.723303 0.854302 0.553395 0.291396
0 0.34036 0.315666 0.680719 0.631331
0 0.577494 0.866847 0.785798 0.266305
4 0.68569 0.617841 0.62862 0.166146
4 0.640886 0.867696 0.718229 0.264608
4 0.416515 0.553505 0.823316 0.241239
1 0.567532 0.460451 0.864937 0.920902
2 0.503035 0.71805 0.99393 0.5639
1 0.00838116 0.822679 0.0167623 0.354642
2 0.377495 0.497692 0.75499 0.369739
3 0.666959 0.8353 0.666083 0.329399
3 0.836909 0.757582 0.326182 0.484835
4 0.814443 0.80427 0.371114 0.39146
4 0.0162098 0.645255 0.0324196 0.70949
3 0.647547 0.608708 0.704905 0.166375
1 0.380105 0.440432 0.76021 0.880864
0 0.111953 0.373251 0.223907 0.746502
0 0.0256067 0.647695 0.0512134 0.703253
0 0.983971 0.640835 0.0320572 0.635957
4 0.934972 0.71873 0.130056 0.56254
4 0.387053 0.484097 0.774106 0.968195
0 0.172671 0.540472 0.345341 0.258706
4 0.0306165 0.580781 0.0612329 0.614985
1 0.455597 0.549032 0.876441 0.256532
4 0.583904 0.503917 0.814946 0.340016
4 0.529763 0.870401 0.940474 0.259197
3 0.491364 0.736765 0.982728 0.526471
4 0.123362 0.5096 0.246725 0.339388
2 0.68569 0.617841 0.62862 0.166146
0 0.123362 0.5096 0.246725 0.339388
1 0.123362 0.5096 0.246725 0.339388
4 0.503035 0.71805 0.99393 0.5639
2 0.0256067 0.647695 0.0512134 0.703253
2 0.953111 0.312066 0.0937791 0.624133
0 0.441487 0.866721 0.773669 0.266557
1 0.756801 0.374229 0.486399 0.748458
0 0.960522 0.218953 0.0789556 0.437906
1 0.377495 0.497692 0.75499 0.369739
3 0.486169 0.50051 0.69082 0.350063
1 0.226267 0.668659 0.452533 0.662682
4 0.955695 0.689973 0.0886093 0.556743
3 0.955695 0.689973 0.0886093 0.556743
4 0.63675 0.73355 0.726499 0.532901
4 0.523208 0.867689 0.836483 0.264623
3 0.715322 0.861401 0.569355 0.277197
4 0.452673 0.452174 0.824233 0.904348
2 0.108689 0.348623 0.217379 0.697246
4 0.00786616 0.760943 0.0157323 0.478114
2 0.00786616 0.760943 0.0157323 0.478114
2 0.306615 0.724388 0.61323 0.551225
1 0.571017 0.616729 0.857966 0.179534
0 0.056746 0.419952 0.113492 0.839904
0 0.00929527 0.670204 0.0185905 0.659591
1 0.640886 0.867696 0.718229 0.264608
4 0.520382 0.534222 0.60534 0.295248
0 0.176065 0.324111 0.35213 0.648223
2 0.96244 0.40543 0.0751206 0.681413
0 0.745908 0.374446 0.508185 0.748892
4 0.562119 0.474726 0.875761 0.450686
3 0.239328 0.51569 0.478655 0.311483
4 0.57483 0.377294 0.85034 0.65357
4 0.977348 0.523266 0.0453032 0.645677
0 0.306615 0.724388 0.61323 0.551225
4 0.117474 0.356747 0.234948 0.685577
2 0.349279 0.832501 0.698559 0.334999
4 0.00838116 0.822679 0.0167623 0.354642
3 0.00929527 0.670204 0.0185905 0.659591
3 0.372151 0.670738 0.744302 0.325837
3 0.977348 0.523266 0.0453032 0.645677
0 0.248531 0.384173 0.497063 0.768346
3 0.466954 0.821502 0.933907 0.356996
4 0.960522 0.218953 0.0789556 0.437906
4 0.112808 0.52454 0.225616 0.299199
4 0.372151 0.670738 0.744302 0.325837
1 0.995342 0.815284 0.00931644 0.369432
2 0.955695 0.689973 0.0886093 0.556743
2 0.307705 0.550311 0.615409 0.237394
0 0.243378 0.865785 0.486755 0.26843
4 0.972619 0.198684 0.0547615 0.397367
4 0.877906 0.613565 0.244188 0.245166
1 0.720646 0.569642 0.558707 0.2826
2 0.00929527 0.670204 0.0185905 0.659591
0 0.603759 0.721222 0.792482 0.557555
4 0.681441 0.862476 0.573988 0.275047
3 0.535232 0.679289 0.929537 0.39753
3 0.226267 0.668659 0.452533 0.662682
3 0.199883 0.82281 0.399765 0.35438
1 0.112808 0.52454 0.225616 0.299199
2 0.0948248 0.655051 0.18965 0.682831
4 0.278464 0.857737 0.556928 0.284526
3 0.0948248 0.655051 0.18965 0.682831
3 0.102159 0.52148 0.204319 0.302235
2 0.562119 0.474726 0.875761 0.450686
3 0.278464 0.857737 0.556928 0.284526
2 0.666959 0.8353 0.666083 0.329399
4 0.172671 0.540472 0.345341 0.258706
4 0.0529229 0.379391 0.105846 0.758783
0 0.415373 0.27856 0.580491 0.55712
3 0.972619 0.198684 0.0547615 0.397367
0 0.797348 0.306568 0.405304 0.613136
4 0.33936 0.659039 0.67872 0.431035
3 0.438149 0.372813 0.7208 0.745626
0 0.245869 0.349178 0.491738 0.698356
0 0.723303 0.854302 0.553395 0.291396
2 0.112757 0.524359 0.225515 0.307131
0 0.33936 0.659039 0.67872 0.431035
4 0.377495 0.497692 0.75499 0.369739
3 0.503035 0.71805 0.99393 0.5639
4 0.797348 0.306568 0.405304 0.613136
3 0.23014 0.0881193 0.00334988 0.0168555
2 0.0384813 0.511992 0.0769627 0.633589
0 0.986308 0.546484 0.0273849 0.436678
2 0.877906 0.613565 0.244188 0.245166
1 0.503035 0.71805 0.99393 0.5639
4 0.239328 0.51569 0.478655 0.311483
0 0.127736 0.0222191 0.141205 0.0444382
0 0.814443 0.80427 0.371114 0.39146
4 0.109311 0.384888 0.218622 0.769776
3 0.349279 0.832501 0.698559 0.334999
2 0.33936 0.659039 0.67872 0.431035
1 0.306615 0.724388 0.61323 0.551225
3 0.255894 0.369595 0.511788 0.739189
4 0.343327 0.543375 0.686653 0.264293
3 0.602692 0.634175 0.794615 0.316811
2 0.226267 0.668659 0.452533 0.662682
1 0.71787 0.617632 0.56426 0.163005
1 0.57483 0.377294 0.85034 0.65357
3 0.603759 0.721222 0.792482 0.557555
2 0.387053 0.484097 0.774106 0.968195
4 0.836909 0.757582 0.326182 0.484835
4 0.466954 0.821502 0.933907 0.356996
2 0.466954 0.821502 0.933907 0.356996
3 0.172671 0.540472 0.345341 0.258706
2 0.977348 0.523266 0.0453032 0.645677
1 0.0256067 0.647695 0.0512134 0.703253
3 0.0119137 0.84572 0.0238274 0.30856
3 0.193853 0.0184002 0.00757937 0.0368004
4 0.995342 0.815284 0.00931644 0.369432
3 0.377495 0.497692 0.75499 0.369739
4 0.56473 0.434921 0.870539 0.869843
2 0.372151 0.670738 0.744302 0.325837
3 0.814443 0.80427 0.371114 0.39146
0 0.0948248 0.655051 0.18965 0.682831
0 0.877906 0.613565 0.244188 0.245166
1 0.239328 0.51569 0.478655 0.311483
2 0.57483 0.377294 0.85034 0.65357
4 0.215694 0.74464 0.431388 0.510721
2 0.567532 0.460451 0.864937 0.920902
2 0.928838 0.50326 0.142324 0.475278
4 0.943971 0.287384 0.112058 0.574767
2 0.957167 0.26052 0.0856665 0.52104
2 0.239328 0.51569 0.478655 0.311483
3 0.365122 0.339174 0.730245 0.678348
1 0.109311 0.384888 0.218622 0.769776
2 0.123362 0.5096 0.246725 0.339388
1 0.0948248 0.655051 0.18965 0.682831
1 0.955695 0.689973 0.0886093 0.556743
2 0.243378 0.865785 0.486755 0.26843
3 0.603702 0.129906 0.00848446 0.0956196
2 0.509852 0.333458 0.659388 0.666916
1 0.215694 0.74464 0.431388 0.510721
4 0.304586 0.410907 0.609173 0.821815
2 0.756801 0.374229 0.486399 0.748458
3 0.00786616 0.760943 0.0157323 0.478114
1 0.00929527 0.670204 0.0185905 0.659591
2 0.180533 0.844732 0.361067 0.310536
0 0.109311 0.384888 0.218622 0.769776
1 0.110068 0.333223 0.220137 0.666447
2 0.056746 0.419952 0.113492 0.839904
3 0.215694 0.74464 0.431388 0.510721
1 0.0879149 0.535236 0.17583 0.351883
4 0.199883 0.82281 0.399765 0.35438
4 0.96244 0.40543 0.0751206 0.681413
4 0.468386 0.306833 0.654625 0.613665
3 0.35617 0.28468 0.653415 0.569359
1 0.877906 0.613565 0.244188 0.245166
2 0.39756 0.35619 0.680244 0.71238
3 0.115296 0.526173 0.221302 0.280612
3 0.928838 0.50326 0.142324 0.475278
1 0.603759 0.721222 0.792482 0.557555
3 0.96244 0.40543 0.0751206 0.681413
4 0.0948248 0.655051 0.18965 0.682831
0 0.157878 0.481786 0.315757 0.251054
0 0.166937 0.258772 0.333874 0.517545
0 0.873366 0.573865 0.253267 0.104014
0 0.802144 0.299917 0.395712 0.599835
2 0.157878 0.481786 0.315757 0.251054
1 0.142885 0.45962 0.28577 0.266561
0 0.604176 0.312545 0.614555 0.62509
4 0.227532 0.613229 0.024708 0.0774589
0 0.377815 0.515704 0.377234 0.183829
1 0.159589 0.283742 0.319178 0.567485
0 0.793063 0.568037 0.413874 0.234663
0 0.808851 0.403817 0.382297 0.47567
0 0.332417 0.309893 0.664833 0.619786
0 0.467064 0.312749 0.650197 0.625499
0 0.779851 0.840287 0.440298 0.319427
0 0.352331 0.311778 0.449058 0.623555
0 0.765475 0.525604 0.469051 0.206518
1 0.864875 0.709107 0.270251 0.581786
0 0.229755 0.299584 0.456199 0.599167
0 0.494997 0.312351 0.410916 0.624702
0 0.834744 0.721597 0.330511 0.556805
0 0.299235 0.520604 0.553021 0.170644
0 0.0886116 0.489244 0.177223 0.211767
1 0.604176 0.312545 0.614555 0.62509
0 0.754428 0.888928 0.491144 0.222145
0 0.438963 0.310493 0.27878 0.620986
0 0.44571 0.51783 0.242843 0.182688
0 0.181316 0.836427 0.362631 0.327145
0 0.856864 0.530731 0.286272 0.215641
0 0.876385 0.842389 0.247229 0.315222
1 0.776131 0.320696 0.447737 0.641392
0 0.541743 0.261178 0.480165 0.506893
2 0.432654 0.504536 0.325874 0.213813
0 0.967906 0.169913 0.064187 0.339826
0 0.118852 0.181496 0.237705 0.173937
0 0.966205 0.730497 0.0675902 0.539006
0 0.114385 0.142127 0.228771 0.284253
2 0.494997 0.312351 0.410916 0.624702
0 0.870635 0.24341 0.258731 0.48682
0 0.402687 0.469638 0.330316 0.282069
0 0.154458 0.767676 0.308917 0.464647
2 0.173145 0.258373 0.315416 0.516746
0 0.218126 0.227153 0.218049 0.454305
0 0.168553 0.688513 0.337106 0.622974
2 0.805566 0.265909 0.388867 0.531819
0 0.147951 0.196387 0.295903 0.392774
1 0.118637 0.232845 0.237275 0.465689
0 0.708888 0.922248 0.532315 0.155503
0 0.368046 0.493617 0.449309 0.239165
0 0.957137 0.21609 0.0857264 0.432181
3 0.890932 0.296636 0.218137 0.593273
4 0.642225 0.297116 0.715551 0.594231
0 0.759668 0.282538 0.480665 0.565075
0 0.103346 0.293846 0.206692 0.587692
0 0.633866 0.249674 0.723444 0.499349
0 0.432654 0.504536 0.325874 0.213813
0 0.921263 0.565458 0.157474 0.375535
2 0.438963 0.310493 0.27878 0.620986
1 0.157279 0.710156 0.314559 0.579687
1 0.860172 0.298845 0.279656 0.597691
0 0.903242 0.805006 0.193515 0.389988
1 0.95603 0.726137 0.0879393 0.547727
0 0.244346 0.249694 0.182234 0.499388
0 0.115211 0.357305 0.230423 0.230674
2 0.745253 0.319645 0.509494 0.639291
0 0.118637 0.232845 0.237275 0.465689
2 0.402687 0.469638 0.330316 0.282069
1 0.171072 0.836661 0.342144 0.326678
0 0.251951 0.484712 0.49636 0.240371
1 0.227532 0.613229 0.024708 0.0774589
1 0.229755 0.299584 0.456199 0.599167
3 0.613412 0.250369 0.740388 0.487952
3 0.173145 0.258373 0.315416 0.516746
4 0.806025 0.23146 0.387949 0.462921
1 0.352331 0.311778 0.449058 0.623555
2 0.44571 0.51783 0.242843 0.182688
4 0.160503 0.231748 0.321006 0.463495
0 0.903278 0.302214 0.193443 0.604427
0 0.00692829 0.700983 0.0138566 0.598034
4 0.494997 0.312351 0.410916 0.624702
4 0.218126 0.227153 0.218049 0.454305
1 0.494997 0.312351 0.410916 0.624702
1 0.903278 0.302214 0.193443 0.604427
0 0.942064 0.222446 0.115872 0.444891
0 0.137586 0.0316868 0.153268 0.0633737
0 0.639593 0.519288 0.720814 0.204629
2 0.866469 0.239857 0.267061 0.479715
3 0.44571 0.51783 0.242843 0.182688
0 0.871036 0.227527 0.257927 0.455054
4 0.438963 0.310493 0.27878 0.620986
1 0.510968 0.489653 0.449892 0.25748
2 0.856864 0.530731 0.286272 0.215641
0 0.29167 0.829083 0.39709 0.341833
1 0.402687 0.469638 0.330316 0.282069
3 0.881859 0.449279 0.236283 0.375806
3 0.866469 0.239857 0.267061 0.479715
3 0.864875 0.709107 0.270251 0.581786
0 0.121025 0.260681 0.242049 0.293691
0 0.332983 0.920079 0.456178 0.159842
2 0.228732 0.237576 0.205872 0.475152
2 0.105534 0.463748 0.211068 0.282726
0 0.878322 0.609997 0.242833 0.198129
4 0.411924 0.268711 0.538622 0.537423
3 0.228732 0.237576 0.205872 0.475152
4 0.578181 0.258415 0.608909 0.490088
3 0.808256 0.241721 0.375233 0.483442
1 0.332417 0.309893 0.664833 0.619786
0 0.107232 0.220141 0.214465 0.440282
0 0.105534 0.463748 0.211068 0.282726
4 0.866469 0.239857 0.267061 0.479715
3 0.639165 0.314552 0.692515 0.629104
1 0.942064 0.222446 0.115872 0.444891
2 0.604176 0.312545 0.614555 0.62509
0 0.56964 0.923478 0.489275 0.153045
2 0.229755 0.299584 0.456199 0.599167
2 0.961207 0.707959 0.077586 0.584082
0 0.0802361 0.667921 0.160472 0.664159
1 0.0802361 0.667921 0.160472 0.664159
2 0.903278 0.302214 0.193443 0.604427
0 0.255257 0.850353 0.510515 0.299294
1 0.860831 0.832234 0.278338 0.335532
3 0.788129 0.32544 0.423742 0.65088
0 0.823265 0.230179 0.35347 0.460359
2 0.793063 0.568037 0.413874 0.234663
1 0.813116 0.259541 0.373768 0.519082
3 0.961207 0.707959 0.077586 0.584082
3 0.299235 0.520604 0.553021 0.170644
3 0.0338208 0.214123 0.0676416 0.428247
4 0.890932 0.296636 0.218137 0.593273
0 0.270068 0.889952 0.505395 0.220097
2 0.510968 0.489653 0.449892 0.25748
2 0.368046 0.493617 0.449309 0.239165
0 0.00966654 0.785599 0.0193331 0.428803
3 0.432654 0.504536 0.325874 0.213813
2 0.967906 0.169913 0.064187 0.339826
2 0.319039 0.307242 0.636383 0.614485
4 0.74524 0.318474 0.509519 0.636948
0 0.510968 0.489653 0.449892 0.25748
0 0.0338208 0.214123 0.0676416 0.428247
4 0.432654 0.504536 0.325874 0.213813
4 0.550603 0.647105 0.898794 0.705791
1 0.613412 0.250369 0.740388 0.487952
0 0.077277 0.460978 0.154554 0.359183
4 0.0338208 0.214123 0.0676416 0.428247
4 0.574388 0.254537 0.851224 0.509074
1 0.438963 0.310493 0.27878 0.620986
1 0.228732 0.237576 0.205872 0.475152
2 0.157279 0.710156 0.314559 0.579687
0 0.477031 0.923923 0.485869 0.152154
1 0.161066 0.489072 0.314767 0.23078
0 0.52466 0.834497 0.434251 0.331005
3 0.76029 0.273 0.473505 0.546
0 0.443601 0.828938 0.444967 0.342123
1 0.368046 0.493617 0.449309 0.239165
3 0.160656 0.481237 0.315076 0.239596
0 0.333917 0.323103 0.510532 0.646206
2 0.244346 0.249694 0.182234 0.499388
3 0.46696 0.247211 0.597325 0.494422
4 0.161697 0.205556 0.323395 0.411113
4 0.961207 0.707959 0.077586 0.584082
0 0.0101615 0.661026 0.0203229 0.677948
1 0.793063 0.568037 0.413874 0.234663
3 0.229755 0.299584 0.456199 0.599167
1 0.957137 0.21609 0.0857264 0.432181
4 0.1601 0.471461 0.318268 0.267132
0 0.0710366 0.231539 0.142073 0.463079
3 0.494997 0.312351 0.410916 0.624702
4 0.44571 0.51783 0.242843 0.182688
3 0.17254 0.212635 0.310474 0.425269
2 0.772804 0.28099 0.454391 0.56198
3 0.52998 0.836109 0.823251 0.327782
0 0.959932 0.228344 0.0801352 0.456688
2 0.900286 0.74936 0.199429 0.501279
3 0.57608 0.4973 0.667147 0.23669
3 0.251951 0.484712 0.49636 0.240371
4 0.255257 0.850353 0.510515 0.299294
4 0.908719 0.242475 0.182561 0.48495
3 0.077277 0.460978 0.154554 0.359183
3 0.921263 0.565458 0.157474 0.375535
0 0.445415 0.659223 0.890829 0.681554
1 0.967906 0.169913 0.064187 0.339826
0 0.57608 0.4973 0.667147 0.23669
3 0.23992 0.829423 0.479841 0.341154
4 0.510968 0.489653 0.449892 0.25748
4 0.870635 0.24341 0.258731 0.48682
1 0.217229 0.689932 0.434457 0.620135
2 0.377815 0.515704 0.377234 0.183829
4 0.237554 0.280698 0.218643 0.561396
0 0.673304 0.848664 0.612947 0.302673
2 0.118637 0.232845 0.237275 0.465689
4 0.57608 0.4973 0.667147 0.23669
0 0.0366243 0.0343498 0.0732486 0.0565284
2 0.942064 0.222446 0.115872 0.444891
4 0.0388874 0.22907 0.0777748 0.458141
4 0.921263 0.565458 0.157474 0.375535
2 0.228361 0.477427 0.435807 0.26393
4 0.52998 0.836109 0.823251 0.327782
0 0.579992 0.638558 0.840015 0.722885
4 0.371468 0.669162 0.742936 0.661676
0 0.0388874 0.22907 0.0777748 0.458141
0 0.851817 0.430317 0.296366 0.426296
1 0.856864 0.530731 0.286272 0.215641
4 0.967906 0.169913 0.064187 0.339826
1 0.477031 0.923923 0.485869 0.152154
2 0.613412 0.250369 0.740388 0.487952
4 0.368046 0.493617 0.449309 0.239165
2 0.0101615 0.661026 0.0203229 0.677948
4 0.76029 0.273 0.473505 0.546
4 0.959932 0.228344 0.0801352 0.456688
3 0.157279 0.710156 0.314559 0.579687
4 0.319039 0.307242 0.636383 0.614485
3 0.418529 0.927185 0.470209 0.14563
2 0.411924 0.268711 0.538622 0.537423
2 0.217229 0.689932 0.434457 0.620135
1 0.921263 0.565458 0.157474 0.375535
3 0.78777 0.551062 0.42446 0.184286
3 0.754428 0.888928 0.491144 0.222145
4 0.352331 0.311778 0.449058 0.623555
0 0.914835 0.711405 0.17033 0.57719
4 0.0101615 0.661026 0.0203229 0.677948
0 0.545936 0.348905 0.752116 0.697811
2 0.299235 0.520604 0.553021 0.170644
3 0.908719 0.242475 0.182561 0.48495
1 0.652563 0.510928 0.665604 0.232915
4 0.299235 0.520604 0.553021 0.170644
2 0.0571558 0.554245 0.114312 0.54831
4 0.376573 0.833775 0.400898 0.332449
2 0.812109 0.720582 0.375782 0.558836
1 0.107232 0.220141 0.214465 0.440282
2 0.870635 0.24341 0.258731 0.48682
3 0.385872 0.837502 0.730884 0.324996
2 0.00692829 0.700983 0.0138566 0.598034
3 0.377815 0.515704 0.377234 0.183829
3 0.217229 0.689932 0.434457 0.620135
4 0.806352 0.749079 0.387297 0.501843
4 0.168553 0.688513 0.337106 0.622974
1 0.0338208 0.214123 0.0676416 0.428247
4 0.452855 0.837429 0.454112 0.325141
4 0.881859 0.449279 0.236283 0.375806
4 0.159439 0.835563 0.318878 0.328875
1 0.23992 0.829423 0.479841 0.341154
4 0.229755 0.299584 0.456199 0.599167
3 0.0488079 0.228045 0.0976158 0.45609
0 0.732451 0.756188 0.535098 0.487625
1 0.147951 0.196387 0.295903 0.392774
2 0.52998 0.836109 0.823251 0.327782
3 0.967906 0.169913 0.064187 0.339826
4 0.942064 0.222446 0.115872 0.444891
1 0.871036 0.227527 0.257927 0.455054
3 0.438963 0.310493 0.27878 0.620986
3 0.91955 0.543682 0.160899 0.199429
4 0.489659 0.664484 0.661399 0.671033
2 0.921263 0.565458 0.157474 0.375535
3 0.870635 0.24341 0.258731 0.48682
1 0.91955 0.543682 0.160899 0.199429
2 0.181316 0.836427 0.362631 0.327145
4 0.228361 0.477427 0.435807 0.26393
2 0.445415 0.659223 0.890829 0.681554
4 0.385872 0.837502 0.730884 0.324996
0 0.0571558 0.554245 0.114312 0.54831
1 0.900286 0.74936 0.199429 0.501279
3 0.390526 0.269483 0.617918 0.538966
3 0.336147 0.318107 0.632776 0.586293
2 0.652563 0.510928 0.665604 0.232915
2 0.107232 0.220141 0.214465 0.440282
4 0.760433 0.811819 0.479134 0.376362
4 0.864875 0.709107 0.270251 0.581786
3 0.237554 0.280698 0.218643 0.561396
1 0.870635 0.24341 0.258731 0.48682
3 0.0571558 0.554245 0.114312 0.54831
3 0.159439 0.835563 0.318878 0.328875
1 0.851817 0.430317 0.296366 0.426296
4 0.754428 0.888928 0.491144 0.222145
1 0.237554 0.280698 0.218643 0.561396
3 0.445415 0.659223 0.890829 0.681554
1 0.759668 0.282538 0.480665 0.565075
4 0.883424 0.8501 0.233152 0.299801
4 0.402687 0.469638 0.330316 0.282069
1 0.52998 0.836109 0.823251 0.327782
2 0.0802361 0.667921 0.160472 0.664159
2 0.591367 0.330423 0.697195 0.660846
3 0.520841 0.922737 0.487824 0.154526
0 0.0639936 0.813867 0.127987 0.372266
2 0.541743 0.261178 0.480165 0.506893
3 0.82432 0.841695 0.351359 0.316611
1 0.371181 0.92611 0.459955 0.14778
2 0.077277 0.460978 0.154554 0.359183
1 0.56964 0.923478 0.489275 0.153045
3 0.914835 0.711405 0.17033 0.57719
1 0.959932 0.228344 0.0801352 0.456688
0 0.91955 0.543682 0.160899 0.199429
3 0.708888 0.922248 0.532315 0.155503
2 0.579992 0.638558 0.840015 0.722885
4 0.377815 0.515704 0.377234 0.183829
1 0.793508 0.695786 0.412985 0.608427
2 0.147951 0.196387 0.295903 0.392774
4 0.550043 0.849077 0.522875 0.301847
1 0.432654 0.504536 0.325874 0.213813
3 0.0918987 0.331179 0.183797 0.593138
1 0.228361 0.477427 0.435807 0.26393
0 0.201722 0.815512 0.403445 0.368976
1 0.09685 0.469933 0.1937 0.184705
1 0.97128 0.710228 0.0574392 0.579544
1 0.229366 0.616974 0.0260602 0.0761126
1 0.0874256 0.515487 0.174851 0.31052
0 0.959145 0.768527 0.0817108 0.462947
0 0.142732 0.83929 0.285463 0.321419
0 0.15485 0.457395 0.3097 0.202046
1 0.129021 0.474632 0.258043 0.163173
2 0.97128 0.710228 0.0574392 0.579544
2 0.142732 0.83929 0.285463 0.321419
1 0.959145 0.768527 0.0817108 0.462947
0 0.271158 0.735294 0.542316 0.529412
2 0.201722 0.815512 0.403445 0.368976
0 0.752901 0.863772 0.494199 0.272457
1 0.166559 0.678813 0.333119 0.609857
1 0.179175 0.832953 0.358351 0.334095
0 0.00446161 0.719069 0.00892323 0.561862
0 0.181812 0.343242 0.363624 0.686485
0 0.617512 0.453301 0.352511 0.157601
2 0.959145 0.768527 0.0817108 0.462947
0 0.183097 0.689785 0.366193 0.589497
0 0.969439 0.22048 0.0611229 0.440961
0 0.824824 0.39691 0.350353 0.793821
0 0.381187 0.440219 0.762374 0.880438
1 0.23884 0.695092 0.477679 0.567443
0 0.437209 0.2948 0.576455 0.5896
0 0.932903 0.867505 0.134193 0.26499
0 0.969843 0.209127 0.0603136 0.418253
0 0.869082 0.40908 0.261836 0.33806
0 0.00687456 0.785465 0.0137491 0.42907
0 0.769471 0.442268 0.461058 0.884536
2 0.09685 0.469933 0.1937 0.184705
0 0.707219 0.372888 0.585561 0.745775
0 0.641687 0.44035 0.299323 0.218772
0 0.883587 0.362271 0.232827 0.674125
0 0.283345 0.405513 0.56669 0.811027
2 0.156762 0.45432 0.313523 0.197615
0 0.601851 0.858444 0.467318 0.283112
1 0.866415 0.471276 0.26717 0.196342
0 0.870835 0.472034 0.25833 0.239866
1 0.969843 0.209127 0.0603136 0.418253
0 0.38857 0.490531 0.355082 0.22647
0 0.16736 0.411308 0.33472 0.301293
0 0.962609 0.334671 0.0747824 0.669343
0 0.0874256 0.515487 0.174851 0.31052
0 0.00407242 0.676136 0.00814485 0.59951
0 0.176853 0.282822 0.353707 0.565644
0 0.09685 0.469933 0.1937 0.184705
0 0.0188653 0.501939 0.0377306 0.280212
0 0.870759 0.539828 0.258483 0.362643
0 0.851562 0.857677 0.296875 0.284645
0 0.331515 0.449805 0.581202 0.718017
0 0.453286 0.399063 0.618455 0.752845
0 0.470605 0.274215 0.652392 0.548429
2 0.183097 0.689785 0.366193 0.589497
2 0.824824 0.39691 0.350353 0.793821
0 0.92089 0.414406 0.15822 0.828811
1 0.0188653 0.501939 0.0377306 0.280212
1 0.157289 0.304621 0.314578 0.609243
0 0.666357 0.449724 0.247087 0.154466
0 0.885515 0.470933 0.228969 0.941865
0 0.0446489 0.431134 0.0892979 0.278171
0 0.0961472 0.833112 0.192294 0.333777
0 0.333636 0.856351 0.490883 0.287299
1 0.0446489 0.431134 0.0892979 0.278171
1 0.144698 0.404603 0.289396 0.267908
0 0.572875 0.424822 0.656691 0.849644
1 0.24346 0.801849 0.48692 0.396303
0 0.529589 0.38113 0.496787 0.545081
4 0.142732 0.83929 0.285463 0.321419
0 0.0637359 0.819866 0.127472 0.360269
0 0.47213 0.859062 0.428582 0.281877
0 0.97128 0.710228 0.0574392 0.579544
1 0.967461 0.620021 0.0650787 0.462325
4 0.969439 0.22048 0.0611229 0.440961
1 0.862083 0.554649 0.275834 0.271819
2 0.969439 0.22048 0.0611229 0.440961
1 0.969439 0.22048 0.0611229 0.440961
0 0.579716 0.414643 0.434336 0.267672
0 0.6988 0.310768 0.6024 0.621536
2 0.969843 0.209127 0.0603136 0.418253
1 0.397818 0.476019 0.321144 0.192225
0 0.414687 0.460044 0.359067 0.161046
1 0.962609 0.334671 0.0747824 0.669343
0 0.0759881 0.324357 0.151976 0.469721
3 0.229383 0.0835209 0.00612516 0.0232712
0 0.522841 0.307442 0.784091 0.614885
1 0.0833528 0.274048 0.166706 0.548095
0 0.737962 0.46428 0.183127 0.208345
0 0.0833528 0.274048 0.166706 0.548095
0 0.128354 0.316092 0.256708 0.632184
3 0.969439 0.22048 0.0611229 0.440961
2 0.772997 0.353341 0.454007 0.706683
3 0.824824 0.39691 0.350353 0.793821
1 0.0637359 0.819866 0.127472 0.360269
3 0.289675 0.380351 0.568961 0.417575
0 0.958845 0.4824 0.082311 0.457884
0 0.0466489 0.289254 0.0932979 0.578508
0 0.731994 0.454529 0.149797 0.157548
2 0.0961472 0.833112 0.192294 0.333777
0 0.540034 0.371164 0.492928 0.33328
1 0.824824 0.39691 0.350353 0.793821
1 0.00687456 0.785465 0.0137491 0.42907
2 0.0614625 0.339292 0.122925 0.678585
3 0.0961472 0.833112 0.192294 0.333777
0 0.899064 0.50121 0.201873 0.262411
0 0.289675 0.380351 0.568961 0.417575
2 0.579716 0.414643 0.434336 0.267672
4 0.0833528 0.274048 0.166706 0.548095
1 0.8029 0.86393 0.394201 0.272139
4 0.128354 0.316092 0.256708 0.632184
2 0.0188653 0.501939 0.0377306 0.280212
0 0.327128 0.317303 0.654256 0.634606
3 0.295672 0.4665 0.529011 0.195277
3 0.97128 0.710228 0.0574392 0.579544
3 0.09685 0.469933 0.1937 0.184705
0 0.302928 0.883428 0.480282 0.227225
1 0.628666 0.637469 0.348968 0.531936
3 0.0833528 0.274048 0.166706 0.548095
3 0.548927 0.452975 0.413914 0.140148
4 0.156762 0.45432 0.313523 0.197615
1 0.958845 0.4824 0.082311 0.457884
1 0.751832 0.860699 0.496336 0.278601
2 0.0874256 0.515487 0.174851 0.31052
0 0.00716632 0.6157 0.0143326 0.514338
1 0.92089 0.414406 0.15822 0.828811
1 0.0961472 0.833112 0.192294 0.333777
4 0.824824 0.39691 0.350353 0.793821
1 0.737962 0.46428 0.183127 0.208345
2 0.962609 0.334671 0.0747824 0.669343
0 0.868331 0.540704 0.263338 0.229132
0 0.488093 0.309465 0.340396 0.20283
1 0.198588 0.393415 0.397176 0.301409
1 0.61064 0.455573 0.363775 0.194124
1 0.00716632 0.6157 0.0143326 0.514338
2 0.67372 0.451065 0.231118 0.206083
1 0.00407242 0.676136 0.00814485 0.59951
2 0.737962 0.46428 0.183127 0.208345
4 0.0961472 0.833112 0.192294 0.333777
2 0.932903 0.867505 0.134193 0.26499
4 0.883587 0.362271 0.232827 0.674125
1 0.331515 0.449805 0.581202 0.718017
0 0.344151 0.366422 0.688303 0.732844
0 0.295672 0.4665 0.529011 0.195277
2 0.0637359 0.819866 0.127472 0.360269
1 0.0759881 0.324357 0.151976 0.469721
3 0.198588 0.393415 0.397176 0.301409
2 0.16736 0.411308 0.33472 0.301293
0 0.945105 0.660104 0.109791 0.408388
0 0.327138 0.659214 0.652788 0.649527
0 0.967461 0.620021 0.0650787 0.462325
2 0.00716632 0.6157 0.0143326 0.514338
1 0.405704 0.858503 0.450353 0.282995
0 0.683624 0.83561 0.537527 0.328781
2 0.0466489 0.289254 0.0932979 0.578508
1 0.487383 0.478418 0.247976 0.159697
1 0.312177 0.845724 0.471107 0.308553
2 0.641922 0.429434 0.716155 0.858869
0 0.704296 0.658195 0.531743 0.683611
1 0.801132 0.561411 0.383761 0.355741
0 0.379997 0.276251 0.759994 0.552501
1 0.13361 0.278893 0.267219 0.557786
1 0.812241 0.685287 0.375518 0.629425
0 0.611479 0.670869 0.534908 0.657665
2 0.92089 0.414406 0.15822 0.828811
0 0.641122 0.574766 0.320069 0.452461
2 0.289675 0.380351 0.568961 0.417575
2 0.812241 0.685287 0.375518 0.629425
2 0.862083 0.554649 0.275834 0.271819
0 0.911751 0.699069 0.176497 0.601861
0 0.129021 0.474632 0.258043 0.163173
1 0.731994 0.454529 0.149797 0.157548
4 0.92089 0.414406 0.15822 0.828811
1 0.67372 0.451065 0.231118 0.206083
3 0.731994 0.454529 0.149797 0.157548
2 0.513852 0.293374 0.580215 0.586748
4 0.176853 0.282822 0.353707 0.565644
4 0.885515 0.470933 0.228969 0.941865
4 0.0637359 0.819866 0.127472 0.360269
2 0.00687456 0.785465 0.0137491 0.42907
3 0.67372 0.451065 0.231118 0.206083
3 0.356025 0.4837 0.391325 0.213209
3 0.579716 0.414643 0.434336 0.267672
2 0.545986 0.384157 0.773501 0.768314
2 0.731994 0.454529 0.149797 0.157548
2 0.0833528 0.274048 0.166706 0.548095
3 0.00687456 0.785465 0.0137491 0.42907
2 0.0759881 0.324357 0.151976 0.469721
4 0.958845 0.4824 0.082311 0.457884
0 0.745934 0.406263 0.187007 0.350313
2 0.397818 0.476019 0.321144 0.192225
0 0.488588 0.549344 0.330832 0.296821
2 0.271158 0.735294 0.542316 0.529412
1 0.295672 0.4665 0.529011 0.195277
0 0.6284 0.860868 0.450864 0.278265
0 0.0614625 0.339292 0.122925 0.678585
1 0.0466489 0.289254 0.0932979 0.578508
0 0.487383 0.478418 0.247976 0.159697
2 0.00407242 0.676136 0.00814485 0.59951
3 0.157289 0.304621 0.314578 0.609243
1 0.156762 0.45432 0.313523 0.197615
0 0.422774 0.880824 0.427196 0.236317
1 0.289675 0.380351 0.568961 0.417575
0 0.716389 0.86081 0.532575 0.278379
4 0.00687456 0.785465 0.0137491 0.42907
4 0.549235 0.387524 0.48532 0.297464
2 0.26663 0.858868 0.519309 0.274842
4 0.97128 0.710228 0.0574392 0.579544
0 0.394722 0.535906 0.351203 0.33721
0 0.612953 0.393762 0.774094 0.787523
0 0.843664 0.328052 0.312672 0.656104
4 0.0619403 0.318022 0.123881 0.636045
1 0.932903 0.867505 0.134193 0.26499
3 0.142732 0.83929 0.285463 0.321419
2 0.387295 0.392307 0.77459 0.784613
3 0.0637359 0.819866 0.127472 0.360269
4 0.183097 0.689785 0.366193 0.589497
0 0.531008 0.375265 0.492115 0.750529
1 0.772997 0.353341 0.454007 0.706683
0 0.801132 0.561411 0.383761 0.355741
3 0.145438 0.467915 0.290876 0.16249
1 0.655843 0.859065 0.522049 0.28187
3 0.737962 0.46428 0.183127 0.208345
3 0.487383 0.478418 0.247976 0.159697
0 0.518332 0.820782 0.516352 0.358436
2 0.768747 0.863013 0.462506 0.273975
1 0.648128 0.670002 0.53175 0.659996
4 0.870759 0.539828 0.258483 0.362643
1 0.527281 0.85894 0.417597 0.28212
4 0.09685 0.469933 0.1937 0.184705
4 0.899064 0.50121 0.201873 0.262411
2 0.176853 0.282822 0.353707 0.565644
1 0.843664 0.328052 0.312672 0.656104
0 0.0735333 0.728081 0.135738 0.0661383
3 0.331515 0.449805 0.581202 0.718017
3 0.0188653 0.501939 0.0377306 0.280212
4 0.00407242 0.676136 0.00814485 0.59951
2 0.784785 0.431481 0.38662 0.862963
3 0.414687 0.460044 0.359067 0.161046
1 0.694948 0.551731 0.328028 0.366535
3 0.958845 0.4824 0.082311 0.457884
4 0.67372 0.451065 0.231118 0.206083
0 0.593301 0.617064 0.407944 0.479898
1 0.403911 0.521775 0.337647 0.298446
3 0.159414 0.66069 0.317653 0.535225
4 0.513852 0.293374 0.580215 0.586748
1 0.437209 0.2948 0.576455 0.5896
4 0.26663 0.858868 0.519309 0.274842
1 0.488588 0.549344 0.330832 0.296821
3 0.513852 0.293374 0.580215 0.586748
3 0.521563 0.417052 0.562689 0.834104
4 0.356025 0.4837 0.391325 0.213209
2 0.801132 0.561411 0.383761 0.355741
3 0.61064 0.455573 0.363775 0.194124
1 0.6284 0.860868 0.450864 0.278265
3 0.772997 0.353341 0.454007 0.706683
2 0.6988 0.310768 0.6024 0.621536
3 0.870835 0.472034 0.25833 0.239866
4 0.295672 0.4665 0.529011 0.195277
2 0.704296 0.658195 0.531743 0.683611
3 0.870759 0.539828 0.258483 0.362643
1 0.740933 0.667227 0.518134 0.665546
2 0.883587 0.362271 0.232827 0.674125
2 0.0446489 0.431134 0.0892979 0.278171
3 0.0759881 0.324357 0.151976 0.469721
4 0.870835 0.472034 0.25833 0.239866
2 0.870835 0.472034 0.25833 0.239866
0 0.548927 0.452975 0.413914 0.140148
0 0.434423 0.673203 0.463352 0.634676
3 0.207418 0.829615 0.413154 0.337598
4 0.198588 0.393415 0.397176 0.301409
4 0.731994 0.454529 0.149797 0.157548
4 0.0466489 0.289254 0.0932979 0.578508
2 0.331515 0.449805 0.581202 0.718017
4 0.274707 0.682158 0.549414 0.598849
0 0.521843 0.860281 0.403182 0.279438
4 0.207418 0.829615 0.413154 0.337598
2 0.47213 0.859062 0.428582 0.281877
3 0.0466489 0.289254 0.0932979 0.578508
3 0.545986 0.384157 0.773501 0.768314
0 0.865811 0.465046 0.268378 0.171228
0 0.812241 0.685287 0.375518 0.629425
4 0.144698 0.404603 0.289396 0.267908
2 0.593301 0.617064 0.407944 0.479898
1 0.40797 0.776088 0.497812 0.447825
1 0.548927 0.452975 0.413914 0.140148
4 0.0188653 0.501939 0.0377306 0.280212
1 0.00446161 0.719069 0.00892323 0.561862
4 0.289675 0.380351 0.568961 0.417575
4 0.0759881 0.324357 0.151976 0.469721
3 0.00407242 0.676136 0.00814485 0.59951
4 0.932903 0.867505 0.134193 0.26499
3 0.896284 0.663696 0.207432 0.672609
1 0.135116 0.842907 0.270231 0.314186
2 0.611479 0.670869 0.534908 0.657665
2 0.655843 0.859065 0.522049 0.28187
2 0.641122 0.574766 0.320069 0.452461
4 0.962609 0.334671 0.0747824 0.669343
2 0.327138 0.659214 0.652788 0.649527
0 0.11603 0.153806 0.230877 0.307611
0 0.152467 0.438174 0.304935 0.420075
0 0.483358 0.269401 0.517045 0.538801
0 0.111979 0.215826 0.223958 0.431653
0 0.148269 0.24445 0.296538 0.466431
0 0.420301 0.214038 0.652324 0.428076
0 0.22009 0.816114 0.44018 0.367772
0 0.192025 0.136541 0.384051 0.273081
0 0.213196 0.516105 0.426392 0.322475
0 0.145564 0.178411 0.291128 0.356823
0 0.812114 0.577046 0.372662 0.266773
0 0.479761 0.1446 0.524533 0.2892
0 0.175941 0.363398 0.351882 0.261163
0 0.78492 0.629974 0.43016 0.279351
0 0.754648 0.692501 0.490704 0.341552
0 0.862814 0.828344 0.274372 0.343312
0 0.515673 0.171126 0.459396 0.342252
0 0.863689 0.567034 0.271234 0.11979
0 0.778738 0.828633 0.442524 0.342733
0 0.373879 0.293023 0.747758 0.586047
0 0.771509 0.757948 0.456982 0.484103
2 0.522453 0.302227 0.445085 0.604454
0 0.82002 0.488056 0.357144 0.402467
2 0.152467 0.438174 0.304935 0.420075
0 0.943558 0.759464 0.112883 0.481071
0 0.0031176 0.165392 0.00623521 0.330784
0 0.254732 0.271244 0.504451 0.542488
1 0.152467 0.438174 0.304935 0.420075
2 0.876204 0.233612 0.242031 0.467224
0 0.00697671 0.130118 0.0139534 0.260236
0 0.137325 0.0749186 0.157977 0.149837
0 0.337165 0.81784 0.674166 0.36432
1 0.203127 0.818889 0.406254 0.355283
2 0.594977 0.407525 0.518703 0.526504
0 0.609513 0.303158 0.257513 0.244718
0 0.892256 0.218865 0.215487 0.43773
0 0.35028 0.357236 0.700561 0.714472
0 0.810996 0.785914 0.378009 0.428172
0 0.000889309 0.582837 0.00177862 0.486681
0 0.00143405 0.49632 0.0028681 0.451532
0 0.896816 0.791027 0.206368 0.417946
0 0.878343 0.279704 0.236906 0.559408
4 0.878343 0.279704 0.236906 0.559408
1 0.878343 0.279704 0.236906 0.559408
0 0 0.649258 0 0.481467
0 0.912819 0.564694 0.170324 0.115563
0 0.00171192 0.253229 0.00342385 0.506458
0 0.169505 0.599592 0.33901 0.514595
0 0.889817 0.557719 0.220365 0.330332
0 0.325219 0.191069 0.650439 0.382138
0 0.594977 0.407525 0.518703 0.526504
1 0.214366 0.677581 0.428731 0.617966
0 0.280117 0.11429 0.556706 0.22858
2 0.78492 0.629974 0.43016 0.279351
0 0.841689 0.198406 0.316623 0.396813
2 0.516054 0.206234 0.470686 0.412469
0 0.00110529 0.798615 0.00221057 0.40277
0 0.00969098 0.809879 0.019382 0.380243
0 0 0.748263 0 0.488442
0 0.0018339 0.436646 0.0036678 0.443553
2 0.81731 0.597777 0.361374 0.232988
0 0.951301 0.1376 0.097397 0.2752
0 0.547164 0.307276 0.485883 0.614553
2 0.192601 0.519773 0.382291 0.347891
0 0.590728 0.115583 0.325229 0.231166
0 0.547886 0.147122 0.54178 0.294244
0 0.715027 0.80106 0.569945 0.397879
0 0.441499 0.853225 0.645894 0.293551
0 0.167275 0.813127 0.33455 0.373747
2 0.812937 0.816172 0.374126 0.367655
0 0.847606 0.325474 0.301097 0.650947
0 0 0.263255 0 0.495811
2 0.373879 0.293023 0.747758 0.586047
2 0.203127 0.818889 0.406254 0.355283
0 0.920718 0.187198 0.158564 0.374395
0 0.00215612 0.346569 0.00431224 0.50544
0 0.791371 0.350833 0.417257 0.701666
0 0.534604 0.840616 0.679064 0.318768
4 0.355699 0.310679 0.711398 0.621357
0 0 0.513912 0 0.433379
0 0 0.350279 0 0.469173
3 0.919538 0.657857 0.160924 0.397467
3 0.878343 0.279704 0.236906 0.559408
1 0.213196 0.516105 0.426392 0.322475
0 0.0558813 0.092567 0.111763 0.185134
3 0.768769 0.232721 0.0660435 0.465442
1 0.14043 0.26177 0.278632 0.52354
1 0.305862 0.818329 0.611724 0.363342
0 0.941177 0.130716 0.117646 0.261432
2 0.117784 0.207728 0.230124 0.415456
2 0.833713 0.316551 0.332575 0.633103
4 0.171217 0.688866 0.342434 0.596785
4 0.919538 0.657857 0.160924 0.397467
1 0.115169 0.121246 0.228718 0.242493
4 0.325219 0.191069 0.650439 0.382138
0 0.459716 0.466467 0.536631 0.28501
0 0.351713 0.167077 0.703427 0.334153
2 0.754648 0.692501 0.490704 0.341552
1 0.547164 0.307276 0.485883 0.614553
2 0.919538 0.657857 0.160924 0.397467
0 0.924748 0.170699 0.150503 0.341398
0 0.284846 0.691465 0.569692 0.576207
0 0.581014 0.309367 0.364293 0.260285
0 0.919538 0.657857 0.160924 0.397467
2 0.771509 0.757948 0.456982 0.484103
0 0.510201 0.316366 0.400467 0.264559
0 0.749138 0.611365 0.501725 0.20501
3 0.547164 0.307276 0.485883 0.614553
0 0.678043 0.26567 0.538755 0.531341
0 0.128377 0.11509 0.256754 0.230181
2 0.14043 0.26177 0.278632 0.52354
0 0.827797 0.285889 0.330079 0.571779
1 0.811176 0.342677 0.377648 0.685354
1 0.812937 0.816172 0.374126 0.367655
1 0.156437 0.374513 0.307986 0.291271
3 0.355699 0.310679 0.711398 0.621357
2 0.198695 0.674352 0.395091 0.625381
1 0.484286 0.192631 0.509732 0.385262
2 0.838045 0.29334 0.226523 0.586681
1 0.795031 0.56036 0.409938 0.258606
2 0.159617 0.20132 0.319234 0.402639
2 0.0031176 0.165392 0.00623521 0.330784
0 0.894297 0.60707 0.211406 0.27171
0 0 0.196206 0 0.392412
0 0.782542 0.534475 0.434916 0.329827
1 0.892256 0.218865 0.215487 0.43773
3 0.833713 0.316551 0.332575 0.633103
1 0.911044 0.246861 0.177912 0.493721
3 0.516054 0.206234 0.470686 0.412469
2 0.00143405 0.49632 0.0028681 0.451532
0 0.646012 0.292142 0.186612 0.22059
4 0.833713 0.316551 0.332575 0.633103
4 0.911044 0.246861 0.177912 0.493721
2 0.924748 0.170699 0.150503 0.341398
2 0.00697671 0.130118 0.0139534 0.260236
2 0.156437 0.374513 0.307986 0.291271
4 0.943558 0.759464 0.112883 0.481071
4 0.827797 0.285889 0.330079 0.571779
0 0.908228 0.466709 0.183545 0.393117
4 0.192025 0.136541 0.384051 0.273081
2 0.911044 0.246861 0.177912 0.493721
2 0.00171192 0.253229 0.00342385 0.506458
2 0.951301 0.1376 0.097397 0.2752
0 0.838045 0.29334 0.226523 0.586681
3 0.171217 0.688866 0.342434 0.596785
1 0.00143405 0.49632 0.0028681 0.451532
2 0.523701 0.145126 0.485882 0.290252
0 0 0.433458 0 0.459439
4 0.798939 0.28535 0.15877 0.5707
3 0.893211 0.471329 0.213148 0.407289
2 0.128377 0.11509 0.256754 0.230181
0 0.198695 0.674352 0.395091 0.625381
0 0.911044 0.246861 0.177912 0.493721
0 0.269649 0.570632 0.0484795 0.0430375
2 0.262842 0.516782 0.525685 0.299467
2 0.0018339 0.436646 0.0036678 0.443553
0 0.6468 0.711441 0.596865 0.373087
4 0.951301 0.1376 0.097397 0.2752
1 0.941177 0.130716 0.117646 0.261432
1 0.0031176 0.165392 0.00623521 0.330784
4 0.0031176 0.165392 0.00623521 0.330784
1 0.594977 0.407525 0.518703 0.526504
0 0.10524 0.504079 0.209946 0.262881
1 0.924748 0.170699 0.150503 0.341398
3 0.911044 0.246861 0.177912 0.493721
1 0.0018339 0.436646 0.0036678 0.443553
4 0.515673 0.171126 0.459396 0.342252
4 0.920718 0.187198 0.158564 0.374395
1 0.479761 0.1446 0.524533 0.2892
1 0.00171192 0.253229 0.00342385 0.506458
4 0.523104 0.262954 0.437247 0.525908
4 0.924748 0.170699 0.150503 0.341398
0 0.000678551 0.867322 0.0013571 0.265357
1 0.355699 0.310679 0.711398 0.621357
0 0.798939 0.28535 0.15877 0.5707
2 0.00969098 0.809879 0.019382 0.380243
0 0.116369 0.0639013 0.217232 0.127803
4 0.841689 0.198406 0.316623 0.396813
0 0.431831 0.781593 0.606745 0.436815
4 0.838045 0.29334 0.226523 0.586681
0 0.531363 0.752275 0.625744 0.49545
3 0.892256 0.218865 0.215487 0.43773
4 0.160025 0.258105 0.305928 0.378349
2 0.0558813 0.092567 0.111763 0.185134
1 0.678043 0.26567 0.538755 0.531341
2 0.798939 0.28535 0.15877 0.5707
4 0.00143405 0.49632 0.0028681 0.451532
3 0.00697671 0.130118 0.0139534 0.260236
2 0.888612 0.327704 0.221672 0.655409
1 0.838045 0.29334 0.226523 0.586681
3 0.951301 0.1376 0.097397 0.2752
0 0.920327 0.354392 0.159346 0.509389
4 0.892256 0.218865 0.215487 0.43773
2 0.512977 0.190514 0.573122 0.381027
1 0.00215612 0.346569 0.00431224 0.50544
2 0.6468 0.711441 0.596865 0.373087
2 0.833006 0.252076 0.333989 0.504152
1 0.00969098 0.809879 0.019382 0.380243
4 0.351713 0.167077 0.703427 0.334153
0 0.59655 0.533651 0.565507 0.277973
2 0.00215612 0.346569 0.00431224 0.50544
3 0.00143405 0.49632 0.0028681 0.451532
4 0.00697671 0.130118 0.0139534 0.260236
3 0.819673 0.747515 0.360654 0.50497
1 0.00697671 0.130118 0.0139534 0.260236
4 0.254732 0.271244 0.504451 0.542488
4 0.0558813 0.092567 0.111763 0.185134
3 0.924748 0.170699 0.150503 0.341398
2 0.889817 0.557719 0.220365 0.330332
1 0.827797 0.285889 0.330079 0.571779
1 0.000889309 0.582837 0.00177862 0.486681
1 0.411688 0.839373 0.595206 0.321254
0 0.512977 0.190514 0.573122 0.381027
0 0.598916 0.708212 0.595555 0.490243
1 0.819673 0.747515 0.360654 0.50497
1 0.6468 0.711441 0.596865 0.373087
3 0.0031176 0.165392 0.00623521 0.330784
2 0.941177 0.130716 0.117646 0.261432
1 0.462801 0.659494 0.608905 0.681012
0 0.607733 0.83189 0.618714 0.33622
4 0.885672 0.821547 0.228655 0.356906
0 0.462801 0.659494 0.608905 0.681012
1 0.896816 0.791027 0.206368 0.417946
1 0.44765 0.486748 0.548362 0.250358
4 0.156437 0.374513 0.307986 0.291271
2 0.332966 0.262915 0.665931 0.525829
0 0.569687 0.234539 0.723501 0.469077
1 0.332966 0.262915 0.665931 0.525829
1 0.951301 0.1376 0.097397 0.2752
1 0.511296 0.837527 0.615039 0.324947
1 0.0558813 0.092567 0.111763 0.185134
0 0.667054 0.267868 0.437394 0.535736
3 0.00969098 0.809879 0.019382 0.380243
3 0.894297 0.60707 0.211406 0.27171
1 0.920327 0.354392 0.159346 0.509389
1 0.598916 0.708212 0.595555 0.490243
4 0.00171192 0.253229 0.00342385 0.506458
3 0.00150653 0.207695 0.00301305 0.41539
1 0.666832 0.830332 0.628916 0.339335
1 0.754648 0.692501 0.490704 0.341552
0 0.678676 0.551136 0.621272 0.264954
0 0.333289 0.551297 0.416095 0.0923125
4 0.512977 0.190514 0.573122 0.381027
1 0.798939 0.28535 0.15877 0.5707
3 0.943558 0.759464 0.112883 0.481071
4 0.889817 0.557719 0.220365 0.330332
4 0.128377 0.11509 0.256754 0.230181
1 0.33995 0.658359 0.6799 0.6781
3 0.332966 0.262915 0.665931 0.525829
0 0.729933 0.293894 0.259275 0.587788
2 0.111704 0.146916 0.223409 0.293833
1 0.919538 0.657857 0.160924 0.397467
2 0.164995 0.786045 0.32999 0.42791
2 0.729933 0.293894 0.259275 0.587788
3 0.833006 0.252076 0.333989 0.504152
0 0.0776666 0.311561 0.153443 0.153796
3 0.594977 0.407525 0.518703 0.526504
4 0.164995 0.786045 0.32999 0.42791
1 0.230547 0.351257 0.456918 0.409968
0 0.326083 0.476398 0.652165 0.26537
1 0.111979 0.215826 0.223958 0.431653
2 0.795031 0.56036 0.409938 0.258606
0 0.419145 0.0830122 0.32997 0.166024
2 0.325219 0.191069 0.650439 0.382138
0 0.63308 0.597662 0.589072 0.172943
1 0.920718 0.187198 0.158564 0.374395
2 0.383235 0.650052 0.692917 0.699896
1 0.740883 0.759729 0.518234 0.480542
2 0.318655 0.812732 0.631215 0.374536
4 0.000889309 0.582837 0.00177862 0.486681
1 0.164995 0.786045 0.32999 0.42791
4 0.678043 0.26567 0.538755 0.531341
0 0.502331 0.127806 0.390439 0.255612
0 0.796429 0.299425 0.340925 0.59885
2 0.943558 0.759464 0.112883 0.481071
2 0.000889309 0.582837 0.00177862 0.486681
4 0.812937 0.816172 0.374126 0.367655
3 0.156437 0.374513 0.307986 0.291271
3 0.0018339 0.436646 0.0036678 0.443553
1 0.326083 0.476398 0.652165 0.26537
4 0.305862 0.818329 0.611724 0.363342
3 0.0558813 0.092567 0.111763 0.185134
1 0.192025 0.136541 0.384051 0.273081
1 0.160025 0.258105 0.305928 0.378349
3 0.798939 0.28535 0.15877 0.5707
3 0.6468 0.711441 0.596865 0.373087
1 0.493811 0.512629 0.516917 0.262043
4 0.192601 0.519773 0.382291 0.347891
3 0.119777 0.135194 0.235561 0.270388
4 0.0018339 0.436646 0.0036678 0.443553
2 0.00110529 0.798615 0.00221057 0.40277
3 0.792885 0.250567 0.125745 0.501135
2 0.160025 0.258105 0.305928 0.378349
0 0.493811 0.512629 0.516917 0.262043
3 0.512977 0.190514 0.573122 0.381027
2 0.678676 0.551136 0.621272 0.264954
2 0.192025 0.136541 0.384051 0.273081
4 0.547886 0.147122 0.54178 0.294244
3 0.351713 0.167077 0.703427 0.334153
4 0.155768 0.436015 0.307072 0.389529
0 0.509707 0.311797 0.469649 0.623594
0 0.165206 0.299105 0.328997 0.598211
0 0.194102 0.423046 0.385407 0.370941
0 0.10942 0.189469 0.218841 0.378938
0 0.117579 0.296547 0.235158 0.593094
0 0.0878189 0.487502 0.175638 0.221803
0 0.353178 0.482586 0.420473 0.259139
0 0.440335 0.344131 0.518942 0.562502
0 0.240607 0.483231 0.474603 0.244555
2 0.117579 0.296547 0.235158 0.593094
0 0.426127 0.48622 0.477619 0.270138
0 0.17669 0.488122 0.35283 0.233518
2 0.10942 0.189469 0.218841 0.378938
0 0.790364 0.830023 0.419273 0.339954
0 0.113457 0.126467 0.226064 0.252934
2 0.154685 0.397823 0.30837 0.406291
2 0.853683 0.31417 0.292634 0.62834
0 0.544353 0.493017 0.406511 0.288467
2 0.17669 0.488122 0.35283 0.233518
0 0.849442 0.319188 0.301116 0.638375
0 0.805875 0.631349 0.388251 0.678692
0 0.153347 0.230736 0.301398 0.461471
3 0.315474 0.0638048 0.018789 0.12761
2 0.165206 0.299105 0.328997 0.598211
0 0.00231135 0.144005 0.0046227 0.288009
0 4.55081e-05 0.455475 9.10163e-05 0.412146
0 0.193088 0.810867 0.386176 0.378266
0 0.871563 0.198069 0.256874 0.396138
1 0.193311 0.818842 0.386622 0.362316
2 0.560565 0.311592 0.393503 0.623183
0 0.848574 0.591314 0.300371 0.171744
0 0.00465025 0.444518 0.0093005 0.337238
0 0.0177843 0.802601 0.0355687 0.394798
0 0.00235396 0.502771 0.00470791 0.342097
0 0 0.402256 0 0.550533
0 0.962682 0.761564 0.0746363 0.476873
2 0.193088 0.810867 0.386176 0.378266
0 0.00237689 0.330605 0.00475379 0.509943
0 0.0015351 0.251483 0.00307021 0.502965
0 0.554483 0.592429 0.398182 0.510051
0 0.124642 0.369247 0.248946 0.272357
1 0.155029 0.297309 0.308624 0.594618
0 0.00361342 0.79529 0.00722685 0.40942
0 0.321689 0.291463 0.577081 0.582926
0 0.503972 0.632562 0.477675 0.580617
0 0.912044 0.486634 0.175911 0.391126
0 0 0.304477 0 0.410095
0 0.00138984 0.684571 0.00277969 0.534963
0 0.844262 0.461786 0.311475 0.387743
0 0.715513 0.840503 0.546337 0.318994
1 0.858044 0.313583 0.283913 0.627167
0 0.977969 0.719351 0.0440615 0.561299
0 0.467654 0.199582 0.536182 0.399164
0 0.791035 0.743743 0.417929 0.512514
0 0.946139 0.118526 0.107723 0.237053
1 0.281143 0.819563 0.558325 0.360874
0 0.86375 0.22219 0.272501 0.444381
0 0.737279 0.661424 0.525441 0.677151
0 0.882786 0.805931 0.234427 0.388138
1 0.561691 0.313307 0.370151 0.626614
3 0.843062 0.322524 0.313875 0.645048
4 0.173785 0.290051 0.30277 0.580101
2 0.871563 0.198069 0.256874 0.396138
0 0.125942 0.494022 0.251884 0.23408
0 0.858166 0.181595 0.283669 0.36319
0 0.126706 0.1645 0.253411 0.329001
0 0.945667 0.119172 0.108665 0.238344
0 0.00131947 0.605351 0.00263893 0.466578
4 0.382371 0.234854 0.735057 0.469708
0 0.374006 0.206493 0.748011 0.412986
0 0.0101817 0.101985 0.0203633 0.20397
2 0.837172 0.466194 0.324687 0.386415
2 0.382371 0.234854 0.735057 0.469708
0 0.586563 0.835367 0.494339 0.329266
4 0.843062 0.322524 0.313875 0.645048
0 0.869412 0.128274 0.259398 0.256548
0 0.48656 0.832707 0.497236 0.334586
3 0.865141 0.251919 0.269718 0.503837
0 0.955156 0.592276 0.0896883 0.55577
4 0.865141 0.251919 0.269718 0.503837
1 0.871563 0.198069 0.256874 0.396138
0 0.305832 0.674688 0.609747 0.650624
0 0.473218 0.181434 0.664438 0.362868
1 0.788483 0.840313 0.423034 0.319373
0 0.388302 0.831367 0.479738 0.337267
4 0.955156 0.592276 0.0896883 0.55577
0 0.663016 0.607776 0.522708 0.552394
0 0.912439 0.186995 0.175122 0.37399
0 0.345833 0.238874 0.691666 0.477749
4 0.418817 0.178591 0.635146 0.357181
0 0 0.252343 0 0.504687
2 0.182914 0.211663 0.345692 0.423326
1 0.00235396 0.502771 0.00470791 0.342097
3 0.561691 0.313307 0.370151 0.626614
2 0.136182 0.141712 0.272364 0.283423
2 0.321689 0.291463 0.577081 0.582926
1 0.240607 0.483231 0.474603 0.244555
0 0.171053 0.708387 0.342105 0.583227
4 0.321689 0.291463 0.577081 0.582926
0 0.2235 0.178813 0.418984 0.357626
0 0.938127 0.159515 0.123745 0.31903
0 0.588567 0.283951 0.791577 0.567901
2 0.798822 0.742371 0.402355 0.515259
3 0.955156 0.592276 0.0896883 0.55577
0 0.662756 0.278195 0.52164 0.55639
4 0.475529 0.292983 0.50202 0.585966
2 0.162279 0.623328 0.324559 0.501127
1 0.00237689 0.330605 0.00475379 0.509943
1 0.321689 0.291463 0.577081 0.582926
3 0.709105 0.321951 0.462614 0.643902
3 0.321689 0.291463 0.577081 0.582926
1 0.0015351 0.251483 0.00307021 0.502965
4 0.182914 0.211663 0.345692 0.423326
3 0.662756 0.278195 0.52164 0.55639
1 0.194102 0.423046 0.385407 0.370941
1 0.00465025 0.444518 0.0093005 0.337238
0 0.281143 0.819563 0.558325 0.360874
1 0.387405 0.830079 0.498124 0.339841
0 0.469901 0.323018 0.391338 0.280368
0 0.917738 0.327763 0.164523 0.530294
4 0.561691 0.313307 0.370151 0.626614
4 0.119086 0.194892 0.238173 0.389785
2 0.805875 0.631349 0.388251 0.678692
2 0.171053 0.708387 0.342105 0.583227
1 0.945667 0.119172 0.108665 0.238344
2 0.791724 0.833849 0.416552 0.332302
3 0.9006 0.220347 0.1988 0.440694
4 0.162279 0.623328 0.324559 0.501127
1 0.938127 0.159515 0.123745 0.31903
3 0.173785 0.290051 0.30277 0.580101
0 0.000175637 0.130792 0.000351274 0.261583
1 0.483463 0.833321 0.509355 0.333358
2 0.860427 0.226649 0.279146 0.453298
2 0.938127 0.159515 0.123745 0.31903
2 0.946139 0.118526 0.107723 0.237053
3 0.315207 0.0402296 0.0174293 0.0804593
1 0.182914 0.211663 0.345692 0.423326
0 0 0.312533 0 0.547178
2 0.955156 0.592276 0.0896883 0.55577
2 0.912044 0.486634 0.175911 0.391126
4 0.916838 0.427891 0.166325 0.421669
2 0.545725 0.266828 0.585117 0.533657
4 0.9006 0.220347 0.1988 0.440694
0 0.175078 0.350161 0.272445 0.233996
4 0.938127 0.159515 0.123745 0.31903
1 0.662756 0.278195 0.52164 0.55639
1 0.00231135 0.144005 0.0046227 0.288009
1 0.588567 0.283951 0.791577 0.567901
0 0.000212516 0.542222 0.000425032 0.412381
2 0.730479 0.319257 0.513609 0.638513
1 0.382371 0.234854 0.735057 0.469708
4 0.563536 0.483304 0.366778 0.28727
1 0.545725 0.266828 0.585117 0.533657
0 0.524659 0.718063 0.546647 0.563873
4 0.917738 0.327763 0.164523 0.530294
4 0.737279 0.661424 0.525441 0.677151
2 0.0015351 0.251483 0.00307021 0.502965
3 0.837172 0.466194 0.324687 0.386415
4 0.171053 0.708387 0.342105 0.583227
4 0.912439 0.186995 0.175122 0.37399
0 0.396225 0.746971 0.543202 0.506058
3 0.570474 0.28408 0.825852 0.568159
1 0.136182 0.141712 0.272364 0.283423
0 0.706894 0.482936 0.480328 0.318779
3 0.938127 0.159515 0.123745 0.31903
0 0.906227 0.257491 0.187547 0.514982
1 0.467654 0.199582 0.536182 0.399164
1 0.588113 0.83693 0.512821 0.326139
0 0.891303 0.0613935 0.217394 0.122787
0 0.897486 0.580855 0.199736 0.148986
0 0.162279 0.623328 0.324559 0.501127
0 0.699446 0.294055 0.272711 0.58811
1 0.0101817 0.101985 0.0203633 0.20397
0 0.248663 0.0476657 0.117306 0.0953314
2 0.419318 0.296332 0.525341 0.592663
0 0.551007 0.249452 0.400445 0.498905
1 0.162279 0.623328 0.324559 0.501127
2 0.699446 0.294055 0.272711 0.58811
4 0.858166 0.181595 0.283669 0.36319
4 0.946139 0.118526 0.107723 0.237053
4 0.662756 0.278195 0.52164 0.55639
3 0.00127857 0.199689 0.00255714 0.399378
1 0.906227 0.257491 0.187547 0.514982
1 0.837172 0.466194 0.324687 0.386415
3 0.917738 0.327763 0.164523 0.530294
3 0.00235396 0.502771 0.00470791 0.342097
3 0.119086 0.194892 0.238173 0.389785
3 0.171053 0.708387 0.342105 0.583227
0 0.545725 0.266828 0.585117 0.533657
3 0.824558 0.688362 0.350885 0.623276
2 0.00361342 0.79529 0.00722685 0.40942
3 0.00237689 0.330605 0.00475379 0.509943
4 0.864659 0.454728 0.270682 0.363561
2 0.418817 0.178591 0.635146 0.357181
2 0.588567 0.283951 0.791577 0.567901
4 0.0101817 0.101985 0.0203633 0.20397
2 0.0177843 0.802601 0.0355687 0.394798
3 0.916838 0.427891 0.166325 0.421669
0 0.806817 0.268044 0.386367 0.536088
1 0.845713 0.817875 0.308573 0.36425
4 0.0015351 0.251483 0.00307021 0.502965
4 0.305646 0.227775 0.611293 0.45555
2 0.945667 0.119172 0.108665 0.238344
3 0.305646 0.227775 0.611293 0.45555
4 0.685408 0.272769 0.629185 0.545539
1 0.545754 0.227108 0.562113 0.454215
3 0.685408 0.272769 0.629185 0.545539
0 0.630429 0.719297 0.556055 0.561406
3 0.345833 0.238874 0.691666 0.477749
3 0.0101817 0.101985 0.0203633 0.20397
2 0.00237689 0.330605 0.00475379 0.509943
1 0.171053 0.708387 0.342105 0.583227
2 0.545754 0.227108 0.562113 0.454215
0 0.03513 0.452452 0.0702601 0.164166
0 0 0.224001 0 0.424009
1 0.473218 0.181434 0.664438 0.362868
1 0.946139 0.118526 0.107723 0.237053
4 0.126706 0.1645 0.253411 0.329001
4 0.2235 0.178813 0.418984 0.357626
2 0.00465025 0.444518 0.0093005 0.337238
2 0.00231135 0.144005 0.0046227 0.288009
0 0.325293 0.547721 0.453865 0.175686
0 0.88219 0.0878101 0.23562 0.17562
2 0.662756 0.278195 0.52164 0.55639
2 0.314281 0.753097 0.614481 0.493806
0 0.466579 0.114141 0.46748 0.228282
1 0.630429 0.719297 0.556055 0.561406
1 0.419318 0.296332 0.525341 0.592663
3 0.182914 0.211663 0.345692 0.423326
3 0.00465025 0.444518 0.0093005 0.337238
3 0.977969 0.719351 0.0440615 0.561299
4 0.278894 0.771095 0.554267 0.45781
4 0.867708 0.818571 0.264585 0.362858
3 0.946139 0.118526 0.107723 0.237053
0 0.189769 0.28002 0.377836 0.56004
0 0.526022 0.341203 0.429493 0.602449
0 0.819864 0.832968 0.360271 0.334064
3 0.191789 0.0125216 0.00837441 0.0250432
0 0.0561071 0.460929 0.11179 0.155206
0 0.161703 0.376562 0.323406 0.360736
2 0.199037 0.819342 0.398074 0.361316
3 0.319193 0.0784393 0.0273402 0.156879
0 0.517482 0.224177 0.447501 0.448355
0 0.00185138 0.654425 0.00370276 0.519659
2 0.188291 0.374692 0.375541 0.356303
0 0.00225767 0.440797 0.00451534 0.382143
0 0.0109696 0.829646 0.0219393 0.340708
0 0.00170093 0.737258 0.00340187 0.522087
0 0.00211429 0.558499 0.00422858 0.456433
0 0.00245198 0.361473 0.00490395 0.401896
0 0.00261447 0.268308 0.00522895 0.526624
3 0.316698 0.0635234 0.0216132 0.127047
0 0.961622 0.791891 0.0767563 0.416218
0 0.826574 0.342908 0.346852 0.677254
0 0.200238 0.818698 0.399489 0.362604
0 0.0382864 0.0305982 0.0724928 0.0611964
1 0.217122 0.817052 0.431766 0.365896
2 0.54012 0.318215 0.453767 0.597302
0 0.832361 0.462888 0.335278 0.398979
1 0.148972 0.80376 0.297943 0.39248
0 0.148972 0.80376 0.297943 0.39248
0 0.485693 0.286304 0.512413 0.572609
0 0.839896 0.317293 0.314159 0.634585
0 0 0.51754 0 0.364952
0 0.00389894 0.819017 0.00779789 0.361965
0 0.0899581 0.829869 0.179916 0.340263
0 0.547261 0.261079 0.676264 0.522159
0 0.875768 0.277359 0.247333 0.554718
2 0.148972 0.80376 0.297943 0.39248
3 0.311077 0.019482 0.0110695 0.0389054
1 0.10352 0.672032 0.207041 0.574773
0 0.42117 0.223209 0.635107 0.446417
0 0.863213 0.870301 0.273575 0.259398
2 0.10365 0.500977 0.2073 0.393442
0 0.951865 0.131173 0.096269 0.262345
0 0.919849 0.495577 0.160301 0.419952
0 0.10352 0.672032 0.207041 0.574773
0 0.762043 0.373649 0.475913 0.747298
1 0.0961996 0.816535 0.192399 0.36693
2 0.159761 0.29732 0.3159 0.536453
0 0.972949 0.718027 0.0541018 0.563946
0 0.793648 0.682792 0.412704 0.634415
0 0.150224 0.2444 0.300448 0.488801
1 0.167705 0.734476 0.335411 0.531048
0 0.452317 0.373078 0.585408 0.746155
2 0.537429 0.235615 0.457786 0.47123
0 0.823932 0.411766 0.352135 0.823533
0 0 0.434326 0 0.38601
0 0.864079 0.239246 0.271843 0.478492
0 0.898988 0.817061 0.202023 0.365877
1 0.00225767 0.440797 0.00451534 0.382143
1 0.156823 0.219181 0.313647 0.438362
2 0.873739 0.321104 0.249068 0.642208
0 0.923222 0.201778 0.153556 0.403556
0 0.350424 0.389895 0.700849 0.77979
0 0.156823 0.219181 0.313647 0.438362
0 0.94996 0.119682 0.10008 0.239363
0 0.376844 0.263095 0.753687 0.526189
0 0.0800823 0.46575 0.159728 0.158619
0 0.167705 0.734476 0.335411 0.531048
1 0.154214 0.400349 0.308428 0.312174
0 0.739973 0.851496 0.520053 0.297007
0 0.800164 0.266594 0.399671 0.533189
0 0.880443 0.181515 0.239114 0.363029
1 0.00211429 0.558499 0.00422858 0.456433
0 0.10365 0.500977 0.2073 0.393442
0 0.617946 0.353292 0.764108 0.706585
3 0.777572 0.345303 0.0145764 0.0272291
1 0.00245198 0.361473 0.00490395 0.401896
0 0.653031 0.345893 0.519628 0.691786
0 0.929012 0.430525 0.141977 0.409143
0 0.278906 0.824494 0.553477 0.351012
3 0.780754 0.406574 0.00836277 0.015489
0 0.872163 0.358749 0.254594 0.558071
0 0.937351 0.171034 0.125299 0.342068
0 0.782687 0.535889 0.434626 0.447541
0 0.40002 0.655967 0.755839 0.688066
1 0.10365 0.500977 0.2073 0.393442
0 0.572613 0.667941 0.693533 0.664119
0 0 0.668812 0 0.527316
1 0.150224 0.2444 0.300448 0.488801
0 0.603088 0.408096 0.397929 0.38536
2 0.0961996 0.816535 0.192399 0.36693
0 0.707308 0.393149 0.585384 0.786299
3 0.777991 0.363664 0.0144983 0.0262338
1 0.0109696 0.829646 0.0219393 0.340708
4 0.150224 0.2444 0.300448 0.488801
0 0.944005 0.359937 0.11199 0.464992
0 0.356784 0.364341 0.713568 0.728681
3 0.315904 0.0454931 0.0183728 0.0904568
2 0.167705 0.734476 0.335411 0.531048
0 0.628319 0.857092 0.548019 0.285817
0 0.333199 0.635634 0.666399 0.728731
4 0.873739 0.321104 0.249068 0.642208
2 0.839896 0.317293 0.314159 0.634585
0 0.54116 0.853507 0.53742 0.292985
2 0.10352 0.672032 0.207041 0.574773
4 0.178889 0.397235 0.356975 0.321994
3 0.537429 0.235615 0.457786 0.47123
0 0.212283 0.687916 0.421623 0.569107
4 0.200238 0.818698 0.399489 0.362604
0 0.301915 0.354762 0.602737 0.709523
0 0.205998 0.435311 0.411995 0.430638
0 0.0116983 0.190774 0.0233966 0.381549
1 0.529683 0.338696 0.458464 0.637364
0 0.94625 0.261476 0.1075 0.522952
0 0.953871 0.606727 0.0922575 0.549035
1 0.40175 0.4225 0.713739 0.844999
4 0.167705 0.734476 0.335411 0.531048
3 0.875768 0.277359 0.247333 0.554718
3 0.554148 0.33373 0.43977 0.66746
0 0.706462 0.667135 0.587075 0.665731
3 0.167705 0.734476 0.335411 0.531048
1 0.850154 0.337273 0.2891 0.674545
4 0.148972 0.80376 0.297943 0.39248
0 0.279221 0.290389 0.558442 0.580777
0 0.911137 0.546974 0.177726 0.410135
0 0.662759 0.434333 0.414758 0.368833
0 0.381535 0.855076 0.547545 0.289847
3 0.148972 0.80376 0.297943 0.39248
3 0.10352 0.672032 0.207041 0.574773
1 0.94625 0.261476 0.1075 0.522952
3 0.323393 0.10467 0.0381918 0.209341
1 0.94996 0.119682 0.10008 0.239363
1 0.523488 0.243284 0.435998 0.43369
1 0.93702 0.216554 0.125961 0.433107
3 0.42117 0.223209 0.635107 0.446417
3 0.315085 0.02428 0.0169498 0.0485601
3 0.10365 0.500977 0.2073 0.393442
4 0.523991 0.20098 0.429005 0.376622
1 0.873739 0.321104 0.249068 0.642208
0 0.673429 0.330137 0.467965 0.655818
0 0.863502 0.491386 0.272166 0.364904
0 0.00395184 0.221864 0.00790368 0.443728
0 0.282861 0.289145 0.565722 0.57829
0 0.564716 0.366811 0.466674 0.462236
1 0.857704 0.835812 0.284591 0.328376
3 0.279221 0.290389 0.558442 0.580777
2 0.556623 0.296449 0.557936 0.592899
0 0.471955 0.470011 0.520381 0.277557
0 0.938691 0.761837 0.122619 0.476326
4 0.10352 0.672032 0.207041 0.574773
0 0.404119 0.630338 0.564722 0.694537
1 0.82301 0.403615 0.35398 0.58574
1 0.211444 0.691842 0.422363 0.616317
0 0.798189 0.374178 0.346075 0.748356
2 0.154214 0.400349 0.308428 0.312174
2 0.156823 0.219181 0.313647 0.438362
0 0.437505 0.571132 0.504906 0.530992
1 0.944005 0.359937 0.11199 0.464992
1 0.00185138 0.654425 0.00370276 0.519659
2 0.762043 0.373649 0.475913 0.747298
0 0.270651 0.691149 0.541303 0.617703
1 0.301915 0.354762 0.602737 0.709523
0 0.0579201 0.434536 0.11584 0.223124
4 0.10365 0.500977 0.2073 0.393442
1 0.190534 0.443621 0.379966 0.457048
1 0.929012 0.430525 0.141977 0.409143
2 0.40175 0.4225 0.713739 0.844999
3 0.379929 0.401295 0.732991 0.80259
4 0.828285 0.341973 0.338362 0.683946
3 0.828285 0.341973 0.338362 0.683946
3 0.192751 0.015964 0.0261676 0.031928
1 0.485693 0.286304 0.512413 0.572609
0 0.653191 0.524416 0.629263 0.488473
2 0.301915 0.354762 0.602737 0.709523
1 0.189875 0.368938 0.37868 0.373414
1 0.279221 0.290389 0.558442 0.580777
0 0.363016 0.366844 0.606763 0.525911
0 0.00246303 0.728813 0.00492606 0.542374
0 0.115769 0.231326 0.229945 0.227107
3 0.192008 0.0102667 0.0070097 0.0205333
0 0.822303 0.560747 0.355393 0.552082
0 0.179513 0.416212 0.359026 0.400574
0 0.780736 0.826949 0.438528 0.346101
0 0.114084 0.379849 0.228167 0.277045
0 0.862728 0.565027 0.274543 0.117401
0 0.795367 0.63746 0.409266 0.719307
0 0.00260268 0.390646 0.00520537 0.566107
0 0.0122701 0.813664 0.0245402 0.372672
0 0.170206 0.479012 0.340413 0.289226
0 0.00235405 0.502042 0.0047081 0.508611
0 0.00287158 0.307891 0.00574317 0.615781
0 0.988746 0.787688 0.0225075 0.424625
0 0.00234179 0.627549 0.00468358 0.585559
0 0.85413 0.376889 0.291741 0.753779
0 0.767604 0.554339 0.0401035 0.0349463
0 0.248936 0.432658 0.497872 0.355867
0 0.957092 0.200044 0.085816 0.400089
0 0.0253864 0.814519 0.0507727 0.370961
0 0.522789 0.323409 0.508245 0.57526
0 0.912872 0.567705 0.174255 0.108865
0 0.766275 0.56616 0.0444695 0.0367833
0 0.944324 0.541159 0.111351 0.494691
0 0.965916 0.178765 0.0681688 0.357531
0 0.464234 0.396468 0.551841 0.428827
0 0.464637 0.219128 0.591098 0.438256
0 0.502641 0.641889 0.588647 0.716221
0 0.181599 0.311727 0.363198 0.623455
0 0.965438 0.272402 0.0691236 0.544805
0 0.434139 0.468451 0.523484 0.285068
0 0.60604 0.467407 0.391904 0.282378
0 0.702898 0.828677 0.498261 0.342646
0 0.913816 0.836262 0.172368 0.327476
0 0.535078 0.827618 0.48299 0.344764
0 0.929804 0.427113 0.140392 0.490239
0 0.159251 0.813844 0.318502 0.372312
0 0.158621 0.265306 0.317241 0.530613
0 0.481912 0.303434 0.706973 0.606867
0 0.68242 0.655978 0.594795 0.688044
0 0.872878 0.415877 0.254243 0.442115
0 0.955219 0.354672 0.089562 0.515274
0 0.432203 0.830077 0.462365 0.339845
0 0.412561 0.487263 0.420713 0.251498
0 0.869114 0.831543 0.261773 0.336913
0 0.868056 0.312012 0.263889 0.624023
0 0.865908 0.506403 0.268184 0.39141
0 0.431574 0.315983 0.626211 0.631966
0 0.519315 0.315572 0.304617 0.245865
0 0.980036 0.632896 0.0399275 0.533965
0 0.387246 0.195691 0.70994 0.391383
0 0.348183 0.830143 0.46222 0.339714
0 0.370616 0.648046 0.559746 0.703909
1 0.826067 0.826968 0.347867 0.346064
0 0.839354 0.238316 0.321292 0.476633
1 0.158621 0.265306 0.317241 0.530613
0 0.499079 0.219148 0.494986 0.430274
0 0.289056 0.480685 0.557212 0.266056
0 0.585582 0.416171 0.414531 0.391135
0 0.5643 0.304894 0.404294 0.609789
0 0.931729 0.241922 0.136543 0.483843
0 0.00896794 0.213476 0.0179359 0.426951
0 0.418825 0.313126 0.200857 0.25472
4 0.00896794 0.213476 0.0179359 0.426951
0 0.542496 0.458255 0.483647 0.306216
3 0.00896794 0.213476 0.0179359 0.426951
0 0.661422 0.564547 0.205225 0.0770678
0 0.328189 0.31937 0.656377 0.637833
0 0.936283 0.813361 0.127435 0.373278
1 0.192008 0.81012 0.384016 0.379761
0 0.00376879 0.23744 0.00753757 0.47488
0 0.290512 0.32669 0.581024 0.65338
0 0.0653114 0.381667 0.129624 0.286969
0 0.232909 0.81478 0.465818 0.370441
0 0.298825 0.355956 0.59765 0.711913
0 0.00780558 0.635592 0.0156112 0.728816
0 0.765615 0.833867 0.468771 0.332267
0 0.989421 0.761663 0.0211572 0.476674
0 0.130361 0.409701 0.257586 0.39842
0 0.962721 0.151579 0.0745588 0.303158
0 0.949624 0.201864 0.100753 0.403729
0 0.186105 0.815061 0.37221 0.369879
0 0.961034 0.299444 0.0779312 0.598887
0 0.689049 0.834269 0.511281 0.331462
0 0.736879 0.311812 0.516884 0.623623
0 0.544309 0.437072 0.44379 0.71532
0 0.848768 0.564482 0.302463 0.430981
0 0.579553 0.835268 0.489805 0.329463
0 0.183277 0.376846 0.360927 0.753691
0 0.857998 0.819981 0.284003 0.360039
0 0.48449 0.829384 0.489121 0.341231
0 0.392095 0.483199 0.356463 0.431941
0 0.948394 0.803379 0.103212 0.393242
0 0.967302 0.387508 0.0653957 0.564496
0 0.396701 0.480463 0.34214 0.309089
0 0.42629 0.683905 0.412023 0.632189
0 0.978715 0.503899 0.0425705 0.474828
0 0.64861 0.462615 0.37232 0.435192
0 0.850744 0.372103 0.284783 0.744206
0 0.595524 0.686144 0.520509 0.627711
0 0.191696 0.428592 0.383393 0.468734
0 0.601688 0.44892 0.344981 0.643057
0 0.777762 0.741876 0.444476 0.516249
0 0.246157 0.509996 0.492314 0.254806
0 0.597653 0.419117 0.433667 0.540973
0 0.145147 0.324733 0.290295 0.649465
0 0.390681 0.821882 0.486211 0.356236
1 0.00780558 0.635592 0.0156112 0.728816
0 0.308021 0.713366 0.610629 0.573268
0 0.862671 0.494552 0.272862 0.612635
0 0.889702 0.328637 0.216911 0.657275
0 0.0295267 0.796027 0.0590533 0.407945
0 0.529609 0.0782866 0.54919 0.156573
0 0.00990795 0.667277 0.0198159 0.665447
0 0.578198 0.122187 0.80403 0.244373
0 0.739243 0.698841 0.521513 0.434581
0 0.738648 0.612468 0.522703 0.396522
3 0.229926 0.0861528 0.0056623 0.0250461
3 0.192167 0.012234 0.00725183 0.0244679
0 0.490361 0.122861 0.516669 0.245722
0 0.941517 0.189293 0.116966 0.378586
0 0.0130074 0.619886 0.0260148 0.695779
0 0.167885 0.483959 0.33577 0.335937
0 0.949081 0.16878 0.101838 0.337561
0 0.504559 0.288493 0.604531 0.576985
0 0.172794 0.418715 0.345588 0.703097
0 0.919895 0.291363 0.160211 0.582725
0 0 0.73227 0 0.403335
0 0.981293 0.713226 0.0374145 0.561333
0 0.539115 0.464507 0.68628 0.696963
0 0.0184943 0.507186 0.0369885 0.661757
0 0.972086 0.640225 0.055828 0.570617
0 0.596484 0.523555 0.579631 0.310097
0 0.772853 0.747103 0.454295 0.505793
0 0.449885 0.538487 0.481359 0.273453
2 0.772853 0.747103 0.454295 0.505793
0 0.578427 0.340034 0.843146 0.680068
0 0.0208083 0.39139 0.0416166 0.782779
0 0.504713 0.489887 0.732555 0.920962
0 0.834623 0.386747 0.326759 0.773495
0 0.454193 0.100081 0.585636 0.200162
1 0.00990795 0.667277 0.0198159 0.665447
0 0.440601 0.389734 0.643866 0.779468
0 0.38165 0.241989 0.763301 0.483979
0 0.910418 0.356559 0.179164 0.713119
0 0.15259 0.315488 0.299882 0.630975
0 0.131495 0.587268 0.26299 0.464351
0 0.20932 0.480505 0.41864 0.911124
1 0.0747079 0.624529 0.149416 0.567159
0 0.753353 0.397952 0.493293 0.795904
0 0.953613 0.580208 0.0927742 0.570038
0 0.0943008 0.555148 0.188602 0.449979
1 0.0130074 0.619886 0.0260148 0.695779
0 0.390703 0.5 0.781407 1
0 0.821153 0.518336 0.356411 0.581194
0 0.941055 0.487801 0.11789 0.649766
0 0.0747079 0.624529 0.149416 0.567159
0 0.116166 0.131329 0.231296 0.262658
0 0.120662 0.246408 0.241325 0.491999
0 0.177697 0.145898 0.352345 0.291796
0 0.259546 0.29816 0.519092 0.59625
0 0 0.752675 0 0.39696
0 0.50662 0.134513 0.631835 0.269025
2 0.521599 0.469455 0.076613 0.192962
0 0.45068 0.247538 0.58657 0.495076
3 0.116617 0.157726 0.230756 0.315452
0 0.000911322 0.794348 0.00182264 0.411304
0 0.316856 0.348316 0.629288 0.696632
0 0.159978 0.30848 0.318685 0.609923
0 0.416984 0.320482 0.675746 0.640964
0 0.27723 0.1439 0.535547 0.2878
1 0.115052 0.137518 0.230104 0.275035
1 0.120662 0.246408 0.241325 0.491999
2 0.114696 0.267943 0.22855 0.535885
0 0.391716 0.219264 0.769772 0.438528
0 0.418148 0.429543 0.769179 0.859086
0 0.578582 0.34229 0.701575 0.684579
0 0.0472869 0.158718 0.0945739 0.317436
0 0.52332 0.275814 0.473381 0.551629
0 0.587188 0.170441 0.769874 0.340882
0 0.256448 0.819604 0.512897 0.360792
0 0.0158742 0.566672 0.0313829 0.0496409
0 0.590327 0.502438 0.643738 0.26377
2 0.13876 0.473779 0.0719806 0.171662
0 0.954715 0.159894 0.0905708 0.319789
1 0.769273 0.5469 0.0421434 0.0437782
0 0.789017 0.344063 0.421965 0.688126
0 0.409712 0.5 0.819425 1
0 0.0208889 0.341063 0.0417778 0.590324
2 0.116166 0.131329 0.231296 0.262658
0 0.253102 0.46999 0.506203 0.278846
3 0 0.242325 0 0.390474
0 0.559815 0.659609 0.770529 0.680782
0 0.0618479 0.247888 0.123696 0.495777
0 0.721068 0.48043 0.557865 0.384084
0 0.431172 0.506662 0.586027 0.246853
2 0.159978 0.30848 0.318685 0.609923
0 0.383362 0.121652 0.72427 0.243304
0 0.0226932 0.448585 0.0453864 0.398576
0 0.607827 0.326725 0.784346 0.653451
0 0.93954 0.651716 0.12092 0.64578
0 0.970853 0.709656 0.0582941 0.580688
0 0.849917 0.341918 0.300167 0.683835
3 0.521043 0.46268 0.0755336 0.192914
0 0.933333 0.260819 0.133334 0.521639
3 0 0.161233 0 0.322466
0 0.72108 0.687246 0.55784 0.625507
0 0.0365644 0.135876 0.0731288 0.271752
0 0.968217 0.144369 0.0635668 0.288738
0 0.897715 0.297078 0.20457 0.594156
3 0 0.39721 0 0.337337
0 0 0.486584 0 0.222406
0 0.00794672 0.679499 0.0158934 0.641002
0 0.190043 0.478395 0.380086 0.255404
0 0.989216 0.729554 0.0215689 0.540892
0 0.958562 0.161758 0.082877 0.323517
0 0.529959 0.104732 0.794546 0.209464
0 0.974193 0.157192 0.0516138 0.314385
0 0.56901 0.191409 0.86198 0.382819
0 0.962346 0.233019 0.0753078 0.466038
0 0.958007 0.778486 0.0839869 0.443027
0 0.983699 0.677822 0.0326021 0.529938
0 0.573846 0.322451 0.852308 0.644902
0 0.89512 0.790134 0.20976 0.419731
0 0.403125 0.797669 0.720816 0.404662
0 0.409545 0.100344 0.799721 0.200688
0 0.738127 0.81568 0.523746 0.368639
3 0.192125 0.0110887 0.00738249 0.0221773
0 0.902602 0.224013 0.194797 0.448026
0 0.0113074 0.757308 0.0226148 0.485384
0 0.914063 0.212155 0.171875 0.424309
0 0.888984 0.312646 0.222032 0.576541
0 0.798639 0.419102 0.402722 0.838204
0 0.173612 0.810351 0.347225 0.379299
0 0.16459 0.503689 0.32918 0.217416
0 0.983487 0.753555 0.0330254 0.480254
0 0.156023 0.321232 0.312046 0.571401
0 0.361066 0.581821 0.300246 0.114543
0 0.0141648 0.521713 0.0283297 0.218648
0 0.750816 0.67134 0.498368 0.307842
0 0.25535 0.568695 0.069674 0.0511059
0 0.900602 0.207583 0.198796 0.415165
0 0.908573 0.210354 0.182854 0.420709
0 0.775854 0.764632 0.448291 0.470737
