0 0.624597 0.75236 0.750805 0.483618
0 0.791576 0.758941 0.416848 0.462417
0 0.734901 0.702547 0.530199 0.583674
0 0.727944 0.549672 0.381911 0.304261
4 0.673077 0.683599 0.653845 0.603065
0 0.720538 0.497539 0.336416 0.224605
4 0.750888 0.759596 0.498224 0.467908
3 0.834145 0.773434 0.33171 0.453132
0 0.167178 0.767578 0.332816 0.456986
3 0.861695 0.768233 0.27661 0.463533
3 0.742921 0.586628 0.514159 0.812305
4 0.615907 0.755924 0.768186 0.474379
4 0.715985 0.501444 0.338165 0.210096
3 0.800148 0.717216 0.399704 0.541371
4 0.769353 0.683199 0.458779 0.581907
4 0.727944 0.549672 0.381911 0.304261
3 0.363466 0.764413 0.696808 0.471174
3 0.616787 0.690049 0.766425 0.61802
3 0.87419 0.726864 0.251619 0.546272
3 0.788443 0.377209 0.423115 0.724689
3 0.81518 0.726759 0.369641 0.546483
3 0.652238 0.373668 0.474291 0.565583
0 0.289219 0.762888 0.569401 0.463282
3 0.206282 0.465535 0.412564 0.917836
3 0.546087 0.411231 0.423588 0.607041
3 0.361104 0.497735 0.722208 0.968611
3 0.266303 0.768376 0.520347 0.463247
3 0.635615 0.642747 0.58775 0.507366
3 0.940685 0.52124 0.118629 0.957519
3 0.379715 0.437768 0.687832 0.717247
0 0.0832514 0.521756 0.0804323 0.0892066
0 0.726642 0.555012 0.546715 0.889977
3 0.603539 0.757074 0.637386 0.485851
3 0.934818 0.772333 0.130365 0.455334
3 0.631017 0.469237 0.457827 0.731358
0 0.111708 0.768853 0.223417 0.453377
3 0.0852271 0.477535 0.0839188 0.263007
3 0.7446 0.270057 0.498262 0.533302
3 0.664445 0.319014 0.578571 0.638029
3 0.133927 0.773992 0.267853 0.452016
3 0.701815 0.40115 0.331942 0.43656
3 0.93422 0.762844 0.13156 0.474312
3 0.467914 0.530081 0.935829 0.939838
0 0.479355 0.764278 0.922729 0.471443
4 0.281272 0.761338 0.544516 0.457422
3 0.756827 0.754636 0.486347 0.490729
0 0.848599 0.769276 0.302801 0.461447
3 0.715985 0.501444 0.338165 0.210096
4 0.726642 0.555012 0.546715 0.889977
4 0.266303 0.768376 0.520347 0.463247
3 0.344581 0.333787 0.689161 0.667574
3 0.579333 0.589285 0.595071 0.821431
4 0.215997 0.778135 0.426418 0.443729
3 0.204308 0.324932 0.400464 0.640427
3 0.166605 0.120273 0.333211 0.240547
3 0.0541332 0.161911 0.108266 0.323821
0 0.0541332 0.161911 0.108266 0.323821
3 0.650333 0.221857 0.561265 0.439946
1 0.616791 0.759304 0.766418 0.465474
3 0.935066 0.706793 0.129867 0.561638
3 0.890922 0.151392 0.218155 0.302785
3 0.0922016 0.43535 0.184403 0.869196
3 0.862237 0.400579 0.275525 0.780949
3 0.215997 0.778135 0.426418 0.443729
3 0.101803 0.749279 0.203606 0.460769
4 0.432437 0.761589 0.84675 0.458285
3 0.37958 0.13243 0.624636 0.26486
4 0.581554 0.750481 0.596042 0.499039
0 0.0476133 0.746861 0.0952265 0.487104
3 0.479355 0.764278 0.922729 0.471443
3 0.14916 0.375072 0.29832 0.747306
0 0.0172497 0.612519 0.0344993 0.392843
4 0.363466 0.764413 0.696808 0.471174
3 0.936373 0.323971 0.127254 0.603952
3 0.224848 0.09654 0.434253 0.19308
3 0.604563 0.169953 0.508396 0.339694
0 0.910986 0.110261 0.178028 0.220522
3 0.042029 0.261132 0.0840579 0.522264
3 0.694262 0.500907 0.611475 0.96068
3 0.148281 0.253783 0.296562 0.489891
3 0.01302 0.448587 0.02604 0.465182
3 0.888126 0.181286 0.223748 0.362572
3 0.727944 0.549672 0.381911 0.304261
3 0.887711 0.306083 0.224578 0.605335
3 0.346878 0.773133 0.684923 0.453734
4 0.865653 0.765214 0.268693 0.450341
3 0.254976 0.279179 0.437138 0.558359
3 0.0476133 0.746861 0.0952265 0.487104
4 0.400159 0.767206 0.599316 0.45598
3 0.429539 0.0808381 0.572522 0.161676
3 0.619052 0.727645 0.749307 0.435871
3 0.295437 0.074875 0.491299 0.14975
3 0.917378 0.165454 0.165244 0.330909
3 0.0404863 0.220213 0.0809725 0.440425
3 0.589104 0.369996 0.483809 0.739992
4 0.145343 0.778849 0.288588 0.43397
3 0.123778 0.517512 0.16476 0.592639
3 0.863697 0.181476 0.272605 0.362953
4 0.935066 0.706793 0.129867 0.561638
3 0.48224 0.343109 0.568418 0.686218
3 0.172003 0.74837 0.344005 0.475108
3 0.910986 0.110261 0.178028 0.220522
3 0.689833 0.514543 0.328142 0.261549
3 0.824887 0.253083 0.350225 0.500078
3 0.337041 0.233779 0.454289 0.467559
3 0.539063 0.126032 0.471223 0.252065
4 0.928629 0.770886 0.142743 0.458229
0 0.0703427 0.737876 0.140685 0.424905
3 0.126968 0.624921 0.156959 0.384332
3 0.0208524 0.386098 0.0417047 0.720761
3 0.60886 0.109332 0.531151 0.218665
3 0.0703427 0.737876 0.140685 0.424905
4 0.87419 0.726864 0.251619 0.546272
3 0.134272 0.132287 0.268543 0.264573
3 0.49112 0.768724 0.558089 0.454986
3 0.702124 0.158962 0.561037 0.317924
3 0.0172497 0.612519 0.0344993 0.392843
4 0.756827 0.754636 0.486347 0.490729
4 0.93422 0.762844 0.13156 0.474312
0 0.934818 0.772333 0.130365 0.455334
4 0.652238 0.373668 0.474291 0.565583
0 0.166605 0.120273 0.333211 0.240547
0 0.582832 0.0940166 0.474384 0.188033
3 0.540742 0.0909467 0.490978 0.181893
0 0.631017 0.469237 0.457827 0.731358
3 0.744913 0.770472 0.510175 0.450827
1 0.734901 0.702547 0.530199 0.583674
4 0.604563 0.169953 0.508396 0.339694
4 0.634582 0.5 0.730837 1
0 0.890922 0.151392 0.218155 0.302785
4 0.823813 0.767689 0.352374 0.464621
0 0.0852271 0.477535 0.0839188 0.263007
3 0.0832514 0.521756 0.0804323 0.0892066
4 0.0595313 0.778076 0.119063 0.443848
4 0.941819 0.549011 0.116363 0.817318
0 0.258866 0.0834554 0.450221 0.166911
0 0.532681 0.554913 0.90178 0.890173
0 0.0558143 0.576585 0.109942 0.222001
0 0.01302 0.448587 0.02604 0.465182
0 0.0861171 0.782839 0.172234 0.434323
3 0.0595313 0.778076 0.119063 0.443848
0 0.384407 0.0696104 0.515895 0.139221
4 0.81518 0.726759 0.369641 0.546483
4 0.0852271 0.477535 0.0839188 0.263007
0 0.87419 0.726864 0.251619 0.546272
0 0.59589 0.663765 0.797812 0.669482
0 0.756827 0.754636 0.486347 0.490729
4 0.7446 0.270057 0.498262 0.533302
0 0.93422 0.762844 0.13156 0.474312
3 0.816401 0.170874 0.367198 0.341748
4 0.631017 0.469237 0.457827 0.731358
3 0.0576002 0.512117 0.107445 0.378846
0 0.81518 0.726759 0.369641 0.546483
4 0.0861171 0.782839 0.172234 0.434323
0 0.863697 0.181476 0.272605 0.362953
0 0.652238 0.373668 0.474291 0.565583
0 0.476934 0.0844935 0.571801 0.168987
0 0.7446 0.270057 0.498262 0.533302
3 0.104822 0.244675 0.209645 0.472394
3 0.062086 0.431732 0.124172 0.794241
0 0.0595313 0.778076 0.119063 0.443848
0 0.917378 0.165454 0.165244 0.330909
4 0.0403946 0.34152 0.0807892 0.68304
4 0.650333 0.221857 0.561265 0.439946
3 0.0861171 0.782839 0.172234 0.434323
1 0.101803 0.749279 0.203606 0.460769
4 0.0541332 0.161911 0.108266 0.323821
4 0.711343 0.412675 0.322512 0.409345
0 0.816401 0.170874 0.367198 0.341748
4 0.0208524 0.386098 0.0417047 0.720761
4 0.0922016 0.43535 0.184403 0.869196
0 0.87309 0.263248 0.253819 0.526496
0 0.0404863 0.220213 0.0809725 0.440425
0 0.23198 0.341343 0.444894 0.662944
4 0.546087 0.411231 0.423588 0.607041
0 0.702124 0.158962 0.561037 0.317924
4 0.910986 0.110261 0.178028 0.220522
0 0.643841 0.127687 0.562578 0.255374
0 0.604563 0.169953 0.508396 0.339694
0 0.824887 0.253083 0.350225 0.500078
4 0.37958 0.13243 0.624636 0.26486
0 0.134272 0.132287 0.268543 0.264573
4 0.0404863 0.220213 0.0809725 0.440425
4 0.689833 0.514543 0.328142 0.261549
4 0.936373 0.323971 0.127254 0.603952
1 0.848599 0.769276 0.302801 0.461447
4 0.789854 0.506228 0.420293 0.94815
4 0.539063 0.126032 0.471223 0.252065
4 0.01302 0.448587 0.02604 0.465182
4 0.582832 0.0940166 0.474384 0.188033
1 0.784368 0.765058 0.431264 0.449546
4 0.917378 0.165454 0.165244 0.330909
0 0.581554 0.750481 0.596042 0.499039
4 0.0832514 0.521756 0.0804323 0.0892066
4 0.107974 0.203531 0.215949 0.407061
0 0.938488 0.255176 0.123024 0.510352
4 0.148999 0.231466 0.297997 0.462932
0 0.133927 0.773992 0.267853 0.452016
0 0.935066 0.706793 0.129867 0.561638
4 0.476934 0.0844935 0.571801 0.168987
2 0.87309 0.263248 0.253819 0.526496
4 0.890922 0.151392 0.218155 0.302785
1 0.172086 0.772988 0.341828 0.440929
0 0.0576002 0.512117 0.107445 0.378846
4 0.0576002 0.512117 0.107445 0.378846
0 0.539063 0.126032 0.471223 0.252065
4 0.702124 0.158962 0.561037 0.317924
0 0.042029 0.261132 0.0840579 0.522264
0 0.634582 0.5 0.730837 1
4 0.862237 0.400579 0.275525 0.780949
0 0.0208524 0.386098 0.0417047 0.720761
0 0.635615 0.642747 0.58775 0.507366
4 0.643841 0.127687 0.562578 0.255374
2 0.793208 0.269998 0.413584 0.531597
0 0.941819 0.549011 0.116363 0.817318
4 0.166605 0.120273 0.333211 0.240547
0 0.126968 0.624921 0.156959 0.384332
4 0.062086 0.431732 0.124172 0.794241
4 0.379715 0.437768 0.687832 0.717247
4 0.237892 0.299174 0.440777 0.582239
4 0.824887 0.253083 0.350225 0.500078
0 0.337738 0.149334 0.555839 0.298669
0 0.292388 0.29543 0.430447 0.590861
4 0.0476133 0.746861 0.0952265 0.487104
2 0.938488 0.255176 0.123024 0.510352
4 0.467914 0.530081 0.935829 0.939838
4 0.101803 0.749279 0.203606 0.460769
4 0.361104 0.497735 0.722208 0.968611
4 0.768282 0.424457 0.438389 0.600159
2 0.61784 0.728619 0.764319 0.435515
4 0.337041 0.233779 0.454289 0.467559
2 0.0852271 0.477535 0.0839188 0.263007
3 0.0558143 0.576585 0.109942 0.222001
0 0.650333 0.221857 0.561265 0.439946
4 0.344581 0.333787 0.689161 0.667574
0 0.324458 0.316102 0.625523 0.632205
4 0.134272 0.132287 0.268543 0.264573
4 0.384407 0.0696104 0.515895 0.139221
4 0.62497 0.340403 0.551893 0.680806
2 0.720538 0.497539 0.336416 0.224605
4 0.181148 0.269946 0.351491 0.529399
2 0.107974 0.203531 0.215949 0.407061
0 0.546087 0.411231 0.423588 0.607041
0 0.301104 0.506455 0.586739 0.98709
4 0.295437 0.074875 0.491299 0.14975
4 0.224848 0.09654 0.434253 0.19308
0 0.337041 0.233779 0.454289 0.467559
4 0.888126 0.181286 0.223748 0.362572
4 0.126968 0.624921 0.156959 0.384332
2 0.74171 0.345659 0.461235 0.552692
2 0.760824 0.177832 0.478352 0.355663
2 0.0703427 0.737876 0.140685 0.424905
0 0.49112 0.768724 0.558089 0.454986
2 0.581554 0.750481 0.596042 0.499039
4 0.87309 0.263248 0.253819 0.526496
4 0.0703427 0.737876 0.140685 0.424905
4 0.0172497 0.612519 0.0344993 0.392843
0 0.148999 0.231466 0.297997 0.462932
0 0.379715 0.437768 0.687832 0.717247
0 0.579333 0.589285 0.595071 0.821431
4 0.579333 0.589285 0.595071 0.821431
4 0.189992 0.478642 0.379985 0.947956
4 0.14916 0.375072 0.29832 0.747306
0 0.701815 0.40115 0.331942 0.43656
2 0.216546 0.762234 0.429901 0.467674
2 0.0476133 0.746861 0.0952265 0.487104
2 0.634582 0.5 0.730837 1
0 0.224804 0.507105 0.441088 0.985791
1 0.701815 0.40115 0.331942 0.43656
0 0.774142 0.355725 0.451716 0.647197
4 0.816401 0.170874 0.367198 0.341748
0 0.888126 0.181286 0.223748 0.362572
4 0.123778 0.517512 0.16476 0.592639
2 0.604563 0.169953 0.508396 0.339694
1 0.934624 0.75263 0.130752 0.46764
2 0.101803 0.749279 0.203606 0.460769
4 0.863697 0.181476 0.272605 0.362953
0 0.107974 0.203531 0.215949 0.407061
2 0.928629 0.770886 0.142743 0.458229
4 0.48224 0.343109 0.568418 0.686218
0 0.589104 0.369996 0.483809 0.739992
2 0.24692 0.499025 0.486519 0.991676
1 0.0703427 0.737876 0.140685 0.424905
4 0.0558143 0.576585 0.109942 0.222001
2 0.941819 0.549011 0.116363 0.817318
2 0.62497 0.340403 0.551893 0.680806
1 0.727944 0.549672 0.381911 0.304261
2 0.935066 0.706793 0.129867 0.561638
2 0.917378 0.165454 0.165244 0.330909
2 0.206806 0.26334 0.390887 0.52668
0 0.805538 0.436579 0.388925 0.850514
2 0.448927 0.763521 0.697442 0.472957
2 0.45633 0.557406 0.840304 0.885189
2 0.910986 0.110261 0.178028 0.220522
2 0.629014 0.674876 0.741971 0.639526
1 0.181148 0.269946 0.351491 0.529399
2 0.650333 0.221857 0.561265 0.439946
2 0.582832 0.0940166 0.474384 0.188033
1 0.189992 0.478642 0.379985 0.947956
2 0.337041 0.233779 0.454289 0.467559
0 0.0969825 0.530483 0.0513962 0.0383484
0 0.0945234 0.524689 0.0501265 0.0399949
0 0.106442 0.790965 0.209634 0.41807
0 0.218678 0.260414 0.437259 0.520828
0 0.897821 0.259669 0.204358 0.519339
0 0.48244 0.398601 0.158622 0.416054
0 0.135211 0.269675 0.270422 0.539351
0 0.771547 0.515383 0.178083 0.160566
0 0.0972804 0.539905 0.0506769 0.0519555
0 0.704783 0.414781 0.332304 0.36183
0 0.609629 0.303046 0.38211 0.606091
2 0.48244 0.398601 0.158622 0.416054
0 0.0372939 0.424794 0.0671925 0.221497
0 0.431192 0.389126 0.263341 0.434307
0 0.606363 0.104706 0.360202 0.209413
0 0.0610705 0.520749 0.122141 0.0673489
0 0.719277 0.48483 0.302586 0.212933
0 0.0678903 0.512886 0.119738 0.0493148
0 0.045417 0.511253 0.0908341 0.0558521
2 0.107233 0.785517 0.210692 0.428966
0 0.681474 0.518344 0.0840147 0.163888
0 0.709977 0.341175 0.341426 0.526848
0 0.120441 0.52672 0.0858062 0.048424
1 0.481272 0.407054 0.162694 0.413171
0 0.446272 0.333398 0.637041 0.666795
0 0.086478 0.425169 0.0345389 0.220789
0 0.319548 0.286484 0.309163 0.572969
0 0.932458 0.435304 0.130222 0.224721
0 0.773032 0.520896 0.131394 0.147618
1 0.106442 0.790965 0.209634 0.41807
4 0.125099 0.278969 0.245437 0.511405
4 0.106077 0.776067 0.211661 0.447865
2 0.232302 0.266408 0.441947 0.532817
0 0.333784 0.554927 0.148641 0.077214
2 0.125099 0.278969 0.245437 0.511405
0 0.723116 0.291017 0.496872 0.582034
0 0.796042 0.513639 0.144136 0.173513
3 0.640115 0.319787 0.465572 0.639574
0 0.80981 0.642409 0.380379 0.360786
0 0.0189696 0.497672 0.0379392 0.126531
0 0.629179 0.756441 0.728084 0.487119
1 0.109941 0.70761 0.219882 0.409538
0 0.13783 0.49212 0.0560618 0.0636887
0 0.0205122 0.518393 0.0400224 0.068301
3 0.752476 0.827454 0.495049 0.345092
0 0.92364 0.46723 0.12191 0.149426
3 0.389269 0.323969 0.326283 0.52011
0 0.616801 0.679226 0.754733 0.641548
0 0.374488 0.0296435 0.724465 0.059287
2 0.897165 0.263069 0.205669 0.526139
4 0.224817 0.249986 0.44455 0.499972
2 0.431192 0.389126 0.263341 0.434307
0 0.642134 0.523045 0.715733 0.549978
3 0.824903 0.781631 0.350195 0.436738
3 0.723116 0.291017 0.496872 0.582034
0 0.116352 0.511151 0.191811 0.0554678
4 0.496218 0.400032 0.178521 0.413533
2 0.0678903 0.512886 0.119738 0.0493148
0 0.78375 0.493238 0.257567 0.200076
3 0.707572 0.310659 0.329533 0.569186
0 0.389269 0.323969 0.326283 0.52011
4 0.649738 0.766062 0.681294 0.467876
4 0.717233 0.305371 0.408972 0.610742
3 0.81697 0.834411 0.366059 0.321564
1 0.92364 0.46723 0.12191 0.149426
0 0.740844 0.399436 0.389785 0.53133
0 0.804294 0.677025 0.391412 0.497371
3 0.625485 0.839804 0.749031 0.320393
4 0.92364 0.46723 0.12191 0.149426
0 0.69709 0.410953 0.60582 0.423298
4 0.807331 0.763503 0.385338 0.472994
3 0.654314 0.688772 0.689707 0.622456
3 0.874836 0.727437 0.250329 0.40097
0 0.277643 0.0216309 0.536518 0.0432618
0 0.214571 0.0716811 0.429142 0.143362
2 0.349462 0.421951 0.676294 0.474827
0 0.920313 0.339809 0.154694 0.399693
0 0.927551 0.270629 0.130359 0.538465
4 0.898171 0.262597 0.203658 0.525193
3 0.99821 0.387234 0.00357943 0.320733
4 0.401565 0.762982 0.604506 0.474036
0 0.402467 0.0572505 0.728393 0.114501
3 0.920313 0.339809 0.154694 0.399693
4 0.616801 0.679226 0.754733 0.641548
0 0.826768 0.192231 0.346463 0.384461
0 0.0795175 0.804094 0.159035 0.391812
3 0.460344 0.253265 0.626801 0.506531
0 0.442385 0.134426 0.667887 0.268852
0 0.131949 0.448293 0.0687558 0.143997
3 0.934222 0.444779 0.126141 0.193256
1 0.313633 0.792536 0.495501 0.414927
0 0.133269 0.478431 0.067617 0.0956222
0 0.635247 0.798272 0.729506 0.403456
0 0.596058 0.500348 0.0935751 0.212337
0 0.211787 0.035923 0.423573 0.071846
0 0.568545 0.709203 0.862909 0.384261
3 0.568775 0.832927 0.862451 0.334147
4 0.640115 0.319787 0.465572 0.639574
4 0.465965 0.728979 0.834433 0.542041
4 0.804294 0.677025 0.391412 0.497371
3 0.125099 0.278969 0.245437 0.511405
4 0.99821 0.387234 0.00357943 0.320733
3 0.0118107 0.717938 0.0236213 0.453957
0 0.987175 0.343948 0.0256504 0.394722
3 0.655112 0.791124 0.689777 0.417752
4 0.584205 0.834374 0.83159 0.331251
4 0.78375 0.493238 0.257567 0.200076
2 0.78375 0.493238 0.257567 0.200076
3 0.578821 0.575201 0.837596 0.849598
4 0.728962 0.3944 0.335266 0.40639
4 0.80981 0.642409 0.380379 0.360786
1 0.0538679 0.353502 0.107736 0.36279
3 0.0227562 0.331019 0.0455124 0.409914
3 0.717775 0.542652 0.558669 0.662219
0 0.481443 0.700802 0.944239 0.598397
3 0.804294 0.677025 0.391412 0.497371
1 0.998312 0.783637 0.00337696 0.42697
3 0.481443 0.700802 0.944239 0.598397
4 0.0227562 0.331019 0.0455124 0.409914
1 0.913537 0.263717 0.172158 0.527434
3 0.319548 0.286484 0.309163 0.572969
4 0.719277 0.48483 0.302586 0.212933
1 0.998819 0.71376 0.00236254 0.46244
0 0.884038 0.219749 0.231924 0.439499
0 0.0492942 0.523738 0.0972384 0.0545953
0 0.950918 0.265284 0.0981646 0.509509
3 0.729148 0.046147 0.500248 0.0922939
3 0.868471 0.669365 0.263057 0.272142
2 0.109941 0.70761 0.219882 0.409538
3 0.811215 0.252231 0.377571 0.504462
3 0.0189696 0.497672 0.0379392 0.126531
3 0.898523 0.219519 0.202953 0.439039
2 0.045417 0.511253 0.0908341 0.0558521
0 0.313633 0.792536 0.495501 0.414927
3 0.392914 0.313219 0.751139 0.626437
0 0.99821 0.387234 0.00357943 0.320733
2 0.709977 0.341175 0.341426 0.526848
4 0.875387 0.834059 0.249226 0.331882
4 0.825011 0.267071 0.349978 0.534143
3 0.429367 0.516738 0.858734 0.966524
2 0.927551 0.270629 0.130359 0.538465
4 0.717775 0.542652 0.558669 0.662219
2 0.116352 0.511151 0.191811 0.0554678
0 0.906646 0.174098 0.186707 0.348195
3 0.0655273 0.267898 0.131055 0.535796
0 0.422213 0.314851 0.360558 0.629703
0 0.874836 0.727437 0.250329 0.40097
4 0.920313 0.339809 0.154694 0.399693
3 0.104793 0.804676 0.191498 0.390647
3 0.987175 0.343948 0.0256504 0.394722
3 0.898594 0.821293 0.202813 0.357414
4 0.927551 0.270629 0.130359 0.538465
3 0.0178537 0.231925 0.0357073 0.463849
3 0.59305 0.125315 0.370785 0.25063
4 0.61221 0.794662 0.775581 0.410676
3 0.728962 0.3944 0.335266 0.40639
4 0.740844 0.399436 0.389785 0.53133
3 0.229848 0.264945 0.455389 0.52989
0 0.998854 0.741491 0.00229244 0.492586
3 0.401361 0.633667 0.678488 0.732667
3 0.436394 0.38995 0.250784 0.437743
0 0.998312 0.783637 0.00337696 0.42697
0 0.578821 0.575201 0.837596 0.849598
0 0.0199359 0.193327 0.0398718 0.386653
4 0.329491 0.805107 0.525483 0.389787
4 0.613101 0.104044 0.346023 0.208087
3 0.875387 0.834059 0.249226 0.331882
0 0.82347 0.701809 0.35306 0.348381
2 0.0795175 0.804094 0.159035 0.391812
2 0.629179 0.756441 0.728084 0.487119
1 0.617612 0.695521 0.764777 0.608957
3 0.927551 0.270629 0.130359 0.538465
3 0.740844 0.399436 0.389785 0.53133
3 0.676677 0.768077 0.646647 0.463847
4 0.0167027 0.807347 0.0334054 0.385306
1 0.99821 0.387234 0.00357943 0.320733
4 0.460344 0.253265 0.626801 0.506531
2 0.237387 0.486517 0.382227 0.104246
1 0.431192 0.389126 0.263341 0.434307
3 0.713424 0.486896 0.325613 0.210709
4 0.770541 0.857664 0.458919 0.284672
0 0.688486 0.356973 0.4379 0.713945
1 0.709977 0.341175 0.341426 0.526848
2 0.998312 0.783637 0.00337696 0.42697
3 0.349462 0.421951 0.676294 0.474827
4 0.994922 0.807453 0.0101555 0.385093
2 0.773362 0.32015 0.453277 0.584819
3 0.014171 0.768605 0.028342 0.462791
4 0.934222 0.444779 0.126141 0.193256
0 0.408533 0.796564 0.509994 0.406873
4 0.0538679 0.353502 0.107736 0.36279
2 0.92364 0.46723 0.12191 0.149426
3 0.0953287 0.714663 0.190657 0.421927
4 0.130563 0.797779 0.182593 0.404442
0 0.574048 0.807112 0.851904 0.385776
3 0.80981 0.642409 0.380379 0.360786
3 0.0538679 0.353502 0.107736 0.36279
3 0.994922 0.807453 0.0101555 0.385093
4 0.998312 0.783637 0.00337696 0.42697
3 0.635247 0.798272 0.729506 0.403456
4 0.891166 0.761344 0.217668 0.458367
2 0.642134 0.523045 0.715733 0.549978
0 0.237387 0.486517 0.382227 0.104246
4 0.997749 0.619677 0.00450192 0.4029
4 0.0678903 0.512886 0.119738 0.0493148
4 0.402467 0.0572505 0.728393 0.114501
1 0.80981 0.642409 0.380379 0.360786
3 0.548645 0.750713 0.795177 0.498575
2 0.805507 0.599216 0.388987 0.406964
3 0.0199359 0.193327 0.0398718 0.386653
4 0.987175 0.343948 0.0256504 0.394722
4 0.898594 0.821293 0.202813 0.357414
3 0.998312 0.783637 0.00337696 0.42697
4 0.578821 0.575201 0.837596 0.849598
3 0.950918 0.265284 0.0981646 0.509509
1 0.422213 0.314851 0.360558 0.629703
4 0.706649 0.832636 0.586702 0.334727
4 0.0338242 0.268337 0.0676483 0.536674
1 0.692644 0.7499 0.61165 0.500199
3 0.116352 0.511151 0.191811 0.0554678
2 0.713424 0.486896 0.325613 0.210709
4 0.410045 0.345099 0.674271 0.690198
3 0.548902 0.814883 0.772591 0.370234
2 0.99821 0.387234 0.00357943 0.320733
1 0.997749 0.619677 0.00450192 0.4029
3 0.439974 0.760417 0.589306 0.479166
1 0.987175 0.343948 0.0256504 0.394722
4 0.374488 0.0296435 0.724465 0.059287
3 0.406113 0.807079 0.569983 0.385841
4 0.69709 0.410953 0.60582 0.423298
1 0.0141868 0.776711 0.0283737 0.446577
4 0.81697 0.834411 0.366059 0.321564
2 0.69709 0.410953 0.60582 0.423298
3 0.0316117 0.777753 0.0632233 0.444494
0 0.155809 0.176902 0.311619 0.353805
0 0.998227 0.497201 0.00354671 0.488497
0 0.557152 0.839428 0.885696 0.321143
2 0.609629 0.303046 0.38211 0.606091
4 0.998227 0.497201 0.00354671 0.488497
4 0.214571 0.0716811 0.429142 0.143362
4 0.211787 0.035923 0.423573 0.071846
4 0.868471 0.669365 0.263057 0.272142
4 0.116352 0.511151 0.191811 0.0554678
3 0.793292 0.179332 0.413416 0.358665
1 0.613139 0.740232 0.773723 0.433891
0 0.807331 0.763503 0.385338 0.472994
3 0.998227 0.497201 0.00354671 0.488497
4 0.0795175 0.804094 0.159035 0.391812
0 0.0946082 0.529057 0.0536584 0.0537103
4 0.513073 0.786096 0.721966 0.427807
0 0.349462 0.421951 0.676294 0.474827
2 0.613101 0.104044 0.346023 0.208087
1 0.998227 0.497201 0.00354671 0.488497
4 0.998819 0.71376 0.00236254 0.46244
4 0.407049 0.131224 0.711663 0.262448
2 0.82355 0.752117 0.352901 0.440023
3 0.237387 0.486517 0.382227 0.104246
1 0.406113 0.807079 0.569983 0.385841
2 0.987175 0.343948 0.0256504 0.394722
1 0.465965 0.728979 0.834433 0.542041
4 0.484937 0.811584 0.694366 0.376832
0 0.014171 0.768605 0.028342 0.462791
4 0.319548 0.286484 0.309163 0.572969
3 0.619305 0.613728 0.76139 0.665923
3 0.79662 0.311471 0.317337 0.496014
2 0.998227 0.497201 0.00354671 0.488497
4 0.884038 0.219749 0.231924 0.439499
1 0.439974 0.760417 0.589306 0.479166
2 0.204749 0.62509 0.320153 0.251271
3 0.214571 0.0716811 0.429142 0.143362
4 0.0655273 0.267898 0.131055 0.535796
2 0.79662 0.311471 0.317337 0.496014
3 0.906646 0.174098 0.186707 0.348195
3 0.998854 0.741491 0.00229244 0.492586
3 0.997749 0.619677 0.00450192 0.4029
2 0.998854 0.741491 0.00229244 0.492586
2 0.389269 0.323969 0.326283 0.52011
4 0.913302 0.219791 0.173396 0.439582
2 0.704783 0.414781 0.332304 0.36183
1 0.950918 0.265284 0.0981646 0.509509
3 0.890858 0.249269 0.218284 0.498537
2 0.740844 0.399436 0.389785 0.53133
1 0.994922 0.807453 0.0101555 0.385093
1 0.125099 0.278969 0.245437 0.511405
2 0.406113 0.807079 0.569983 0.385841
2 0.994922 0.807453 0.0101555 0.385093
4 0.0199359 0.193327 0.0398718 0.386653
2 0.0141868 0.776711 0.0283737 0.446577
1 0.69709 0.410953 0.60582 0.423298
4 0.0189696 0.497672 0.0379392 0.126531
3 0.0785204 0.779612 0.157041 0.440775
2 0.465965 0.728979 0.834433 0.542041
4 0.431192 0.389126 0.263341 0.434307
3 0.130563 0.797779 0.182593 0.404442
2 0.319548 0.286484 0.309163 0.572969
4 0.906646 0.174098 0.186707 0.348195
2 0.717775 0.542652 0.558669 0.662219
1 0.536733 0.800292 0.753036 0.399417
1 0.446272 0.333398 0.637041 0.666795
3 0.496218 0.400032 0.178521 0.413533
0 0.09668 0.527764 0.0505894 0.0302413
0 0.106731 0.528835 0.0269966 0.0268418
0 0.102832 0.788091 0.205426 0.423819
1 0.968821 0.190292 0.0623571 0.380584
1 0.958085 0.301747 0.0838297 0.603494
2 0.968821 0.190292 0.0623571 0.380584
0 0.0952518 0.533604 0.0538483 0.0466358
2 0.973771 0.180054 0.0524582 0.360108
0 1 0.744243 0 0.511514
1 0.973771 0.180054 0.0524582 0.360108
0 0.957608 0.223139 0.0847834 0.446278
4 0.188927 0.765448 0.0362342 0.0689781
1 0.188927 0.765448 0.0362342 0.0689781
1 0.986345 0.733581 0.0273106 0.532837
0 0.0878243 0.408112 0.0298493 0.175699
0 0.990182 0.772297 0.0196361 0.455405
3 0.737621 0.609482 0.524758 0.76363
1 0.652052 0.783254 0.695896 0.433492
3 0.32714 0.50417 0.0120214 0.0190886
3 0.756961 0.5 0.486077 1
1 0.188779 0.735428 0.0405558 0.130316
3 0.665396 0.780184 0.669208 0.437685
3 0.45865 0.675927 0.9173 0.318504
0 0.61348 0.424337 0.773034 0.848674
4 0.597935 0.5264 0.80413 0.9472
0 0.995444 0.817226 0.00911236 0.365548
0 0.110785 0.536268 0.0214836 0.0363876
2 0.0987888 0.783401 0.197578 0.433198
0 0.99524 0.811448 0.00951958 0.377104
1 0.705558 0.502043 0.588884 0.995914
3 0.560547 0.523161 0.878905 0.953678
2 0.597935 0.5264 0.80413 0.9472
0 0.105253 0.71538 0.210505 0.56924
3 0.650146 0.217722 0.0150072 0.0868611
0 0.44877 0.591955 0.897539 0.816089
3 0.6721 0.531356 0.655801 0.937288
0 0.865333 0.239097 0.269334 0.478194
3 0.0878243 0.408112 0.0298493 0.175699
2 0.60915 0.371535 0.725713 0.74307
0 0.543315 0.882195 0.91337 0.23561
1 0.978007 0.422648 0.0439863 0.754943
0 0.624159 0.872572 0.751683 0.254856
0 0.523959 0.345865 0.702411 0.69173
1 0.103387 0.791486 0.206775 0.417029
1 0.52303 0.573956 0.953939 0.852087
1 0.54792 0.881876 0.904159 0.236249
4 0.45865 0.675927 0.9173 0.318504
0 0.582294 0.878932 0.835412 0.242136
0 0.106708 0.5 0.213416 1
0 0.382375 0.5 0.764751 1
3 0.689702 0.877866 0.620597 0.244269
3 0.4107 0.697954 0.821399 0.535033
2 0.820324 0.263639 0.281347 0.527278
1 0.616772 0.712611 0.766455 0.303114
3 0.973771 0.180054 0.0524582 0.360108
3 0.647391 0.217766 0.0198346 0.0809178
4 0.312605 0.841435 0.62521 0.317129
3 0.778749 0.804398 0.442502 0.391203
4 0.973771 0.180054 0.0524582 0.360108
2 0.737407 0.0969994 0.239009 0.193999
1 0.98605 0.525596 0.0278999 0.83877
2 0.652052 0.783254 0.695896 0.433492
2 0.696157 0.0627674 0.337588 0.125535
2 0.865333 0.239097 0.269334 0.478194
3 0.0436345 0.814265 0.0872689 0.371471
0 0.254794 0.5 0.509589 1
0 0.706296 0.35702 0.587409 0.71404
1 0.560145 0.674736 0.879709 0.285825
0 0.526058 0.0342902 0.403166 0.0685804
4 0.105253 0.71538 0.210505 0.56924
4 0.0104668 0.452898 0.0209336 0.905795
2 0.197197 0.182401 0.394394 0.364801
3 0.718789 0.472713 0.00211201 0.0200427
4 0.705558 0.502043 0.588884 0.995914
2 0.788276 0.193532 0.196855 0.387064
3 0.926887 0.737027 0.146227 0.525946
2 0.32025 0.242047 0.640499 0.484095
2 0.957608 0.223139 0.0847834 0.446278
3 0.522019 0.870429 0.955963 0.259142
4 0.44877 0.591955 0.897539 0.816089
3 0.616772 0.712611 0.766455 0.303114
3 0.563318 0.876829 0.873363 0.246343
0 0.398857 0.380437 0.797714 0.760874
0 0.788276 0.193532 0.196855 0.387064
3 0.734037 0.817833 0.531927 0.364334
0 0.696157 0.0627674 0.337588 0.125535
3 0.0142284 0.348892 0.0284569 0.697785
1 0.206718 0.229617 0.413437 0.459233
3 0.0355155 0.797402 0.071031 0.405197
0 0.461485 0.895629 0.922971 0.208742
3 0.44877 0.591955 0.897539 0.816089
2 0.452674 0.0414002 0.447007 0.0828003
0 0.197197 0.182401 0.394394 0.364801
1 0.51525 0.874645 0.9695 0.250711
4 0.615673 0.858488 0.768653 0.276902
0 0.625162 0.0318439 0.329417 0.0636878
4 0.995444 0.817226 0.00911236 0.365548
2 0.386399 0.0685136 0.521024 0.137027
3 0.524078 0.321052 0.0118719 0.0560081
2 0.615673 0.858488 0.768653 0.276902
2 0.523959 0.345865 0.702411 0.69173
4 0.10705 0.599509 0.214101 0.800981
2 0.518361 0.876348 0.963277 0.247305
2 0.218619 0.241048 0.437238 0.482096
1 0.673185 0.861872 0.65363 0.276255
0 0.665396 0.780184 0.669208 0.437685
0 0.492798 0.846434 0.985596 0.307132
1 0.562023 0.850733 0.875954 0.298534
2 0.22233 0.131194 0.429787 0.262388
4 0.218619 0.241048 0.437238 0.482096
0 0.482369 0.889276 0.866314 0.221449
2 0.731435 0.486854 0.537129 0.973709
0 0.402015 0.256129 0.804029 0.512258
2 0.307054 0.0739651 0.44867 0.14793
4 0.151015 0.630352 0.243266 0.46171
0 0.23822 0.574629 0.0489979 0.0261215
3 0.405509 0.887759 0.811017 0.224481
3 0.380219 0.543019 0.760438 0.847691
4 0.665396 0.780184 0.669208 0.437685
4 0.0355155 0.797402 0.071031 0.405197
0 0.10705 0.599509 0.214101 0.800981
1 0.482369 0.889276 0.866314 0.221449
3 0.207094 0.424874 0.00522528 0.037751
3 0.98605 0.525596 0.0278999 0.83877
0 0.737407 0.0969994 0.239009 0.193999
2 0.182936 0.543507 0.365871 0.462794
0 0.0945598 0.377638 0.18912 0.755276
3 0.133159 0.490487 0.0110038 0.0456356
4 0.563318 0.876829 0.873363 0.246343
3 0.70877 0.854416 0.58246 0.291167
2 0.986896 0.62824 0.0262074 0.724703
0 0.541793 0.5 0.916414 1
0 0.820324 0.263639 0.281347 0.527278
2 0.0945598 0.377638 0.18912 0.755276
4 0.925523 0.228144 0.148954 0.456289
4 0.401227 0.789061 0.802454 0.421878
4 0.0987888 0.783401 0.197578 0.433198
4 0.4107 0.697954 0.821399 0.535033
0 0.22233 0.131194 0.429787 0.262388
3 0.664976 0.0392007 0.33635 0.0784014
0 0.307054 0.0739651 0.44867 0.14793
4 0.968821 0.190292 0.0623571 0.380584
0 0.114491 0.740125 0.196473 0.346787
3 0.466262 0.151028 0.0158408 0.0780507
4 0.957608 0.223139 0.0847834 0.446278
3 0.615673 0.858488 0.768653 0.276902
0 1 0.316459 0 0.632918
1 0.99524 0.811448 0.00951958 0.377104
2 0.106708 0.5 0.213416 1
3 0.218619 0.241048 0.437238 0.482096
0 0.218206 0.434471 0.436411 0.868942
4 0.734037 0.817833 0.531927 0.364334
1 0.114491 0.740125 0.196473 0.346787
1 0.465509 0.808777 0.931018 0.360036
1 0.192411 0.283317 0.384822 0.566634
2 0.432305 0.243135 0.86461 0.48627
1 0.642432 0.610849 0.715136 0.778302
1 0.218619 0.241048 0.437238 0.482096
3 0.192411 0.283317 0.384822 0.566634
0 0.218619 0.241048 0.437238 0.482096
2 0.986345 0.733581 0.0273106 0.532837
4 0.642432 0.610849 0.715136 0.778302
0 0.386399 0.0685136 0.521024 0.137027
4 0.380219 0.543019 0.760438 0.847691
4 0.528493 0.888563 0.867715 0.222873
3 0.407828 0.380432 0.00450687 0.0962679
4 0.582294 0.878932 0.835412 0.242136
3 0.640118 0.868123 0.719764 0.263754
2 0.56154 0.0306685 0.349325 0.0613371
2 0.625162 0.0318439 0.329417 0.0636878
2 0.527482 0.880037 0.945036 0.239926
0 0.452674 0.0414002 0.447007 0.0828003
1 0.527804 0.78173 0.944392 0.436539
2 0.734037 0.817833 0.531927 0.364334
1 0.751809 0.426859 0.496382 0.853718
1 0.487831 0.887621 0.975661 0.224758
3 0.0846988 0.780109 0.169398 0.439781
4 0.442554 0.890662 0.845978 0.218675
0 0.433177 0.403619 0.866354 0.807239
4 0.033478 0.5 0.066956 1
3 0.101044 0.475289 0.202088 0.950579
4 0.98605 0.525596 0.0278999 0.83877
4 0.731435 0.486854 0.537129 0.973709
1 0.422274 0.793436 0.73286 0.413129
0 0.0435937 0.5 0.0871874 1
2 0.99524 0.811448 0.00951958 0.377104
3 0.312605 0.841435 0.62521 0.317129
3 0.34374 0.813915 0.68748 0.37217
4 0.0235782 0.5 0.0471564 1
3 0.780187 0.745212 0.439625 0.509577
2 0.105253 0.71538 0.210505 0.56924
4 0.820324 0.263639 0.281347 0.527278
4 0.509928 0.846713 0.980144 0.306574
0 0.973771 0.180054 0.0524582 0.360108
0 0.527482 0.880037 0.945036 0.239926
0 0.0235782 0.5 0.0471564 1
4 0.0436345 0.814265 0.0872689 0.371471
1 0.432965 0.89702 0.86593 0.205961
1 0.939856 0.492089 0.120288 0.984177
2 0.111717 0.658735 0.223433 0.659476
3 0.151015 0.630352 0.243266 0.46171
1 0.101044 0.475289 0.202088 0.950579
2 0.706296 0.35702 0.587409 0.71404
2 0.0355155 0.797402 0.071031 0.405197
1 0.959656 0.192383 0.0806873 0.384766
2 0.0435937 0.5 0.0871874 1
3 0.560145 0.674736 0.879709 0.285825
1 0.631631 0.861129 0.736739 0.275328
4 0.101044 0.475289 0.202088 0.950579
0 0.45865 0.675927 0.9173 0.318504
3 0.12282 0.820299 0.245641 0.359402
4 0.182936 0.543507 0.365871 0.462794
0 0.925523 0.228144 0.148954 0.456289
3 0.56154 0.0306685 0.349325 0.0613371
1 0.953361 0.735521 0.0932789 0.528958
2 0.737621 0.609482 0.524758 0.76363
4 0.431702 0.877815 0.748893 0.24437
0 0.0355155 0.797402 0.071031 0.405197
1 0.995444 0.817226 0.00911236 0.365548
0 0.734037 0.817833 0.531927 0.364334
4 0.56154 0.0306685 0.349325 0.0613371
3 0.939856 0.492089 0.120288 0.984177
2 0.10705 0.599509 0.214101 0.800981
2 0.651423 0.436812 0.697153 0.873623
2 0.461485 0.895629 0.922971 0.208742
2 0.0135883 0.464186 0.0271766 0.928373
1 0.312605 0.841435 0.62521 0.317129
1 0.372714 0.873195 0.745428 0.253611
4 0.673185 0.861872 0.65363 0.276255
3 0.751809 0.426859 0.496382 0.853718
2 0.0436345 0.814265 0.0872689 0.371471
1 0.737621 0.609482 0.524758 0.76363
3 0.584194 0.660869 0.831611 0.678261
1 0.788276 0.193532 0.196855 0.387064
4 0.0260486 0.669479 0.0520972 0.661042
0 0.431702 0.877815 0.748893 0.24437
0 0.261894 0.313029 0.523789 0.626059
4 0.584599 0.726674 0.830802 0.426394
2 0.705558 0.502043 0.588884 0.995914
2 0.949684 0.32754 0.100632 0.65508
0 0.289282 0.434407 0.578564 0.868814
1 0.820324 0.263639 0.281347 0.527278
4 0.689702 0.877866 0.620597 0.244269
2 0.45865 0.675927 0.9173 0.318504
0 0.0142284 0.348892 0.0284569 0.697785
3 0.953385 0.553753 0.0932295 0.878273
4 0.778749 0.804398 0.442502 0.391203
4 0.197197 0.182401 0.394394 0.364801
0 0.195443 0.438878 0.390887 0.877757
4 0.953385 0.553753 0.0932295 0.878273
0 0.562023 0.850733 0.875954 0.298534
3 1 0.373279 0 0.746559
3 0.649066 0.187107 0.015848 0.0246614
4 0.625162 0.0318439 0.329417 0.0636878
4 0.616772 0.712611 0.766455 0.303114
4 0.978007 0.422648 0.0439863 0.754943
0 0.507949 0.429703 0.931846 0.859406
0 0.986896 0.62824 0.0262074 0.724703
1 0.584599 0.726674 0.830802 0.426394
3 0.978007 0.422648 0.0439863 0.754943
4 0.114491 0.740125 0.196473 0.346787
4 0.788276 0.193532 0.196855 0.387064
0 0.192411 0.283317 0.384822 0.566634
4 0.106708 0.5 0.213416 1
0 0.989822 0.571314 0.0203569 0.510827
1 0.12282 0.820299 0.245641 0.359402
2 0.995444 0.817226 0.00911236 0.365548
3 0.584599 0.726674 0.830802 0.426394
0 0.0648667 0.525059 0.00996569 0.0366948
3 0.953361 0.735521 0.0932789 0.528958
3 0.197197 0.182401 0.394394 0.364801
1 0.925523 0.228144 0.148954 0.456289
1 0.32025 0.242047 0.640499 0.484095
1 0.452674 0.0414002 0.447007 0.0828003
3 0.737407 0.0969994 0.239009 0.193999
2 0.527804 0.78173 0.944392 0.436539
3 0.0260486 0.669479 0.0520972 0.661042
4 0.482272 0.0390154 0.428714 0.0780309
3 0.431702 0.877815 0.748893 0.24437
0 0.584599 0.726674 0.830802 0.426394
2 0.689702 0.877866 0.620597 0.244269
0 0.947615 0.329825 0.104769 0.65965
1 0.386399 0.0685136 0.521024 0.137027
3 0.465509 0.808777 0.931018 0.360036
2 0.312605 0.841435 0.62521 0.317129
2 0.528493 0.888563 0.867715 0.222873
3 0.925523 0.228144 0.148954 0.456289
1 0.696157 0.0627674 0.337588 0.125535
0 0.6721 0.531356 0.655801 0.937288
3 0.82013 0.301431 0.359739 0.602861
1 0.45865 0.675927 0.9173 0.318504
4 0.386399 0.0685136 0.521024 0.137027
1 0.865333 0.239097 0.269334 0.478194
1 0.307054 0.0739651 0.44867 0.14793
2 0.44877 0.591955 0.897539 0.816089
1 0.22233 0.131194 0.429787 0.262388
1 0.0436345 0.814265 0.0872689 0.371471
4 0.986345 0.733581 0.0273106 0.532837
0 0.673185 0.861872 0.65363 0.276255
4 0.737407 0.0969994 0.239009 0.193999
0 0.095777 0.526128 0.0526469 0.0348101
0 0.9019 0.137794 0.196199 0.275589
0 0.0950033 0.53433 0.0570567 0.0517267
0 0.206726 0.2372 0.413453 0.4744
1 0.222712 0.239956 0.445424 0.479912
0 0.78353 0.244848 0.43294 0.489696
3 0.230302 0.419133 0.0551161 0.135227
0 0.0664729 0.52435 0.111264 0.0399653
0 0.527833 0.239384 0.394665 0.462589
0 0.681707 0.236358 0.594555 0.456476
2 0.230302 0.419133 0.0551161 0.135227
3 0.213118 0.413062 0.0203775 0.0682401
0 0.553071 0.243706 0.58404 0.45439
0 0.0932876 0.453793 0.0648671 0.177138
0 0.105082 0.740719 0.210164 0.518562
0 0.700728 0.12424 0.148526 0.245788
2 0.0975008 0.526143 0.055016 0.0360001
3 0.095777 0.526128 0.0526469 0.0348101
0 0.449865 0.253895 0.590043 0.48864
1 0.105082 0.740719 0.210164 0.518562
4 0.187658 0.732298 0.0332728 0.143113
1 0.116305 0.667331 0.185204 0.665337
0 0.0970575 0.550238 0.0548237 0.0831206
2 0.129495 0.553917 0.150664 0.424816
0 0.893611 0.22528 0.212778 0.450559
0 0.173696 0.40185 0.347392 0.8037
0 0.0956729 0.571879 0.191346 0.629143
1 0.173696 0.40185 0.347392 0.8037
1 0.129495 0.553917 0.150664 0.424816
1 0.681707 0.236358 0.594555 0.456476
0 0.108369 0.52739 0.0789078 0.0337301
0 0.431248 0.25455 0.40997 0.4878
0 0.312295 0.245791 0.58065 0.478656
0 0.882004 0.889841 0.235993 0.220318
2 0.78353 0.244848 0.43294 0.489696
0 0.356747 0.191298 0.207605 0.381061
0 0.802541 0.782225 0.394918 0.435551
2 0.412941 0.310446 0.516402 0.620891
0 0.136998 0.218837 0.273995 0.437674
0 0.811943 0.225274 0.376113 0.450548
2 0.546674 0.324319 0.369746 0.457748
2 0.50794 0.245516 0.338718 0.456409
0 0.116305 0.667331 0.185204 0.665337
0 0.145712 0.526099 0.175568 0.387467
1 0.527833 0.239384 0.394665 0.462589
3 0.0970575 0.550238 0.0548237 0.0831206
4 0.770776 0.243166 0.458448 0.486051
4 0.681707 0.236358 0.594555 0.456476
2 0.369746 0.317049 0.739493 0.634097
0 0.970459 0.75358 0.0590822 0.49284
1 0.792866 0.803517 0.414268 0.392966
0 0.117394 0.526954 0.0944481 0.0455618
0 0 0.215877 0 0.431755
4 0.527833 0.239384 0.394665 0.462589
0 0.105058 0.544976 0.209755 0.426673
2 0.173696 0.40185 0.347392 0.8037
0 0.912422 0.176176 0.175156 0.352352
2 0.504597 0.304986 0.480949 0.57425
3 0.223608 0.410249 0.0375117 0.11212
0 0.460987 0.30285 0.496562 0.6057
0 0.0957299 0.511412 0.0579743 0.0700376
0 0.546674 0.324319 0.369746 0.457748
1 0.770776 0.243166 0.458448 0.486051
2 0.681707 0.236358 0.594555 0.456476
0 0.685412 0.503676 0.544224 0.163306
1 0.845105 0.245389 0.309791 0.490778
0 0.10853 0.656242 0.217061 0.687516
2 0.0956729 0.571879 0.191346 0.629143
4 0.12543 0.623089 0.171346 0.587081
2 0.222712 0.239956 0.445424 0.479912
4 0.142549 0.47686 0.026412 0.027257
1 0.10853 0.656242 0.217061 0.687516
2 0.431248 0.25455 0.40997 0.4878
1 0.891424 0.236081 0.217153 0.472162
1 0.0956729 0.571879 0.191346 0.629143
0 0.359628 0.321296 0.632885 0.642592
2 0.792866 0.803517 0.414268 0.392966
0 0.64725 0.398817 0.556266 0.271272
1 0.157609 0.548535 0.123372 0.441837
4 0.173696 0.40185 0.347392 0.8037
0 0.560833 0.519226 0.333398 0.150706
0 0.0196296 0.740296 0.0392592 0.519409
0 0.942598 0.219378 0.114803 0.438756
2 0.266424 0.327213 0.532847 0.646224
0 0.552145 0.552114 0.354713 0.202767
0 0.157609 0.548535 0.123372 0.441837
1 0.504597 0.304986 0.480949 0.57425
0 0.341818 0.243366 0.228676 0.486732
3 0.356375 0.304943 0.71275 0.609887
0 0.228469 0.416502 0.0469865 0.117653
0 0.962784 0.139207 0.0744311 0.278413
1 0.359628 0.321296 0.632885 0.642592
2 0.172479 0.518431 0.283852 0.394423
0 0.754001 0.446779 0.440465 0.268346
2 0.733961 0.497285 0.532077 0.97493
3 0.527833 0.239384 0.394665 0.462589
0 0.172479 0.518431 0.283852 0.394423
3 0.105058 0.544976 0.209755 0.426673
0 0.127001 0.447271 0.254002 0.894542
3 0.12543 0.623089 0.171346 0.587081
3 0.706158 0.234776 0.573117 0.463625
3 0.129495 0.553917 0.150664 0.424816
3 0.245316 0.468385 0.466313 0.639127
0 0.0977281 0.222642 0.195456 0.445284
3 0.915132 0.326395 0.169736 0.642536
3 0.422382 0.484817 0.408693 0.597229
1 0.266424 0.327213 0.532847 0.646224
2 0.0282434 0.410491 0.0457151 0.19806
0 0.927173 0.190383 0.145655 0.380766
0 0.18776 0.227506 0.37552 0.455013
3 0.891424 0.236081 0.217153 0.472162
2 0.870069 0.233313 0.259863 0.466625
3 0.847182 0.287384 0.305637 0.574768
0 0.947633 0.140758 0.104735 0.281517
0 0.938185 0.779743 0.12363 0.440514
4 0.32957 0.237931 0.545943 0.475585
4 0.911157 0.225512 0.177686 0.451024
1 0.546674 0.324319 0.369746 0.457748
2 0.223608 0.410249 0.0375117 0.11212
2 0.116305 0.667331 0.185204 0.665337
3 0.974801 0.568156 0.0503975 0.606534
3 0.957934 0.51635 0.0841323 0.9029
0 0.467772 0.917258 0.696234 0.165483
0 0.325557 0.504999 0.0177744 0.0211871
0 0.266424 0.327213 0.532847 0.646224
0 0.470708 0.547258 0.180433 0.156991
3 0.259875 0.633571 0.351786 0.622879
3 0.459241 0.250766 0.417493 0.470844
1 0.0959624 0.525355 0.053956 0.0384158
1 0.259875 0.633571 0.351786 0.622879
1 0.127001 0.447271 0.254002 0.894542
4 0.105058 0.544976 0.209755 0.426673
0 0.736607 0.414495 0.526786 0.828991
3 0.958756 0.385957 0.0824881 0.553136
0 0.866626 0.762816 0.266748 0.474368
4 0.139376 0.2268 0.278751 0.453601
0 0.9267 0.789979 0.146599 0.420043
0 0.614892 0.504867 0.377725 0.141824
3 0.504597 0.304986 0.480949 0.57425
0 0.495312 0.523421 0.423187 0.398562
0 0.113615 0.949327 0.0678445 0.101346
1 0.438768 0.684761 0.459172 0.630478
3 0.369762 0.683973 0.473141 0.632054
3 0.32957 0.237931 0.545943 0.475585
4 0.738343 0.71172 0.523314 0.57656
1 0.431248 0.25455 0.40997 0.4878
4 0.411232 0.251789 0.46416 0.494817
1 0.955397 0.769384 0.0892056 0.461232
3 0.10853 0.656242 0.217061 0.687516
2 0.811943 0.225274 0.376113 0.450548
2 0.793264 0.12167 0.0724892 0.24334
0 0.301818 0.293808 0.603637 0.587616
0 0.74439 0.335838 0.247648 0.259587
2 0.495312 0.523421 0.423187 0.398562
4 0.877429 0.81187 0.245142 0.376259
0 0.955397 0.769384 0.0892056 0.461232
3 0.173696 0.40185 0.347392 0.8037
3 0.172479 0.518431 0.283852 0.394423
3 0.619006 0.244644 0.474753 0.447976
0 0.727373 0.901161 0.545255 0.197679
3 0.751869 0.307571 0.496263 0.615142
3 0.74601 0.52292 0.507979 0.954161
0 0.658113 0.125937 0.236297 0.251874
3 0.0950033 0.53433 0.0570567 0.0517267
0 0.570822 0.931467 0.712566 0.137065
1 0.105058 0.544976 0.209755 0.426673
0 0.772214 0.244439 0.455573 0.488878
1 0.291182 0.655575 0.582364 0.68885
2 0.911157 0.225512 0.177686 0.451024
4 0.129495 0.553917 0.150664 0.424816
3 0.34933 0.408511 0.493968 0.744498
0 0.0135268 0.655521 0.0270537 0.688957
0 0.140706 0.589506 0.140917 0.516171
0 0.137549 0.814328 0.275097 0.371345
4 0.553071 0.243706 0.58404 0.45439
2 0.685412 0.503676 0.544224 0.163306
2 0.105058 0.544976 0.209755 0.426673
3 0.234449 0.237374 0.468897 0.474747
0 0.958756 0.385957 0.0824881 0.553136
4 0.105392 0.654555 0.210784 0.690889
1 0.834067 0.767706 0.331866 0.464588
4 0.974801 0.568156 0.0503975 0.606534
3 0.392418 0.912716 0.636876 0.174568
4 0.958756 0.385957 0.0824881 0.553136
4 0.18776 0.227506 0.37552 0.455013
1 0.927173 0.190383 0.145655 0.380766
0 0.351325 0.915268 0.586408 0.169465
0 0.974801 0.568156 0.0503975 0.606534
4 0.685412 0.503676 0.544224 0.163306
3 0.811943 0.225274 0.376113 0.450548
4 0.574553 0.665251 0.735807 0.669498
2 0.438768 0.684761 0.459172 0.630478
0 0.461715 0.780113 0.639791 0.439775
3 0.877429 0.81187 0.245142 0.376259
3 0.685412 0.503676 0.544224 0.163306
1 0.139376 0.2268 0.278751 0.453601
4 0.488468 0.682937 0.530421 0.634126
0 0.954475 0.171815 0.0910507 0.34363
2 0.64725 0.398817 0.556266 0.271272
1 0.321759 0.908461 0.541029 0.183078
0 0.697111 0.757984 0.6026 0.484032
2 0.754001 0.446779 0.440465 0.268346
3 0.321759 0.908461 0.541029 0.183078
1 0.811943 0.225274 0.376113 0.450548
3 0.942598 0.219378 0.114803 0.438756
4 0.754001 0.446779 0.440465 0.268346
2 0.877429 0.81187 0.245142 0.376259
1 0.172479 0.518431 0.283852 0.394423
0 0.877429 0.81187 0.245142 0.376259
1 0.560833 0.519226 0.333398 0.150706
0 0.0109978 0.201156 0.0219956 0.402311
0 0.267724 0.841802 0.520492 0.316397
1 0.467772 0.917258 0.696234 0.165483
4 0.845105 0.245389 0.309791 0.490778
0 0.208509 0.528177 0.0318621 0.0225721
0 0.751869 0.307571 0.496263 0.615142
4 0.321759 0.908461 0.541029 0.183078
2 0.553071 0.243706 0.58404 0.45439
0 0.881512 0.842875 0.236976 0.31425
0 0.0282434 0.410491 0.0457151 0.19806
2 0.259875 0.633571 0.351786 0.622879
3 0.802936 0.226061 0.394128 0.452121
4 0.927173 0.190383 0.145655 0.380766
0 0.349171 0.754939 0.603781 0.490122
4 0.234449 0.237374 0.468897 0.474747
3 0.495312 0.523421 0.423187 0.398562
3 0.775751 0.791791 0.448498 0.416418
0 0.0140179 0.493936 0.0280358 0.848629
2 0.422382 0.484817 0.408693 0.597229
1 0.9267 0.789979 0.146599 0.420043
2 0.0219082 0.69524 0.0438165 0.60952
0 0.978858 0.678468 0.0422834 0.491419
4 0.713243 0.412875 0.573513 0.775882
3 0.711305 0.918209 0.569248 0.163583
3 0.546674 0.324319 0.369746 0.457748
1 0.553071 0.243706 0.58404 0.45439
3 0.0884948 0.345957 0.0182667 0.0543618
2 0.560833 0.519226 0.333398 0.150706
3 0.777778 0.898349 0.444444 0.203303
0 0.897092 0.534259 0.051329 0.0241648
4 0.74601 0.52292 0.507979 0.954161
1 0.912422 0.176176 0.175156 0.352352
0 0.259495 0.769009 0.518991 0.461981
3 0.0109978 0.201156 0.0219956 0.402311
1 0.495312 0.523421 0.423187 0.398562
0 0.422382 0.484817 0.408693 0.597229
3 0.912422 0.176176 0.175156 0.352352
4 0.399206 0.681207 0.470064 0.637587
0 0.431488 0.727715 0.486907 0.544571
3 0.18776 0.227506 0.37552 0.455013
4 0.942598 0.219378 0.114803 0.438756
3 0.449463 0.704488 0.429559 0.548869
1 0.947633 0.140758 0.104735 0.281517
2 0.157609 0.548535 0.123372 0.441837
0 0.659216 0.689433 0.579757 0.621133
1 0.267724 0.841802 0.520492 0.316397
4 0.267724 0.841802 0.520492 0.316397
4 0.0109978 0.201156 0.0219956 0.402311
4 0.392418 0.912716 0.636876 0.174568
0 0.405562 0.307634 0.716722 0.615269
2 0.105274 0.760017 0.210548 0.479967
4 0.172479 0.518431 0.283852 0.394423
1 0.574553 0.665251 0.735807 0.669498
2 0.927173 0.190383 0.145655 0.380766
4 0.369746 0.317049 0.739493 0.634097
2 0.533502 0.72692 0.500143 0.546161
1 0.754001 0.446779 0.440465 0.268346
1 0.733961 0.497285 0.532077 0.97493
0 0.23463 0.219413 0.469261 0.438826
1 0.570822 0.931467 0.712566 0.137065
0 0.561532 0.598375 0.385996 0.346581
0 0.550718 0.736527 0.664908 0.526946
4 0.957934 0.51635 0.0841323 0.9029
3 0.517967 0.250601 0.619545 0.465129
4 0.792866 0.803517 0.414268 0.392966
2 0.574553 0.665251 0.735807 0.669498
1 0.970459 0.75358 0.0590822 0.49284
4 0.422382 0.484817 0.408693 0.597229
2 0.0140179 0.493936 0.0280358 0.848629
1 0.531436 0.642959 0.39529 0.304064
4 0.9267 0.789979 0.146599 0.420043
4 0.111613 0.948923 0.0694198 0.102154
4 0.954475 0.171815 0.0910507 0.34363
0 0.478837 0.490954 0.159599 0.0748783
1 0.168413 0.815308 0.336826 0.369384
4 0.259875 0.633571 0.351786 0.622879
2 0.245316 0.468385 0.466313 0.639127
1 0.877429 0.81187 0.245142 0.376259
4 0.0977281 0.222642 0.195456 0.445284
3 0.754827 0.682131 0.490346 0.635738
0 0.0116398 0.234317 0.0232796 0.468635
2 0.321759 0.908461 0.541029 0.183078
1 0.688395 0.681697 0.623209 0.636607
2 0.680322 0.706507 0.619941 0.586986
2 0.751869 0.307571 0.496263 0.615142
0 0.368705 0.66488 0.513586 0.670239
2 0.866626 0.762816 0.266748 0.474368
2 0.392418 0.912716 0.636876 0.174568
3 0.139376 0.2268 0.278751 0.453601
1 0.585143 0.594582 0.427544 0.437909
0 0.0946514 0.526393 0.0512347 0.0317078
0 0.0952423 0.535149 0.053481 0.0479264
0 0.0678883 0.527687 0.0143177 0.0279572
0 0.102664 0.763374 0.205329 0.473252
0 0.899978 0.141852 0.200045 0.283703
1 0.17882 0.522399 0.0172765 0.0344555
4 0.139374 0.472112 0.0264058 0.0192352
4 0.139753 0.484129 0.0280044 0.0350352
1 0.105514 0.555497 0.0782249 0.0797415
0 0.18451 0.3861 0.36902 0.772201
1 0.0973861 0.535659 0.0532821 0.0467084
4 0.143894 0.473961 0.0244745 0.0236724
4 0.17882 0.522399 0.0172765 0.0344555
4 0.138849 0.395552 0.0441663 0.0382671
1 0.188326 0.765484 0.0338601 0.0733013
4 0.0976276 0.525806 0.0519614 0.0384006
0 0.198543 0.52537 0.0579272 0.0264587
1 0.102664 0.763374 0.205329 0.473252
0 0.950039 0.784658 0.0999229 0.430683
0 0.100888 0.563783 0.0477448 0.0953917
0 0.0776236 0.543938 0.0329722 0.0639756
1 0.179143 0.534177 0.0230423 0.0603747
2 0.102664 0.763374 0.205329 0.473252
4 0.188276 0.747802 0.0349234 0.113676
3 0.207819 0.426389 0.00675459 0.0348964
1 0.194316 0.544444 0.0620637 0.0683293
0 0.109583 0.948448 0.0765278 0.103105
0 0.12529 0.527543 0.0984224 0.0348176
0 0.237795 0.5 0.475589 1
0 0.95663 0.135737 0.0867404 0.271473
0 0.300262 0.685391 0.524224 0.610775
1 0.131946 0.526112 0.056688 0.0354181
1 0.113076 0.948582 0.0821317 0.102837
0 0.286189 0.554636 0.572377 0.872133
1 0.188276 0.747802 0.0349234 0.113676
1 0.109943 0.568291 0.0782249 0.0977714
0 0.0877279 0.524939 0.0660565 0.0378337
4 0.130873 0.413863 0.0660657 0.0817579
1 0.125061 0.559646 0.0605426 0.0862898
0 0.169859 0.251583 0.339718 0.503165
1 0.198606 0.524429 0.0545258 0.0319284
2 0.286189 0.554636 0.572377 0.872133
2 0.435217 0.368214 0.870433 0.736428
1 0.0956334 0.526484 0.0500772 0.0366821
0 0.794767 0.746751 0.410465 0.506498
4 0.140094 0.448967 0.0281441 0.0332222
4 0.137965 0.397731 0.0620579 0.0476691
1 0.104656 0.560319 0.0607258 0.0921994
4 0.199335 0.520554 0.0566409 0.0384374
2 0.111355 0.948244 0.0798362 0.103511
0 0.672091 0.481729 0.561541 0.963459
0 0.929697 0.161872 0.140606 0.323744
4 0.207478 0.486129 0.040551 0.0453747
0 0.904155 0.278124 0.191691 0.556247
1 0.138106 0.507935 0.0286353 0.0451488
4 0.286189 0.554636 0.572377 0.872133
0 0.167958 0.642314 0.327767 0.684301
0 0.581255 0.249075 0.837489 0.49815
3 0.880386 0.30763 0.239228 0.61526
0 0.224562 0.269984 0.449124 0.539969
1 0.204033 0.55175 0.0508582 0.0753408
0 0.73419 0.47613 0.283351 0.147427
2 0.222055 0.5 0.44411 1
4 0.138106 0.507935 0.0286353 0.0451488
4 0.150396 0.446674 0.0194054 0.0552956
1 0.109093 0.927407 0.0877815 0.145185
0 0.964298 0.702724 0.0714044 0.511781
2 0.190527 0.369122 0.381054 0.738244
0 0.849319 0.371868 0.301362 0.743736
2 0.390848 0.272263 0.780325 0.544527
0 0.208548 0.5 0.417097 1
0 0.414194 0.598164 0.327188 0.301387
0 0.859219 0.741316 0.281562 0.517367
0 0.472561 0.5 0.63012 1
1 0.178571 0.540959 0.0397224 0.0689895
0 0.724767 0.735805 0.530461 0.453351
0 0.783842 0.5 0.432317 1
0 0.48778 0.603783 0.395821 0.316041
4 0.115247 0.442029 0.0102811 0.0264473
2 0.195756 0.232998 0.391511 0.465997
0 0.947465 0.270968 0.10507 0.541935
0 0.318937 0.405913 0.637874 0.811826
0 0.476671 0.459218 0.529031 0.810238
0 0.921163 0.407989 0.157675 0.815977
1 0.951999 0.135091 0.0960021 0.270182
0 0.85753 0.826225 0.28494 0.347549
4 0.880386 0.30763 0.239228 0.61526
1 0.179068 0.52313 0.0255357 0.0376104
0 0.435217 0.368214 0.870433 0.736428
0 0.408597 0.658599 0.463425 0.655093
0 0.111064 0.859294 0.222128 0.281412
0 0.678994 0.467675 0.393898 0.17133
3 0.29404 0.473861 0.00612516 0.0187645
1 0.286189 0.554636 0.572377 0.872133
1 0.892797 0.155163 0.214407 0.310325
2 0.921163 0.407989 0.157675 0.815977
0 0.298956 0.5 0.597911 1
2 0.476671 0.459218 0.529031 0.810238
0 0.408426 0.676457 0.342326 0.560019
1 0.182414 0.300294 0.364829 0.600588
2 0.95663 0.135737 0.0867404 0.271473
0 0.637543 0.817376 0.678493 0.365249
0 0.289627 0.761075 0.479266 0.47785
0 0.225068 0.223444 0.450136 0.446887
0 0.117746 0.489354 0.235492 0.978707
1 0.237117 0.783814 0.395719 0.432372
1 0.208548 0.5 0.417097 1
0 0.638991 0.427738 0.722017 0.855476
0 0.787163 0.480083 0.425674 0.366323
1 0.880386 0.30763 0.239228 0.61526
0 0.960415 0.458911 0.079171 0.811155
3 0.286189 0.554636 0.572377 0.872133
3 0.0226022 0.384944 0.0339381 0.0475011
0 0.713428 0.501984 0.326639 0.134766
1 0.188363 0.702344 0.0336726 0.204992
1 0.300262 0.685391 0.524224 0.610775
0 0.459123 0.649595 0.367519 0.234592
0 0.390848 0.272263 0.780325 0.544527
3 0.318937 0.405913 0.637874 0.811826
4 0.131106 0.470657 0.0401301 0.0249745
1 0.921163 0.407989 0.157675 0.815977
1 0.221947 0.550628 0.0455306 0.0797606
0 0.833537 0.493405 0.332926 0.986811
1 0.469056 0.764135 0.503367 0.47173
2 0.111064 0.859294 0.222128 0.281412
0 0.967061 0.579905 0.0658771 0.66786
2 0.397044 0.484159 0.794089 0.968318
0 0.39502 0.763002 0.481026 0.473995
2 0.0973861 0.535659 0.0532821 0.0467084
4 0.189102 0.720961 0.0373047 0.164246
4 0.833537 0.493405 0.332926 0.986811
0 0.742853 0.42785 0.514293 0.8557
1 0.435217 0.368214 0.870433 0.736428
3 0.999377 0.131367 0.00124664 0.262734
0 0.490017 0.795265 0.602959 0.409469
0 0.192354 0.524027 0.0462849 0.0321225
3 0.182414 0.300294 0.364829 0.600588
1 0.967061 0.579905 0.0658771 0.66786
0 0.899916 0.781472 0.200169 0.437056
3 0.511879 0.439017 0.616593 0.878035
0 0.672512 0.337196 0.654976 0.674393
2 0.785082 0.471562 0.429837 0.943123
1 0.950058 0.313796 0.0998844 0.627591
4 0.182414 0.300294 0.364829 0.600588
0 0.910783 0.203475 0.178435 0.40695
1 0.167958 0.642314 0.327767 0.684301
2 0.3587 0.682675 0.480867 0.615579
0 0.589809 0.352994 0.692057 0.705988
0 0.397044 0.484159 0.794089 0.968318
4 0.435217 0.368214 0.870433 0.736428
4 0.208548 0.5 0.417097 1
3 0.36766 0.462029 0.455618 0.924058
4 0.22129 0.5 0.44258 1
4 0.117841 0.220471 0.235682 0.440943
0 0.454668 0.223184 0.833055 0.446368
4 0.111064 0.859294 0.222128 0.281412
2 0.950637 0.801381 0.098727 0.397239
2 0.457011 0.5 0.616163 1
0 0.947436 0.83385 0.105128 0.332301
0 0.667637 0.637661 0.496241 0.252693
4 0.129132 0.489638 0.0341394 0.0435858
0 0.113509 0.449314 0.225691 0.898627
0 0.327088 0.218961 0.654175 0.437923
1 0.849319 0.371868 0.301362 0.743736
4 0.890475 0.203152 0.21905 0.406304
4 0.179059 0.425938 0.358118 0.851875
0 0.382733 0.27803 0.765466 0.556061
4 0.882518 0.564603 0.234963 0.740577
3 0.117841 0.220471 0.235682 0.440943
3 0.113509 0.449314 0.225691 0.898627
2 0.131492 0.496421 0.262984 0.89524
4 0.638991 0.427738 0.722017 0.855476
2 0.167958 0.642314 0.327767 0.684301
2 0.117746 0.489354 0.235492 0.978707
4 0.474704 0.439931 0.644306 0.879862
2 0.672091 0.481729 0.561541 0.963459
4 0.919675 0.344461 0.160649 0.688921
1 0.188841 0.794095 0.0370659 0.128655
2 0.950058 0.313796 0.0998844 0.627591
3 0.849319 0.371868 0.301362 0.743736
4 0.318937 0.405913 0.637874 0.811826
1 0.107884 0.525826 0.0725962 0.0340385
0 0.131492 0.496421 0.262984 0.89524
4 0.783842 0.5 0.432317 1
2 0.209656 0.5 0.419312 1
1 0.149263 0.555333 0.0778831 0.0812877
3 0.638991 0.427738 0.722017 0.855476
0 0.521892 0.643116 0.339028 0.203884
3 0.115247 0.442029 0.0102811 0.0264473
1 0.476671 0.459218 0.529031 0.810238
0 0.603552 0.569107 0.287769 0.223404
3 0.224315 0.5 0.448629 1
1 0.964298 0.702724 0.0714044 0.511781
0 0.630611 0.725687 0.420475 0.426984
4 0.476671 0.459218 0.529031 0.810238
0 0.780506 0.495054 0.263901 0.128903
3 0.950058 0.313796 0.0998844 0.627591
3 0.390848 0.272263 0.780325 0.544527
4 0.48778 0.603783 0.395821 0.316041
4 0.849319 0.371868 0.301362 0.743736
3 0.479142 0.390927 0.958284 0.781855
4 0.967061 0.579905 0.0658771 0.66786
0 0.710895 0.237017 0.57821 0.474033
1 0.950637 0.801381 0.098727 0.397239
0 0.125124 0.224534 0.250247 0.449068
1 0.707389 0.289794 0.585221 0.579588
0 0.117841 0.220471 0.235682 0.440943
1 0.222055 0.5 0.44411 1
0 0.772933 0.391619 0.42792 0.390317
4 0.161839 0.225898 0.323678 0.451796
4 0.167958 0.642314 0.327767 0.684301
3 0.87974 0.830715 0.24052 0.338569
4 0.145057 0.475428 0.0296545 0.0311223
3 0.179059 0.425938 0.358118 0.851875
4 0.947436 0.83385 0.105128 0.332301
1 0.710895 0.237017 0.57821 0.474033
1 0.511879 0.439017 0.616593 0.878035
2 0.289627 0.761075 0.479266 0.47785
3 0.167958 0.642314 0.327767 0.684301
1 0.390848 0.272263 0.780325 0.544527
0 0.107709 0.630881 0.215417 0.712996
3 0.769987 0.762342 0.460025 0.475315
3 0.727807 0.457396 0.312344 0.189391
4 0.131492 0.496421 0.262984 0.89524
1 0.34555 0.758421 0.469611 0.483159
1 0.113509 0.449314 0.225691 0.898627
1 0.960415 0.458911 0.079171 0.811155
4 0.95663 0.135737 0.0867404 0.271473
2 0.947436 0.83385 0.105128 0.332301
4 0.390848 0.272263 0.780325 0.544527
3 0.882518 0.564603 0.234963 0.740577
4 0.950058 0.313796 0.0998844 0.627591
1 0.681548 0.469154 0.636905 0.938308
4 0.469056 0.764135 0.503367 0.47173
4 0.300262 0.685391 0.524224 0.610775
1 0.125124 0.224534 0.250247 0.449068
4 0.113509 0.449314 0.225691 0.898627
0 0.513002 0.761101 0.478275 0.477798
3 0.135878 0.844361 0.271755 0.311279
2 0.113509 0.449314 0.225691 0.898627
3 0.717209 0.826914 0.560869 0.346171
3 0.921163 0.407989 0.157675 0.815977
0 0.147922 0.522643 0.118519 0.0289601
1 0.216675 0.824933 0.38976 0.350135
2 0.672512 0.337196 0.654976 0.674393
1 0.300308 0.808288 0.455518 0.383424
0 0.882518 0.564603 0.234963 0.740577
2 0.12399 0.254827 0.24798 0.509654
1 0.318937 0.405913 0.637874 0.811826
4 0.418002 0.481876 0.493226 0.963751
3 0.589809 0.352994 0.692057 0.705988
1 0.179059 0.425938 0.358118 0.851875
2 0.763292 0.784677 0.473417 0.430646
3 0.445246 0.601228 0.38712 0.315537
2 0.73419 0.47613 0.283351 0.147427
4 0.930736 0.473542 0.138528 0.947084
3 0.672512 0.337196 0.654976 0.674393
1 0.12399 0.254827 0.24798 0.509654
2 0.474704 0.439931 0.644306 0.879862
0 0.717209 0.826914 0.560869 0.346171
2 0.418002 0.481876 0.493226 0.963751
4 0.106568 0.720228 0.213137 0.539402
1 0.427041 0.626152 0.348607 0.224052
2 0.445246 0.601228 0.38712 0.315537
4 0.769987 0.762342 0.460025 0.475315
3 0.476671 0.459218 0.529031 0.810238
1 0.929697 0.161872 0.140606 0.323744
3 0.469056 0.764135 0.503367 0.47173
1 0.727192 0.678988 0.503824 0.434466
0 0.565654 0.748727 0.446721 0.455208
3 0.833537 0.493405 0.332926 0.986811
2 0.964298 0.702724 0.0714044 0.511781
0 0.36766 0.462029 0.455618 0.924058
2 0.787163 0.480083 0.425674 0.366323
3 0.131996 0.41796 0.069603 0.0771765
0 0.583443 0.49135 0.442848 0.282561
4 0.603552 0.569107 0.287769 0.223404
3 0.0961431 0.541446 0.0514444 0.0554297
4 0.720932 0.478735 0.308056 0.148984
0 0.576324 0.646175 0.349256 0.224432
3 0.6003 0.791006 0.567164 0.417988
1 0.135878 0.844361 0.271755 0.311279
1 0.457011 0.5 0.616163 1
1 0.468073 0.647653 0.377231 0.211912
1 0.385332 0.830591 0.508232 0.338818
3 0.783842 0.5 0.432317 1
2 0.547775 0.5 0.620777 1
2 0.318937 0.405913 0.637874 0.811826
1 0.406722 0.59586 0.330306 0.310782
4 0.964298 0.702724 0.0714044 0.511781
4 0.125124 0.224534 0.250247 0.449068
1 0.0981992 0.553124 0.0492909 0.0839682
4 0.155329 0.443364 0.0103818 0.0282989
3 0.95663 0.135737 0.0867404 0.271473
0 0.432581 0.307106 0.865162 0.614213
4 0.414194 0.598164 0.327188 0.301387
1 0.667637 0.637661 0.496241 0.252693
3 0.947436 0.83385 0.105128 0.332301
2 0.373315 0.795014 0.418634 0.409972
3 0.125124 0.224534 0.250247 0.449068
0 0.0948523 0.526538 0.05111 0.0297409
0 0.0943194 0.531969 0.0540273 0.0453705
0 0.324836 0.506044 0.0215016 0.0204866
0 0.102554 0.778629 0.205108 0.442742
0 0.814931 0.734129 0.367367 0.410155
0 0.088556 0.540699 0.0548129 0.0626782
3 0.0335476 0.436381 0.0457996 0.223377
0 0.197973 0.529689 0.052274 0.0225715
0 0.765353 0.752645 0.469294 0.459011
0 0.215291 0.527164 0.0168098 0.0195491
2 0.101786 0.768009 0.203571 0.454251
0 0.898521 0.534083 0.0550369 0.024276
0 0.185127 0.776663 0.370042 0.446674
0 0.889274 0.735022 0.22102 0.430865
0 0.0228149 0.535029 0.045528 0.0236461
0 0.249991 0.258503 0.499981 0.517005
0 0.0937607 0.54942 0.0547509 0.0789498
0 0.900074 0.79273 0.199045 0.41454
0 0.722299 0.47894 0.339532 0.209174
0 0.0325995 0.534081 0.0614958 0.0230409
3 0.030925 0.417374 0.0332499 0.190659
1 0.117239 0.775732 0.234478 0.448537
3 0.790765 0.126037 0.0670662 0.252073
0 0.0886602 0.52624 0.0621217 0.0393631
0 0.82751 0.861904 0.338784 0.276191
0 0.24059 0.507403 0.0116339 0.0184708
0 0.89804 0.146006 0.201295 0.292012
3 0.0898063 0.424749 0.0267116 0.204705
0 0.5 0.430455 1 0.860911
3 0.153867 0.488332 0.00840878 0.0337969
0 0.738064 0.687755 0.523871 0.320697
2 0.0947516 0.527763 0.0530758 0.0326597
0 0.944328 0.132965 0.111343 0.265929
2 0.249991 0.258503 0.499981 0.517005
0 0.896243 0.842425 0.207514 0.31515
0 0.833248 0.500237 0.328337 0.369881
0 0.884723 0.28365 0.226803 0.567299
0 0.885124 0.664175 0.229753 0.355131
0 0.890791 0.204157 0.214974 0.408314
1 0.900074 0.79273 0.199045 0.41454
0 0.273979 0.769657 0.545567 0.460686
0 0.837514 0.300309 0.320198 0.584755
0 0.26813 0.19628 0.53626 0.392559
4 0.105529 0.771366 0.211059 0.457268
0 0.674291 0.856979 0.636566 0.286043
3 0.6485 0.189108 0.0172686 0.0300009
0 0.739164 0.320526 0.443953 0.641051
0 0.256502 0.510729 0.0264221 0.0163912
0 0.0782381 0.621674 0.156476 0.224158
3 0.0622065 0.441056 0.0779249 0.234773
0 0.177676 0.517833 0.0134115 0.0328115
0 0.564417 0.358856 0.871166 0.717711
0 0.167362 0.5 0.330879 1
0 0.890973 0.156185 0.218054 0.312371
0 0.558948 0.824292 0.638367 0.351416
0 0.635841 0.405562 0.458898 0.596006
0 0.722034 0.631321 0.552751 0.289325
3 0.00208654 0.180942 0.00417308 0.361884
2 0.830588 0.777655 0.335672 0.444689
0 0.551507 0.419629 0.631503 0.837004
0 0.925806 0.579185 0.148388 0.380182
0 0.46957 0.802786 0.623743 0.394429
0 0.383224 0.229074 0.766447 0.458147
0 0.00572962 0.383881 0.0114592 0.701592
0 0.011206 0.712291 0.0224121 0.483144
0 0.00208654 0.180942 0.00417308 0.361884
4 0.929828 0.858406 0.140345 0.283189
1 0.884723 0.28365 0.226803 0.567299
0 0.490715 0.470894 0.981429 0.941788
0 0.315451 0.505411 0.0365247 0.0215981
0 0.436987 0.325921 0.873975 0.651841
0 0.506321 0.48279 0.753914 0.96558
2 0.265764 0.5 0.531528 1
1 0.738064 0.687755 0.523871 0.320697
0 0.799925 0.477752 0.40015 0.219802
1 0.249991 0.258503 0.499981 0.517005
0 0.281932 0.5 0.563864 1
0 0.200812 0.282245 0.401624 0.564491
0 0.107968 0.528526 0.0594491 0.0288203
0 0.670125 0.448808 0.659751 0.897616
0 0.131137 0.779562 0.262274 0.440875
1 0.265764 0.5 0.531528 1
3 0.00097976 0.129261 0.00195952 0.258523
0 0.863887 0.890612 0.27061 0.218303
0 0.936639 0.13189 0.126722 0.26378
0 0.23149 0.494111 0.0149567 0.0209765
3 0.0865804 0.412734 0.0349869 0.185709
0 0.935341 0.414556 0.124518 0.163372
0 0.178714 0.524534 0.0174074 0.0317095
4 0.884723 0.28365 0.226803 0.567299
3 0.011206 0.712291 0.0224121 0.483144
0 0.396729 0.5 0.624531 1
2 0.884723 0.28365 0.226803 0.567299
0 0.929828 0.858406 0.140345 0.283189
2 0.486185 0.47068 0.972371 0.94136
0 0.0300514 0.78351 0.0601029 0.432979
2 0.00572962 0.383881 0.0114592 0.701592
0 0.000744393 0.648392 0.00148879 0.4152
4 0.265764 0.5 0.531528 1
0 0.222264 0.729043 0.444529 0.470291
4 0.00208654 0.180942 0.00417308 0.361884
0 0.790005 0.338746 0.41999 0.677492
0 0.388037 0.773803 0.516719 0.452394
0 0.530179 0.473787 0.806385 0.947574
0 0.712817 0.340099 0.574365 0.680198
1 0.151893 0.838289 0.297253 0.323422
0 0.0525058 0.8025 0.105012 0.395001
1 0.890791 0.204157 0.214974 0.408314
0 0.012399 0.124255 0.024798 0.248511
4 0.471318 0.415841 0.942636 0.831682
0 0.231978 0.507725 0.0204035 0.0213054
1 0.659969 0.65237 0.495493 0.231183
2 0.93414 0.177582 0.13172 0.355165
0 0.93414 0.177582 0.13172 0.355165
1 0.498259 0.469265 0.996518 0.93853
0 0.190892 0.520089 0.0405115 0.0332283
0 0.758089 0.39306 0.483823 0.78612
1 0.889274 0.735022 0.22102 0.430865
1 0.116464 0.460168 0.232928 0.920336
0 0.326714 0.500574 0.0175528 0.0261017
3 0.0937607 0.54942 0.0547509 0.0789498
0 0.824193 0.622805 0.347898 0.381343
0 0.0539172 0.532788 0.0480662 0.0267744
3 0.884723 0.28365 0.226803 0.567299
2 0.241788 0.163354 0.483576 0.326707
3 0.929828 0.858406 0.140345 0.283189
2 0.733445 0.744584 0.533111 0.450154
3 0.012399 0.124255 0.024798 0.248511
1 0.712817 0.340099 0.574365 0.680198
0 0.0407356 0.549769 0.0778165 0.0588854
3 0.654052 0.211604 0.00769234 0.0647705
2 0.790005 0.338746 0.41999 0.677492
2 0.890791 0.204157 0.214974 0.408314
3 0.486185 0.47068 0.972371 0.94136
1 0.936639 0.13189 0.126722 0.26378
0 0.547468 0.768975 0.505369 0.432698
4 0.222863 0.243464 0.440353 0.486928
2 0.753871 0.479193 0.415893 0.215421
0 0 0.726078 0 0.428126
4 0.904243 0.796446 0.191515 0.407108
2 0.131137 0.779562 0.262274 0.440875
0 0.658415 0.710796 0.493496 0.376272
0 0.32227 0.500787 0.0238397 0.0270598
1 0.012399 0.124255 0.024798 0.248511
2 0.0525058 0.8025 0.105012 0.395001
2 0.88512 0.725731 0.229759 0.409125
4 0.890973 0.156185 0.218054 0.312371
0 0.0843258 0.523633 0.0475847 0.0399804
2 0.936639 0.13189 0.126722 0.26378
2 0.157993 0.272832 0.315986 0.545665
2 0.011206 0.712291 0.0224121 0.483144
2 0.904243 0.796446 0.191515 0.407108
0 0.67797 0.656667 0.54432 0.228464
4 0.011206 0.712291 0.0224121 0.483144
1 0.830588 0.777655 0.335672 0.444689
1 0.00152148 0.213731 0.00304295 0.427462
2 0.506321 0.48279 0.753914 0.96558
1 0.377932 0.792673 0.600863 0.414654
3 0.102929 0.798774 0.205858 0.402453
3 0.265764 0.5 0.531528 1
1 0.185127 0.776663 0.370042 0.446674
0 0.400268 0.245066 0.800535 0.490132
2 0.436987 0.325921 0.873975 0.651841
2 0.712817 0.340099 0.574365 0.680198
0 0.107121 0.727383 0.196217 0.257228
1 0.011206 0.712291 0.0224121 0.483144
0 0.918522 0.363603 0.162957 0.401906
0 0.45291 0.540112 0.536727 0.64896
4 0.93414 0.177582 0.13172 0.355165
4 0.944328 0.132965 0.111343 0.265929
2 0.944328 0.132965 0.111343 0.265929
4 0.322708 0.741976 0.601285 0.458904
1 0.200812 0.282245 0.401624 0.564491
2 0.00208654 0.180942 0.00417308 0.361884
3 0.222863 0.243464 0.440353 0.486928
0 0.131805 0.558352 0.263611 0.578942
0 0.115954 0.441063 0.231909 0.882127
1 0.891518 0.866911 0.214386 0.266178
2 0.929828 0.858406 0.140345 0.283189
2 0.837514 0.300309 0.320198 0.584755
1 0.658415 0.710796 0.493496 0.376272
3 0.110208 0.737478 0.220416 0.469688
1 0.703255 0.494088 0.320476 0.234872
1 0.670125 0.448808 0.659751 0.897616
0 0.655508 0.811565 0.548934 0.376869
4 0.88512 0.725731 0.229759 0.409125
4 0.012399 0.124255 0.024798 0.248511
3 0.790005 0.338746 0.41999 0.677492
3 0.890973 0.156185 0.218054 0.312371
1 0.0300514 0.78351 0.0601029 0.432979
3 0.893347 0.174729 0.213306 0.349457
4 0.837514 0.300309 0.320198 0.584755
1 0.753871 0.479193 0.415893 0.215421
1 0.170676 0.365989 0.33203 0.731978
1 0.93414 0.177582 0.13172 0.355165
1 0.890973 0.156185 0.218054 0.312371
4 0.790005 0.338746 0.41999 0.677492
4 0.0525058 0.8025 0.105012 0.395001
0 0.0159752 0.532066 0.0295915 0.0239174
1 0.828087 0.305426 0.343826 0.610853
1 0.548698 0.52855 0.644859 0.643546
0 0.537245 0.579999 0.579442 0.501049
4 0.569674 0.426117 0.860653 0.852234
4 0.890791 0.204157 0.214974 0.408314
3 0.896243 0.842425 0.207514 0.31515
0 0.590213 0.662005 0.449478 0.230518
3 0.93414 0.177582 0.13172 0.355165
2 0.00174779 0.231497 0.00349559 0.462994
2 0.833248 0.500237 0.328337 0.369881
1 0.131805 0.558352 0.263611 0.578942
3 0.904243 0.796446 0.191515 0.407108
3 0.891518 0.866911 0.214386 0.266178
4 0.131805 0.558352 0.263611 0.578942
1 0.674291 0.856979 0.636566 0.286043
0 0.493058 0.711574 0.542735 0.320881
0 0.651466 0.325005 0.697068 0.65001
0 0.13952 0.473352 0.0218522 0.02064
1 0.569674 0.426117 0.860653 0.852234
4 0.896243 0.842425 0.207514 0.31515
2 0.131805 0.558352 0.263611 0.578942
0 0.240724 0.497583 0.00900564 0.0236991
4 0.712817 0.340099 0.574365 0.680198
2 0.288523 0.782671 0.562369 0.434658
1 0.121751 0.646845 0.243502 0.614199
3 0.030914 0.406483 0.0618281 0.298407
0 0.898413 0.348489 0.20278 0.499138
1 0.436987 0.325921 0.873975 0.651841
4 0.548698 0.52855 0.644859 0.643546
0 0.192031 0.226152 0.384063 0.452305
1 0.416389 0.749465 0.450987 0.447905
3 0.151893 0.838289 0.297253 0.323422
0 0.259906 0.511449 0.0364468 0.0158918
4 0.799925 0.477752 0.40015 0.219802
0 0.404769 0.512679 0.470202 0.810695
1 0.122942 0.303305 0.245884 0.606611
3 0.569674 0.426117 0.860653 0.852234
0 0.632568 0.581009 0.452549 0.404565
3 0.0936442 0.527204 0.050855 0.0332638
1 0.26813 0.19628 0.53626 0.392559
3 0.116464 0.460168 0.232928 0.920336
1 0.322708 0.741976 0.601285 0.458904
2 0.121751 0.646845 0.243502 0.614199
1 0.651466 0.325005 0.697068 0.65001
2 0.185127 0.776663 0.370042 0.446674
3 0.200812 0.282245 0.401624 0.564491
4 0.537245 0.579999 0.579442 0.501049
3 0.785514 0.152274 0.081177 0.304548
0 0.938496 0.474569 0.123007 0.341488
3 0.241788 0.163354 0.483576 0.326707
4 0.00572962 0.383881 0.0114592 0.701592
1 0.531211 0.660824 0.52074 0.234096
2 0.82751 0.861904 0.338784 0.276191
4 0.45291 0.540112 0.536727 0.64896
3 0.400268 0.245066 0.800535 0.490132
2 0.00355287 0.301059 0.00710574 0.602118
0 0.769602 0.866615 0.458697 0.266769
2 0.383224 0.229074 0.766447 0.458147
3 0.154768 0.444125 0.0109711 0.0300998
1 0.492378 0.826213 0.553194 0.347573
1 0.199788 0.5 0.399576 1
1 0.537245 0.579999 0.579442 0.501049
2 0.0300514 0.78351 0.0601029 0.432979
1 0.472111 0.780636 0.565107 0.438729
1 0.222264 0.729043 0.444529 0.470291
1 0.933619 0.250046 0.132761 0.500092
0 0.830067 0.192408 0.339866 0.384816
0 0.778486 0.446781 0.443028 0.336909
4 0.383224 0.229074 0.766447 0.458147
4 0.241788 0.163354 0.483576 0.326707
2 0.213179 0.5 0.426358 1
4 0.157993 0.272832 0.315986 0.545665
2 0.896243 0.842425 0.207514 0.31515
0 0.151893 0.838289 0.297253 0.323422
1 0.722034 0.631321 0.552751 0.289325
1 0.506321 0.48279 0.753914 0.96558
4 0.651466 0.325005 0.697068 0.65001
3 0.131805 0.558352 0.263611 0.578942
3 0.121751 0.646845 0.243502 0.614199
0 0.0506776 0.195355 0.101355 0.390711
0 0 0.219996 0 0.439992
4 0.925806 0.579185 0.148388 0.380182
3 0.905768 0.528687 0.188396 0.43504
4 0.416389 0.749465 0.450987 0.447905
4 0.632568 0.581009 0.452549 0.404565
0 0.333023 0.508892 0.0438815 0.02547
2 0.670125 0.448808 0.659751 0.897616
0 0.933619 0.250046 0.132761 0.500092
1 0.918522 0.363603 0.162957 0.401906
3 0.537245 0.579999 0.579442 0.501049
1 0.632568 0.581009 0.452549 0.404565
2 0.674291 0.856979 0.636566 0.286043
3 0.00572962 0.383881 0.0114592 0.701592
4 0.527612 0.473201 0.819098 0.946401
3 0.944328 0.132965 0.111343 0.265929
1 0.1408 0.5 0.281601 1
1 0.00572962 0.383881 0.0114592 0.701592
1 0.2885 0.816322 0.53764 0.367357
4 0.0300514 0.78351 0.0601029 0.432979
3 0.548698 0.52855 0.644859 0.643546
3 0.936639 0.13189 0.126722 0.26378
0 0.0952779 0.527493 0.0504033 0.0328051
0 0.0948679 0.530795 0.0519025 0.0462328
4 0.140929 0.475794 0.0284834 0.0247343
0 0.901138 0.131102 0.197725 0.262204
2 0.105808 0.763927 0.211616 0.472146
0 0.326088 0.504919 0.0191552 0.0190668
0 0.208155 0.234531 0.41631 0.469063
0 0.13923 0.474407 0.0224107 0.0217179
0 0.0755908 0.540329 0.0221941 0.0579601
4 0.147097 0.475373 0.0224392 0.0247575
0 0.105808 0.763927 0.211616 0.472146
4 0.13923 0.474407 0.0224107 0.0217179
4 0.148703 0.447705 0.0173671 0.0691773
2 0.198843 0.353629 0.397686 0.707258
4 0.177168 0.516739 0.0125786 0.0333462
0 0.729719 0.511956 0.207452 0.140175
4 0.15372 0.444046 0.0120682 0.0341737
1 0.106771 0.759983 0.213542 0.480034
3 0.293131 0.468422 0.00490804 0.0178937
0 0.0894343 0.526207 0.0607383 0.0431096
0 0.897982 0.260084 0.204036 0.520168
0 0.696708 0.483911 0.332199 0.222152
0 0.608823 0.458414 0.115725 0.125791
2 0.196858 0.238094 0.393716 0.476189
0 0.00169931 0.162439 0.00339862 0.324879
0 0.218688 0.522459 0.00939932 0.0257264
0 0.198843 0.353629 0.397686 0.707258
4 0.152353 0.482058 0.0118055 0.0348763
0 0.00175184 0.346264 0.00350368 0.692528
0 0.896312 0.536044 0.0520023 0.0218532
2 0.499608 0.5 0.675754 1
1 0.198843 0.353629 0.397686 0.707258
0 0.869165 0.679038 0.261671 0.281394
2 0.208173 0.480697 0.416346 0.961394
0 0.749247 0.536666 0.404925 0.31727
0 0.000583649 0.881188 0.0011673 0.237624
0 0.891683 0.761377 0.216633 0.434972
2 0.141137 0.646237 0.282274 0.639845
0 0.817989 0.674824 0.364023 0.286697
0 0.208962 0.5 0.417924 1
0 0.918938 0.646087 0.162123 0.336145
0 0.936835 0.760739 0.126331 0.47114
0 0.516449 0.494078 0.688451 0.988155
0 0.543468 0.422117 0.589616 0.844234
0 0.00161585 0.668867 0.00323169 0.512643
0 0.808335 0.749229 0.383331 0.447513
0 0.199081 0.525008 0.0458519 0.0276217
0 0.865485 0.282844 0.26903 0.565688
2 0.814699 0.293842 0.370601 0.587684
1 0.749247 0.536666 0.404925 0.31727
0 0.0189098 0.785708 0.0378197 0.428584
4 0.140941 0.421115 0.0384475 0.0980751
0 0.000602582 0.650161 0.00120516 0.422203
0 0.757414 0.287007 0.485173 0.574014
0 0.751485 0.437918 0.406289 0.308033
0 0.391859 0.307445 0.655066 0.614889
0 0.005087 0.7751 0.010174 0.4498
0 0.00161911 0.462762 0.00323822 0.653477
0 0.610345 0.365544 0.501566 0.731088
0 0.904755 0.535634 0.0716957 0.0245383
0 0.000586116 0.143969 0.00117223 0.287938
0 0.896611 0.829958 0.206778 0.340085
2 0.560398 0.4474 0.610693 0.894801
0 0.505905 0.328752 0.608292 0.657503
0 0.881234 0.864005 0.237533 0.27199
0 0.177168 0.516739 0.0125786 0.0333462
0 0.942799 0.133835 0.114401 0.267671
0 0.786426 0.809329 0.427148 0.381342
0 0.796025 0.621707 0.404903 0.369949
3 0.141137 0.646237 0.282274 0.639845
0 0.64397 0.356059 0.429065 0.547963
4 0.179402 0.221719 0.358804 0.443438
0 0.566192 0.237999 0.867616 0.475997
0 0.457076 0.478735 0.914152 0.957471
0 0.136505 0.775068 0.27301 0.449863
1 0.208173 0.480697 0.416346 0.961394
3 0.268017 0.232461 0.308437 0.464922
2 0.539444 0.322689 0.570465 0.645378
0 0.924409 0.176786 0.151182 0.353573
0 0.000735432 0.835162 0.00147086 0.329677
0 0.40008 0.774236 0.474523 0.451529
1 0.895877 0.140962 0.208246 0.281924
3 0.560398 0.4474 0.610693 0.894801
2 0.268017 0.232461 0.308437 0.464922
2 0.0949552 0.528876 0.0510911 0.0341352
4 0.865485 0.282844 0.26903 0.565688
0 0.666303 0.312597 0.644728 0.625193
3 0.219118 0.472631 0.438236 0.945263
4 0.141137 0.646237 0.282274 0.639845
0 0.547988 0.166161 0.646544 0.332322
0 0.305234 0.405839 0.480568 0.811678
4 0.8975 0.250306 0.205001 0.500612
4 0.152899 0.421314 0.0150786 0.0823318
0 0.006557 0.116655 0.013114 0.233311
0 0.566709 0.798728 0.575131 0.402545
0 0.94378 0.554635 0.112441 0.407758
1 0.141137 0.646237 0.282274 0.639845
0 0.153643 0.232196 0.307287 0.464393
4 0.898157 0.138722 0.203687 0.277444
1 0.204911 0.238744 0.409129 0.477489
0 0.301074 0.790123 0.55449 0.419755
1 0.499608 0.5 0.675754 1
0 0.935645 0.246323 0.128709 0.492646
2 0.897439 0.143859 0.205123 0.287718
3 0.391859 0.307445 0.655066 0.614889
0 0.000416622 0.792282 0.000833243 0.415435
0 0.927893 0.795617 0.144214 0.408766
0 0.268017 0.232461 0.308437 0.464922
2 0.136505 0.775068 0.27301 0.449863
4 0.268017 0.232461 0.308437 0.464922
4 0.212875 0.5 0.425751 1
0 0.310979 0.428045 0.312587 0.85609
1 0.165639 0.285288 0.331279 0.570575
1 0.560398 0.4474 0.610693 0.894801
0 0.166028 0.44838 0.332055 0.89676
2 0.00175184 0.346264 0.00350368 0.692528
3 0.499608 0.5 0.675754 1
2 0.865485 0.282844 0.26903 0.565688
0 0.000515473 0.306919 0.00103095 0.415467
1 0.786426 0.809329 0.427148 0.381342
0 0.746968 0.753358 0.49747 0.493285
4 0.323524 0.498604 0.0183329 0.0240062
0 0.465148 0.801852 0.543637 0.396297
2 0.547988 0.166161 0.646544 0.332322
0 0.323524 0.498604 0.0183329 0.0240062
1 0.8975 0.250306 0.205001 0.500612
3 0.842402 0.256296 0.313486 0.512591
3 0.141067 0.478516 0.0275996 0.0304549
0 0.931106 0.12647 0.137788 0.25294
0 0.391816 0.290866 0.783633 0.581732
1 0.842402 0.256296 0.313486 0.512591
0 0.186421 0.515482 0.0250516 0.0277705
4 0.499608 0.5 0.675754 1
0 0.141137 0.646237 0.282274 0.639845
0 0.737236 0.853237 0.525527 0.293526
1 0.00175184 0.346264 0.00350368 0.692528
0 0.564659 0.454556 0.4506 0.909111
0 0.128418 0.580376 0.195086 0.383213
3 0.00161911 0.462762 0.00323822 0.653477
4 0.560398 0.4474 0.610693 0.894801
3 0.00175184 0.346264 0.00350368 0.692528
1 0.689447 0.484391 0.30432 0.223838
0 0.000350279 0.225976 0.000700557 0.427623
1 0.00169931 0.162439 0.00339862 0.324879
0 0.467944 0.724913 0.398026 0.530008
4 0.855599 0.383184 0.0306854 0.0527008
0 0.675579 0.828862 0.630535 0.342275
3 0.539444 0.322689 0.570465 0.645378
0 0.666995 0.255773 0.66601 0.511547
0 0.247285 0.178935 0.49457 0.35787
2 0.897982 0.260084 0.204036 0.520168
0 0.906742 0.80568 0.186515 0.38864
4 0.105709 0.766499 0.211419 0.467002
0 0.596808 0.567678 0.384605 0.394447
0 0.665843 0.584991 0.342736 0.449039
0 0.797931 0.20056 0.404139 0.401121
0 0.354461 0.23026 0.708922 0.460521
0 0.575776 0.741078 0.463881 0.517843
1 0.929302 0.232968 0.141396 0.465936
1 0.64397 0.356059 0.429065 0.547963
0 0.536412 0.646814 0.403168 0.400418
0 0.554591 0.324478 0.884465 0.648957
4 0.391859 0.307445 0.655066 0.614889
1 0.176355 0.762838 0.352709 0.474324
3 0.006557 0.116655 0.013114 0.233311
0 0.649867 0.479935 0.391843 0.603566
2 0.786426 0.809329 0.427148 0.381342
0 0.904759 0.456405 0.190483 0.484384
3 0.901138 0.131102 0.197725 0.262204
3 0.89405 0.272227 0.211899 0.544453
0 0.850171 0.354946 0.299657 0.603116
1 0.539444 0.322689 0.570465 0.645378
4 0.457076 0.478735 0.914152 0.957471
4 0.896611 0.829958 0.206778 0.340085
0 0.825524 0.854175 0.348953 0.291649
1 0.006557 0.116655 0.013114 0.233311
0 0.606459 0.115578 0.340986 0.231156
0 0.739614 0.479862 0.208473 0.160021
4 0.128418 0.580376 0.195086 0.383213
4 0.006557 0.116655 0.013114 0.233311
0 0.397035 0.466156 0.388145 0.932311
0 0.286949 0.65366 0.503815 0.513305
4 0.814699 0.293842 0.370601 0.587684
1 0.177168 0.516739 0.0125786 0.0333462
1 0.808335 0.749229 0.383331 0.447513
4 0.326885 0.498563 0.016281 0.0238731
0 0.697458 0.634217 0.398195 0.476903
0 0.944669 0.410219 0.110662 0.452536
2 0.353646 0.325773 0.562299 0.651547
4 0.918938 0.646087 0.162123 0.336145
4 0.505905 0.328752 0.608292 0.657503
0 0.643293 0.68478 0.404567 0.522194
4 0.924409 0.176786 0.151182 0.353573
1 0.610345 0.365544 0.501566 0.731088
3 0.457076 0.478735 0.914152 0.957471
4 0.00175184 0.346264 0.00350368 0.692528
3 0.757414 0.287007 0.485173 0.574014
1 0.005087 0.7751 0.010174 0.4498
1 0.812563 0.304763 0.374875 0.609526
1 0.777953 0.638052 0.444095 0.352805
0 0.240588 0.480349 0.481176 0.687148
3 0.64397 0.356059 0.429065 0.547963
2 0.0189098 0.785708 0.0378197 0.428584
4 0.29979 0.492662 0.505507 0.662594
3 0.29979 0.492662 0.505507 0.662594
1 0.27247 0.778873 0.526962 0.442254
3 0.211178 0.253537 0.422356 0.507073
4 0.797931 0.20056 0.404139 0.401121
1 0.676083 0.252061 0.647834 0.504122
1 0.00161911 0.462762 0.00323822 0.653477
2 0.666303 0.312597 0.644728 0.625193
0 0.484588 0.255439 0.969176 0.510878
3 0.0776705 0.205705 0.155341 0.41141
2 0.850171 0.354946 0.299657 0.603116
2 0.29979 0.492662 0.505507 0.662594
2 0.00161911 0.462762 0.00323822 0.653477
3 0.676083 0.252061 0.647834 0.504122
0 0.7929 0.480007 0.411574 0.201234
3 0.105489 0.738527 0.208944 0.432226
4 0.00169931 0.162439 0.00339862 0.324879
0 0.636647 0.461572 0.180169 0.130256
0 0.141067 0.478516 0.0275996 0.0304549
1 0.547988 0.166161 0.646544 0.332322
2 0.64397 0.356059 0.429065 0.547963
3 0.128418 0.580376 0.195086 0.383213
0 0.530831 0.844221 0.531712 0.311557
4 0.936835 0.760739 0.126331 0.47114
4 0.804809 0.671681 0.385255 0.288554
1 0.746968 0.753358 0.49747 0.493285
1 0.391859 0.307445 0.655066 0.614889
1 0.268017 0.232461 0.308437 0.464922
0 0.0019528 0.744488 0.0039056 0.494264
0 0.250897 0.827151 0.484867 0.345697
2 0.457076 0.478735 0.914152 0.957471
0 0.199845 0.169062 0.39969 0.338124
1 0.924409 0.176786 0.151182 0.353573
1 0.0945797 0.526285 0.0512863 0.0367404
0 0.151358 0.518653 0.0494564 0.0442347
4 0.00161911 0.462762 0.00323822 0.653477
0 0.681615 0.516251 0.342402 0.1767
1 0.0189098 0.785708 0.0378197 0.428584
0 0.678726 0.424751 0.080125 0.0580984
2 0.929302 0.232968 0.141396 0.465936
3 0.918938 0.646087 0.162123 0.336145
0 0.434331 0.848261 0.506002 0.303478
0 0.094476 0.541961 0.0533578 0.0578005
0 0 0.256212 0 0.512425
0 0.527192 0.564927 0.36921 0.363306
1 0.128418 0.580376 0.195086 0.383213
3 0.610345 0.365544 0.501566 0.731088
4 0.929302 0.232968 0.141396 0.465936
2 0.924409 0.176786 0.151182 0.353573
3 0.310979 0.428045 0.312587 0.85609
2 0.554591 0.324478 0.884465 0.648957
0 0.539303 0.127373 0.378088 0.254746
0 0.495336 0.478578 0.41202 0.957156
3 0.649867 0.479935 0.391843 0.603566
3 0.397035 0.466156 0.388145 0.932311
2 0.907892 0.671877 0.184216 0.359031
1 0.00161585 0.668867 0.00323169 0.512643
4 0.944669 0.410219 0.110662 0.452536
0 0.095571 0.526078 0.0514046 0.0327134
0 0.10425 0.77934 0.2085 0.44132
0 0.0957581 0.531294 0.0526838 0.0474562
2 0.106475 0.769626 0.212039 0.460749
3 0.64698 0.188871 0.0180745 0.0293304
0 0.89878 0.129433 0.201542 0.258867
0 0.0966765 0.540892 0.0537909 0.0581374
0 0.00224791 0.736672 0.00449583 0.463168
0 0.0874835 0.519452 0.0706526 0.0442368
0 0.891462 0.235248 0.217076 0.470496
0 0.0702167 0.54045 0.022188 0.0604357
3 0.756795 0.188298 0.00727015 0.045507
1 0.110693 0.788259 0.221113 0.423482
4 0.140424 0.476209 0.0276508 0.0260984
3 0.644423 0.214623 0.0255417 0.0797554
0 0.145702 0.772562 0.291404 0.454876
0 0.00295418 0.562631 0.00590837 0.568415
1 0.145702 0.772562 0.291404 0.454876
0 0.787005 0.755332 0.425989 0.489335
3 0.756727 0.176716 0.00690651 0.0628674
0 0.00289724 0.197373 0.00579449 0.394746
0 0.902615 0.175554 0.19477 0.351108
0 0.00655031 0.337805 0.0131006 0.675611
0 0.742891 0.426143 0.205747 0.0604242
0 0.790257 0.680902 0.419486 0.325068
0 0.850932 0.764627 0.296458 0.470745
0 0.920673 0.126506 0.158655 0.253012
0 0.682265 0.360871 0.42531 0.721742
0 0.409936 0.226834 0.819872 0.453668
0 0.435533 0.525535 0.414435 0.866443
0 0.910739 0.767789 0.178521 0.460335
0 0.27582 0.758121 0.55164 0.435336
2 0.894941 0.136329 0.210118 0.272658
0 0.0110866 0.801031 0.0221731 0.397937
0 0.16874 0.278288 0.33748 0.556576
0 0.539071 0.463531 0.737648 0.927061
0 0.930345 0.699728 0.13931 0.389584
0 0.847942 0.68486 0.301378 0.309006
0 0.457205 0.386283 0.19718 0.642391
0 0.00332925 0.793567 0.00665851 0.412867
0 0.922157 0.245222 0.155686 0.490443
0 0.373081 0.130112 0.746162 0.260225
0 0.0112367 0.139915 0.0224734 0.279829
0 0.904234 0.118115 0.191532 0.236229
0 0.936673 0.765911 0.126653 0.468178
0 0.747154 0.60411 0.476368 0.433144
0 0.657278 0.423701 0.539304 0.847402
1 0.272164 0.784097 0.536252 0.431806
0 0.24013 0.5 0.480261 1
0 0.714481 0.323355 0.340803 0.591258
0 0.500501 0.428108 0.998998 0.856216
0 0.201618 0.165491 0.403236 0.330982
3 0.154922 0.443565 0.00908737 0.0247118
0 0.587575 0.416568 0.65011 0.833137
0 0.809474 0.342573 0.381052 0.685146
0 0 0.698032 0 0.449945
2 0.201618 0.165491 0.403236 0.330982
0 0.927304 0.337513 0.145391 0.415034
0 0.270794 0.211386 0.53974 0.422771
0 0.707811 0.324347 0.322138 0.407484
0 0.321666 0.388679 0.624462 0.777357
0 0.952899 0.641767 0.0942024 0.342955
0 0.848316 0.29527 0.303367 0.59054
0 0.368205 0.500679 0.443554 0.888606
0 0.208776 0.246019 0.404368 0.492038
0 0.84549 0.245694 0.309021 0.491387
0 0.55457 0.355682 0.890861 0.711365
0 0.471999 0.276913 0.943997 0.553825
1 0.00289724 0.197373 0.00579449 0.394746
0 0.876615 0.815425 0.246771 0.369151
0 0.959333 0.563438 0.0813339 0.404491
0 0.492457 0.366676 0.236356 0.546389
0 0.396022 0.749999 0.43789 0.398155
0 0.24391 0.566526 0.451369 0.787215
0 0.537119 0.795409 0.595959 0.409181
2 0.16874 0.278288 0.33748 0.556576
0 0.452226 0.634692 0.421671 0.590622
0 0.789579 0.273263 0.420843 0.546526
0 0.728049 0.780887 0.543902 0.438226
1 0.755517 0.674554 0.488966 0.318234
0 0.416092 0.475591 0.832184 0.951182
0 0.724312 0.661777 0.541556 0.348084
0 0.656049 0.634228 0.447098 0.339607
2 0.764437 0.321311 0.391009 0.343477
0 0.453623 0.343352 0.907246 0.686704
1 0.16874 0.278288 0.33748 0.556576
0 0.915726 0.674244 0.168205 0.305416
4 0.110693 0.788259 0.221113 0.423482
0 0.469922 0.778234 0.513445 0.443532
0 0.646237 0.798141 0.656544 0.403719
0 0.269712 0.462378 0.539423 0.924755
1 0.894941 0.136329 0.210118 0.272658
2 0.891462 0.235248 0.217076 0.470496
1 0.24391 0.566526 0.451369 0.787215
0 0.764437 0.321311 0.391009 0.343477
3 0.0359297 0.332097 0.0132551 0.0281385
1 0.891462 0.235248 0.217076 0.470496
2 0.367466 0.446131 0.718311 0.892262
4 0.201618 0.165491 0.403236 0.330982
4 0.118107 0.708574 0.236214 0.465515
4 0.24391 0.566526 0.451369 0.787215
4 0.368205 0.500679 0.443554 0.888606
3 0.00289724 0.197373 0.00579449 0.394746
0 0.339009 0.5 0.39388 1
0 0.549063 0.65734 0.471053 0.296091
1 0.368205 0.500679 0.443554 0.888606
1 0.575705 0.382397 0.374594 0.544182
0 0.575705 0.382397 0.374594 0.544182
0 0.685269 0.375974 0.629462 0.751948
0 0.136575 0.690915 0.241984 0.509062
1 0.946282 0.459621 0.107436 0.394149
1 0.902615 0.175554 0.19477 0.351108
0 0.529486 0.322999 0.205947 0.427076
0 0.3702 0.78368 0.496105 0.43264
0 0.0032683 0.268147 0.00653661 0.536293
4 0.0955707 0.526385 0.0521567 0.0357092
4 0.154922 0.443565 0.00908737 0.0247118
4 0.894941 0.136329 0.210118 0.272658
2 0.902615 0.175554 0.19477 0.351108
1 0.321666 0.388679 0.624462 0.777357
0 0.77431 0.822397 0.45138 0.355207
0 0.48595 0.312615 0.155707 0.411073
1 0.959333 0.563438 0.0813339 0.404491
4 0.891462 0.235248 0.217076 0.470496
3 0.24391 0.566526 0.451369 0.787215
0 0.887386 0.612486 0.22399 0.424457
0 0.491117 0.395503 0.287892 0.6574
1 0.787005 0.755332 0.425989 0.489335
1 0.0112367 0.139915 0.0224734 0.279829
0 0.946282 0.459621 0.107436 0.394149
0 0.105414 0.374485 0.210828 0.748971
1 0.952899 0.641767 0.0942024 0.342955
0 0.0679027 0.94459 0.132516 0.110821
4 0.902615 0.175554 0.19477 0.351108
0 0.717832 0.450821 0.337502 0.247765
1 0.3702 0.78368 0.496105 0.43264
3 0.0112367 0.139915 0.0224734 0.279829
3 0.896402 0.132998 0.207196 0.265996
2 0.118107 0.708574 0.236214 0.465515
1 0.416092 0.475591 0.832184 0.951182
2 0.368205 0.500679 0.443554 0.888606
4 0.679582 0.360433 0.400604 0.601603
1 0.714481 0.323355 0.340803 0.591258
1 0.606966 0.654677 0.4289 0.301281
0 0.486193 0.430295 0.195921 0.665072
0 0.694579 0.432984 0.363723 0.313501
0 0.779714 0.424909 0.131466 0.060828
3 0.587575 0.416568 0.65011 0.833137
3 0.368205 0.500679 0.443554 0.888606
1 0.00332925 0.793567 0.00665851 0.412867
2 0.790489 0.248495 0.419023 0.49699
3 0.293158 0.468945 0.00630541 0.0162993
1 0.927304 0.337513 0.145391 0.415034
0 0.492825 0.702797 0.499345 0.290545
3 0.679582 0.360433 0.400604 0.601603
0 0.0723028 0.358487 0.144606 0.447266
0 0.498093 0.647132 0.481221 0.380281
0 0.887292 0.297472 0.223029 0.485691
4 0.492457 0.366676 0.236356 0.546389
4 0.16874 0.278288 0.33748 0.556576
4 0.435533 0.525535 0.414435 0.866443
1 0.930345 0.699728 0.13931 0.389584
0 0.386299 0.672749 0.263286 0.207016
0 0.0950383 0.526668 0.0534936 0.0346542
0 0.0945322 0.531061 0.0549724 0.0484497
0 0.326259 0.505128 0.0204202 0.0209845
3 0.00793963 0.392534 0.00831307 0.0247094
0 0.900979 0.138056 0.198041 0.276033
3 0.00766636 0.398533 0.00787102 0.0267655
0 0.00326504 0.740566 0.00653007 0.518867
0 0.0602323 0.439827 0.0135417 0.0302045
0 0.0895247 0.52348 0.0639474 0.0416151
2 0.094382 0.527155 0.0532241 0.0340567
3 0.0598216 0.443349 0.0113531 0.0283613
3 0.760796 0.190264 0.0116859 0.0412222
0 0.00419583 0.615918 0.00839167 0.633368
3 0.756582 0.191955 0.00558224 0.03403
0 0.106529 0.778813 0.213058 0.442374
0 0.00432988 0.257692 0.00865976 0.515384
3 0.648411 0.18878 0.0193874 0.0327026
0 0.784507 0.712096 0.430986 0.408818
0 0.246136 0.42549 0.492272 0.85098
0 0.744389 0.456056 0.206682 0.127049
2 0.236476 0.461361 0.472953 0.922722
0 0.902884 0.262009 0.194232 0.524018
1 0.1777 0.518367 0.0166907 0.0445337
3 0.011549 0.390961 0.0131233 0.0333255
0 0.00738142 0.792687 0.0147628 0.414625
3 0.207674 0.427292 0.00563126 0.0254652
0 0.00875792 0.427411 0.0175158 0.854822
0 0.0736459 0.540039 0.0246863 0.0629125
0 0.934121 0.415674 0.130908 0.144453
3 0.862763 0.234121 0.00769806 0.0406308
0 0.709734 0.460709 0.307136 0.297234
1 0.106405 0.781622 0.212809 0.436756
0 0.93271 0.142935 0.134581 0.28587
0 0.212292 0.343578 0.424585 0.687156
0 0.022734 0.790279 0.0454681 0.419441
0 0.273798 0.565811 0.0581707 0.0612511
3 0.769432 0.146026 0.0289159 0.0622621
3 0.210521 0.430203 0.00838623 0.0271974
0 0.0138689 0.439864 0.0277377 0.879729
0 0.611681 0.466477 0.645448 0.932955
0 0.227949 0.947354 0.315005 0.105292
0 0.330573 0.787306 0.523538 0.425388
0 0.710741 0.424387 0.337755 0.620409
4 0.177737 0.518767 0.0163069 0.0437797
0 0.324375 0.503594 0.0266234 0.0226333
3 0.75691 0.174267 0.00471668 0.0376636
0 0.329091 0.499625 0.658181 0.999249
0 0.850486 0.706767 0.299028 0.352797
0 0.709497 0.602049 0.486402 0.455388
1 0.992423 0.702003 0.0151535 0.446871
0 0.775712 0.776163 0.448576 0.447673
2 0.106405 0.781622 0.212809 0.436756
0 0.914645 0.156079 0.170709 0.312158
1 0.192701 0.729695 0.0333934 0.13771
4 0.190962 0.731603 0.0342771 0.134165
2 0.611681 0.466477 0.645448 0.932955
0 0.926484 0.816767 0.147031 0.366466
0 0.00729354 0.523892 0.014471 0.0297195
0 0.805548 0.503776 0.388904 0.521686
0 0.442497 0.273048 0.884995 0.546095
0 0.409741 0.766036 0.408207 0.467928
0 0.663026 0.423959 0.477428 0.847918
3 0.761908 0.221007 0.00861912 0.024606
0 0.225022 0.208649 0.450044 0.417297
0 0.116792 0.949821 0.0709657 0.0977664
0 0.249203 0.788547 0.424919 0.422906
0 0.683743 0.339119 0.389163 0.678239
4 0.00445694 0.21357 0.00891389 0.427141
3 0.0343999 0.344761 0.0178842 0.0488823
0 0.752513 0.467304 0.362629 0.228311
1 0.236476 0.461361 0.472953 0.922722
0 0.632979 0.833317 0.493124 0.333367
0 0.708272 0.551293 0.330593 0.393235
0 0.451057 0.790786 0.509183 0.418429
1 0.212292 0.343578 0.424585 0.687156
0 0.333212 0.329909 0.666424 0.659817
0 0.801824 0.486921 0.356263 0.240457
0 0.921484 0.741397 0.157032 0.405302
0 0.951618 0.294771 0.096764 0.55392
0 0.855724 0.87164 0.288551 0.256721
1 0.985752 0.790503 0.028496 0.418994
0 0.21437 0.478067 0.42874 0.956135
3 0.121956 0.755981 0.194884 0.393139
0 0.419714 0.659756 0.376469 0.301428
1 0.161061 0.487702 0.322123 0.975404
0 0.462563 0.41456 0.485548 0.82912
2 0.214487 0.273184 0.428974 0.546368
0 0.573655 0.302524 0.852691 0.605048
0 0.290867 0.836705 0.439842 0.32659
0 0.934459 0.790224 0.131081 0.419552
0 0.0939088 0.539981 0.0593353 0.0615949
2 0.00432988 0.257692 0.00865976 0.515384
0 0.757514 0.31306 0.365992 0.626121
0 0.468299 0.327776 0.936598 0.655552
0 0.78214 0.500504 0.12047 0.129496
3 0.463194 0.150168 0.0106436 0.07395
0 0.928874 0.136587 0.142253 0.273175
0 0.785664 0.845222 0.428671 0.309556
0 0.433687 0.727621 0.425011 0.361707
0 0.386616 0.410777 0.773232 0.821553
2 0.663026 0.423959 0.477428 0.847918
0 0.337598 0.613182 0.399113 0.503826
2 0.00419583 0.615918 0.00839167 0.633368
3 0.229049 0.383338 0.00878134 0.0265011
0 0.140375 0.520651 0.0484307 0.033926
0 0.775001 0.275934 0.449998 0.551868
1 0.902884 0.262009 0.194232 0.524018
0 0.722149 0.68591 0.539289 0.312571
1 0.0138689 0.439864 0.0277377 0.879729
3 0.892927 0.135957 0.214145 0.271913
1 0.914645 0.156079 0.170709 0.312158
0 0.211744 0.916565 0.275576 0.16687
0 0.880928 0.278866 0.238145 0.557731
1 0.989893 0.569755 0.0202141 0.443044
0 0.0960107 0.527304 0.0537892 0.03593
0 0.095339 0.531068 0.053915 0.0511418
0 0.90044 0.128277 0.19912 0.256554
0 0.0921732 0.541782 0.0636224 0.0640832
0 0.00444181 0.722374 0.00888361 0.555252
0 0.905186 0.280297 0.189629 0.560595
0 0.0809877 0.526582 0.0840272 0.046306
0 0.220359 0.22825 0.440719 0.4565
0 1 0.728814 0 0.542372
0 0.925812 0.131217 0.148377 0.262435
0 0.0084854 0.24553 0.0169708 0.49106
2 0.0957148 0.527615 0.0549167 0.0346187
0 0.00846492 0.534997 0.0169298 0.930006
0 0.581284 0.141024 0.48291 0.282049
0 0.816902 0.653708 0.366196 0.36913
0 0.962059 0.662864 0.0758819 0.403235
0 0.157297 0.301638 0.314593 0.603275
0 0.435097 0.650463 0.374345 0.252794
0 0.16956 0.768241 0.3169 0.463518
0 0.922431 0.666284 0.152314 0.351888
0 0.48294 0.448927 0.491013 0.74892
1 0.89945 0.132278 0.2011 0.264557
0 0.986766 0.664092 0.026469 0.489355
0 0.953345 0.794378 0.0933099 0.411244
0 0.106598 0.775719 0.213196 0.448562
0 0.681814 0.581398 0.0769086 0.0413671
0 0.0156276 0.535415 0.0283532 0.0241608
0 0.732014 0.469091 0.338533 0.345789
0 0.773107 0.556834 0.426333 0.413429
0 0.597402 0.231216 0.465373 0.462431
0 0.434727 0.754254 0.370201 0.491492
0 0.795256 0.431458 0.132311 0.0728448
0 0.020506 0.498389 0.0410121 0.996777
0 0.0170317 0.33534 0.0340633 0.670681
4 0.219022 0.525517 0.0132593 0.0253029
0 0.939463 0.298043 0.121075 0.596087
0 0.738314 0.830567 0.523372 0.338866
0 0.990707 0.738214 0.0185863 0.500059
0 0.962345 0.781745 0.0753105 0.43651
0 0.897698 0.535132 0.0521259 0.021862
0 0.808675 0.5518 0.382488 0.531763
3 0.106014 0.771531 0.205902 0.456938
0 0.62261 0.830642 0.508925 0.338717
0 0.319605 0.762512 0.459565 0.474976
0 0.602873 0.459023 0.666543 0.918045
0 0.543581 0.379296 0.599301 0.758593
0 0.035488 0.554451 0.0675984 0.0559487
3 1 0.11067 0 0.22134
0 0.494318 0.711938 0.505429 0.342339
0 0.366964 0.288237 0.733929 0.576474
0 0.000857118 0.767587 0.00171424 0.464825
0 0.243641 0.165692 0.487283 0.331384
0 0.753737 0.713506 0.492525 0.37311
0 0.870965 0.788239 0.25807 0.423522
0 0.466841 0.437623 0.933682 0.875247
0 0.964309 0.745378 0.071383 0.487544
0 0.0299897 0.473239 0.0599793 0.946478
0 0.751786 0.359622 0.363932 0.719244
2 0.897884 0.132907 0.204231 0.265814
0 0.97087 0.369727 0.0582605 0.633541
0 0.219276 0.5 0.382981 1
0 0.54976 0.667393 0.479499 0.276071
0 0.0963915 0.527461 0.0532604 0.0329199
3 0.647625 0.189105 0.0147223 0.0332436
0 0.0953689 0.531435 0.0550475 0.0464993
4 0.856547 0.386728 0.0290504 0.0493797
3 0.035285 0.33137 0.00978028 0.0253085
3 0.644976 0.205636 0.0224209 0.066487
1 0.191622 0.702005 0.0407076 0.198178
4 0.856078 0.395017 0.027215 0.0354943
3 0.170459 0.399196 0.00596066 0.0310205
3 0.648271 0.216635 0.0195625 0.0826896
3 0.0353535 0.339564 0.0120918 0.0363506
3 0.651327 0.210185 0.0125204 0.0718944
4 0.177197 0.52413 0.0140511 0.0365744
0 0.233699 0.192356 0.467397 0.384713
3 0.255279 0.423914 0.00435638 0.0222963
3 0.207637 0.4259 0.0041132 0.0278907
0 0.0958555 0.548466 0.0559423 0.0730986
3 0.088503 0.338798 0.0152901 0.0375834
0 0.919625 0.156778 0.16075 0.313556
0 0.892607 0.136143 0.214787 0.272286
0 0.892307 0.297303 0.215386 0.594606
0 0.57907 0.814773 0.5913 0.370453
0 0.02615 0.7354 0.0522999 0.529199
4 0.21831 0.525301 0.011019 0.0235678
0 0.489802 0.450083 0.979604 0.900166
0 0.300595 0.141175 0.60119 0.28235
0 0.907357 0.752618 0.185286 0.494765
0 0.478581 0.81247 0.568809 0.37506
3 0.21831 0.525301 0.011019 0.0235678
0 0.118249 0.778128 0.236499 0.443744
1 0.125479 0.541227 0.0361751 0.0462655
0 0.685303 0.812221 0.591267 0.375559
0 0.789511 0.434963 0.14066 0.0839017
0 0.180985 0.330404 0.36197 0.660808
0 0.922943 0.701866 0.154115 0.507692
3 0.00675605 0.400827 0.00587354 0.0252757
0 0.772398 0.432799 0.143873 0.0731993
0 0.124537 0.524175 0.0776883 0.0315944
0 0.191761 0.5 0.358993 1
3 0.0908571 0.33738 0.0103734 0.0379012
0 0.620877 0.517517 0.567002 0.621211
0 0.182044 0.226953 0.364087 0.453906
0 0.405104 0.370216 0.810208 0.740432
0 0.0724555 0.53984 0.0135201 0.0505998
3 0.228441 0.385128 0.00895863 0.0295587
0 0.252115 0.802808 0.50423 0.394383
0 0.00662268 0.524994 0.0115764 0.029792
0 0.776564 0.834786 0.446873 0.330427
0 0.577929 0.452308 0.670281 0.904617
3 0.0306464 0.353009 0.0251872 0.05914
0 0.354024 0.23176 0.708049 0.463521
0 0.469588 0.311447 0.911826 0.622895
0 0.628518 0.346965 0.742963 0.69393
0 0.323183 0.776584 0.562034 0.446833
0 0.189431 0.74097 0.110046 0.387731
0 0.501662 0.443018 0.600787 0.725309
0 0.776719 0.716414 0.446563 0.433463
0 0.509409 0.174018 0.851917 0.348037
3 0.00624356 0.51329 0.0106212 0.0369578
0 0.224397 0.778094 0.448794 0.443812
0 0.951435 0.660864 0.0971298 0.500105
0 0.387457 0.804432 0.526984 0.391137
0 0.916838 0.369604 0.166324 0.739207
0 0.850724 0.748826 0.298552 0.466209
0 0.385718 0.5 0.771435 1
2 0.385718 0.5 0.771435 1
0 0.809487 0.503798 0.370722 0.567337
0 0.295233 0.444472 0.590466 0.888943
0 0.609244 0.284553 0.781511 0.569106
3 0.0139044 0.38686 0.0108438 0.0397122
0 0.0894096 0.5 0.178819 1
0 0.316322 0.5 0.535922 1
0 0.599718 0.15919 0.800563 0.31838
1 0.177197 0.52413 0.0140511 0.0365744
0 0.221532 0.462146 0.443063 0.924291
0 0.0724614 0.814727 0.144923 0.370546
0 0.09634 0.525621 0.052945 0.0326538
0 0.096318 0.529686 0.0532988 0.0479606
0 0.32681 0.505434 0.0177868 0.0192245
0 0.103427 0.793522 0.205935 0.412955
0 0.28578 0.567283 0.0806971 0.0603223
0 0.266776 0.568392 0.0440724 0.050548
0 0.120617 0.524009 0.0908513 0.0336138
3 0.903955 0.138617 0.192091 0.271823
0 0.255325 0.507861 0.0308185 0.0229131
4 0.140653 0.475086 0.0234881 0.025226
4 0.856822 0.385238 0.0294907 0.0514105
0 0.738917 0.330278 0.522165 0.60367
0 0.215673 0.345236 0.431347 0.653188
1 0.0957698 0.524983 0.0526219 0.0334224
4 0.856445 0.392251 0.0273205 0.0411268
0 0.912761 0.765813 0.174479 0.468374
0 0.0873654 0.539271 0.0411183 0.0510712
3 1 0.242053 0 0.484107
0 0.243618 0.47827 0.487237 0.927171
0 0.661949 0.416518 0.676103 0.833036
0 0.504914 0.400653 0.529778 0.768995
0 0.11103 0.950024 0.0734383 0.0999518
0 0.297001 0.567841 0.102919 0.0762417
2 0.11103 0.950024 0.0734383 0.0999518
0 0.87787 0.811039 0.244261 0.377922
0 0.803916 0.128792 0.392168 0.257585
0 0.00730384 0.527343 0.0114005 0.0223665
0 0.732533 0.51915 0.468316 0.188234
0 0.151521 0.267471 0.303041 0.534942
3 0.103427 0.793522 0.205935 0.412955
0 0.59994 0.5 0.736649 1
0 0.612938 0.00614763 0.372845 0.0122953
0 0.787292 0.689419 0.425417 0.336161
0 0.888484 0.12419 0.223032 0.24838
0 0.774116 0.518188 0.451768 0.30578
2 0.0963377 0.527443 0.0531066 0.0325517
0 0.916721 0.296909 0.166558 0.593818
0 0.58827 0.539395 0.504589 0.298613
0 0.763692 0.158716 0.472617 0.317433
0 0.0943939 0.526515 0.0562462 0.0330362
2 0.0947856 0.529009 0.0576058 0.0346416
1 0.105793 0.764315 0.211586 0.471369
0 0.968388 0.772616 0.0632246 0.454768
0 0.0951225 0.533871 0.0560823 0.0418452
0 0.889952 0.298592 0.219465 0.597184
0 0.91354 0.806734 0.17292 0.386533
1 0.178671 0.520642 0.0208332 0.0401446
0 0.957279 0.724285 0.0854417 0.463475
0 0.958783 0.799204 0.0824348 0.401591
1 0.0947856 0.529009 0.0576058 0.0346416
0 0.525311 0.818643 0.589923 0.362714
0 0.299503 0.773233 0.599006 0.453534
0 0.240269 0.831423 0.480538 0.337154
0 0.126465 0.523412 0.115973 0.0403976
0 0.422941 0.817254 0.556693 0.365493
0 0.32015 0.81772 0.542938 0.36456
0 0.64346 0.819067 0.628434 0.361866
1 0.134754 0.677078 0.157922 0.292267
0 0.892204 0.118856 0.21552 0.237712
0 0.932155 0.30395 0.135691 0.574875
0 0.134754 0.677078 0.157922 0.292267
0 0.0179065 0.646883 0.0358129 0.312336
0 0.0182967 0.433647 0.0365935 0.584258
0 0.0474583 0.787889 0.0949167 0.424222
0 0.504153 0.377362 0.991695 0.754725
0 0.92497 0.401314 0.15006 0.566475
0 0.0948015 0.529429 0.0518682 0.0331922
0 0.103648 0.764872 0.207297 0.470256
3 0.649769 0.18779 0.0150446 0.0315923
4 0.142058 0.481238 0.0295847 0.0364161
4 0.150816 0.485059 0.0166258 0.0387427
0 0.0853286 0.527348 0.0720792 0.0386532
3 0.656419 0.223896 0.00683146 0.0513102
0 0.899535 0.26221 0.200929 0.52442
0 0.123097 0.274305 0.246194 0.54861
0 0.903346 0.143439 0.190515 0.286878
0 0.950413 0.780996 0.0991737 0.438008
3 0.101603 0.752966 0.203206 0.494068
0 0.903206 0.171003 0.193589 0.342007
0 0.0942434 0.538194 0.0549549 0.0511797
0 0.0587422 0.277276 0.117484 0.554553
0 0.735811 0.699257 0.528378 0.379876
0 0.122493 0.434077 0.244987 0.868154
0 0.0953728 0.528274 0.0515198 0.0319058
4 0.141615 0.479907 0.0284296 0.0326663
0 0.327398 0.505631 0.0153129 0.0186451
0 0.681077 0.580374 0.0770636 0.0375659
4 0.146517 0.484988 0.0250993 0.0395108
3 0.653137 0.227699 0.0113454 0.0586058
3 0.646757 0.18822 0.0183229 0.0324888
0 0.0954777 0.532653 0.0548131 0.0435756
0 0.00842827 0.520966 0.0166016 0.0347181
0 0.00776161 0.525721 0.0151134 0.0250784
4 0.178014 0.520102 0.0134529 0.0384628
3 0.327398 0.505631 0.0153129 0.0186451
1 0.177706 0.521166 0.013194 0.0417252
1 0.175246 0.522475 0.0146654 0.0437743
2 0.00776161 0.525721 0.0151134 0.0250784
0 0.324833 0.504969 0.0207421 0.0195956
4 0.145685 0.466878 0.0186603 0.0517546
0 0.467653 0.00507557 0.426441 0.0101511
0 0.681755 0.572324 0.077705 0.0555181
0 0.0138924 0.530001 0.027673 0.0224201
4 0.0538057 0.493864 0.0176704 0.0282461
0 0.0909383 0.525661 0.0641863 0.0361241
0 0.984149 0.771082 0.0317024 0.457836
0 0.266757 0.569938 0.0491212 0.0601807
3 0.645556 0.227363 0.0230406 0.0641619
0 0.0951352 0.545683 0.0547891 0.0616391
0 0.203819 0.431443 0.403314 0.862887
0 0.901765 0.285465 0.19647 0.570931
0 0.912223 0.196942 0.175553 0.393884
0 0.177706 0.521166 0.013194 0.0417252
