0 0.687988 0.744161 0.624024 0.473813
0 0.779625 0.770791 0.440751 0.425783
0 0.365776 0.797868 0.715666 0.380689
3 0.86805 0.742253 0.2639 0.515494
0 0.546284 0.737651 0.82829 0.491303
3 0.797026 0.717889 0.405949 0.564223
0 0.411388 0.746018 0.822775 0.476881
3 0.5 0.506251 1 0.987498
3 0.170658 0.434626 0.338853 0.849599
4 0.399147 0.796792 0.762412 0.384409
3 0.885301 0.628805 0.229397 0.71211
0 0.494387 0.571126 0.988773 0.820222
0 0.521559 0.807217 0.537828 0.365222
3 0.839395 0.768694 0.32121 0.462612
3 0.827608 0.634477 0.344784 0.726855
3 0.867148 0.513669 0.265704 0.894573
4 0.684659 0.762299 0.568799 0.446577
3 0.260997 0.5 0.515978 1
0 0.202667 0.727992 0.404524 0.367084
3 0.632769 0.49453 0.733607 0.989061
4 0.762854 0.786735 0.474293 0.407321
3 0.93192 0.794158 0.13616 0.411684
3 0.640433 0.756446 0.488088 0.487109
4 0.500442 0.49719 0.999116 0.975377
4 0.677474 0.618499 0.645052 0.720269
3 0.5 0.68528 1 0.592244
3 0.482336 0.346764 0.964672 0.654978
4 0.546284 0.737651 0.82829 0.491303
0 0.766463 0.678433 0.467074 0.624723
4 0.5747 0.781582 0.457811 0.411803
3 0.889886 0.394478 0.220228 0.761743
4 0.766463 0.678433 0.467074 0.624723
0 0.0420067 0.66566 0.0840135 0.361171
3 0.0290425 0.611925 0.0580849 0.303589
0 0.598278 0.782884 0.444236 0.412456
0 0.135378 0.63785 0.269768 0.196998
3 0.135378 0.63785 0.269768 0.196998
3 0.860304 0.155613 0.279392 0.311227
3 0.773754 0.738436 0.452491 0.482423
3 0.677474 0.618499 0.645052 0.720269
4 0.704378 0.732356 0.541511 0.535288
3 0.937579 0.507172 0.124842 0.947326
3 0.789524 0.226361 0.420951 0.452721
0 0.101957 0.650682 0.203913 0.17971
3 0.932482 0.755823 0.135036 0.488355
3 0.829129 0.189179 0.341742 0.378359
3 0.935314 0.369325 0.129372 0.722659
3 0.185807 0.835791 0.368666 0.328417
3 0.65109 0.728905 0.69782 0.506505
0 0.0290425 0.611925 0.0580849 0.303589
4 0.319452 0.818663 0.627487 0.362673
3 0.0420067 0.66566 0.0840135 0.361171
0 0.899505 0.213974 0.20099 0.427948
3 0.364049 0.276331 0.624629 0.552661
3 0.0401299 0.212134 0.0802598 0.424268
0 0.809816 0.515544 0.380369 0.943648
3 0.375228 0.12045 0.53372 0.2409
4 0.514622 0.313465 0.943176 0.587627
4 0.224432 0.822886 0.441487 0.354227
3 0.0462859 0.357089 0.0925718 0.714178
4 0.685344 0.445532 0.628741 0.88446
0 0.789524 0.226361 0.420951 0.452721
3 0.202667 0.727992 0.404524 0.367084
3 0.180012 0.636847 0.357319 0.217459
0 0.0401299 0.212134 0.0802598 0.424268
3 0.0370766 0.243354 0.0741531 0.486708
0 0.839395 0.768694 0.32121 0.462612
3 0.0621339 0.781725 0.124268 0.43655
4 0.765045 0.495143 0.469911 0.956349
3 0.126206 0.417947 0.252412 0.778304
3 0.24685 0.747301 0.491515 0.505398
0 0.677474 0.618499 0.645052 0.720269
3 0.479411 0.79354 0.639472 0.41292
0 0.829129 0.189179 0.341742 0.378359
3 0.44722 0.246488 0.609587 0.492976
3 0.139296 0.461161 0.276153 0.575346
3 0.286624 0.181036 0.535494 0.362072
3 0.941068 0.475568 0.117864 0.712987
3 0.557654 0.105448 0.498 0.210896
3 0.349552 0.657502 0.69271 0.666322
3 0.915174 0.265965 0.169652 0.53193
4 0.479411 0.79354 0.639472 0.41292
4 0.86805 0.742253 0.2639 0.515494
3 0.804083 0.16048 0.391834 0.320959
4 0.827608 0.634477 0.344784 0.726855
3 0.0824078 0.813924 0.164816 0.372152
3 0.388939 0.76172 0.768093 0.459859
3 0.926447 0.666202 0.147105 0.667596
3 0.579166 0.788382 0.486281 0.423236
4 0.146097 0.847059 0.292195 0.305882
3 0.319452 0.818663 0.627487 0.362673
3 0.161786 0.214671 0.323572 0.429343
3 0.0702917 0.85849 0.140583 0.28302
4 0.5 0.68528 1 0.592244
3 0.945605 0.581681 0.108789 0.718849
3 0.899505 0.213974 0.20099 0.427948
0 0.932482 0.755823 0.135036 0.488355
3 0.74611 0.496499 0.507779 0.985369
3 0.802155 0.337641 0.39569 0.669429
4 0.93192 0.794158 0.13616 0.411684
0 0.832788 0.711783 0.334423 0.570908
0 0.179666 0.82455 0.356612 0.3509
4 0.101957 0.650682 0.203913 0.17971
0 0.455473 0.116342 0.515122 0.232685
3 0.0319018 0.412313 0.0638036 0.708556
0 0.339996 0.133114 0.520052 0.266229
4 0.665419 0.303867 0.608913 0.589371
3 0.0279609 0.480003 0.0559217 0.58728
3 0.0705278 0.640653 0.14037 0.200063
4 0.939225 0.616536 0.121551 0.750407
0 0.302226 0.765863 0.60297 0.468274
3 0.665419 0.303867 0.608913 0.589371
0 0.252469 0.214571 0.486668 0.429143
4 0.932482 0.755823 0.135036 0.488355
0 0.557654 0.105448 0.498 0.210896
4 0.202667 0.727992 0.404524 0.367084
3 0.644496 0.101743 0.519318 0.203486
3 0.684659 0.762299 0.568799 0.446577
0 0.625946 0.492107 0.748107 0.974192
1 0.724851 0.770202 0.550299 0.436176
0 0.926447 0.666202 0.147105 0.667596
0 0.644496 0.101743 0.519318 0.203486
3 0.217593 0.298254 0.430681 0.591584
4 0.24685 0.747301 0.491515 0.505398
3 0.227098 0.227214 0.452955 0.454429
4 0.164431 0.768004 0.328862 0.463992
3 0.581916 0.247434 0.542661 0.494869
3 0.101957 0.650682 0.203913 0.17971
0 0.132973 0.846763 0.265945 0.306474
4 0.797026 0.717889 0.405949 0.564223
4 0.332801 0.75908 0.655461 0.47363
3 0.749907 0.13003 0.500186 0.26006
4 0.0702917 0.85849 0.140583 0.28302
4 0.839395 0.768694 0.32121 0.462612
4 0.31269 0.494364 0.620262 0.977019
1 0.800811 0.745983 0.398378 0.48529
0 0.190673 0.229137 0.381346 0.458273
4 0.160458 0.424658 0.317787 0.838474
1 0.521559 0.807217 0.537828 0.365222
4 0.885301 0.628805 0.229397 0.71211
3 0.164431 0.768004 0.328862 0.463992
3 0.129954 0.178012 0.259909 0.356023
0 0.749907 0.13003 0.500186 0.26006
0 0.23956 0.291105 0.477117 0.556088
4 0.0420067 0.66566 0.0840135 0.361171
0 0.0705278 0.640653 0.14037 0.200063
4 0.899505 0.213974 0.20099 0.427948
0 0.947466 0.515471 0.105069 0.537891
4 0.766237 0.309466 0.467527 0.608537
1 0.22321 0.816079 0.442177 0.367842
0 0.818853 0.736266 0.362294 0.527469
0 0.0279609 0.480003 0.0559217 0.58728
4 0.915174 0.265965 0.169652 0.53193
0 0.640433 0.756446 0.488088 0.487109
0 0.915174 0.265965 0.169652 0.53193
0 0.93192 0.794158 0.13616 0.411684
3 0.726393 0.1682 0.543427 0.332518
4 0.11853 0.417897 0.23706 0.695785
0 0.0702917 0.85849 0.140583 0.28302
4 0.935314 0.369325 0.129372 0.722659
0 0.0319018 0.412313 0.0638036 0.708556
4 0.23956 0.291105 0.477117 0.556088
3 0.126675 0.224273 0.25335 0.443805
4 0.867148 0.513669 0.265704 0.894573
0 0.675006 0.384251 0.648344 0.762929
0 0.180012 0.636847 0.357319 0.217459
4 0.829129 0.189179 0.341742 0.378359
4 0.0319018 0.412313 0.0638036 0.708556
0 0.804083 0.16048 0.391834 0.320959
4 0.135378 0.63785 0.269768 0.196998
0 0.766237 0.309466 0.467527 0.608537
3 0.132973 0.846763 0.265945 0.306474
0 0.0333474 0.231775 0.0666947 0.46355
0 0.934394 0.289119 0.131211 0.578237
4 0.0290425 0.611925 0.0580849 0.303589
4 0.0695951 0.743429 0.13919 0.513141
4 0.0824078 0.813924 0.164816 0.372152
4 0.0401299 0.212134 0.0802598 0.424268
3 0.521559 0.807217 0.537828 0.365222
0 0.937579 0.507172 0.124842 0.947326
1 0.399632 0.79686 0.794506 0.379804
3 0.104861 0.553507 0.209722 0.377508
4 0.44722 0.246488 0.609587 0.492976
0 0.941068 0.475568 0.117864 0.712987
4 0.0333474 0.231775 0.0666947 0.46355
1 0.717867 0.274685 0.564267 0.536193
0 0.129954 0.178012 0.259909 0.356023
2 0.283958 0.774424 0.564091 0.451152
4 0.0462859 0.357089 0.0925718 0.714178
4 0.126675 0.224273 0.25335 0.443805
0 0.479411 0.79354 0.639472 0.41292
4 0.581916 0.247434 0.542661 0.494869
4 0.860304 0.155613 0.279392 0.311227
4 0.0279609 0.480003 0.0559217 0.58728
0 0.514622 0.313465 0.943176 0.587627
2 0.802155 0.337641 0.39569 0.669429
4 0.889886 0.394478 0.220228 0.761743
4 0.455473 0.116342 0.515122 0.232685
4 0.349552 0.657502 0.69271 0.666322
4 0.804083 0.16048 0.391834 0.320959
4 0.0705278 0.640653 0.14037 0.200063
2 0.260997 0.5 0.515978 1
1 0.675006 0.384251 0.648344 0.762929
0 0.164431 0.768004 0.328862 0.463992
0 0.888365 0.540277 0.223269 0.623448
4 0.557654 0.105448 0.498 0.210896
2 0.405412 0.303286 0.785034 0.606572
4 0.104861 0.553507 0.209722 0.377508
0 0.0695951 0.743429 0.13919 0.513141
4 0.789524 0.226361 0.420951 0.452721
0 0.0824078 0.813924 0.164816 0.372152
0 0.349552 0.657502 0.69271 0.666322
2 0.5747 0.781582 0.457811 0.411803
0 0.139296 0.461161 0.276153 0.575346
4 0.726393 0.1682 0.543427 0.332518
4 0.941068 0.475568 0.117864 0.712987
1 0.283958 0.774424 0.564091 0.451152
4 0.339996 0.133114 0.520052 0.266229
0 0.867148 0.513669 0.265704 0.894573
1 0.464916 0.324311 0.929831 0.616763
4 0.180012 0.636847 0.357319 0.217459
4 0.644496 0.101743 0.519318 0.203486
2 0.388939 0.76172 0.768093 0.459859
1 0.839395 0.768694 0.32121 0.462612
2 0.804083 0.16048 0.391834 0.320959
4 0.947466 0.515471 0.105069 0.537891
1 0.655387 0.722789 0.689227 0.527591
2 0.272184 0.293409 0.512581 0.575966
0 0.702301 0.257837 0.595398 0.502795
0 0.30708 0.2971 0.534811 0.594199
1 0.202071 0.257274 0.397854 0.498742
2 0.581916 0.247434 0.542661 0.494869
1 0.228448 0.502179 0.452214 0.995641
0 0.31269 0.494364 0.620262 0.977019
0 0.726393 0.1682 0.543427 0.332518
3 0.697638 0.217833 0.567527 0.431231
2 0.685385 0.737592 0.62923 0.4928
4 0.286624 0.181036 0.535494 0.362072
0 0.860304 0.155613 0.279392 0.311227
2 0.934394 0.289119 0.131211 0.578237
4 0.227098 0.227214 0.452955 0.454429
4 0.183197 0.25514 0.364393 0.507307
4 0.129954 0.178012 0.259909 0.356023
2 0.126675 0.224273 0.25335 0.443805
2 0.932482 0.755823 0.135036 0.488355
1 0.551066 0.499212 0.897868 0.987584
4 0.364049 0.276331 0.624629 0.552661
4 0.161786 0.214671 0.323572 0.429343
0 0.44722 0.246488 0.609587 0.492976
2 0.947466 0.515471 0.105069 0.537891
0 0.746712 0.734142 0.466785 0.531717
4 0.697638 0.217833 0.567527 0.431231
2 0.44722 0.246488 0.609587 0.492976
4 0.732666 0.113617 0.524432 0.227234
0 0.162954 0.241251 0.325908 0.482503
0 0.160458 0.424658 0.317787 0.838474
0 0.0462859 0.357089 0.0925718 0.714178
1 0.629449 0.287314 0.511392 0.55187
2 0.704378 0.732356 0.541511 0.535288
2 0.22321 0.816079 0.442177 0.367842
1 0.240863 0.303533 0.469732 0.596627
2 0.717867 0.274685 0.564267 0.536193
1 0.827608 0.634477 0.344784 0.726855
1 0.170658 0.434626 0.338853 0.849599
2 0.795207 0.776312 0.409586 0.42057
2 0.926447 0.666202 0.147105 0.667596
1 0.932482 0.755823 0.135036 0.488355
1 0.939225 0.616536 0.121551 0.750407
2 0.180012 0.636847 0.357319 0.217459
0 0.104861 0.553507 0.209722 0.377508
1 0.743503 0.16306 0.512994 0.32363
2 0.93192 0.794158 0.13616 0.411684
2 0.546284 0.737651 0.82829 0.491303
2 0.135378 0.63785 0.269768 0.196998
2 0.376314 0.5 0.742567 1
2 0.183197 0.25514 0.364393 0.507307
2 0.899505 0.213974 0.20099 0.427948
2 0.644496 0.101743 0.519318 0.203486
2 0.941068 0.475568 0.117864 0.712987
0 0.889886 0.394478 0.220228 0.761743
2 0.375228 0.12045 0.53372 0.2409
2 0.557654 0.105448 0.498 0.210896
2 0.227098 0.227214 0.452955 0.454429
0 0.581916 0.247434 0.542661 0.494869
2 0.915174 0.265965 0.169652 0.53193
2 0.789524 0.226361 0.420951 0.452721
2 0.76551 0.610147 0.46898 0.749546
2 0.494387 0.571126 0.988773 0.820222
1 0.319452 0.818663 0.627487 0.362673
2 0.132973 0.846763 0.265945 0.306474
2 0.0333474 0.231775 0.0666947 0.46355
2 0.749907 0.13003 0.500186 0.26006
2 0.937579 0.507172 0.124842 0.947326
2 0.286624 0.181036 0.535494 0.362072
2 0.319452 0.818663 0.627487 0.362673
2 0.129954 0.178012 0.259909 0.356023
1 0.934394 0.289119 0.131211 0.578237
2 0.0401299 0.212134 0.0802598 0.424268
2 0.0702917 0.85849 0.140583 0.28302
1 0.598278 0.782884 0.444236 0.412456
0 0.171778 0.266139 0.343555 0.532279
0 0.199321 0.566846 0.100165 0.0905379
0 0.523685 0.523987 0.0416663 0.0882488
0 0.121544 0.570986 0.113413 0.0806824
0 0.158253 0.567442 0.185631 0.0901616
0 0.0252102 0.511523 0.0498599 0.111918
0 0.0230282 0.519696 0.0458464 0.0855996
0 0.128074 0.560836 0.22768 0.0944844
0 0.691223 0.264068 0.42434 0.528137
0 0.76901 0.231036 0.446936 0.462071
0 0.595166 0.261535 0.422496 0.52307
0 0.831607 0.483437 0.305518 0.39185
0 0.203958 0.327137 0.406973 0.654273
0 0.940934 0.470813 0.114267 0.436813
1 0.934882 0.473009 0.130236 0.428553
0 0.916242 0.470791 0.163189 0.426896
2 0.940934 0.470813 0.114267 0.436813
0 0.757923 0.543238 0.132645 0.212412
0 0.172204 0.589417 0.306994 0.153864
0 0.783709 0.547294 0.180635 0.220031
0 0.791725 0.48284 0.217633 0.373691
0 0.130325 0.572659 0.258627 0.0902532
0 0.823706 0.554478 0.143687 0.217668
0 0.648758 0.524445 0.0934372 0.183733
0 0.0355496 0.644569 0.0710991 0.212476
0 0.183022 0.651744 0.321206 0.268682
0 0.761798 0.341588 0.465843 0.683176
0 0.0258418 0.54023 0.0513583 0.187205
0 0.452765 0.501333 0.0854346 0.115435
0 0.601225 0.517457 0.129412 0.169622
0 0.451889 0.485905 0.167768 0.135485
0 0.810271 0.301454 0.379459 0.602908
0 0.496679 0.513283 0.0911303 0.100166
0 0.12885 0.550515 0.127722 0.119339
0 0.817149 0.196055 0.365369 0.39211
0 0.694515 0.528271 0.446401 0.115231
4 0.940934 0.470813 0.114267 0.436813
1 0.0355496 0.644569 0.0710991 0.212476
0 0.931585 0.535469 0.133652 0.294277
0 0.0584032 0.504634 0.116806 0.13578
0 0.566087 0.513569 0.326167 0.10246
0 0.550924 0.526871 0.101811 0.0962355
0 0.993957 0.490107 0.0120866 0.403942
2 0.916242 0.470791 0.163189 0.426896
2 0.694515 0.528271 0.446401 0.115231
3 0.916547 0.432703 0.166906 0.551565
0 0.366354 0.543169 0.424526 0.812929
1 0.0409665 0.685463 0.081933 0.465863
0 0.544453 0.757282 0.911094 0.451176
0 0.704062 0.497068 0.421555 0.215646
3 0.864847 0.330565 0.270307 0.661131
3 0.476402 0.26386 0.356052 0.527719
0 0.246932 0.663011 0.360183 0.284822
2 0.993957 0.490107 0.0120866 0.403942
2 0.193628 0.281177 0.387255 0.562353
4 0.916242 0.470791 0.163189 0.426896
3 0.167213 0.304957 0.334425 0.609915
4 0.831607 0.483437 0.305518 0.39185
0 0.760191 0.179023 0.479619 0.358046
0 0.144359 0.547214 0.233361 0.123692
3 0.0344995 0.639742 0.0689991 0.196016
0 0.274639 0.0680259 0.549279 0.136052
3 0.132437 0.546534 0.262281 0.136986
3 0.947611 0.686263 0.103499 0.610927
0 0.530132 0.277368 0.347724 0.554736
3 0.262265 0.349747 0.479858 0.566504
0 0.493357 0.760783 0.464347 0.478435
0 0.0409665 0.685463 0.081933 0.465863
1 0.836588 0.487479 0.319519 0.382442
2 0.831339 0.477313 0.303172 0.404603
0 0.99855 0.69507 0.00289936 0.586841
4 0.193628 0.281177 0.387255 0.562353
3 0.79862 0.481185 0.243556 0.324671
2 0.795331 0.473533 0.218248 0.373426
1 0.890282 0.480923 0.217972 0.413947
0 0.177147 0.188379 0.354294 0.376759
4 0.424473 0.835642 0.840134 0.328717
2 0.566087 0.513569 0.326167 0.10246
3 0.816725 0.217775 0.366549 0.43555
1 0.993957 0.490107 0.0120866 0.403942
0 0.0431701 0.549034 0.0863401 0.14468
2 0.704062 0.497068 0.421555 0.215646
0 0.476402 0.26386 0.356052 0.527719
3 0.828304 0.765125 0.343391 0.434546
0 0.569367 0.0988218 0.560412 0.197644
4 0.993957 0.490107 0.0120866 0.403942
4 0.235185 0.766441 0.465382 0.467117
0 0.659573 0.052629 0.595047 0.105258
4 0.76901 0.231036 0.446936 0.462071
2 0.13137 0.548031 0.243994 0.130197
0 0.365858 0.760238 0.722043 0.479524
4 0.812388 0.322423 0.374362 0.644847
0 0.802672 0.516735 0.291714 0.36631
3 0.929593 0.470892 0.140814 0.43023
4 0.192483 0.529127 0.331873 0.108397
3 0.323406 0.313563 0.624358 0.627125
3 0.852947 0.804746 0.294107 0.390508
3 0.946459 0.478682 0.101389 0.415169
0 0.314076 0.16383 0.600402 0.327659
3 0.712946 0.479925 0.364424 0.325699
3 0.719362 0.772355 0.5341 0.45529
0 0.733881 0.65641 0.478891 0.588378
0 0.737773 0.118531 0.524454 0.237062
0 0.18094 0.109798 0.361881 0.219597
0 0.461424 0.436661 0.207379 0.239307
3 0.804053 0.775966 0.380453 0.448068
3 0.5 0.604416 1 0.791169
4 0.817149 0.196055 0.365369 0.39211
0 0.265345 0.54052 0.0638679 0.0474772
4 0.0355496 0.644569 0.0710991 0.212476
4 0.144359 0.547214 0.233361 0.123692
3 0.337102 0.397249 0.328127 0.57832
0 0.998596 0.801233 0.00280876 0.397533
4 0.795331 0.473533 0.218248 0.373426
4 0.481793 0.758321 0.748319 0.465331
3 0.732407 0.284608 0.511534 0.569216
1 0.931585 0.535469 0.133652 0.294277
0 0.439557 0.165415 0.649154 0.33083
3 0.364371 0.179053 0.66389 0.358107
4 0.0431701 0.549034 0.0863401 0.14468
2 0.556865 0.440381 0.290039 0.244464
2 0.128074 0.560836 0.22768 0.0944844
0 0.337102 0.397249 0.328127 0.57832
2 0.0431701 0.549034 0.0863401 0.14468
4 0.625016 0.759056 0.69354 0.473127
3 0.0431701 0.549034 0.0863401 0.14468
2 0.931585 0.535469 0.133652 0.294277
3 0.544453 0.757282 0.911094 0.451176
3 0.235185 0.766441 0.465382 0.467117
3 0.424473 0.835642 0.840134 0.328717
3 0.461424 0.436661 0.207379 0.239307
4 0.657402 0.259533 0.38389 0.519066
1 0.323047 0.833567 0.641794 0.332866
0 0.0685235 0.492411 0.133119 0.213605
2 0.744787 0.247765 0.477327 0.49553
4 0.802672 0.516735 0.291714 0.36631
0 0.0296334 0.638655 0.0592669 0.268603
0 0.0598399 0.532739 0.11968 0.163195
3 0.615093 0.819465 0.627736 0.36107
1 0.998596 0.801233 0.00280876 0.397533
2 0.236465 0.752923 0.469618 0.494154
4 0.732407 0.284608 0.511534 0.569216
4 0.905528 0.808939 0.188943 0.382122
4 0.755322 0.762336 0.426563 0.443098
4 0.866667 0.809585 0.266666 0.38083
1 0.127965 0.736303 0.255931 0.527393
3 0.935185 0.30811 0.129629 0.616219
4 0.994964 0.812986 0.0100727 0.374027
3 0.260921 0.368018 0.521842 0.736036
1 0.207245 0.759416 0.413953 0.481168
3 0.795376 0.260965 0.409249 0.521929
3 0.911443 0.263016 0.177114 0.526032
0 0.821561 0.319361 0.356878 0.638722
3 0.72416 0.744626 0.551679 0.449241
3 0.993957 0.490107 0.0120866 0.403942
4 0.795376 0.260965 0.409249 0.521929
3 0.994964 0.812986 0.0100727 0.374027
0 0.0330232 0.165146 0.0660464 0.330291
3 0.718962 0.672352 0.562075 0.402561
0 0.712946 0.479925 0.364424 0.325699
4 0.476402 0.26386 0.356052 0.527719
4 0.733881 0.65641 0.478891 0.588378
0 0.652411 0.599828 0.103236 0.0561435
0 0.192483 0.529127 0.331873 0.108397
4 0.828304 0.765125 0.343391 0.434546
3 0.599331 0.658645 0.792737 0.375378
3 0.246932 0.663011 0.360183 0.284822
2 0.817149 0.196055 0.365369 0.39211
4 0.254859 0.849741 0.503897 0.300518
3 0.0290319 0.224852 0.0580637 0.449704
1 0.810271 0.301454 0.379459 0.602908
3 0.566087 0.513569 0.326167 0.10246
3 0.0286368 0.554841 0.0572735 0.198445
0 0.942695 0.581548 0.114418 0.224904
3 0.0306249 0.609346 0.0612497 0.267574
4 0.615093 0.819465 0.627736 0.36107
2 0.172204 0.589417 0.306994 0.153864
4 0.295565 0.489273 0.329395 0.204247
0 0.260921 0.368018 0.521842 0.736036
2 0.333858 0.374412 0.330514 0.541043
3 0.88487 0.823054 0.230259 0.353892
4 0.99855 0.69507 0.00289936 0.586841
1 0.286785 0.771926 0.569438 0.456148
4 0.50198 0.804547 0.735951 0.390905
3 0.482127 0.527662 0.822822 0.811138
3 0.99855 0.69507 0.00289936 0.586841
3 0.340675 0.845956 0.672067 0.308088
0 0.709625 0.765557 0.58075 0.446136
2 0.334479 0.56075 0.352119 0.733967
3 0.177147 0.188379 0.354294 0.376759
2 0.0355496 0.644569 0.0710991 0.212476
4 0.694515 0.528271 0.446401 0.115231
1 0.220046 0.63702 0.437087 0.210737
4 0.760191 0.179023 0.479619 0.358046
4 0.274639 0.0680259 0.549279 0.136052
2 0.170123 0.631343 0.336007 0.219114
4 0.566087 0.513569 0.326167 0.10246
2 0.99855 0.69507 0.00289936 0.586841
2 0.262265 0.349747 0.479858 0.566504
0 0.5 0.604416 1 0.791169
0 0.821304 0.796071 0.357393 0.395088
4 0.599331 0.658645 0.792737 0.375378
4 0.712946 0.479925 0.364424 0.325699
4 0.556865 0.440381 0.290039 0.244464
3 0.132038 0.240872 0.264076 0.481744
4 0.303169 0.123087 0.570097 0.246174
2 0.699357 0.298203 0.421151 0.596406
2 0.998596 0.801233 0.00280876 0.397533
4 0.719362 0.772355 0.5341 0.45529
0 0.911443 0.263016 0.177114 0.526032
3 0.451889 0.485905 0.167768 0.135485
2 0.451889 0.485905 0.167768 0.135485
0 0.273039 0.298017 0.449896 0.501001
4 0.659573 0.052629 0.595047 0.105258
4 0.911443 0.263016 0.177114 0.526032
4 0.493357 0.760783 0.464347 0.478435
3 0.905528 0.808939 0.188943 0.382122
2 0.642805 0.803177 0.68477 0.393645
2 0.994964 0.812986 0.0100727 0.374027
3 0.760191 0.179023 0.479619 0.358046
4 0.246932 0.663011 0.360183 0.284822
3 0.556191 0.759963 0.557979 0.47257
4 0.539485 0.263237 0.36734 0.526475
4 0.257697 0.3201 0.480089 0.640199
4 0.718962 0.672352 0.562075 0.402561
4 0.0286368 0.554841 0.0572735 0.198445
3 0.217072 0.638147 0.27739 0.252583
1 0.947611 0.686263 0.103499 0.610927
0 0.556865 0.440381 0.290039 0.244464
0 0.278744 0.539536 0.0881517 0.0443595
3 0.295565 0.489273 0.329395 0.204247
0 0.994964 0.812986 0.0100727 0.374027
4 0.804053 0.775966 0.380453 0.448068
3 0.574304 0.249802 0.416655 0.499605
3 0.0330232 0.165146 0.0660464 0.330291
0 0.999019 0.778411 0.00196133 0.435661
3 0.720292 0.0787259 0.557661 0.157452
0 0.755322 0.762336 0.426563 0.443098
4 0.5 0.604416 1 0.791169
2 0.0286368 0.554841 0.0572735 0.198445
3 0.569367 0.0988218 0.560412 0.197644
1 0.615093 0.819465 0.627736 0.36107
4 0.569367 0.0988218 0.560412 0.197644
3 0.821561 0.319361 0.356878 0.638722
4 0.821561 0.319361 0.356878 0.638722
4 0.737773 0.118531 0.524454 0.237062
4 0.947611 0.686263 0.103499 0.610927
3 0.366354 0.543169 0.424526 0.812929
1 0.756516 0.195784 0.479315 0.391568
3 0.812388 0.322423 0.374362 0.644847
1 0.827232 0.794181 0.345536 0.388268
4 0.931585 0.535469 0.133652 0.294277
4 0.0775044 0.29642 0.155009 0.59284
1 0.0296334 0.638655 0.0592669 0.268603
2 0.518394 0.252653 0.348389 0.505306
4 0.72416 0.744626 0.551679 0.449241
4 0.337102 0.397249 0.328127 0.57832
4 0.837119 0.790733 0.325762 0.418535
3 0.50198 0.804547 0.735951 0.390905
1 0.00596578 0.800174 0.0119316 0.399651
4 0.704062 0.497068 0.421555 0.215646
0 0.0775044 0.29642 0.155009 0.59284
2 0.192483 0.529127 0.331873 0.108397
1 0.733881 0.65641 0.478891 0.588378
4 0.439557 0.165415 0.649154 0.33083
3 0.00757479 0.861179 0.0151496 0.277641
0 0.482127 0.527662 0.822822 0.811138
1 0.814954 0.63858 0.363336 0.668334
3 0.127965 0.736303 0.255931 0.527393
1 0.99855 0.69507 0.00289936 0.586841
3 0.733881 0.65641 0.478891 0.588378
2 0.733881 0.65641 0.478891 0.588378
4 0.366354 0.543169 0.424526 0.812929
3 0.694515 0.528271 0.446401 0.115231
3 0.0775044 0.29642 0.155009 0.59284
4 0.864847 0.330565 0.270307 0.661131
4 0.999019 0.778411 0.00196133 0.435661
4 0.0284503 0.429073 0.0569006 0.393715
2 0.718962 0.672352 0.562075 0.402561
0 0.200779 0.838578 0.401558 0.322844
0 0.814954 0.63858 0.363336 0.668334
1 0.174498 0.295945 0.348997 0.59189
4 0.482127 0.527662 0.822822 0.811138
1 0.947066 0.475347 0.105869 0.442778
1 0.0431701 0.549034 0.0863401 0.14468
1 0.916547 0.432703 0.166906 0.551565
3 0.18094 0.109798 0.361881 0.219597
3 0.636974 0.0718278 0.557406 0.143656
0 0.207245 0.759416 0.413953 0.481168
1 0.654268 0.775725 0.691464 0.429995
1 0.999019 0.778411 0.00196133 0.435661
3 0.831607 0.483437 0.305518 0.39185
1 0.718962 0.672352 0.562075 0.402561
3 0.170123 0.631343 0.336007 0.219114
3 0.380357 0.759373 0.728033 0.481254
2 0.461424 0.436661 0.207379 0.239307
3 0.814954 0.63858 0.363336 0.668334
3 0.755322 0.762336 0.426563 0.443098
1 0.518394 0.252653 0.348389 0.505306
4 0.451889 0.485905 0.167768 0.135485
0 0.261218 0.549581 0.0321306 0.0366009
0 0.202213 0.558218 0.0850029 0.0580623
3 0.594827 0.445098 0.00561867 0.0731607
3 0.523599 0.524975 0.0396187 0.0905077
0 0.26027 0.470047 0.0368522 0.205095
1 0.972486 0.305896 0.055028 0.611792
1 0.972266 0.189623 0.0554684 0.379247
3 0.157984 0.495038 0.00761075 0.0242947
2 0.972266 0.189623 0.0554684 0.379247
3 0.304401 0.388556 0.0107156 0.0398544
0 0.295817 0.538291 0.0229975 0.0232495
3 0.463752 0.447379 0.0182885 0.0487878
3 0.306884 0.402214 0.0132753 0.0609794
3 0.593881 0.472205 0.00546465 0.120992
2 0.689994 0.30407 0.620013 0.60814
0 0.958584 0.209819 0.0828314 0.419639
3 0.687643 0.4094 0.0160633 0.0980536
3 0.667438 0.565456 0.665125 0.869088
2 0.972486 0.305896 0.055028 0.611792
0 0.276697 0.53921 0.0625196 0.0324402
2 0.974234 0.122157 0.0515317 0.244314
1 0.974234 0.122157 0.0515317 0.244314
0 0.949007 0.332169 0.101986 0.664337
2 0.125921 0.56137 0.237197 0.544699
1 0.667438 0.565456 0.665125 0.869088
1 0.960581 0.362063 0.0788371 0.724125
0 0.379565 0.273313 0.744638 0.517798
0 0.464576 0.901554 0.918479 0.196893
0 0.606037 0.509896 0.787926 0.980208
0 0.974234 0.122157 0.0515317 0.244314
0 0.260193 0.552649 0.0324856 0.0516908
2 0.426766 0.263829 0.853531 0.527659
3 0.755231 0.812553 0.489539 0.350881
0 0.361855 0.505109 0.72371 0.989781
0 0.15452 0.844303 0.309041 0.311395
2 0.465114 0.0726761 0.371526 0.145352
0 0.00723072 0.811239 0.0144614 0.377521
2 0.874764 0.0423339 0.250473 0.0846678
0 0.426766 0.263829 0.853531 0.527659
3 0.448819 0.660446 0.897637 0.679109
2 0.911313 0.0435475 0.177373 0.087095
2 0.548386 0.236219 0.903228 0.472439
0 0.197218 0.5 0.394436 1
4 0.755231 0.812553 0.489539 0.350881
3 0.974234 0.122157 0.0515317 0.244314
0 0.932071 0.261379 0.135858 0.522758
0 0.135935 0.5 0.27187 1
2 0.477259 0.127366 0.456215 0.254732
4 0.518204 0.823213 0.963593 0.331258
0 0.422936 0.906186 0.845872 0.187628
2 0.630387 0.811611 0.715135 0.353767
4 0.974234 0.122157 0.0515317 0.244314
4 0.949007 0.332169 0.101986 0.664337
2 0.670293 0.562765 0.659414 0.87447
3 0.602337 0.839368 0.795325 0.321264
0 0.374943 0.403158 0.739398 0.806316
3 0.843136 0.831297 0.313728 0.337406
1 0.217254 0.230026 0.425958 0.460052
2 0.209823 0.21201 0.419645 0.424021
2 0.960581 0.362063 0.0788371 0.724125
0 0.689994 0.30407 0.620013 0.60814
4 0.589254 0.520743 0.821492 0.958513
4 0.793844 0.849391 0.412313 0.301218
3 0.0138248 0.356376 0.0276496 0.712753
3 0.51231 0.858021 0.975379 0.283958
2 0.958584 0.209819 0.0828314 0.419639
0 0.866726 0.41049 0.266548 0.82098
0 0.729685 0.0667018 0.540631 0.133404
0 0.108671 0.5 0.217343 1
4 0.218121 0.222309 0.436241 0.444618
0 0.965629 0.820497 0.068741 0.359006
2 0.217254 0.230026 0.425958 0.460052
3 0.497588 0.681015 0.94104 0.476687
2 0.00723072 0.811239 0.0144614 0.377521
3 0.594928 0.438477 0.00378771 0.0629891
0 0.44348 0.48771 0.886959 0.975421
3 0.422117 0.514491 0.844235 0.971017
4 0.903829 0.830017 0.192343 0.339967
4 0.630387 0.811611 0.715135 0.353767
0 0.633701 0.388813 0.732598 0.777626
0 0.5 0.853833 1 0.292334
1 0.437828 0.905225 0.875656 0.189551
2 0.815538 0.0540322 0.368925 0.108064
0 0.385493 0.920416 0.770987 0.159168
2 0.593856 0.13994 0.55607 0.27988
0 0.815538 0.0540322 0.368925 0.108064
2 0.932071 0.261379 0.135858 0.522758
0 0.477064 0.866176 0.954127 0.267648
2 0.729685 0.0667018 0.540631 0.133404
4 0.476671 0.70827 0.953343 0.583461
0 0.713114 0.5 0.573772 1
4 0.972266 0.189623 0.0554684 0.379247
0 0.668781 0.430709 0.662437 0.861418
3 0.680211 0.733229 0.639578 0.533542
0 0.273464 0.546264 0.0572649 0.0394767
0 0.874764 0.0423339 0.250473 0.0846678
0 0.153884 0.727597 0.307768 0.544807
0 0.262845 0.545933 0.0327785 0.0491044
3 0.793844 0.849391 0.412313 0.301218
0 0.548386 0.236219 0.903228 0.472439
4 0.00906752 0.43188 0.018135 0.863759
0 0.125921 0.56137 0.237197 0.544699
0 0.209823 0.21201 0.419645 0.424021
3 0.255211 0.711442 0.507401 0.577116
4 0.551649 0.724742 0.896703 0.437425
3 0.429042 0.375983 0.858084 0.751966
1 0.440058 0.373481 0.880116 0.746961
4 0.245277 0.789026 0.490555 0.421949
4 0.015235 0.530404 0.0304699 0.939191
4 0.977956 0.829812 0.0440882 0.340377
1 0.310706 0.243485 0.616755 0.48697
1 0.589254 0.520743 0.821492 0.958513
1 0.207894 0.254833 0.403792 0.509666
1 0.426766 0.263829 0.853531 0.527659
4 0.861616 0.840564 0.276768 0.318872
4 0.385493 0.920416 0.770987 0.159168
3 0.125649 0.670456 0.240387 0.518678
4 0.748631 0.510117 0.502738 0.979767
3 0.719131 0.415972 0.561738 0.831944
3 0.247652 0.904607 0.495304 0.190786
3 0.938905 0.087688 0.122189 0.175376
0 1 0.339455 0 0.67891
4 0.504983 0.889179 0.948331 0.221642
4 0.954646 0.537192 0.0907084 0.924721
4 0.426766 0.263829 0.853531 0.527659
4 0.00723072 0.811239 0.0144614 0.377521
4 0.0138248 0.356376 0.0276496 0.712753
4 0.935677 0.471213 0.128646 0.911863
2 0.303859 0.173254 0.572405 0.346508
1 0.502431 0.530959 0.930276 0.938081
0 0.222138 0.266799 0.444276 0.517178
0 0.94394 0.803202 0.112121 0.393596
3 0.317607 0.605016 0.0127939 0.0291099
3 0.54469 0.441454 0.003685 0.0318758
4 0.958584 0.209819 0.0828314 0.419639
3 0.972266 0.189623 0.0554684 0.379247
1 0.925322 0.446745 0.149356 0.89349
2 0.719131 0.415972 0.561738 0.831944
4 0.695826 0.6097 0.608347 0.780599
3 0.589254 0.520743 0.821492 0.958513
0 0.427056 0.87548 0.853824 0.249041
2 0.755231 0.812553 0.489539 0.350881
4 0.0402843 0.5 0.0805686 1
0 0.911313 0.0435475 0.177373 0.087095
1 0.40927 0.908753 0.809599 0.182494
4 0.502431 0.530959 0.930276 0.938081
0 0.252861 0.544292 0.031492 0.0364245
3 0.591881 0.852503 0.816239 0.294994
4 0.422936 0.906186 0.845872 0.187628
4 0.729685 0.0667018 0.540631 0.133404
2 0.954522 0.263629 0.090955 0.527257
2 0.125649 0.670456 0.240387 0.518678
0 0.521648 0.879262 0.956704 0.241476
3 0.218121 0.222309 0.436241 0.444618
3 0.748631 0.510117 0.502738 0.979767
2 0.378197 0.128409 0.654371 0.256818
4 0.640216 0.350817 0.719567 0.701634
3 0.147593 0.792272 0.295186 0.415456
0 0.244654 0.374386 0.489308 0.748771
3 0.911313 0.0435475 0.177373 0.087095
4 0.5 0.853833 1 0.292334
2 0.103659 0.5 0.207318 1
3 0.932071 0.261379 0.135858 0.522758
2 0.310706 0.243485 0.616755 0.48697
2 0.477064 0.866176 0.954127 0.267648
1 0.958584 0.209819 0.0828314 0.419639
1 0.5 0.865333 1 0.269333
0 0.970384 0.243208 0.059231 0.486417
3 0.207894 0.254833 0.403792 0.509666
4 0.125649 0.670456 0.240387 0.518678
0 0.602337 0.839368 0.795325 0.321264
4 0.00690703 0.735433 0.0138141 0.529134
2 0.681588 0.0986057 0.581303 0.197211
1 0.518204 0.823213 0.963593 0.331258
1 0.680211 0.733229 0.639578 0.533542
0 0.852659 0.840584 0.294682 0.318831
0 0.178225 0.532079 0.35645 0.427359
1 0.737409 0.845166 0.525181 0.309667
4 0.477064 0.866176 0.954127 0.267648
4 0.94394 0.803202 0.112121 0.393596
1 0.504983 0.889179 0.948331 0.221642
4 0.932071 0.261379 0.135858 0.522758
1 0.548978 0.253446 0.891408 0.506892
2 0.690866 0.778325 0.618268 0.443351
4 0.815538 0.0540322 0.368925 0.108064
1 0.319271 0.703191 0.638542 0.593617
0 0.272537 0.684955 0.545074 0.619153
0 0.200386 0.333461 0.393195 0.666922
4 0.866726 0.41049 0.266548 0.82098
2 0.319271 0.703191 0.638542 0.593617
3 0.36271 0.877136 0.725421 0.245727
4 0.429042 0.375983 0.858084 0.751966
2 0.518204 0.823213 0.963593 0.331258
4 0.0167869 0.5 0.0335737 1
0 0.303859 0.173254 0.572405 0.346508
1 0.954522 0.263629 0.090955 0.527257
4 0.077251 0.54632 0.154502 0.907359
0 0.648026 0.830749 0.703947 0.338502
4 0.242084 0.670464 0.484169 0.659073
3 0.960581 0.362063 0.0788371 0.724125
4 0.153884 0.727597 0.307768 0.544807
3 0.454531 0.867759 0.909061 0.264483
4 0.785047 0.820061 0.429907 0.359879
1 0.798787 0.810118 0.402029 0.35833
4 0.548386 0.236219 0.903228 0.472439
4 0.972486 0.305896 0.055028 0.611792
0 0.0115136 0.850345 0.0230272 0.29931
3 0.077251 0.54632 0.154502 0.907359
4 0.965205 0.70818 0.0695893 0.583639
0 0.00690703 0.735433 0.0138141 0.529134
0 0.0138248 0.356376 0.0276496 0.712753
0 0.390943 0.671267 0.781887 0.657465
3 0.935994 0.79113 0.128011 0.41774
4 0.120276 0.448594 0.240552 0.897189
4 0.00766891 0.612202 0.0153378 0.775596
4 0.681588 0.0986057 0.581303 0.197211
1 0.497588 0.681015 0.94104 0.476687
2 0.0309264 0.5 0.0618529 1
1 0.45455 0.679187 0.909101 0.641626
2 0.755733 0.5 0.488533 1
0 0.735834 0.81946 0.528331 0.36108
3 0.972486 0.305896 0.055028 0.611792
4 0.874764 0.0423339 0.250473 0.0846678
4 0.373949 0.633711 0.747897 0.620485
2 0.589557 0.329808 0.820886 0.659616
3 0.464576 0.901554 0.918479 0.196893
2 0.12071 0.384662 0.241419 0.769324
2 0.00690703 0.735433 0.0138141 0.529134
3 0.120276 0.448594 0.240552 0.897189
4 0.735834 0.81946 0.528331 0.36108
0 0.977956 0.829812 0.0440882 0.340377
0 0.12071 0.384662 0.241419 0.769324
2 0.58903 0.722528 0.821941 0.431751
4 0.938905 0.087688 0.122189 0.175376
0 0.015235 0.530404 0.0304699 0.939191
3 0.68202 0.807479 0.63596 0.385041
0 0.274463 0.510511 0.548925 0.355446
0 0.440058 0.373481 0.880116 0.746961
2 0.448819 0.660446 0.897637 0.679109
3 0.58903 0.722528 0.821941 0.431751
4 0.379565 0.273313 0.744638 0.517798
3 0.0887618 0.669734 0.177524 0.660532
4 0.112303 0.5 0.224605 1
2 0.147593 0.792272 0.295186 0.415456
1 0.306906 0.858657 0.613811 0.282686
3 0.933335 0.43901 0.13333 0.87802
4 0.680211 0.733229 0.639578 0.533542
1 0.454531 0.867759 0.909061 0.264483
3 0.548386 0.236219 0.903228 0.472439
4 0.462149 0.488924 0.924298 0.977849
3 0.00906752 0.43188 0.018135 0.863759
1 0.748631 0.510117 0.502738 0.979767
3 0.407742 0.287167 0.815483 0.574333
1 0.125649 0.670456 0.240387 0.518678
0 0.954646 0.537192 0.0907084 0.924721
1 0.935994 0.79113 0.128011 0.41774
1 0.954646 0.537192 0.0907084 0.924721
1 0.12071 0.384662 0.241419 0.769324
0 0.330277 0.568577 0.00952473 0.0236437
2 0.444488 0.513366 0.888976 0.973268
2 0.504311 0.725133 0.991379 0.549734
2 0.925322 0.446745 0.149356 0.89349
3 0.223319 0.826187 0.446638 0.347625
0 0.965205 0.70818 0.0695893 0.583639
0 0.310706 0.243485 0.616755 0.48697
0 0.378197 0.128409 0.654371 0.256818
2 0.440058 0.373481 0.880116 0.746961
4 0.207894 0.254833 0.403792 0.509666
1 0.616913 0.340619 0.766173 0.681237
2 0.0167869 0.5 0.0335737 1
4 0.0887618 0.669734 0.177524 0.660532
0 0.294498 0.541255 0.0178291 0.0252398
1 0.53999 0.855701 0.920019 0.288597
3 0.347333 0.917666 0.694667 0.164668
0 0.217254 0.230026 0.425958 0.460052
0 0.0402843 0.5 0.0805686 1
0 0.077251 0.54632 0.154502 0.907359
1 0.729685 0.0667018 0.540631 0.133404
2 0.274463 0.510511 0.548925 0.355446
4 0.427056 0.87548 0.853824 0.249041
1 0.407742 0.287167 0.815483 0.574333
1 0.932071 0.261379 0.135858 0.522758
0 0.465114 0.0726761 0.371526 0.145352
3 0.72471 0.843732 0.550581 0.312537
3 0.015235 0.530404 0.0304699 0.939191
1 0.209823 0.21201 0.419645 0.424021
4 0.125921 0.56137 0.237197 0.544699
1 0.58903 0.722528 0.821941 0.431751
0 0.594373 0.278948 0.811255 0.557896
4 0.591881 0.852503 0.816239 0.294994
0 0.00906752 0.43188 0.018135 0.863759
2 0.464576 0.901554 0.918479 0.196893
2 0.977956 0.829812 0.0440882 0.340377
1 0.965205 0.70818 0.0695893 0.583639
4 0.247652 0.904607 0.495304 0.190786
2 0.938905 0.087688 0.122189 0.175376
1 0.815538 0.0540322 0.368925 0.108064
3 0.373949 0.633711 0.747897 0.620485
3 0.874764 0.0423339 0.250473 0.0846678
4 0.128631 0.576511 0.257261 0.703709
0 0.881974 0.161519 0.236052 0.323038
0 0.920432 0.153041 0.159136 0.306083
0 0.230009 0.234032 0.457651 0.468064
0 0.73519 0.231496 0.520824 0.460668
3 0.820045 0.345551 0.0177608 0.0582709
2 0.965733 0.38666 0.0685335 0.184499
0 0.388465 0.292368 0.198973 0.413009
0 0.126835 0.53148 0.253671 0.38469
3 0.388465 0.292368 0.198973 0.413009
3 0.417459 0.455798 0.020693 0.0681605
3 0.821118 0.345758 0.0241161 0.0699506
3 0.78146 0.348667 0.00910416 0.0471109
3 0.692879 0.61129 0.00799789 0.0287953
0 0.571772 0.574653 0.0605923 0.031007
0 0.297006 0.537034 0.0237181 0.0273792
3 0.800641 0.392671 0.0578558 0.143183
0 0.916604 0.578202 0.166685 0.133617
1 0.172458 0.54772 0.0127705 0.0383458
3 0.778956 0.360395 0.0150387 0.0679182
0 0.654804 0.237619 0.347915 0.468641
0 0.142739 0.230134 0.285479 0.460268
2 0.960825 0.40671 0.0783493 0.198784
1 0.513569 0.515954 0.0299959 0.0788877
1 0.123673 0.54095 0.247346 0.402564
2 0.956991 0.544951 0.0777643 0.0979369
0 0.79392 0.808818 0.412161 0.382365
3 0.820306 0.338123 0.010214 0.0457306
0 0.916838 0.602859 0.166029 0.115171
0 0.887706 0.846627 0.224588 0.306746
0 0.869935 0.428054 0.26013 0.456407
0 0.617659 0.5 0.764682 1
1 0.243558 0.260428 0.486361 0.511136
0 0.820959 0.489547 0.358081 0.558711
2 0.738381 0.806295 0.523238 0.387411
2 0.813503 0.551768 0.106825 0.135177
0 0.312001 0.266268 0.354272 0.487578
3 0.769507 0.407488 0.00727501 0.0342518
0 0.720075 0.363524 0.559851 0.718693
0 0.965733 0.38666 0.0685335 0.184499
0 0.380554 0.812035 0.409551 0.375929
0 0.646741 0.599491 0.0935329 0.0462989
0 0 0.237621 0 0.475242
0 0.486576 0.811941 0.467221 0.376118
0 0.373279 0.930112 0.471302 0.139775
2 0.241509 0.251114 0.48108 0.502228
0 0.434918 0.25184 0.112065 0.485348
2 0.231176 0.344157 0.462353 0.650699
0 0.285966 0.815852 0.549595 0.368295
0 0.561242 0.5 0.877517 1
1 0.142739 0.230134 0.285479 0.460268
0 0.523183 0.502506 0.0266517 0.0483826
0 0.572439 0.569129 0.0594349 0.034094
0 0.781392 0.595434 0.175745 0.216424
0 0.960825 0.40671 0.0783493 0.198784
0 0.719216 0.794414 0.440048 0.409258
3 0.825232 0.342426 0.0192654 0.0639049
0 0.291356 0.911175 0.52709 0.17765
0 0.158489 0.756647 0.316978 0.486707
0 0.964502 0.611518 0.0709965 0.0764816
2 0.834958 0.54487 0.0490559 0.124341
3 0.522273 0.50443 0.0272888 0.0534026
1 0.734519 0.316693 0.507742 0.619473
4 0.523183 0.502506 0.0266517 0.0483826
0 0.825305 0.25233 0.349391 0.504659
0 0.231176 0.344157 0.462353 0.650699
2 0.127154 0.52165 0.254309 0.450261
0 0.87394 0.597072 0.248461 0.165642
4 0.172458 0.54772 0.0127705 0.0383458
0 0.636222 0.919634 0.612975 0.160732
2 0.446069 0.453786 0.892137 0.877411
3 0.884463 0.434236 0.231074 0.457959
1 0.859327 0.577182 0.0247917 0.0642792
0 0.567749 0.241935 0.29773 0.475911
1 0.520654 0.539746 0.0398342 0.0610147
0 0.157829 0.490169 0.312185 0.488533
4 0.283744 0.681156 0.0471531 0.15407
0 0.695097 0.490831 0.609806 0.711746
0 0.857654 0.822096 0.284692 0.355807
0 0.278635 0.538139 0.0644746 0.0363986
3 0.415179 0.253409 0.18696 0.506819
2 0.917559 0.234695 0.164882 0.469389
2 0.617659 0.5 0.764682 1
2 0.629064 0.24188 0.317128 0.473148
0 0.925477 0.773443 0.149045 0.453114
2 0.142739 0.230134 0.285479 0.460268
3 0.40855 0.718408 0.817099 0.563185
1 0.768079 0.80419 0.453567 0.370972
3 0.495619 0.73405 0.551263 0.448849
0 0.677248 0.664948 0.643621 0.571863
3 0.895949 0.316685 0.208102 0.611896
1 0.636222 0.919634 0.612975 0.160732
2 0.743482 0.236856 0.513036 0.469969
0 0.613956 0.627787 0.772088 0.744426
2 0.839431 0.552871 0.0639706 0.121614
0 0.00908622 0.73425 0.0181724 0.5315
3 0.700672 0.229798 0.441824 0.458456
2 0.434918 0.25184 0.112065 0.485348
3 0.750153 0.614881 0.499694 0.770238
4 0.654089 0.233969 0.394596 0.467938
0 0.531477 0.926919 0.549472 0.146161
0 0.750153 0.614881 0.499694 0.770238
0 0.415179 0.253409 0.18696 0.506819
0 0.426854 0.584355 0.853708 0.83129
0 0.446069 0.453786 0.892137 0.877411
1 0.849323 0.323032 0.301354 0.646064
3 0.770117 0.544188 0.0166359 0.0527434
3 0.317788 0.604656 0.0131205 0.0355759
0 0.91715 0.963984 0.165699 0.0720313
2 0.956982 0.56284 0.0860365 0.131524
0 0.951529 0.139077 0.0969425 0.278154
0 0.52447 0.282663 0.636824 0.564257
4 0.434918 0.25184 0.112065 0.485348
2 0.691206 0.4917 0.617589 0.851583
0 0.0798462 0.216287 0.159692 0.432574
0 0.924476 0.279246 0.151048 0.453072
1 0.848688 0.821663 0.302624 0.356673
0 0.896426 0.404163 0.207147 0.413459
3 0.335076 0.263926 0.307026 0.480833
0 0.93287 0.11109 0.13426 0.222179
1 0.434918 0.25184 0.112065 0.485348
4 0.415179 0.253409 0.18696 0.506819
4 0.495619 0.73405 0.551263 0.448849
4 0.335076 0.263926 0.307026 0.480833
4 0.400903 0.474446 0.789801 0.907154
0 0.522357 0.512844 0.0277445 0.0716522
3 0.613956 0.627787 0.772088 0.744426
0 0.557286 0.658676 0.467858 0.478998
4 0.884463 0.434236 0.231074 0.457959
2 0.353201 0.266512 0.405128 0.533025
0 0.0100456 0.798938 0.0200912 0.402123
0 0.922714 0.642529 0.154572 0.699917
0 0.191676 0.60078 0.114415 0.143451
3 0.849323 0.323032 0.301354 0.646064
4 0.23627 0.253432 0.47254 0.494309
0 0.580464 0.753123 0.637029 0.493753
4 0.857654 0.822096 0.284692 0.355807
3 0.695097 0.490831 0.609806 0.711746
3 0.857654 0.822096 0.284692 0.355807
4 0.613956 0.627787 0.772088 0.744426
0 0.619149 0.239035 0.477173 0.47807
3 0.50199 0.240474 0.477832 0.480949
4 0.142739 0.230134 0.285479 0.460268
3 0.755107 0.344265 0.489786 0.683097
0 0.501045 0.509273 0.0189013 0.084268
3 0.798894 0.349326 0.045178 0.0647469
1 0.884463 0.434236 0.231074 0.457959
1 0.860861 0.567674 0.0279243 0.0830465
0 0.166543 0.199633 0.333087 0.399265
0 0.170063 0.65252 0.340126 0.601724
4 0.567749 0.241935 0.29773 0.475911
0 0.443543 0.770952 0.472826 0.458095
3 0.15567 0.546181 0.311339 0.394585
1 0.523183 0.502506 0.0266517 0.0483826
4 0.743482 0.236856 0.513036 0.469969
3 0.344681 0.648703 0.689362 0.694074
0 0.27238 0.246973 0.532518 0.493947
2 0.173425 0.692205 0.346849 0.61559
2 0.561242 0.5 0.877517 1
1 0.173425 0.692205 0.346849 0.61559
4 0.50199 0.240474 0.477832 0.480949
2 0.862535 0.443327 0.27493 0.465634
4 0.557286 0.658676 0.467858 0.478998
2 0.557286 0.658676 0.467858 0.478998
1 0.508642 0.773153 0.483665 0.453693
0 0.672879 0.883414 0.654242 0.233172
0 0.800641 0.392671 0.0578558 0.143183
1 0.922714 0.642529 0.154572 0.699917
4 0.175636 0.549894 0.020585 0.0422604
3 0.629064 0.24188 0.317128 0.473148
4 0.905219 0.174643 0.189562 0.349286
0 0.102222 0.405414 0.203495 0.111989
1 0.700672 0.229798 0.441824 0.458456
1 0.839431 0.552871 0.0639706 0.121614
0 0.812895 0.559482 0.113128 0.140407
1 0.616627 0.721815 0.366658 0.389722
0 0.0105893 0.19948 0.0211785 0.398961
0 0.641641 0.688693 0.347701 0.528969
3 0.876358 0.616438 0.247284 0.767124
1 0.891887 0.194161 0.216226 0.388322
4 0.795146 0.798323 0.409707 0.403354
0 0.266007 0.546048 0.0378113 0.042457
4 0.480763 0.77031 0.429227 0.45938
4 0.677248 0.664948 0.643621 0.571863
4 0.40855 0.718408 0.817099 0.563185
0 0.944712 0.174751 0.110576 0.349502
4 0.872943 0.836789 0.254114 0.326422
1 0.691206 0.4917 0.617589 0.851583
0 0.674948 0.743291 0.354836 0.32907
3 0.567749 0.241935 0.29773 0.475911
1 0.895949 0.316685 0.208102 0.611896
1 0.813427 0.504739 0.373145 0.580875
0 0.961163 0.335289 0.0776741 0.199156
0 0.207586 0.855544 0.415171 0.288912
3 0.434918 0.25184 0.112065 0.485348
0 0.904527 0.171675 0.190946 0.34335
0 0.758443 0.199352 0.483115 0.398704
2 0.713795 0.747449 0.468199 0.418704
0 0.882302 0.962713 0.233057 0.0745733
0 0.353201 0.266512 0.405128 0.533025
4 0.560796 0.240645 0.457141 0.48129
2 0.58726 0.791012 0.596572 0.417976
3 0.400903 0.474446 0.789801 0.907154
0 0.344681 0.648703 0.689362 0.694074
3 0.480763 0.77031 0.429227 0.45938
2 0.480763 0.77031 0.429227 0.45938
2 0.718076 0.382435 0.563848 0.630531
0 0.0707634 0.824659 0.141527 0.350681
1 0.917559 0.234695 0.164882 0.469389
0 0.475232 0.260144 0.464923 0.520288
4 0.15567 0.546181 0.311339 0.394585
2 0.905219 0.174643 0.189562 0.349286
0 0.872943 0.836789 0.254114 0.326422
2 0.681515 0.782644 0.350598 0.373282
4 0.849323 0.323032 0.301354 0.646064
0 0.40855 0.718408 0.817099 0.563185
0 0.849323 0.323032 0.301354 0.646064
3 0.617659 0.5 0.764682 1
2 0.849323 0.323032 0.301354 0.646064
0 0.893461 0.252221 0.213078 0.504441
4 0.917559 0.234695 0.164882 0.469389
1 0.173653 0.830387 0.347307 0.339225
2 0.896426 0.404163 0.207147 0.413459
1 0.713795 0.747449 0.468199 0.418704
4 0.922714 0.642529 0.154572 0.699917
0 0.961004 0.118572 0.0779928 0.237144
4 0.825305 0.25233 0.349391 0.504659
3 0.414035 0.459665 0.012432 0.0575038
4 0.283815 0.789419 0.567631 0.421162
3 0.905219 0.174643 0.189562 0.349286
4 0.442493 0.546111 0.884987 0.907778
2 0.344681 0.648703 0.689362 0.694074
3 0.771305 0.536832 0.0178411 0.0486871
4 0.244291 0.675478 0.488582 0.649044
1 0.58726 0.791012 0.596572 0.417976
3 0.374813 0.252219 0.516848 0.504438
4 0.695097 0.490831 0.609806 0.711746
3 0.797295 0.796717 0.405409 0.406566
4 0.755107 0.344265 0.489786 0.683097
3 0.796378 0.369879 0.0546888 0.0937477
3 0.557286 0.658676 0.467858 0.478998
4 0.628512 0.688236 0.350523 0.400648
4 0.170063 0.65252 0.340126 0.601724
2 0.857091 0.826985 0.285817 0.34603
0 0.412007 0.628325 0.745136 0.565356
0 0.241723 0.757858 0.483446 0.484283
1 0.951529 0.139077 0.0969425 0.278154
3 0.825305 0.25233 0.349391 0.504659
3 0.0105893 0.19948 0.0211785 0.398961
4 0.768079 0.80419 0.453567 0.370972
0 0.93588 0.268843 0.128239 0.121965
4 0.643042 0.91174 0.631187 0.176521
3 0.662122 0.74942 0.362409 0.373356
2 0.415179 0.253409 0.18696 0.506819
2 0.636222 0.919634 0.612975 0.160732
4 0.192912 0.742848 0.385824 0.514303
1 0.422814 0.770177 0.490879 0.459646
3 0.917559 0.234695 0.164882 0.469389
2 0.340488 0.268836 0.308264 0.494521
3 0.820959 0.489547 0.358081 0.558711
2 0.429052 0.674281 0.795112 0.651437
2 0.495619 0.73405 0.551263 0.448849
3 0.453716 0.539186 0.907433 0.921628
2 0.838038 0.508352 0.0322308 0.044614
3 0.808166 0.393727 0.0475338 0.157168
2 0.951529 0.139077 0.0969425 0.278154
1 0.415179 0.253409 0.18696 0.506819
2 0.750153 0.614881 0.499694 0.770238
1 0.132302 0.671954 0.264605 0.651147
4 0.173653 0.830387 0.347307 0.339225
3 0.677248 0.664948 0.643621 0.571863
3 0.636222 0.919634 0.612975 0.160732
2 0.50199 0.240474 0.477832 0.480949
2 0.964502 0.611518 0.0709965 0.0764816
1 0.467928 0.500341 0.935857 0.999317
2 0.922714 0.642529 0.154572 0.699917
0 0.616627 0.721815 0.366658 0.389722
1 0.825305 0.25233 0.349391 0.504659
3 0.951529 0.139077 0.0969425 0.278154
3 0.231176 0.344157 0.462353 0.650699
0 0.374813 0.252219 0.516848 0.504438
0 0.50199 0.240474 0.477832 0.480949
1 0.340488 0.268836 0.308264 0.494521
0 0.913352 0.901807 0.173296 0.196386
3 0.922714 0.642529 0.154572 0.699917
4 0.895949 0.316685 0.208102 0.611896
0 0.211529 0.564116 0.0714849 0.0644979
3 0.42326 0.264888 0.439876 0.529775
3 0.932358 0.345196 0.0318867 0.105298
0 0.956982 0.56284 0.0860365 0.131524
1 0.557286 0.658676 0.467858 0.478998
1 0.489328 0.482955 0.0272266 0.0487702
4 0.713795 0.747449 0.468199 0.418704
0 0.520654 0.539746 0.0398342 0.0610147
1 0.50199 0.240474 0.477832 0.480949
4 0.0105893 0.19948 0.0211785 0.398961
3 0.628512 0.688236 0.350523 0.400648
1 0.538114 0.5 0.923771 1
3 0.353201 0.266512 0.405128 0.533025
3 0.904527 0.171675 0.190946 0.34335
3 0.944712 0.174751 0.110576 0.349502
1 0.17256 0.547886 0.0163266 0.0430352
0 0.847804 0.811739 0.304393 0.376331
0 0.757012 0.763851 0.485977 0.428475
1 0.515502 0.53426 0.0397316 0.0629632
0 0.189921 0.325072 0.379842 0.650144
1 0.519105 0.527557 0.0436087 0.0827563
1 0.193272 0.572383 0.0827996 0.0898198
0 0.22344 0.757181 0.44688 0.485638
1 0.515484 0.561068 0.0471996 0.0826696
1 0.169329 0.561834 0.0268125 0.0720404
0 0.701376 0.410345 0.584005 0.82069
1 0.517577 0.561817 0.0461983 0.0448228
0 0.884637 0.851711 0.230727 0.296578
0 0.163951 0.249885 0.327902 0.49977
0 0.270023 0.5 0.540047 1
0 0.177624 0.661973 0.355247 0.676055
2 0.816497 0.565791 0.130499 0.139241
0 0.571173 0.570734 0.0659147 0.0372122
0 0.225344 0.387627 0.450688 0.775254
0 0.814053 0.568335 0.111497 0.128815
0 0.643905 0.733527 0.468046 0.410574
2 0.939843 0.565643 0.0930326 0.155418
0 0.857768 0.534448 0.284465 0.132236
0 0.94909 0.771876 0.101819 0.435141
0 0.388969 0.5 0.777939 1
0 0.589243 0.480718 0.821513 0.961435
1 0.510046 0.523935 0.0239101 0.0735225
1 0.145447 0.358874 0.290893 0.717748
0 0.145447 0.358874 0.290893 0.717748
1 0.162721 0.569933 0.0447617 0.0795377
1 0.164394 0.550511 0.0371465 0.0505801
1 0.508994 0.57982 0.042164 0.0857005
2 0.70217 0.352415 0.577344 0.704831
1 0.216511 0.766945 0.433021 0.46611
2 0.664411 0.5 0.671177 1
0 0.0375675 0.691928 0.075135 0.616144
0 0.86747 0.910052 0.26294 0.176666
0 0.965629 0.147467 0.0687428 0.294935
0 0.892942 0.672802 0.0202425 0.0375466
2 0.790007 0.558595 0.0585068 0.0990524
0 0.941603 0.495636 0.116795 0.316574
0 0.0341811 0.770218 0.0683622 0.459565
1 0.865882 0.814351 0.268236 0.371297
1 0.721076 0.75695 0.556607 0.431673
2 0.167943 0.229051 0.335885 0.458102
2 0.800222 0.56693 0.0805294 0.116223
0 0.816211 0.545847 0.113696 0.116264
0 0.175084 0.879316 0.350168 0.241368
1 0.95867 0.725831 0.0826609 0.52679
2 0.145447 0.358874 0.290893 0.717748
1 0.616564 0.753509 0.409826 0.441942
0 0.790462 0.560501 0.059589 0.106089
0 0.960474 0.625238 0.0770926 0.0789981
0 0.95867 0.725831 0.0826609 0.52679
0 0.566724 0.5 0.569147 1
1 0.884637 0.851711 0.230727 0.296578
2 0.960025 0.299818 0.0799509 0.599637
1 0.133457 0.226766 0.266914 0.453532
0 0.963211 0.252998 0.0735781 0.505997
0 0.164338 0.751004 0.328676 0.497992
0 0.908602 0.543874 0.182796 0.166967
0 0.204905 0.809564 0.409809 0.380873
0 0.876901 0.54176 0.246198 0.185112
1 0.960025 0.299818 0.0799509 0.599637
0 0.202826 0.209259 0.405652 0.418518
2 0.865882 0.814351 0.268236 0.371297
0 0.298213 0.632496 0.596426 0.647724
0 0.273729 0.352794 0.547457 0.705587
0 0.743872 0.543697 0.512256 0.383301
0 0.954167 0.333565 0.091666 0.667131
1 0.965878 0.18654 0.0682442 0.373081
1 0.273729 0.352794 0.547457 0.705587
4 0.15418 0.498443 0.0234083 0.0363503
0 0.36967 0.311457 0.73934 0.622913
0 0.203637 0.520439 0.407274 0.901386
0 0.135422 0.850954 0.270843 0.298092
4 0.242734 0.5 0.485469 1
4 0.566724 0.5 0.569147 1
0 0.277416 0.549367 0.0722469 0.0479461
0 0.170416 0.505347 0.340831 0.689547
2 0.757531 0.431087 0.484938 0.862175
0 0.845221 0.366982 0.309558 0.506317
2 0.95867 0.725831 0.0826609 0.52679
0 0.0202965 0.665098 0.0405929 0.669803
0 0.44656 0.763747 0.436767 0.472507
0 0.669223 0.316452 0.545124 0.632904
4 0.266922 0.737473 0.533843 0.525055
4 0.155871 0.50812 0.0341465 0.0477868
0 0.145225 0.516704 0.290449 0.540216
0 0.587486 0.750829 0.379101 0.464602
2 0.270023 0.5 0.540047 1
0 0.385664 0.389489 0.771329 0.778978
2 0.0375675 0.691928 0.075135 0.616144
0 0.61645 0.26752 0.767099 0.53504
1 0.145225 0.516704 0.290449 0.540216
0 0.239035 0.271548 0.47807 0.543096
2 0.273729 0.352794 0.547457 0.705587
1 0.551247 0.286204 0.49237 0.572408
0 0.909307 0.538533 0.160261 0.115737
4 0.335077 0.5 0.670154 1
3 0.70217 0.352415 0.577344 0.704831
1 0.808108 0.792305 0.383784 0.40094
2 0.145225 0.516704 0.290449 0.540216
1 0.601739 0.586363 0.0136637 0.0289493
0 0.6911 0.502399 0.617799 0.995202
0 0.790157 0.470012 0.419687 0.34448
4 0.70217 0.352415 0.577344 0.704831
1 0.566724 0.5 0.569147 1
4 0.210456 0.818121 0.420911 0.363757
0 0.950502 0.615411 0.0989962 0.354552
0 0.538426 0.273349 0.441229 0.546697
2 0.884637 0.851711 0.230727 0.296578
3 0.980605 0.228643 0.0387906 0.457287
2 0.566724 0.5 0.569147 1
1 0.513976 0.379544 0.69993 0.759089
0 0.927803 0.322667 0.144393 0.645333
2 0.347756 0.370748 0.695512 0.741495
2 0.216511 0.766945 0.433021 0.46611
0 0.800222 0.56693 0.0805294 0.116223
0 0.939843 0.565643 0.0930326 0.155418
0 0.577519 0.837444 0.442812 0.325111
1 0.231316 0.498193 0.462631 0.996386
1 0.360897 0.401134 0.721794 0.802269
0 0.651963 0.814234 0.457212 0.371533
0 0.920798 0.554289 0.147819 0.129205
3 0.335077 0.5 0.670154 1
4 0.521913 0.506072 0.0380861 0.0568442
4 0.17256 0.547886 0.0163266 0.0430352
1 0.46023 0.27929 0.51086 0.558581
1 0.950502 0.615411 0.0989962 0.354552
1 0.36967 0.311457 0.73934 0.622913
2 0.610179 0.27573 0.518095 0.551461
2 0.363783 0.5 0.727566 1
0 0.521558 0.515453 0.0412114 0.0780593
0 0.504476 0.795913 0.398649 0.408174
2 0.239035 0.271548 0.47807 0.543096
0 0.312555 0.192201 0.625109 0.384403
2 0.0341811 0.770218 0.0683622 0.459565
1 0.94909 0.771876 0.101819 0.435141
1 0.701376 0.410345 0.584005 0.82069
4 0.245087 0.321711 0.490173 0.643422
4 0.960025 0.299818 0.0799509 0.599637
4 0.112388 0.223269 0.224777 0.446538
3 0.661779 0.5 0.633564 1
3 0.245087 0.321711 0.490173 0.643422
1 0.0375675 0.691928 0.075135 0.616144
4 0.145225 0.516704 0.290449 0.540216
4 0.654814 0.410695 0.690373 0.82139
2 0.795179 0.786293 0.409641 0.419097
0 0.959563 0.183165 0.0808731 0.366329
1 0.0341811 0.770218 0.0683622 0.459565
1 0.311316 0.761671 0.622631 0.476657
1 0.618246 0.497177 0.763507 0.994354
3 0.763086 0.444711 0.473827 0.889423
2 0.311316 0.761671 0.622631 0.476657
0 0.46023 0.27929 0.51086 0.558581
1 0.745783 0.228031 0.508434 0.456062
4 0.661779 0.5 0.633564 1
3 0.112388 0.223269 0.224777 0.446538
2 0.1113 0.440356 0.2226 0.880713
1 0.239035 0.271548 0.47807 0.543096
0 0.915132 0.576118 0.169736 0.198536
4 0.167943 0.229051 0.335885 0.458102
1 0.755963 0.222346 0.488074 0.444693
2 0.942995 0.583117 0.114009 0.162786
0 0.756607 0.339857 0.486787 0.679714
3 0.498082 0.5 0.687836 1
2 0.0202965 0.665098 0.0405929 0.669803
0 0.0319765 0.614852 0.0639529 0.652048
2 0.838577 0.823019 0.322847 0.353962
2 0.170416 0.505347 0.340831 0.689547
2 0.965878 0.18654 0.0682442 0.373081
0 0.118472 0.214164 0.236944 0.428328
1 0.506849 0.54206 0.0476604 0.046747
0 0.812601 0.661512 0.374799 0.428677
0 0.112388 0.223269 0.224777 0.446538
3 0.256139 0.456297 0.512278 0.912593
4 0.1113 0.440356 0.2226 0.880713
3 0.960025 0.299818 0.0799509 0.599637
1 0.661779 0.5 0.633564 1
4 0.95867 0.725831 0.0826609 0.52679
0 0.89843 0.374733 0.203141 0.566375
2 0.46023 0.27929 0.51086 0.558581
2 0.94909 0.771876 0.101819 0.435141
0 0.513976 0.379544 0.69993 0.759089
0 0.816848 0.525749 0.0841012 0.0889432
4 0.145447 0.358874 0.290893 0.717748
2 0.0490486 0.469574 0.0980973 0.76275
3 0.145225 0.516704 0.290449 0.540216
0 0.318554 0.768482 0.637109 0.463036
4 0.750736 0.81866 0.498528 0.36268
1 0.927803 0.322667 0.144393 0.645333
1 0.965629 0.147467 0.0687428 0.294935
0 0.733613 0.262763 0.532774 0.525527
2 0.750736 0.81866 0.498528 0.36268
3 0.733613 0.262763 0.532774 0.525527
1 0.585127 0.267728 0.388371 0.535456
1 0.941603 0.495636 0.116795 0.316574
3 0.465748 0.751612 0.482487 0.471963
3 0.654814 0.410695 0.690373 0.82139
2 0.62608 0.765799 0.37305 0.459287
1 0.340388 0.5 0.680775 1
2 0.965629 0.147467 0.0687428 0.294935
4 0.0202965 0.665098 0.0405929 0.669803
2 0.733613 0.262763 0.532774 0.525527
1 0.0202965 0.665098 0.0405929 0.669803
0 0.853232 0.703079 0.293536 0.572741
2 0.651963 0.814234 0.457212 0.371533
3 0.0490486 0.469574 0.0980973 0.76275
1 0.44656 0.763747 0.436767 0.472507
4 0.757531 0.431087 0.484938 0.862175
4 0.46023 0.27929 0.51086 0.558581
1 0.681009 0.254968 0.62474 0.509937
0 0.771946 0.543423 0.0213228 0.0661939
4 0.538426 0.273349 0.441229 0.546697
4 0.90467 0.83981 0.19066 0.320381
0 0.717178 0.243548 0.565645 0.487097
2 0.135422 0.850954 0.270843 0.298092
3 0.95867 0.725831 0.0826609 0.52679
0 0.883835 0.93874 0.23233 0.120277
4 0.298213 0.632496 0.596426 0.647724
4 0.521894 0.519521 0.0414309 0.0798237
1 0.0319765 0.614852 0.0639529 0.652048
3 0.89843 0.374733 0.203141 0.566375
4 0.876901 0.54176 0.246198 0.185112
3 0.894908 0.842785 0.210185 0.31443
3 0.204905 0.809564 0.409809 0.380873
2 0.266924 0.820554 0.532417 0.358893
0 0.879429 0.539277 0.227634 0.117449
2 0.121764 0.255834 0.243528 0.511669
1 0.658777 0.320412 0.682446 0.640825
2 0.327449 0.850037 0.523358 0.299925
3 0.758685 0.796408 0.48263 0.407184
3 0.908602 0.543874 0.182796 0.166967
1 0.465306 0.477674 0.823581 0.955349
0 0.0490486 0.469574 0.0980973 0.76275
1 0.17413 0.54829 0.0182792 0.0532172
4 0.347756 0.370748 0.695512 0.741495
3 0.1113 0.440356 0.2226 0.880713
1 0.524963 0.562649 0.0568159 0.0380511
4 0.0490486 0.469574 0.0980973 0.76275
0 0.572579 0.562853 0.0642508 0.0561544
2 0.0319765 0.614852 0.0639529 0.652048
1 0.51208 0.588926 0.0439663 0.146296
4 0.758685 0.796408 0.48263 0.407184
3 0.598116 0.270123 0.419248 0.540246
4 0.845221 0.366982 0.309558 0.506317
4 0.733613 0.262763 0.532774 0.525527
0 0.33927 0.322806 0.67854 0.645612
1 0.838577 0.823019 0.322847 0.353962
1 0.1113 0.440356 0.2226 0.880713
4 0.915132 0.576118 0.169736 0.198536
4 0.601739 0.586363 0.0136637 0.0289493
0 0.829571 0.879874 0.286793 0.240252
3 0.46023 0.27929 0.51086 0.558581
4 0.908602 0.543874 0.182796 0.166967
3 0.353437 0.387981 0.706874 0.775961
1 0.756607 0.339857 0.486787 0.679714
4 0.0319765 0.614852 0.0639529 0.652048
0 0.1113 0.440356 0.2226 0.880713
2 0.815088 0.557842 0.0959827 0.138749
2 0.927803 0.322667 0.144393 0.645333
2 0.739988 0.703286 0.520024 0.451099
4 0.0375675 0.691928 0.075135 0.616144
1 0.181396 0.577977 0.0751666 0.107353
4 0.448536 0.5 0.742425 1
1 0.0490486 0.469574 0.0980973 0.76275
2 0.577519 0.837444 0.442812 0.325111
3 0.203637 0.520439 0.407274 0.901386
3 0.992263 0.280973 0.0154734 0.561946
0 0.353178 0.0943393 0.0391067 0.0246496
1 0.320452 0.772291 0.435868 0.455418
2 0.465748 0.751612 0.482487 0.471963
4 0.807219 0.812652 0.385562 0.374696
1 0.170416 0.505347 0.340831 0.689547
3 0.845221 0.366982 0.309558 0.506317
2 0.876901 0.54176 0.246198 0.185112
0 0.90467 0.83981 0.19066 0.320381
3 0.965629 0.147467 0.0687428 0.294935
1 0.90467 0.83981 0.19066 0.320381
2 0.853232 0.703079 0.293536 0.572741
4 0.465748 0.751612 0.482487 0.471963
1 0.118472 0.214164 0.236944 0.428328
4 0.959563 0.183165 0.0808731 0.366329
0 0.521913 0.506072 0.0380861 0.0568442
2 0.125672 0.766035 0.251343 0.467931
2 0.169329 0.561834 0.0268125 0.0720404
0 0.266924 0.820554 0.532417 0.358893
3 0.927806 0.406998 0.144388 0.813996
1 0.651963 0.814234 0.457212 0.371533
4 0.950502 0.615411 0.0989962 0.354552
0 0.320452 0.772291 0.435868 0.455418
3 0.202826 0.209259 0.405652 0.418518
3 0.651963 0.814234 0.457212 0.371533
3 0.739988 0.703286 0.520024 0.451099
2 0.177624 0.661973 0.355247 0.676055
2 0.510046 0.523935 0.0239101 0.0735225
4 0.965629 0.147467 0.0687428 0.294935
3 0.874869 0.53731 0.250261 0.156086
3 0.327449 0.850037 0.523358 0.299925
3 0.154466 0.494416 0.0134841 0.0287175
0 0.572493 0.571374 0.0595018 0.0288966
3 0.524364 0.521675 0.0367662 0.0915134
0 0.203456 0.565514 0.0840225 0.0571395
0 0.0898537 0.590846 0.0535029 0.0428868
0 0.829409 0.836165 0.33504 0.327669
0 0.211406 0.567327 0.0659206 0.0502514
3 0.152796 0.506027 0.0196563 0.0522175
1 0.172174 0.549545 0.0161895 0.0363214
0 0.294973 0.535619 0.0239682 0.0273822
0 0.218657 0.563085 0.0545965 0.0485851
0 0.344012 0.530884 0.00658479 0.0140476
0 0.573262 0.576633 0.0614998 0.0296422
0 0.172041 0.550297 0.0213786 0.0398959
0 0.0973314 0.582438 0.0691949 0.061582
0 0.353229 0.0939021 0.037453 0.0240427
0 0.172174 0.549545 0.0161895 0.0363214
0 0.241297 0.535656 0.0178234 0.0315545
0 0.787286 0.800678 0.425428 0.398644
0 0.154466 0.494416 0.0134841 0.0287175
4 0.172174 0.549545 0.0161895 0.0363214
0 0.882283 0.842065 0.234444 0.31587
0 0.289468 0.767499 0.578936 0.465003
0 0.153137 0.498491 0.0297209 0.03797
0 0.525066 0.523111 0.0367588 0.0928581
0 0.260827 0.249793 0.521654 0.499585
0 0.196467 0.571842 0.0972009 0.0633535
3 0.889746 0.365667 0.0347878 0.235877
0 0.276713 0.537305 0.0655055 0.0352635
0 0.431367 0.53891 0.0238085 0.0217875
0 0.120369 0.563601 0.110496 0.0628532
0 0.64639 0.597722 0.0915254 0.0366421
0 0.897734 0.95416 0.201232 0.0916808
1 0.882283 0.842065 0.234444 0.31587
0 0.20532 0.546685 0.0827435 0.0476622
1 0.163332 0.5611 0.0329779 0.0575501
4 0.154466 0.494416 0.0134841 0.0287175
0 0.717855 0.73723 0.516989 0.378227
0 0.602211 0.582556 0.0130898 0.0255435
0 0.303239 0.534582 0.0448493 0.0270161
0 0.152796 0.506027 0.0196563 0.0522175
0 0.914962 0.789413 0.170075 0.35939
3 0.404489 0.293823 0.166798 0.423816
0 0.208238 0.236814 0.411473 0.473628
0 0.330972 0.532519 0.0239591 0.0158298
0 0.953894 0.265567 0.0922119 0.501879
0 0.268085 0.190299 0.53617 0.380597
3 0.210562 0.381527 0.0187696 0.0601519
0 0.602053 0.587415 0.0109396 0.0228732
0 0.568546 0.56752 0.0593163 0.0328805
3 0.210705 0.373854 0.0138332 0.0473418
0 0.959763 0.15853 0.0804731 0.317061
3 0.885568 0.413465 0.052766 0.326035
0 0.920201 0.855519 0.15741 0.288962
0 0.959792 0.206971 0.080415 0.413942
0 0.275834 0.650278 0.551668 0.230974
0 0.404489 0.293823 0.166798 0.423816
0 0.688764 0.290419 0.622473 0.580839
0 0.887159 0.884241 0.223421 0.229233
0 0.266287 0.5 0.532574 1
0 0.199572 0.777676 0.399145 0.444648
3 0.351384 0.0968707 0.0405663 0.034292
0 0.537857 0.767556 0.461069 0.464889
1 0.77885 0.180835 0.44054 0.361669
0 0.445288 0.24184 0.890576 0.48368
0 0.207323 0.28471 0.414646 0.56942
0 0.620656 0.795526 0.604447 0.408948
3 0.00199918 0.175972 0.00399835 0.351943
0 0.77885 0.180835 0.44054 0.361669
2 0.163332 0.5611 0.0329779 0.0575501
2 0.5 0.430542 1 0.861085
0 0.887686 0.499686 0.221137 0.562519
0 0.415294 0.769382 0.534923 0.461236
0 0.158969 0.473103 0.309791 0.946207
4 0.891581 0.838677 0.216839 0.322647
0 0.0731939 0.809287 0.146388 0.381426
2 0.266287 0.5 0.532574 1
0 0.544975 0.261148 0.91005 0.522296
0 0.940391 0.385855 0.119218 0.46342
2 0.76023 0.211775 0.47446 0.42355
2 0.873447 0.437661 0.250673 0.567252
2 0.208238 0.236814 0.411473 0.473628
0 0.738604 0.657139 0.522793 0.545461
2 0.260827 0.249793 0.521654 0.499585
0 0.597624 0.584688 0.0168149 0.0264939
0 0.662511 0.711479 0.458054 0.337852
0 0.511397 0.55574 0.0232146 0.0200105
0 0.552903 0.5 0.535945 1
0 0.605512 0.349201 0.788977 0.698403
1 0.959792 0.206971 0.080415 0.413942
1 0.260827 0.249793 0.521654 0.499585
0 0.00199918 0.175972 0.00399835 0.351943
0 0.952264 0.19624 0.0954718 0.392481
2 0.958114 0.257039 0.0837723 0.514079
0 0.105902 0.587014 0.083344 0.048039
2 0.395622 0.296679 0.791245 0.593359
0 0.22306 0.537596 0.0523259 0.0384314
4 0.256308 0.5 0.512616 1
0 0.5 0.430542 1 0.861085
0 0.0032324 0.792306 0.00646481 0.415388
1 0.76023 0.211775 0.47446 0.42355
3 0.461424 0.448812 0.0125333 0.0498771
0 0.76023 0.211775 0.47446 0.42355
1 0.445288 0.24184 0.890576 0.48368
3 0.00103614 0.130146 0.00207229 0.260292
1 0.142258 0.484751 0.284116 0.969502
1 0.235378 0.634745 0.470756 0.203594
4 0.00199918 0.175972 0.00399835 0.351943
0 0.714606 0.457745 0.570787 0.915489
0 0.358291 0.175082 0.716582 0.350163
2 0.235327 0.774477 0.470653 0.451047
3 0.517622 0.558236 0.0319124 0.0236256
0 0.578708 0.703571 0.416858 0.335317
0 0.861273 0.562009 0.277454 0.69034
0 0.150295 0.635581 0.30059 0.204209
4 0.20579 0.768343 0.411581 0.463315
0 0.00977675 0.123082 0.0195535 0.246164
3 0.891581 0.838677 0.216839 0.322647
0 0.755215 0.557267 0.48957 0.761618
0 0.891581 0.838677 0.216839 0.322647
2 0.864737 0.83951 0.270526 0.320979
4 0.281331 0.691705 0.0547299 0.139245
1 0.952264 0.19624 0.0954718 0.392481
1 0.264384 0.767556 0.528768 0.464888
4 0.77885 0.180835 0.44054 0.361669
3 0.699612 0.315314 0.600775 0.630628
0 0.66337 0.190959 0.67326 0.381919
0 0.927496 0.456954 0.145008 0.480653
0 0.289118 0.53869 0.0384475 0.0326983
3 0.00208826 0.464246 0.00417652 0.472814
3 0.00977675 0.123082 0.0195535 0.246164
1 0.719631 0.186071 0.560738 0.372142
0 0.1982 0.581506 0.0941754 0.0939982
2 0.172174 0.549545 0.0161895 0.0363214
2 0.242957 0.159261 0.485914 0.318523
0 0.162476 0.551138 0.0384867 0.0324243
4 0.313008 0.5 0.621058 1
1 0.254451 0.5 0.508902 1
2 0.719631 0.186071 0.560738 0.372142
3 0.00217895 0.310279 0.0043579 0.620558
1 0.953894 0.265567 0.0922119 0.501879
0 0.449781 0.5 0.568054 1
1 0.00977675 0.123082 0.0195535 0.246164
1 0.395622 0.296679 0.791245 0.593359
3 0.00201306 0.557499 0.00402612 0.359222
2 0.940391 0.385855 0.119218 0.46342
3 0.313008 0.5 0.621058 1
1 0.268085 0.190299 0.53617 0.380597
0 0.62689 0.745169 0.380679 0.4332
1 0.927496 0.456954 0.145008 0.480653
0 0.263403 0.414906 0.453738 0.755758
0 0.944887 0.309413 0.110225 0.618827
2 0.77885 0.180835 0.44054 0.361669
1 0.875123 0.170764 0.249754 0.341528
0 0.436338 0.289902 0.302669 0.539943
2 0.826299 0.823427 0.344413 0.353145
3 0.265937 0.317276 0.447202 0.57271
1 0.745562 0.77688 0.508876 0.394323
2 0.368336 0.277206 0.249867 0.43336
2 0.957907 0.187654 0.084185 0.375308
0 0.649958 0.351326 0.693799 0.702653
0 0.894127 0.285522 0.0368202 0.0598189
3 0.552903 0.5 0.535945 1
4 0.552903 0.5 0.535945 1
3 0.683578 0.476177 0.0171631 0.105751
4 0.00201306 0.557499 0.00402612 0.359222
4 0.171134 0.645906 0.342268 0.28478
0 0.137413 0.601866 0.274827 0.3005
0 0.517622 0.558236 0.0319124 0.0236256
2 0.309006 0.39695 0.379877 0.714583
3 0.959763 0.15853 0.0804731 0.317061
4 0.959792 0.206971 0.080415 0.413942
0 0.0015873 0.713123 0.00317459 0.468303
1 0.5 0.430542 1 0.861085
4 0.959763 0.15853 0.0804731 0.317061
0 0.00217895 0.310279 0.0043579 0.620558
1 0.00138655 0.200188 0.0027731 0.400376
1 0.500628 0.5 0.516217 1
2 0.891581 0.838677 0.216839 0.322647
2 0.00192227 0.259889 0.00384453 0.519778
4 0.00217895 0.310279 0.0043579 0.620558
3 0.212015 0.38866 0.0217582 0.0708311
0 0.00201306 0.557499 0.00402612 0.359222
2 0.167249 0.261891 0.334498 0.523783
1 0.661806 0.479327 0.676388 0.958654
0 1 0.882456 0 0.230185
1 0.544975 0.261148 0.91005 0.522296
0 0 0.211467 0 0.422935
2 0.406922 0.190885 0.813845 0.381769
2 0.500628 0.5 0.516217 1
2 0.959763 0.15853 0.0804731 0.317061
0 0.661806 0.479327 0.676388 0.958654
0 0.00208826 0.464246 0.00417652 0.472814
1 0.597495 0.177901 0.805011 0.355803
1 0.615228 0.264146 0.769544 0.528292
1 0.358291 0.175082 0.716582 0.350163
4 0.700826 0.22207 0.598348 0.44414
1 0.959763 0.15853 0.0804731 0.317061
1 0.171134 0.645906 0.342268 0.28478
4 0.283221 0.783362 0.566442 0.433276
0 0.875123 0.170764 0.249754 0.341528
3 0.20579 0.768343 0.411581 0.463315
4 0.00977675 0.123082 0.0195535 0.246164
0 0.171134 0.645906 0.342268 0.28478
3 0.615228 0.264146 0.769544 0.528292
1 0.207323 0.28471 0.414646 0.56942
0 0.411012 0.421139 0.296402 0.818652
3 0.658119 0.448063 0.00871697 0.0263275
1 0.914962 0.789413 0.170075 0.35939
0 0.32434 0.00211576 0.644614 0.00423152
0 0.927657 0.646124 0.144686 0.586805
4 0.208238 0.236814 0.411473 0.473628
3 0.959792 0.206971 0.080415 0.413942
1 0.887686 0.499686 0.221137 0.562519
3 0.00137442 0.219279 0.00274885 0.438559
1 0.927657 0.646124 0.144686 0.586805
4 0.00208826 0.464246 0.00417652 0.472814
2 0.927496 0.456954 0.145008 0.480653
1 0.940391 0.385855 0.119218 0.46342
4 0.864737 0.83951 0.270526 0.320979
3 0.208238 0.236814 0.411473 0.473628
2 0.00199918 0.175972 0.00399835 0.351943
0 0.955682 0.170307 0.0886351 0.340615
1 0.915972 0.527191 0.168056 0.599422
2 0.265937 0.317276 0.447202 0.57271
2 0.381765 0.5 0.598074 1
4 0.712519 0.789709 0.540345 0.420581
4 0.927496 0.456954 0.145008 0.480653
1 0.00201306 0.557499 0.00402612 0.359222
0 0.151868 0.549151 0.303736 0.373786
0 0.311988 0.462597 0.623976 0.925194
1 0.172041 0.550297 0.0213786 0.0398959
2 0.00208826 0.464246 0.00417652 0.472814
1 0.700826 0.22207 0.598348 0.44414
1 0.730197 0.559217 0.539607 0.835592
1 0.1477 0.287536 0.2954 0.575073
4 0.151868 0.549151 0.303736 0.373786
3 0.712519 0.789709 0.540345 0.420581
0 0.951768 0.246857 0.0893131 0.081551
4 0.274173 0.683103 0.0704249 0.161219
1 0.605512 0.349201 0.788977 0.698403
0 0.221708 0.580973 0.443417 0.499771
2 0.85972 0.563213 0.276379 0.666844
4 0.426965 0.674941 0.586471 0.433167
3 0.833622 0.393841 0.146046 0.260177
3 0.649958 0.351326 0.693799 0.702653
4 0.615228 0.264146 0.769544 0.528292
2 0.770471 0.793134 0.459058 0.380371
1 0.178662 0.787407 0.357325 0.425186
3 0.927496 0.456954 0.145008 0.480653
4 0.76023 0.211775 0.47446 0.42355
3 0.242957 0.159261 0.485914 0.318523
0 0.831168 0.319475 0.0224884 0.0370043
3 0.5 0.430542 1 0.861085
1 0.623708 0.5 0.528065 1
1 0.611283 0.681563 0.427315 0.276211
4 0.347088 0.680621 0.611286 0.382023
3 0.77885 0.180835 0.44054 0.361669
2 0.700826 0.22207 0.598348 0.44414
2 0.714606 0.457745 0.570787 0.915489
0 0.671042 0.839983 0.588316 0.320034
0 0.754256 0.829568 0.482995 0.340864
3 0.207323 0.28471 0.414646 0.56942
0 0.915972 0.527191 0.168056 0.599422
3 0.76023 0.211775 0.47446 0.42355
1 0.649958 0.351326 0.693799 0.702653
4 0.914962 0.789413 0.170075 0.35939
4 0.927657 0.646124 0.144686 0.586805
2 0.944887 0.309413 0.110225 0.618827
2 0.959755 0.160971 0.0804895 0.321942
1 0.824949 0.830576 0.350101 0.338848
0 0.395622 0.296679 0.791245 0.593359
2 0.0731939 0.809287 0.146388 0.381426
4 0.512216 0.686893 0.487624 0.352495
3 0.840407 0.838819 0.308733 0.322362
0 0.428151 0.537399 0.0291344 0.0219984
1 0.00217895 0.310279 0.0043579 0.620558
4 0.242957 0.159261 0.485914 0.318523
1 0.150295 0.635581 0.30059 0.204209
2 0.137413 0.601866 0.274827 0.3005
3 0.436338 0.289902 0.302669 0.539943
1 0.955682 0.170307 0.0886351 0.340615
3 0.256308 0.5 0.512616 1
1 0.381765 0.5 0.598074 1
1 0.162476 0.551138 0.0384867 0.0324243
0 0.351384 0.0968707 0.0405663 0.034292
1 0.151868 0.549151 0.303736 0.373786
4 0.5 0.421745 1 0.843491
4 0.800197 0.792671 0.399607 0.414659
2 0.178662 0.787407 0.357325 0.425186
2 0.615228 0.264146 0.769544 0.528292
2 0.00201306 0.557499 0.00402612 0.359222
2 0.158969 0.473103 0.309791 0.946207
0 0.512216 0.686893 0.487624 0.352495
4 0.221708 0.580973 0.443417 0.499771
0 0.138393 0.525515 0.0892125 0.0750087
1 0.157507 0.563674 0.0493956 0.057967
3 0.800197 0.792671 0.399607 0.414659
2 0.569578 0.378799 0.860844 0.757597
4 0.150295 0.635581 0.30059 0.204209
0 0.394427 0.531131 0.007864 0.0169708
0 0.344148 0.528859 0.00781803 0.0178629
0 0.152158 0.496883 0.0308984 0.0344148
1 0.172434 0.547604 0.016977 0.0407233
0 0.352503 0.0939097 0.0348468 0.0235635
1 0.513693 0.537757 0.0316956 0.0558796
0 0.154473 0.505409 0.035759 0.0509857
2 0.191822 0.241365 0.383644 0.48273
0 0.330861 0.530391 0.0187102 0.0181327
1 0.509436 0.52445 0.0288194 0.0624009
0 0.245752 0.243292 0.491504 0.486585
0 0.570979 0.571112 0.0583147 0.0323229
0 0.261145 0.416487 0.458966 0.763862
0 0.673118 0.247551 0.373481 0.495102
0 0.518996 0.537621 0.0401314 0.0581678
0 0.284466 0.274391 0.413692 0.503405
4 0.523738 0.518382 0.0422975 0.0825203
0 0.802477 0.796287 0.395046 0.407426
0 0.399234 0.296826 0.178647 0.435912
2 0.196647 0.39453 0.393294 0.789059
0 0.522886 0.519494 0.0427626 0.0790436
1 0.521594 0.521454 0.0453014 0.083361
4 0.152158 0.496883 0.0308984 0.0344148
0 0.327656 0.508285 0.01966 0.0238195
4 0.154473 0.505409 0.035759 0.0509857
3 0.390295 0.289425 0.19829 0.428775
1 0.191822 0.241365 0.383644 0.48273
0 0.385475 0.532879 0.019351 0.0182336
0 0.312074 0.534936 0.0327438 0.0257317
1 0.191226 0.789932 0.382452 0.420136
0 0.502376 0.510399 0.0195281 0.0643261
0 0.949412 0.740909 0.101176 0.386904
0 0.7598 0.253606 0.476176 0.507213
1 0.519191 0.554034 0.0417208 0.0430427
0 0.644817 0.598837 0.0909947 0.0439959
1 0.165379 0.558062 0.0331016 0.0585282
0 0.509436 0.52445 0.0288194 0.0624009
1 0.200324 0.858805 0.400649 0.28239
0 0.430075 0.537949 0.0238937 0.0237905
0 0.482185 0.484523 0.0118964 0.0348355
1 0.785048 0.802012 0.421678 0.395976
0 0.00164354 0.181285 0.00328709 0.36257
0 0.669885 0.496186 0.479229 0.992371
2 0.182833 0.78311 0.365666 0.433779
1 0.185434 0.550614 0.0397583 0.0462
0 0.000631991 0.14328 0.00126398 0.28656
0 0.859759 0.809649 0.280483 0.380703
0 0.735224 0.781183 0.39739 0.437634
1 0.515897 0.545318 0.0438397 0.0623047
1 0.196647 0.39453 0.393294 0.789059
4 0.172434 0.547604 0.016977 0.0407233
0 0.360487 0.255328 0.261457 0.494692
0 0.952645 0.166351 0.094709 0.332702
0 0.277041 0.5 0.554083 1
0 0.182833 0.78311 0.365666 0.433779
0 6.82458e-05 0.349927 0.000136492 0.413298
0 0.00102406 0.36318 0.00204811 0.576974
2 0.518996 0.537621 0.0401314 0.0581678
0 0.00742057 0.777345 0.0148411 0.44531
0 0.196647 0.39453 0.393294 0.789059
0 0.738271 0.380892 0.523459 0.761783
2 0.662357 0.251406 0.355363 0.502811
0 0.00104488 0.487822 0.00208976 0.508629
2 0.2536 0.5 0.5072 1
0 0.59707 0.584245 0.0160982 0.0276379
0 0.42406 0.272644 0.230726 0.545288
2 0.320501 0.278855 0.342247 0.498649
3 0.42406 0.272644 0.230726 0.545288
0 0.761752 0.712332 0.472288 0.496231
0 0.904017 0.799875 0.191967 0.398085
1 0.161939 0.54713 0.0368223 0.0531848
2 0.793573 0.228434 0.411099 0.456868
4 0.327656 0.508285 0.01966 0.0238195
0 0.960463 0.659664 0.0790744 0.411015
0 0.500637 0.495627 0.0174681 0.0482494
4 0.2536 0.5 0.5072 1
1 0.171608 0.540411 0.0194149 0.041806
0 0.0532509 0.792155 0.106502 0.41569
3 0.669885 0.496186 0.479229 0.992371
0 0.382643 0.425419 0.684002 0.850838
1 0.669885 0.496186 0.479229 0.992371
2 0.295349 0.291218 0.451644 0.582435
4 0.645608 0.418633 0.471138 0.837266
3 0.2536 0.5 0.5072 1
0 0.16073 0.225396 0.321461 0.450792
0 0.350409 0.482496 0.0230085 0.0437845
1 0.382643 0.425419 0.684002 0.850838
2 0.382643 0.425419 0.684002 0.850838
3 0.154473 0.505409 0.035759 0.0509857
4 0.801161 0.23711 0.393632 0.47422
2 0.42406 0.272644 0.230726 0.545288
2 0.645608 0.418633 0.471138 0.837266
1 0.689524 0.252551 0.423801 0.505102
0 0.558568 0.801396 0.584454 0.397208
1 0.42406 0.272644 0.230726 0.545288
4 0.171608 0.540411 0.0194149 0.041806
1 0.830929 0.181928 0.338143 0.363857
1 0.275655 0.869382 0.537454 0.261236
4 0.171181 0.232919 0.342361 0.465837
0 0.355815 0.098808 0.0779923 0.0801071
3 0.854675 0.244319 0.29065 0.488637
2 0.509436 0.52445 0.0288194 0.0624009
0 0.44214 0.35068 0.88428 0.70136
0 0.57242 0.576683 0.0596018 0.0310654
0 0.519453 0.528969 0.0451807 0.0683574
0 0.608141 0.293271 0.783717 0.586541
1 0.2536 0.5 0.5072 1
0 0.546174 0.401127 0.558962 0.802255
4 0.196647 0.39453 0.393294 0.789059
4 0.42406 0.272644 0.230726 0.545288
4 0.320501 0.278855 0.342247 0.498649
0 0.715798 0.730816 0.456153 0.411382
0 0.255923 0.199995 0.511846 0.399989
0 0.630079 0.590772 0.0629769 0.0301971
3 0.482185 0.484523 0.0118964 0.0348355
0 0.767879 0.178794 0.464241 0.357588
3 0.320501 0.278855 0.342247 0.498649
1 0.320501 0.278855 0.342247 0.498649
0 0.000193948 0.267499 0.000387895 0.423975
3 0.394427 0.531131 0.007864 0.0169708
0 0.397866 0.834981 0.498961 0.330038
1 0.82802 0.813695 0.34396 0.372609
0 0.001137 0.585201 0.00227401 0.469775
0 0.602797 0.58661 0.0115109 0.0258083
0 0.79294 0.351165 0.41412 0.658808
0 0.316019 0.46395 0.418191 0.908311
2 0.722569 0.313998 0.482898 0.627996
2 0.854675 0.244319 0.29065 0.488637
0 0.957624 0.141864 0.0847511 0.283729
0 0.707767 0.188414 0.584465 0.376828
0 0.503022 0.840028 0.544226 0.319944
1 0.722569 0.313998 0.482898 0.627996
0 0.00579896 0.125472 0.0115979 0.250944
0 0.679676 0.779461 0.559013 0.441078
0 0.93042 0.217182 0.13916 0.434364
0 0.585599 0.304781 0.574823 0.609562
0 0.283105 0.799119 0.558754 0.401761
0 0.176486 0.664761 0.352972 0.513996
1 0.19928 0.565671 0.084947 0.0718951
0 0.369475 0.531477 0.0122549 0.0125536
0 0.000316057 0.669362 0.000632113 0.422198
3 0.152158 0.496883 0.0308984 0.0344148
3 0.546174 0.401127 0.558962 0.802255
0 0.640881 0.227216 0.718237 0.454432
3 0.295349 0.291218 0.451644 0.582435
0 0.162264 0.362911 0.324527 0.663021
0 0.115024 0.577277 0.103207 0.0712736
0 0.937792 0.317024 0.124417 0.4033
0 0.373751 0.369762 0.387512 0.707096
0 0.941678 0.188781 0.116644 0.377562
2 0.261145 0.416487 0.458966 0.763862
4 0.247938 0.248737 0.482857 0.497474
4 0.185434 0.550614 0.0397583 0.0462
2 0.735224 0.781183 0.39739 0.437634
4 0.546174 0.401127 0.558962 0.802255
0 0.426329 0.536038 0.0218805 0.0225502
0 0.154176 0.510594 0.0468618 0.0576119
3 0.00579896 0.125472 0.0115979 0.250944
0 0.448985 0.771585 0.523433 0.456829
1 0.883829 0.808755 0.232342 0.38249
2 0.822828 0.807102 0.354345 0.385796
0 0.401305 0.529225 0.0164493 0.0210009
0 0.307664 0.20461 0.615328 0.40922
4 0.960463 0.659664 0.0790744 0.411015
1 0.854675 0.244319 0.29065 0.488637
1 0.757794 0.52201 0.484413 0.952166
4 0.382643 0.425419 0.684002 0.850838
0 0.757794 0.52201 0.484413 0.952166
1 0.960463 0.659664 0.0790744 0.411015
0 0.836626 0.214574 0.326748 0.429148
1 0.383362 0.8803 0.474167 0.239399
3 0.373751 0.369762 0.387512 0.707096
3 0.745677 0.5 0.508647 1
1 0.888933 0.177181 0.222134 0.354362
3 0.247938 0.248737 0.482857 0.497474
0 0.645123 0.707739 0.40444 0.439757
4 0.645123 0.707739 0.40444 0.439757
1 0.295349 0.291218 0.451644 0.582435
0 0.88244 0.319297 0.23512 0.401471
3 0.79294 0.351165 0.41412 0.658808
0 0.548254 0.741948 0.413403 0.516105
2 0.88244 0.319297 0.23512 0.401471
1 0.937792 0.317024 0.124417 0.4033
4 0.276808 0.681646 0.0579484 0.156086
2 0.316019 0.46395 0.418191 0.908311
2 0.493923 0.389324 0.987846 0.778649
2 0.679676 0.779461 0.559013 0.441078
4 0.904017 0.799875 0.191967 0.398085
0 0.949496 0.421776 0.101007 0.369797
0 0.00248922 0.75907 0.00497845 0.481861
3 0.897283 0.246359 0.205434 0.492717
0 0.651663 0.77014 0.370162 0.45972
1 0.261145 0.416487 0.458966 0.763862
4 0.162264 0.362911 0.324527 0.663021
1 0.939963 0.235804 0.120074 0.471607
3 0.88244 0.319297 0.23512 0.401471
1 0.793573 0.228434 0.411099 0.456868
4 0.692458 0.5 0.465217 1
3 0.904017 0.799875 0.191967 0.398085
2 0.546174 0.401127 0.558962 0.802255
2 0.585599 0.304781 0.574823 0.609562
3 0.74433 0.23353 0.511339 0.46706
2 0.904017 0.799875 0.191967 0.398085
1 0.949496 0.421776 0.101007 0.369797
0 0.38566 0.732838 0.45544 0.534324
0 0.496732 0.49951 0.0154852 0.038154
0 0 0.612727 0 0.579526
0 0.581306 0.856987 0.538518 0.286026
3 0.722569 0.313998 0.482898 0.627996
1 0.934236 0.181426 0.131528 0.362852
0 0.354947 0.5303 0.0222168 0.0186703
3 0.941678 0.188781 0.116644 0.377562
4 0.746622 0.399793 0.506529 0.799586
4 0.949412 0.740909 0.101176 0.386904
0 0.747085 0.799249 0.505829 0.401502
2 0.93042 0.217182 0.13916 0.434364
0 0.865896 0.617122 0.268209 0.616606
1 0.949412 0.740909 0.101176 0.386904
4 0.00579896 0.125472 0.0115979 0.250944
0 0.481839 0.497909 0.0124407 0.0363594
1 0.546174 0.401127 0.558962 0.802255
3 0.453974 0.433441 0.777652 0.866881
2 0.72401 0.5 0.511622 1
0 0.355475 0.279185 0.710951 0.558371
1 0.585599 0.304781 0.574823 0.609562
1 0.00579896 0.125472 0.0115979 0.250944
2 0.514318 0.306193 0.950707 0.612387
0 0.897283 0.246359 0.205434 0.492717
4 0.295349 0.291218 0.451644 0.582435
0 0.888933 0.177181 0.222134 0.354362
3 0.316019 0.46395 0.418191 0.908311
4 0.00164354 0.181285 0.00328709 0.36257
0 0.165523 0.528341 0.331047 0.517336
3 0.952645 0.166351 0.094709 0.332702
1 0.72162 0.7884 0.390671 0.4232
0 0.960783 0.539051 0.0784346 0.399345
4 0.176486 0.664761 0.352972 0.513996
4 0.599247 0.635499 0.392134 0.488503
1 0.00164354 0.181285 0.00328709 0.36257
1 0.679676 0.779461 0.559013 0.441078
4 0.686087 0.259811 0.450191 0.519622
1 0.645123 0.707739 0.40444 0.439757
0 0.342921 0.511496 0.00849633 0.0257091
4 0.373751 0.369762 0.387512 0.707096
2 0.960463 0.659664 0.0790744 0.411015
0 0.342757 0.865616 0.499552 0.268768
4 0.234862 0.459439 0.469724 0.918878
2 0.241426 0.809973 0.482852 0.380055
4 0.952645 0.166351 0.094709 0.332702
4 0.200073 0.772171 0.400146 0.455659
4 0.88066 0.811915 0.238679 0.376169
0 0.909419 0.329681 0.181162 0.339161
1 0.165523 0.528341 0.331047 0.517336
0 0.938376 0.187264 0.123248 0.374528
4 0.834666 0.191766 0.330668 0.383531
1 0.960783 0.539051 0.0784346 0.399345
1 0.88244 0.319297 0.23512 0.401471
3 0.16413 0.288908 0.32826 0.577816
2 0.941678 0.188781 0.116644 0.377562
4 0.949496 0.421776 0.101007 0.369797
0 0.926503 0.677998 0.146995 0.523124
4 0.711757 0.460644 0.0278767 0.0581882
4 0.316019 0.46395 0.418191 0.908311
0 0.814994 0.557877 0.370013 0.735107
3 0.960463 0.659664 0.0790744 0.411015
2 0.949412 0.740909 0.101176 0.386904
3 0.00164354 0.181285 0.00328709 0.36257
3 0.176486 0.664761 0.352972 0.513996
0 0.895622 0.286845 0.0435926 0.0716948
4 0.493923 0.389324 0.987846 0.778649
1 0.176486 0.664761 0.352972 0.513996
4 0.941678 0.188781 0.116644 0.377562
2 0.176486 0.664761 0.352972 0.513996
0 0.571327 0.566703 0.06558 0.0439949
3 0.949496 0.421776 0.101007 0.369797
2 0.373751 0.369762 0.387512 0.707096
4 0.197795 0.679251 0.39559 0.398819
2 0.868375 0.797405 0.26325 0.40519
0 0.599247 0.635499 0.392134 0.488503
0 0.493174 0.489308 0.0191861 0.0374717
0 0.471319 0.881083 0.478873 0.237833
3 0.868375 0.797405 0.26325 0.40519
1 0.316019 0.46395 0.418191 0.908311
0 0.522743 0.349284 0.942363 0.698569
0 0.0224801 0.512581 0.0449601 0.0707111
3 0.599247 0.635499 0.392134 0.488503
1 0.567714 0.564466 0.05427 0.0367494
1 0.957624 0.141864 0.0847511 0.283729
0 0.230212 0.668106 0.460424 0.646782
0 0.926106 0.435258 0.147787 0.276282
3 0.490054 0.432561 0.980107 0.865122
3 0.181439 0.753917 0.362879 0.492167
3 0.937792 0.317024 0.124417 0.4033
0 0.88066 0.811915 0.238679 0.376169
1 0.897283 0.246359 0.205434 0.492717
4 0.165523 0.528341 0.331047 0.517336
2 0.645123 0.707739 0.40444 0.439757
0 0.781522 0.809051 0.436956 0.381898
1 0.508771 0.530144 0.0354494 0.0766621
0 0.00216128 0.186436 0.00432256 0.372871
0 0.844952 0.811069 0.307548 0.377862
0 0.73455 0.228381 0.530901 0.456762
0 0.713017 0.175206 0.573966 0.350413
0 0.952868 0.124143 0.0942635 0.248287
0 0.888971 0.12949 0.222058 0.25898
0 0.00234753 0.429882 0.00469507 0.594622
0 0.946751 0.72746 0.106497 0.372276
0 0.75084 0.340758 0.498321 0.681517
0 0.233726 0.214207 0.467453 0.428414
0 0.00210409 0.562951 0.00420817 0.416919
0 0.383526 0.172773 0.767053 0.345546
2 0.121471 0.261156 0.242943 0.522313
0 0 0.631739 0 0.437288
0 0.953523 0.203285 0.0929543 0.40657
0 0.574269 0.8466 0.587809 0.3068
0 0.250079 0.5 0.500159 1
0 0.312354 0.5 0.594573 1
0 0.330942 0.114192 0.661884 0.228383
0 0.941686 0.363198 0.116629 0.374391
4 0.164333 0.549125 0.0307133 0.0383865
2 0.213041 0.18829 0.419317 0.376579
0 0.421825 0.305321 0.843651 0.610642
0 0.0018883 0.633783 0.00377659 0.400975
0 0.946141 0.260596 0.107717 0.521192
0 0 0.225602 0 0.451203
1 0.217015 0.782088 0.432296 0.435825
1 0.164333 0.549125 0.0307133 0.0383865
0 0.889368 0.394129 0.219852 0.318566
0 0.00830533 0.806332 0.0166107 0.387336
0 0.166077 0.244084 0.332154 0.488167
0 0.942395 0.439754 0.115211 0.352592
0 0.3219 0.709825 0.6438 0.367833
0 0.00672453 0.127477 0.0134491 0.254954
0 0.00248692 0.33061 0.00497383 0.661219
0 0.19677 0.165532 0.393541 0.331065
0 0.121471 0.261156 0.242943 0.522313
0 0.0198236 0.822732 0.0396472 0.354537
0 0.708537 0.5 0.479128 1
2 0.166077 0.244084 0.332154 0.488167
0 0.769379 0.181754 0.461243 0.363507
0 0.232844 0.309186 0.45754 0.618373
0 0.37448 0.326207 0.497596 0.605389
0 0.245711 0.5734 0.480361 0.575455
0 0.319023 0.502996 0.638046 0.953612
0 0.202634 0.69121 0.405267 0.39477
0 0.390036 0.746789 0.600241 0.445242
1 0.121471 0.261156 0.242943 0.522313
0 0.755919 0.765856 0.479736 0.468288
1 0.510352 0.534383 0.044939 0.0970869
0 0.24435 0.371817 0.4887 0.717843
1 0.166077 0.244084 0.332154 0.488167
0 0.213561 0.763019 0.427122 0.473962
0 0.92831 0.32242 0.14338 0.64484
1 0.948114 0.535629 0.103773 0.335243
0 0.86257 0.422017 0.27486 0.321428
0 0.0934337 0.817517 0.186867 0.364965
0 0.00294166 0.77839 0.00588332 0.44322
1 0.955044 0.648177 0.0899111 0.356831
0 0.498546 0.399179 0.939726 0.798359
0 0.24722 0.733643 0.486018 0.404529
0 0.642055 0.156768 0.71589 0.313535
0 0.158755 0.773988 0.317511 0.452025
0 0.898369 0.279578 0.203262 0.559155
0 0.496941 0.810747 0.54422 0.378506
0 0.955044 0.648177 0.0899111 0.356831
0 0.00213181 0.72397 0.00426363 0.445327
0 0.498815 0.754826 0.457712 0.484364
0 0.948114 0.535629 0.103773 0.335243
2 0.5038 0.530501 0.0404022 0.0738095
0 0.40212 0.5 0.642327 1
1 0.515842 0.527952 0.0438931 0.0845237
2 0.428842 0.5 0.661696 1
0 0.620136 0.217108 0.738851 0.434216
0 0.322401 0.760498 0.644802 0.479004
4 0.19677 0.165532 0.393541 0.331065
0 0.642064 0.79687 0.612715 0.40626
0 0.59312 0.435369 0.537832 0.870738
0 0.165028 0.654692 0.330056 0.389148
2 0.319023 0.502996 0.638046 0.953612
1 0.00216128 0.186436 0.00432256 0.372871
1 0.3219 0.709825 0.6438 0.367833
1 0.779972 0.801281 0.440057 0.397439
1 0.27237 0.5 0.535469 1
0 0.329479 0.425228 0.556006 0.850455
0 0.523323 0.471899 0.831503 0.943798
1 0.165028 0.654692 0.330056 0.389148
0 0.840815 0.484903 0.318371 0.429706
0 0.783467 0.416785 0.430851 0.833569
0 0.846703 0.146924 0.306595 0.293847
0 0.699724 0.758713 0.433794 0.482574
0 0.621313 0.5 0.471216 1
0 0.667571 0.270579 0.664857 0.541159
1 0.951313 0.254871 0.0973745 0.509742
1 0.59312 0.435369 0.537832 0.870738
1 0.245711 0.5734 0.480361 0.575455
1 0.942395 0.439754 0.115211 0.352592
1 0.946751 0.72746 0.106497 0.372276
1 0.319023 0.502996 0.638046 0.953612
2 0.329479 0.425228 0.556006 0.850455
2 0.158755 0.773988 0.317511 0.452025
0 0.89247 0.609491 0.211676 0.384482
2 0.312354 0.5 0.594573 1
1 0.123797 0.797339 0.247594 0.405323
1 0.78082 0.305184 0.43836 0.610367
0 0.357398 0.0884102 0.0496709 0.0359963
1 0.390036 0.746789 0.600241 0.445242
0 0.655408 0.5 0.585996 1
1 0.329479 0.425228 0.556006 0.850455
1 0.506164 0.553338 0.0422216 0.122986
2 0.390036 0.746789 0.600241 0.445242
0 0.920122 0.402998 0.159756 0.330775
0 0.936614 0.59871 0.125686 0.290582
0 0.191909 0.5 0.383818 1
0 0.395314 0.474336 0.790629 0.948672
0 0.508384 0.5 0.569387 1
3 0.390036 0.746789 0.600241 0.445242
4 0.319023 0.502996 0.638046 0.953612
1 0.674573 0.5 0.470384 1
0 0.144008 0.510398 0.288017 0.519375
2 0.75084 0.340758 0.498321 0.681517
1 0.736057 0.350118 0.527885 0.700235
0 0.962846 0.108737 0.0743086 0.217474
0 0.297862 0.310787 0.410219 0.467426
0 0.718438 0.5 0.563123 1
4 0.390036 0.746789 0.600241 0.445242
2 0.3219 0.709825 0.6438 0.367833
2 0.498546 0.399179 0.939726 0.798359
0 0.755205 0.7018 0.48959 0.491073
2 0.769379 0.181754 0.461243 0.363507
4 0.166077 0.244084 0.332154 0.488167
1 0.162581 0.752455 0.325161 0.49509
2 0.951313 0.254871 0.0973745 0.509742
1 0.738612 0.753342 0.485168 0.485896
0 0.932203 0.339203 0.135593 0.479181
0 0.0693943 0.651261 0.138564 0.177997
1 0.428842 0.5 0.661696 1
1 0.224845 0.295435 0.449691 0.590869
0 0.125413 0.417475 0.250827 0.83495
2 0.297862 0.310787 0.410219 0.467426
1 0.523323 0.471899 0.831503 0.943798
0 0.410658 0.257386 0.821317 0.514771
0 0.825529 0.660272 0.348942 0.501676
1 0.449273 0.404636 0.898547 0.809272
0 0.111061 0.581286 0.0906933 0.0566821
4 0.121471 0.261156 0.242943 0.522313
0 0.559372 0.127524 0.785557 0.255047
1 0.498815 0.754826 0.457712 0.484364
3 0.78082 0.305184 0.43836 0.610367
4 0.396148 0.5 0.622009 1
1 0.00672453 0.127477 0.0134491 0.254954
3 0.319023 0.502996 0.638046 0.953612
0 0.308031 0.440163 0.398726 0.86362
4 0.204594 0.687389 0.407221 0.363982
1 0.171429 0.548008 0.0216575 0.0383572
2 0.51307 0.549853 0.029508 0.0359833
3 0.488097 0.483618 0.0222447 0.0347969
0 0.295671 0.537712 0.0304205 0.0316093
4 0.156191 0.502559 0.0345244 0.0452558
0 0.816096 0.809286 0.367808 0.381428
4 0.492037 0.485519 0.0228579 0.0381314
0 0.749593 0.771759 0.483479 0.395586
0 0.345198 0.527857 0.0114486 0.0197442
0 0.880026 0.553094 0.0632366 0.0735239
0 0.353533 0.483309 0.024272 0.03089
0 0.250043 0.308104 0.500085 0.601472
0 0.290255 0.538477 0.0446597 0.0351312
1 0.60185 0.585461 0.0160979 0.0267802
1 0.51307 0.549853 0.029508 0.0359833
3 0.492037 0.485519 0.0228579 0.0381314
0 0.928486 0.552431 0.142557 0.0825814
0 0.690904 0.730259 0.40427 0.410879
0 0.67872 0.323053 0.642561 0.646107
0 0.488097 0.483618 0.0222447 0.0347969
1 0.177604 0.549916 0.0282776 0.043205
0 0.51307 0.549853 0.029508 0.0359833
0 0.332408 0.530217 0.0267246 0.0248768
0 0.670545 0.271905 0.527334 0.543809
2 0.51479 0.541263 0.0347682 0.049383
2 0.231213 0.369751 0.462426 0.739501
0 0.30546 0.535757 0.0430967 0.0264787
0 0.00410724 0.246211 0.00821448 0.492422
0 0.739127 0.397329 0.521746 0.794659
0 0.824429 0.39118 0.351142 0.557143
4 0.171429 0.548008 0.0216575 0.0383572
0 0.962656 0.121269 0.0746888 0.242538
0 0.834373 0.554601 0.129172 0.0691274
0 0.863245 0.421033 0.27351 0.339292
0 0.945318 0.379745 0.109364 0.387449
0 0.573342 0.571688 0.0613073 0.0338687
3 0.88179 0.33906 0.0176605 0.153787
0 0.901232 0.152905 0.197536 0.305811
0 0.324732 0.28073 0.342562 0.474247
0 0.94682 0.282901 0.10636 0.565802
0 0.0904912 0.490685 0.180982 0.144867
0 0.678784 0.462415 0.642433 0.924831
0 0.549192 0.301899 0.431328 0.558509
1 0.231213 0.369751 0.462426 0.739501
0 0.353648 0.0925215 0.039546 0.0243962
0 0.0347382 0.800644 0.0694765 0.398711
0 0.00600014 0.690599 0.0120003 0.618803
0 0.66992 0.431453 0.453141 0.82214
1 0.786373 0.808721 0.427254 0.382558
3 0.815119 0.27792 0.369762 0.555839
0 0.417761 0.276257 0.301942 0.484123
0 0.00668116 0.573407 0.0133623 0.69368
0 0.22756 0.460216 0.45512 0.920432
1 0.519188 0.553814 0.0427021 0.0433486
2 0.324732 0.28073 0.342562 0.474247
0 0.877649 0.808079 0.244703 0.383843
0 0.950027 0.462563 0.0999454 0.311297
0 0.185371 0.78778 0.370742 0.424441
0 0.856158 0.8446 0.287684 0.310799
2 0.50744 0.546842 0.0340559 0.0444362
0 0.492037 0.485519 0.0228579 0.0381314
0 0.00724853 0.328861 0.0144971 0.657722
0 0.890757 0.579558 0.216117 0.37485
0 0.649974 0.714335 0.407476 0.336292
1 0.972605 0.569734 0.0547895 0.338699
0 0.974159 0.760974 0.0516821 0.412372
0 0.840069 0.612734 0.319862 0.560163
0 0.367819 0.405327 0.735637 0.810654
0 0.940912 0.551453 0.117144 0.100262
1 0.67872 0.323053 0.642561 0.646107
2 0.417761 0.276257 0.301942 0.484123
0 0.929858 0.587695 0.13923 0.101156
1 0.367819 0.405327 0.735637 0.810654
1 0.974159 0.760974 0.0516821 0.412372
0 0.10212 0.591783 0.0746143 0.0456353
0 0.496806 0.790173 0.516436 0.419654
1 0.670545 0.271905 0.527334 0.543809
2 0.549192 0.301899 0.431328 0.558509
0 0.63859 0.746217 0.283121 0.262746
2 0.67872 0.323053 0.642561 0.646107
3 0.353533 0.483309 0.024272 0.03089
0 0.972605 0.569734 0.0547895 0.338699
0 0.273628 0.783571 0.547256 0.432859
0 0.879466 0.318176 0.241068 0.636352
0 0.907936 0.302242 0.184128 0.604484
4 0.231213 0.369751 0.462426 0.739501
0 0.519441 0.543611 0.0402854 0.0494833
0 0.397093 0.806495 0.501629 0.38701
0 0.828051 0.536839 0.140013 0.0852769
0 0.440777 0.420853 0.881555 0.841707
0 0.326061 0.19807 0.652122 0.39614
0 0.0905095 0.46053 0.181019 0.190642
1 0.681972 0.73442 0.403017 0.371967
1 0.549192 0.301899 0.431328 0.558509
0 0.934008 0.647222 0.127871 0.390189
0 0.737504 0.200845 0.524993 0.401691
4 0.00443451 0.220086 0.00886902 0.440171
0 0.613814 0.821579 0.514188 0.356841
0 0.683185 0.791754 0.555871 0.416493
0 0.226089 0.217365 0.452177 0.434729
4 0.815119 0.27792 0.369762 0.555839
0 0.00851903 0.54205 0.0168894 0.0361861
0 0.49136 0.863917 0.50385 0.272165
1 0.950027 0.462563 0.0999454 0.311297
0 0.235382 0.610243 0.470765 0.443972
1 0.980931 0.689045 0.0381388 0.398738
0 0.281808 0.166967 0.563615 0.333935
0 0.353422 0.376777 0.325841 0.686986
0 0.426953 0.7387 0.416831 0.3999
0 0.284056 0.564909 0.484578 0.531027
1 0.90846 0.818276 0.183081 0.363447
0 0.926767 0.840656 0.146466 0.318688
0 0.474031 0.705179 0.393568 0.335634
2 0.815119 0.27792 0.369762 0.555839
4 0.177604 0.549916 0.0282776 0.043205
1 0.417761 0.276257 0.301942 0.484123
3 0.498292 0.496156 0.0175467 0.0432709
0 0.395191 0.534928 0.0128876 0.0225561
0 0.370801 0.259865 0.741603 0.51973
1 0.94682 0.282901 0.10636 0.565802
3 0.42742 0.294902 0.126797 0.430634
0 0.815119 0.27792 0.369762 0.555839
2 0.265171 0.290494 0.459675 0.532231
4 0.721546 0.358078 0.556909 0.716155
0 0.0185828 0.779295 0.0371655 0.441411
1 0.815119 0.27792 0.369762 0.555839
0 0.00898486 0.532215 0.0179697 0.042586
0 0.568443 0.678434 0.378852 0.267514
0 0.202107 0.56516 0.0880398 0.0703009
0 0.111204 0.59042 0.0875993 0.0434731
0 0.645244 0.601478 0.0907764 0.049916
0 0.5726 0.575167 0.0592607 0.0338857
0 0.246155 0.258817 0.49231 0.50436
2 0.516871 0.552822 0.0372059 0.0351412
0 0.751114 0.749756 0.480867 0.444931
0 0.00779623 0.236678 0.0155925 0.473356
0 0.946434 0.290304 0.107131 0.580609
0 0.95385 0.233768 0.0923 0.467537
2 0.246155 0.258817 0.49231 0.50436
2 0.515365 0.543276 0.0406918 0.0501937
0 0.653854 0.466382 0.477984 0.932765
0 0.641215 0.284767 0.461207 0.569535
0 0.958451 0.0993175 0.0830977 0.198635
0 0.295631 0.537641 0.0244081 0.0284103
0 1 0.772456 0 0.455088
4 0.156304 0.505279 0.0293815 0.0485176
0 0.781647 0.799272 0.434696 0.401455
2 0.647299 0.257269 0.44291 0.514537
0 0.00670438 0.527191 0.0134088 0.892587
1 0.653854 0.466382 0.477984 0.932765
0 0.606599 0.795222 0.527175 0.409557
0 0.00600818 0.646482 0.0120164 0.707035
0 0.723306 0.5 0.547365 1
2 0.653854 0.466382 0.477984 0.932765
0 0.518334 0.555195 0.0386525 0.0325446
0 0.680615 0.688114 0.376278 0.442859
0 0.662914 0.229389 0.586199 0.458778
0 0.362192 0.27894 0.257363 0.473237
0 0.642236 0.767433 0.581675 0.465134
0 0.167727 0.237315 0.335454 0.474631
1 0.661807 0.283621 0.459762 0.567241
2 0.695146 0.313217 0.471764 0.626434
0 0.953016 0.402189 0.0939671 0.594186
0 0.942131 0.763396 0.115738 0.473209
0 0.668038 0.242251 0.376652 0.484501
0 0.853954 0.774252 0.292092 0.451495
0 0.291468 0.28467 0.394948 0.445191
0 0.244332 0.476358 0.488664 0.946448
0 0.531455 0.8075 0.537655 0.385
0 0.797324 0.270934 0.405351 0.541868
0 0.918872 0.281667 0.162257 0.563334
3 0.661807 0.283621 0.459762 0.567241
0 0.281455 0.353033 0.410376 0.623615
0 0.515705 0.550695 0.0378918 0.0374853
1 0.516871 0.552822 0.0372059 0.0351412
0 0.345498 0.531685 0.00851736 0.016993
0 0.000785583 0.658357 0.00157117 0.41957
0 0.845469 0.16837 0.309062 0.336741
0 0.763855 0.422947 0.456738 0.845895
0 0.813984 0.200086 0.372032 0.400173
3 1 0.108112 0 0.216225
1 0.972982 0.504853 0.0540365 0.560186
0 0.278371 0.194689 0.556742 0.389378
0 0.985008 0.732875 0.0299846 0.458723
0 0.00883152 0.468745 0.017663 0.93749
1 0.984129 0.625557 0.0317416 0.550914
4 0.246155 0.258817 0.49231 0.50436
4 0.641215 0.284767 0.461207 0.569535
0 0.913309 0.77558 0.17122 0.434638
1 0.323653 0.59772 0.0216979 0.0571737
3 0.818905 0.339113 0.0157227 0.0454519
1 0.32607 0.587592 0.0246956 0.0705036
1 0.320047 0.602741 0.0162509 0.0438649
4 0.157693 0.504471 0.0224316 0.0447005
3 0.82127 0.34497 0.0196037 0.0614027
3 0.157693 0.504471 0.0224316 0.0447005
1 0.330511 0.58311 0.0215308 0.0603728
3 0.54467 0.432132 0.00381804 0.0175035
4 0.323653 0.59772 0.0216979 0.0571737
3 0.545501 0.440586 0.00510082 0.0255747
3 0.503235 0.503548 0.0139643 0.049952
3 0.657535 0.445079 0.00681267 0.0234848
3 0.494998 0.486858 0.0110438 0.0332238
3 0.824852 0.334664 0.0201027 0.0489457
0 0.111651 0.589828 0.0896658 0.0417055
0 0.699423 0.169182 0.597586 0.338364
1 0.316956 0.599575 0.0275598 0.0499504
0 0.148486 0.255905 0.296973 0.511811
0 0.325634 0.254447 0.651267 0.508894
0 0.710686 0.5 0.578628 1
0 0.718333 0.105189 0.559395 0.210378
0 0.354695 0.5 0.504522 1
0 0.702381 0.360598 0.590369 0.721197
0 0.606974 0.484621 0.554255 0.969242
0 0.244033 0.5 0.480293 1
0 0.819396 0.48918 0.358222 0.873978
3 0.417812 0.450631 0.0107143 0.0610958
0 0.939185 0.156293 0.12163 0.312586
0 0.157693 0.504471 0.0224316 0.0447005
0 0.0130802 0.661938 0.0261604 0.676124
0 0.202161 0.444285 0.404322 0.888571
0 0.181159 0.764939 0.362319 0.462056
0 0.404043 0.793649 0.587341 0.412701
0 0.0115003 0.547861 0.0230005 0.738986
1 0.606974 0.484621 0.554255 0.969242
1 0.28985 0.65869 0.055517 0.201567
0 0.293534 0.139038 0.587068 0.278076
0 0.4718 0.88011 0.529263 0.239779
0 0.614191 0.797082 0.559315 0.405836
0 0.263499 0.820529 0.526998 0.358943
0 0.889728 0.403841 0.220544 0.807683
0 0.43826 0.5 0.545003 1
0 0.0204755 0.703884 0.040951 0.592232
0 0.851678 0.789927 0.296645 0.416842
0 0.248104 0.281692 0.496209 0.563384
1 0.969155 0.65976 0.0616897 0.611062
0 0.403003 0.438282 0.806006 0.876564
0 0.41048 0.293926 0.82096 0.587853
0 0.956348 0.751556 0.0873047 0.456612
0 0.120238 0.518823 0.114608 0.0751497
0 0.1036 0.327146 0.2072 0.654293
0 0.417443 0.849005 0.539818 0.301991
0 0.786874 0.777584 0.426252 0.433747
0 0.912762 0.751108 0.174125 0.474959
0 0.886614 0.284823 0.226772 0.569646
4 0.172214 0.545545 0.0122918 0.0326336
0 0.324746 0.5 0.649492 1
0 0.5 0.49006 1 0.98012
2 0.606974 0.484621 0.554255 0.969242
1 0.631696 0.696685 0.430435 0.373952
0 0.0129206 0.436113 0.0258412 0.872226
4 0.157953 0.501139 0.0320107 0.0455135
1 0.172997 0.547199 0.015205 0.0371136
1 0.507795 0.524291 0.0266293 0.0564164
4 0.171622 0.537326 0.0173827 0.0349034
1 0.167691 0.555817 0.0241186 0.0537532
1 0.164608 0.561884 0.0321075 0.0523884
3 0.818544 0.341292 0.0156574 0.0456998
4 0.161624 0.508761 0.0339576 0.0594175
3 0.490269 0.486522 0.0257578 0.0350939
1 0.511264 0.535443 0.0256982 0.0559148
0 0.490269 0.486522 0.0257578 0.0350939
1 0.163368 0.578091 0.0344112 0.0688124
1 0.171622 0.537326 0.0173827 0.0349034
0 0.156769 0.501618 0.0365367 0.0452475
2 0.886615 0.652109 0.0352896 0.0751854
1 0.166478 0.550301 0.0323729 0.051016
1 0.4926 0.495517 0.0235747 0.0410355
3 0.828917 0.336755 0.0166117 0.0474669
4 0.172997 0.547199 0.015205 0.0371136
2 0.507795 0.524291 0.0266293 0.0564164
2 0.887884 0.65985 0.0281998 0.0614867
1 0.149844 0.571913 0.0505484 0.0504948
1 0.500433 0.504188 0.0227929 0.053726
1 0.166464 0.572977 0.0345896 0.08611
3 0.820468 0.346202 0.0219366 0.062137
0 0.304698 0.536057 0.0404598 0.023787
0 0.343326 0.53016 0.00838885 0.0149629
0 0.299199 0.537126 0.0314944 0.0255746
1 0.503335 0.51749 0.0300267 0.0568649
4 0.48967 0.486492 0.0225771 0.0360374
0 0.33199 0.532868 0.0154806 0.0154922
3 0.544827 0.432724 0.00448599 0.0201368
2 0.511264 0.535443 0.0256982 0.0559148
1 0.323134 0.584558 0.0153155 0.0865347
1 0.510101 0.522326 0.0295162 0.0775363
2 0.4926 0.495517 0.0235747 0.0410355
1 0.48967 0.486492 0.0225771 0.0360374
1 0.319907 0.597709 0.013106 0.0542257
0 0.111683 0.589712 0.0872433 0.0406022
3 0.823831 0.343303 0.0239763 0.0672328
3 0.692413 0.613947 0.00880747 0.0255636
1 0.281572 0.671135 0.0616388 0.21891
0 0.0928751 0.591798 0.0511952 0.0369086
1 0.857971 0.578731 0.0271322 0.0482859
2 0.48967 0.486492 0.0225771 0.0360374
3 0.48945 0.482244 0.0212852 0.0375773
1 0.323509 0.579629 0.0275331 0.100455
3 0.527273 0.499527 0.0248882 0.0526101
2 0.500433 0.504188 0.0227929 0.053726
3 0.937654 0.15198 0.122996 0.303959
1 0.139974 0.585041 0.0248184 0.0290796
2 0.503335 0.51749 0.0300267 0.0568649
1 0.598203 0.586057 0.0105679 0.0223581
0 0.727102 0.497624 0.545796 0.995247
3 0.581941 0.503572 0.008706 0.0368931
0 0.259004 0.464009 0.466615 0.873173
0 0.952079 0.15356 0.0958418 0.30712
0 0.250597 0.340537 0.501194 0.652691
3 0.70659 0.494225 0.00939636 0.0863063
1 0.488616 0.49871 0.0237055 0.0346667
0 0.617182 0.812722 0.563255 0.374555
1 0.885834 0.660007 0.0339298 0.060194
0 0.611585 0.456486 0.518294 0.912971
3 0.4926 0.495517 0.0235747 0.0410355
1 0.173787 0.542823 0.0206571 0.0369551
0 0.93593 0.633281 0.124487 0.492643
0 0.964184 0.77063 0.0716313 0.40574
2 0.952079 0.15356 0.0958418 0.30712
0 0.708526 0.381379 0.565288 0.710309
2 0.893904 0.649525 0.0373232 0.0779287
2 0.837936 0.506379 0.0277546 0.0316379
1 0.979378 0.694661 0.0412443 0.449484
3 0.488616 0.49871 0.0237055 0.0346667
0 0.747828 0.790426 0.504344 0.41004
0 0.187635 0.316548 0.375271 0.616602
3 0.545836 0.4431 0.00562363 0.02863
0 1 0.841522 0 0.316956
2 0.488616 0.49871 0.0237055 0.0346667
0 0.837936 0.506379 0.0277546 0.0316379
0 0.970038 0.608222 0.0574741 0.0529808
0 0.853152 0.805236 0.293696 0.389528
0 0.83486 0.497154 0.0243862 0.0307416
0 0.941958 0.752243 0.11418 0.45067
0 0.94802 0.246508 0.10396 0.493017
1 0.976121 0.584631 0.0477581 0.433569
0 0.491251 0.483067 0.0298403 0.044345
0 0.960314 0.225825 0.0793715 0.45165
0 0.963858 0.132258 0.072283 0.264515
1 0.172464 0.547598 0.0172716 0.0374187
2 0.491251 0.483067 0.0298403 0.044345
0 0.973973 0.135592 0.0520534 0.271184
0 0.257829 0.81565 0.515658 0.368701
0 0.41341 0.811239 0.533953 0.377522
0 0.495323 0.48862 0.0303791 0.0555137
2 0.963858 0.132258 0.072283 0.264515
0 0.877391 0.80956 0.245218 0.380881
0 0.904978 0.804378 0.190044 0.391245
0 0.946197 0.802623 0.107606 0.394755
0 0.515067 0.810725 0.533751 0.378549
0 0.979116 0.770761 0.0417687 0.351213
0 0.92631 0.288351 0.14738 0.576701
3 0.819301 0.341826 0.0227287 0.0572417
0 0.33206 0.78637 0.565298 0.42726
0 0.484484 0.781912 0.533131 0.436175
0 0.250024 0.322212 0.487231 0.644423
1 0.946998 0.588167 0.106005 0.429548
0 0.629166 0.795719 0.539737 0.408562
0 0.026849 0.633295 0.053698 0.266373
0 0.316904 0.427797 0.549116 0.762726
1 0.971216 0.699938 0.057568 0.364332
0 0.920833 0.590794 0.157305 0.412868
4 0.156765 0.497588 0.0289098 0.0377048
3 0.820393 0.34356 0.0202425 0.0599227
0 0.888409 0.807311 0.223181 0.378697
0 0.76949 0.782744 0.46102 0.41401
0 0.130267 0.294415 0.260534 0.58883
4 0.15789 0.503138 0.0315256 0.0499712
3 0.242171 0.393009 0.0136299 0.0501979
3 0.658724 0.447549 0.00905218 0.0264154
0 0.932495 0.184055 0.135009 0.36811
0 0.901687 0.450411 0.196627 0.481655
3 0.829831 0.337172 0.0184523 0.0575794
0 0.0392625 0.26603 0.0785251 0.53206
0 0.154655 0.500666 0.0351102 0.0449436
3 0.663814 0.446553 0.0144133 0.0313617
0 0.107389 0.588142 0.0824519 0.0468872
0 0.571792 0.575079 0.0620155 0.0326785
4 0.158057 0.500141 0.0330344 0.0411332
1 0.510854 0.537091 0.0275019 0.0596511
3 0.48904 0.4853 0.0251845 0.0367417
3 0.682401 0.420923 0.0107925 0.0673904
3 0.820787 0.34412 0.0223911 0.0640805
0 0.310898 0.00479183 0.41888 0.00958365
1 0.5085 0.51883 0.0278379 0.07049
0 0.236828 0.382614 0.473656 0.740624
3 0.681101 0.437993 0.0102879 0.0307537
0 0.212326 0.636493 0.424652 0.25797
3 0.494805 0.492219 0.0193388 0.0464206
0 0.653638 0.00641387 0.42163 0.0128277
0 0.353984 0.0925231 0.0401824 0.0268177
0 0.254588 0.617153 0.509176 0.311857
0 0.15649 0.501198 0.0390729 0.0461704
0 0.959377 0.799923 0.0812468 0.376017
0 0.746359 0.00719072 0.445222 0.0143814
0 0.471009 0.816301 0.515158 0.367398
0 0.951153 0.199232 0.0976948 0.398465
0 0.0760017 0.0164184 0.152003 0.0328369
0 0.773884 0.780787 0.452232 0.438427
0 0.965162 0.141824 0.0696762 0.283648
0 0.566506 0.826699 0.480772 0.346602
