0 0.4985 0.702099 0.280916 0.379328
0 0.135088 0.51349 0.0932016 0.069016
1 0.49903 0.698531 0.277511 0.388723
0 0.807048 0.784647 0.385904 0.421428
0 0.137129 0.446282 0.0928109 0.203581
0 0.668717 0.736851 0.642595 0.412116
0 0.156942 0.511436 0.153697 0.0705884
2 0.499305 0.705165 0.284259 0.363888
0 0.134721 0.419934 0.0996537 0.289435
0 0.353047 0.746919 0.543044 0.506161
4 0.49952 0.698015 0.282405 0.381894
0 0.368105 0.741343 0.541991 0.409131
0 0.799734 0.282297 0.0285446 0.107934
2 0.135088 0.51349 0.0932016 0.069016
0 0.129346 0.568374 0.1108 0.179011
0 0.494612 0.751623 0.287223 0.496754
0 0.787248 0.656715 0.425504 0.667704
1 0.137129 0.446282 0.0928109 0.203581
0 0.176855 0.562707 0.279148 0.17895
3 0.543888 0.754552 0.390057 0.446945
3 0.177276 0.389421 0.320112 0.714393
0 0.128422 0.794061 0.255935 0.397855
4 0.135088 0.51349 0.0932016 0.069016
0 0.426273 0.67285 0.322294 0.481503
3 0.319059 0.383416 0.48058 0.766833
3 0.49178 0.621036 0.299391 0.51018
3 0.784637 0.659673 0.430725 0.667983
3 0.272937 0.419321 0.281109 0.625375
4 0.137129 0.446282 0.0928109 0.203581
3 0.371747 0.446284 0.257893 0.761013
0 0.221645 0.0531867 0.44329 0.106373
3 0.118037 0.345254 0.236074 0.690508
1 0.135088 0.51349 0.0932016 0.069016
4 0.507016 0.764525 0.330712 0.470949
0 0.0214341 0.679062 0.0428682 0.613137
3 0.929191 0.795871 0.141618 0.408259
3 0.140284 0.360612 0.280567 0.617578
3 0.668407 0.765535 0.349856 0.46893
3 0.197876 0.355293 0.39003 0.710586
3 0.727328 0.311974 0.0728739 0.251161
0 0.0166924 0.614166 0.0333849 0.422559
2 0.137129 0.446282 0.0928109 0.203581
3 0.40832 0.448077 0.349126 0.896153
0 0.09733 0.738155 0.19466 0.51427
0 0.509459 0.640051 0.311012 0.492506
3 0.317825 0.636971 0.227522 0.561125
3 0.534927 0.454479 0.281029 0.872051
3 0.928816 0.580299 0.142367 0.839403
0 0.370244 0.0180816 0.740489 0.0361631
3 0.50039 0.743955 0.278181 0.433421
3 0.690547 0.758485 0.6174 0.451319
3 0.895599 0.523377 0.208803 0.953245
0 0.100997 0.817612 0.201576 0.352873
3 0.183954 0.511436 0.237672 0.564731
3 0.79488 0.764593 0.387515 0.470814
3 0.658484 0.271713 0.406243 0.543425
0 0.281657 0.718648 0.343976 0.549626
3 0.553898 0.326966 0.581945 0.653933
3 0.856954 0.548896 0.286091 0.902208
3 0.473933 0.442775 0.297399 0.885551
3 0.385285 0.654424 0.193085 0.555445
3 0.277807 0.7847 0.4705 0.4306
3 0.920056 0.656744 0.159888 0.682169
3 0.622512 0.556062 0.249411 0.620994
3 0.889355 0.799687 0.221291 0.400626
4 0.807688 0.771316 0.384624 0.441761
3 0.909264 0.347159 0.181472 0.653151
3 0.901414 0.237307 0.197172 0.474614
3 0.347389 0.412121 0.202822 0.615879
3 0.771665 0.304772 0.277613 0.587522
3 0.930953 0.4432 0.138093 0.739727
3 0.191864 0.588667 0.24581 0.277142
3 0.0960515 0.372989 0.192103 0.583286
3 0.311862 0.749475 0.607236 0.48241
0 0.799838 0.257971 0.0337379 0.251528
3 0.186008 0.560824 0.202619 0.369171
3 0.939522 0.256289 0.120956 0.458231
3 0.373387 0.50105 0.206884 0.727149
3 0.574235 0.10321 0.70423 0.20642
3 0.703969 0.228468 0.531561 0.456935
3 0.856062 0.778025 0.287877 0.44395
3 0.932487 0.726446 0.135025 0.532453
3 0.526826 0.0455028 0.765592 0.0910055
3 0.705719 0.348419 0.151424 0.566878
0 0.802653 0.31763 0.0427719 0.152755
3 0.18414 0.800236 0.348395 0.399529
0 0.0132351 0.503969 0.0264703 0.387834
3 0.0214341 0.679062 0.0428682 0.613137
3 0.617043 0.165539 0.627111 0.331078
0 0.873212 0.79718 0.253576 0.405449
0 0.276651 0.7499 0.533784 0.479574
3 0.448865 0.0303943 0.837057 0.0607886
3 0.872302 0.177017 0.255396 0.354033
3 0.933139 0.178039 0.133722 0.356078
3 0.61156 0.451829 0.250596 0.704548
1 0.133741 0.55199 0.0981979 0.146762
0 0.164688 0.757268 0.328402 0.466888
3 0.221645 0.0531867 0.44329 0.106373
4 0.668717 0.736851 0.642595 0.412116
3 0.0881267 0.495368 0.176253 0.346617
3 0.239117 0.59513 0.296025 0.463694
0 0.385285 0.654424 0.193085 0.555445
3 0.278738 0.494664 0.193787 0.485135
3 0.809579 0.643567 0.285324 0.679583
0 0.762062 0.325963 0.0871271 0.13334
3 0.776477 0.767966 0.444632 0.443394
3 0.763169 0.332201 0.0835823 0.406628
3 0.157305 0.24935 0.31461 0.4987
0 0.431606 0.027971 0.840428 0.0559419
3 0.786053 0.219419 0.427893 0.438837
2 0.483628 0.758833 0.309689 0.482335
4 0.217541 0.724633 0.419663 0.545661
3 0.668251 0.663249 0.663498 0.67051
3 0.134721 0.419934 0.0996537 0.289435
0 0.766176 0.296727 0.0710951 0.151048
0 0.161399 0.458855 0.169163 0.388908
3 0.345817 0.486223 0.171086 0.537502
3 0.241083 0.717714 0.413475 0.540274
3 0.396449 0.768333 0.438242 0.463334
3 0.892532 0.324569 0.159075 0.540702
3 0.933137 0.105714 0.133726 0.211428
3 0.0986041 0.556821 0.166808 0.219887
4 0.79488 0.764593 0.387515 0.470814
3 0.730401 0.363534 0.0774321 0.159963
0 0.0137107 0.371775 0.0274213 0.620588
0 0.268798 0.0382243 0.537596 0.0764486
3 0.441549 0.324418 0.656917 0.648836
2 0.09733 0.738155 0.19466 0.51427
0 0.909363 0.774391 0.181273 0.451219
3 0.0166924 0.614166 0.0333849 0.422559
4 0.668407 0.765535 0.349856 0.46893
3 0.799838 0.257971 0.0337379 0.251528
3 0.297299 0.0246126 0.594598 0.0492253
3 0.118609 0.810115 0.236328 0.37977
3 0.832939 0.316521 0.0854755 0.397539
3 0.83057 0.37993 0.0873554 0.323418
3 0.479977 0.388223 0.368427 0.776447
3 0.329108 0.284434 0.629645 0.568867
2 0.668717 0.736851 0.642595 0.412116
4 0.369869 0.760788 0.520467 0.45021
3 0.268798 0.0382243 0.537596 0.0764486
3 0.766176 0.296727 0.0710951 0.151048
0 0.0159142 0.299344 0.0318285 0.598687
3 0.561962 0.381985 0.31736 0.76397
4 0.473288 0.0319914 0.743899 0.0639827
4 0.929191 0.795871 0.141618 0.408259
3 0.0367319 0.773381 0.0734638 0.453239
0 0.317825 0.636971 0.227522 0.561125
3 0.256943 0.148354 0.513886 0.296708
3 0.161399 0.458855 0.169163 0.388908
4 0.818249 0.677209 0.363501 0.636836
0 0.843394 0.60838 0.313212 0.772453
3 0.802653 0.31763 0.0427719 0.152755
0 0.932487 0.726446 0.135025 0.532453
0 0.526826 0.0455028 0.765592 0.0910055
0 0.191864 0.588667 0.24581 0.277142
0 0.933139 0.178039 0.133722 0.356078
3 0.135088 0.51349 0.0932016 0.069016
0 0.574235 0.10321 0.70423 0.20642
3 0.0218605 0.293602 0.0437211 0.587204
0 0.617043 0.165539 0.627111 0.331078
3 0.0384394 0.80948 0.0768788 0.38104
0 0.933137 0.105714 0.133726 0.211428
0 0.379676 0.346493 0.680745 0.692986
4 0.889355 0.799687 0.221291 0.400626
3 0.762062 0.325963 0.0871271 0.13334
0 0.20268 0.715459 0.40536 0.558488
3 0.209755 0.197971 0.419509 0.395942
4 0.574235 0.10321 0.70423 0.20642
4 0.932487 0.726446 0.135025 0.532453
0 0.856062 0.778025 0.287877 0.44395
3 0.0137107 0.371775 0.0274213 0.620588
3 0.100042 0.256091 0.200084 0.512183
3 0.0132351 0.503969 0.0264703 0.387834
0 0.929191 0.795871 0.141618 0.408259
3 0.0159142 0.299344 0.0318285 0.598687
0 0.347389 0.412121 0.202822 0.615879
3 0.699252 0.638407 0.275934 0.649414
3 0.799734 0.282297 0.0285446 0.107934
3 0.164688 0.757268 0.328402 0.466888
4 0.134721 0.419934 0.0996537 0.289435
4 0.277807 0.7847 0.4705 0.4306
1 0.134721 0.419934 0.0996537 0.289435
4 0.402993 0.0189026 0.801413 0.0378052
4 0.165764 0.800958 0.322613 0.398083
3 0.0299379 0.728396 0.0598758 0.543208
4 0.856062 0.778025 0.287877 0.44395
0 0.204981 0.79301 0.394018 0.392481
0 0.668251 0.663249 0.663498 0.67051
4 0.297299 0.0246126 0.594598 0.0492253
0 0.0299379 0.728396 0.0598758 0.543208
4 0.287211 0.79038 0.549948 0.407747
4 0.107632 0.78052 0.215264 0.421892
4 0.221645 0.0531867 0.44329 0.106373
0 0.763169 0.332201 0.0835823 0.406628
0 0.658484 0.271713 0.406243 0.543425
1 0.674651 0.731567 0.650697 0.434335
3 0.112648 0.715698 0.225295 0.554522
4 0.157305 0.24935 0.31461 0.4987
4 0.313339 0.734974 0.58987 0.530052
0 0.939522 0.256289 0.120956 0.458231
1 0.82337 0.785566 0.35326 0.419579
0 0.0986041 0.556821 0.166808 0.219887
4 0.933139 0.178039 0.133722 0.356078
4 0.617043 0.165539 0.627111 0.331078
0 0.277807 0.7847 0.4705 0.4306
4 0.329108 0.284434 0.629645 0.568867
0 0.502494 0.34212 0.65042 0.68424
4 0.0384394 0.80948 0.0768788 0.38104
4 0.268798 0.0382243 0.537596 0.0764486
2 0.396449 0.768333 0.438242 0.463334
0 0.0960515 0.372989 0.192103 0.583286
0 0.100042 0.256091 0.200084 0.512183
0 0.703969 0.228468 0.531561 0.456935
0 0.901414 0.237307 0.197172 0.474614
0 0.83057 0.37993 0.0873554 0.323418
0 0.872302 0.177017 0.255396 0.354033
4 0.164688 0.757268 0.328402 0.466888
4 0.553898 0.326966 0.581945 0.653933
4 0.256943 0.148354 0.513886 0.296708
2 0.20268 0.715459 0.40536 0.558488
0 0.79488 0.764593 0.387515 0.470814
3 0.176855 0.562707 0.279148 0.17895
1 0.172394 0.801088 0.340964 0.387463
3 0.133741 0.55199 0.0981979 0.146762
3 0.137129 0.446282 0.0928109 0.203581
0 0.0218605 0.293602 0.0437211 0.587204
3 0.82865 0.789514 0.342701 0.420971
0 0.0372128 0.801756 0.0744256 0.396488
0 0.601808 0.310916 0.513988 0.621833
0 0.730401 0.363534 0.0774321 0.159963
0 0.771665 0.304772 0.277613 0.587522
4 0.503256 0.61489 0.308712 0.527562
4 0.939522 0.256289 0.120956 0.458231
0 0.786053 0.219419 0.427893 0.438837
2 0.799734 0.282297 0.0285446 0.107934
2 0.807048 0.784647 0.385904 0.421428
4 0.209755 0.197971 0.419509 0.395942
4 0.920056 0.656744 0.159888 0.682169
3 0.200785 0.804224 0.383721 0.381258
4 0.176855 0.562707 0.279148 0.17895
4 0.161399 0.458855 0.169163 0.388908
0 0.0384394 0.80948 0.0768788 0.38104
4 0.0299379 0.728396 0.0598758 0.543208
4 0.100042 0.256091 0.200084 0.512183
4 0.933137 0.105714 0.133726 0.211428
4 0.441549 0.324418 0.656917 0.648836
4 0.928816 0.580299 0.142367 0.839403
4 0.0372128 0.801756 0.0744256 0.396488
2 0.778493 0.649399 0.442532 0.685191
4 0.118609 0.810115 0.236328 0.37977
2 0.503256 0.61489 0.308712 0.527562
4 0.0159142 0.299344 0.0318285 0.598687
0 0.272937 0.419321 0.281109 0.625375
0 0.371747 0.446284 0.257893 0.761013
0 0.183954 0.511436 0.237672 0.564731
4 0.930953 0.4432 0.138093 0.739727
0 0.18414 0.800236 0.348395 0.399529
4 0.872302 0.177017 0.255396 0.354033
0 0.881617 0.54974 0.236765 0.840967
4 0.0960515 0.372989 0.192103 0.583286
4 0.658484 0.271713 0.406243 0.543425
4 0.0218605 0.293602 0.0437211 0.587204
4 0.0234822 0.698321 0.0469643 0.601597
0 0.345817 0.486223 0.171086 0.537502
2 0.176855 0.562707 0.279148 0.17895
0 0.281135 0.172247 0.562269 0.344494
2 0.156942 0.511436 0.153697 0.0705884
4 0.901414 0.237307 0.197172 0.474614
2 0.158873 0.4662 0.151228 0.194223
4 0.347389 0.412121 0.202822 0.615879
0 0.303466 0.309651 0.606932 0.619302
4 0.431768 0.388159 0.391725 0.776318
4 0.200785 0.804224 0.383721 0.381258
0 0.209755 0.197971 0.419509 0.395942
0 0.928816 0.580299 0.142367 0.839403
4 0.799734 0.282297 0.0285446 0.107934
4 0.799838 0.257971 0.0337379 0.251528
0 0.158873 0.4662 0.151228 0.194223
4 0.272937 0.419321 0.281109 0.625375
2 0.730401 0.363534 0.0774321 0.159963
2 0.802653 0.31763 0.0427719 0.152755
0 0.557134 0.764756 0.386407 0.470489
0 0.668407 0.765535 0.349856 0.46893
1 0.0881267 0.495368 0.176253 0.346617
2 0.699252 0.638407 0.275934 0.649414
0 0.140284 0.360612 0.280567 0.617578
4 0.856954 0.548896 0.286091 0.902208
4 0.371747 0.446284 0.257893 0.761013
0 0.239117 0.59513 0.296025 0.463694
0 0.930953 0.4432 0.138093 0.739727
4 0.0843432 0.819033 0.168686 0.348773
2 0.809579 0.643567 0.285324 0.679583
0 0.0881267 0.495368 0.176253 0.346617
4 0.703969 0.228468 0.531561 0.456935
4 0.319059 0.383416 0.48058 0.766833
2 0.611359 0.619601 0.273162 0.588455
0 0.920056 0.656744 0.159888 0.682169
1 0.763169 0.332201 0.0835823 0.406628
4 0.183954 0.511436 0.237672 0.564731
0 0.498501 0.702122 0.28095 0.379307
0 0.135102 0.513503 0.093224 0.0689972
1 0.499039 0.698551 0.277544 0.388706
0 0.806985 0.78454 0.38603 0.421659
0 0.137148 0.446382 0.0928324 0.20336
0 0.668751 0.736846 0.642655 0.412011
0 0.156959 0.511455 0.153719 0.0705574
2 0.499323 0.705199 0.284266 0.363885
0 0.134726 0.419968 0.0997254 0.289546
0 0.353034 0.746966 0.542948 0.506068
4 0.499536 0.698043 0.282408 0.38186
0 0.368524 0.741307 0.541131 0.409042
0 0.79978 0.282088 0.0285587 0.107474
2 0.135102 0.513503 0.093224 0.0689972
0 0.129384 0.568455 0.110729 0.179163
0 0.494658 0.751656 0.287051 0.496688
0 0.787357 0.656741 0.425286 0.667668
1 0.137148 0.446382 0.0928324 0.20336
0 0.176891 0.562759 0.279244 0.178992
3 0.543828 0.754512 0.38992 0.446927
3 0.177242 0.389534 0.319964 0.714797
4 0.135102 0.513503 0.093224 0.0689972
0 0.128455 0.794109 0.255998 0.397793
3 0.31991 0.383501 0.47813 0.767003
3 0.49182 0.621182 0.299306 0.509834
0 0.426497 0.672987 0.321677 0.481642
3 0.784889 0.659617 0.430222 0.668131
3 0.272719 0.419552 0.281445 0.625871
4 0.137148 0.446382 0.0928324 0.20336
3 0.371731 0.446535 0.257212 0.760558
3 0.118032 0.345219 0.236065 0.690438
1 0.135102 0.513503 0.093224 0.0689972
0 0.22154 0.0532703 0.44308 0.106541
4 0.507128 0.764501 0.330392 0.470998
3 0.929489 0.795952 0.141023 0.408095
3 0.140216 0.360863 0.280432 0.617181
3 0.66847 0.765522 0.349947 0.468955
3 0.19782 0.35549 0.389648 0.71098
3 0.727329 0.310651 0.0727003 0.24823
2 0.137148 0.446382 0.0928324 0.20336
0 0.0215611 0.679123 0.0431222 0.612969
0 0.0167237 0.613903 0.0334473 0.421555
3 0.408804 0.448044 0.34791 0.896089
3 0.31767 0.637788 0.22796 0.562504
3 0.534982 0.456114 0.280433 0.868544
3 0.928895 0.580636 0.142211 0.838728
0 0.0973051 0.738234 0.19461 0.514243
0 0.509366 0.640202 0.310812 0.492101
3 0.500391 0.743994 0.278211 0.433509
3 0.690546 0.758462 0.617365 0.451361
3 0.895661 0.523558 0.208678 0.952884
0 0.369649 0.0180978 0.739297 0.0361957
3 0.183921 0.511948 0.237522 0.564717
3 0.79486 0.764579 0.387417 0.470842
3 0.659537 0.271115 0.403319 0.542229
3 0.55409 0.326878 0.581217 0.653756
3 0.857096 0.549094 0.285808 0.901811
3 0.385482 0.654801 0.192861 0.55599
3 0.474126 0.442769 0.297017 0.885538
3 0.622471 0.556417 0.249002 0.619832
3 0.277749 0.784595 0.469967 0.430811
0 0.101008 0.817588 0.201594 0.352948
3 0.920075 0.656812 0.15985 0.68134
4 0.80762 0.771146 0.384759 0.442083
3 0.889806 0.799679 0.220388 0.400643
0 0.281488 0.719229 0.344107 0.550692
3 0.909358 0.346637 0.181284 0.652071
3 0.901698 0.237069 0.196603 0.474139
3 0.347257 0.412287 0.202944 0.615859
3 0.773164 0.304444 0.273552 0.586221
3 0.931142 0.442397 0.137716 0.737173
3 0.191764 0.589261 0.245939 0.278147
3 0.0960789 0.373221 0.192158 0.583037
3 0.311789 0.749475 0.607116 0.482567
3 0.186006 0.561356 0.202568 0.370031
3 0.93983 0.255853 0.12034 0.457247
3 0.57406 0.10483 0.702715 0.209659
3 0.704059 0.228416 0.529878 0.456832
3 0.932555 0.726457 0.13489 0.532577
3 0.856341 0.777905 0.287318 0.444191
3 0.527147 0.0459059 0.763568 0.0918119
3 0.706847 0.348493 0.148279 0.561873
0 0.799884 0.257401 0.0337093 0.250223
3 0.183944 0.800111 0.348028 0.399779
3 0.0215611 0.679123 0.0431222 0.612969
3 0.616615 0.167201 0.625572 0.334402
0 0.802723 0.317487 0.0427654 0.152427
3 0.448548 0.0305166 0.836446 0.0610331
3 0.87348 0.177098 0.25304 0.354196
3 0.933386 0.17803 0.133227 0.356061
3 0.611792 0.452347 0.249434 0.700921
1 0.133764 0.552023 0.0982266 0.146832
0 0.0132292 0.503874 0.0264584 0.386022
3 0.22154 0.0532703 0.44308 0.106541
4 0.668751 0.736846 0.642655 0.412011
3 0.0880921 0.49538 0.176184 0.345824
3 0.239077 0.596392 0.296167 0.465978
3 0.278458 0.495028 0.194251 0.485524
0 0.276411 0.749438 0.533248 0.480554
0 0.873764 0.797301 0.252472 0.405313
3 0.809613 0.643444 0.284017 0.680048
3 0.776365 0.767962 0.444833 0.443479
0 0.164688 0.756944 0.3284 0.467547
3 0.763197 0.331561 0.0833962 0.404976
3 0.156883 0.249333 0.313766 0.498667
3 0.787358 0.219316 0.425284 0.438632
2 0.483835 0.758835 0.30921 0.482331
4 0.217452 0.724736 0.419501 0.545548
0 0.385482 0.654801 0.192861 0.55599
3 0.668323 0.663257 0.663353 0.670622
0 0.762062 0.325618 0.0869385 0.132307
3 0.134726 0.419968 0.0997254 0.289546
0 0.431184 0.0280357 0.839858 0.0560714
3 0.34573 0.486846 0.171245 0.537733
0 0.766192 0.296215 0.0710419 0.149968
3 0.240779 0.717865 0.41299 0.540274
0 0.161406 0.459117 0.169229 0.389558
3 0.396795 0.768319 0.437401 0.463361
3 0.892618 0.324326 0.158383 0.539804
3 0.933612 0.105688 0.132777 0.211377
3 0.0986094 0.556786 0.166785 0.21945
4 0.79486 0.764579 0.387417 0.470842
3 0.730353 0.361566 0.0771034 0.155514
3 0.441387 0.325464 0.655744 0.650927
3 0.0167237 0.613903 0.0334473 0.421555
2 0.0973051 0.738234 0.19461 0.514243
4 0.66847 0.765522 0.349947 0.468955
3 0.799884 0.257401 0.0337093 0.250223
3 0.296835 0.0246185 0.59367 0.049237
0 0.013717 0.37199 0.0274341 0.619065
3 0.118581 0.81006 0.236277 0.37988
3 0.328948 0.28582 0.629457 0.57164
3 0.833054 0.316317 0.08517 0.396782
0 0.268282 0.038256 0.536563 0.0765119
3 0.830639 0.379264 0.0871643 0.321953
0 0.909439 0.774366 0.181122 0.451268
2 0.668751 0.736846 0.642655 0.412011
4 0.37015 0.760775 0.519813 0.450246
3 0.268282 0.038256 0.536563 0.0765119
3 0.766192 0.296215 0.0710419 0.149968
3 0.562621 0.381825 0.314997 0.76365
4 0.929489 0.795952 0.141023 0.408095
3 0.0369411 0.773344 0.0738823 0.453313
4 0.473371 0.0321471 0.743528 0.0642942
3 0.255502 0.150027 0.511005 0.300054
0 0.0159624 0.299267 0.0319248 0.598534
3 0.161406 0.459117 0.169229 0.389558
4 0.818303 0.677439 0.363394 0.63646
3 0.802723 0.317487 0.0427654 0.152427
0 0.31767 0.637788 0.22796 0.562504
3 0.135102 0.513503 0.093224 0.0689972
0 0.843473 0.608519 0.313054 0.77249
3 0.0219284 0.293558 0.0438567 0.587115
0 0.932555 0.726457 0.13489 0.532577
0 0.191764 0.589261 0.245939 0.278147
0 0.527147 0.0459059 0.763568 0.0918119
0 0.933386 0.17803 0.133227 0.356061
3 0.0385581 0.809451 0.0771163 0.381098
0 0.57406 0.10483 0.702715 0.209659
4 0.889806 0.799679 0.220388 0.400643
3 0.209069 0.199837 0.418138 0.399674
0 0.616615 0.167201 0.625572 0.334402
3 0.762062 0.325618 0.0869385 0.132307
4 0.932555 0.726457 0.13489 0.532577
3 0.013717 0.37199 0.0274341 0.619065
4 0.57406 0.10483 0.702715 0.209659
3 0.0998764 0.255953 0.199753 0.511905
3 0.0132292 0.503874 0.0264584 0.386022
0 0.933612 0.105688 0.132777 0.211377
3 0.0159624 0.299267 0.0319248 0.598534
0 0.37937 0.3467 0.679861 0.693399
3 0.699186 0.638303 0.274021 0.649695
0 0.202726 0.715665 0.405452 0.55817
3 0.164688 0.756944 0.3284 0.467547
3 0.79978 0.282088 0.0285587 0.107474
4 0.134726 0.419968 0.0997254 0.289546
4 0.277749 0.784595 0.469967 0.430811
0 0.856341 0.777905 0.287318 0.444191
1 0.134726 0.419968 0.0997254 0.289546
0 0.929489 0.795952 0.141023 0.408095
4 0.402582 0.01892 0.800671 0.03784
3 0.0301515 0.728297 0.0603031 0.543407
4 0.165574 0.800863 0.322223 0.398274
0 0.347257 0.412287 0.202944 0.615859
4 0.856341 0.777905 0.287318 0.444191
0 0.705288 0.669028 0.589424 0.647266
4 0.296835 0.0246185 0.59367 0.049237
4 0.287038 0.790275 0.549559 0.408111
4 0.10763 0.780321 0.21526 0.422302
4 0.22154 0.0532703 0.44308 0.106541
0 0.204913 0.793053 0.393965 0.392468
1 0.674654 0.731532 0.650692 0.434135
4 0.156883 0.249333 0.313766 0.498667
3 0.112585 0.715915 0.22517 0.554189
0 0.0301515 0.728297 0.0603031 0.543407
4 0.313197 0.735115 0.589717 0.529769
0 0.763197 0.331561 0.0833962 0.404976
1 0.823354 0.785436 0.353292 0.419923
0 0.659537 0.271115 0.403319 0.542229
0 0.93983 0.255853 0.12034 0.457247
4 0.933386 0.17803 0.133227 0.356061
4 0.328948 0.28582 0.629457 0.57164
0 0.0986094 0.556786 0.166785 0.21945
4 0.616615 0.167201 0.625572 0.334402
4 0.0385581 0.809451 0.0771163 0.381098
4 0.268282 0.038256 0.536563 0.0765119
2 0.396795 0.768319 0.437401 0.463361
0 0.277749 0.784595 0.469967 0.430811
3 0.368524 0.741307 0.541131 0.409042
0 0.503261 0.342127 0.648386 0.684254
4 0.164688 0.756944 0.3284 0.467547
4 0.255502 0.150027 0.511005 0.300054
0 0.0960789 0.373221 0.192158 0.583037
4 0.55409 0.326878 0.581217 0.653756
0 0.0998764 0.255953 0.199753 0.511905
2 0.202726 0.715665 0.405452 0.55817
0 0.830639 0.379264 0.0871643 0.321953
0 0.704059 0.228416 0.529878 0.456832
3 0.176891 0.562759 0.279244 0.178992
0 0.901698 0.237069 0.196603 0.474139
0 0.87348 0.177098 0.25304 0.354196
1 0.172157 0.801109 0.340498 0.387495
3 0.133764 0.552023 0.0982266 0.146832
3 0.137148 0.446382 0.0928324 0.20336
3 0.828654 0.789441 0.342692 0.421117
0 0.79486 0.764579 0.387417 0.470842
4 0.503299 0.615077 0.308594 0.527141
4 0.93983 0.255853 0.12034 0.457247
4 0.209069 0.199837 0.418138 0.399674
0 0.0219284 0.293558 0.0438567 0.587115
0 0.0373338 0.801774 0.0746676 0.396452
2 0.79978 0.282088 0.0285587 0.107474
2 0.806985 0.78454 0.38603 0.421659
0 0.730353 0.361566 0.0771034 0.155514
3 0.200463 0.80421 0.383026 0.381389
4 0.920075 0.656812 0.15985 0.68134
0 0.601827 0.310686 0.513115 0.621373
0 0.773164 0.304444 0.273552 0.586221
4 0.176891 0.562759 0.279244 0.178992
4 0.0301515 0.728297 0.0603031 0.543407
4 0.161406 0.459117 0.169229 0.389558
4 0.0998764 0.255953 0.199753 0.511905
0 0.787358 0.219316 0.425284 0.438632
4 0.933612 0.105688 0.132777 0.211377
4 0.441387 0.325464 0.655744 0.650927
4 0.928895 0.580636 0.142211 0.838728
4 0.0373338 0.801774 0.0746676 0.396452
2 0.778992 0.649266 0.441463 0.685487
4 0.118581 0.81006 0.236277 0.37988
2 0.503299 0.615077 0.308594 0.527141
4 0.0159624 0.299267 0.0319248 0.598534
0 0.0385581 0.809451 0.0771163 0.381098
4 0.931142 0.442397 0.137716 0.737173
0 0.272719 0.419552 0.281445 0.625871
4 0.87348 0.177098 0.25304 0.354196
0 0.371731 0.446535 0.257212 0.760558
4 0.0960789 0.373221 0.192158 0.583037
4 0.659537 0.271115 0.403319 0.542229
0 0.183921 0.511948 0.237522 0.564717
4 0.0219284 0.293558 0.0438567 0.587115
4 0.023665 0.698351 0.04733 0.601731
0 0.183944 0.800111 0.348028 0.399779
2 0.176891 0.562759 0.279244 0.178992
0 0.881729 0.550043 0.236543 0.839614
4 0.901698 0.237069 0.196603 0.474139
2 0.156959 0.511455 0.153719 0.0705574
4 0.347257 0.412287 0.202944 0.615859
2 0.158892 0.466274 0.151237 0.194055
4 0.432742 0.388128 0.38981 0.776256
4 0.200463 0.80421 0.383026 0.381389
0 0.34573 0.486846 0.171245 0.537733
4 0.79978 0.282088 0.0285587 0.107474
0 0.280067 0.174818 0.560133 0.349636
0 0.302787 0.310388 0.605573 0.620776
4 0.799884 0.257401 0.0337093 0.250223
0 0.209069 0.199837 0.418138 0.399674
4 0.272719 0.419552 0.281445 0.625871
2 0.730353 0.361566 0.0771034 0.155514
2 0.802723 0.317487 0.0427654 0.152427
0 0.928895 0.580636 0.142211 0.838728
1 0.0880921 0.49538 0.176184 0.345824
2 0.699186 0.638303 0.274021 0.649695
4 0.857096 0.549094 0.285808 0.901811
4 0.371731 0.446535 0.257212 0.760558
0 0.158892 0.466274 0.151237 0.194055
4 0.0843393 0.819015 0.168679 0.348836
2 0.809613 0.643444 0.284017 0.680048
0 0.557095 0.764749 0.386238 0.470502
0 0.66847 0.765522 0.349947 0.468955
0 0.140216 0.360863 0.280432 0.617181
4 0.704059 0.228416 0.529878 0.456832
0 0.239077 0.596392 0.296167 0.465978
2 0.611121 0.619528 0.273004 0.588488
4 0.282334 0.360207 0.432686 0.720414
4 0.0867148 0.344843 0.17343 0.689687
0 0.931142 0.442397 0.137716 0.737173
1 0.763197 0.331561 0.0833962 0.404976
4 0.183921 0.511948 0.237522 0.564717
2 0.762062 0.325618 0.0869385 0.132307
1 0.0843393 0.819015 0.168679 0.348836
