0 0.498937 0.575897 0.105244 0.199479
0 0.779203 0.72053 0.441594 0.553209
1 0.498937 0.575897 0.105244 0.199479
0 0.175672 0.603222 0.35092 0.295519
0 0.180423 0.720922 0.360846 0.548808
0 0.499116 0.518776 0.110601 0.307245
1 0.499116 0.518776 0.110601 0.307245
0 0.402318 0.704441 0.308926 0.485669
0 0.284985 0.728908 0.56452 0.542184
4 0.498937 0.575897 0.105244 0.199479
0 0.657707 0.663142 0.158413 0.386226
0 0.655576 0.525626 0.136872 0.112492
1 0.779203 0.72053 0.441594 0.553209
2 0.498937 0.575897 0.105244 0.199479
0 0.419112 0.644349 0.15044 0.345702
4 0.625596 0.727528 0.385443 0.527512
3 0.489293 0.33955 0.495558 0.676459
3 0.498377 0.568593 0.110031 0.219317
0 0.456458 0.606293 0.194433 0.274336
0 0.581159 0.690409 0.33889 0.452845
3 0.185926 0.498107 0.368713 0.989628
3 0.358306 0.485056 0.716611 0.970112
0 0.394224 0.742106 0.578584 0.499798
3 0.591229 0.477435 0.332122 0.940958
0 0.919149 0.713572 0.161702 0.554287
4 0.402318 0.704441 0.308926 0.485669
3 0.680981 0.507784 0.638037 0.964296
0 0.653836 0.72595 0.438682 0.536162
3 0.797176 0.747195 0.398406 0.505609
3 0.263305 0.5 0.500303 1
3 0.944313 0.790933 0.111374 0.418134
4 0.78272 0.71523 0.43456 0.563298
4 0.180078 0.60396 0.351219 0.297076
3 0.795141 0.496073 0.409719 0.971049
0 0.495162 0.273076 0.498062 0.532913
4 0.394224 0.742106 0.578584 0.499798
0 0.88496 0.705549 0.23008 0.559711
3 0.947817 0.766667 0.104365 0.466666
3 0.897628 0.709855 0.204744 0.580291
0 0.655374 0.734265 0.201183 0.513127
2 0.779203 0.72053 0.441594 0.553209
3 0.934216 0.536612 0.131568 0.926777
3 0.786496 0.709812 0.427008 0.57679
3 0.199842 0.233543 0.393793 0.463377
0 0.179046 0.507827 0.357525 0.984347
3 0.888026 0.494503 0.223948 0.955506
0 0.195451 0.132572 0.390902 0.265143
1 0.178144 0.609799 0.351361 0.306847
3 0.847736 0.726141 0.304529 0.547717
3 0.395937 0.283859 0.681609 0.560543
3 0.16895 0.304438 0.336555 0.592809
3 0.218664 0.769242 0.415466 0.461516
0 0.783784 0.569059 0.432433 0.858263
4 0.204536 0.719462 0.400391 0.520098
3 0.573487 0.732491 0.445513 0.535018
3 0.565002 0.42961 0.780982 0.859221
0 0.847736 0.726141 0.304529 0.547717
3 0.814987 0.208283 0.370027 0.416566
3 0.539647 0.680321 0.260715 0.430969
0 0.0598216 0.611962 0.119643 0.673521
3 0.657707 0.663142 0.158413 0.386226
0 0.530994 0.0386211 0.938013 0.0772423
3 0.152744 0.791413 0.29099 0.417174
3 0.109969 0.821576 0.218337 0.356848
3 0.662122 0.478281 0.137189 0.197297
4 0.88496 0.705549 0.23008 0.559711
0 0.391989 0.0374861 0.777791 0.0749722
3 0.675253 0.727475 0.336964 0.54505
0 0.0653219 0.829281 0.130548 0.329996
3 0.625596 0.727528 0.385443 0.527512
4 0.284985 0.728908 0.56452 0.542184
3 0.757596 0.107416 0.484808 0.214833
3 0.910759 0.629075 0.178483 0.74185
0 0.448256 0.336437 0.584236 0.672512
3 0.195451 0.132572 0.390902 0.265143
3 0.844128 0.400726 0.311744 0.789913
3 0.445842 0.734496 0.392357 0.531008
4 0.947817 0.766667 0.104365 0.466666
3 0.52167 0.452137 0.430852 0.900207
4 0.495162 0.273076 0.498062 0.532913
4 0.448256 0.336437 0.584236 0.672512
4 0.499116 0.518776 0.110601 0.307245
3 0.0598216 0.611962 0.119643 0.673521
3 0.316665 0.749144 0.357441 0.501712
3 0.0161622 0.765735 0.0323244 0.46853
0 0.947817 0.766667 0.104365 0.466666
3 0.0220141 0.315711 0.0440282 0.631422
3 0.653721 0.0899782 0.692557 0.179956
4 0.944313 0.790933 0.111374 0.418134
0 0.0543381 0.691422 0.108676 0.603002
3 0.88496 0.705549 0.23008 0.559711
3 0.0543381 0.691422 0.108676 0.603002
0 0.579529 0.0513987 0.840942 0.102797
3 0.698917 0.210883 0.602166 0.421766
4 0.685674 0.744448 0.316073 0.495281
3 0.942379 0.315948 0.115241 0.598055
4 0.805989 0.740943 0.372813 0.518114
4 0.847736 0.726141 0.304529 0.547717
3 0.579529 0.0513987 0.840942 0.102797
3 0.312804 0.728977 0.596891 0.542046
0 0.52167 0.452137 0.430852 0.900207
4 0.211199 0.503781 0.417369 0.992437
4 0.933714 0.716034 0.132572 0.567931
3 0.0209032 0.816671 0.0418065 0.366658
4 0.897628 0.709855 0.204744 0.580291
3 0.50017 0.518676 0.113597 0.319024
0 0.102387 0.807141 0.203277 0.374421
4 0.793364 0.564463 0.413272 0.871074
3 0.282501 0.0873638 0.565003 0.174728
3 0.879453 0.144516 0.241094 0.289032
0 0.820877 0.0898015 0.358245 0.179603
3 0.919149 0.713572 0.161702 0.554287
3 0.56062 0.197531 0.860064 0.395061
3 0.255615 0.197767 0.498411 0.394789
0 0.609758 0.0728117 0.780484 0.145623
0 0.430635 0.233801 0.644901 0.467601
0 0.0426393 0.511577 0.0852786 0.716549
0 0.0780669 0.774434 0.155923 0.438383
3 0.333285 0.0493143 0.665169 0.0986286
3 0.0314799 0.461193 0.0629598 0.903889
0 0.282501 0.0873638 0.565003 0.174728
0 0.698932 0.0947841 0.602136 0.189568
3 0.0427537 0.278317 0.0855073 0.556634
4 0.579529 0.0513987 0.840942 0.102797
3 0.820877 0.0898015 0.358245 0.179603
3 0.530994 0.0386211 0.938013 0.0772423
0 0.0815274 0.819933 0.163055 0.360135
3 0.90292 0.637319 0.194161 0.431435
3 0.419112 0.644349 0.15044 0.345702
3 0.234041 0.729041 0.399688 0.541919
0 0.797176 0.747195 0.398406 0.505609
3 0.321242 0.22615 0.621691 0.452301
0 0.910759 0.629075 0.178483 0.74185
1 0.655374 0.734265 0.201183 0.513127
2 0.653836 0.72595 0.438682 0.536162
0 0.141929 0.749391 0.283145 0.485971
4 0.90292 0.637319 0.194161 0.431435
3 0.40397 0.0350948 0.804544 0.0701896
2 0.394224 0.742106 0.578584 0.499798
4 0.532216 0.730886 0.473019 0.538228
4 0.406905 0.0333442 0.787266 0.0666884
4 0.530994 0.0386211 0.938013 0.0772423
0 0.90292 0.637319 0.194161 0.431435
0 0.654815 0.478464 0.136405 0.194566
0 0.263305 0.5 0.500303 1
4 0.548869 0.470967 0.373682 0.933276
0 0.0145074 0.801424 0.0290149 0.397152
4 0.373687 0.288611 0.713348 0.574934
0 0.879453 0.144516 0.241094 0.289032
0 0.942379 0.315948 0.115241 0.598055
3 0.456458 0.606293 0.194433 0.274336
4 0.910759 0.629075 0.178483 0.74185
3 0.170797 0.18196 0.340405 0.363921
4 0.316665 0.749144 0.357441 0.501712
0 0.591229 0.477435 0.332122 0.940958
4 0.218664 0.769242 0.415466 0.461516
3 0.417708 0.727239 0.437239 0.526655
0 0.0163292 0.732223 0.0326584 0.535555
0 0.844128 0.400726 0.311744 0.789913
4 0.445842 0.734496 0.392357 0.531008
4 0.141929 0.749391 0.283145 0.485971
4 0.152744 0.791413 0.29099 0.417174
0 0.0209032 0.816671 0.0418065 0.366658
1 0.402318 0.704441 0.308926 0.485669
0 0.373687 0.288611 0.713348 0.574934
2 0.456458 0.606293 0.194433 0.274336
4 0.228834 0.206227 0.451097 0.409051
4 0.317906 0.5 0.634068 1
3 0.141929 0.749391 0.283145 0.485971
4 0.0780669 0.774434 0.155923 0.438383
4 0.0209032 0.816671 0.0418065 0.366658
3 0.137214 0.487693 0.274428 0.916617
4 0.609758 0.0728117 0.780484 0.145623
4 0.56062 0.197531 0.860064 0.395061
3 0.1002 0.338797 0.2004 0.656053
0 0.944313 0.790933 0.111374 0.418134
4 0.934216 0.536612 0.131568 0.926777
4 0.295348 0.775894 0.439558 0.436972
4 0.680981 0.507784 0.638037 0.964296
1 0.631967 0.732453 0.40138 0.515419
2 0.581159 0.690409 0.33889 0.452845
4 0.820877 0.0898015 0.358245 0.179603
0 0.0314799 0.461193 0.0629598 0.903889
0 0.455005 0.529003 0.219866 0.751989
0 0.685674 0.744448 0.316073 0.495281
4 0.195451 0.132572 0.390902 0.265143
3 0.355667 0.768831 0.456568 0.448984
0 0.0427537 0.278317 0.0855073 0.556634
0 0.56062 0.197531 0.860064 0.395061
4 0.172803 0.584926 0.345605 0.830147
2 0.402318 0.704441 0.308926 0.485669
0 0.0220141 0.315711 0.0440282 0.631422
4 0.0364999 0.480409 0.0729997 0.891585
0 0.897628 0.709855 0.204744 0.580291
2 0.20633 0.723819 0.409571 0.534504
4 0.430635 0.233801 0.644901 0.467601
3 0.0426393 0.511577 0.0852786 0.716549
4 0.0653219 0.829281 0.130548 0.329996
4 0.757596 0.107416 0.484808 0.214833
3 0.513694 0.738106 0.543459 0.512401
4 0.513694 0.738106 0.543459 0.512401
3 0.655576 0.525626 0.136872 0.112492
0 0.241433 0.778643 0.453054 0.437088
1 0.655576 0.525626 0.136872 0.112492
1 0.204536 0.719462 0.400391 0.520098
4 0.0161622 0.765735 0.0323244 0.46853
0 0.765025 0.228634 0.469949 0.457268
4 0.0815274 0.819933 0.163055 0.360135
4 0.0231271 0.386144 0.0462541 0.772287
4 0.879453 0.144516 0.241094 0.289032
4 0.321242 0.22615 0.621691 0.452301
4 0.698917 0.210883 0.602166 0.421766
1 0.448256 0.336437 0.584236 0.672512
4 0.1002 0.338797 0.2004 0.656053
2 0.787908 0.521718 0.424184 0.956563
0 0.938091 0.466011 0.123818 0.894066
4 0.942379 0.315948 0.115241 0.598055
4 0.0427537 0.278317 0.0855073 0.556634
4 0.137214 0.487693 0.274428 0.916617
4 0.282501 0.0873638 0.565003 0.174728
4 0.333285 0.0493143 0.665169 0.0986286
3 0.455005 0.529003 0.219866 0.751989
4 0.138325 0.185254 0.27665 0.370508
4 0.0543381 0.691422 0.108676 0.603002
4 0.102387 0.807141 0.203277 0.374421
3 0.549494 0.546363 0.276537 0.81141
0 0.228834 0.206227 0.451097 0.409051
4 0.581159 0.690409 0.33889 0.452845
4 0.16895 0.304438 0.336555 0.592809
2 0.312804 0.728977 0.596891 0.542046
0 0.315125 0.408718 0.62762 0.817435
3 0.0653219 0.829281 0.130548 0.329996
3 0.0780669 0.774434 0.155923 0.438383
4 0.844128 0.400726 0.311744 0.789913
4 0.565002 0.42961 0.780982 0.859221
4 0.662122 0.478281 0.137189 0.197297
4 0.814987 0.208283 0.370027 0.416566
0 0.513694 0.738106 0.543459 0.512401
0 0.60816 0.731804 0.421216 0.536391
0 0.445842 0.734496 0.392357 0.531008
4 0.657707 0.663142 0.158413 0.386226
4 0.888026 0.494503 0.223948 0.955506
0 0.549494 0.546363 0.276537 0.81141
3 0.175672 0.603222 0.35092 0.295519
0 0.368178 0.742743 0.351522 0.514514
0 0.565002 0.42961 0.780982 0.859221
2 0.844128 0.400726 0.311744 0.789913
2 0.90292 0.637319 0.194161 0.431435
4 0.0598216 0.611962 0.119643 0.673521
4 0.549494 0.546363 0.276537 0.81141
1 0.581159 0.690409 0.33889 0.452845
0 0.351843 0.194592 0.703686 0.389184
2 0.947817 0.766667 0.104365 0.466666
3 0.655374 0.734265 0.201183 0.513127
2 0.942379 0.315948 0.115241 0.598055
2 0.460039 0.213763 0.798415 0.427525
2 0.0815274 0.819933 0.163055 0.360135
0 0.692866 0.382785 0.608555 0.763946
1 0.452548 0.746067 0.575814 0.49488
2 0.628626 0.184628 0.742748 0.369256
2 0.675253 0.727475 0.336964 0.54505
0 0.532216 0.730886 0.473019 0.538228
1 0.933714 0.716034 0.132572 0.567931
2 0.692866 0.382785 0.608555 0.763946
2 0.938091 0.466011 0.123818 0.894066
1 0.160581 0.781597 0.313637 0.429184
0 0.16895 0.304438 0.336555 0.592809
3 0.402318 0.704441 0.308926 0.485669
1 0.280316 0.729274 0.556331 0.528434
1 0.947817 0.766667 0.104365 0.466666
2 0.565002 0.42961 0.780982 0.859221
0 0.19121 0.779661 0.361413 0.440679
2 0.537853 0.375421 0.409633 0.750415
2 0.765025 0.228634 0.469949 0.457268
2 0.138325 0.185254 0.27665 0.370508
3 0.577861 0.698271 0.287891 0.472347
1 0.228834 0.206227 0.451097 0.409051
2 0.944313 0.790933 0.111374 0.418134
1 0.102387 0.807141 0.203277 0.374421
4 0.655576 0.525626 0.136872 0.112492
2 0.514933 0.466502 0.500545 0.933005
0 0.888026 0.494503 0.223948 0.955506
2 0.933714 0.716034 0.132572 0.567931
2 0.301326 0.184083 0.593311 0.368166
2 0.532216 0.730886 0.473019 0.538228
2 0.445842 0.734496 0.392357 0.531008
2 0.50017 0.518676 0.113597 0.319024
1 0.16895 0.304438 0.336555 0.592809
2 0.184663 0.613241 0.360518 0.311029
2 0.518037 0.273337 0.464588 0.533548
1 0.355667 0.768831 0.456568 0.448984
2 0.805989 0.740943 0.372813 0.518114
2 0.186768 0.504674 0.368621 0.990652
2 0.88496 0.705549 0.23008 0.559711
2 0.0161622 0.765735 0.0323244 0.46853
1 0.186768 0.504674 0.368621 0.990652
2 0.60816 0.731804 0.421216 0.536391
2 0.209574 0.183415 0.419148 0.366829
1 0.654815 0.478464 0.136405 0.194566
2 0.609758 0.0728117 0.780484 0.145623
0 0.49894 0.57589 0.105236 0.199525
0 0.779201 0.720755 0.441597 0.552732
1 0.49894 0.57589 0.105236 0.199525
0 0.175638 0.603375 0.350858 0.295915
0 0.18036 0.72099 0.36072 0.548919
0 0.499115 0.518788 0.1106 0.307242
1 0.499115 0.518788 0.1106 0.307242
0 0.402291 0.704255 0.309005 0.485173
0 0.284923 0.728922 0.564384 0.542156
4 0.49894 0.57589 0.105236 0.199525
0 0.657424 0.655675 0.15761 0.370747
0 0.655668 0.522651 0.136426 0.106332
1 0.779201 0.720755 0.441597 0.552732
2 0.49894 0.57589 0.105236 0.199525
0 0.419047 0.643513 0.148939 0.343948
4 0.625596 0.727547 0.385503 0.527467
3 0.489163 0.339635 0.495642 0.676583
3 0.498391 0.568599 0.110014 0.219319
0 0.456514 0.606142 0.194316 0.274095
0 0.581081 0.690445 0.338514 0.45287
3 0.185965 0.496407 0.368808 0.985902
3 0.35821 0.482264 0.71642 0.964528
3 0.591543 0.47648 0.330652 0.938891
0 0.39393 0.742088 0.57758 0.499808
4 0.402291 0.704255 0.309005 0.485173
3 0.682204 0.507871 0.635593 0.964172
0 0.919203 0.713755 0.161595 0.554057
0 0.654007 0.725978 0.439017 0.536056
3 0.797229 0.747273 0.398426 0.505453
3 0.262845 0.5 0.49818 1
3 0.944378 0.790981 0.111245 0.418038
4 0.782708 0.715497 0.434584 0.562787
4 0.180081 0.604268 0.351219 0.297761
3 0.795604 0.496177 0.408792 0.971065
4 0.39393 0.742088 0.57758 0.499808
0 0.496397 0.272919 0.495377 0.532726
3 0.947873 0.766846 0.104254 0.466308
3 0.897812 0.710221 0.204376 0.579557
0 0.885421 0.705566 0.229157 0.559605
2 0.779201 0.720755 0.441597 0.552732
3 0.934223 0.536348 0.131555 0.927303
3 0.786498 0.709834 0.427004 0.576654
0 0.655168 0.734283 0.201049 0.513201
3 0.199899 0.232881 0.393943 0.461638
3 0.888117 0.494602 0.223766 0.95583
0 0.179002 0.50892 0.357433 0.982161
0 0.195017 0.132262 0.390033 0.264524
1 0.1781 0.609872 0.351284 0.30702
3 0.847755 0.726435 0.304489 0.54713
3 0.168897 0.302399 0.336439 0.587877
3 0.396747 0.283545 0.679733 0.559814
3 0.218607 0.769228 0.415445 0.461544
4 0.204185 0.719589 0.399664 0.520416
3 0.573545 0.732523 0.445297 0.534954
3 0.56661 0.428945 0.775414 0.85789
3 0.539769 0.679392 0.260638 0.429082
3 0.815335 0.2084 0.36933 0.4168
0 0.783777 0.568635 0.432445 0.859072
0 0.847755 0.726435 0.304489 0.54713
3 0.657424 0.655675 0.15761 0.370747
3 0.153031 0.791251 0.291507 0.417498
3 0.110069 0.821509 0.218521 0.356983
3 0.662167 0.477049 0.136872 0.194643
4 0.885421 0.705566 0.229157 0.559605
0 0.0605209 0.612586 0.121042 0.673358
0 0.531142 0.0389979 0.937716 0.0779957
3 0.675287 0.727563 0.336663 0.544875
3 0.625596 0.727547 0.385503 0.527467
4 0.284923 0.728922 0.564384 0.542156
3 0.758337 0.107567 0.483327 0.215133
3 0.910929 0.628989 0.178142 0.742022
0 0.391594 0.0377123 0.777195 0.0754247
3 0.195017 0.132262 0.390033 0.264524
0 0.0653711 0.829278 0.130641 0.330028
3 0.844329 0.400493 0.311341 0.789545
3 0.446137 0.734502 0.391456 0.530995
3 0.521527 0.451475 0.430954 0.898918
0 0.448299 0.336497 0.584077 0.672555
4 0.947873 0.766846 0.104254 0.466308
4 0.496397 0.272919 0.495377 0.532726
4 0.448299 0.336497 0.584077 0.672555
3 0.0605209 0.612586 0.121042 0.673358
4 0.499115 0.518788 0.1106 0.307242
3 0.31657 0.749117 0.357798 0.501767
3 0.0163169 0.765609 0.0326338 0.468781
3 0.0221884 0.315558 0.0443767 0.631116
3 0.654533 0.0902986 0.690933 0.180597
4 0.944378 0.790981 0.111245 0.418038
3 0.885421 0.705566 0.229157 0.559605
0 0.947873 0.766846 0.104254 0.466308
3 0.0550829 0.691631 0.110166 0.602843
3 0.699935 0.211124 0.600129 0.422248
4 0.685685 0.744505 0.315936 0.495227
3 0.942401 0.316115 0.115197 0.598472
4 0.806069 0.741008 0.372851 0.517984
4 0.847755 0.726435 0.304489 0.54713
3 0.580299 0.0518405 0.839402 0.103681
0 0.0550829 0.691631 0.110166 0.602843
3 0.312761 0.729018 0.596536 0.541965
0 0.580299 0.0518405 0.839402 0.103681
4 0.211281 0.503803 0.417561 0.992395
4 0.93386 0.716166 0.132279 0.567668
0 0.521527 0.451475 0.430954 0.898918
3 0.0209848 0.816693 0.0419697 0.366614
4 0.897812 0.710221 0.204376 0.579557
3 0.50018 0.5187 0.113585 0.318959
3 0.282393 0.0874313 0.564786 0.174863
4 0.793358 0.564315 0.413284 0.87137
3 0.87978 0.144477 0.24044 0.288955
3 0.919203 0.713755 0.161595 0.554057
3 0.561816 0.198529 0.856815 0.397058
3 0.255686 0.19774 0.498521 0.394366
3 0.519533 0.27333 0.46123 0.533682
0 0.102483 0.807141 0.203457 0.374461
0 0.821548 0.0898756 0.356903 0.179751
3 0.333324 0.0495111 0.665327 0.0990222
3 0.0315664 0.460914 0.0631327 0.903011
3 0.0426888 0.276625 0.0853777 0.553251
0 0.43189 0.233626 0.642039 0.467252
4 0.580299 0.0518405 0.839402 0.103681
0 0.610639 0.0732409 0.778722 0.146482
0 0.0430221 0.512328 0.0860443 0.714736
0 0.282393 0.0874313 0.564786 0.174863
3 0.821548 0.0898756 0.356903 0.179751
3 0.531142 0.0389979 0.937716 0.0779957
0 0.078193 0.774334 0.156171 0.438601
0 0.699954 0.0949628 0.600091 0.189926
3 0.90328 0.637029 0.193439 0.43082
3 0.419047 0.643513 0.148939 0.343948
3 0.234275 0.729084 0.39859 0.541833
0 0.0815944 0.819916 0.163189 0.360168
3 0.320944 0.225979 0.621137 0.451959
1 0.655168 0.734283 0.201049 0.513201
2 0.654007 0.725978 0.439017 0.536056
0 0.797229 0.747273 0.398426 0.505453
4 0.90328 0.637029 0.193439 0.43082
3 0.403791 0.0352436 0.80424 0.0704873
0 0.910929 0.628989 0.178142 0.742022
2 0.39393 0.742088 0.57758 0.499808
4 0.532603 0.730882 0.472006 0.538237
0 0.142685 0.749424 0.284651 0.485913
4 0.406682 0.0334684 0.786769 0.0669367
4 0.531142 0.0389979 0.937716 0.0779957
0 0.0366001 0.4806 0.0732002 0.890968
4 0.54878 0.469871 0.373541 0.931095
3 0.456514 0.606142 0.194316 0.274095
3 0.170747 0.181874 0.340332 0.363749
4 0.910929 0.628989 0.178142 0.742022
4 0.374061 0.288119 0.712467 0.573711
0 0.654978 0.47686 0.135729 0.191005
0 0.90328 0.637029 0.193439 0.43082
4 0.31657 0.749117 0.357798 0.501767
3 0.418028 0.727231 0.434453 0.526569
4 0.218607 0.769228 0.415445 0.461544
0 0.0146416 0.801426 0.0292832 0.397148
0 0.262845 0.5 0.49818 1
0 0.87978 0.144477 0.24044 0.288955
0 0.942401 0.316115 0.115197 0.598472
0 0.591543 0.47648 0.330652 0.938891
4 0.446137 0.734502 0.391456 0.530995
4 0.142685 0.749424 0.284651 0.485913
4 0.153031 0.791251 0.291507 0.417498
1 0.402291 0.704255 0.309005 0.485173
0 0.0164732 0.732189 0.0329464 0.535622
0 0.844329 0.400493 0.311341 0.789545
2 0.456514 0.606142 0.194316 0.274095
4 0.228935 0.206067 0.451315 0.408358
0 0.0209848 0.816693 0.0419697 0.366614
0 0.374061 0.288119 0.712467 0.573711
4 0.317536 0.5 0.633137 1
3 0.142685 0.749424 0.284651 0.485913
4 0.078193 0.774334 0.156171 0.438601
4 0.0209848 0.816693 0.0419697 0.366614
3 0.137146 0.486232 0.274293 0.913692
4 0.610639 0.0732409 0.778722 0.146482
4 0.561816 0.198529 0.856815 0.397058
3 0.100073 0.336562 0.200147 0.65125
4 0.934223 0.536348 0.131555 0.927303
4 0.295312 0.775923 0.43978 0.436955
4 0.682204 0.507871 0.635593 0.964172
2 0.581081 0.690445 0.338514 0.45287
4 0.821548 0.0898756 0.356903 0.179751
0 0.944378 0.790981 0.111245 0.418038
1 0.631948 0.732455 0.401439 0.515419
4 0.195017 0.132262 0.390033 0.264524
3 0.355753 0.768849 0.45671 0.449
4 0.172755 0.587999 0.34551 0.824001
0 0.685685 0.744505 0.315936 0.495227
0 0.454819 0.52682 0.218341 0.749759
2 0.402291 0.704255 0.309005 0.485173
4 0.0366001 0.4806 0.0732002 0.890968
0 0.0426888 0.276625 0.0853777 0.553251
4 0.431854 0.242405 0.617289 0.48481
3 0.0430221 0.512328 0.0860443 0.714736
4 0.0653711 0.829278 0.130641 0.330028
0 0.561816 0.198529 0.856815 0.397058
2 0.206202 0.723827 0.409314 0.534477
4 0.758337 0.107567 0.483327 0.215133
0 0.0221884 0.315558 0.0443767 0.631116
4 0.5141 0.738076 0.542481 0.512501
3 0.5141 0.738076 0.542481 0.512501
1 0.655668 0.522651 0.136426 0.106332
0 0.897812 0.710221 0.204376 0.579557
3 0.655668 0.522651 0.136426 0.106332
1 0.204185 0.719589 0.399664 0.520416
4 0.0163169 0.765609 0.0326338 0.468781
4 0.0815944 0.819916 0.163189 0.360168
4 0.0232845 0.385809 0.0465689 0.771618
4 0.87978 0.144477 0.24044 0.288955
4 0.699935 0.211124 0.600129 0.422248
0 0.241274 0.778667 0.453035 0.437079
4 0.320944 0.225979 0.621137 0.451959
1 0.448299 0.336497 0.584077 0.672555
0 0.765768 0.228745 0.468464 0.457491
4 0.100073 0.336562 0.200147 0.65125
2 0.787894 0.521754 0.424212 0.956491
4 0.942401 0.316115 0.115197 0.598472
4 0.0426888 0.276625 0.0853777 0.553251
4 0.137146 0.486232 0.274293 0.913692
4 0.282393 0.0874313 0.564786 0.174863
0 0.93807 0.466209 0.12386 0.894363
3 0.454819 0.52682 0.218341 0.749759
4 0.333324 0.0495111 0.665327 0.0990222
4 0.137578 0.184846 0.275156 0.369692
4 0.0550829 0.691631 0.110166 0.602843
4 0.102483 0.807141 0.203457 0.374461
3 0.5494 0.548504 0.276044 0.803819
4 0.0430221 0.512328 0.0860443 0.714736
4 0.581081 0.690445 0.338514 0.45287
0 0.228935 0.206067 0.451315 0.408358
4 0.168897 0.302399 0.336439 0.587877
2 0.312761 0.729018 0.596536 0.541965
0 0.31465 0.403873 0.62639 0.807746
3 0.0653711 0.829278 0.130641 0.330028
4 0.662167 0.477049 0.136872 0.194643
3 0.078193 0.774334 0.156171 0.438601
4 0.844329 0.400493 0.311341 0.789545
4 0.56661 0.428945 0.775414 0.85789
4 0.815335 0.2084 0.36933 0.4168
4 0.657424 0.655675 0.15761 0.370747
4 0.888117 0.494602 0.223766 0.95583
0 0.5141 0.738076 0.542481 0.512501
0 0.608207 0.731853 0.421129 0.536295
0 0.446137 0.734502 0.391456 0.530995
3 0.175638 0.603375 0.350858 0.295915
0 0.5494 0.548504 0.276044 0.803819
2 0.844329 0.400493 0.311341 0.789545
0 0.368311 0.742745 0.351396 0.514509
2 0.90328 0.637029 0.193439 0.43082
0 0.56661 0.428945 0.775414 0.85789
4 0.0605209 0.612586 0.121042 0.673358
4 0.5494 0.548504 0.276044 0.803819
1 0.581081 0.690445 0.338514 0.45287
3 0.655168 0.734283 0.201049 0.513201
2 0.947873 0.766846 0.104254 0.466308
2 0.942401 0.316115 0.115197 0.598472
0 0.351775 0.194161 0.70355 0.388322
2 0.460409 0.213519 0.795101 0.427038
2 0.0815944 0.819916 0.163189 0.360168
1 0.452437 0.746065 0.575283 0.494944
2 0.630203 0.185078 0.739595 0.370155
0 0.695226 0.381764 0.603314 0.76179
2 0.695226 0.381764 0.603314 0.76179
2 0.675287 0.727563 0.336663 0.544875
1 0.93386 0.716166 0.132279 0.567668
1 0.161021 0.781609 0.314506 0.429222
2 0.93807 0.466209 0.12386 0.894363
3 0.402291 0.704255 0.309005 0.485173
0 0.532603 0.730882 0.472006 0.538237
1 0.280247 0.729284 0.556197 0.52839
0 0.168897 0.302399 0.336439 0.587877
1 0.947873 0.766846 0.104254 0.466308
2 0.56661 0.428945 0.775414 0.85789
2 0.538302 0.37342 0.408359 0.746377
2 0.765768 0.228745 0.468464 0.457491
3 0.577959 0.697885 0.287944 0.471722
0 0.191253 0.779621 0.361557 0.440759
2 0.137578 0.184846 0.275156 0.369692
1 0.228935 0.206067 0.451315 0.408358
4 0.655668 0.522651 0.136426 0.106332
2 0.944378 0.790981 0.111245 0.418038
1 0.102483 0.807141 0.203457 0.374461
2 0.516339 0.465431 0.497204 0.930863
2 0.93386 0.716166 0.132279 0.567668
2 0.50018 0.5187 0.113585 0.318959
2 0.300695 0.183914 0.592001 0.367828
2 0.532603 0.730882 0.472006 0.538237
2 0.446137 0.734502 0.391456 0.530995
1 0.168897 0.302399 0.336439 0.587877
0 0.888117 0.494602 0.223766 0.95583
2 0.519533 0.27333 0.46123 0.533682
1 0.355753 0.768849 0.45671 0.449
2 0.18464 0.613219 0.36044 0.311005
2 0.806069 0.741008 0.372851 0.517984
2 0.186725 0.504674 0.368571 0.990651
2 0.885421 0.705566 0.229157 0.559605
2 0.0163169 0.765609 0.0326338 0.468781
1 0.186725 0.504674 0.368571 0.990651
2 0.608207 0.731853 0.421129 0.536295
2 0.209443 0.183294 0.418886 0.366587
