0 0.650548 0.571897 0.126489 0.136692
0 0.501311 0.559156 0.0823893 0.100631
0 0.650358 0.480047 0.134483 0.315306
0 0.489482 0.566388 0.10203 0.115261
0 0.809266 0.753093 0.381468 0.483774
1 0.64869 0.57097 0.130164 0.12985
0 0.650643 0.603581 0.136119 0.197439
4 0.651095 0.564285 0.130389 0.147103
0 0.240294 0.757061 0.472284 0.484535
0 0.521341 0.638711 0.120457 0.263829
0 0.327347 0.727244 0.643501 0.540318
0 0.504873 0.387754 0.0928562 0.504531
0 0.255323 0.655379 0.507239 0.317953
0 0.582254 0.710996 0.276545 0.402749
0 0.581364 0.564731 0.243176 0.117085
0 0.541163 0.0282216 0.917673 0.0564432
3 0.677697 0.502571 0.643492 0.982945
1 0.501311 0.559156 0.0823893 0.100631
4 0.787362 0.747293 0.425276 0.474536
3 0.464646 0.406957 0.569462 0.807378
0 0.726669 0.608796 0.290216 0.200811
3 0.285087 0.51697 0.552826 0.96606
3 0.197916 0.651382 0.394165 0.281105
4 0.652301 0.481068 0.140521 0.324853
2 0.650548 0.571897 0.126489 0.136692
0 0.931562 0.760077 0.136875 0.479847
3 0.70598 0.741877 0.588041 0.47309
0 0.802704 0.503566 0.394592 0.992868
0 0.783757 0.596934 0.400096 0.176179
0 0.431448 0.749703 0.592443 0.473797
3 0.639931 0.345809 0.456593 0.65705
0 0.901792 0.765657 0.196416 0.468685
1 0.650358 0.480047 0.134483 0.315306
3 0.751169 0.0462926 0.497662 0.0925853
0 0.515266 0.262996 0.543454 0.519065
3 0.715253 0.73981 0.566391 0.52038
3 0.504873 0.387754 0.0928562 0.504531
3 0.173883 0.797983 0.322849 0.404034
0 0.534046 0.749311 0.404931 0.481228
4 0.243411 0.644805 0.479341 0.276984
0 0.495003 0.345025 0.573608 0.690051
3 0.24578 0.769548 0.47841 0.460904
0 0.285087 0.51697 0.552826 0.96606
0 0.243338 0.448337 0.479473 0.68678
3 0.779475 0.20027 0.44105 0.40054
3 0.129099 0.806573 0.254221 0.386854
0 0.421138 0.0343763 0.83714 0.0687526
1 0.831142 0.756315 0.337716 0.479091
0 0.610808 0.0636174 0.778384 0.127235
3 0.824396 0.616968 0.351207 0.766065
3 0.278606 0.320057 0.532376 0.632668
3 0.473747 0.74656 0.40944 0.50688
3 0.19292 0.452479 0.379531 0.835621
0 0.731486 0.730585 0.537028 0.453341
1 0.521341 0.638711 0.120457 0.263829
0 0.199808 0.128804 0.399617 0.257609
3 0.299521 0.741196 0.567917 0.49817
3 0.521341 0.638711 0.120457 0.263829
3 0.849047 0.510721 0.301906 0.978558
3 0.945725 0.519243 0.108551 0.961514
3 0.562051 0.750431 0.379561 0.499139
3 0.541112 0.332644 0.450735 0.648928
0 0.197916 0.651382 0.394165 0.281105
3 0.851849 0.745114 0.296302 0.509771
3 0.595817 0.0436105 0.808366 0.0872211
3 0.93232 0.755481 0.135361 0.489037
3 0.785001 0.499606 0.429999 0.972786
3 0.596633 0.257635 0.806735 0.515269
3 0.341955 0.755081 0.480582 0.489838
0 0.791311 0.0544589 0.417378 0.108918
0 0.0778582 0.788706 0.155366 0.412759
0 0.639931 0.345809 0.456593 0.65705
3 0.652301 0.481068 0.140521 0.324853
3 0.1863 0.761583 0.370785 0.463467
4 0.639931 0.345809 0.456593 0.65705
3 0.679701 0.0537527 0.640598 0.107505
3 0.353642 0.036689 0.705207 0.073378
4 0.240294 0.757061 0.472284 0.484535
2 0.582254 0.710996 0.276545 0.402749
3 0.631897 0.0748325 0.736205 0.149665
3 0.312689 0.0671526 0.625377 0.134305
3 0.0205388 0.770722 0.0410777 0.458555
4 0.36971 0.761162 0.592169 0.459453
3 0.0250371 0.630821 0.0500743 0.728957
4 0.595817 0.0436105 0.808366 0.0872211
4 0.582254 0.710996 0.276545 0.402749
3 0.199808 0.128804 0.399617 0.257609
0 0.150944 0.758525 0.301887 0.464067
3 0.501311 0.559156 0.0823893 0.100631
1 0.726669 0.608796 0.290216 0.200811
3 0.243338 0.448337 0.479473 0.68678
2 0.576351 0.748465 0.417396 0.480461
3 0.821422 0.253497 0.357157 0.506995
0 0.513259 0.258617 0.725198 0.517234
4 0.649639 0.75553 0.700722 0.463515
3 0.023804 0.28311 0.0476081 0.566221
4 0.515266 0.262996 0.543454 0.519065
4 0.547293 0.0286699 0.905413 0.0573399
3 0.791917 0.755543 0.416167 0.488419
3 0.922632 0.393905 0.154737 0.78781
4 0.50136 0.54775 0.0826822 0.13107
3 0.941169 0.739817 0.117662 0.520366
0 0.824396 0.616968 0.351207 0.766065
0 0.76276 0.23922 0.47448 0.47055
0 0.432521 0.281164 0.543638 0.561534
3 0.488162 0.0354845 0.940513 0.0709689
4 0.631897 0.0748325 0.736205 0.149665
0 0.924198 0.616853 0.151605 0.766293
3 0.758532 0.587271 0.348924 0.251344
4 0.93232 0.755481 0.135361 0.489037
3 0.3657 0.5 0.397193 1
3 0.924198 0.616853 0.151605 0.766293
4 0.489482 0.566388 0.10203 0.115261
4 0.541112 0.332644 0.450735 0.648928
3 0.125155 0.654524 0.250311 0.286097
4 0.78379 0.500132 0.432421 0.999736
3 0.209105 0.315957 0.405142 0.557449
4 0.125155 0.654524 0.250311 0.286097
3 0.844181 0.226659 0.311638 0.440346
0 0.0324759 0.174793 0.0649519 0.349586
3 0.027241 0.363435 0.0544819 0.682442
0 0.705882 0.178631 0.588236 0.357262
3 0.48506 0.265236 0.532014 0.524653
3 0.0254529 0.787643 0.0509059 0.424714
3 0.151611 0.296948 0.303221 0.565352
3 0.570259 0.432205 0.290889 0.808142
4 0.248592 0.480712 0.493656 0.658925
4 0.150944 0.758525 0.301887 0.464067
4 0.941169 0.739817 0.117662 0.520366
4 0.534046 0.749311 0.404931 0.481228
3 0.920888 0.771055 0.158224 0.45789
3 0.642575 0.192185 0.714851 0.384371
4 0.596633 0.257635 0.806735 0.515269
0 0.0932343 0.783729 0.186469 0.432542
4 0.851849 0.745114 0.296302 0.509771
4 0.341955 0.755081 0.480582 0.489838
3 0.0324759 0.174793 0.0649519 0.349586
3 0.285136 0.122471 0.570272 0.244941
4 0.679701 0.0537527 0.640598 0.107505
0 0.0200859 0.787348 0.0401719 0.425304
3 0.13241 0.480335 0.264821 0.618026
3 0.444727 0.758001 0.486091 0.475381
0 0.0224335 0.580256 0.044867 0.806641
4 0.705882 0.178631 0.588236 0.357262
2 0.791917 0.755543 0.416167 0.488419
0 0.611759 0.753442 0.584288 0.471222
2 0.50136 0.54775 0.0826822 0.13107
4 0.848973 0.516273 0.302054 0.967454
4 0.521341 0.638711 0.120457 0.263829
4 0.219039 0.785491 0.416468 0.429019
3 0.0244922 0.484636 0.0489844 0.910216
0 0.93232 0.755481 0.135361 0.489037
0 0.023804 0.28311 0.0476081 0.566221
3 0.579961 0.341587 0.636416 0.683175
3 0.0707958 0.280218 0.141592 0.528154
4 0.76276 0.23922 0.47448 0.47055
3 0.394539 0.285902 0.515581 0.570111
0 0.0275533 0.432994 0.0551067 0.807435
0 0.821422 0.253497 0.357157 0.506995
3 0.0972661 0.349583 0.194532 0.493298
0 0.534859 0.557016 0.13689 0.140691
0 0.312689 0.0671526 0.625377 0.134305
4 0.677697 0.502571 0.643492 0.982945
4 0.945725 0.519243 0.108551 0.961514
3 0.491986 0.55292 0.0979305 0.15579
4 0.435086 0.036612 0.856318 0.073224
4 0.791311 0.0544589 0.417378 0.108918
3 0.114103 0.772725 0.227736 0.442409
4 0.579961 0.341587 0.636416 0.683175
0 0.851849 0.745114 0.296302 0.509771
3 0.581364 0.564731 0.243176 0.117085
0 0.0254529 0.787643 0.0509059 0.424714
3 0.0932343 0.783729 0.186469 0.432542
4 0.432521 0.281164 0.543638 0.561534
0 0.125155 0.654524 0.250311 0.286097
4 0.504873 0.387754 0.0928562 0.504531
0 0.758532 0.587271 0.348924 0.251344
4 0.0254529 0.787643 0.0509059 0.424714
4 0.922632 0.393905 0.154737 0.78781
4 0.261714 0.454122 0.520619 0.900415
4 0.636087 0.747997 0.458782 0.504007
0 0.625359 0.265241 0.725774 0.530481
4 0.473747 0.74656 0.40944 0.50688
3 0.167449 0.167167 0.334897 0.334333
3 0.255323 0.655379 0.507239 0.317953
4 0.129099 0.806573 0.254221 0.386854
4 0.821422 0.253497 0.357157 0.506995
4 0.920888 0.771055 0.158224 0.45789
0 0.922632 0.393905 0.154737 0.78781
3 0.0778582 0.788706 0.155366 0.412759
2 0.581364 0.564731 0.243176 0.117085
4 0.199808 0.128804 0.399617 0.257609
4 0.824396 0.616968 0.351207 0.766065
4 0.924198 0.616853 0.151605 0.766293
3 0.582254 0.710996 0.276545 0.402749
0 0.285136 0.122471 0.570272 0.244941
4 0.844181 0.226659 0.311638 0.440346
4 0.0932343 0.783729 0.186469 0.432542
0 0.943306 0.516761 0.113388 0.930965
4 0.0275533 0.432994 0.0551067 0.807435
3 0.229867 0.211588 0.459734 0.423176
4 0.562051 0.750431 0.379561 0.499139
2 0.345296 0.739677 0.651225 0.520026
4 0.464646 0.406957 0.569462 0.807378
4 0.335167 0.295224 0.557148 0.587993
4 0.0324759 0.174793 0.0649519 0.349586
3 0.783757 0.596934 0.400096 0.176179
4 0.0250371 0.630821 0.0500743 0.728957
4 0.650643 0.603581 0.136119 0.197439
4 0.023804 0.28311 0.0476081 0.566221
0 0.473747 0.74656 0.40944 0.50688
1 0.222741 0.758574 0.441495 0.470254
4 0.253483 0.345299 0.480861 0.670691
4 0.19292 0.452479 0.379531 0.835621
4 0.386938 0.257033 0.772584 0.514067
0 0.636087 0.747997 0.458782 0.504007
4 0.0200859 0.787348 0.0401719 0.425304
1 0.235692 0.649953 0.466695 0.281193
0 0.627859 0.45482 0.726463 0.90964
1 0.504873 0.387754 0.0928562 0.504531
4 0.337419 0.502358 0.656335 0.995284
0 0.129099 0.806573 0.254221 0.386854
4 0.13241 0.480335 0.264821 0.618026
4 0.285136 0.122471 0.570272 0.244941
3 0.104716 0.150187 0.209431 0.29128
1 0.653551 0.598506 0.137901 0.182776
0 0.562051 0.750431 0.379561 0.499139
4 0.0778582 0.788706 0.155366 0.412759
2 0.521341 0.638711 0.120457 0.263829
0 0.570259 0.432205 0.290889 0.808142
3 0.391123 0.26178 0.682907 0.52356
0 0.428761 0.485036 0.583453 0.962214
4 0.312689 0.0671526 0.625377 0.134305
3 0.534046 0.749311 0.404931 0.481228
0 0.335167 0.295224 0.557148 0.587993
2 0.705882 0.178631 0.588236 0.357262
2 0.229089 0.749706 0.45482 0.476321
0 0.56462 0.53201 0.058275 0.0506134
1 0.329983 0.750134 0.618641 0.474308
2 0.489482 0.566388 0.10203 0.115261
0 0.844181 0.226659 0.311638 0.440346
3 0.534859 0.557016 0.13689 0.140691
3 0.648932 0.561836 0.132278 0.151904
2 0.431448 0.749703 0.592443 0.473797
0 0.374769 0.751541 0.515177 0.496919
4 0.104716 0.150187 0.209431 0.29128
2 0.650643 0.603581 0.136119 0.197439
0 0.18131 0.389475 0.3613 0.673321
2 0.920888 0.771055 0.158224 0.45789
1 0.920888 0.771055 0.158224 0.45789
3 0.611759 0.753442 0.584288 0.471222
4 0.0972661 0.349583 0.194532 0.493298
0 0.785606 0.735921 0.428595 0.528158
4 0.209105 0.315957 0.405142 0.557449
2 0.76276 0.23922 0.47448 0.47055
4 0.0707958 0.280218 0.141592 0.528154
1 0.541112 0.332644 0.450735 0.648928
1 0.70598 0.741877 0.588041 0.47309
0 0.221796 0.259228 0.420172 0.503461
1 0.0778582 0.788706 0.155366 0.412759
4 0.758532 0.587271 0.348924 0.251344
0 0.129035 0.523078 0.258071 0.731393
1 0.12991 0.784741 0.257595 0.423313
2 0.0932343 0.783729 0.186469 0.432542
1 0.188821 0.322645 0.370594 0.535711
0 0.104716 0.150187 0.209431 0.29128
1 0.582254 0.710996 0.276545 0.402749
2 0.650358 0.480047 0.134483 0.315306
4 0.726669 0.608796 0.290216 0.200811
2 0.93232 0.755481 0.135361 0.489037
1 0.205973 0.435944 0.408617 0.808078
1 0.559154 0.755693 0.405324 0.47458
2 0.636087 0.747997 0.458782 0.504007
1 0.486491 0.39916 0.552538 0.794696
4 0.286979 0.216709 0.567791 0.433418
2 0.363584 0.255152 0.703783 0.510304
1 0.643112 0.252008 0.713776 0.504016
2 0.129099 0.806573 0.254221 0.386854
2 0.255323 0.655379 0.507239 0.317953
2 0.41181 0.747635 0.497878 0.50473
4 0.167449 0.167167 0.334897 0.334333
0 0.3657 0.5 0.397193 1
2 0.519639 0.749027 0.364244 0.501945
2 0.802704 0.503566 0.394592 0.992868
0 0.862507 0.454716 0.274986 0.881792
2 0.192403 0.463061 0.384574 0.780406
0 0.151611 0.296948 0.303221 0.565352
2 0.783757 0.596934 0.400096 0.176179
1 0.581364 0.564731 0.243176 0.117085
1 0.611759 0.753442 0.584288 0.471222
2 0.286979 0.216709 0.567791 0.433418
2 0.684992 0.752647 0.615404 0.477944
2 0.833144 0.731651 0.333711 0.536697
2 0.189968 0.285486 0.373473 0.555528
2 0.94021 0.465507 0.11958 0.8837
2 0.257848 0.259296 0.477358 0.500415
2 0.0324759 0.174793 0.0649519 0.349586
4 0.3657 0.5 0.397193 1
2 0.677697 0.502571 0.643492 0.982945
4 0.151611 0.296948 0.303221 0.565352
0 0.650544 0.571905 0.126501 0.13669
0 0.501323 0.559134 0.0823772 0.100652
0 0.65036 0.480005 0.134505 0.315375
0 0.489444 0.566461 0.102085 0.115435
0 0.809331 0.753155 0.381339 0.483677
1 0.648698 0.570986 0.130176 0.129843
4 0.651092 0.564291 0.130402 0.147092
0 0.650647 0.603616 0.13613 0.197455
0 0.240252 0.757095 0.47222 0.48464
0 0.521486 0.639393 0.120746 0.265235
0 0.327153 0.727533 0.64317 0.539653
0 0.504992 0.383124 0.0931898 0.514808
0 0.255268 0.655573 0.507132 0.318117
0 0.582285 0.711723 0.276514 0.404132
0 0.581433 0.564723 0.243306 0.117078
3 0.677266 0.502612 0.644325 0.982975
0 0.541271 0.0283058 0.917457 0.0566117
4 0.787396 0.747356 0.425207 0.474441
1 0.501323 0.559134 0.0823772 0.100652
3 0.464457 0.406132 0.567651 0.805761
3 0.28528 0.51677 0.553289 0.966461
3 0.197828 0.65137 0.394003 0.280842
0 0.725471 0.608742 0.287796 0.200662
4 0.652306 0.480987 0.140511 0.325008
2 0.650544 0.571905 0.126501 0.13669
3 0.706794 0.741957 0.586413 0.473081
0 0.931067 0.7602 0.137865 0.4796
0 0.802649 0.503582 0.394702 0.992836
3 0.638743 0.345784 0.451815 0.656583
0 0.783421 0.596856 0.399496 0.175929
3 0.751656 0.0465061 0.496688 0.0930122
1 0.65036 0.480005 0.134505 0.315375
0 0.431829 0.749727 0.591472 0.473858
0 0.90132 0.765738 0.19736 0.468523
3 0.715203 0.740043 0.566505 0.519915
3 0.504992 0.383124 0.0931898 0.514808
3 0.173973 0.798014 0.323053 0.403973
0 0.51536 0.263156 0.539908 0.519421
3 0.245468 0.769686 0.477763 0.460628
4 0.243325 0.644872 0.479185 0.276745
0 0.534949 0.749344 0.4034 0.481215
3 0.779698 0.200357 0.440603 0.400713
3 0.129187 0.806378 0.254405 0.387245
1 0.831153 0.756383 0.337694 0.478932
0 0.28528 0.51677 0.553289 0.966461
3 0.824405 0.620228 0.351189 0.759545
3 0.278731 0.320906 0.532799 0.634256
0 0.243305 0.449159 0.479385 0.685152
0 0.421117 0.0346415 0.837232 0.069283
0 0.610946 0.0635101 0.778108 0.12702
3 0.473593 0.74682 0.409236 0.506359
3 0.192983 0.452798 0.379665 0.835482
1 0.521486 0.639393 0.120746 0.265235
3 0.521486 0.639393 0.120746 0.265235
3 0.849072 0.510739 0.301856 0.978523
3 0.299668 0.741262 0.568568 0.498287
3 0.945741 0.519237 0.108519 0.961526
0 0.540759 0.332553 0.448963 0.64855
3 0.562288 0.750984 0.380323 0.498032
3 0.540759 0.332553 0.448963 0.64855
0 0.732001 0.730669 0.535998 0.453438
0 0.199153 0.129081 0.398306 0.258162
3 0.851824 0.745361 0.296351 0.509277
3 0.595854 0.043561 0.808292 0.0871221
3 0.785052 0.499622 0.429895 0.972696
0 0.197828 0.65137 0.394003 0.280842
3 0.932173 0.755598 0.135654 0.488803
3 0.595658 0.257694 0.808683 0.515387
3 0.341925 0.755008 0.480775 0.489984
3 0.652306 0.480987 0.140511 0.325008
4 0.638743 0.345784 0.451815 0.656583
3 0.186189 0.761569 0.370571 0.463456
3 0.680044 0.0539508 0.639911 0.107902
3 0.353699 0.0370356 0.705398 0.0740712
4 0.240252 0.757095 0.47222 0.48464
0 0.791444 0.0546328 0.417112 0.109266
0 0.638743 0.345784 0.451815 0.656583
2 0.582285 0.711723 0.276514 0.404132
0 0.0777798 0.788514 0.155208 0.413128
3 0.632114 0.0748887 0.735771 0.149777
3 0.312572 0.0678182 0.625145 0.135636
3 0.0208568 0.770718 0.0417136 0.458564
4 0.369902 0.761099 0.591295 0.459654
3 0.0253131 0.630906 0.0506263 0.728838
4 0.595854 0.043561 0.808292 0.0871221
4 0.582285 0.711723 0.276514 0.404132
3 0.199153 0.129081 0.398306 0.258162
3 0.501323 0.559134 0.0823772 0.100652
1 0.725471 0.608742 0.287796 0.200662
0 0.150919 0.758534 0.301837 0.464025
3 0.82142 0.25203 0.35716 0.50406
2 0.576402 0.748512 0.416564 0.480505
3 0.243305 0.449159 0.479385 0.685152
4 0.64997 0.75568 0.70006 0.463299
0 0.578843 0.341153 0.631408 0.682307
3 0.0238561 0.282998 0.0477123 0.565997
4 0.51536 0.263156 0.539908 0.519421
3 0.791901 0.755563 0.416197 0.488409
0 0.513271 0.258603 0.722629 0.517206
3 0.922813 0.392472 0.154375 0.784945
3 0.940684 0.740451 0.118631 0.519099
4 0.501368 0.547739 0.0826752 0.131012
3 0.487865 0.0355468 0.940016 0.0710935
4 0.632114 0.0748887 0.735771 0.149777
4 0.541271 0.0283058 0.917457 0.0566117
3 0.758372 0.58715 0.348656 0.251034
4 0.932173 0.755598 0.135654 0.488803
3 0.366259 0.5 0.396096 1
3 0.923968 0.61766 0.152064 0.764681
4 0.540759 0.332553 0.448963 0.64855
4 0.489444 0.566461 0.102085 0.115435
0 0.824405 0.620228 0.351189 0.759545
0 0.763639 0.239882 0.472722 0.471893
0 0.433174 0.281376 0.541833 0.562012
3 0.125145 0.654343 0.250289 0.285481
3 0.208984 0.316206 0.404967 0.557888
4 0.125145 0.654343 0.250289 0.285481
0 0.923968 0.61766 0.152064 0.764681
4 0.783871 0.500132 0.432259 0.999736
3 0.844523 0.227302 0.310955 0.441558
3 0.0272816 0.362916 0.0545632 0.680901
3 0.46143 0.266618 0.545116 0.526602
3 0.0256381 0.787409 0.0512762 0.425182
3 0.151162 0.296926 0.302325 0.565292
0 0.0324371 0.174001 0.0648741 0.348001
3 0.569237 0.431988 0.290716 0.809857
0 0.706619 0.178646 0.586762 0.357291
4 0.248575 0.481977 0.493639 0.657897
4 0.150919 0.758534 0.301837 0.464025
4 0.940684 0.740451 0.118631 0.519099
4 0.534949 0.749344 0.4034 0.481215
3 0.920438 0.771147 0.159124 0.457706
3 0.642954 0.192165 0.714092 0.38433
4 0.595658 0.257694 0.808683 0.515387
4 0.341925 0.755008 0.480775 0.489984
4 0.851824 0.745361 0.296351 0.509277
3 0.0324371 0.174001 0.0648741 0.348001
3 0.284756 0.122879 0.569512 0.245758
4 0.680044 0.0539508 0.639911 0.107902
0 0.0932313 0.783414 0.186463 0.433172
3 0.131907 0.480332 0.263814 0.613655
3 0.444557 0.757885 0.485075 0.475543
4 0.706619 0.178646 0.586762 0.357291
2 0.791901 0.755563 0.416197 0.488409
2 0.501368 0.547739 0.0826752 0.131012
4 0.521486 0.639393 0.120746 0.265235
4 0.848992 0.516284 0.302017 0.967431
0 0.0203557 0.787266 0.0407114 0.425468
3 0.0245727 0.484553 0.0491454 0.908503
4 0.218718 0.785758 0.415889 0.428484
0 0.0225688 0.580473 0.0451376 0.805657
3 0.0704427 0.279731 0.140885 0.52736
3 0.578843 0.341153 0.631408 0.682307
4 0.763639 0.239882 0.472722 0.471893
0 0.611802 0.753475 0.583901 0.47118
0 0.932173 0.755598 0.135654 0.488803
0 0.0238561 0.282998 0.0477123 0.565997
3 0.096742 0.349985 0.193484 0.490751
0 0.0276159 0.432426 0.0552319 0.805278
4 0.677266 0.502612 0.644325 0.982975
0 0.82142 0.25203 0.35716 0.50406
3 0.491977 0.553003 0.0978992 0.15604
4 0.945741 0.519237 0.108519 0.961526
4 0.434708 0.0367718 0.855831 0.0735435
4 0.791444 0.0546328 0.417112 0.109266
3 0.114281 0.772703 0.228091 0.442438
4 0.578843 0.341153 0.631408 0.682307
0 0.534841 0.55702 0.136823 0.14066
0 0.312572 0.0678182 0.625145 0.135636
3 0.581433 0.564723 0.243306 0.117078
3 0.0932313 0.783414 0.186463 0.433172
4 0.433174 0.281376 0.541833 0.562012
4 0.504992 0.383124 0.0931898 0.514808
4 0.0256381 0.787409 0.0512762 0.425182
4 0.922813 0.392472 0.154375 0.784945
0 0.851824 0.745361 0.296351 0.509277
4 0.636948 0.748225 0.46008 0.503551
4 0.261709 0.455444 0.520658 0.902811
0 0.125145 0.654343 0.250289 0.285481
0 0.0256381 0.787409 0.0512762 0.425182
0 0.758372 0.58715 0.348656 0.251034
4 0.473593 0.74682 0.409236 0.506359
3 0.166904 0.166509 0.333809 0.333018
3 0.255268 0.655573 0.507132 0.318117
4 0.129187 0.806378 0.254405 0.387245
0 0.624871 0.265556 0.726595 0.531112
4 0.82142 0.25203 0.35716 0.50406
4 0.920438 0.771147 0.159124 0.457706
3 0.0777798 0.788514 0.155208 0.413128
2 0.581433 0.564723 0.243306 0.117078
4 0.199153 0.129081 0.398306 0.258162
4 0.824405 0.620228 0.351189 0.759545
4 0.923968 0.61766 0.152064 0.764681
3 0.582285 0.711723 0.276514 0.404132
0 0.922813 0.392472 0.154375 0.784945
4 0.0932313 0.783414 0.186463 0.433172
4 0.844523 0.227302 0.310955 0.441558
4 0.0276159 0.432426 0.0552319 0.805278
3 0.327892 0.264883 0.540559 0.514745
0 0.284756 0.122879 0.569512 0.245758
3 0.229889 0.211432 0.459777 0.422864
4 0.562288 0.750984 0.380323 0.498032
0 0.943271 0.516593 0.113458 0.930909
4 0.464457 0.406132 0.567651 0.805761
2 0.345193 0.739851 0.651216 0.519722
4 0.337275 0.2956 0.554573 0.588735
4 0.0324371 0.174001 0.0648741 0.348001
3 0.783421 0.596856 0.399496 0.175929
4 0.650647 0.603616 0.13613 0.197455
4 0.0253131 0.630906 0.0506263 0.728838
4 0.0238561 0.282998 0.0477123 0.565997
4 0.253431 0.346483 0.480818 0.67273
1 0.222571 0.758557 0.441167 0.470253
4 0.386227 0.257305 0.771128 0.514611
4 0.192983 0.452798 0.379665 0.835482
4 0.0203557 0.787266 0.0407114 0.425468
0 0.473593 0.74682 0.409236 0.506359
1 0.235732 0.649981 0.466791 0.280886
4 0.337689 0.502331 0.655418 0.995337
1 0.504992 0.383124 0.0931898 0.514808
4 0.131907 0.480332 0.263814 0.613655
0 0.636948 0.748225 0.46008 0.503551
0 0.627503 0.454913 0.72677 0.909827
4 0.284756 0.122879 0.569512 0.245758
3 0.103418 0.150033 0.206836 0.290512
0 0.129187 0.806378 0.254405 0.387245
1 0.653515 0.598509 0.137841 0.182771
4 0.0777798 0.788514 0.155208 0.413128
2 0.521486 0.639393 0.120746 0.265235
0 0.562288 0.750984 0.380323 0.498032
0 0.486146 0.398651 0.550073 0.793608
4 0.312572 0.0678182 0.625145 0.135636
3 0.534949 0.749344 0.4034 0.481215
2 0.706619 0.178646 0.586762 0.357291
0 0.569237 0.431988 0.290716 0.809857
0 0.430052 0.484748 0.580014 0.961787
2 0.229026 0.749737 0.454707 0.476291
3 0.386227 0.257305 0.771128 0.514611
1 0.329886 0.750032 0.618227 0.474598
0 0.564617 0.532027 0.0582456 0.0505956
2 0.489444 0.566461 0.102085 0.115435
0 0.337275 0.2956 0.554573 0.588735
3 0.534841 0.55702 0.136823 0.14066
3 0.648939 0.561848 0.132292 0.15187
2 0.431829 0.749727 0.591472 0.473858
4 0.103418 0.150033 0.206836 0.290512
0 0.844523 0.227302 0.310955 0.441558
0 0.374917 0.751444 0.515233 0.497113
2 0.650647 0.603616 0.13613 0.197455
2 0.920438 0.771147 0.159124 0.457706
1 0.920438 0.771147 0.159124 0.457706
4 0.096742 0.349985 0.193484 0.490751
3 0.611802 0.753475 0.583901 0.47118
0 0.181214 0.389334 0.361114 0.670845
4 0.208984 0.316206 0.404967 0.557888
2 0.763639 0.239882 0.472722 0.471893
4 0.0704427 0.279731 0.140885 0.52736
0 0.785557 0.736236 0.428677 0.527528
1 0.540759 0.332553 0.448963 0.64855
1 0.706794 0.741957 0.586413 0.473081
1 0.0777798 0.788514 0.155208 0.413128
4 0.758372 0.58715 0.348656 0.251034
0 0.221551 0.259815 0.419731 0.504559
1 0.130062 0.784626 0.257906 0.423535
2 0.0932313 0.783414 0.186463 0.433172
1 0.188778 0.322643 0.370545 0.536061
0 0.128931 0.523402 0.257863 0.727847
1 0.582285 0.711723 0.276514 0.404132
2 0.65036 0.480005 0.134505 0.315375
4 0.725471 0.608742 0.287796 0.200662
0 0.103418 0.150033 0.206836 0.290512
1 0.206118 0.436388 0.408926 0.806082
2 0.932173 0.755598 0.135654 0.488803
0 0.386227 0.257305 0.771128 0.514611
1 0.559593 0.755716 0.405973 0.47449
1 0.486146 0.398651 0.550073 0.793608
2 0.636948 0.748225 0.46008 0.503551
4 0.288612 0.216455 0.571188 0.43291
2 0.364141 0.255629 0.705115 0.511257
1 0.642849 0.251968 0.714301 0.503935
2 0.129187 0.806378 0.254405 0.387245
2 0.255268 0.655573 0.507132 0.318117
4 0.166904 0.166509 0.333809 0.333018
2 0.411939 0.747641 0.497575 0.504719
2 0.519498 0.74964 0.36427 0.500721
2 0.802649 0.503582 0.394702 0.992836
2 0.192327 0.463552 0.384423 0.776771
0 0.366259 0.5 0.396096 1
2 0.783421 0.596856 0.399496 0.175929
1 0.581433 0.564723 0.243306 0.117078
0 0.862654 0.45371 0.274692 0.879568
1 0.611802 0.753475 0.583901 0.47118
0 0.151162 0.296926 0.302325 0.565292
2 0.288612 0.216455 0.571188 0.43291
2 0.68513 0.752699 0.615217 0.477806
2 0.832994 0.732031 0.334013 0.535937
2 0.189779 0.285672 0.373142 0.555886
2 0.940266 0.46398 0.119468 0.880366
2 0.257852 0.259668 0.477557 0.501175
2 0.0324371 0.174001 0.0648741 0.348001
