0 0.919276 0.631034 0.161448 0.230871
3 0.960885 0.276112 0.0748871 0.334505
0 0.943432 0.595354 0.113135 0.220879
0 0.956404 0.262797 0.0871922 0.30504
0 0.847216 0.663497 0.305569 0.288399
0 0.876674 0.740861 0.246653 0.458034
0 0.836413 0.776954 0.327174 0.437481
0 0.914668 0.593176 0.170664 0.215348
0 0.92571 0.549012 0.14574 0.0691114
0 0.135383 0.882114 0.270766 0.235772
0 0.52375 0.764259 0.93868 0.447019
3 0.832946 0.559791 0.334109 0.880418
0 0.517841 0.0376571 0.964318 0.0753142
1 0.943432 0.595354 0.113135 0.220879
3 0.798941 0.468463 0.402118 0.78232
0 0.37315 0.773311 0.725749 0.43193
3 0.528561 0.592726 0.941453 0.780771
1 0.956404 0.262797 0.0871922 0.30504
1 0.907639 0.623115 0.184722 0.215568
0 0.867912 0.438971 0.264175 0.618753
0 0.950697 0.415473 0.0986067 0.604424
0 0.383193 0.0550371 0.766257 0.110074
0 0.235269 0.891205 0.457693 0.216443
0 0.732122 0.695597 0.535756 0.576418
0 0.681254 0.766379 0.637491 0.446759
4 0.919276 0.631034 0.161448 0.230871
3 0.182443 0.466182 0.361179 0.932365
0 0.878666 0.618892 0.242668 0.308714
0 0.626707 0.101416 0.746586 0.202833
3 0.15328 0.584169 0.306559 0.831662
0 0.195246 0.779255 0.388365 0.436433
0 0.265267 0.765534 0.520688 0.445949
3 0.139235 0.423957 0.27847 0.847914
3 0.396824 0.726737 0.758973 0.445286
3 0.837626 0.770219 0.324749 0.459563
3 0.183628 0.267333 0.365535 0.513554
3 0.334835 0.796809 0.482748 0.406382
4 0.947616 0.583688 0.104768 0.197661
0 0.227998 0.204286 0.455996 0.408573
3 0.59954 0.0746457 0.80092 0.149291
3 0.548039 0.770317 0.610489 0.459366
3 0.956781 0.426696 0.0864383 0.45047
3 0.587332 0.311404 0.825335 0.622808
3 0.227998 0.204286 0.455996 0.408573
3 0.267258 0.428096 0.527665 0.856192
0 0.908741 0.772923 0.182518 0.453185
4 0.836295 0.776748 0.327411 0.432615
3 0.924343 0.773946 0.151314 0.452108
1 0.835637 0.754549 0.328726 0.487321
3 0.275974 0.864276 0.524662 0.271449
3 0.721116 0.476306 0.550319 0.869279
3 0.533571 0.765383 0.930985 0.446971
3 0.874774 0.619345 0.250453 0.76131
3 0.180535 0.767031 0.359576 0.455026
0 0.805747 0.207573 0.388506 0.415147
0 0.573283 0.0657345 0.853434 0.131469
4 0.529073 0.764657 0.898992 0.446943
0 0.948158 0.214478 0.103684 0.428956
3 0.682927 0.771041 0.521091 0.457918
3 0.408213 0.457056 0.746942 0.914112
0 0.00787754 0.645518 0.0157551 0.708963
3 0.749164 0.227679 0.501672 0.455358
3 0.545433 0.217563 0.909135 0.435126
3 0.195288 0.88426 0.382276 0.23148
3 0.400586 0.682874 0.801172 0.606396
3 0.586577 0.504621 0.816801 0.990759
3 0.396135 0.303663 0.727874 0.607327
3 0.732122 0.695597 0.535756 0.576418
3 0.85531 0.394894 0.289175 0.587581
0 0.874774 0.619345 0.250453 0.76131
2 0.957957 0.267066 0.0840855 0.300517
3 0.392912 0.770786 0.606084 0.458427
0 0.400586 0.682874 0.801172 0.606396
3 0.0791671 0.761492 0.158334 0.472356
3 0.950697 0.415473 0.0986067 0.604424
4 0.876007 0.76493 0.247985 0.468934
3 0.513913 0.0285106 0.972174 0.0570212
3 0.948158 0.214478 0.103684 0.428956
3 0.0683544 0.251247 0.136709 0.502494
3 0.303737 0.0533383 0.607473 0.106677
4 0.924343 0.773946 0.151314 0.452108
3 0.0713421 0.660801 0.142684 0.678398
0 0.43728 0.218587 0.844587 0.437174
1 0.950697 0.415473 0.0986067 0.604424
4 0.626707 0.101416 0.746586 0.202833
4 0.573283 0.0657345 0.853434 0.131469
3 0.00737882 0.591055 0.0147576 0.78179
3 0.685566 0.270362 0.628867 0.540724
3 0.451727 0.0449343 0.903454 0.0898685
3 0.805747 0.207573 0.388506 0.415147
0 0.00992923 0.702161 0.0198585 0.595677
3 0.297618 0.324164 0.592535 0.648327
0 0.685566 0.270362 0.628867 0.540724
3 0.0278373 0.245863 0.0556745 0.491726
0 0.372394 0.287436 0.706825 0.574873
4 0.956781 0.426696 0.0864383 0.45047
3 0.669518 0.775315 0.645595 0.447146
4 0.950697 0.415473 0.0986067 0.604424
2 0.919276 0.631034 0.161448 0.230871
4 0.524562 0.0435464 0.950876 0.0870929
4 0.56412 0.476234 0.854859 0.928024
0 0.0177544 0.791247 0.0355089 0.417505
4 0.847216 0.663497 0.305569 0.288399
4 0.545433 0.217563 0.909135 0.435126
4 0.359921 0.77011 0.529226 0.459779
3 0.0177544 0.791247 0.0355089 0.417505
3 0.899631 0.754101 0.200738 0.472184
0 0.587332 0.311404 0.825335 0.622808
3 0.0123584 0.426476 0.0247168 0.822729
4 0.867912 0.438971 0.264175 0.618753
3 0.02324 0.386306 0.0464801 0.772065
4 0.681254 0.766379 0.637491 0.446759
3 0.518677 0.374329 0.928738 0.748658
1 0.205419 0.889687 0.406227 0.220626
4 0.548039 0.770317 0.610489 0.459366
3 0.297026 0.0978272 0.594052 0.195654
4 0.383494 0.774977 0.744906 0.426044
0 0.749164 0.227679 0.501672 0.455358
3 0.26756 0.766467 0.525236 0.44808
3 0.00772879 0.47374 0.0154576 0.825015
4 0.942015 0.221929 0.11597 0.443858
4 0.957957 0.267066 0.0840855 0.300517
4 0.195288 0.88426 0.382276 0.23148
3 0.412449 0.0753463 0.824897 0.150693
3 0.741855 0.32117 0.51629 0.642339
0 0.478367 0.772675 0.676581 0.45465
4 0.797317 0.772742 0.393595 0.454515
3 0.825669 0.733998 0.348661 0.501339
0 0.338275 0.41013 0.676551 0.803841
0 0.56412 0.476234 0.854859 0.928024
0 0.297026 0.0978272 0.594052 0.195654
3 0.521684 0.109679 0.93147 0.219357
3 0.104406 0.259232 0.208813 0.494983
4 0.914668 0.593176 0.170664 0.215348
4 0.502236 0.329554 0.887538 0.652472
4 0.732122 0.695597 0.535756 0.576418
3 0.0296458 0.825172 0.0592916 0.349656
4 0.514408 0.606321 0.965177 0.745091
3 0.257135 0.88278 0.504317 0.228951
4 0.682927 0.771041 0.521091 0.457918
0 0.487831 0.121249 0.887702 0.242499
0 0.956781 0.426696 0.0864383 0.45047
4 0.400586 0.682874 0.801172 0.606396
3 0.0737198 0.403111 0.14744 0.787154
0 0.1292 0.773256 0.2584 0.453489
0 0.0123584 0.426476 0.0247168 0.822729
4 0.26756 0.766467 0.525236 0.44808
0 0.00772879 0.47374 0.0154576 0.825015
4 0.338275 0.41013 0.676551 0.803841
0 0.924343 0.773946 0.151314 0.452108
4 0.432464 0.062139 0.864927 0.124278
4 0.373308 0.296691 0.702121 0.591742
3 0.913433 0.384137 0.172444 0.549297
4 0.0123584 0.426476 0.0247168 0.822729
4 0.135783 0.862927 0.271534 0.274146
3 0.00992923 0.702161 0.0198585 0.595677
0 0.835643 0.54791 0.328211 0.90059
4 0.00787754 0.645518 0.0157551 0.708963
0 0.0296458 0.825172 0.0592916 0.349656
4 0.1292 0.773256 0.2584 0.453489
1 0.221563 0.786691 0.440905 0.425768
3 0.947616 0.583688 0.104768 0.197661
3 0.135383 0.882114 0.270766 0.235772
4 0.275974 0.864276 0.524662 0.271449
3 0.239502 0.285727 0.471214 0.57136
2 0.836899 0.763394 0.326202 0.456086
0 0.0683544 0.251247 0.136709 0.502494
3 0.878666 0.618892 0.242668 0.308714
0 0.02324 0.386306 0.0464801 0.772065
4 0.685566 0.270362 0.628867 0.540724
0 0.514408 0.606321 0.965177 0.745091
0 0.742097 0.506935 0.515806 0.964675
4 0.332085 0.0493593 0.660568 0.0987186
4 0.227998 0.204286 0.455996 0.408573
4 0.749164 0.227679 0.501672 0.455358
4 0.0791671 0.761492 0.158334 0.472356
4 0.238404 0.502241 0.473349 0.968673
4 0.02324 0.386306 0.0464801 0.772065
4 0.401462 0.482411 0.746707 0.964822
4 0.00772879 0.47374 0.0154576 0.825015
0 0.392256 0.526765 0.78378 0.922735
0 0.236187 0.27222 0.460009 0.532531
4 0.721116 0.476306 0.550319 0.869279
4 0.236187 0.27222 0.460009 0.532531
4 0.805747 0.207573 0.388506 0.415147
3 0.1292 0.773256 0.2584 0.453489
4 0.0683544 0.251247 0.136709 0.502494
4 0.650265 0.351593 0.699471 0.703186
0 0.359921 0.77011 0.529226 0.459779
4 0.0296458 0.825172 0.0592916 0.349656
0 0.797317 0.772742 0.393595 0.454515
0 0.0278373 0.245863 0.0556745 0.491726
4 0.173614 0.264981 0.347229 0.529962
2 0.2433 0.766941 0.479485 0.447091
4 0.139235 0.423957 0.27847 0.847914
0 0.913433 0.384137 0.172444 0.549297
4 0.195246 0.779255 0.388365 0.436433
2 0.374082 0.766204 0.731019 0.455835
4 0.0275814 0.287115 0.0551629 0.57423
4 0.835643 0.54791 0.328211 0.90059
4 0.297026 0.0978272 0.594052 0.195654
4 0.0737198 0.403111 0.14744 0.787154
4 0.867358 0.675958 0.265283 0.62775
0 0.682927 0.771041 0.521091 0.457918
1 0.135383 0.882114 0.270766 0.235772
4 0.104406 0.259232 0.208813 0.494983
0 0.741855 0.32117 0.51629 0.642339
4 0.00992923 0.702161 0.0198585 0.595677
3 0.925485 0.631462 0.149029 0.226118
4 0.15328 0.584169 0.306559 0.831662
0 0.0791671 0.761492 0.158334 0.472356
3 0.457755 0.277016 0.915511 0.554031
4 0.487831 0.121249 0.887702 0.242499
2 0.956781 0.426696 0.0864383 0.45047
4 0.0713421 0.660801 0.142684 0.678398
1 0.443432 0.768582 0.750794 0.437696
3 0.847216 0.663497 0.305569 0.288399
4 0.0177544 0.791247 0.0355089 0.417505
4 0.741855 0.32117 0.51629 0.642339
2 0.913433 0.384137 0.172444 0.549297
2 0.400586 0.682874 0.801172 0.606396
2 0.510382 0.769248 0.742274 0.436053
2 0.205419 0.889687 0.406227 0.220626
0 0.238404 0.502241 0.473349 0.968673
2 0.518677 0.374329 0.928738 0.748658
1 0.908741 0.772923 0.182518 0.453185
4 0.878666 0.618892 0.242668 0.308714
2 0.449073 0.300105 0.788912 0.600209
2 0.210122 0.266468 0.412019 0.521591
2 0.85531 0.394894 0.289175 0.587581
2 0.732122 0.695597 0.535756 0.576418
2 0.908741 0.772923 0.182518 0.453185
2 0.847216 0.663497 0.305569 0.288399
2 0.40425 0.44195 0.75715 0.8839
0 0.173614 0.264981 0.347229 0.529962
1 0.942015 0.221929 0.11597 0.443858
4 0.798941 0.468463 0.402118 0.78232
1 0.669518 0.775315 0.645595 0.447146
2 0.138495 0.875592 0.27699 0.248816
2 0.924343 0.773946 0.151314 0.452108
2 0.650265 0.351593 0.699471 0.703186
2 0.681254 0.766379 0.637491 0.446759
1 0.330811 0.777783 0.642519 0.431417
0 0.104406 0.259232 0.208813 0.494983
2 0.392912 0.770786 0.606084 0.458427
2 0.798941 0.468463 0.402118 0.78232
2 0.548039 0.770317 0.610489 0.459366
2 0.805747 0.207573 0.388506 0.415147
2 0.0296458 0.825172 0.0592916 0.349656
0 0.275974 0.864276 0.524662 0.271449
2 0.526071 0.107169 0.885408 0.214338
2 0.943432 0.595354 0.113135 0.220879
1 0.956781 0.426696 0.0864383 0.45047
0 0.15328 0.584169 0.306559 0.831662
1 0.490395 0.330242 0.890049 0.660484
2 0.00787754 0.645518 0.0157551 0.708963
1 0.440414 0.286789 0.694887 0.573578
4 0.257135 0.88278 0.504317 0.228951
1 0.182443 0.466182 0.361179 0.932365
2 0.797317 0.772742 0.393595 0.454515
2 0.02324 0.386306 0.0464801 0.772065
1 0.211855 0.302464 0.416303 0.604928
1 0.1292 0.773256 0.2584 0.453489
2 0.874774 0.619345 0.250453 0.76131
2 0.3184 0.286612 0.6368 0.573224
2 0.0177544 0.791247 0.0355089 0.417505
2 0.832946 0.559791 0.334109 0.880418
2 0.19215 0.5 0.380872 1
1 0.636534 0.391625 0.726931 0.783251
2 0.682927 0.771041 0.521091 0.457918
2 0.43728 0.218587 0.844587 0.437174
1 0.0177544 0.791247 0.0355089 0.417505
2 0.0275814 0.287115 0.0551629 0.57423
4 0.913433 0.384137 0.172444 0.549297
1 0.781202 0.376872 0.437596 0.753743
2 0.108838 0.327476 0.217677 0.620844
1 0.0791671 0.761492 0.158334 0.472356
1 0.312871 0.285837 0.594781 0.565315
2 0.134096 0.5 0.267866 1
2 0.0737198 0.403111 0.14744 0.787154
1 0.548039 0.770317 0.610489 0.459366
1 0.527298 0.0313985 0.945404 0.062797
2 0.0683544 0.251247 0.136709 0.502494
2 0.914668 0.593176 0.170664 0.215348
1 0.104406 0.259232 0.208813 0.494983
2 0.942015 0.221929 0.11597 0.443858
0 0.798941 0.468463 0.402118 0.78232
2 0.741855 0.32117 0.51629 0.642339
2 0.267258 0.428096 0.527665 0.856192
1 0.805747 0.207573 0.388506 0.415147
2 0.721116 0.476306 0.550319 0.869279
2 0.1292 0.773256 0.2584 0.453489
0 0.139235 0.423957 0.27847 0.847914
2 0.00772879 0.47374 0.0154576 0.825015
1 0.0737198 0.403111 0.14744 0.787154
2 0.334835 0.796809 0.482748 0.406382
2 0.00992923 0.702161 0.0198585 0.595677
1 0.59954 0.0746457 0.80092 0.149291
2 0.0791671 0.761492 0.158334 0.472356
2 0.950697 0.415473 0.0986067 0.604424
0 0.91941 0.631054 0.16118 0.230921
3 0.960888 0.276081 0.0749071 0.334393
0 0.943357 0.594404 0.113286 0.21898
0 0.956409 0.262775 0.0871831 0.305026
0 0.847284 0.661915 0.305432 0.285258
0 0.876882 0.740698 0.246236 0.457711
0 0.836423 0.776928 0.327154 0.437498
0 0.925703 0.549021 0.145729 0.0691043
0 0.916137 0.59277 0.167727 0.214439
0 0.13525 0.88216 0.270499 0.235679
3 0.832959 0.55985 0.334082 0.8803
0 0.523657 0.764247 0.939089 0.447102
0 0.517838 0.0377474 0.964325 0.0754948
1 0.943357 0.594404 0.113286 0.21898
3 0.799056 0.467826 0.401887 0.780668
3 0.528612 0.593602 0.941384 0.779017
0 0.372974 0.77345 0.725212 0.431556
1 0.956409 0.262775 0.0871831 0.305026
1 0.90815 0.623106 0.183701 0.215586
0 0.8678 0.438779 0.264319 0.618071
0 0.951081 0.415013 0.0978387 0.602662
0 0.383152 0.0553729 0.766267 0.110746
0 0.235327 0.891157 0.45787 0.216528
0 0.732684 0.695678 0.534632 0.576218
4 0.91941 0.631054 0.16118 0.230921
3 0.182239 0.465535 0.360776 0.93107
0 0.681855 0.766384 0.63629 0.446764
3 0.153139 0.583768 0.306278 0.832463
0 0.626514 0.101126 0.746972 0.202252
0 0.878712 0.618706 0.242575 0.30889
0 0.195056 0.779342 0.387998 0.436251
3 0.138937 0.423064 0.277873 0.846129
0 0.265205 0.765555 0.520548 0.445826
3 0.396745 0.726828 0.758823 0.445719
3 0.837624 0.770153 0.324751 0.459693
3 0.335522 0.795633 0.483627 0.408733
3 0.183518 0.267212 0.365332 0.513237
4 0.947605 0.583155 0.104789 0.196575
3 0.599444 0.0746035 0.801112 0.149207
0 0.227823 0.204383 0.455645 0.408766
3 0.547732 0.770382 0.611014 0.459237
3 0.956744 0.426651 0.0865124 0.448232
3 0.587421 0.31127 0.825158 0.622541
3 0.227823 0.204383 0.455645 0.408766
3 0.266278 0.424036 0.525551 0.848073
4 0.836257 0.776718 0.327486 0.432653
3 0.924632 0.773896 0.150737 0.452208
3 0.276365 0.863105 0.525188 0.273789
3 0.533554 0.765363 0.931063 0.446995
3 0.721741 0.475975 0.548907 0.868262
1 0.835601 0.754524 0.328797 0.487203
3 0.874734 0.619879 0.250532 0.760242
3 0.180362 0.767085 0.359253 0.454969
0 0.909238 0.772927 0.181524 0.453116
3 0.464199 0.685852 0.877293 0.541794
4 0.528904 0.764657 0.899777 0.44686
3 0.682417 0.771043 0.522411 0.457914
3 0.40821 0.457004 0.74596 0.914008
3 0.749152 0.227607 0.501696 0.455215
3 0.195281 0.884329 0.382147 0.231342
3 0.545554 0.215499 0.908892 0.430999
0 0.805739 0.207574 0.388523 0.415148
0 0.57332 0.0657425 0.85336 0.131485
3 0.586969 0.504724 0.815878 0.990551
0 0.948146 0.214456 0.103707 0.428912
3 0.396056 0.30346 0.727118 0.60692
3 0.732684 0.695678 0.534632 0.576218
3 0.855287 0.39484 0.28918 0.587456
0 0.00794118 0.645117 0.0158824 0.709766
2 0.957953 0.267091 0.0840948 0.300412
3 0.393002 0.770964 0.606962 0.458071
0 0.874734 0.619879 0.250532 0.760242
3 0.079067 0.761546 0.158134 0.47233
3 0.513929 0.0286284 0.972142 0.0572568
3 0.951081 0.415013 0.0978387 0.602662
4 0.876348 0.764925 0.247304 0.468834
0 0.400526 0.682661 0.801053 0.60674
3 0.948146 0.214456 0.103707 0.428912
3 0.0677371 0.251216 0.135474 0.502432
3 0.303512 0.053279 0.607024 0.106558
4 0.924632 0.773896 0.150737 0.452208
3 0.0713409 0.660138 0.142682 0.679723
4 0.626514 0.101126 0.746972 0.202252
1 0.951081 0.415013 0.0978387 0.602662
4 0.57332 0.0657425 0.85336 0.131485
3 0.637085 0.391241 0.725831 0.782482
3 0.00741903 0.590899 0.0148381 0.782049
0 0.437425 0.216719 0.844117 0.433438
3 0.685389 0.270361 0.629222 0.540722
3 0.547709 0.0509232 0.899174 0.101846
3 0.29607 0.322074 0.589342 0.644148
3 0.805739 0.207574 0.388523 0.415148
3 0.0279187 0.245871 0.0558374 0.491741
4 0.956744 0.426651 0.0865124 0.448232
3 0.668378 0.775328 0.647938 0.447187
4 0.951081 0.415013 0.0978387 0.602662
0 0.0100308 0.701847 0.0200615 0.596305
3 0.432366 0.0629213 0.864733 0.125843
0 0.685389 0.270361 0.629222 0.540722
4 0.524603 0.0436369 0.950793 0.0872739
2 0.91941 0.631054 0.16118 0.230921
0 0.372616 0.287399 0.705248 0.574797
4 0.564369 0.476737 0.854101 0.928856
4 0.847284 0.661915 0.305432 0.285258
4 0.545554 0.215499 0.908892 0.430999
4 0.360286 0.770216 0.530358 0.459568
3 0.0178493 0.79132 0.0356986 0.41736
3 0.89997 0.754033 0.20006 0.471976
4 0.8678 0.438779 0.264319 0.618071
3 0.0124147 0.426146 0.0248294 0.821634
3 0.0233605 0.386183 0.0467209 0.771601
4 0.681855 0.766384 0.63629 0.446764
0 0.0178493 0.79132 0.0356986 0.41736
1 0.205456 0.889681 0.40628 0.220638
4 0.547732 0.770382 0.611014 0.459237
3 0.296731 0.0978144 0.593463 0.195629
0 0.587421 0.31127 0.825158 0.622541
4 0.383431 0.775218 0.744508 0.42548
3 0.26754 0.76644 0.525168 0.448135
3 0.00775912 0.473446 0.0155182 0.82426
4 0.942167 0.221911 0.115666 0.443822
4 0.195281 0.884329 0.382147 0.231342
4 0.957953 0.267091 0.0840948 0.300412
3 0.74185 0.321255 0.516301 0.642509
0 0.749152 0.227607 0.501696 0.455215
4 0.797111 0.772676 0.393993 0.454648
3 0.825633 0.733612 0.348734 0.501958
0 0.478412 0.772785 0.676461 0.45443
3 0.521799 0.10906 0.931153 0.218121
3 0.104203 0.259136 0.208406 0.494755
4 0.732684 0.695678 0.534632 0.576218
4 0.916137 0.59277 0.167727 0.214439
0 0.337056 0.405488 0.674113 0.791285
4 0.502187 0.330099 0.887424 0.653384
3 0.0296694 0.825145 0.0593387 0.349709
0 0.564369 0.476737 0.854101 0.928856
0 0.296731 0.0978144 0.593463 0.195629
4 0.514408 0.606416 0.965297 0.744972
4 0.682417 0.771043 0.522411 0.457914
3 0.257211 0.881762 0.504461 0.230928
4 0.400526 0.682661 0.801053 0.60674
3 0.0734882 0.40259 0.146976 0.785724
0 0.488441 0.120754 0.887396 0.241508
4 0.26754 0.76644 0.525168 0.448135
0 0.956744 0.426651 0.0865124 0.448232
0 0.0124147 0.426146 0.0248294 0.821634
4 0.337056 0.405488 0.674113 0.791285
0 0.129048 0.773319 0.258096 0.453361
3 0.913397 0.384203 0.172493 0.549495
4 0.432366 0.0629213 0.864733 0.125843
4 0.373803 0.296755 0.700296 0.591768
4 0.0124147 0.426146 0.0248294 0.821634
0 0.00775912 0.473446 0.0155182 0.82426
4 0.135653 0.862683 0.271268 0.274635
3 0.0100308 0.701847 0.0200615 0.596305
0 0.924632 0.773896 0.150737 0.452208
4 0.00794118 0.645117 0.0158824 0.709766
4 0.129048 0.773319 0.258096 0.453361
0 0.837965 0.548594 0.3233 0.899345
1 0.221601 0.785309 0.440987 0.428567
3 0.947605 0.583155 0.104789 0.196575
3 0.13525 0.88216 0.270499 0.235679
4 0.276365 0.863105 0.525188 0.273789
2 0.836907 0.763465 0.326187 0.455866
3 0.878712 0.618706 0.242575 0.30889
3 0.251064 0.270774 0.502128 0.541549
0 0.0296694 0.825145 0.0593387 0.349709
0 0.0677371 0.251216 0.135474 0.502432
4 0.685389 0.270361 0.629222 0.540722
0 0.0233605 0.386183 0.0467209 0.771601
4 0.33194 0.0494768 0.660336 0.0989536
4 0.227823 0.204383 0.455645 0.408766
4 0.749152 0.227607 0.501696 0.455215
0 0.514408 0.606416 0.965297 0.744972
4 0.238147 0.502177 0.472876 0.968826
4 0.079067 0.761546 0.158134 0.47233
4 0.0233605 0.386183 0.0467209 0.771601
0 0.742739 0.507176 0.514523 0.964114
4 0.40133 0.482504 0.7458 0.965009
4 0.00775912 0.473446 0.0155182 0.82426
4 0.721741 0.475975 0.548907 0.868262
4 0.805739 0.207574 0.388523 0.415148
3 0.129048 0.773319 0.258096 0.453361
4 0.236157 0.272105 0.459936 0.532083
4 0.0677371 0.251216 0.135474 0.502432
0 0.236157 0.272105 0.459936 0.532083
0 0.392524 0.526907 0.7843 0.922393
4 0.650296 0.35172 0.699407 0.703439
4 0.0296694 0.825145 0.0593387 0.349709
0 0.360286 0.770216 0.530358 0.459568
4 0.172749 0.264828 0.345497 0.529656
0 0.797111 0.772676 0.393993 0.454648
0 0.0279187 0.245871 0.0558374 0.491741
2 0.243125 0.766946 0.479205 0.447094
4 0.138937 0.423064 0.277873 0.846129
4 0.195056 0.779342 0.387998 0.436251
2 0.373924 0.766126 0.730444 0.455988
4 0.837965 0.548594 0.3233 0.899345
4 0.0277292 0.287297 0.0554583 0.574593
0 0.913397 0.384203 0.172493 0.549495
4 0.296731 0.0978144 0.593463 0.195629
4 0.0734882 0.40259 0.146976 0.785724
4 0.867671 0.676697 0.264658 0.626014
1 0.13525 0.88216 0.270499 0.235679
4 0.104203 0.259136 0.208406 0.494755
4 0.0100308 0.701847 0.0200615 0.596305
3 0.925406 0.631488 0.149188 0.226171
0 0.682417 0.771043 0.522411 0.457914
4 0.153139 0.583768 0.306278 0.832463
0 0.74185 0.321255 0.516301 0.642509
0 0.079067 0.761546 0.158134 0.47233
3 0.457428 0.275967 0.914857 0.551935
4 0.488441 0.120754 0.887396 0.241508
2 0.956744 0.426651 0.0865124 0.448232
4 0.0713409 0.660138 0.142682 0.679723
3 0.847284 0.661915 0.305432 0.285258
1 0.443935 0.768707 0.749475 0.437353
4 0.0178493 0.79132 0.0356986 0.41736
4 0.74185 0.321255 0.516301 0.642509
2 0.913397 0.384203 0.172493 0.549495
2 0.400526 0.682661 0.801053 0.60674
2 0.510191 0.769284 0.74315 0.435943
2 0.205456 0.889681 0.40628 0.220638
2 0.518664 0.37435 0.928447 0.748701
1 0.909238 0.772927 0.181524 0.453116
4 0.878712 0.618706 0.242575 0.30889
0 0.238147 0.502177 0.472876 0.968826
2 0.449096 0.299905 0.788478 0.599809
2 0.210027 0.26633 0.411841 0.521098
2 0.855287 0.39484 0.28918 0.587456
2 0.732684 0.695678 0.534632 0.576218
2 0.909238 0.772927 0.181524 0.453116
2 0.404082 0.44198 0.756667 0.88396
2 0.847284 0.661915 0.305432 0.285258
1 0.942167 0.221911 0.115666 0.443822
4 0.799056 0.467826 0.401887 0.780668
0 0.172749 0.264828 0.345497 0.529656
1 0.668378 0.775328 0.647938 0.447187
2 0.138278 0.875651 0.276557 0.248697
2 0.924632 0.773896 0.150737 0.452208
2 0.650296 0.35172 0.699407 0.703439
2 0.681855 0.766384 0.63629 0.446764
1 0.330906 0.777852 0.64266 0.431252
2 0.393002 0.770964 0.606962 0.458071
1 0.916137 0.59277 0.167727 0.214439
2 0.799056 0.467826 0.401887 0.780668
0 0.104203 0.259136 0.208406 0.494755
2 0.547732 0.770382 0.611014 0.459237
2 0.943357 0.594404 0.113286 0.21898
2 0.805739 0.207574 0.388523 0.415148
2 0.0296694 0.825145 0.0593387 0.349709
2 0.526691 0.106668 0.884984 0.213336
1 0.956744 0.426651 0.0865124 0.448232
1 0.490452 0.330432 0.889803 0.660865
2 0.00794118 0.645117 0.0158824 0.709766
0 0.276365 0.863105 0.525188 0.273789
4 0.257211 0.881762 0.504461 0.230928
1 0.440665 0.286297 0.693823 0.572594
1 0.182239 0.465535 0.360776 0.93107
2 0.797111 0.772676 0.393993 0.454648
0 0.153139 0.583768 0.306278 0.832463
2 0.0233605 0.386183 0.0467209 0.771601
1 0.21181 0.302612 0.416211 0.605223
1 0.129048 0.773319 0.258096 0.453361
0 0.637085 0.391241 0.725831 0.782482
2 0.874734 0.619879 0.250532 0.760242
2 0.0178493 0.79132 0.0356986 0.41736
2 0.318044 0.286325 0.636089 0.57265
2 0.832959 0.55985 0.334082 0.8803
1 0.637085 0.391241 0.725831 0.782482
2 0.191694 0.5 0.379959 1
2 0.682417 0.771043 0.522411 0.457914
2 0.437425 0.216719 0.844117 0.433438
1 0.0178493 0.79132 0.0356986 0.41736
2 0.0277292 0.287297 0.0554583 0.574593
4 0.913397 0.384203 0.172493 0.549495
1 0.781595 0.376601 0.43681 0.753201
1 0.079067 0.761546 0.158134 0.47233
2 0.108318 0.327554 0.216636 0.620949
1 0.312794 0.285457 0.593861 0.564372
2 0.0734882 0.40259 0.146976 0.785724
2 0.133901 0.5 0.267485 1
1 0.547732 0.770382 0.611014 0.459237
1 0.104203 0.259136 0.208406 0.494755
1 0.527321 0.0314807 0.945358 0.0629614
2 0.0677371 0.251216 0.135474 0.502432
2 0.916137 0.59277 0.167727 0.214439
2 0.942167 0.221911 0.115666 0.443822
2 0.266278 0.424036 0.525551 0.848073
2 0.74185 0.321255 0.516301 0.642509
1 0.805739 0.207574 0.388523 0.415148
2 0.721741 0.475975 0.548907 0.868262
2 0.129048 0.773319 0.258096 0.453361
0 0.799056 0.467826 0.401887 0.780668
2 0.00775912 0.473446 0.0155182 0.82426
1 0.0734882 0.40259 0.146976 0.785724
2 0.335522 0.795633 0.483627 0.408733
2 0.0100308 0.701847 0.0200615 0.596305
1 0.599444 0.0746035 0.801112 0.149207
2 0.079067 0.761546 0.158134 0.47233
