0 0.498653 0.653226 0.249831 0.404177
0 0.0912309 0.733514 0.155043 0.333573
1 0.496677 0.648931 0.250395 0.43721
1 0.0912309 0.733514 0.155043 0.333573
0 0.782272 0.54814 0.154377 0.0618833
0 0.941907 0.538964 0.116185 0.0917305
0 0.781005 0.557161 0.15694 0.0872335
0 0.78379 0.536383 0.150423 0.0923986
4 0.0912309 0.733514 0.155043 0.333573
0 0.939666 0.472228 0.120668 0.221836
0 0.865667 0.567134 0.268665 0.115771
2 0.088826 0.737012 0.154358 0.319672
0 0.786427 0.474495 0.141873 0.209247
0 0.414917 0.684725 0.422705 0.475019
0 0.82553 0.758817 0.348939 0.478117
0 0.545414 0.683405 0.357284 0.453256
0 0.619878 0.707491 0.528381 0.478845
0 0.0913839 0.667981 0.171696 0.446612
3 0.77864 0.241657 0.0159632 0.0610546
3 0.0974745 0.773917 0.173124 0.398428
2 0.495911 0.651868 0.25549 0.431432
0 0.841671 0.701084 0.316658 0.383054
0 0.145049 0.749996 0.243713 0.380527
3 0.786827 0.477519 0.159873 0.211925
0 0.458151 0.0210228 0.869038 0.0420456
4 0.522483 0.722667 0.307432 0.526356
3 0.782847 0.537941 0.158106 0.0924177
3 0.0854058 0.727686 0.170812 0.356057
0 0.0925187 0.698957 0.185037 0.443824
3 0.546956 0.721116 0.394427 0.484627
0 0.0804493 0.757582 0.160899 0.41487
0 0.936091 0.550781 0.127817 0.0813469
3 0.841788 0.57127 0.296886 0.118337
4 0.941907 0.538964 0.116185 0.0917305
0 0.938463 0.3347 0.123075 0.644093
3 0.564234 0.748699 0.33128 0.502601
3 0.719538 0.584197 0.17575 0.439865
3 0.632313 0.449663 0.24734 0.446686
3 0.789053 0.430926 0.129012 0.37816
3 0.129797 0.718869 0.256685 0.404637
4 0.502356 0.657502 0.253168 0.380518
0 0.467613 0.740538 0.28703 0.518925
0 0.365626 0.213559 0.685839 0.427119
3 0.292394 0.73754 0.565905 0.524919
3 0.550957 0.516749 0.347008 0.794262
3 0.862347 0.315478 0.239691 0.612891
4 0.113045 0.792422 0.209244 0.415157
3 0.113045 0.792422 0.209244 0.415157
0 0.315844 0.0265317 0.631688 0.0530634
3 0.684154 0.856692 0.228946 0.286615
0 0.0803841 0.645963 0.160768 0.552557
3 0.115121 0.468303 0.230243 0.874771
1 0.940306 0.54824 0.119388 0.0817272
3 0.151179 0.804497 0.266693 0.391005
3 0.617239 0.814131 0.319061 0.371737
0 0.498583 0.456194 0.294013 0.817126
0 0.292394 0.73754 0.565905 0.524919
3 0.505628 0.707456 0.321315 0.585088
0 0.581235 0.0301863 0.769747 0.0603726
3 0.601135 0.325816 0.303965 0.647661
3 0.0921334 0.673038 0.173223 0.442092
0 0.242025 0.0624704 0.484051 0.124941
3 0.761325 0.320551 0.47735 0.641102
4 0.467613 0.740538 0.28703 0.518925
0 0.437253 0.822814 0.288107 0.354371
0 0.0852429 0.748426 0.170486 0.503147
3 0.829132 0.400697 0.260325 0.731642
4 0.830331 0.753042 0.339338 0.481632
3 0.654383 0.307468 0.641972 0.614936
3 0.653939 0.761662 0.28878 0.467839
3 0.939439 0.463134 0.121122 0.24336
3 0.197068 0.73683 0.390855 0.507653
4 0.939666 0.472228 0.120668 0.221836
3 0.619878 0.707491 0.528381 0.478845
4 0.564234 0.748699 0.33128 0.502601
3 0.825023 0.759736 0.331228 0.480528
3 0.917552 0.30265 0.164897 0.604311
3 0.923443 0.734963 0.153115 0.440844
3 0.635307 0.059954 0.729387 0.119908
3 0.362375 0.795239 0.383996 0.396267
3 0.271898 0.472363 0.478593 0.944727
3 0.801489 0.757893 0.370908 0.471845
3 0.581235 0.0301863 0.769747 0.0603726
3 0.939996 0.761956 0.120008 0.476089
3 0.710632 0.140352 0.578736 0.280704
3 0.781005 0.557161 0.15694 0.0872335
0 0.490285 0.717196 0.274302 0.522014
3 0.213094 0.830234 0.223127 0.339531
2 0.0852429 0.748426 0.170486 0.503147
3 0.65518 0.0920873 0.68964 0.184175
3 0.812512 0.306343 0.147822 0.565015
0 0.392037 0.149058 0.695406 0.298117
3 0.123668 0.24067 0.247336 0.481339
0 0.906878 0.682554 0.186244 0.347014
3 0.899328 0.746633 0.201344 0.506734
4 0.151179 0.804497 0.266693 0.391005
3 0.938463 0.3347 0.123075 0.644093
3 0.246847 0.818349 0.255027 0.363302
0 0.789053 0.430926 0.129012 0.37816
3 0.248613 0.341426 0.471117 0.682853
3 0.696713 0.752507 0.606575 0.475638
3 0.410824 0.704133 0.428985 0.456439
3 0.350215 0.493266 0.504433 0.986532
3 0.414315 0.435338 0.476648 0.870677
3 0.437253 0.822814 0.288107 0.354371
3 0.27066 0.851219 0.229097 0.297561
3 0.242025 0.0624704 0.484051 0.124941
0 0.65518 0.0920873 0.68964 0.184175
3 0.47626 0.0211301 0.881226 0.0422601
3 0.492546 0.437087 0.413797 0.871011
2 0.941907 0.538964 0.116185 0.0917305
0 0.635307 0.059954 0.729387 0.119908
0 0.0886288 0.733445 0.160851 0.533111
3 0.367162 0.870556 0.309351 0.258887
3 0.191306 0.480698 0.344275 0.961395
3 0.255013 0.240763 0.483448 0.481525
4 0.78379 0.536383 0.150423 0.0923986
0 0.0932957 0.492731 0.18215 0.814101
0 0.309508 0.0436747 0.619016 0.0873495
0 0.762637 0.173391 0.474727 0.346781
3 0.0482538 0.539163 0.0965076 0.740686
1 0.781005 0.557161 0.15694 0.0872335
3 0.0803841 0.645963 0.160768 0.552557
3 0.260128 0.801124 0.432456 0.391736
0 0.710632 0.140352 0.578736 0.280704
3 0.493102 0.312902 0.808156 0.625803
3 0.762637 0.173391 0.474727 0.346781
3 0.0308841 0.45917 0.0617683 0.881838
0 0.935503 0.766218 0.128994 0.467563
3 0.343527 0.0191524 0.682952 0.0383049
4 0.437253 0.822814 0.288107 0.354371
4 0.510666 0.0243678 0.891958 0.0487355
3 0.436982 0.286101 0.57567 0.572201
0 0.517044 0.59976 0.287409 0.546293
0 0.442798 0.275421 0.741421 0.550843
3 0.765198 0.386939 0.0882564 0.412414
3 0.93984 0.538603 0.120321 0.0949871
4 0.617239 0.814131 0.319061 0.371737
0 0.960143 0.283519 0.0797146 0.567039
2 0.865667 0.567134 0.268665 0.115771
4 0.0921334 0.673038 0.173223 0.442092
4 0.684154 0.856692 0.228946 0.286615
0 0.951612 0.217235 0.0967756 0.43447
3 0.758682 0.548454 0.194451 0.142914
4 0.786427 0.474495 0.141873 0.209247
4 0.0852429 0.748426 0.170486 0.503147
1 0.145049 0.749996 0.243713 0.380527
3 0.343225 0.331926 0.505122 0.663851
3 0.906878 0.682554 0.186244 0.347014
3 0.470373 0.718827 0.2717 0.529101
2 0.467613 0.740538 0.28703 0.518925
0 0.568639 0.33275 0.743625 0.665499
4 0.787015 0.780328 0.330997 0.439344
3 0.0227707 0.277977 0.0455414 0.555954
4 0.938463 0.3347 0.123075 0.644093
3 0.169714 0.245057 0.326489 0.490113
0 0.213094 0.830234 0.223127 0.339531
4 0.923443 0.734963 0.153115 0.440844
3 0.309508 0.0436747 0.619016 0.0873495
3 0.0232114 0.410106 0.0464228 0.820211
4 0.939996 0.761956 0.120008 0.476089
4 0.616751 0.0384228 0.759762 0.0768457
3 0.244187 0.691431 0.406873 0.617138
0 0.704098 0.646633 0.318588 0.270393
3 0.709426 0.306787 0.302193 0.613573
2 0.0804493 0.757582 0.160899 0.41487
0 0.367162 0.870556 0.309351 0.258887
1 0.545414 0.683405 0.357284 0.453256
0 0.0482538 0.539163 0.0965076 0.740686
3 0.085899 0.297633 0.171798 0.595266
2 0.145049 0.749996 0.243713 0.380527
3 0.1375 0.256726 0.275 0.513452
0 0.819497 0.112151 0.361007 0.224302
3 0.517044 0.59976 0.287409 0.546293
3 0.819497 0.112151 0.361007 0.224302
3 0.951612 0.217235 0.0967756 0.43447
0 0.27066 0.851219 0.229097 0.297561
0 0.44782 0.454325 0.516279 0.908649
0 0.939996 0.761956 0.120008 0.476089
4 0.906878 0.682554 0.186244 0.347014
4 0.410824 0.704133 0.428985 0.456439
3 0.841671 0.701084 0.316658 0.383054
4 0.379299 0.0185974 0.756391 0.0371948
4 0.367162 0.870556 0.309351 0.258887
3 0.540494 0.342604 0.377862 0.685208
3 0.960143 0.283519 0.0797146 0.567039
4 0.442798 0.275421 0.741421 0.550843
1 0.619878 0.707491 0.528381 0.478845
2 0.437253 0.822814 0.288107 0.354371
0 0.260128 0.801124 0.432456 0.391736
4 0.35116 0.236336 0.700026 0.472672
4 0.685238 0.754777 0.62737 0.462986
4 0.781696 0.552889 0.155507 0.0837107
4 0.865667 0.567134 0.268665 0.115771
4 0.242025 0.0624704 0.484051 0.124941
4 0.635307 0.059954 0.729387 0.119908
4 0.899328 0.746633 0.201344 0.506734
4 0.653939 0.761662 0.28878 0.467839
1 0.841671 0.701084 0.316658 0.383054
0 0.694976 0.754639 0.58205 0.472539
4 0.362375 0.795239 0.383996 0.396267
3 0.417859 0.201747 0.691602 0.403494
4 0.392037 0.149058 0.695406 0.298117
4 0.619878 0.707491 0.528381 0.478845
0 0.787015 0.780328 0.330997 0.439344
1 0.939666 0.472228 0.120668 0.221836
1 0.786427 0.474495 0.141873 0.209247
4 0.845135 0.752838 0.309731 0.494325
4 0.459172 0.289786 0.558567 0.579572
3 0.355828 0.254892 0.711656 0.509784
3 0.704098 0.646633 0.318588 0.270393
4 0.309508 0.0436747 0.619016 0.0873495
4 0.0804493 0.757582 0.160899 0.41487
0 0.899328 0.746633 0.201344 0.506734
3 0.0887261 0.580513 0.175196 0.649113
0 0.362375 0.795239 0.383996 0.396267
0 0.845135 0.752838 0.309731 0.494325
0 0.653939 0.761662 0.28878 0.467839
0 0.459172 0.289786 0.558567 0.579572
0 0.864251 0.309239 0.234188 0.618477
0 0.246847 0.818349 0.255027 0.363302
4 0.292394 0.73754 0.565905 0.524919
4 0.65518 0.0920873 0.68964 0.184175
4 0.762637 0.173391 0.474727 0.346781
0 0.0308841 0.45917 0.0617683 0.881838
4 0.568639 0.33275 0.743625 0.665499
3 0.365362 0.247869 0.531492 0.495738
4 0.448447 0.435419 0.455729 0.870839
4 0.326641 0.249017 0.523985 0.498035
4 0.27066 0.851219 0.229097 0.297561
0 0.684154 0.856692 0.228946 0.286615
1 0.230801 0.774778 0.389543 0.450444
4 0.862347 0.315478 0.239691 0.612891
1 0.78379 0.536383 0.150423 0.0923986
2 0.781005 0.557161 0.15694 0.0872335
4 0.0887261 0.580513 0.175196 0.649113
4 0.0227707 0.277977 0.0455414 0.555954
0 0.790746 0.291267 0.418508 0.582535
2 0.786427 0.474495 0.141873 0.209247
4 0.1375 0.256726 0.275 0.513452
0 0.617239 0.814131 0.319061 0.371737
4 0.213094 0.830234 0.223127 0.339531
4 0.0232114 0.410106 0.0464228 0.820211
2 0.410824 0.704133 0.428985 0.456439
0 0.812512 0.306343 0.147822 0.565015
2 0.362375 0.795239 0.383996 0.396267
4 0.105564 0.451972 0.211127 0.903945
0 0.505857 0.401833 0.447002 0.803665
2 0.83969 0.33518 0.247444 0.635014
4 0.819497 0.112151 0.361007 0.224302
4 0.936091 0.550781 0.127817 0.0813469
4 0.245468 0.221876 0.490935 0.443752
0 0.1375 0.256726 0.275 0.513452
0 0.570892 0.737904 0.390214 0.524191
0 0.197068 0.73683 0.390855 0.507653
4 0.0308841 0.45917 0.0617683 0.881838
3 0.0925187 0.698957 0.185037 0.443824
0 0.123668 0.24067 0.247336 0.481339
3 0.296224 0.204914 0.592449 0.409829
0 0.142401 0.446869 0.280181 0.893738
2 0.78379 0.536383 0.150423 0.0923986
0 0.0227707 0.277977 0.0455414 0.555954
0 0.0232114 0.410106 0.0464228 0.820211
4 0.829132 0.400697 0.260325 0.731642
4 0.710632 0.140352 0.578736 0.280704
4 0.761325 0.320551 0.47735 0.641102
2 0.0956391 0.779025 0.163895 0.441949
0 0.183271 0.811098 0.272282 0.372358
4 0.951612 0.217235 0.0967756 0.43447
2 0.367162 0.870556 0.309351 0.258887
4 0.0886288 0.733445 0.160851 0.533111
3 0.0886288 0.733445 0.160851 0.533111
2 0.939666 0.472228 0.120668 0.221836
0 0.917552 0.30265 0.164897 0.604311
4 0.540494 0.342604 0.377862 0.685208
0 0.829132 0.400697 0.260325 0.731642
4 0.784391 0.436864 0.130601 0.347601
4 0.085899 0.297633 0.171798 0.595266
4 0.960143 0.283519 0.0797146 0.567039
1 0.841788 0.57127 0.296886 0.118337
4 0.0482538 0.539163 0.0965076 0.740686
4 0.517044 0.59976 0.287409 0.546293
0 0.758682 0.548454 0.194451 0.142914
4 0.383317 0.39143 0.501157 0.78286
0 0.698689 0.302007 0.598275 0.604013
1 0.0921334 0.673038 0.173223 0.442092
4 0.123668 0.24067 0.247336 0.481339
0 0.383317 0.39143 0.501157 0.78286
4 0.185894 0.396083 0.364224 0.792166
2 0.296195 0.751408 0.563494 0.497184
0 0.244187 0.691431 0.406873 0.617138
0 0.158629 0.811608 0.253359 0.376784
4 0.246847 0.818349 0.255027 0.363302
3 0.0852429 0.748426 0.170486 0.503147
1 0.704098 0.646633 0.318588 0.270393
4 0.129797 0.718869 0.256685 0.404637
4 0.601135 0.325816 0.303965 0.647661
1 0.789053 0.430926 0.129012 0.37816
1 0.938463 0.3347 0.123075 0.644093
0 0.169714 0.245057 0.326489 0.490113
0 0.498631 0.653233 0.249874 0.404083
0 0.0912272 0.733585 0.15506 0.333439
1 0.496657 0.648929 0.250439 0.437121
1 0.0912272 0.733585 0.15506 0.333439
0 0.782274 0.548142 0.154406 0.0618698
0 0.941906 0.538963 0.116188 0.0917182
0 0.781036 0.557281 0.156914 0.0874404
4 0.0912272 0.733585 0.15506 0.333439
0 0.783805 0.536372 0.150393 0.092402
0 0.939659 0.472322 0.120683 0.221632
0 0.864382 0.568406 0.271235 0.118262
2 0.0888191 0.737059 0.154365 0.319627
0 0.786436 0.47456 0.141851 0.209129
0 0.415342 0.684798 0.42181 0.47506
0 0.825925 0.758865 0.348149 0.478253
0 0.545414 0.68324 0.35729 0.452867
0 0.62006 0.707326 0.528729 0.478476
0 0.0913833 0.668035 0.171672 0.446467
3 0.778636 0.241656 0.0159456 0.0610503
3 0.0974449 0.773978 0.173085 0.398453
2 0.495926 0.65187 0.255508 0.431336
0 0.84183 0.700507 0.31634 0.381941
0 0.144926 0.750144 0.243528 0.380504
3 0.786837 0.477562 0.159845 0.211855
0 0.458284 0.0209895 0.869304 0.0419789
4 0.522345 0.722666 0.307074 0.526399
3 0.782881 0.537949 0.158051 0.0924365
3 0.0854177 0.72774 0.170835 0.355887
3 0.546892 0.721049 0.394273 0.484434
0 0.0925394 0.699023 0.185079 0.443878
0 0.0804579 0.757632 0.160916 0.414948
0 0.936038 0.550789 0.127923 0.0813404
3 0.842205 0.571852 0.297445 0.119479
4 0.941906 0.538963 0.116188 0.0917182
3 0.564346 0.748628 0.330664 0.502743
3 0.719728 0.583709 0.175062 0.438546
3 0.632399 0.449481 0.246899 0.445546
0 0.938451 0.335073 0.123097 0.644839
3 0.789091 0.431088 0.128967 0.378366
3 0.129797 0.718923 0.256705 0.404694
4 0.502364 0.657489 0.253184 0.38054
3 0.292367 0.73755 0.566005 0.5249
3 0.550863 0.518041 0.346621 0.791285
0 0.467555 0.740749 0.286859 0.518502
3 0.862436 0.315701 0.239583 0.613201
0 0.365682 0.212393 0.685622 0.424785
4 0.112953 0.79244 0.209077 0.415119
3 0.112953 0.79244 0.209077 0.415119
3 0.684146 0.856342 0.228712 0.287316
3 0.114928 0.46825 0.229855 0.874979
1 0.940221 0.548254 0.119558 0.0817296
0 0.315761 0.026511 0.631522 0.053022
3 0.151029 0.804482 0.266493 0.391036
3 0.61748 0.813972 0.318401 0.372056
0 0.0803902 0.646052 0.16078 0.552327
3 0.505727 0.707416 0.320697 0.585167
0 0.498642 0.456057 0.293942 0.817378
0 0.292367 0.73755 0.566005 0.5249
0 0.581614 0.0305355 0.768612 0.061071
3 0.601576 0.325584 0.302647 0.646799
3 0.0921437 0.673075 0.1732 0.442011
3 0.762026 0.3208 0.475948 0.6416
4 0.467555 0.740749 0.286859 0.518502
3 0.829214 0.401075 0.260389 0.733032
0 0.24226 0.062228 0.48452 0.124456
3 0.655039 0.307736 0.640168 0.615473
4 0.830518 0.75309 0.338964 0.481695
3 0.654146 0.761689 0.288173 0.467923
3 0.196995 0.736988 0.390809 0.507822
3 0.939439 0.463218 0.121122 0.243159
4 0.939659 0.472322 0.120683 0.221632
0 0.437188 0.823211 0.287862 0.353578
0 0.0851837 0.748508 0.170367 0.502984
3 0.62006 0.707326 0.528729 0.478476
4 0.564346 0.748628 0.330664 0.502743
3 0.834181 0.758433 0.331639 0.483134
3 0.917133 0.30273 0.165734 0.604384
3 0.923236 0.733759 0.153527 0.438496
3 0.635654 0.0609013 0.728692 0.121803
3 0.362518 0.795021 0.383434 0.396838
3 0.272461 0.471448 0.475317 0.942897
3 0.801429 0.757947 0.370879 0.471905
3 0.940044 0.761771 0.119913 0.476458
3 0.581614 0.0305355 0.768612 0.061071
3 0.711099 0.140723 0.577802 0.281446
3 0.213289 0.830596 0.222255 0.338807
3 0.781036 0.557281 0.156914 0.0874404
2 0.0851837 0.748508 0.170367 0.502984
3 0.655522 0.0931852 0.688956 0.18637
3 0.812509 0.30661 0.147136 0.564776
3 0.12344 0.241067 0.246879 0.482134
0 0.490286 0.717191 0.27431 0.522116
3 0.899479 0.746323 0.201041 0.507355
3 0.938451 0.335073 0.123097 0.644839
4 0.151029 0.804482 0.266493 0.391036
3 0.246946 0.818258 0.25468 0.363484
3 0.786985 0.780213 0.331087 0.439575
0 0.906546 0.683022 0.186908 0.348061
0 0.392101 0.14885 0.695423 0.2977
3 0.248643 0.342326 0.469915 0.684652
3 0.696828 0.752563 0.606343 0.475666
0 0.789091 0.431088 0.128967 0.378366
3 0.411118 0.704138 0.428345 0.456216
3 0.351193 0.492262 0.501217 0.984525
3 0.414478 0.435312 0.475497 0.870624
3 0.270822 0.852082 0.228465 0.295836
3 0.437188 0.823211 0.287862 0.353578
3 0.24226 0.062228 0.48452 0.124456
3 0.476083 0.0211214 0.881384 0.0422428
3 0.492395 0.437093 0.412647 0.871015
0 0.655522 0.0931852 0.688956 0.18637
2 0.941906 0.538963 0.116188 0.0917182
3 0.367238 0.871301 0.308753 0.257398
3 0.191426 0.480607 0.343161 0.961214
3 0.254951 0.240993 0.482987 0.481986
3 0.0481904 0.539392 0.0963809 0.740019
4 0.783805 0.536372 0.150393 0.092402
0 0.0886241 0.73364 0.160838 0.532719
0 0.635654 0.0609013 0.728692 0.121803
1 0.781036 0.557281 0.156914 0.0874404
3 0.0803902 0.646052 0.16078 0.552327
3 0.26031 0.801068 0.432569 0.392002
3 0.493532 0.314436 0.806459 0.628871
3 0.762855 0.172639 0.47429 0.345277
3 0.0308348 0.459053 0.0616695 0.881896
0 0.0931993 0.494488 0.181913 0.810548
0 0.762855 0.172639 0.47429 0.345277
0 0.309505 0.0435441 0.619009 0.0870882
3 0.343335 0.0191818 0.682601 0.0383637
4 0.437188 0.823211 0.287862 0.353578
4 0.510489 0.0244441 0.892068 0.0488882
3 0.437828 0.285801 0.572939 0.571602
0 0.711099 0.140723 0.577802 0.281446
3 0.765205 0.386994 0.0879246 0.412293
3 0.936038 0.550789 0.127923 0.0813404
0 0.935437 0.766209 0.129125 0.467581
4 0.61748 0.813972 0.318401 0.372056
0 0.516908 0.600158 0.287065 0.545326
2 0.864382 0.568406 0.271235 0.118262
4 0.0921437 0.673075 0.1732 0.442011
4 0.684146 0.856342 0.228712 0.287316
0 0.442977 0.277945 0.741599 0.55589
3 0.758874 0.548112 0.194034 0.142107
4 0.786436 0.47456 0.141851 0.209129
4 0.0851837 0.748508 0.170367 0.502984
3 0.906546 0.683022 0.186908 0.348061
3 0.344989 0.331529 0.500565 0.663059
3 0.470324 0.718837 0.271633 0.52916
1 0.144926 0.750144 0.243528 0.380504
0 0.95935 0.284455 0.0813007 0.568909
2 0.467555 0.740749 0.286859 0.518502
0 0.951165 0.217287 0.0976696 0.434574
3 0.169283 0.245632 0.325624 0.491263
3 0.0227705 0.277985 0.0455411 0.55597
4 0.786985 0.780213 0.331087 0.439575
4 0.938451 0.335073 0.123097 0.644839
0 0.569401 0.33279 0.741133 0.665581
4 0.923236 0.733759 0.153527 0.438496
3 0.309505 0.0435441 0.619009 0.0870882
3 0.0231898 0.41008 0.0463797 0.820161
0 0.213289 0.830596 0.222255 0.338807
4 0.940044 0.761771 0.119913 0.476458
3 0.244101 0.693308 0.405086 0.613385
4 0.617072 0.0389105 0.758833 0.077821
3 0.710171 0.306698 0.298534 0.613396
2 0.0804579 0.757632 0.160916 0.414948
3 0.085789 0.298262 0.171578 0.596523
1 0.545414 0.68324 0.35729 0.452867
3 0.137532 0.256978 0.275064 0.513956
2 0.144926 0.750144 0.243528 0.380504
3 0.516908 0.600158 0.287065 0.545326
0 0.704505 0.645316 0.317803 0.267711
3 0.820451 0.111612 0.359098 0.223224
0 0.367238 0.871301 0.308753 0.257398
0 0.0481904 0.539392 0.0963809 0.740019
3 0.951165 0.217287 0.0976696 0.434574
0 0.820451 0.111612 0.359098 0.223224
3 0.84183 0.700507 0.31634 0.381941
4 0.906546 0.683022 0.186908 0.348061
4 0.411118 0.704138 0.428345 0.456216
4 0.343335 0.0191818 0.682601 0.0383637
4 0.367238 0.871301 0.308753 0.257398
0 0.270822 0.852082 0.228465 0.295836
3 0.541139 0.342296 0.376111 0.684591
0 0.44784 0.454258 0.514344 0.908515
3 0.95935 0.284455 0.0813007 0.568909
0 0.940044 0.761771 0.119913 0.476458
4 0.442977 0.277945 0.741599 0.55589
1 0.62006 0.707326 0.528729 0.478476
4 0.350563 0.235638 0.698804 0.471275
2 0.437188 0.823211 0.287862 0.353578
4 0.685305 0.754824 0.627205 0.46303
4 0.781714 0.552923 0.155488 0.0837404
4 0.864382 0.568406 0.271235 0.118262
4 0.24226 0.062228 0.48452 0.124456
4 0.654146 0.761689 0.288173 0.467923
4 0.899479 0.746323 0.201041 0.507355
4 0.635654 0.0609013 0.728692 0.121803
0 0.26031 0.801068 0.432569 0.392002
1 0.84183 0.700507 0.31634 0.381941
4 0.362518 0.795021 0.383434 0.396838
3 0.418133 0.203403 0.692208 0.406806
4 0.62006 0.707326 0.528729 0.478476
4 0.392101 0.14885 0.695423 0.2977
1 0.939659 0.472322 0.120683 0.221632
0 0.695122 0.754691 0.582058 0.472626
4 0.845204 0.752713 0.309592 0.494573
1 0.786436 0.47456 0.141851 0.209129
0 0.786985 0.780213 0.331087 0.439575
3 0.704505 0.645316 0.317803 0.267711
4 0.460088 0.290039 0.556336 0.580077
3 0.354901 0.255079 0.709802 0.510158
4 0.309505 0.0435441 0.619009 0.0870882
4 0.0804579 0.757632 0.160916 0.414948
3 0.0887028 0.58132 0.175137 0.647464
4 0.292367 0.73755 0.566005 0.5249
0 0.899479 0.746323 0.201041 0.507355
0 0.845204 0.752713 0.309592 0.494573
0 0.362518 0.795021 0.383434 0.396838
4 0.762855 0.172639 0.47429 0.345277
4 0.655522 0.0931852 0.688956 0.18637
0 0.654146 0.761689 0.288173 0.467923
0 0.86432 0.309248 0.233898 0.618497
0 0.460088 0.290039 0.556336 0.580077
0 0.246946 0.818258 0.25468 0.363484
4 0.448186 0.435405 0.454552 0.87081
4 0.569401 0.33279 0.741133 0.665581
3 0.368152 0.24772 0.524153 0.495441
4 0.328918 0.248992 0.518209 0.497984
0 0.0308348 0.459053 0.0616695 0.881896
4 0.270822 0.852082 0.228465 0.295836
4 0.862436 0.315701 0.239583 0.613201
1 0.230823 0.774765 0.389451 0.450471
4 0.0887028 0.58132 0.175137 0.647464
4 0.0227705 0.277985 0.0455411 0.55597
1 0.783805 0.536372 0.150393 0.092402
2 0.781036 0.557281 0.156914 0.0874404
2 0.786436 0.47456 0.141851 0.209129
4 0.137532 0.256978 0.275064 0.513956
0 0.684146 0.856342 0.228712 0.287316
4 0.213289 0.830596 0.222255 0.338807
4 0.0231898 0.41008 0.0463797 0.820161
3 0.941906 0.538963 0.116188 0.0917182
0 0.791264 0.291934 0.417472 0.583868
2 0.411118 0.704138 0.428345 0.456216
2 0.362518 0.795021 0.383434 0.396838
4 0.105244 0.451973 0.210488 0.903945
0 0.61748 0.813972 0.318401 0.372056
2 0.839917 0.335271 0.247129 0.635306
4 0.820451 0.111612 0.359098 0.223224
4 0.936038 0.550789 0.127923 0.0813404
4 0.245667 0.221793 0.491334 0.443587
0 0.812509 0.30661 0.147136 0.564776
4 0.0308348 0.459053 0.0616695 0.881896
0 0.506632 0.401488 0.444968 0.802976
3 0.0925394 0.699023 0.185079 0.443878
3 0.296576 0.203886 0.593151 0.407771
0 0.137532 0.256978 0.275064 0.513956
0 0.570871 0.737916 0.389974 0.524168
2 0.783805 0.536372 0.150393 0.092402
4 0.829214 0.401075 0.260389 0.733032
0 0.196995 0.736988 0.390809 0.507822
4 0.762026 0.3208 0.475948 0.6416
4 0.711099 0.140723 0.577802 0.281446
0 0.12344 0.241067 0.246879 0.482134
2 0.0956157 0.77904 0.163853 0.441921
0 0.142073 0.446958 0.279584 0.893917
4 0.951165 0.217287 0.0976696 0.434574
0 0.0227705 0.277985 0.0455411 0.55597
2 0.367238 0.871301 0.308753 0.257398
0 0.0231898 0.41008 0.0463797 0.820161
4 0.0886241 0.73364 0.160838 0.532719
3 0.0886241 0.73364 0.160838 0.532719
2 0.939659 0.472322 0.120683 0.221632
4 0.541139 0.342296 0.376111 0.684591
0 0.183292 0.81109 0.271735 0.372657
0 0.917133 0.30273 0.165734 0.604384
0 0.829214 0.401075 0.260389 0.733032
4 0.784384 0.436946 0.130489 0.347592
4 0.085789 0.298262 0.171578 0.596523
4 0.95935 0.284455 0.0813007 0.568909
1 0.842205 0.571852 0.297445 0.119479
4 0.0481904 0.539392 0.0963809 0.740019
4 0.516908 0.600158 0.287065 0.545326
4 0.384664 0.388678 0.497097 0.777357
4 0.12344 0.241067 0.246879 0.482134
1 0.0921437 0.673075 0.1732 0.442011
4 0.185392 0.396707 0.363175 0.793414
2 0.296118 0.751428 0.563379 0.497145
0 0.758874 0.548112 0.194034 0.142107
0 0.699565 0.302402 0.596061 0.604805
0 0.384664 0.388678 0.497097 0.777357
4 0.246946 0.818258 0.25468 0.363484
0 0.244101 0.693308 0.405086 0.613385
3 0.0851837 0.748508 0.170367 0.502984
0 0.158548 0.811641 0.252946 0.376717
1 0.704505 0.645316 0.317803 0.267711
4 0.129797 0.718923 0.256705 0.404694
4 0.601576 0.325584 0.302647 0.646799
1 0.789091 0.431088 0.128967 0.378366
