0 0.921846 0.570813 0.153622 0.0921327
0 0.919264 0.542374 0.161471 0.162374
0 0.91519 0.633888 0.169619 0.208018
1 0.918249 0.567803 0.163503 0.0892689
0 0.919371 0.521422 0.161259 0.349872
0 0.916502 0.414139 0.166589 0.610637
0 0.46052 0.75933 0.632557 0.468012
0 0.191806 0.651191 0.380667 0.206534
0 0.811218 0.280571 0.377563 0.555571
1 0.919264 0.542374 0.161471 0.162374
0 0.27037 0.680935 0.52964 0.281788
1 0.919371 0.521422 0.161259 0.349872
0 0.821654 0.767263 0.356691 0.435265
0 0.491692 0.0312073 0.932426 0.0624145
0 0.349775 0.765686 0.696384 0.456584
4 0.918249 0.567803 0.163503 0.0892689
0 0.742544 0.288801 0.514912 0.577603
4 0.919264 0.542374 0.161471 0.162374
0 0.896117 0.360151 0.207767 0.698139
3 0.919664 0.616132 0.160673 0.193273
0 0.383773 0.0429994 0.766637 0.0859988
3 0.55248 0.496869 0.704972 0.988929
0 0.88082 0.530768 0.198479 0.894826
3 0.807827 0.294954 0.384346 0.574902
3 0.88082 0.530768 0.198479 0.894826
0 0.802183 0.390269 0.243387 0.71358
0 0.320739 0.626549 0.637627 0.197419
2 0.918249 0.567803 0.163503 0.0892689
3 0.802183 0.390269 0.243387 0.71358
0 0.873658 0.292674 0.252685 0.585347
3 0.209049 0.375204 0.413983 0.749606
3 0.727184 0.296504 0.545632 0.585037
3 0.520728 0.31166 0.782881 0.623319
3 0.91596 0.416952 0.168081 0.57928
0 0.612551 0.29909 0.75398 0.598181
0 0.462675 0.236491 0.895627 0.472982
3 0.530204 0.756538 0.520337 0.486924
3 0.791309 0.766889 0.401473 0.466221
0 0.169785 0.901896 0.337773 0.196208
0 0.742542 0.755135 0.514916 0.454749
0 0.215115 0.141151 0.430229 0.282302
0 0.228407 0.630734 0.443528 0.194434
3 0.934659 0.765407 0.130681 0.469185
3 0.699502 0.509941 0.47465 0.96062
0 0.584926 0.09133 0.830148 0.18266
4 0.920799 0.705697 0.158402 0.352857
4 0.525898 0.756469 0.673504 0.470874
3 0.905234 0.369568 0.189532 0.739137
0 0.543207 0.758205 0.906678 0.454595
4 0.624004 0.300041 0.751992 0.600083
0 0.126954 0.670656 0.253472 0.24345
3 0.215115 0.141151 0.430229 0.282302
3 0.656315 0.761941 0.509332 0.476118
0 0.732502 0.336205 0.3524 0.633073
0 0.0707624 0.893093 0.141525 0.213814
3 0.436555 0.756622 0.520992 0.486755
3 0.219562 0.633917 0.432983 0.198792
0 0.92607 0.758358 0.14786 0.453625
2 0.919264 0.542374 0.161471 0.162374
3 0.465742 0.761066 0.642431 0.477869
4 0.916502 0.414139 0.166589 0.610637
3 0.187095 0.898658 0.368133 0.202683
3 0.315866 0.848259 0.470375 0.303483
3 0.822067 0.763135 0.355865 0.455264
3 0.173164 0.228954 0.343988 0.439768
3 0.732502 0.336205 0.3524 0.633073
4 0.919371 0.521422 0.161259 0.349872
3 0.906885 0.73539 0.186231 0.418838
4 0.666316 0.292755 0.545171 0.579339
3 0.185668 0.77966 0.369537 0.44068
3 0.584926 0.09133 0.830148 0.18266
3 0.0236359 0.264611 0.0472717 0.529222
3 0.261898 0.898188 0.506977 0.203625
0 0.110187 0.892154 0.220375 0.215691
1 0.91519 0.633888 0.169619 0.208018
4 0.919522 0.640291 0.160955 0.225197
3 0.0119274 0.654603 0.0238548 0.690794
0 0.906885 0.73539 0.186231 0.418838
4 0.362832 0.752501 0.712874 0.472398
3 0.617193 0.29728 0.765615 0.594561
0 0.429847 0.318284 0.840286 0.636569
3 0.024201 0.342796 0.0484019 0.685592
0 0.0119274 0.654603 0.0238548 0.690794
3 0.072247 0.218999 0.144494 0.437999
3 0.0129893 0.798463 0.0259787 0.403075
3 0.300746 0.051024 0.601491 0.102048
4 0.584926 0.09133 0.830148 0.18266
4 0.732502 0.336205 0.3524 0.633073
3 0.695442 0.749518 0.609115 0.46919
4 0.530797 0.0261026 0.916997 0.0522052
3 0.54216 0.741298 0.887239 0.489966
3 0.919371 0.521422 0.161259 0.349872
3 0.0145248 0.594012 0.0290496 0.793911
4 0.934659 0.765407 0.130681 0.469185
0 0.23711 0.765333 0.461806 0.469334
4 0.842479 0.757725 0.315042 0.48455
3 0.406429 0.5 0.812857 1
4 0.442031 0.499231 0.866526 0.998462
3 0.509185 0.0294508 0.940879 0.0589015
0 0.0145248 0.594012 0.0290496 0.793911
3 0.767114 0.21705 0.465772 0.434101
4 0.807827 0.294954 0.384346 0.574902
3 0.843085 0.276925 0.313831 0.553849
0 0.754193 0.481897 0.317604 0.833794
3 0.00996249 0.724964 0.019925 0.550071
0 0.767114 0.21705 0.465772 0.434101
4 0.818033 0.769874 0.362597 0.440135
3 0.0227024 0.833669 0.0454049 0.332661
3 0.286613 0.8498 0.568186 0.294462
0 0.467992 0.758152 0.563032 0.483696
0 0.280052 0.0762983 0.560105 0.152597
0 0.902531 0.269858 0.194938 0.514111
4 0.656315 0.761941 0.509332 0.476118
4 0.92607 0.758358 0.14786 0.453625
3 0.92607 0.758358 0.14786 0.453625
3 0.280052 0.0762983 0.560105 0.152597
3 0.917588 0.571872 0.164824 0.0903132
4 0.228407 0.630734 0.443528 0.194434
4 0.530204 0.756538 0.520337 0.486924
4 0.169785 0.901896 0.337773 0.196208
3 0.442606 0.0453915 0.877679 0.090783
0 0.23258 0.899166 0.447503 0.201669
3 0.320739 0.626549 0.637627 0.197419
3 0.0199169 0.409208 0.0398339 0.794998
4 0.896292 0.297972 0.207416 0.595944
3 0.349319 0.700946 0.690765 0.354985
3 0.289431 0.380298 0.569245 0.760596
0 0.45566 0.49464 0.87691 0.989281
0 0.0170091 0.484133 0.0340182 0.773945
3 0.923411 0.541867 0.153177 0.163186
4 0.241977 0.370817 0.478915 0.741633
3 0.754193 0.481897 0.317604 0.833794
4 0.429847 0.318284 0.840286 0.636569
4 0.397202 0.756715 0.478877 0.48657
4 0.802183 0.390269 0.243387 0.71358
4 0.238687 0.765734 0.467464 0.468531
4 0.315866 0.848259 0.470375 0.303483
0 0.232413 0.373856 0.456671 0.746387
3 0.896292 0.297972 0.207416 0.595944
4 0.320739 0.626549 0.637627 0.197419
4 0.442606 0.0453915 0.877679 0.090783
0 0.842479 0.757725 0.315042 0.48455
0 0.00996249 0.724964 0.019925 0.550071
0 0.32517 0.231322 0.65034 0.462645
4 0.191806 0.651191 0.380667 0.206534
3 0.292482 0.766583 0.574376 0.46221
4 0.742542 0.755135 0.514916 0.454749
4 0.110187 0.892154 0.220375 0.215691
1 0.193667 0.900173 0.383051 0.199654
1 0.807827 0.294954 0.384346 0.574902
0 0.0129893 0.798463 0.0259787 0.403075
4 0.125809 0.769787 0.251617 0.460426
3 0.0817958 0.803924 0.163592 0.392152
0 0.934659 0.765407 0.130681 0.469185
4 0.739966 0.309002 0.520069 0.618005
0 0.240732 0.242864 0.471335 0.480257
3 0.131768 0.341325 0.263535 0.662541
3 0.111803 0.219921 0.223606 0.423827
3 0.270387 0.221849 0.540774 0.443698
2 0.781491 0.747656 0.437019 0.469263
2 0.916502 0.414139 0.166589 0.610637
4 0.32517 0.231322 0.65034 0.462645
3 0.125809 0.769787 0.251617 0.460426
0 0.0227024 0.833669 0.0454049 0.332661
4 0.168984 0.364426 0.336482 0.725535
4 0.88082 0.530768 0.198479 0.894826
4 0.0707624 0.893093 0.141525 0.213814
4 0.215115 0.141151 0.430229 0.282302
3 0.103486 0.392194 0.206973 0.768152
4 0.261898 0.898188 0.506977 0.203625
4 0.0227024 0.833669 0.0454049 0.332661
4 0.50195 0.269723 0.803002 0.539446
0 0.286613 0.8498 0.568186 0.294462
3 0.129327 0.641717 0.256986 0.249561
0 0.125809 0.769787 0.251617 0.460426
0 0.072247 0.218999 0.144494 0.437999
4 0.767114 0.21705 0.465772 0.434101
3 0.458193 0.387771 0.906611 0.775542
4 0.300746 0.051024 0.601491 0.102048
4 0.628839 0.496833 0.557517 0.977604
4 0.184177 0.217258 0.368355 0.434516
2 0.362832 0.752501 0.712874 0.472398
3 0.240914 0.279188 0.475864 0.558375
0 0.0817958 0.803924 0.163592 0.392152
3 0.27037 0.680935 0.52964 0.281788
4 0.486485 0.176142 0.879397 0.352284
2 0.852785 0.752528 0.294429 0.462524
4 0.905234 0.369568 0.189532 0.739137
4 0.280052 0.0762983 0.560105 0.152597
4 0.27037 0.680935 0.52964 0.281788
1 0.214846 0.640583 0.424868 0.190724
4 0.0199169 0.409208 0.0398339 0.794998
4 0.754193 0.481897 0.317604 0.833794
4 0.240732 0.242864 0.471335 0.480257
4 0.072247 0.218999 0.144494 0.437999
4 0.024201 0.342796 0.0484019 0.685592
1 0.802183 0.390269 0.243387 0.71358
4 0.0129893 0.798463 0.0259787 0.403075
4 0.126954 0.670656 0.253472 0.24345
4 0.111803 0.219921 0.223606 0.423827
0 0.656315 0.761941 0.509332 0.476118
4 0.103486 0.392194 0.206973 0.768152
3 0.0707624 0.893093 0.141525 0.213814
4 0.843085 0.276925 0.313831 0.553849
0 0.327378 0.382933 0.649495 0.740048
4 0.0817958 0.803924 0.163592 0.392152
0 0.024201 0.342796 0.0484019 0.685592
0 0.0227294 0.227198 0.0454589 0.454396
3 0.110187 0.892154 0.220375 0.215691
4 0.0097533 0.768397 0.0195066 0.463207
2 0.612551 0.29909 0.75398 0.598181
4 0.0236359 0.264611 0.0472717 0.529222
3 0.394637 0.239412 0.782564 0.478823
1 0.199815 0.764616 0.398576 0.470769
1 0.727184 0.296504 0.545632 0.585037
0 0.315866 0.848259 0.470375 0.303483
4 0.0145248 0.594012 0.0290496 0.793911
2 0.896117 0.360151 0.207767 0.698139
4 0.0119274 0.654603 0.0238548 0.690794
3 0.0995703 0.521399 0.199141 0.505038
4 0.0995703 0.521399 0.199141 0.505038
1 0.916502 0.414139 0.166589 0.610637
4 0.286613 0.8498 0.568186 0.294462
1 0.906885 0.73539 0.186231 0.418838
2 0.919522 0.640291 0.160955 0.225197
3 0.863448 0.305842 0.0767212 0.410032
1 0.92607 0.758358 0.14786 0.453625
2 0.214846 0.640583 0.424868 0.190724
1 0.487548 0.760954 0.569969 0.456535
3 0.486485 0.176142 0.879397 0.352284
0 0.628839 0.496833 0.557517 0.977604
2 0.472641 0.760959 0.584065 0.457162
1 0.88082 0.530768 0.198479 0.894826
1 0.90016 0.36108 0.199681 0.722159
0 0.184177 0.217258 0.368355 0.434516
1 0.818654 0.76899 0.362691 0.438077
2 0.855922 0.50355 0.210561 0.840213
1 0.525636 0.29083 0.765075 0.580522
2 0.217632 0.764507 0.432327 0.470987
1 0.21898 0.378689 0.431351 0.752351
2 0.239274 0.899043 0.465707 0.201913
2 0.187095 0.898658 0.368133 0.202683
0 0.131768 0.341325 0.263535 0.662541
1 0.342681 0.760902 0.649123 0.463764
2 0.110187 0.892154 0.220375 0.215691
0 0.111803 0.219921 0.223606 0.423827
2 0.38311 0.38189 0.763752 0.763781
1 0.286613 0.8498 0.568186 0.294462
0 0.0995703 0.521399 0.199141 0.505038
2 0.209708 0.233984 0.411517 0.461704
2 0.666316 0.292755 0.545171 0.579339
2 0.557952 0.750169 0.871424 0.469965
2 0.213641 0.38523 0.423425 0.77046
2 0.320739 0.626549 0.637627 0.197419
2 0.103486 0.392194 0.206973 0.768152
1 0.0707624 0.893093 0.141525 0.213814
2 0.397202 0.756715 0.478877 0.48657
2 0.457003 0.494257 0.898429 0.988515
2 0.916013 0.745039 0.167974 0.445071
2 0.0995703 0.521399 0.199141 0.505038
0 0.103486 0.392194 0.206973 0.768152
2 0.902531 0.269858 0.194938 0.514111
2 0.767114 0.21705 0.465772 0.434101
1 0.125809 0.769787 0.251617 0.460426
2 0.32517 0.231322 0.65034 0.462645
1 0.873658 0.292674 0.252685 0.585347
1 0.543942 0.754802 0.814307 0.457494
2 0.754193 0.481897 0.317604 0.833794
1 0.27037 0.680935 0.52964 0.281788
2 0.27037 0.680935 0.52964 0.281788
2 0.854017 0.294741 0.291966 0.587273
2 0.402518 0.268633 0.788776 0.537266
1 0.902531 0.269858 0.194938 0.514111
1 0.523485 0.027857 0.925842 0.055714
1 0.209708 0.233984 0.411517 0.461704
2 0.934659 0.765407 0.130681 0.469185
2 0.0199169 0.409208 0.0398339 0.794998
2 0.0817958 0.803924 0.163592 0.392152
2 0.919371 0.521422 0.161259 0.349872
2 0.0097533 0.768397 0.0195066 0.463207
2 0.699502 0.509941 0.47465 0.96062
2 0.072247 0.218999 0.144494 0.437999
1 0.0129893 0.798463 0.0259787 0.403075
2 0.125809 0.769787 0.251617 0.460426
2 0.0707624 0.893093 0.141525 0.213814
2 0.0227024 0.833669 0.0454049 0.332661
2 0.470963 0.754511 0.590369 0.490978
2 0.286613 0.8498 0.568186 0.294462
2 0.0227294 0.227198 0.0454589 0.454396
2 0.0129893 0.798463 0.0259787 0.403075
1 0.383095 0.282324 0.722399 0.564647
2 0.819662 0.759729 0.360675 0.480541
1 0.131768 0.341325 0.263535 0.662541
2 0.315866 0.848259 0.470375 0.303483
2 0.739966 0.309002 0.520069 0.618005
1 0.0817958 0.803924 0.163592 0.392152
1 0.0227024 0.833669 0.0454049 0.332661
2 0.656315 0.761941 0.509332 0.476118
1 0.0145248 0.594012 0.0290496 0.793911
2 0.732502 0.336205 0.3524 0.633073
0 0.921834 0.570803 0.153619 0.0921125
0 0.919298 0.542364 0.161404 0.162248
0 0.915242 0.633793 0.169516 0.207866
1 0.918289 0.567778 0.163422 0.0892268
0 0.919394 0.521535 0.161212 0.349301
0 0.916521 0.414058 0.16651 0.609646
0 0.461356 0.759345 0.630599 0.467925
0 0.191828 0.651262 0.380733 0.206716
1 0.919298 0.542364 0.161404 0.162248
0 0.811736 0.280954 0.376527 0.556324
0 0.270116 0.680943 0.529115 0.281732
1 0.919394 0.521535 0.161212 0.349301
0 0.82161 0.767044 0.35678 0.4357
0 0.491669 0.0312477 0.932323 0.0624954
0 0.349752 0.765743 0.696349 0.456624
4 0.918289 0.567778 0.163422 0.0892268
0 0.742406 0.288954 0.515188 0.577907
4 0.919298 0.542364 0.161404 0.162248
0 0.896757 0.360009 0.206487 0.697381
3 0.919735 0.614347 0.16053 0.189786
3 0.551918 0.496541 0.705931 0.987862
0 0.383746 0.0433651 0.766625 0.0867302
3 0.80761 0.295136 0.38478 0.5748
0 0.881222 0.530134 0.196131 0.892181
3 0.881222 0.530134 0.196131 0.892181
2 0.918289 0.567778 0.163422 0.0892268
3 0.802197 0.389252 0.240862 0.709112
0 0.802197 0.389252 0.240862 0.709112
0 0.320237 0.626621 0.636642 0.197389
3 0.209085 0.375316 0.414071 0.749764
0 0.874962 0.292987 0.250076 0.585974
3 0.727804 0.296877 0.544393 0.585681
3 0.520154 0.311532 0.783159 0.623063
3 0.916034 0.415335 0.167932 0.576716
0 0.596934 0.292388 0.806133 0.584775
3 0.52967 0.756636 0.521508 0.486728
3 0.790469 0.766793 0.402578 0.466413
0 0.462743 0.234522 0.895296 0.469044
3 0.93465 0.765271 0.1307 0.469458
0 0.228287 0.630811 0.44336 0.194399
0 0.17 0.90188 0.338171 0.196239
0 0.742283 0.755213 0.515433 0.454487
0 0.214943 0.1402 0.429886 0.280399
3 0.699738 0.509986 0.473154 0.960252
4 0.920749 0.705574 0.158503 0.35258
0 0.58476 0.0897957 0.83048 0.179591
4 0.526276 0.756484 0.672802 0.470751
3 0.905211 0.369535 0.189578 0.73907
3 0.214943 0.1402 0.429886 0.280399
3 0.655257 0.761966 0.510384 0.476069
4 0.624199 0.30025 0.751601 0.6005
3 0.435747 0.756618 0.523112 0.486763
0 0.543301 0.758247 0.906436 0.454412
0 0.126817 0.670608 0.253201 0.243393
3 0.21963 0.634024 0.433158 0.198903
0 0.732639 0.336022 0.351811 0.631673
0 0.0707879 0.893088 0.141576 0.213824
3 0.464713 0.761065 0.644981 0.47787
2 0.919298 0.542364 0.161404 0.162248
0 0.925992 0.758373 0.148016 0.45392
4 0.916521 0.414058 0.16651 0.609646
3 0.187204 0.8987 0.368332 0.2026
3 0.822177 0.763137 0.355645 0.455787
3 0.315506 0.849375 0.472313 0.30125
3 0.173115 0.228933 0.343896 0.439643
3 0.732639 0.336022 0.351811 0.631673
4 0.919394 0.521535 0.161212 0.349301
3 0.907314 0.735221 0.185372 0.418443
3 0.185682 0.779077 0.369554 0.441847
3 0.58476 0.0897957 0.83048 0.179591
3 0.0238093 0.264676 0.0476185 0.529353
4 0.664895 0.292948 0.543694 0.579097
3 0.26209 0.898311 0.507368 0.203379
1 0.915242 0.633793 0.169516 0.207866
4 0.919641 0.639964 0.160717 0.224615
3 0.0120384 0.655041 0.0240768 0.689918
4 0.362849 0.752414 0.712998 0.472383
3 0.617115 0.297361 0.765769 0.594722
0 0.110596 0.892204 0.221191 0.215593
3 0.024312 0.342703 0.048624 0.685407
0 0.907314 0.735221 0.185372 0.418443
3 0.0724513 0.218901 0.144903 0.437802
3 0.300594 0.0510875 0.601187 0.102175
3 0.0130679 0.798379 0.0261357 0.403242
4 0.58476 0.0897957 0.83048 0.179591
4 0.732639 0.336022 0.351811 0.631673
0 0.429536 0.318101 0.839598 0.636202
3 0.695512 0.749532 0.608975 0.469117
4 0.53091 0.0259677 0.917476 0.0519353
3 0.542432 0.741365 0.88647 0.48971
0 0.0120384 0.655041 0.0240768 0.689918
3 0.0146272 0.594369 0.0292544 0.792404
3 0.919394 0.521535 0.161212 0.349301
4 0.93465 0.765271 0.1307 0.469458
4 0.842948 0.757567 0.314105 0.484867
3 0.406676 0.5 0.813353 1
4 0.441715 0.49913 0.866064 0.998261
0 0.237194 0.765402 0.462008 0.469197
3 0.509171 0.02942 0.940882 0.05884
3 0.767134 0.217356 0.465732 0.434712
3 0.843114 0.277536 0.313772 0.555072
4 0.80761 0.295136 0.38478 0.5748
3 0.0100746 0.724887 0.0201492 0.550227
0 0.0146272 0.594369 0.0292544 0.792404
3 0.0227455 0.833637 0.045491 0.332725
4 0.818628 0.768762 0.362744 0.438504
3 0.286045 0.855313 0.56698 0.283391
4 0.655257 0.761966 0.510384 0.476069
0 0.767134 0.217356 0.465732 0.434712
0 0.75416 0.481362 0.317223 0.831344
4 0.925992 0.758373 0.148016 0.45392
3 0.925992 0.758373 0.148016 0.45392
3 0.27976 0.0762291 0.559519 0.152458
0 0.467308 0.758186 0.564333 0.483629
0 0.27976 0.0762291 0.559519 0.152458
0 0.902669 0.270695 0.194663 0.515802
3 0.917595 0.571854 0.164811 0.0902683
4 0.52967 0.756636 0.521508 0.486728
4 0.228287 0.630811 0.44336 0.194399
4 0.17 0.90188 0.338171 0.196239
3 0.442496 0.0458284 0.877632 0.0916568
3 0.320237 0.626621 0.636642 0.197389
3 0.0199808 0.408954 0.0399615 0.79396
4 0.89673 0.297978 0.20654 0.595956
3 0.349611 0.701986 0.691336 0.357012
0 0.232865 0.89917 0.447964 0.201659
3 0.923428 0.541854 0.153144 0.163007
3 0.75416 0.481362 0.317223 0.831344
4 0.241866 0.370824 0.478739 0.741648
4 0.429536 0.318101 0.839598 0.636202
4 0.396362 0.756782 0.481654 0.486436
0 0.455446 0.494507 0.876583 0.989013
0 0.0170777 0.484369 0.0341555 0.770948
4 0.802197 0.389252 0.240862 0.709112
4 0.238673 0.765721 0.467446 0.468557
4 0.315506 0.849375 0.472313 0.30125
3 0.89673 0.297978 0.20654 0.595956
4 0.320237 0.626621 0.636642 0.197389
0 0.232138 0.373925 0.456159 0.74585
4 0.442496 0.0458284 0.877632 0.0916568
4 0.191828 0.651262 0.380733 0.206716
3 0.29231 0.766633 0.573962 0.462176
0 0.842948 0.757567 0.314105 0.484867
4 0.742283 0.755213 0.515433 0.454487
0 0.0100746 0.724887 0.0201492 0.550227
4 0.110596 0.892204 0.221191 0.215593
1 0.193705 0.900158 0.383106 0.199684
0 0.325156 0.230939 0.650312 0.461878
1 0.80761 0.295136 0.38478 0.5748
4 0.125576 0.769795 0.251152 0.460411
3 0.0816211 0.803516 0.163242 0.392968
4 0.739714 0.309143 0.520573 0.618285
0 0.0130679 0.798379 0.0261357 0.403242
3 0.131903 0.341493 0.263805 0.662794
3 0.111949 0.219853 0.223898 0.423687
0 0.93465 0.765271 0.1307 0.469458
3 0.270165 0.221634 0.54033 0.443268
0 0.240664 0.242868 0.471231 0.480033
4 0.325156 0.230939 0.650312 0.461878
3 0.125576 0.769795 0.251152 0.460411
2 0.781142 0.747846 0.437716 0.468857
4 0.169066 0.364641 0.33666 0.725852
2 0.916521 0.414058 0.16651 0.609646
4 0.0707879 0.893088 0.141576 0.213824
4 0.881222 0.530134 0.196131 0.892181
4 0.214943 0.1402 0.429886 0.280399
3 0.103341 0.392226 0.206681 0.768039
3 0.326782 0.383159 0.648291 0.739458
4 0.26209 0.898311 0.507368 0.203379
4 0.0227455 0.833637 0.045491 0.332725
4 0.50203 0.26927 0.802526 0.538541
0 0.0227455 0.833637 0.045491 0.332725
3 0.129271 0.641551 0.256886 0.250299
0 0.286045 0.855313 0.56698 0.283391
4 0.767134 0.217356 0.465732 0.434712
3 0.458168 0.388014 0.90659 0.776028
4 0.183693 0.21713 0.367387 0.434259
0 0.125576 0.769795 0.251152 0.460411
4 0.300594 0.0510875 0.601187 0.102175
4 0.628849 0.496932 0.5573 0.977244
2 0.362849 0.752414 0.712998 0.472383
0 0.0724513 0.218901 0.144903 0.437802
3 0.24081 0.279328 0.475709 0.558656
3 0.270116 0.680943 0.529115 0.281732
2 0.856254 0.752645 0.287491 0.461979
4 0.486401 0.172792 0.877625 0.345583
4 0.905211 0.369535 0.189578 0.73907
4 0.27976 0.0762291 0.559519 0.152458
4 0.270116 0.680943 0.529115 0.281732
1 0.214899 0.640676 0.424996 0.190894
0 0.0816211 0.803516 0.163242 0.392968
4 0.0199808 0.408954 0.0399615 0.79396
4 0.75416 0.481362 0.317223 0.831344
4 0.240664 0.242868 0.471231 0.480033
4 0.0724513 0.218901 0.144903 0.437802
4 0.024312 0.342703 0.048624 0.685407
1 0.802197 0.389252 0.240862 0.709112
4 0.0130679 0.798379 0.0261357 0.403242
4 0.111949 0.219853 0.223898 0.423687
4 0.126817 0.670608 0.253201 0.243393
4 0.103341 0.392226 0.206681 0.768039
3 0.0707879 0.893088 0.141576 0.213824
4 0.843114 0.277536 0.313772 0.555072
4 0.0816211 0.803516 0.163242 0.392968
0 0.655257 0.761966 0.510384 0.476069
3 0.110596 0.892204 0.221191 0.215593
4 0.00984592 0.768302 0.0196918 0.463397
0 0.326782 0.383159 0.648291 0.739458
0 0.024312 0.342703 0.048624 0.685407
2 0.612456 0.299175 0.753064 0.598349
0 0.0228597 0.227183 0.0457195 0.454366
4 0.0238093 0.264676 0.0476185 0.529353
3 0.394772 0.238961 0.782842 0.477922
1 0.199825 0.76466 0.398593 0.470681
1 0.727804 0.296877 0.544393 0.585681
4 0.0146272 0.594369 0.0292544 0.792404
2 0.896757 0.360009 0.206487 0.697381
0 0.315506 0.849375 0.472313 0.30125
4 0.0120384 0.655041 0.0240768 0.689918
3 0.0992154 0.523492 0.198431 0.500555
4 0.0992154 0.523492 0.198431 0.500555
1 0.916521 0.414058 0.16651 0.609646
4 0.286045 0.855313 0.56698 0.283391
2 0.916094 0.637159 0.167812 0.211884
1 0.907314 0.735221 0.185372 0.418443
3 0.863446 0.305842 0.0767384 0.410048
1 0.925992 0.758373 0.148016 0.45392
2 0.214899 0.640676 0.424996 0.190894
1 0.487245 0.760994 0.570334 0.456441
3 0.486401 0.172792 0.877625 0.345583
1 0.881222 0.530134 0.196131 0.892181
2 0.472353 0.761006 0.584387 0.45708
1 0.900291 0.360999 0.199418 0.721997
0 0.628849 0.496932 0.5573 0.977244
1 0.818628 0.768762 0.362744 0.438504
0 0.183693 0.21713 0.367387 0.434259
2 0.855862 0.502933 0.209716 0.838385
1 0.526046 0.290779 0.763948 0.580144
2 0.217721 0.764569 0.43251 0.470862
1 0.219009 0.378906 0.431421 0.751732
2 0.187204 0.8987 0.368332 0.2026
2 0.239474 0.899082 0.466031 0.201837
1 0.342592 0.760884 0.649091 0.463785
2 0.110596 0.892204 0.221191 0.215593
2 0.383248 0.381916 0.764055 0.763832
1 0.286045 0.855313 0.56698 0.283391
0 0.131903 0.341493 0.263805 0.662794
0 0.111949 0.219853 0.223898 0.423687
2 0.20967 0.234022 0.411431 0.461572
0 0.0992154 0.523492 0.198431 0.500555
2 0.664895 0.292948 0.543694 0.579097
2 0.558032 0.75027 0.871128 0.469689
2 0.842948 0.757567 0.314105 0.484867
2 0.320237 0.626621 0.636642 0.197389
2 0.21364 0.38529 0.423455 0.770581
2 0.103341 0.392226 0.206681 0.768039
1 0.0707879 0.893088 0.141576 0.213824
2 0.0992154 0.523492 0.198431 0.500555
2 0.396362 0.756782 0.481654 0.486436
2 0.916 0.745061 0.167999 0.445197
2 0.456269 0.494171 0.897025 0.988341
2 0.767134 0.217356 0.465732 0.434712
2 0.902669 0.270695 0.194663 0.515802
1 0.125576 0.769795 0.251152 0.460411
2 0.325156 0.230939 0.650312 0.461878
1 0.874962 0.292987 0.250076 0.585974
0 0.103341 0.392226 0.206681 0.768039
2 0.75416 0.481362 0.317223 0.831344
1 0.54384 0.754811 0.817159 0.45733
1 0.270116 0.680943 0.529115 0.281732
2 0.270116 0.680943 0.529115 0.281732
2 0.855035 0.294836 0.289931 0.587339
2 0.401481 0.268635 0.786678 0.53727
1 0.20967 0.234022 0.411431 0.461572
1 0.902669 0.270695 0.194663 0.515802
1 0.523579 0.0277715 0.92583 0.055543
2 0.93465 0.765271 0.1307 0.469458
2 0.0199808 0.408954 0.0399615 0.79396
2 0.0816211 0.803516 0.163242 0.392968
2 0.699738 0.509986 0.473154 0.960252
2 0.919394 0.521535 0.161212 0.349301
2 0.00984592 0.768302 0.0196918 0.463397
1 0.0130679 0.798379 0.0261357 0.403242
2 0.0724513 0.218901 0.144903 0.437802
2 0.125576 0.769795 0.251152 0.460411
2 0.0707879 0.893088 0.141576 0.213824
2 0.0227455 0.833637 0.045491 0.332725
2 0.286045 0.855313 0.56698 0.283391
2 0.470656 0.754589 0.590843 0.490821
1 0.382809 0.282257 0.721111 0.564513
2 0.0228597 0.227183 0.0457195 0.454366
2 0.0130679 0.798379 0.0261357 0.403242
1 0.131903 0.341493 0.263805 0.662794
2 0.315506 0.849375 0.472313 0.30125
2 0.739714 0.309143 0.520573 0.618285
1 0.0816211 0.803516 0.163242 0.392968
2 0.655257 0.761966 0.510384 0.476069
1 0.0227455 0.833637 0.045491 0.332725
1 0.0146272 0.594369 0.0292544 0.792404
2 0.732639 0.336022 0.351811 0.631673
