0 0.500749 0.769188 0.377464 0.45558
1 0.495759 0.769081 0.376775 0.459963
0 0.40302 0.67013 0.164704 0.29203
0 0.377512 0.520978 0.11161 0.0793615
0 0.439039 0.514391 0.0681368 0.0782574
0 0.807084 0.786436 0.385832 0.416798
0 0.170891 0.763171 0.340458 0.453702
0 0.149695 0.831559 0.299389 0.323562
0 0.377472 0.644643 0.124326 0.255947
4 0.497978 0.771203 0.373295 0.457594
0 0.503241 0.69702 0.285402 0.462365
3 0.426713 0.392018 0.468287 0.76676
0 0.357087 0.553527 0.151753 0.174293
0 0.432414 0.317254 0.450464 0.618653
0 0.810748 0.575507 0.378504 0.832859
0 0.249787 0.751226 0.362809 0.497547
0 0.592858 0.650269 0.142576 0.5737
2 0.49624 0.773337 0.375003 0.453326
0 0.342132 0.295619 0.619355 0.577455
3 0.523442 0.772039 0.38336 0.455923
3 0.322838 0.383179 0.605943 0.757815
3 0.203771 0.684081 0.396625 0.626062
3 0.711679 0.779001 0.575738 0.441997
3 0.600697 0.555122 0.116941 0.593086
0 0.509277 0.0451921 0.981445 0.0903842
0 0.0233595 0.667738 0.0467191 0.657313
0 0.387027 0.45091 0.121071 0.214685
3 0.201993 0.5 0.403987 1
3 0.357087 0.553527 0.151753 0.174293
0 0.842535 0.502686 0.314931 0.666035
3 0.623176 0.685765 0.188233 0.618166
3 0.810369 0.786749 0.379263 0.426502
3 0.198952 0.160827 0.397905 0.321654
3 0.182114 0.778607 0.359262 0.442787
0 0.911638 0.809016 0.176723 0.367715
3 0.28851 0.501182 0.577019 0.997636
3 0.834831 0.614595 0.330337 0.730688
3 0.594423 0.444581 0.259888 0.826186
3 0.76801 0.551133 0.416158 0.871326
3 0.633812 0.654468 0.129885 0.62353
4 0.19443 0.768973 0.384761 0.446122
0 0.198952 0.160827 0.397905 0.321654
0 0.819143 0.690878 0.361713 0.609736
0 0.5423 0.694869 0.291735 0.600762
3 0.914725 0.808246 0.170549 0.383507
3 0.836252 0.390734 0.327497 0.764238
0 0.352306 0.077388 0.704612 0.154776
0 0.457526 0.0663939 0.865496 0.132788
0 0.600697 0.555122 0.116941 0.593086
3 0.354313 0.5332 0.15623 0.349926
3 0.745328 0.403663 0.479672 0.78748
4 0.45643 0.337925 0.411928 0.65736
0 0.442144 0.447672 0.0729725 0.208681
3 0.387027 0.45091 0.121071 0.214685
3 0.805046 0.312273 0.389907 0.624545
3 0.938563 0.660396 0.122874 0.662958
3 0.69004 0.474836 0.383234 0.894433
0 0.561096 0.084018 0.83219 0.168036
3 0.786273 0.110265 0.427454 0.22053
3 0.0242731 0.771692 0.0485462 0.456617
0 0.459911 0.481968 0.403091 0.953352
4 0.656916 0.775472 0.514456 0.449055
3 0.60166 0.382381 0.650025 0.762286
4 0.799566 0.567429 0.400867 0.840917
0 0.939028 0.737753 0.121943 0.516392
3 0.912458 0.411971 0.175083 0.747433
3 0.484092 0.435644 0.350325 0.850058
0 0.812761 0.111306 0.374478 0.222612
3 0.592858 0.650269 0.142576 0.5737
4 0.387027 0.45091 0.121071 0.214685
3 0.298105 0.0734243 0.59621 0.146849
3 0.442144 0.447672 0.0729725 0.208681
3 0.156104 0.226903 0.311067 0.431604
3 0.155267 0.817945 0.308945 0.36411
3 0.647506 0.285114 0.686174 0.570229
3 0.633259 0.107438 0.733482 0.214876
4 0.914725 0.808246 0.170549 0.383507
3 0.0860011 0.225162 0.172002 0.450324
3 0.561096 0.084018 0.83219 0.168036
3 0.525399 0.0426501 0.949202 0.0853002
3 0.0446529 0.237576 0.0893059 0.475152
3 0.377512 0.520978 0.11161 0.0793615
3 0.501932 0.404639 0.662098 0.809277
3 0.0233595 0.667738 0.0467191 0.657313
4 0.810369 0.786749 0.379263 0.426502
0 0.294934 0.772084 0.579915 0.455832
4 0.459911 0.481968 0.403091 0.953352
3 0.848904 0.268945 0.302193 0.53789
4 0.84192 0.479419 0.316159 0.613219
3 0.311023 0.767879 0.522717 0.464242
3 0.769788 0.668166 0.460425 0.65367
3 0.923752 0.521292 0.152497 0.635537
4 0.938563 0.660396 0.122874 0.662958
3 0.239712 0.105008 0.479424 0.210016
0 0.671888 0.113138 0.656223 0.226277
3 0.948842 0.51386 0.102316 0.62937
0 0.633812 0.654468 0.129885 0.62353
0 0.036477 0.723283 0.072954 0.553433
4 0.600697 0.555122 0.116941 0.593086
4 0.717136 0.76277 0.565727 0.457184
1 0.40302 0.67013 0.164704 0.29203
0 0.246733 0.289566 0.485857 0.573679
3 0.0278694 0.813631 0.0557388 0.372737
4 0.311023 0.767879 0.522717 0.464242
4 0.442144 0.447672 0.0729725 0.208681
4 0.527152 0.0638366 0.9251 0.127673
3 0.0302139 0.390991 0.0604278 0.764277
3 0.036477 0.723283 0.072954 0.553433
1 0.5423 0.694869 0.291735 0.600762
3 0.488973 0.351534 0.870404 0.703068
4 0.167671 0.79397 0.327757 0.41206
0 0.717136 0.76277 0.565727 0.457184
0 0.0958572 0.736064 0.191714 0.498445
4 0.420602 0.270565 0.471056 0.537602
4 0.133779 0.217036 0.267557 0.416464
0 0.133325 0.221602 0.266649 0.420918
3 0.0958572 0.736064 0.191714 0.498445
0 0.239712 0.105008 0.479424 0.210016
0 0.914725 0.808246 0.170549 0.383507
1 0.827934 0.806632 0.344131 0.374198
2 0.249787 0.751226 0.362809 0.497547
4 0.377512 0.520978 0.11161 0.0793615
3 0.884161 0.783071 0.231678 0.418881
4 0.342132 0.295619 0.619355 0.577455
3 0.306816 0.270901 0.613131 0.530441
4 0.0278694 0.813631 0.0557388 0.372737
3 0.02358 0.469835 0.04716 0.761444
0 0.0217771 0.801476 0.0435542 0.388252
3 0.48087 0.494366 0.26398 0.344691
0 0.917811 0.508529 0.164378 0.825935
4 0.0233595 0.667738 0.0467191 0.657313
4 0.0958572 0.736064 0.191714 0.498445
1 0.377472 0.644643 0.124326 0.255947
4 0.525399 0.0426501 0.949202 0.0853002
0 0.884161 0.783071 0.231678 0.418881
0 0.923752 0.521292 0.152497 0.635537
0 0.203771 0.684081 0.396625 0.626062
0 0.550845 0.283809 0.818171 0.567618
4 0.246733 0.289566 0.485857 0.573679
3 0.827934 0.806632 0.344131 0.374198
0 0.0278694 0.813631 0.0557388 0.372737
3 0.84306 0.501935 0.313881 0.65284
4 0.911638 0.809016 0.176723 0.367715
3 0.5423 0.694869 0.291735 0.600762
0 0.02358 0.469835 0.04716 0.761444
0 0.0860011 0.225162 0.172002 0.450324
4 0.185593 0.224161 0.371186 0.446462
3 0.911638 0.809016 0.176723 0.367715
4 0.693851 0.674964 0.612298 0.626776
0 0.949268 0.607121 0.101464 0.744327
4 0.812761 0.111306 0.374478 0.222612
3 0.249787 0.751226 0.362809 0.497547
4 0.884161 0.783071 0.231678 0.418881
1 0.149695 0.831559 0.299389 0.323562
4 0.249787 0.751226 0.362809 0.497547
4 0.623176 0.685765 0.188233 0.618166
0 0.623176 0.685765 0.188233 0.618166
0 0.914708 0.370128 0.170584 0.72868
3 0.0631885 0.510938 0.126377 0.920085
3 0.183193 0.275826 0.363197 0.547412
3 0.402792 0.0755702 0.783232 0.15114
4 0.351683 0.0876551 0.703366 0.17531
4 0.198952 0.160827 0.397905 0.321654
1 0.167403 0.780142 0.331871 0.426133
4 0.819143 0.690878 0.361713 0.609736
4 0.377472 0.644643 0.124326 0.255947
0 0.848904 0.268945 0.302193 0.53789
4 0.633259 0.107438 0.733482 0.214876
4 0.488973 0.351534 0.870404 0.703068
2 0.807084 0.786436 0.385832 0.416798
3 0.503241 0.69702 0.285402 0.462365
4 0.15576 0.831836 0.311122 0.321422
4 0.592858 0.650269 0.142576 0.5737
4 0.0860011 0.225162 0.172002 0.450324
4 0.02358 0.469835 0.04716 0.761444
3 0.0980301 0.480641 0.19606 0.934349
4 0.647506 0.285114 0.686174 0.570229
0 0.215295 0.230611 0.43059 0.461221
4 0.0302139 0.390991 0.0604278 0.764277
4 0.827934 0.806632 0.344131 0.374198
4 0.357087 0.553527 0.151753 0.174293
0 0.481119 0.360535 0.905688 0.72107
4 0.177042 0.5 0.354083 1
0 0.0302139 0.390991 0.0604278 0.764277
4 0.834746 0.458526 0.330508 0.869666
4 0.917811 0.508529 0.164378 0.825935
3 0.0653259 0.685903 0.130652 0.594764
4 0.848904 0.268945 0.302193 0.53789
4 0.0418413 0.281077 0.0836826 0.562155
1 0.262564 0.775408 0.522232 0.44209
4 0.948842 0.51386 0.102316 0.62937
2 0.186094 0.76287 0.368556 0.452325
4 0.923752 0.521292 0.152497 0.635537
4 0.633812 0.654468 0.129885 0.62353
4 0.211569 0.104566 0.423138 0.209132
0 0.0446529 0.237576 0.0893059 0.475152
2 0.810748 0.575507 0.378504 0.832859
0 0.190321 0.544227 0.380642 0.885268
2 0.592858 0.650269 0.142576 0.5737
2 0.911638 0.809016 0.176723 0.367715
4 0.036477 0.723283 0.072954 0.553433
4 0.69004 0.474836 0.383234 0.894433
2 0.160712 0.807876 0.320399 0.371076
2 0.387027 0.45091 0.121071 0.214685
4 0.594423 0.444581 0.259888 0.826186
4 0.914708 0.370128 0.170584 0.72868
3 0.262564 0.775408 0.522232 0.44209
4 0.0217771 0.801476 0.0435542 0.388252
0 0.833125 0.390233 0.33375 0.755546
1 0.387027 0.45091 0.121071 0.214685
3 0.420602 0.270565 0.471056 0.537602
2 0.439039 0.514391 0.0681368 0.0782574
1 0.911638 0.809016 0.176723 0.367715
4 0.181065 0.642234 0.36213 0.682617
0 0.695846 0.239951 0.603391 0.479902
3 0.439039 0.514391 0.0681368 0.0782574
4 0.5423 0.694869 0.291735 0.600762
2 0.841143 0.46577 0.317715 0.580927
4 0.752205 0.11266 0.495591 0.22532
4 0.744626 0.334835 0.510748 0.66967
2 0.190321 0.544227 0.380642 0.885268
1 0.680771 0.775109 0.638457 0.441228
2 0.48087 0.494366 0.26398 0.344691
4 0.726938 0.525138 0.340338 0.949724
2 0.5423 0.694869 0.291735 0.600762
0 0.786053 0.35564 0.427894 0.711279
4 0.439039 0.514391 0.0681368 0.0782574
4 0.501932 0.404639 0.662098 0.809277
0 0.354313 0.5332 0.15623 0.349926
4 0.0631885 0.510938 0.126377 0.920085
2 0.633812 0.654468 0.129885 0.62353
2 0.923752 0.521292 0.152497 0.635537
1 0.3834 0.51714 0.117176 0.0817408
0 0.501932 0.404639 0.662098 0.809277
4 0.0980301 0.480641 0.19606 0.934349
2 0.45643 0.337925 0.411928 0.65736
2 0.914725 0.808246 0.170549 0.383507
3 0.112577 0.24779 0.225154 0.479936
1 0.819143 0.690878 0.361713 0.609736
4 0.0653259 0.685903 0.130652 0.594764
2 0.786053 0.35564 0.427894 0.711279
2 0.948842 0.51386 0.102316 0.62937
2 0.43513 0.305698 0.54417 0.611397
4 0.805046 0.312273 0.389907 0.624545
1 0.187016 0.232655 0.37077 0.45082
1 0.181442 0.501809 0.361429 0.996383
2 0.442144 0.447672 0.0729725 0.208681
2 0.133779 0.217036 0.267557 0.416464
0 0.69004 0.474836 0.383234 0.894433
2 0.912458 0.411971 0.175083 0.747433
2 0.0278694 0.813631 0.0557388 0.372737
4 0.22855 0.503341 0.4571 0.993317
2 0.377512 0.520978 0.11161 0.0793615
3 0.377472 0.644643 0.124326 0.255947
1 0.0217771 0.801476 0.0435542 0.388252
2 0.623176 0.685765 0.188233 0.618166
2 0.311023 0.767879 0.522717 0.464242
2 0.884161 0.783071 0.231678 0.418881
4 0.40302 0.67013 0.164704 0.29203
4 0.48087 0.494366 0.26398 0.344691
0 0.594423 0.444581 0.259888 0.826186
1 0.503241 0.69702 0.285402 0.462365
2 0.695846 0.239951 0.603391 0.479902
4 0.60166 0.382381 0.650025 0.762286
2 0.671888 0.113138 0.656223 0.226277
4 0.354313 0.5332 0.15623 0.349926
2 0.0958572 0.736064 0.191714 0.498445
0 0.693851 0.674964 0.612298 0.626776
2 0.503241 0.69702 0.285402 0.462365
1 0.442144 0.447672 0.0729725 0.208681
2 0.769788 0.668166 0.460425 0.65367
1 0.884161 0.783071 0.231678 0.418881
1 0.257427 0.250677 0.502011 0.488032
2 0.812761 0.111306 0.374478 0.222612
0 0.22855 0.503341 0.4571 0.993317
1 0.623176 0.685765 0.188233 0.618166
2 0.939028 0.737753 0.121943 0.516392
2 0.711679 0.779001 0.575738 0.441997
0 0.60166 0.382381 0.650025 0.762286
1 0.398252 0.358171 0.507783 0.703542
2 0.0631885 0.510938 0.126377 0.920085
0 0.0653259 0.685903 0.130652 0.594764
1 0.592858 0.650269 0.142576 0.5737
1 0.203771 0.684081 0.396625 0.626062
2 0.69004 0.474836 0.383234 0.894433
1 0.311023 0.767879 0.522717 0.464242
0 0.48087 0.494366 0.26398 0.344691
1 0.693851 0.674964 0.612298 0.626776
1 0.939028 0.737753 0.121943 0.516392
1 0.357087 0.553527 0.151753 0.174293
2 0.211569 0.104566 0.423138 0.209132
2 0.305278 0.271393 0.608267 0.542786
1 0.810748 0.575507 0.378504 0.832859
2 0.0653259 0.685903 0.130652 0.594764
1 0.488702 0.529645 0.349881 0.848443
2 0.550845 0.283809 0.818171 0.567618
2 0.198952 0.160827 0.397905 0.321654
2 0.298105 0.0734243 0.59621 0.146849
1 0.0958572 0.736064 0.191714 0.498445
2 0.377472 0.644643 0.124326 0.255947
0 0.500732 0.769221 0.377442 0.455564
1 0.495754 0.769117 0.376784 0.459937
0 0.403038 0.670628 0.164721 0.292944
0 0.377493 0.520994 0.111545 0.0793223
0 0.439476 0.514414 0.0672598 0.0782154
0 0.807229 0.786506 0.385541 0.416703
0 0.170839 0.763074 0.34036 0.453936
0 0.149625 0.831824 0.29925 0.323075
0 0.377433 0.644217 0.124209 0.254843
4 0.497965 0.771231 0.37336 0.457538
3 0.426666 0.391538 0.468258 0.765732
0 0.503501 0.696874 0.284729 0.462027
0 0.357106 0.553485 0.151704 0.174084
0 0.432417 0.317771 0.45048 0.619779
0 0.249998 0.75134 0.362345 0.49732
0 0.810818 0.575286 0.378363 0.833366
0 0.593405 0.649833 0.140903 0.571787
2 0.496228 0.773345 0.375023 0.453309
0 0.342903 0.295673 0.617762 0.577597
3 0.523358 0.772049 0.383174 0.455902
3 0.323014 0.384153 0.605464 0.759695
3 0.203816 0.68443 0.396559 0.625461
3 0.711365 0.779042 0.576381 0.441916
3 0.600986 0.552028 0.116065 0.584964
0 0.509376 0.0456531 0.981249 0.0913062
3 0.201877 0.5 0.403754 1
3 0.357106 0.553485 0.151704 0.174084
3 0.622994 0.685949 0.187048 0.617967
0 0.0235344 0.667617 0.0470688 0.657511
0 0.38704 0.450965 0.120999 0.214576
0 0.842573 0.500811 0.314855 0.662291
3 0.810355 0.786851 0.37929 0.426298
3 0.198496 0.160122 0.396993 0.320244
3 0.182076 0.778761 0.359165 0.442477
3 0.288203 0.501205 0.576407 0.99759
3 0.835168 0.614254 0.329665 0.729926
0 0.911692 0.809052 0.176615 0.367641
3 0.595306 0.443722 0.257113 0.823804
3 0.767575 0.552025 0.415189 0.869093
3 0.633728 0.654574 0.12956 0.621733
4 0.194381 0.768968 0.384707 0.446181
3 0.914866 0.808273 0.170269 0.383455
3 0.836277 0.390782 0.327445 0.764282
0 0.198496 0.160122 0.396993 0.320244
0 0.819162 0.692646 0.361676 0.606104
0 0.543278 0.695004 0.289413 0.600636
3 0.354329 0.533634 0.156114 0.350605
0 0.352111 0.0773277 0.704222 0.154655
3 0.747334 0.403013 0.475768 0.785968
4 0.456307 0.338762 0.41216 0.659154
0 0.600986 0.552028 0.116065 0.584964
0 0.457157 0.0670277 0.86432 0.134055
3 0.38704 0.450965 0.120999 0.214576
3 0.938409 0.660582 0.123182 0.662624
3 0.8053 0.31334 0.3894 0.626679
0 0.442356 0.447719 0.0725972 0.208562
3 0.691555 0.473574 0.378436 0.891484
3 0.786522 0.110425 0.426956 0.22085
3 0.0247829 0.771674 0.0495658 0.456651
4 0.657093 0.775484 0.514827 0.449032
3 0.603684 0.382248 0.645243 0.761694
4 0.799537 0.567353 0.400925 0.841053
0 0.561641 0.0844337 0.83107 0.168867
3 0.484104 0.435214 0.350136 0.848963
0 0.459748 0.481544 0.403166 0.952502
3 0.912397 0.411631 0.175206 0.746527
3 0.593405 0.649833 0.140903 0.571787
4 0.38704 0.450965 0.120999 0.214576
3 0.297789 0.0730417 0.595578 0.146083
3 0.442356 0.447719 0.0725972 0.208562
3 0.156015 0.226855 0.310892 0.43158
3 0.155213 0.818168 0.308856 0.363664
3 0.648308 0.285792 0.684568 0.571583
0 0.938854 0.738368 0.122291 0.515266
0 0.812939 0.111507 0.374121 0.223014
3 0.63395 0.107697 0.7321 0.215394
4 0.914866 0.808273 0.170269 0.383455
3 0.0852844 0.225159 0.170569 0.450317
3 0.377493 0.520994 0.111545 0.0793223
3 0.525409 0.0430888 0.949182 0.0861776
3 0.561641 0.0844337 0.83107 0.168867
3 0.0446865 0.237704 0.089373 0.475407
3 0.502435 0.404302 0.658154 0.808605
3 0.0235344 0.667617 0.0470688 0.657511
4 0.810355 0.786851 0.37929 0.426298
4 0.459748 0.481544 0.403166 0.952502
3 0.849138 0.269489 0.301724 0.538979
4 0.841939 0.479104 0.316122 0.612749
3 0.311418 0.767952 0.523025 0.464096
0 0.295587 0.772058 0.581186 0.455883
3 0.726153 0.525335 0.338344 0.949331
3 0.770048 0.668183 0.459904 0.653839
3 0.923688 0.520701 0.152625 0.634072
4 0.938409 0.660582 0.123182 0.662624
3 0.239231 0.105126 0.478463 0.210253
3 0.948809 0.513262 0.102381 0.628232
0 0.633728 0.654574 0.12956 0.621733
4 0.600986 0.552028 0.116065 0.584964
0 0.672323 0.113313 0.655354 0.226626
4 0.717307 0.7628 0.565385 0.457241
1 0.403038 0.670628 0.164721 0.292944
3 0.0281099 0.813689 0.0562199 0.372623
0 0.0369969 0.723176 0.0739938 0.553648
4 0.311418 0.767952 0.523025 0.464096
3 0.35192 0.0888655 0.703841 0.177731
4 0.442356 0.447719 0.0725972 0.208562
0 0.246525 0.289881 0.485417 0.57429
4 0.527315 0.0643484 0.924622 0.128697
3 0.0301694 0.390582 0.0603388 0.763249
3 0.0369969 0.723176 0.0739938 0.553648
1 0.543278 0.695004 0.289413 0.600636
3 0.489501 0.353073 0.86914 0.706147
4 0.167614 0.794183 0.327686 0.411634
4 0.420766 0.270763 0.47087 0.537957
4 0.133832 0.21702 0.267665 0.416409
0 0.717307 0.7628 0.565385 0.457241
0 0.094996 0.736134 0.189992 0.497728
3 0.094996 0.736134 0.189992 0.497728
3 0.884346 0.783313 0.231309 0.418405
1 0.827948 0.806613 0.344103 0.374243
4 0.377493 0.520994 0.111545 0.0793223
2 0.249998 0.75134 0.362345 0.49732
4 0.342903 0.295673 0.617762 0.577597
3 0.306712 0.271029 0.612948 0.530733
0 0.133286 0.221569 0.266572 0.420928
4 0.0281099 0.813689 0.0562199 0.372623
3 0.0235031 0.468693 0.0470062 0.757539
0 0.914866 0.808273 0.170269 0.383455
0 0.239231 0.105126 0.478463 0.210253
3 0.48115 0.493936 0.26336 0.343864
4 0.0235344 0.667617 0.0470688 0.657511
1 0.377433 0.644217 0.124209 0.254843
4 0.094996 0.736134 0.189992 0.497728
0 0.0221103 0.801562 0.0442205 0.387996
4 0.525409 0.0430888 0.949182 0.0861776
0 0.917811 0.507511 0.164379 0.822979
4 0.246525 0.289881 0.485417 0.57429
3 0.827948 0.806613 0.344103 0.374243
3 0.843096 0.500375 0.313808 0.649655
3 0.543278 0.695004 0.289413 0.600636
4 0.911692 0.809052 0.176615 0.367641
0 0.884346 0.783313 0.231309 0.418405
0 0.923688 0.520701 0.152625 0.634072
4 0.185431 0.224231 0.370861 0.446366
0 0.203816 0.68443 0.396559 0.625461
0 0.551925 0.284858 0.815718 0.569717
0 0.0281099 0.813689 0.0562199 0.372623
3 0.911692 0.809052 0.176615 0.367641
4 0.694464 0.675038 0.611072 0.626805
4 0.812939 0.111507 0.374121 0.223014
3 0.249998 0.75134 0.362345 0.49732
4 0.884346 0.783313 0.231309 0.418405
0 0.0235031 0.468693 0.0470062 0.757539
0 0.0852844 0.225159 0.170569 0.450317
1 0.149625 0.831824 0.29925 0.323075
4 0.249998 0.75134 0.362345 0.49732
4 0.622994 0.685949 0.187048 0.617967
3 0.0629727 0.510414 0.125945 0.918249
0 0.949188 0.606906 0.101624 0.744135
3 0.183044 0.276022 0.362906 0.547777
4 0.198496 0.160122 0.396993 0.320244
1 0.167337 0.780419 0.331744 0.425647
4 0.351239 0.0880652 0.702478 0.17613
0 0.622994 0.685949 0.187048 0.617967
4 0.819162 0.692646 0.361676 0.606104
0 0.914908 0.370292 0.170184 0.728534
3 0.457157 0.0670277 0.86432 0.134055
4 0.377433 0.644217 0.124209 0.254843
4 0.489501 0.353073 0.86914 0.706147
4 0.63395 0.107697 0.7321 0.215394
3 0.503501 0.696874 0.284729 0.462027
2 0.807229 0.786506 0.385541 0.416703
0 0.849138 0.269489 0.301724 0.538979
4 0.155699 0.832327 0.310996 0.320462
4 0.593405 0.649833 0.140903 0.571787
3 0.0978266 0.480312 0.195653 0.933607
4 0.0852844 0.225159 0.170569 0.450317
4 0.0235031 0.468693 0.0470062 0.757539
4 0.648308 0.285792 0.684568 0.571583
4 0.0301694 0.390582 0.0603388 0.763249
4 0.827948 0.806613 0.344103 0.374243
0 0.215109 0.230707 0.430218 0.461413
4 0.357106 0.553485 0.151704 0.174084
4 0.176904 0.5 0.353809 1
4 0.834829 0.456618 0.330343 0.866025
4 0.917811 0.507511 0.164379 0.822979
3 0.0648808 0.685728 0.129762 0.593589
0 0.481141 0.361091 0.904253 0.722182
4 0.849138 0.269489 0.301724 0.538979
0 0.0301694 0.390582 0.0603388 0.763249
4 0.041885 0.281454 0.0837699 0.562909
1 0.263278 0.775396 0.523703 0.442181
4 0.948809 0.513262 0.102381 0.628232
2 0.186129 0.762827 0.368626 0.45245
4 0.923688 0.520701 0.152625 0.634072
4 0.633728 0.654574 0.12956 0.621733
4 0.210976 0.104526 0.421952 0.209053
2 0.810818 0.575286 0.378363 0.833366
2 0.593405 0.649833 0.140903 0.571787
4 0.297789 0.0730417 0.595578 0.146083
4 0.0369969 0.723176 0.0739938 0.553648
4 0.691555 0.473574 0.378436 0.891484
2 0.911692 0.809052 0.176615 0.367641
2 0.160646 0.808817 0.320266 0.369259
0 0.0446865 0.237704 0.089373 0.475407
2 0.38704 0.450965 0.120999 0.214576
4 0.595306 0.443722 0.257113 0.823804
4 0.914908 0.370292 0.170184 0.728534
4 0.0221103 0.801562 0.0442205 0.387996
3 0.263278 0.775396 0.523703 0.442181
0 0.190314 0.545535 0.380628 0.882819
3 0.420766 0.270763 0.47087 0.537957
1 0.38704 0.450965 0.120999 0.214576
2 0.439476 0.514414 0.0672598 0.0782154
1 0.911692 0.809052 0.176615 0.367641
3 0.439476 0.514414 0.0672598 0.0782154
4 0.543278 0.695004 0.289413 0.600636
4 0.181017 0.643106 0.362034 0.681005
0 0.833233 0.390168 0.333534 0.755416
2 0.841169 0.465088 0.317662 0.579713
4 0.752659 0.112866 0.494682 0.225733
4 0.745205 0.335589 0.509589 0.671179
0 0.696282 0.240323 0.602519 0.480647
2 0.190314 0.545535 0.380628 0.882819
1 0.680869 0.775117 0.638263 0.441252
2 0.48115 0.493936 0.26336 0.343864
4 0.726153 0.525335 0.338344 0.949331
2 0.543278 0.695004 0.289413 0.600636
4 0.439476 0.514414 0.0672598 0.0782154
4 0.502435 0.404302 0.658154 0.808605
0 0.786525 0.356097 0.42695 0.712193
4 0.0629727 0.510414 0.125945 0.918249
2 0.633728 0.654574 0.12956 0.621733
2 0.923688 0.520701 0.152625 0.634072
1 0.383379 0.517158 0.117138 0.0817211
0 0.354329 0.533634 0.156114 0.350605
4 0.0978266 0.480312 0.195653 0.933607
2 0.456307 0.338762 0.41216 0.659154
2 0.914866 0.808273 0.170269 0.383455
3 0.112503 0.247897 0.225006 0.480093
4 0.0648808 0.685728 0.129762 0.593589
2 0.786525 0.356097 0.42695 0.712193
1 0.819162 0.692646 0.361676 0.606104
0 0.502435 0.404302 0.658154 0.808605
2 0.948809 0.513262 0.102381 0.628232
2 0.434657 0.306385 0.542272 0.612771
1 0.18683 0.232623 0.370406 0.45077
4 0.8053 0.31334 0.3894 0.626679
1 0.181288 0.501838 0.361162 0.996324
2 0.442356 0.447719 0.0725972 0.208562
2 0.133832 0.21702 0.267665 0.416409
2 0.912397 0.411631 0.175206 0.746527
2 0.0281099 0.813689 0.0562199 0.372623
4 0.228272 0.503364 0.456543 0.993273
3 0.377433 0.644217 0.124209 0.254843
2 0.377493 0.520994 0.111545 0.0793223
2 0.622994 0.685949 0.187048 0.617967
1 0.0221103 0.801562 0.0442205 0.387996
0 0.691555 0.473574 0.378436 0.891484
2 0.311418 0.767952 0.523025 0.464096
2 0.884346 0.783313 0.231309 0.418405
4 0.403038 0.670628 0.164721 0.292944
4 0.48115 0.493936 0.26336 0.343864
1 0.503501 0.696874 0.284729 0.462027
2 0.696282 0.240323 0.602519 0.480647
4 0.603684 0.382248 0.645243 0.761694
2 0.672323 0.113313 0.655354 0.226626
4 0.354329 0.533634 0.156114 0.350605
2 0.094996 0.736134 0.189992 0.497728
0 0.595306 0.443722 0.257113 0.823804
2 0.503501 0.696874 0.284729 0.462027
1 0.442356 0.447719 0.0725972 0.208562
2 0.770048 0.668183 0.459904 0.653839
1 0.884346 0.783313 0.231309 0.418405
1 0.257241 0.250784 0.501622 0.488275
0 0.694464 0.675038 0.611072 0.626805
2 0.812939 0.111507 0.374121 0.223014
1 0.622994 0.685949 0.187048 0.617967
2 0.938854 0.738368 0.122291 0.515266
2 0.711365 0.779042 0.576381 0.441916
1 0.39808 0.35892 0.508371 0.704971
2 0.0629727 0.510414 0.125945 0.918249
1 0.593405 0.649833 0.140903 0.571787
1 0.203816 0.68443 0.396559 0.625461
2 0.691555 0.473574 0.378436 0.891484
0 0.228272 0.503364 0.456543 0.993273
1 0.311418 0.767952 0.523025 0.464096
0 0.603684 0.382248 0.645243 0.761694
0 0.0648808 0.685728 0.129762 0.593589
1 0.694464 0.675038 0.611072 0.626805
1 0.938854 0.738368 0.122291 0.515266
1 0.357106 0.553485 0.151704 0.174084
2 0.210976 0.104526 0.421952 0.209053
2 0.305139 0.271682 0.607977 0.543364
1 0.810818 0.575286 0.378363 0.833366
2 0.0648808 0.685728 0.129762 0.593589
1 0.488681 0.53089 0.349216 0.845376
0 0.48115 0.493936 0.26336 0.343864
2 0.198496 0.160122 0.396993 0.320244
2 0.551925 0.284858 0.815718 0.569717
