0 0.861503 0.537941 0.137914 0.0609992
0 0.864336 0.535738 0.134513 0.0847814
0 0.764166 0.752494 0.471668 0.492353
0 0.879543 0.593128 0.180843 0.181396
0 0.443796 0.754254 0.85526 0.441057
0 0.639631 0.75665 0.718835 0.477553
0 0.87856 0.588488 0.24288 0.172256
0 0.868569 0.466779 0.128108 0.210052
0 0.307356 0.750267 0.610864 0.42996
0 0.459673 0.513268 0.0498532 0.0666587
0 0.865313 0.556577 0.143834 0.162364
0 0.553853 0.022242 0.892295 0.0444839
0 0.177574 0.748962 0.353357 0.442956
0 0.461259 0.458815 0.0496106 0.175111
3 0.929507 0.216824 0.0188477 0.0589695
4 0.639631 0.75665 0.718835 0.477553
0 0.39289 0.0228587 0.785779 0.0457175
4 0.764166 0.752494 0.471668 0.492353
3 0.932807 0.515658 0.13247 0.732477
0 0.672867 0.0271074 0.654267 0.0542148
3 0.474854 0.465535 0.549948 0.931071
3 0.321259 0.5 0.533996 1
0 0.434991 0.758263 0.520528 0.451955
4 0.879543 0.593128 0.180843 0.181396
3 0.143703 0.464428 0.28466 0.902282
3 0.763397 0.751266 0.473206 0.497468
3 0.569996 0.5 0.787075 1
4 0.861248 0.540077 0.13938 0.0936617
3 0.165953 0.242796 0.328006 0.479994
0 0.493776 0.168599 0.937873 0.337198
3 0.766454 0.251337 0.467091 0.502673
0 0.876582 0.425637 0.1273 0.315632
3 0.876582 0.425637 0.1273 0.315632
3 0.950411 0.384946 0.0991783 0.727077
3 0.859289 0.748551 0.281422 0.502898
3 0.912944 0.769416 0.174113 0.455785
3 0.9345 0.78033 0.131 0.439339
0 0.831621 0.761302 0.336758 0.477395
0 0.481422 0.515022 0.0911285 0.108855
3 0.147608 0.822708 0.293139 0.354583
3 0.601228 0.754058 0.7887 0.491885
3 0.724271 0.460739 0.46454 0.919896
3 0.850169 0.748529 0.299663 0.491575
3 0.154714 0.345897 0.304807 0.691794
0 0.0705066 0.795418 0.141013 0.396654
3 0.851474 0.421416 0.171542 0.433232
3 0.346722 0.7686 0.663324 0.462801
3 0.210954 0.807539 0.409545 0.384921
3 0.881103 0.663881 0.237793 0.382135
3 0.861248 0.540077 0.13938 0.0936617
0 0.21104 0.118623 0.42208 0.237247
4 0.868569 0.466779 0.128108 0.210052
3 0.280602 0.221923 0.544909 0.443846
3 0.43844 0.774315 0.419626 0.451371
3 0.728093 0.0396912 0.543815 0.0793824
3 0.727676 0.756126 0.544648 0.48128
3 0.934758 0.341087 0.130483 0.547119
0 0.881103 0.663881 0.237793 0.382135
1 0.87856 0.588488 0.24288 0.172256
0 0.297736 0.0417095 0.595473 0.0834191
3 0.952009 0.261057 0.095982 0.506039
3 0.257324 0.384983 0.0714633 0.143431
3 0.54721 0.744333 0.903442 0.511333
0 0.630865 0.207252 0.738271 0.414504
3 0.147229 0.781643 0.292983 0.434079
4 0.459673 0.513268 0.0498532 0.0666587
3 0.439168 0.752288 0.672318 0.495425
3 0.151635 0.50569 0.30327 0.539763
4 0.461259 0.458815 0.0496106 0.175111
3 0.661553 0.286164 0.676894 0.572328
3 0.961013 0.286386 0.077974 0.556444
1 0.879543 0.593128 0.180843 0.181396
4 0.428963 0.755369 0.743203 0.449632
0 0.851474 0.421416 0.171542 0.433232
0 0.393415 0.661579 0.323694 0.374372
3 0.808449 0.310691 0.367338 0.5911
0 0.768872 0.0419887 0.462256 0.0839774
0 0.0181613 0.634344 0.0363227 0.709418
3 0.245291 0.329285 0.463106 0.65857
3 0.930665 0.569085 0.138671 0.48882
3 0.305452 0.418203 0.372541 0.811143
4 0.913076 0.760075 0.173849 0.47985
4 0.636324 0.0179636 0.727352 0.0359272
0 0.211617 0.237881 0.413711 0.475087
3 0.288808 0.760183 0.572512 0.434215
4 0.559587 0.162609 0.839683 0.325218
3 0.544002 0.274687 0.729087 0.549373
3 0.21104 0.118623 0.42208 0.237247
0 0.601149 0.660039 0.580696 0.340388
3 0.393415 0.661579 0.323694 0.374372
4 0.331603 0.776856 0.662889 0.446289
3 0.636324 0.0179636 0.727352 0.0359272
0 0.661553 0.286164 0.676894 0.572328
3 0.434991 0.758263 0.520528 0.451955
3 0.461259 0.458815 0.0496106 0.175111
0 0.72525 0.678931 0.514199 0.641002
4 0.491421 0.748554 0.77075 0.502891
3 0.868569 0.466779 0.128108 0.210052
4 0.43844 0.774315 0.419626 0.451371
3 0.31495 0.284416 0.564064 0.568832
4 0.523155 0.0230558 0.93021 0.0461117
0 0.933368 0.769403 0.133264 0.461194
2 0.868569 0.466779 0.128108 0.210052
0 0.280602 0.221923 0.544909 0.443846
3 0.490515 0.0203806 0.948325 0.0407611
0 0.0252386 0.785583 0.0504772 0.428835
0 0.100343 0.793607 0.200686 0.412787
0 0.392968 0.703838 0.771101 0.592323
4 0.9345 0.78033 0.131 0.439339
0 0.0201774 0.726707 0.0403548 0.546585
4 0.577991 0.302475 0.736457 0.60495
3 0.802828 0.198504 0.394345 0.397007
1 0.634919 0.751477 0.72923 0.479033
3 0.29182 0.687847 0.397928 0.551757
0 0.862338 0.56604 0.142841 0.430445
3 0.172514 0.731287 0.342356 0.4455
3 0.862338 0.56604 0.142841 0.430445
3 0.524463 0.565361 0.367942 0.754196
3 0.903322 0.560326 0.185215 0.414915
3 0.0296309 0.28991 0.0592618 0.579819
3 0.348946 0.0257831 0.697045 0.0515662
4 0.831621 0.761302 0.336758 0.477395
3 0.024223 0.768808 0.048446 0.462385
4 0.859289 0.748551 0.281422 0.502898
4 0.241994 0.765136 0.475768 0.458884
3 0.321011 0.597983 0.630436 0.804034
4 0.0812672 0.778496 0.162243 0.427787
4 0.210954 0.807539 0.409545 0.384921
0 0.257324 0.384983 0.0714633 0.143431
0 0.255299 0.0812058 0.510598 0.162412
4 0.147608 0.822708 0.293139 0.354583
0 0.961013 0.286386 0.077974 0.556444
4 0.87856 0.588488 0.24288 0.172256
0 0.932807 0.515658 0.13247 0.732477
4 0.630865 0.207252 0.738271 0.414504
0 0.503969 0.24477 0.641492 0.489539
3 0.271309 0.531325 0.377723 0.887513
4 0.688584 0.0340467 0.622833 0.0680935
3 0.297736 0.0417095 0.595473 0.0834191
3 0.253427 0.47936 0.0827522 0.32799
3 0.630865 0.207252 0.738271 0.414504
4 0.545568 0.236006 0.823238 0.472012
3 0.0181613 0.634344 0.0363227 0.709418
3 0.113738 0.258718 0.227476 0.517435
4 0.147229 0.781643 0.292983 0.434079
3 0.0271907 0.465546 0.0543814 0.843768
3 0.478821 0.487435 0.0895407 0.224752
0 0.619903 0.705573 0.502466 0.560048
0 0.29182 0.687847 0.397928 0.551757
0 0.147608 0.822708 0.293139 0.354583
4 0.688876 0.278298 0.622248 0.556596
0 0.377051 0.517141 0.749909 0.965718
3 0.397541 0.209945 0.67582 0.41989
4 0.950411 0.384946 0.0991783 0.727077
0 0.380274 0.285757 0.573107 0.571514
3 0.0302729 0.787691 0.0605459 0.424619
4 0.569996 0.5 0.787075 1
3 0.0201774 0.726707 0.0403548 0.546585
0 0.0302729 0.787691 0.0605459 0.424619
3 0.459673 0.513268 0.0498532 0.0666587
4 0.69345 0.7549 0.6131 0.4902
3 0.87856 0.588488 0.24288 0.172256
0 0.0182192 0.524779 0.0364385 0.841222
1 0.868569 0.466779 0.128108 0.210052
4 0.452057 0.196232 0.904114 0.392464
4 0.0302729 0.787691 0.0605459 0.424619
0 0.950411 0.384946 0.0991783 0.727077
3 0.601149 0.660039 0.580696 0.340388
0 0.443036 0.2036 0.593702 0.4072
4 0.100343 0.793607 0.200686 0.412787
4 0.372451 0.757219 0.517565 0.445351
1 0.861248 0.540077 0.13938 0.0936617
0 0.253427 0.47936 0.0827522 0.32799
0 0.926801 0.632808 0.146398 0.459323
3 0.0785359 0.4969 0.157072 0.893488
4 0.601149 0.660039 0.580696 0.340388
4 0.768872 0.0419887 0.462256 0.0839774
3 0.100343 0.793607 0.200686 0.412787
3 0.0812672 0.778496 0.162243 0.427787
3 0.203366 0.510892 0.40256 0.978216
0 0.478821 0.487435 0.0895407 0.224752
3 0.392968 0.703838 0.771101 0.592323
4 0.211617 0.237881 0.413711 0.475087
1 0.831621 0.761302 0.336758 0.477395
4 0.0252386 0.785583 0.0504772 0.428835
0 0.43844 0.774315 0.419626 0.451371
4 0.932807 0.515658 0.13247 0.732477
3 0.170576 0.160837 0.341151 0.321674
4 0.876582 0.425637 0.1273 0.315632
0 0.802828 0.198504 0.394345 0.397007
3 0.0616351 0.731785 0.12327 0.498388
4 0.492723 0.201243 0.655792 0.402486
3 0.0182192 0.524779 0.0364385 0.841222
4 0.21104 0.118623 0.42208 0.237247
0 0.474854 0.465535 0.549948 0.931071
3 0.119476 0.234054 0.238952 0.446718
4 0.967297 0.244747 0.0654058 0.46201
3 0.900463 0.699266 0.199073 0.579527
4 0.0181613 0.634344 0.0363227 0.709418
4 0.802828 0.198504 0.394345 0.397007
0 0.69345 0.7549 0.6131 0.4902
0 0.952009 0.261057 0.095982 0.506039
4 0.380274 0.285757 0.573107 0.571514
4 0.169314 0.35796 0.333142 0.715921
0 0.629802 0.5 0.721507 1
0 0.295935 0.808042 0.575436 0.383916
4 0.881103 0.663881 0.237793 0.382135
1 0.746684 0.754004 0.506633 0.482169
3 0.255299 0.0812058 0.510598 0.162412
0 0.113738 0.258718 0.227476 0.517435
0 0.439168 0.752288 0.672318 0.495425
0 0.759144 0.31332 0.472151 0.6219
4 0.392968 0.703838 0.771101 0.592323
4 0.766454 0.251337 0.467091 0.502673
0 0.840153 0.284244 0.0120329 0.0442482
4 0.348946 0.0257831 0.697045 0.0515662
3 0.247161 0.182171 0.494323 0.364342
4 0.285037 0.479846 0.42579 0.955229
4 0.926801 0.632808 0.146398 0.459323
2 0.392968 0.703838 0.771101 0.592323
0 0.9345 0.78033 0.131 0.439339
3 0.619903 0.705573 0.502466 0.560048
4 0.481422 0.515022 0.0911285 0.108855
4 0.410128 0.450341 0.47078 0.900682
0 0.271309 0.531325 0.377723 0.887513
4 0.280602 0.221923 0.544909 0.443846
0 0.140698 0.228708 0.279811 0.439261
4 0.0201774 0.726707 0.0403548 0.546585
4 0.255299 0.0812058 0.510598 0.162412
0 0.859289 0.748551 0.281422 0.502898
3 0.559587 0.162609 0.839683 0.325218
3 0.0937035 0.347635 0.187407 0.645911
4 0.257324 0.384983 0.0714633 0.143431
2 0.772913 0.724389 0.440543 0.445642
2 0.267396 0.755008 0.523691 0.451228
4 0.297736 0.0417095 0.595473 0.0834191
3 0.138419 0.146222 0.276838 0.289599
0 0.0271907 0.465546 0.0543814 0.843768
4 0.393415 0.661579 0.323694 0.374372
2 0.961013 0.286386 0.077974 0.556444
1 0.876582 0.425637 0.1273 0.315632
4 0.0253079 0.502357 0.0506157 0.880141
4 0.0303123 0.340911 0.0606246 0.681822
4 0.293728 0.5 0.560836 1
3 0.0618599 0.578664 0.12372 0.842671
4 0.377051 0.517141 0.749909 0.965718
4 0.952009 0.261057 0.095982 0.506039
0 0.934758 0.341087 0.130483 0.547119
1 0.459673 0.513268 0.0498532 0.0666587
4 0.29182 0.687847 0.397928 0.551757
4 0.113738 0.258718 0.227476 0.517435
4 0.333638 0.182223 0.667277 0.364445
4 0.478821 0.487435 0.0895407 0.224752
0 0.0296309 0.28991 0.0592618 0.579819
2 0.900463 0.699266 0.199073 0.579527
3 0.865313 0.556577 0.143834 0.162364
4 0.68537 0.5 0.579704 1
0 0.245576 0.618631 0.482612 0.762738
4 0.138419 0.146222 0.276838 0.289599
4 0.119476 0.234054 0.238952 0.446718
4 0.851474 0.421416 0.171542 0.433232
3 0.481422 0.515022 0.0911285 0.108855
2 0.461259 0.458815 0.0496106 0.175111
4 0.0616351 0.731785 0.12327 0.498388
2 0.861248 0.540077 0.13938 0.0936617
1 0.393415 0.661579 0.323694 0.374372
4 0.245291 0.329285 0.463106 0.65857
3 0.452057 0.196232 0.904114 0.392464
4 0.619903 0.705573 0.502466 0.560048
0 0.151635 0.50569 0.30327 0.539763
0 0.210954 0.807539 0.409545 0.384921
2 0.271309 0.531325 0.377723 0.887513
1 0.851474 0.421416 0.171542 0.433232
4 0.170576 0.160837 0.341151 0.321674
0 0.293728 0.5 0.560836 1
4 0.151635 0.50569 0.30327 0.539763
1 0.216914 0.73056 0.426454 0.433358
2 0.459673 0.513268 0.0498532 0.0666587
4 0.934758 0.341087 0.130483 0.547119
4 0.903322 0.560326 0.185215 0.414915
1 0.933368 0.769403 0.133264 0.461194
4 0.865313 0.556577 0.143834 0.162364
0 0.0616351 0.731785 0.12327 0.498388
4 0.862338 0.56604 0.142841 0.430445
0 0.138419 0.146222 0.276838 0.289599
2 0.478821 0.487435 0.0895407 0.224752
4 0.72525 0.678931 0.514199 0.641002
0 0.305452 0.418203 0.372541 0.811143
2 0.253427 0.47936 0.0827522 0.32799
0 0.333638 0.182223 0.667277 0.364445
0 0.245291 0.329285 0.463106 0.65857
0 0.903322 0.560326 0.185215 0.414915
4 0.0937035 0.347635 0.187407 0.645911
4 0.524463 0.565361 0.367942 0.754196
2 0.211617 0.237881 0.413711 0.475087
1 0.461259 0.458815 0.0496106 0.175111
2 0.481422 0.515022 0.0911285 0.108855
0 0.724271 0.460739 0.46454 0.919896
0 0.131317 0.344569 0.262635 0.676552
2 0.147608 0.822708 0.293139 0.354583
0 0.861501 0.537943 0.137908 0.0609955
0 0.864333 0.535761 0.134475 0.0848132
0 0.764087 0.752486 0.471826 0.492345
0 0.879562 0.593379 0.180933 0.181903
0 0.443961 0.754312 0.855749 0.441108
0 0.641007 0.756645 0.716102 0.477529
0 0.878471 0.588828 0.243057 0.172949
0 0.868591 0.466862 0.12806 0.209921
0 0.307514 0.750307 0.611172 0.429969
0 0.459684 0.513274 0.049902 0.0665808
0 0.865334 0.556898 0.143896 0.162798
0 0.553876 0.0221389 0.892248 0.0442779
0 0.177664 0.748891 0.353527 0.442819
0 0.46127 0.458828 0.0496613 0.175148
3 0.929524 0.21683 0.0187988 0.0589606
4 0.641007 0.756645 0.716102 0.477529
0 0.392782 0.0230681 0.785564 0.0461363
4 0.764087 0.752486 0.471826 0.492345
3 0.932893 0.515863 0.132417 0.732742
3 0.474771 0.464105 0.546368 0.928209
3 0.322555 0.5 0.529368 1
0 0.672827 0.0271516 0.654345 0.0543033
4 0.879562 0.593379 0.180933 0.181903
0 0.434664 0.758291 0.520076 0.45205
3 0.143329 0.465088 0.28395 0.902725
3 0.763496 0.751301 0.473009 0.497399
3 0.570497 0.5 0.784854 1
4 0.861255 0.540208 0.139362 0.0939019
3 0.165526 0.243013 0.327258 0.480001
3 0.766618 0.251212 0.466765 0.502424
3 0.876802 0.425786 0.127054 0.315584
0 0.493834 0.166993 0.936683 0.333986
3 0.950362 0.384909 0.0992756 0.727021
0 0.876802 0.425786 0.127054 0.315584
3 0.859535 0.748485 0.280929 0.50303
3 0.912857 0.769593 0.174287 0.455582
3 0.934635 0.780729 0.130731 0.438542
3 0.148096 0.823066 0.294073 0.353868
3 0.601873 0.754069 0.78741 0.491861
0 0.831649 0.761317 0.336702 0.477367
0 0.481475 0.515059 0.091213 0.108268
3 0.724262 0.46058 0.463873 0.91989
3 0.849997 0.748452 0.300005 0.491428
3 0.852216 0.422446 0.169943 0.432225
3 0.346808 0.768478 0.663616 0.463044
3 0.211834 0.807681 0.411284 0.384638
3 0.881035 0.663797 0.23793 0.382295
3 0.861255 0.540208 0.139362 0.0939019
0 0.0709697 0.795732 0.141939 0.396156
3 0.279763 0.222627 0.54335 0.445254
4 0.868591 0.466862 0.12806 0.209921
3 0.438368 0.774374 0.419567 0.451251
0 0.210884 0.120218 0.421769 0.240437
3 0.728127 0.0398141 0.543746 0.0796281
3 0.727682 0.756107 0.544636 0.481276
3 0.934932 0.341176 0.130136 0.547382
3 0.952057 0.261142 0.0958864 0.506336
1 0.878471 0.588828 0.243057 0.172949
0 0.881035 0.663797 0.23793 0.382295
3 0.257752 0.383653 0.070153 0.140118
3 0.548133 0.744433 0.901636 0.511133
3 0.147651 0.781813 0.293801 0.433787
0 0.297649 0.0421567 0.595299 0.0843134
4 0.459684 0.513274 0.049902 0.0665808
3 0.439361 0.752296 0.67128 0.495408
3 0.15144 0.507955 0.302487 0.533886
4 0.46127 0.458828 0.0496613 0.175148
3 0.130953 0.345514 0.261906 0.678566
0 0.630847 0.206108 0.738305 0.412215
3 0.66181 0.286933 0.67638 0.573866
3 0.961028 0.286835 0.0779436 0.5576
1 0.879562 0.593379 0.180933 0.181903
4 0.428994 0.755419 0.743783 0.449684
3 0.808568 0.310617 0.366945 0.591633
0 0.852216 0.422446 0.169943 0.432225
0 0.390758 0.662402 0.330002 0.375187
3 0.244998 0.328535 0.460706 0.657071
0 0.769015 0.0419627 0.461971 0.0839254
3 0.93064 0.568661 0.138719 0.488602
3 0.306437 0.418516 0.363889 0.806791
4 0.912922 0.760211 0.174156 0.479578
4 0.636209 0.0179022 0.727581 0.0358044
0 0.018278 0.633869 0.0365559 0.710418
3 0.288926 0.76018 0.572694 0.434211
4 0.559407 0.160402 0.8398 0.320803
3 0.544217 0.27382 0.725826 0.547641
3 0.210884 0.120218 0.421769 0.240437
4 0.332075 0.776577 0.663863 0.446845
3 0.390758 0.662402 0.330002 0.375187
3 0.636209 0.0179022 0.727581 0.0358044
0 0.21118 0.238528 0.41294 0.476111
3 0.434664 0.758291 0.520076 0.45205
3 0.46127 0.458828 0.0496613 0.175148
3 0.868591 0.466862 0.12806 0.209921
0 0.601712 0.659695 0.582087 0.33944
4 0.491656 0.74857 0.769009 0.502859
4 0.438368 0.774374 0.419567 0.451251
3 0.316315 0.284191 0.56072 0.568382
0 0.66181 0.286933 0.67638 0.573866
4 0.523013 0.0229506 0.930413 0.0459013
0 0.725083 0.680133 0.515104 0.638572
2 0.868591 0.466862 0.12806 0.209921
3 0.490435 0.0203363 0.948292 0.0406726
0 0.933444 0.7695 0.133111 0.461
4 0.934635 0.780729 0.130731 0.438542
1 0.636999 0.751486 0.725081 0.478945
3 0.80291 0.198698 0.39418 0.397396
4 0.578206 0.300505 0.733118 0.601009
0 0.0253539 0.785631 0.0507078 0.428739
0 0.101112 0.793811 0.202225 0.412377
3 0.291988 0.688002 0.397738 0.55132
3 0.17279 0.731451 0.342907 0.445018
0 0.393181 0.704894 0.77165 0.590212
0 0.020299 0.726628 0.040598 0.546744
3 0.862333 0.566385 0.142838 0.430773
3 0.523501 0.566392 0.363889 0.747501
0 0.862333 0.566385 0.142838 0.430773
3 0.903337 0.560536 0.18542 0.415114
3 0.348857 0.0259566 0.696964 0.0519132
3 0.0297574 0.289482 0.0595148 0.578963
3 0.0243547 0.76884 0.0487094 0.46232
4 0.831649 0.761317 0.336702 0.477367
4 0.859535 0.748485 0.280929 0.50303
4 0.242059 0.765007 0.475881 0.458732
3 0.320977 0.603566 0.630152 0.792868
4 0.0816549 0.77858 0.16301 0.427747
4 0.211834 0.807681 0.411284 0.384638
4 0.148096 0.823066 0.294073 0.353868
4 0.878471 0.588828 0.243057 0.172949
4 0.630847 0.206108 0.738305 0.412215
0 0.257752 0.383653 0.070153 0.140118
3 0.27264 0.535011 0.372354 0.874983
0 0.961028 0.286835 0.0779436 0.5576
0 0.254874 0.0824002 0.509747 0.1648
4 0.688401 0.0341535 0.623197 0.0683069
3 0.253879 0.478256 0.0812394 0.323261
0 0.932893 0.515863 0.132417 0.732742
3 0.297649 0.0421567 0.595299 0.0843134
3 0.630847 0.206108 0.738305 0.412215
4 0.545214 0.235995 0.822129 0.471989
0 0.505095 0.244752 0.638709 0.489505
3 0.018278 0.633869 0.0365559 0.710418
3 0.112219 0.257423 0.224437 0.514845
4 0.147651 0.781813 0.293801 0.433787
3 0.0272351 0.465924 0.0544701 0.844502
3 0.478846 0.487373 0.0895443 0.22457
4 0.688848 0.278374 0.622304 0.556749
3 0.394054 0.20994 0.659767 0.419881
4 0.950362 0.384909 0.0992756 0.727021
0 0.619988 0.705722 0.501752 0.559296
4 0.570497 0.5 0.784854 1
3 0.0303425 0.787692 0.0606849 0.424616
0 0.291988 0.688002 0.397738 0.55132
3 0.020299 0.726628 0.040598 0.546744
0 0.148096 0.823066 0.294073 0.353868
3 0.459684 0.513274 0.049902 0.0665808
4 0.693973 0.754921 0.612054 0.490158
0 0.376505 0.523631 0.748588 0.952737
3 0.878471 0.588828 0.243057 0.172949
0 0.381281 0.284907 0.562469 0.569814
4 0.4508 0.195886 0.9016 0.391772
4 0.0303425 0.787692 0.0606849 0.424616
1 0.868591 0.466862 0.12806 0.209921
0 0.0303425 0.787692 0.0606849 0.424616
3 0.601712 0.659695 0.582087 0.33944
0 0.0183113 0.524828 0.0366226 0.841547
4 0.101112 0.793811 0.202225 0.412377
4 0.371805 0.757285 0.517476 0.445497
1 0.861255 0.540208 0.139362 0.0939019
0 0.950362 0.384909 0.0992756 0.727021
3 0.0786285 0.497375 0.157257 0.894638
4 0.601712 0.659695 0.582087 0.33944
3 0.0816549 0.77858 0.16301 0.427747
4 0.769015 0.0419627 0.461971 0.0839254
3 0.101112 0.793811 0.202225 0.412377
0 0.442229 0.203586 0.584185 0.407172
3 0.203746 0.511555 0.403254 0.97689
0 0.253879 0.478256 0.0812394 0.323261
0 0.926811 0.632401 0.146379 0.458738
3 0.393181 0.704894 0.77165 0.590212
4 0.21118 0.238528 0.41294 0.476111
1 0.831649 0.761317 0.336702 0.477367
4 0.0253539 0.785631 0.0507078 0.428739
4 0.932893 0.515863 0.132417 0.732742
3 0.169629 0.160071 0.339258 0.320143
4 0.876802 0.425786 0.127054 0.315584
0 0.478846 0.487373 0.0895443 0.22457
0 0.438368 0.774374 0.419567 0.451251
3 0.061729 0.732037 0.123458 0.498554
4 0.492146 0.201083 0.649094 0.402166
4 0.210884 0.120218 0.421769 0.240437
3 0.0183113 0.524828 0.0366226 0.841547
3 0.119484 0.232929 0.238967 0.444646
4 0.967462 0.245081 0.0650757 0.462943
0 0.80291 0.198698 0.39418 0.397396
3 0.900441 0.699317 0.199117 0.579093
4 0.018278 0.633869 0.0365559 0.710418
4 0.80291 0.198698 0.39418 0.397396
0 0.474771 0.464105 0.546368 0.928209
4 0.381281 0.284907 0.562469 0.569814
4 0.168927 0.358476 0.332433 0.716952
4 0.881035 0.663797 0.23793 0.382295
0 0.693973 0.754921 0.612054 0.490158
1 0.74667 0.754005 0.506661 0.482158
0 0.952057 0.261142 0.0958864 0.506336
0 0.630324 0.5 0.720503 1
3 0.254874 0.0824002 0.509747 0.1648
4 0.766618 0.251212 0.466765 0.502424
4 0.393181 0.704894 0.77165 0.590212
0 0.296719 0.807784 0.577084 0.384432
0 0.840151 0.284258 0.0119884 0.0442486
0 0.112219 0.257423 0.224437 0.514845
3 0.246838 0.181643 0.493676 0.363286
4 0.348857 0.0259566 0.696964 0.0519132
0 0.31069 0.220897 0.613467 0.441795
4 0.286694 0.479442 0.421667 0.951935
0 0.439361 0.752296 0.67128 0.495408
4 0.926811 0.632401 0.146379 0.458738
0 0.759503 0.313387 0.471156 0.622159
3 0.619988 0.705722 0.501752 0.559296
2 0.393181 0.704894 0.77165 0.590212
4 0.409567 0.447609 0.466507 0.895218
4 0.481475 0.515059 0.091213 0.108268
0 0.934635 0.780729 0.130731 0.438542
3 0.417624 0.186988 0.828526 0.373977
4 0.318404 0.215966 0.614078 0.431931
0 0.27264 0.535011 0.372354 0.874983
4 0.020299 0.726628 0.040598 0.546744
0 0.140316 0.228744 0.279038 0.43912
4 0.254874 0.0824002 0.509747 0.1648
3 0.559407 0.160402 0.8398 0.320803
3 0.0939904 0.347982 0.187981 0.647513
2 0.772143 0.724178 0.442174 0.445204
4 0.257752 0.383653 0.070153 0.140118
2 0.267351 0.755076 0.523574 0.45142
0 0.859535 0.748485 0.280929 0.50303
4 0.297649 0.0421567 0.595299 0.0843134
3 0.1373 0.1461 0.2746 0.288051
4 0.390758 0.662402 0.330002 0.375187
2 0.961028 0.286835 0.0779436 0.5576
4 0.0253797 0.502383 0.0507595 0.88032
4 0.29398 0.5 0.559782 1
1 0.876802 0.425786 0.127054 0.315584
4 0.0303604 0.341195 0.0607208 0.682389
3 0.0618319 0.579221 0.123664 0.841558
4 0.376505 0.523631 0.748588 0.952737
4 0.952057 0.261142 0.0958864 0.506336
1 0.459684 0.513274 0.049902 0.0665808
0 0.0272351 0.465924 0.0544701 0.844502
4 0.291988 0.688002 0.397738 0.55132
4 0.112219 0.257423 0.224437 0.514845
4 0.478846 0.487373 0.0895443 0.22457
0 0.934932 0.341176 0.130136 0.547382
2 0.900441 0.699317 0.199117 0.579093
3 0.865334 0.556898 0.143896 0.162798
4 0.1373 0.1461 0.2746 0.288051
4 0.685335 0.5 0.579813 1
4 0.119484 0.232929 0.238967 0.444646
0 0.0297574 0.289482 0.0595148 0.578963
4 0.852216 0.422446 0.169943 0.432225
3 0.481475 0.515059 0.091213 0.108268
4 0.061729 0.732037 0.123458 0.498554
0 0.245657 0.620925 0.482595 0.75815
2 0.46127 0.458828 0.0496613 0.175148
2 0.861255 0.540208 0.139362 0.0939019
1 0.390758 0.662402 0.330002 0.375187
4 0.244998 0.328535 0.460706 0.657071
4 0.619988 0.705722 0.501752 0.559296
4 0.246838 0.181643 0.493676 0.363286
2 0.27264 0.535011 0.372354 0.874983
1 0.852216 0.422446 0.169943 0.432225
4 0.169629 0.160071 0.339258 0.320143
0 0.15144 0.507955 0.302487 0.533886
0 0.211834 0.807681 0.411284 0.384638
4 0.15144 0.507955 0.302487 0.533886
0 0.29398 0.5 0.559782 1
1 0.216922 0.73087 0.426491 0.433179
4 0.934932 0.341176 0.130136 0.547382
2 0.459684 0.513274 0.049902 0.0665808
4 0.903337 0.560536 0.18542 0.415114
4 0.865334 0.556898 0.143896 0.162798
1 0.933444 0.7695 0.133111 0.461
4 0.862333 0.566385 0.142838 0.430773
0 0.061729 0.732037 0.123458 0.498554
4 0.725083 0.680133 0.515104 0.638572
2 0.478846 0.487373 0.0895443 0.22457
0 0.1373 0.1461 0.2746 0.288051
2 0.253879 0.478256 0.0812394 0.323261
1 0.46127 0.458828 0.0496613 0.175148
4 0.0939904 0.347982 0.187981 0.647513
0 0.306437 0.418516 0.363889 0.806791
2 0.21118 0.238528 0.41294 0.476111
4 0.523501 0.566392 0.363889 0.747501
2 0.481475 0.515059 0.091213 0.108268
2 0.148096 0.823066 0.294073 0.353868
2 0.31069 0.220897 0.613467 0.441795
0 0.903337 0.560536 0.18542 0.415114
1 0.376505 0.523631 0.748588 0.952737
0 0.244998 0.328535 0.460706 0.657071
2 0.950362 0.384909 0.0992756 0.727021
