0 0.573231 0.594595 0.118601 0.14739
0 0.819817 0.76187 0.360367 0.463172
0 0.573888 0.560795 0.114847 0.207853
1 0.57181 0.596394 0.115255 0.144806
2 0.57181 0.596394 0.115255 0.144806
1 0.573888 0.560795 0.114847 0.207853
0 0.579911 0.522957 0.118411 0.369617
2 0.573888 0.560795 0.114847 0.207853
0 0.484449 0.725848 0.362459 0.435531
0 0.596213 0.579452 0.157176 0.228474
1 0.819817 0.76187 0.360367 0.463172
4 0.57181 0.596394 0.115255 0.144806
0 0.705854 0.60737 0.383416 0.164272
0 0.552693 0.635424 0.158321 0.23238
0 0.452144 0.747354 0.591242 0.500438
4 0.709172 0.756662 0.54917 0.462535
0 0.506325 0.735913 0.244335 0.510012
4 0.573888 0.560795 0.114847 0.207853
0 0.658397 0.736494 0.295598 0.427048
0 0.323446 0.772041 0.627905 0.435474
3 0.448365 0.457706 0.328831 0.728871
3 0.552693 0.635424 0.158321 0.23238
0 0.0731136 0.797843 0.145697 0.396157
4 0.65918 0.760367 0.381743 0.453024
0 0.738883 0.7466 0.415691 0.447461
3 0.498088 0.340265 0.364062 0.68053
0 0.605687 0.57093 0.177921 0.470002
3 0.804677 0.497535 0.390645 0.971869
3 0.426595 0.354629 0.369696 0.709258
4 0.819817 0.76187 0.360367 0.463172
0 0.170473 0.773374 0.338654 0.434215
2 0.484449 0.725848 0.362459 0.435531
3 0.362071 0.361887 0.353662 0.723774
4 0.484449 0.725848 0.362459 0.435531
3 0.378449 0.505951 0.323257 0.988099
3 0.831295 0.687273 0.337409 0.625416
3 0.235952 0.509581 0.375387 0.980837
3 0.813347 0.772488 0.371851 0.44153
3 0.232753 0.776647 0.461421 0.446706
3 0.302306 0.286969 0.324421 0.561881
3 0.585313 0.340928 0.297547 0.681856
3 0.523192 0.429393 0.247392 0.486214
3 0.867646 0.554497 0.264708 0.891006
3 0.94319 0.795507 0.11362 0.408987
3 0.546867 0.707732 0.196401 0.509774
3 0.410421 0.770154 0.439385 0.459691
3 0.640194 0.75283 0.331427 0.494341
3 0.298598 0.507833 0.323074 0.984333
3 0.561112 0.353591 0.419872 0.707181
0 0.943053 0.780076 0.113893 0.439848
3 0.948173 0.595894 0.103654 0.445785
3 0.510911 0.749077 0.546428 0.501847
3 0.305753 0.593638 0.427129 0.78814
3 0.707848 0.764665 0.401378 0.470671
3 0.155566 0.786649 0.299005 0.426702
3 0.650411 0.477394 0.307258 0.749991
3 0.258512 0.503133 0.503591 0.957656
3 0.158976 0.322652 0.31741 0.643989
3 0.506325 0.735913 0.244335 0.510012
3 0.433929 0.651605 0.233012 0.684932
3 0.753005 0.452101 0.402537 0.863141
3 0.186009 0.514575 0.372018 0.883247
3 0.649411 0.6422 0.286118 0.69774
3 0.667451 0.277165 0.639336 0.55433
3 0.285176 0.383066 0.313408 0.766133
3 0.94292 0.77807 0.11416 0.44386
4 0.464261 0.758808 0.634326 0.462941
3 0.936719 0.56447 0.126562 0.605561
3 0.49873 0.623347 0.323234 0.663323
3 0.838554 0.304463 0.322893 0.59108
3 0.723698 0.230789 0.552604 0.458867
1 0.579911 0.522957 0.118411 0.369617
3 0.833859 0.151246 0.332281 0.298239
3 0.152247 0.544344 0.302126 0.911312
3 0.0846383 0.357623 0.169277 0.626978
3 0.644791 0.351661 0.372746 0.701043
3 0.796133 0.120949 0.407734 0.241898
3 0.29686 0.774978 0.426276 0.450044
3 0.643168 0.0655914 0.713663 0.131183
3 0.12979 0.564564 0.256062 0.870873
3 0.372133 0.709928 0.350106 0.575517
3 0.944615 0.701919 0.110769 0.541469
4 0.658397 0.736494 0.295598 0.427048
3 0.941586 0.288428 0.116827 0.497018
3 0.22127 0.200696 0.442539 0.401392
3 0.108721 0.738492 0.216973 0.46495
3 0.737656 0.762603 0.520912 0.449546
3 0.85482 0.766673 0.29036 0.466654
3 0.579911 0.522957 0.118411 0.369617
3 0.918053 0.77775 0.163894 0.444499
3 0.102373 0.123028 0.204746 0.246057
3 0.65918 0.760367 0.381743 0.453024
3 0.283304 0.74736 0.558483 0.471261
0 0.12397 0.788279 0.246174 0.418248
0 0.102373 0.123028 0.204746 0.246057
4 0.579911 0.522957 0.118411 0.369617
3 0.761212 0.335883 0.4598 0.667124
3 0.210977 0.39848 0.35772 0.79696
3 0.482719 0.0256355 0.720901 0.0512711
3 0.155231 0.245217 0.310463 0.490435
3 0.599309 0.438025 0.188058 0.480814
0 0.85482 0.766673 0.29036 0.466654
3 0.468553 0.224159 0.641654 0.448318
0 0.0954754 0.786689 0.190951 0.426622
3 0.849252 0.412716 0.301497 0.817442
3 0.67366 0.126363 0.65268 0.252725
3 0.113294 0.284162 0.226589 0.568324
3 0.705854 0.60737 0.383416 0.164272
0 0.0179188 0.723645 0.0358376 0.550863
0 0.465047 0.0260089 0.773081 0.0520178
4 0.94319 0.795507 0.11362 0.408987
3 0.241274 0.0972681 0.482548 0.194536
3 0.0783877 0.461329 0.156775 0.675133
3 0.452144 0.747354 0.591242 0.500438
3 0.946118 0.189064 0.107764 0.35793
3 0.602032 0.0356525 0.743258 0.0713049
3 0.892763 0.148788 0.214473 0.297576
0 0.0162513 0.644451 0.0325027 0.681123
0 0.290122 0.0745529 0.580245 0.149106
4 0.232753 0.776647 0.461421 0.446706
0 0.918053 0.77775 0.163894 0.444499
0 0.546867 0.707732 0.196401 0.509774
0 0.832306 0.199142 0.335388 0.388902
4 0.85482 0.766673 0.29036 0.466654
0 0.559738 0.0317739 0.761996 0.0635478
3 0.574928 0.230636 0.585128 0.461273
3 0.708658 0.175458 0.582683 0.350916
0 0.415418 0.0389564 0.830836 0.0779127
0 0.343045 0.0501248 0.686089 0.10025
3 0.806157 0.224628 0.387685 0.441957
2 0.802 0.752534 0.395999 0.469689
3 0.038038 0.408678 0.0760761 0.669594
0 0.241274 0.0972681 0.482548 0.194536
0 0.94319 0.795507 0.11362 0.408987
3 0.862998 0.0934808 0.274004 0.186962
4 0.94292 0.77807 0.11416 0.44386
3 0.0246841 0.770827 0.0493683 0.458346
3 0.19215 0.734463 0.378648 0.474696
3 0.0266167 0.481579 0.0532334 0.783913
3 0.290122 0.0745529 0.580245 0.149106
2 0.705854 0.60737 0.383416 0.164272
2 0.658397 0.736494 0.295598 0.427048
3 0.202719 0.118678 0.405438 0.237356
3 0.740031 0.597537 0.465751 0.782396
0 0.862998 0.0934808 0.274004 0.186962
4 0.510911 0.749077 0.546428 0.501847
4 0.0337821 0.796995 0.0675643 0.406009
3 0.343045 0.0501248 0.686089 0.10025
3 0.0151301 0.58992 0.0302602 0.742016
3 0.605687 0.57093 0.177921 0.470002
3 0.0317895 0.280309 0.0635789 0.560619
3 0.122004 0.375193 0.244008 0.591615
0 0.0303784 0.795442 0.0607568 0.409117
3 0.032158 0.222482 0.064316 0.444964
4 0.29686 0.774978 0.426276 0.450044
2 0.467724 0.762948 0.644315 0.454256
4 0.607218 0.744471 0.382323 0.511058
0 0.202719 0.118678 0.405438 0.237356
4 0.707848 0.764665 0.401378 0.470671
0 0.599309 0.438025 0.188058 0.480814
4 0.12649 0.799226 0.249501 0.401549
3 0.383496 0.20265 0.559627 0.4053
3 0.0337821 0.796995 0.0675643 0.406009
0 0.607218 0.744471 0.382323 0.511058
4 0.482719 0.0256355 0.720901 0.0512711
4 0.410421 0.770154 0.439385 0.459691
4 0.329268 0.765566 0.645566 0.462818
0 0.523192 0.429393 0.247392 0.486214
4 0.523192 0.429393 0.247392 0.486214
3 0.415418 0.0389564 0.830836 0.0779127
3 0.0179188 0.723645 0.0358376 0.550863
0 0.29686 0.774978 0.426276 0.450044
0 0.848217 0.274985 0.303566 0.536331
0 0.0337821 0.796995 0.0675643 0.406009
0 0.23124 0.744174 0.45313 0.455157
0 0.892763 0.148788 0.214473 0.297576
0 0.525224 0.261788 0.566105 0.523575
0 0.946118 0.189064 0.107764 0.35793
0 0.936719 0.56447 0.126562 0.605561
0 0.941586 0.288428 0.116827 0.497018
3 0.65188 0.719992 0.262185 0.512084
4 0.0773216 0.791738 0.153822 0.403627
4 0.944615 0.701919 0.110769 0.541469
0 0.796133 0.120949 0.407734 0.241898
4 0.918053 0.77775 0.163894 0.444499
0 0.643168 0.0655914 0.713663 0.131183
4 0.243163 0.193173 0.467365 0.384831
0 0.75103 0.166969 0.49794 0.333938
0 0.0180214 0.515707 0.0360429 0.784748
3 0.0954754 0.786689 0.190951 0.426622
0 0.751903 0.701679 0.496195 0.588402
0 0.0393511 0.333384 0.0787023 0.536022
4 0.102373 0.123028 0.204746 0.246057
3 0.0661079 0.545472 0.132216 0.783628
4 0.038038 0.408678 0.0760761 0.669594
3 0.0773216 0.791738 0.153822 0.403627
0 0.355129 0.303319 0.387643 0.606637
4 0.605687 0.57093 0.177921 0.470002
4 0.0266167 0.481579 0.0532334 0.783913
4 0.0303784 0.795442 0.0607568 0.409117
3 0.0585422 0.766513 0.117084 0.445166
0 0.372133 0.709928 0.350106 0.575517
4 0.438834 0.221831 0.622569 0.443662
0 0.510911 0.749077 0.546428 0.501847
4 0.559738 0.0317739 0.761996 0.0635478
4 0.93264 0.485341 0.13472 0.702819
0 0.032158 0.222482 0.064316 0.444964
4 0.355129 0.303319 0.387643 0.606637
4 0.596213 0.579452 0.157176 0.228474
0 0.944615 0.701919 0.110769 0.541469
4 0.0151301 0.58992 0.0302602 0.742016
4 0.032158 0.222482 0.064316 0.444964
0 0.0266167 0.481579 0.0532334 0.783913
4 0.525224 0.261788 0.566105 0.523575
4 0.0317895 0.280309 0.0635789 0.560619
1 0.484449 0.725848 0.362459 0.435531
0 0.0526867 0.721596 0.105373 0.440179
2 0.505516 0.728447 0.209741 0.542542
4 0.941586 0.288428 0.116827 0.497018
0 0.707848 0.764665 0.401378 0.470671
4 0.862998 0.0934808 0.274004 0.186962
0 0.67366 0.126363 0.65268 0.252725
4 0.948173 0.595894 0.103654 0.445785
4 0.159274 0.782407 0.313246 0.42787
4 0.806157 0.224628 0.387685 0.441957
0 0.49873 0.623347 0.323234 0.663323
4 0.415418 0.0389564 0.830836 0.0779127
0 0.410421 0.770154 0.439385 0.459691
0 0.0317895 0.280309 0.0635789 0.560619
0 0.0738518 0.371153 0.147704 0.487956
1 0.159274 0.782407 0.313246 0.42787
4 0.708658 0.175458 0.582683 0.350916
4 0.0179188 0.723645 0.0358376 0.550863
2 0.343737 0.736314 0.632931 0.508716
4 0.615711 0.358965 0.36537 0.71793
0 0.615711 0.358965 0.36537 0.71793
0 0.433929 0.651605 0.233012 0.684932
4 0.343045 0.0501248 0.686089 0.10025
4 0.599309 0.438025 0.188058 0.480814
4 0.427818 0.348319 0.434144 0.696638
1 0.506325 0.735913 0.244335 0.510012
0 0.948173 0.595894 0.103654 0.445785
0 0.65918 0.760367 0.381743 0.453024
4 0.804677 0.497535 0.390645 0.971869
4 0.448365 0.457706 0.328831 0.728871
4 0.892763 0.148788 0.214473 0.297576
4 0.796133 0.120949 0.407734 0.241898
4 0.667451 0.277165 0.639336 0.55433
4 0.946118 0.189064 0.107764 0.35793
2 0.814409 0.504889 0.371181 0.971923
3 0.0738518 0.371153 0.147704 0.487956
4 0.202719 0.118678 0.405438 0.237356
4 0.761212 0.335883 0.4598 0.667124
0 0.867646 0.554497 0.264708 0.891006
4 0.85286 0.535767 0.29428 0.928467
4 0.302306 0.286969 0.324421 0.561881
4 0.67366 0.126363 0.65268 0.252725
4 0.848217 0.274985 0.303566 0.536331
2 0.26176 0.770189 0.510405 0.444882
4 0.0526867 0.721596 0.105373 0.440179
4 0.187841 0.212716 0.375681 0.425432
2 0.605687 0.57093 0.177921 0.470002
4 0.506325 0.735913 0.244335 0.510012
0 0.383496 0.20265 0.559627 0.4053
4 0.723698 0.230789 0.552604 0.458867
4 0.643168 0.0655914 0.713663 0.131183
4 0.372133 0.709928 0.350106 0.575517
1 0.738883 0.7466 0.415691 0.447461
4 0.19215 0.734463 0.378648 0.474696
2 0.576273 0.541537 0.118616 0.417556
3 0.484449 0.725848 0.362459 0.435531
1 0.431571 0.762453 0.699732 0.450609
0 0.187841 0.212716 0.375681 0.425432
0 0.814409 0.504889 0.371181 0.971923
4 0.241274 0.0972681 0.482548 0.194536
0 0.131422 0.332845 0.262845 0.651995
4 0.505387 0.358606 0.4554 0.717212
1 0.599309 0.438025 0.188058 0.480814
0 0.761212 0.335883 0.4598 0.667124
2 0.187841 0.212716 0.375681 0.425432
4 0.833859 0.151246 0.332281 0.298239
0 0.305753 0.593638 0.427129 0.78814
4 0.753005 0.452101 0.402537 0.863141
1 0.705854 0.60737 0.383416 0.164272
4 0.290122 0.0745529 0.580245 0.149106
4 0.152173 0.536071 0.304347 0.86583
1 0.635001 0.760345 0.342549 0.465687
0 0.448365 0.457706 0.328831 0.728871
0 0.0783877 0.461329 0.156775 0.675133
2 0.158976 0.322652 0.31741 0.643989
4 0.108721 0.738492 0.216973 0.46495
4 0.705854 0.60737 0.383416 0.164272
2 0.433929 0.651605 0.233012 0.684932
2 0.152247 0.544344 0.302126 0.911312
0 0.0878362 0.282772 0.175672 0.565544
4 0.0761902 0.367009 0.15238 0.567647
2 0.372133 0.709928 0.350106 0.575517
4 0.0878362 0.282772 0.175672 0.565544
3 0.596213 0.579452 0.157176 0.228474
4 0.19172 0.519454 0.38344 0.961091
0 0.573233 0.594591 0.118578 0.147394
0 0.819843 0.761915 0.360314 0.463063
0 0.573894 0.560855 0.114865 0.207736
1 0.571813 0.596391 0.11527 0.144804
2 0.571813 0.596391 0.11527 0.144804
1 0.573894 0.560855 0.114865 0.207736
2 0.573894 0.560855 0.114865 0.207736
0 0.579931 0.523095 0.118433 0.369743
0 0.484455 0.725853 0.361881 0.435433
0 0.596217 0.57944 0.157142 0.228273
1 0.819843 0.761915 0.360314 0.463063
4 0.571813 0.596391 0.11527 0.144804
0 0.706634 0.607305 0.38495 0.16422
0 0.552721 0.635243 0.158255 0.232033
0 0.452176 0.747421 0.590099 0.500441
4 0.709269 0.756677 0.549672 0.462458
4 0.573894 0.560855 0.114865 0.207736
0 0.506264 0.735959 0.244717 0.510032
0 0.658551 0.736317 0.295788 0.42652
0 0.323256 0.772269 0.627329 0.435034
3 0.448546 0.458472 0.328204 0.726134
3 0.552721 0.635243 0.158255 0.232033
0 0.0733162 0.797951 0.146109 0.395985
4 0.661512 0.760379 0.386174 0.453006
3 0.498207 0.340239 0.363359 0.680479
0 0.738771 0.746547 0.41549 0.447328
3 0.804738 0.49778 0.390524 0.971533
3 0.426692 0.35461 0.369177 0.70922
4 0.819843 0.761915 0.360314 0.463063
0 0.605697 0.570968 0.177918 0.469907
3 0.362216 0.362055 0.353575 0.724109
2 0.484455 0.725853 0.361881 0.435433
4 0.484455 0.725853 0.361881 0.435433
0 0.170351 0.773342 0.338421 0.434268
3 0.378742 0.506031 0.322731 0.987937
3 0.831613 0.687321 0.336774 0.625359
3 0.236037 0.509606 0.374821 0.980788
3 0.813402 0.772501 0.371739 0.441565
3 0.232837 0.776758 0.461573 0.446484
3 0.302163 0.287921 0.32438 0.563801
3 0.58545 0.340923 0.297106 0.681846
3 0.523425 0.430516 0.24661 0.483899
3 0.868247 0.554968 0.263506 0.890063
3 0.94321 0.795588 0.113581 0.408824
3 0.546961 0.707648 0.196202 0.509369
3 0.410127 0.770201 0.43863 0.459598
3 0.640281 0.752878 0.331022 0.494244
3 0.298442 0.507887 0.322965 0.984226
3 0.561541 0.353571 0.419042 0.707142
3 0.948238 0.595713 0.103523 0.445096
3 0.511302 0.749102 0.545193 0.501796
3 0.306105 0.596203 0.42595 0.783217
0 0.943061 0.780122 0.113877 0.439756
3 0.708436 0.764637 0.402302 0.470725
3 0.155527 0.78689 0.299011 0.426219
3 0.65032 0.477699 0.306863 0.749698
3 0.258386 0.503594 0.503117 0.956977
3 0.506264 0.735959 0.244717 0.510032
3 0.158888 0.323261 0.317186 0.645159
3 0.434214 0.652159 0.232154 0.683643
3 0.752954 0.451501 0.401178 0.861517
3 0.185985 0.514409 0.371969 0.883404
3 0.649254 0.642694 0.285726 0.696844
3 0.667809 0.278187 0.638724 0.556374
3 0.284927 0.38337 0.313146 0.766739
3 0.942891 0.778081 0.114218 0.443839
4 0.464475 0.758834 0.633738 0.462933
3 0.936772 0.564374 0.126456 0.604286
3 0.498752 0.623674 0.322738 0.662538
3 0.839341 0.304313 0.321318 0.590769
3 0.724296 0.23098 0.551408 0.459215
1 0.579931 0.523095 0.118433 0.369743
3 0.834122 0.151062 0.331757 0.29776
3 0.152329 0.544244 0.302193 0.911511
3 0.0846482 0.357413 0.169296 0.627376
3 0.64516 0.351728 0.371558 0.701072
3 0.796427 0.121112 0.407146 0.242223
3 0.29688 0.775044 0.426665 0.449913
3 0.6434 0.0659827 0.713201 0.131965
3 0.129843 0.564492 0.256182 0.871016
3 0.372322 0.71032 0.349147 0.574852
3 0.944618 0.701925 0.110765 0.54155
3 0.941712 0.288281 0.116576 0.496563
4 0.658551 0.736317 0.295788 0.42652
3 0.221119 0.200983 0.442238 0.401967
3 0.108987 0.738722 0.217512 0.464046
3 0.737599 0.762621 0.521016 0.449504
3 0.918102 0.777796 0.163795 0.444409
3 0.579931 0.523095 0.118433 0.369743
3 0.854805 0.76668 0.29039 0.466639
3 0.10191 0.123073 0.203819 0.246146
3 0.283228 0.747312 0.558348 0.471457
3 0.210929 0.398778 0.357108 0.797557
4 0.579931 0.523095 0.118433 0.369743
3 0.761831 0.335625 0.458466 0.666518
3 0.482175 0.0257378 0.719741 0.0514757
3 0.155085 0.24522 0.310171 0.49044
0 0.123913 0.788518 0.246073 0.417824
0 0.10191 0.123073 0.203819 0.246146
3 0.59929 0.438787 0.187796 0.479237
3 0.46858 0.225409 0.64163 0.450818
3 0.849312 0.41212 0.301376 0.816296
3 0.113152 0.283431 0.226304 0.566863
3 0.673927 0.127469 0.652146 0.254937
3 0.706634 0.607305 0.38495 0.16422
0 0.854805 0.76668 0.29039 0.466639
0 0.0957111 0.786738 0.191422 0.426524
4 0.94321 0.795588 0.113581 0.408824
3 0.0784364 0.462059 0.156873 0.676688
3 0.240903 0.0975433 0.481805 0.195087
3 0.452176 0.747421 0.590099 0.500441
3 0.946127 0.189217 0.107746 0.35833
3 0.602248 0.0357414 0.742958 0.0714827
3 0.892694 0.148704 0.214611 0.297407
0 0.0179391 0.723735 0.0358781 0.550714
0 0.464743 0.0261014 0.772526 0.0522028
4 0.232837 0.776758 0.461573 0.446484
4 0.854805 0.76668 0.29039 0.466639
3 0.574915 0.231506 0.583702 0.463012
3 0.708959 0.176247 0.582082 0.352495
0 0.832876 0.199136 0.334248 0.388886
0 0.546961 0.707648 0.196202 0.509369
0 0.289869 0.0750317 0.579737 0.150063
0 0.0162889 0.644612 0.0325778 0.68102
0 0.918102 0.777796 0.163795 0.444409
3 0.807626 0.22494 0.384748 0.442563
0 0.559669 0.0319115 0.761264 0.063823
2 0.801916 0.752555 0.396169 0.469677
3 0.0378856 0.408874 0.0757712 0.670885
0 0.342913 0.0503889 0.685826 0.100778
0 0.415188 0.0390448 0.830375 0.0780896
3 0.863104 0.0935755 0.273791 0.187151
3 0.0247382 0.770841 0.0494764 0.458318
4 0.942891 0.778081 0.114218 0.443839
3 0.191919 0.73502 0.378194 0.473456
3 0.0266059 0.48171 0.0532119 0.784874
0 0.240903 0.0975433 0.481805 0.195087
3 0.289869 0.0750317 0.579737 0.150063
0 0.94321 0.795588 0.113581 0.408824
2 0.706634 0.607305 0.38495 0.16422
3 0.202396 0.118826 0.404791 0.237651
2 0.658551 0.736317 0.295788 0.42652
3 0.739859 0.598862 0.465038 0.77995
4 0.511302 0.749102 0.545193 0.501796
4 0.0338856 0.796908 0.0677712 0.406185
3 0.342913 0.0503889 0.685826 0.100778
3 0.0151762 0.590295 0.0303525 0.741588
3 0.0316603 0.280169 0.0633207 0.560337
3 0.122098 0.375069 0.244197 0.593209
3 0.605697 0.570968 0.177918 0.469907
0 0.863104 0.0935755 0.273791 0.187151
3 0.0320368 0.221847 0.0640737 0.443693
4 0.29688 0.775044 0.426665 0.449913
2 0.468069 0.763001 0.643577 0.454212
4 0.607409 0.744481 0.381609 0.511039
0 0.0304681 0.795455 0.0609362 0.40909
4 0.708436 0.764637 0.402302 0.470725
4 0.126514 0.799431 0.249574 0.401137
3 0.62204 0.761672 0.359444 0.470696
3 0.383326 0.203088 0.559479 0.406176
3 0.0338856 0.796908 0.0677712 0.406185
0 0.202396 0.118826 0.404791 0.237651
0 0.59929 0.438787 0.187796 0.479237
4 0.482175 0.0257378 0.719741 0.0514757
4 0.410127 0.770201 0.43863 0.459598
4 0.329097 0.765529 0.645089 0.46302
0 0.607409 0.744481 0.381609 0.511039
4 0.523425 0.430516 0.24661 0.483899
3 0.415188 0.0390448 0.830375 0.0780896
3 0.0179391 0.723735 0.0358781 0.550714
0 0.523425 0.430516 0.24661 0.483899
0 0.29688 0.775044 0.426665 0.449913
3 0.651699 0.71997 0.261748 0.511765
0 0.848524 0.275076 0.302952 0.536571
0 0.0338856 0.796908 0.0677712 0.406185
4 0.0773722 0.791742 0.153929 0.403644
0 0.230894 0.744502 0.452469 0.454587
4 0.944618 0.701925 0.110765 0.54155
0 0.892694 0.148704 0.214611 0.297407
0 0.52536 0.262988 0.565706 0.525976
0 0.946127 0.189217 0.107746 0.35833
0 0.936772 0.564374 0.126456 0.604286
4 0.918102 0.777796 0.163795 0.444409
0 0.941712 0.288281 0.116576 0.496563
4 0.243004 0.193315 0.467642 0.385141
3 0.0957111 0.786738 0.191422 0.426524
4 0.10191 0.123073 0.203819 0.246146
3 0.0660834 0.545732 0.132167 0.782055
0 0.796427 0.121112 0.407146 0.242223
4 0.0378856 0.408874 0.0757712 0.670885
0 0.6434 0.0659827 0.713201 0.131965
3 0.0773722 0.791742 0.153929 0.403644
0 0.0180828 0.515778 0.0361656 0.784657
0 0.751364 0.167535 0.497273 0.33507
0 0.751802 0.701876 0.496396 0.588104
0 0.0391259 0.33325 0.0782518 0.536265
4 0.605697 0.570968 0.177918 0.469907
4 0.0266059 0.48171 0.0532119 0.784874
3 0.0586362 0.766538 0.117272 0.445265
4 0.0304681 0.795455 0.0609362 0.40909
4 0.438769 0.222812 0.622449 0.445625
4 0.932805 0.485095 0.13439 0.700947
4 0.559669 0.0319115 0.761264 0.063823
0 0.355308 0.304338 0.387916 0.608676
0 0.372322 0.71032 0.349147 0.574852
0 0.511302 0.749102 0.545193 0.501796
4 0.355308 0.304338 0.387916 0.608676
4 0.596217 0.57944 0.157142 0.228273
4 0.0151762 0.590295 0.0303525 0.741588
4 0.0320368 0.221847 0.0640737 0.443693
4 0.52536 0.262988 0.565706 0.525976
0 0.0320368 0.221847 0.0640737 0.443693
4 0.0316603 0.280169 0.0633207 0.560337
1 0.484455 0.725853 0.361881 0.435433
2 0.505638 0.728521 0.209324 0.542386
4 0.941712 0.288281 0.116576 0.496563
0 0.944618 0.701925 0.110765 0.54155
0 0.0266059 0.48171 0.0532119 0.784874
4 0.863104 0.0935755 0.273791 0.187151
0 0.0527655 0.721794 0.105531 0.439965
4 0.948238 0.595713 0.103523 0.445096
4 0.159097 0.782666 0.3129 0.42742
4 0.807626 0.22494 0.384748 0.442563
4 0.415188 0.0390448 0.830375 0.0780896
0 0.708436 0.764637 0.402302 0.470725
1 0.159097 0.782666 0.3129 0.42742
0 0.673927 0.127469 0.652146 0.254937
0 0.498752 0.623674 0.322738 0.662538
4 0.708959 0.176247 0.582082 0.352495
0 0.410127 0.770201 0.43863 0.459598
4 0.0179391 0.723735 0.0358781 0.550714
0 0.0316603 0.280169 0.0633207 0.560337
0 0.0737973 0.371432 0.147595 0.488446
2 0.34394 0.736403 0.631424 0.508636
4 0.616063 0.358934 0.364686 0.717869
4 0.342913 0.0503889 0.685826 0.100778
4 0.59929 0.438787 0.187796 0.479237
4 0.427846 0.34847 0.433502 0.696941
1 0.506264 0.735959 0.244717 0.510032
0 0.616063 0.358934 0.364686 0.717869
0 0.434214 0.652159 0.232154 0.683643
4 0.804738 0.49778 0.390524 0.971533
4 0.448546 0.458472 0.328204 0.726134
0 0.948238 0.595713 0.103523 0.445096
0 0.661512 0.760379 0.386174 0.453006
4 0.892694 0.148704 0.214611 0.297407
4 0.667809 0.278187 0.638724 0.556374
4 0.796427 0.121112 0.407146 0.242223
3 0.0737973 0.371432 0.147595 0.488446
4 0.946127 0.189217 0.107746 0.35833
4 0.761831 0.335625 0.458466 0.666518
2 0.814454 0.505045 0.371092 0.971729
4 0.202396 0.118826 0.404791 0.237651
4 0.852982 0.535924 0.294036 0.928151
4 0.302163 0.287921 0.32438 0.563801
4 0.848524 0.275076 0.302952 0.536571
4 0.0527655 0.721794 0.105531 0.439965
4 0.673927 0.127469 0.652146 0.254937
2 0.261739 0.770171 0.510319 0.444972
4 0.187599 0.212878 0.375198 0.425756
4 0.506264 0.735959 0.244717 0.510032
2 0.605697 0.570968 0.177918 0.469907
4 0.724296 0.23098 0.551408 0.459215
0 0.868247 0.554968 0.263506 0.890063
4 0.6434 0.0659827 0.713201 0.131965
1 0.738771 0.746547 0.41549 0.447328
4 0.372322 0.71032 0.349147 0.574852
4 0.191919 0.73502 0.378194 0.473456
0 0.383326 0.203088 0.559479 0.406176
2 0.576286 0.541708 0.118587 0.417595
3 0.484455 0.725853 0.361881 0.435433
1 0.431827 0.762509 0.69893 0.450514
4 0.240903 0.0975433 0.481805 0.195087
4 0.505595 0.358577 0.454839 0.717154
1 0.59929 0.438787 0.187796 0.479237
0 0.187599 0.212878 0.375198 0.425756
0 0.814454 0.505045 0.371092 0.971729
4 0.834122 0.151062 0.331757 0.29776
2 0.187599 0.212878 0.375198 0.425756
0 0.131513 0.332879 0.263026 0.65263
4 0.752954 0.451501 0.401178 0.861517
1 0.706634 0.607305 0.38495 0.16422
4 0.289869 0.0750317 0.579737 0.150063
4 0.152278 0.536014 0.304556 0.865404
1 0.635071 0.76036 0.342526 0.465752
0 0.761831 0.335625 0.458466 0.666518
0 0.306105 0.596203 0.42595 0.783217
2 0.158888 0.323261 0.317186 0.645159
4 0.108987 0.738722 0.217512 0.464046
4 0.706634 0.607305 0.38495 0.16422
2 0.434214 0.652159 0.232154 0.683643
2 0.152329 0.544244 0.302193 0.911511
0 0.448546 0.458472 0.328204 0.726134
4 0.076153 0.366797 0.152306 0.568037
4 0.0877056 0.281658 0.175411 0.563317
2 0.372322 0.71032 0.349147 0.574852
0 0.0784364 0.462059 0.156873 0.676688
3 0.596217 0.57944 0.157142 0.228273
4 0.191671 0.51947 0.383342 0.961059
2 0.946127 0.189217 0.107746 0.35833
