0 0.821453 0.782634 0.357093 0.412707
0 0.239898 0.746779 0.468535 0.407699
0 0.217895 0.649312 0.423936 0.203995
0 0.911691 0.506232 0.176617 0.930373
0 0.763874 0.762824 0.472253 0.447756
0 0.862825 0.437611 0.09744 0.710806
0 0.497255 0.0310424 0.94058 0.0620847
0 0.514511 0.759791 0.546395 0.465805
3 0.5679 0.504452 0.690843 0.991096
3 0.871408 0.305175 0.0817255 0.411786
0 0.388783 0.039989 0.775253 0.0799779
0 0.372435 0.76386 0.69556 0.460293
0 0.911485 0.287207 0.177031 0.533502
3 0.862825 0.437611 0.09744 0.710806
0 0.839244 0.534265 0.31096 0.887335
3 0.205076 0.387458 0.406466 0.774915
3 0.53802 0.334324 0.745087 0.662969
3 0.580309 0.761332 0.434283 0.477337
0 0.579083 0.762218 0.836696 0.454998
3 0.839244 0.534265 0.31096 0.887335
0 0.211553 0.159545 0.423107 0.31909
0 0.599166 0.294377 0.801668 0.588753
0 0.821726 0.630984 0.356547 0.708936
3 0.7209 0.504759 0.5582 0.949064
3 0.911064 0.5 0.177871 1
0 0.939079 0.800297 0.121841 0.39672
3 0.839737 0.783805 0.320527 0.43239
3 0.941292 0.80769 0.117416 0.384619
0 0.0690041 0.897439 0.137848 0.205122
3 0.461657 0.761347 0.524166 0.477306
3 0.387321 0.494355 0.717741 0.988711
0 0.73014 0.294435 0.53972 0.588871
3 0.211553 0.159545 0.423107 0.31909
3 0.821726 0.630984 0.356547 0.708936
0 0.295751 0.0532761 0.591503 0.106552
0 0.156616 0.903906 0.310871 0.192188
0 0.460925 0.259948 0.89042 0.519896
3 0.71774 0.765747 0.503845 0.468506
3 0.942196 0.755042 0.115607 0.435361
4 0.819594 0.78537 0.359708 0.41493
3 0.170113 0.224537 0.337998 0.43123
3 0.382214 0.770712 0.400942 0.458575
0 0.134424 0.667054 0.268461 0.228224
0 0.106492 0.895069 0.212984 0.209861
3 0.583653 0.108302 0.832693 0.216604
3 0.00947581 0.668387 0.0189516 0.663226
3 0.291287 0.85518 0.431558 0.28964
3 0.61686 0.295707 0.76628 0.591415
3 0.0272652 0.259045 0.0545304 0.518091
3 0.808233 0.313229 0.209249 0.491679
3 0.776866 0.316192 0.436492 0.595125
3 0.723528 0.436903 0.374784 0.803936
0 0.583653 0.108302 0.832693 0.216604
3 0.0117627 0.586726 0.0235255 0.712173
3 0.559084 0.770469 0.610992 0.459061
4 0.900826 0.522673 0.198348 0.905838
3 0.333012 0.754846 0.659452 0.469485
3 0.239729 0.894049 0.461271 0.211902
3 0.185906 0.900342 0.364239 0.199316
3 0.0237469 0.350246 0.0474938 0.700493
3 0.0891256 0.217587 0.178251 0.435175
4 0.839737 0.783805 0.320527 0.43239
3 0.744276 0.291014 0.511448 0.582029
0 0.804003 0.263868 0.391994 0.527736
4 0.511318 0.0284619 0.938351 0.0569239
3 0.712982 0.749164 0.574035 0.471457
3 0.188263 0.768737 0.374495 0.462525
3 0.93769 0.503896 0.124619 0.831887
4 0.862825 0.437611 0.09744 0.710806
3 0.00856625 0.731572 0.0171325 0.536857
3 0.878654 0.261521 0.242692 0.523043
3 0.208367 0.650933 0.41357 0.219518
3 0.0134718 0.802557 0.0269436 0.394887
3 0.761388 0.52173 0.398329 0.914782
3 0.295751 0.0532761 0.591503 0.106552
0 0.00947581 0.668387 0.0189516 0.663226
4 0.821726 0.630984 0.356547 0.708936
3 0.820878 0.793444 0.358244 0.413112
0 0.639712 0.742699 0.607058 0.488394
3 0.775177 0.197804 0.449647 0.395607
4 0.599166 0.294377 0.801668 0.588753
3 0.312294 0.418593 0.623228 0.837187
0 0.808233 0.313229 0.209249 0.491679
3 0.268956 0.322961 0.530054 0.645922
3 0.511318 0.0284619 0.938351 0.0569239
0 0.775177 0.197804 0.449647 0.395607
4 0.583653 0.108302 0.832693 0.216604
4 0.579083 0.762218 0.836696 0.454998
3 0.912408 0.293358 0.175184 0.584052
3 0.0235855 0.8441 0.047171 0.311801
4 0.941292 0.80769 0.117416 0.384619
4 0.942196 0.755042 0.115607 0.435361
0 0.268782 0.0857734 0.537564 0.171547
3 0.247273 0.87271 0.486671 0.249043
3 0.0178717 0.413052 0.0357434 0.798159
0 0.206474 0.898906 0.394592 0.202188
4 0.839244 0.534265 0.31096 0.887335
4 0.359683 0.490367 0.719366 0.980735
3 0.645264 0.306906 0.534715 0.564906
3 0.442626 0.0455611 0.876555 0.0911223
3 0.749541 0.646648 0.500919 0.6719
3 0.268782 0.0857734 0.537564 0.171547
4 0.218498 0.384095 0.433048 0.768189
0 0.0117627 0.586726 0.0235255 0.712173
0 0.941292 0.80769 0.117416 0.384619
4 0.580309 0.761332 0.434283 0.477337
4 0.486766 0.758098 0.569653 0.461722
3 0.44167 0.740292 0.65178 0.493963
3 0.203304 0.558258 0.401127 0.403258
0 0.313098 0.224545 0.626196 0.449091
4 0.156616 0.903906 0.310871 0.192188
0 0.949014 0.713986 0.101972 0.494495
0 0.483137 0.761953 0.539275 0.476094
0 0.0147857 0.47647 0.0295715 0.731221
4 0.200784 0.656871 0.399281 0.212615
0 0.40221 0.43409 0.783166 0.86818
4 0.382214 0.770712 0.400942 0.458575
4 0.291287 0.85518 0.431558 0.28964
4 0.808233 0.313229 0.209249 0.491679
4 0.442626 0.0455611 0.876555 0.0911223
4 0.316085 0.765963 0.6287 0.458025
0 0.372598 0.27431 0.695987 0.54862
4 0.763874 0.762824 0.472253 0.447756
4 0.71774 0.765747 0.503845 0.468506
0 0.839737 0.783805 0.320527 0.43239
4 0.517103 0.500879 0.836084 0.998243
4 0.20365 0.769261 0.405997 0.461478
4 0.0690041 0.897439 0.137848 0.205122
4 0.313098 0.224545 0.626196 0.449091
3 0.249639 0.216768 0.499279 0.433536
4 0.106492 0.895069 0.212984 0.209861
4 0.776866 0.316192 0.436492 0.595125
0 0.0134718 0.802557 0.0269436 0.394887
4 0.268956 0.322961 0.530054 0.645922
4 0.416215 0.352914 0.82605 0.705829
0 0.00906019 0.773401 0.0181204 0.453197
4 0.912704 0.391125 0.174592 0.774133
0 0.0235855 0.8441 0.047171 0.311801
4 0.372598 0.27431 0.695987 0.54862
0 0.247273 0.87271 0.486671 0.249043
3 0.0866328 0.800655 0.173266 0.398689
4 0.239729 0.894049 0.461271 0.211902
0 0.236281 0.233924 0.462317 0.464588
4 0.744276 0.291014 0.511448 0.582029
4 0.0235855 0.8441 0.047171 0.311801
4 0.93769 0.503896 0.124619 0.831887
3 0.0856882 0.399477 0.171376 0.78611
4 0.211553 0.159545 0.423107 0.31909
4 0.460925 0.259948 0.89042 0.519896
2 0.586905 0.318999 0.675325 0.636804
4 0.155245 0.211666 0.31049 0.423331
3 0.416215 0.352914 0.82605 0.705829
4 0.912671 0.26806 0.174659 0.506095
4 0.13682 0.771431 0.27364 0.457139
3 0.115168 0.34593 0.230336 0.678838
0 0.0891256 0.217587 0.178251 0.435175
1 0.195526 0.901709 0.386476 0.196582
3 0.115927 0.216498 0.231854 0.415564
4 0.775177 0.197804 0.449647 0.395607
4 0.337057 0.039228 0.670021 0.0784561
4 0.236281 0.233924 0.462317 0.464588
0 0.188263 0.768737 0.374495 0.462525
1 0.862825 0.437611 0.09744 0.710806
2 0.900826 0.522673 0.198348 0.905838
0 0.382214 0.770712 0.400942 0.458575
4 0.878654 0.261521 0.242692 0.523043
0 0.878654 0.261521 0.242692 0.523043
4 0.268782 0.0857734 0.537564 0.171547
4 0.673492 0.496815 0.597459 0.973622
0 0.203304 0.558258 0.401127 0.403258
1 0.808233 0.313229 0.209249 0.491679
4 0.134424 0.667054 0.268461 0.228224
4 0.0178717 0.413052 0.0357434 0.798159
4 0.749541 0.646648 0.500919 0.6719
4 0.203304 0.558258 0.401127 0.403258
0 0.218498 0.384095 0.433048 0.768189
4 0.0237469 0.350246 0.0474938 0.700493
4 0.0891256 0.217587 0.178251 0.435175
3 0.149152 0.651171 0.296898 0.24339
2 0.822676 0.516793 0.354647 0.921376
0 0.749541 0.646648 0.500919 0.6719
4 0.212934 0.902365 0.413398 0.19527
4 0.645264 0.306906 0.534715 0.564906
0 0.0866328 0.800655 0.173266 0.398689
3 0.0690041 0.897439 0.137848 0.205122
4 0.0134718 0.802557 0.0269436 0.394887
0 0.645264 0.306906 0.534715 0.564906
0 0.268956 0.322961 0.530054 0.645922
1 0.819573 0.785318 0.360854 0.414124
4 0.0866328 0.800655 0.173266 0.398689
0 0.580309 0.761332 0.434283 0.477337
4 0.639712 0.742699 0.607058 0.488394
4 0.121961 0.559248 0.243921 0.431754
0 0.93769 0.503896 0.124619 0.831887
1 0.911691 0.506232 0.176617 0.930373
3 0.106492 0.895069 0.212984 0.209861
0 0.0237469 0.350246 0.0474938 0.700493
3 0.394159 0.235094 0.780109 0.470189
0 0.291287 0.85518 0.431558 0.28964
2 0.366103 0.742463 0.718691 0.487405
3 0.239898 0.746779 0.468535 0.407699
4 0.0272652 0.259045 0.0545304 0.518091
4 0.00906019 0.773401 0.0181204 0.453197
4 0.723528 0.436903 0.374784 0.803936
4 0.0117627 0.586726 0.0235255 0.712173
0 0.0292431 0.225721 0.0584861 0.451441
1 0.211606 0.650713 0.418466 0.207259
4 0.761388 0.52173 0.398329 0.914782
0 0.71774 0.765747 0.503845 0.468506
4 0.0856882 0.399477 0.171376 0.78611
4 0.00947581 0.668387 0.0189516 0.663226
1 0.20365 0.769261 0.405997 0.461478
2 0.231644 0.63809 0.459531 0.210368
3 0.121961 0.559248 0.243921 0.431754
4 0.115168 0.34593 0.230336 0.678838
0 0.723528 0.436903 0.374784 0.803936
4 0.247273 0.87271 0.486671 0.249043
2 0.520865 0.738688 0.527541 0.497887
0 0.155245 0.211666 0.31049 0.423331
0 0.579522 0.496227 0.725822 0.992454
1 0.939079 0.800297 0.121841 0.39672
1 0.911219 0.288851 0.172721 0.532187
0 0.121961 0.559248 0.243921 0.431754
1 0.30694 0.764746 0.568401 0.46007
2 0.712982 0.749164 0.574035 0.471457
1 0.552347 0.29503 0.731209 0.588904
4 0.107513 0.230236 0.215026 0.444403
2 0.912704 0.391125 0.174592 0.774133
0 0.761388 0.52173 0.398329 0.914782
1 0.486766 0.758098 0.569653 0.461722
1 0.776866 0.316192 0.436492 0.595125
1 0.211174 0.492661 0.414915 0.54278
2 0.912671 0.26806 0.174659 0.506095
1 0.247273 0.87271 0.486671 0.249043
2 0.939835 0.791451 0.120329 0.390348
1 0.700541 0.770061 0.595309 0.444497
2 0.156264 0.901241 0.30965 0.197517
2 0.614045 0.760432 0.698475 0.462357
2 0.106492 0.895069 0.212984 0.209861
0 0.7209 0.504759 0.5582 0.949064
2 0.214363 0.768282 0.42488 0.463437
2 0.312294 0.418593 0.623228 0.837187
2 0.544757 0.270531 0.817901 0.541063
2 0.230215 0.89944 0.446637 0.200377
2 0.821453 0.782634 0.357093 0.412707
2 0.121961 0.559248 0.243921 0.431754
0 0.107513 0.230236 0.215026 0.444403
2 0.749541 0.646648 0.500919 0.6719
2 0.941292 0.80769 0.117416 0.384619
2 0.205382 0.39088 0.407872 0.78176
2 0.0856882 0.399477 0.171376 0.78611
1 0.205076 0.387458 0.406466 0.774915
2 0.775177 0.197804 0.449647 0.395607
2 0.205904 0.230356 0.404657 0.457791
2 0.666586 0.290312 0.666828 0.580623
0 0.115168 0.34593 0.230336 0.678838
1 0.0690041 0.897439 0.137848 0.205122
1 0.205904 0.230356 0.404657 0.457791
2 0.839737 0.783805 0.320527 0.43239
2 0.382214 0.770712 0.400942 0.458575
1 0.13682 0.771431 0.27364 0.457139
2 0.155245 0.211666 0.31049 0.423331
2 0.461657 0.761347 0.524166 0.477306
2 0.878654 0.261521 0.242692 0.523043
2 0.0178717 0.413052 0.0357434 0.798159
2 0.0690041 0.897439 0.137848 0.205122
2 0.394159 0.235094 0.780109 0.470189
2 0.804003 0.263868 0.391994 0.527736
1 0.149152 0.651171 0.296898 0.24339
0 0.0856882 0.399477 0.171376 0.78611
2 0.00906019 0.773401 0.0181204 0.453197
1 0.0134718 0.802557 0.0269436 0.394887
2 0.0235855 0.8441 0.047171 0.311801
2 0.0134718 0.802557 0.0269436 0.394887
1 0.525145 0.0260208 0.908966 0.0520417
2 0.71774 0.765747 0.503845 0.468506
2 0.291287 0.85518 0.431558 0.28964
2 0.580309 0.761332 0.434283 0.477337
2 0.73014 0.294435 0.53972 0.588871
1 0.581881 0.75819 0.830928 0.455605
2 0.203304 0.558258 0.401127 0.403258
2 0.0891256 0.217587 0.178251 0.435175
1 0.372598 0.27431 0.695987 0.54862
2 0.149152 0.651171 0.296898 0.24339
2 0.285685 0.249037 0.566942 0.49792
2 0.13682 0.771431 0.27364 0.457139
1 0.0117627 0.586726 0.0235255 0.712173
1 0.115168 0.34593 0.230336 0.678838
1 0.0866328 0.800655 0.173266 0.398689
2 0.949014 0.713986 0.101972 0.494495
2 0.0866328 0.800655 0.173266 0.398689
2 0.0292431 0.225721 0.0584861 0.451441
2 0.211553 0.159545 0.423107 0.31909
1 0.0235855 0.8441 0.047171 0.311801
1 0.121961 0.559248 0.243921 0.431754
2 0.441913 0.490072 0.875735 0.980144
2 0.93769 0.503896 0.124619 0.831887
1 0.0856882 0.399477 0.171376 0.78611
2 0.00947581 0.668387 0.0189516 0.663226
1 0.467826 0.5 0.88697 1
0 0.82147 0.782544 0.35706 0.412875
0 0.239836 0.746925 0.468395 0.407957
0 0.217753 0.649312 0.423727 0.203943
0 0.911704 0.506414 0.176592 0.929699
0 0.763873 0.762807 0.472253 0.447836
0 0.863164 0.4376 0.0966095 0.709885
0 0.497261 0.0310674 0.940444 0.0621349
0 0.514675 0.759732 0.545597 0.465896
3 0.567748 0.504571 0.691006 0.990858
3 0.871404 0.305201 0.0817303 0.411851
0 0.388608 0.0402404 0.774959 0.0804808
0 0.911846 0.287661 0.176308 0.53267
0 0.372191 0.763848 0.695138 0.46033
3 0.863164 0.4376 0.0966095 0.709885
0 0.840356 0.534316 0.308602 0.887233
3 0.205072 0.387568 0.40648 0.775136
3 0.537958 0.334803 0.745205 0.663545
3 0.579735 0.761442 0.435457 0.477116
3 0.840356 0.534316 0.308602 0.887233
0 0.578532 0.762169 0.837767 0.455027
3 0.67326 0.49696 0.597899 0.973418
0 0.211346 0.158946 0.422691 0.317891
3 0.911054 0.5 0.177892 1
0 0.599196 0.294307 0.801608 0.588615
0 0.821765 0.633114 0.356469 0.704705
3 0.84006 0.783764 0.319881 0.432473
3 0.941284 0.807651 0.117433 0.384698
3 0.461035 0.761362 0.525595 0.477277
3 0.386569 0.494243 0.715197 0.988486
3 0.211346 0.158946 0.422691 0.317891
0 0.939099 0.800344 0.121803 0.396723
3 0.821765 0.633114 0.356469 0.704705
0 0.0690213 0.897475 0.137873 0.20505
0 0.730685 0.294646 0.53863 0.589292
3 0.71762 0.765822 0.503437 0.468355
0 0.295435 0.053353 0.59087 0.106706
4 0.819572 0.785284 0.359728 0.415092
3 0.942228 0.755208 0.115545 0.435039
3 0.170003 0.224454 0.337784 0.431009
0 0.157021 0.903873 0.311669 0.192253
3 0.381252 0.771295 0.403789 0.457411
0 0.460805 0.259428 0.88961 0.518855
3 0.599196 0.294307 0.801608 0.588615
3 0.583602 0.10642 0.832796 0.212839
0 0.13441 0.666953 0.268435 0.227917
3 0.00956329 0.668824 0.0191266 0.662351
0 0.106758 0.89511 0.213515 0.209781
3 0.290747 0.856022 0.433844 0.287957
3 0.0274254 0.2587 0.0548508 0.5174
3 0.80951 0.313836 0.206078 0.490585
3 0.723736 0.437686 0.374331 0.804283
3 0.77755 0.316497 0.431758 0.593923
3 0.0118439 0.586943 0.0236879 0.709972
3 0.557077 0.770449 0.614425 0.459101
4 0.901299 0.5228 0.197402 0.905621
3 0.333102 0.75478 0.659635 0.469715
0 0.583602 0.10642 0.832796 0.212839
3 0.240031 0.894309 0.461879 0.211381
3 0.186101 0.900351 0.364616 0.199298
3 0.0238313 0.349895 0.0476625 0.69979
3 0.74416 0.291026 0.51168 0.582052
3 0.088716 0.217423 0.177432 0.434845
4 0.84006 0.783764 0.319881 0.432473
4 0.5113 0.0283947 0.938181 0.0567894
3 0.712896 0.749039 0.574208 0.471698
3 0.188274 0.768739 0.374513 0.462522
3 0.00865825 0.731627 0.0173165 0.536746
3 0.878931 0.26227 0.242138 0.52454
3 0.937977 0.50355 0.124046 0.832038
4 0.863164 0.4376 0.0966095 0.709885
0 0.804908 0.264053 0.390184 0.528106
3 0.208275 0.651012 0.413411 0.21953
3 0.0135636 0.802561 0.0271273 0.394878
3 0.761255 0.521982 0.397922 0.914371
3 0.295435 0.053353 0.59087 0.106706
3 0.820948 0.79336 0.358105 0.413281
4 0.821765 0.633114 0.356469 0.704705
3 0.775297 0.198229 0.449406 0.396459
3 0.31216 0.418742 0.622981 0.837484
4 0.599196 0.294307 0.801608 0.588615
0 0.00956329 0.668824 0.0191266 0.662351
3 0.268949 0.322585 0.530085 0.64517
3 0.5113 0.0283947 0.938181 0.0567894
0 0.640247 0.742593 0.604929 0.488495
4 0.583602 0.10642 0.832796 0.212839
3 0.912422 0.293495 0.175155 0.58425
4 0.578532 0.762169 0.837767 0.455027
0 0.80951 0.313836 0.206078 0.490585
3 0.0236556 0.844141 0.0473113 0.311718
0 0.775297 0.198229 0.449406 0.396459
4 0.942228 0.755208 0.115545 0.435039
4 0.941284 0.807651 0.117433 0.384698
3 0.017907 0.412804 0.035814 0.797406
3 0.24757 0.875782 0.487212 0.242886
4 0.358929 0.490378 0.717858 0.980757
0 0.268358 0.0858361 0.536716 0.171672
4 0.840356 0.534316 0.308602 0.887233
3 0.645315 0.307308 0.534479 0.56467
0 0.223447 0.899178 0.429056 0.201644
3 0.442436 0.0458959 0.876323 0.0917919
3 0.749511 0.644689 0.500979 0.675847
3 0.268358 0.0858361 0.536716 0.171672
4 0.218327 0.384125 0.432754 0.768251
4 0.579735 0.761442 0.435457 0.477116
4 0.486619 0.758115 0.569678 0.461616
3 0.441585 0.739977 0.651136 0.494534
3 0.203234 0.559731 0.400993 0.400291
4 0.157021 0.903873 0.311669 0.192253
0 0.0118439 0.586943 0.0236879 0.709972
0 0.941284 0.807651 0.117433 0.384698
4 0.200654 0.656904 0.399037 0.212573
4 0.537958 0.334803 0.745205 0.663545
4 0.381252 0.771295 0.403789 0.457411
0 0.312373 0.2242 0.624745 0.448399
0 0.949109 0.714264 0.101782 0.493932
0 0.482279 0.761986 0.540899 0.476028
4 0.290747 0.856022 0.433844 0.287957
0 0.0148353 0.477016 0.0296706 0.728653
0 0.401345 0.434431 0.780882 0.868862
4 0.315853 0.766004 0.628225 0.457996
4 0.442436 0.0458959 0.876323 0.0917919
4 0.80951 0.313836 0.206078 0.490585
4 0.763873 0.762807 0.472253 0.447836
4 0.71762 0.765822 0.503437 0.468355
4 0.517368 0.500943 0.835047 0.998114
0 0.372485 0.274181 0.694638 0.548362
4 0.0690213 0.897475 0.137873 0.20505
4 0.312373 0.2242 0.624745 0.448399
3 0.248867 0.216535 0.497734 0.43307
4 0.203561 0.76933 0.405824 0.461341
4 0.106758 0.89511 0.213515 0.209781
0 0.84006 0.783764 0.319881 0.432473
4 0.77755 0.316497 0.431758 0.593923
4 0.268949 0.322585 0.530085 0.64517
4 0.41593 0.353444 0.82549 0.706887
4 0.912719 0.393616 0.174562 0.779058
0 0.0135636 0.802561 0.0271273 0.394878
4 0.372485 0.274181 0.694638 0.548362
0 0.00914312 0.773346 0.0182862 0.453308
3 0.0867155 0.800569 0.173431 0.398861
0 0.537958 0.334803 0.745205 0.663545
4 0.240031 0.894309 0.461879 0.211381
0 0.0236556 0.844141 0.0473113 0.311718
4 0.74416 0.291026 0.51168 0.582052
0 0.24757 0.875782 0.487212 0.242886
4 0.0236556 0.844141 0.0473113 0.311718
4 0.937977 0.50355 0.124046 0.832038
0 0.23626 0.233932 0.462311 0.46434
4 0.460805 0.259428 0.88961 0.518855
3 0.0853657 0.399471 0.170731 0.786175
4 0.211346 0.158946 0.422691 0.317891
4 0.154608 0.211467 0.309217 0.422933
2 0.58695 0.319071 0.673253 0.636583
3 0.41593 0.353444 0.82549 0.706887
4 0.136871 0.771459 0.273741 0.457082
4 0.912674 0.269314 0.174653 0.50867
3 0.114967 0.345421 0.229935 0.677861
1 0.195651 0.901668 0.386716 0.196663
3 0.115901 0.216339 0.231801 0.415303
4 0.775297 0.198229 0.449406 0.396459
4 0.336871 0.039366 0.669708 0.0787319
0 0.088716 0.217423 0.177432 0.434845
4 0.23626 0.233932 0.462311 0.46434
1 0.863164 0.4376 0.0966095 0.709885
2 0.901299 0.5228 0.197402 0.905621
4 0.878931 0.26227 0.242138 0.52454
4 0.268358 0.0858361 0.536716 0.171672
1 0.80951 0.313836 0.206078 0.490585
4 0.67326 0.49696 0.597899 0.973418
0 0.188274 0.768739 0.374513 0.462522
0 0.381252 0.771295 0.403789 0.457411
4 0.13441 0.666953 0.268435 0.227917
0 0.878931 0.26227 0.242138 0.52454
4 0.017907 0.412804 0.035814 0.797406
4 0.749511 0.644689 0.500979 0.675847
0 0.203234 0.559731 0.400993 0.400291
4 0.203234 0.559731 0.400993 0.400291
4 0.088716 0.217423 0.177432 0.434845
4 0.0238313 0.349895 0.0476625 0.69979
3 0.149159 0.651069 0.296914 0.243491
2 0.822669 0.516791 0.354662 0.921357
4 0.213153 0.90234 0.413825 0.195321
3 0.0690213 0.897475 0.137873 0.20505
0 0.218327 0.384125 0.432754 0.768251
4 0.0135636 0.802561 0.0271273 0.394878
4 0.645315 0.307308 0.534479 0.56467
0 0.749511 0.644689 0.500979 0.675847
4 0.0867155 0.800569 0.173431 0.398861
1 0.819576 0.785185 0.360848 0.414378
4 0.121854 0.56007 0.243708 0.429882
4 0.640247 0.742593 0.604929 0.488495
0 0.0867155 0.800569 0.173431 0.398861
0 0.268949 0.322585 0.530085 0.64517
1 0.911704 0.506414 0.176592 0.929699
0 0.579735 0.761442 0.435457 0.477116
3 0.106758 0.89511 0.213515 0.209781
0 0.645315 0.307308 0.534479 0.56467
3 0.393525 0.23483 0.778825 0.469659
0 0.937977 0.50355 0.124046 0.832038
2 0.366123 0.74197 0.719033 0.488516
3 0.239836 0.746925 0.468395 0.407957
0 0.0238313 0.349895 0.0476625 0.69979
0 0.290747 0.856022 0.433844 0.287957
4 0.0274254 0.2587 0.0548508 0.5174
4 0.00914312 0.773346 0.0182862 0.453308
4 0.0118439 0.586943 0.0236879 0.709972
4 0.723736 0.437686 0.374331 0.804283
1 0.211539 0.650788 0.418355 0.207327
4 0.761255 0.521982 0.397922 0.914371
4 0.0853657 0.399471 0.170731 0.786175
4 0.00956329 0.668824 0.0191266 0.662351
0 0.0293683 0.225613 0.0587366 0.451226
1 0.203561 0.76933 0.405824 0.461341
0 0.71762 0.765822 0.503437 0.468355
3 0.121854 0.56007 0.243708 0.429882
2 0.231413 0.638194 0.4591 0.210563
4 0.114967 0.345421 0.229935 0.677861
4 0.24757 0.875782 0.487212 0.242886
2 0.521434 0.738475 0.525454 0.498215
0 0.723736 0.437686 0.374331 0.804283
1 0.911052 0.289517 0.1723 0.530806
1 0.939099 0.800344 0.121803 0.396723
0 0.154608 0.211467 0.309217 0.422933
0 0.58308 0.496176 0.71384 0.992353
1 0.306789 0.764739 0.568506 0.460007
2 0.712896 0.749039 0.574208 0.471698
0 0.121854 0.56007 0.243708 0.429882
1 0.552706 0.294978 0.730386 0.588535
4 0.107097 0.230055 0.214193 0.444053
1 0.77755 0.316497 0.431758 0.593923
2 0.912719 0.393616 0.174562 0.779058
1 0.486619 0.758115 0.569678 0.461616
1 0.211125 0.49778 0.414803 0.531967
2 0.912674 0.269314 0.174653 0.50867
1 0.24757 0.875782 0.487212 0.242886
0 0.761255 0.521982 0.397922 0.914371
2 0.939903 0.791438 0.120194 0.39041
1 0.700155 0.770082 0.596003 0.444537
2 0.156568 0.901274 0.310243 0.197452
2 0.614056 0.760386 0.697783 0.46241
2 0.214329 0.768344 0.424804 0.463312
2 0.106758 0.89511 0.213515 0.209781
2 0.31216 0.418742 0.622981 0.837484
2 0.544749 0.270233 0.817862 0.540466
0 0.720873 0.504899 0.558255 0.948785
2 0.230542 0.899446 0.447238 0.20035
2 0.121854 0.56007 0.243708 0.429882
2 0.82147 0.782544 0.35706 0.412875
2 0.749511 0.644689 0.500979 0.675847
2 0.941284 0.807651 0.117433 0.384698
2 0.205302 0.39089 0.40774 0.78178
0 0.107097 0.230055 0.214193 0.444053
2 0.0853657 0.399471 0.170731 0.786175
1 0.205072 0.387568 0.40648 0.775136
2 0.775297 0.198229 0.449406 0.396459
2 0.205816 0.230346 0.404474 0.457552
2 0.666693 0.290375 0.666613 0.58075
1 0.0690213 0.897475 0.137873 0.20505
1 0.205816 0.230346 0.404474 0.457552
0 0.114967 0.345421 0.229935 0.677861
2 0.84006 0.783764 0.319881 0.432473
2 0.381252 0.771295 0.403789 0.457411
1 0.136871 0.771459 0.273741 0.457082
2 0.154608 0.211467 0.309217 0.422933
2 0.461035 0.761362 0.525595 0.477277
2 0.878931 0.26227 0.242138 0.52454
2 0.017907 0.412804 0.035814 0.797406
2 0.0690213 0.897475 0.137873 0.20505
2 0.393525 0.23483 0.778825 0.469659
1 0.149159 0.651069 0.296914 0.243491
2 0.804908 0.264053 0.390184 0.528106
1 0.0135636 0.802561 0.0271273 0.394878
2 0.00914312 0.773346 0.0182862 0.453308
2 0.0236556 0.844141 0.0473113 0.311718
2 0.0135636 0.802561 0.0271273 0.394878
0 0.0853657 0.399471 0.170731 0.786175
1 0.525226 0.0259184 0.908776 0.0518367
2 0.71762 0.765822 0.503437 0.468355
2 0.579735 0.761442 0.435457 0.477116
2 0.290747 0.856022 0.433844 0.287957
2 0.730685 0.294646 0.53863 0.589292
1 0.372485 0.274181 0.694638 0.548362
1 0.580586 0.758182 0.833511 0.455467
2 0.203234 0.559731 0.400993 0.400291
2 0.088716 0.217423 0.177432 0.434845
2 0.149159 0.651069 0.296914 0.243491
2 0.285518 0.249022 0.566622 0.497658
2 0.136871 0.771459 0.273741 0.457082
1 0.0118439 0.586943 0.0236879 0.709972
1 0.114967 0.345421 0.229935 0.677861
1 0.0867155 0.800569 0.173431 0.398861
2 0.949109 0.714264 0.101782 0.493932
2 0.0867155 0.800569 0.173431 0.398861
1 0.0236556 0.844141 0.0473113 0.311718
1 0.121854 0.56007 0.243708 0.429882
2 0.211346 0.158946 0.422691 0.317891
2 0.0293683 0.225613 0.0587366 0.451226
2 0.441945 0.490111 0.87578 0.980223
2 0.937977 0.50355 0.124046 0.832038
1 0.0853657 0.399471 0.170731 0.786175
