0 0.501369 0.536173 0.0432538 0.0472602
0 0.501304 0.531106 0.0495669 0.109428
0 0.807445 0.758195 0.38511 0.4705
0 0.319075 0.737362 0.620568 0.520498
0 0.773458 0.63981 0.453084 0.696211
0 0.521039 0.0299615 0.957923 0.059923
0 0.242239 0.753576 0.475283 0.480822
0 0.70049 0.75357 0.590831 0.483875
0 0.515263 0.750063 0.626677 0.499399
0 0.501657 0.503096 0.0607376 0.287725
0 0.372337 0.0343118 0.744119 0.0686237
0 0.369178 0.691868 0.364907 0.59075
0 0.107293 0.77986 0.214225 0.42903
0 0.493179 0.635347 0.0721464 0.278332
3 0.921684 0.576738 0.156633 0.846524
0 0.785213 0.288275 0.429573 0.565932
0 0.754744 0.168118 0.490512 0.336237
3 0.203129 0.727977 0.403252 0.498911
3 0.161994 0.77087 0.297544 0.458261
0 0.224205 0.119478 0.448409 0.238956
3 0.244575 0.501241 0.48168 0.997518
3 0.627432 0.299364 0.745136 0.598728
3 0.816199 0.236085 0.367602 0.463503
0 0.517623 0.301414 0.964754 0.602827
3 0.121566 0.780355 0.239772 0.43929
3 0.647119 0.537584 0.688873 0.924333
3 0.742658 0.148241 0.514685 0.296481
3 0.791924 0.177871 0.416152 0.355743
4 0.77324 0.760074 0.45352 0.471693
3 0.17771 0.392144 0.354432 0.769244
0 0.680268 0.156238 0.639465 0.312476
3 0.774071 0.636615 0.451857 0.714153
3 0.929251 0.725921 0.141498 0.548157
4 0.242239 0.753576 0.475283 0.480822
3 0.224205 0.119478 0.448409 0.238956
4 0.773458 0.63981 0.453084 0.696211
3 0.52713 0.500317 0.94574 0.999367
3 0.825754 0.708028 0.348493 0.575241
3 0.80104 0.744962 0.397919 0.510077
4 0.528759 0.0310973 0.942169 0.0621945
3 0.487823 0.741419 0.438329 0.517163
3 0.760874 0.386227 0.478253 0.765915
0 0.473604 0.666216 0.105058 0.532891
3 0.468978 0.500164 0.615228 0.999671
0 0.538318 0.656719 0.116766 0.431812
3 0.236064 0.754103 0.44446 0.491795
3 0.816628 0.485897 0.366743 0.967401
0 0.381186 0.288776 0.636227 0.577552
3 0.858807 0.729226 0.282386 0.541548
3 0.962767 0.661512 0.0744662 0.636763
0 0.587199 0.728399 0.306316 0.469852
0 0.923362 0.759409 0.153276 0.481183
0 0.7784 0.12043 0.443201 0.24086
3 0.172204 0.248194 0.342865 0.473344
3 0.729315 0.750472 0.398507 0.499055
3 0.0324614 0.27126 0.0649227 0.54252
3 0.651617 0.747425 0.419743 0.505149
4 0.501304 0.531106 0.0495669 0.109428
3 0.0237308 0.375088 0.0474615 0.746759
0 0.178145 0.767953 0.354626 0.451922
4 0.760209 0.295064 0.479583 0.586624
3 0.980853 0.713066 0.0382946 0.553133
3 0.297909 0.039063 0.595819 0.078126
3 0.130816 0.247393 0.261632 0.494786
3 0.501657 0.503096 0.0607376 0.287725
3 0.368019 0.73786 0.404369 0.524279
3 0.35822 0.469783 0.413525 0.939566
3 0.970998 0.718389 0.0580034 0.563222
0 0.966618 0.737512 0.0667641 0.524976
3 0.509389 0.0283523 0.960509 0.0567047
4 0.319075 0.737362 0.620568 0.520498
4 0.627432 0.299364 0.745136 0.598728
0 0.281127 0.0519645 0.562254 0.103929
4 0.608982 0.139566 0.782036 0.279132
0 0.344873 0.436184 0.668456 0.869307
3 0.538318 0.656719 0.116766 0.431812
4 0.713244 0.166396 0.573511 0.332792
0 0.226798 0.252912 0.443706 0.492604
4 0.427325 0.274662 0.655711 0.549324
3 0.704879 0.736306 0.577676 0.500821
4 0.119939 0.760488 0.239878 0.461852
3 0.473604 0.666216 0.105058 0.532891
4 0.178145 0.767953 0.354626 0.451922
4 0.777027 0.503263 0.445945 0.993473
0 0.285105 0.5 0.513258 1
0 0.57895 0.235113 0.842101 0.470227
3 0.0268846 0.770299 0.0537692 0.459402
3 0.902143 0.264782 0.195714 0.522747
0 0.0154918 0.655129 0.0309836 0.678207
4 0.929251 0.725921 0.141498 0.548157
4 0.161994 0.77087 0.297544 0.458261
3 0.0152853 0.470679 0.0305705 0.885364
4 0.825754 0.708028 0.348493 0.575241
0 0.540359 0.525849 0.136563 0.454867
3 0.427325 0.274662 0.655711 0.549324
0 0.027478 0.784618 0.054956 0.42647
4 0.401777 0.0374113 0.798284 0.0748226
4 0.970998 0.718389 0.0580034 0.563222
4 0.501657 0.503096 0.0607376 0.287725
4 0.651617 0.747425 0.419743 0.505149
4 0.244575 0.501241 0.48168 0.997518
0 0.980853 0.713066 0.0382946 0.553133
3 0.0127454 0.571315 0.0254908 0.82942
3 0.0296405 0.778468 0.0592809 0.443064
3 0.587199 0.728399 0.306316 0.469852
3 0.7784 0.12043 0.443201 0.24086
1 0.836025 0.762016 0.327951 0.470629
0 0.0127454 0.571315 0.0254908 0.82942
4 0.980853 0.713066 0.0382946 0.553133
3 0.0154918 0.655129 0.0309836 0.678207
0 0.782998 0.489997 0.434003 0.977686
3 0.501304 0.531106 0.0495669 0.109428
4 0.515263 0.750063 0.626677 0.499399
3 0.785213 0.288275 0.429573 0.565932
0 0.651013 0.545181 0.481568 0.906345
4 0.621224 0.756041 0.537955 0.470114
4 0.450832 0.457583 0.598543 0.914385
4 0.922538 0.517715 0.154923 0.964571
3 0.576503 0.042893 0.846993 0.085786
3 0.651013 0.545181 0.481568 0.906345
4 0.353106 0.759241 0.438255 0.466726
4 0.272933 0.742867 0.413227 0.514266
3 0.923362 0.759409 0.153276 0.481183
4 0.858807 0.729226 0.282386 0.541548
4 0.90483 0.762216 0.190339 0.475242
0 0.0185645 0.728618 0.0371289 0.542764
4 0.80104 0.744962 0.397919 0.510077
0 0.450832 0.457583 0.598543 0.914385
3 0.476266 0.751884 0.548925 0.482594
4 0.342816 0.739078 0.35075 0.521845
3 0.540359 0.525849 0.136563 0.454867
3 0.493179 0.635347 0.0721464 0.278332
4 0.0296405 0.778468 0.0592809 0.443064
4 0.369178 0.691868 0.364907 0.59075
4 0.311166 0.27109 0.590213 0.541277
3 0.0185645 0.728618 0.0371289 0.542764
4 0.7784 0.12043 0.443201 0.24086
4 0.962767 0.661512 0.0744662 0.636763
4 0.418301 0.739635 0.441988 0.520729
0 0.929251 0.725921 0.141498 0.548157
0 0.35822 0.469783 0.413525 0.939566
4 0.472714 0.261437 0.878386 0.522875
4 0.663155 0.418648 0.67369 0.83349
3 0.325062 0.405614 0.63665 0.806734
4 0.729315 0.750472 0.398507 0.499055
3 0.103659 0.708302 0.207318 0.470159
3 0.713244 0.166396 0.573511 0.332792
3 0.57895 0.235113 0.842101 0.470227
4 0.493179 0.635347 0.0721464 0.278332
1 0.18656 0.766541 0.366981 0.45824
4 0.224205 0.119478 0.448409 0.238956
0 0.858807 0.729226 0.282386 0.541548
3 0.113903 0.524965 0.227806 0.93542
4 0.226798 0.252912 0.443706 0.492604
4 0.830553 0.209662 0.338893 0.419323
4 0.587199 0.728399 0.306316 0.469852
4 0.559116 0.742267 0.42864 0.515467
4 0.902143 0.264782 0.195714 0.522747
3 0.642205 0.158084 0.715589 0.316168
0 0.0237308 0.375088 0.0474615 0.746759
0 0.0296405 0.778468 0.0592809 0.443064
3 0.532421 0.353876 0.935158 0.707753
3 0.129553 0.33749 0.259107 0.633828
1 0.689035 0.750872 0.608355 0.48159
4 0.57895 0.235113 0.842101 0.470227
0 0.0152853 0.470679 0.0305705 0.885364
4 0.344873 0.436184 0.668456 0.869307
1 0.493179 0.635347 0.0721464 0.278332
0 0.771983 0.749989 0.408373 0.500022
2 0.314061 0.733939 0.546894 0.512961
0 0.830553 0.209662 0.338893 0.419323
4 0.0237308 0.375088 0.0474615 0.746759
4 0.538318 0.656719 0.116766 0.431812
3 0.258748 0.250122 0.517495 0.500244
0 0.600326 0.758917 0.478339 0.47052
0 0.130816 0.247393 0.261632 0.494786
3 0.600326 0.758917 0.478339 0.47052
2 0.369178 0.691868 0.364907 0.59075
4 0.742658 0.148241 0.514685 0.296481
3 0.314061 0.733939 0.546894 0.512961
4 0.532471 0.5 0.920141 1
0 0.929698 0.463047 0.140605 0.908786
4 0.473604 0.666216 0.105058 0.532891
4 0.281127 0.0519645 0.562254 0.103929
2 0.74126 0.737939 0.514635 0.500255
4 0.027478 0.784618 0.054956 0.42647
3 0.77324 0.760074 0.45352 0.471693
3 0.499604 0.280402 0.891944 0.560803
0 0.302129 0.254192 0.604258 0.508384
4 0.130816 0.247393 0.261632 0.494786
1 0.554669 0.750722 0.546657 0.479499
3 0.0791492 0.782119 0.158298 0.4251
0 0.0358797 0.242508 0.0717594 0.485016
4 0.0152853 0.470679 0.0305705 0.885364
0 0.902143 0.264782 0.195714 0.522747
4 0.0154918 0.655129 0.0309836 0.678207
4 0.540359 0.525849 0.136563 0.454867
4 0.704879 0.736306 0.577676 0.500821
4 0.0127454 0.571315 0.0254908 0.82942
4 0.532421 0.353876 0.935158 0.707753
2 0.754744 0.168118 0.490512 0.336237
0 0.651617 0.747425 0.419743 0.505149
4 0.125113 0.244696 0.250226 0.464048
4 0.17771 0.392144 0.354432 0.769244
0 0.532471 0.5 0.920141 1
4 0.651013 0.545181 0.481568 0.906345
4 0.791924 0.177871 0.416152 0.355743
4 0.0324614 0.27126 0.0649227 0.54252
1 0.327696 0.747903 0.603429 0.481763
4 0.35822 0.469783 0.413525 0.939566
1 0.45411 0.748886 0.579497 0.48217
2 0.239598 0.75267 0.475073 0.482371
3 0.369178 0.691868 0.364907 0.59075
0 0.962767 0.661512 0.0744662 0.636763
4 0.0185645 0.728618 0.0371289 0.542764
4 0.129553 0.33749 0.259107 0.633828
4 0.0791492 0.782119 0.158298 0.4251
3 0.318565 0.282478 0.617746 0.564957
1 0.501657 0.503096 0.0607376 0.287725
4 0.113903 0.524965 0.227806 0.93542
0 0.418301 0.739635 0.441988 0.520729
1 0.923362 0.759409 0.153276 0.481183
0 0.559116 0.742267 0.42864 0.515467
2 0.493179 0.635347 0.0721464 0.278332
2 0.929698 0.463047 0.140605 0.908786
0 0.272933 0.742867 0.413227 0.514266
0 0.342816 0.739078 0.35075 0.521845
1 0.722104 0.297932 0.555792 0.594918
2 0.587199 0.728399 0.306316 0.469852
2 0.501304 0.531106 0.0495669 0.109428
0 0.421499 0.753632 0.494874 0.477514
2 0.90483 0.762216 0.190339 0.475242
1 0.113639 0.774085 0.225783 0.443026
0 0.125113 0.244696 0.250226 0.464048
2 0.800155 0.766437 0.399691 0.456324
1 0.240606 0.728784 0.475133 0.510482
1 0.654185 0.168442 0.691629 0.336884
2 0.47557 0.743338 0.669329 0.513323
2 0.629386 0.736963 0.525246 0.495908
1 0.537002 0.293327 0.921947 0.586654
0 0.17771 0.392144 0.354432 0.769244
2 0.0996014 0.770275 0.199203 0.45945
2 0.929251 0.725921 0.141498 0.548157
2 0.559116 0.742267 0.42864 0.515467
1 0.754744 0.168118 0.490512 0.336237
1 0.228277 0.428855 0.452499 0.846032
2 0.19954 0.240712 0.399081 0.481425
2 0.654185 0.168442 0.691629 0.336884
1 0.754531 0.484544 0.490939 0.968873
2 0.651617 0.747425 0.419743 0.505149
2 0.834779 0.740781 0.330442 0.518439
2 0.902143 0.264782 0.195714 0.522747
1 0.0791492 0.782119 0.158298 0.4251
2 0.540359 0.525849 0.136563 0.454867
1 0.204192 0.273853 0.402237 0.541628
0 0.647119 0.537584 0.688873 0.924333
1 0.970998 0.718389 0.0580034 0.563222
2 0.729315 0.750472 0.398507 0.499055
2 0.418301 0.739635 0.441988 0.520729
1 0.902143 0.264782 0.195714 0.522747
2 0.7784 0.12043 0.443201 0.24086
2 0.236872 0.496359 0.469525 0.992718
2 0.779306 0.560505 0.441388 0.870455
2 0.0296405 0.778468 0.0592809 0.443064
1 0.57895 0.235113 0.842101 0.470227
1 0.501304 0.531106 0.0495669 0.109428
2 0.117812 0.49322 0.235623 0.939651
1 0.528759 0.0310973 0.942169 0.0621945
2 0.027478 0.784618 0.054956 0.42647
2 0.197351 0.764854 0.365719 0.470292
2 0.0237308 0.375088 0.0474615 0.746759
2 0.501657 0.503096 0.0607376 0.287725
2 0.311166 0.27109 0.590213 0.541277
2 0.785213 0.288275 0.429573 0.565932
2 0.966618 0.737512 0.0667641 0.524976
2 0.538318 0.656719 0.116766 0.431812
2 0.980853 0.713066 0.0382946 0.553133
2 0.0324614 0.27126 0.0649227 0.54252
2 0.272933 0.742867 0.413227 0.514266
0 0.129553 0.33749 0.259107 0.633828
2 0.396736 0.262788 0.792487 0.525576
2 0.0791492 0.782119 0.158298 0.4251
1 0.468978 0.500164 0.615228 0.999671
1 0.027478 0.784618 0.054956 0.42647
2 0.130816 0.247393 0.261632 0.494786
2 0.129553 0.33749 0.259107 0.633828
2 0.342816 0.739078 0.35075 0.521845
1 0.830553 0.209662 0.338893 0.419323
2 0.816182 0.639083 0.367635 0.720561
1 0.129553 0.33749 0.259107 0.633828
2 0.830553 0.209662 0.338893 0.419323
1 0.980853 0.713066 0.0382946 0.553133
2 0.544431 0.754834 0.474098 0.478368
1 0.353106 0.759241 0.438255 0.466726
1 0.929698 0.463047 0.140605 0.908786
1 0.858807 0.729226 0.282386 0.541548
2 0.17771 0.392144 0.354432 0.769244
1 0.587199 0.728399 0.306316 0.469852
2 0.562423 0.5 0.814108 1
0 0.117812 0.49322 0.235623 0.939651
0 0.501386 0.536187 0.0432457 0.0472451
0 0.501327 0.531108 0.0495934 0.10946
0 0.80739 0.758226 0.38522 0.470436
0 0.318696 0.737258 0.619707 0.520716
0 0.773475 0.6397 0.45305 0.696379
0 0.520994 0.0296974 0.958013 0.0593948
0 0.242132 0.753596 0.475114 0.480859
0 0.700749 0.753635 0.59025 0.483764
0 0.515775 0.749873 0.624923 0.499786
0 0.501696 0.503878 0.060813 0.289904
0 0.37239 0.0343261 0.744264 0.0686522
0 0.368856 0.692957 0.365292 0.588606
0 0.107461 0.779837 0.214561 0.429053
0 0.493158 0.637329 0.0723478 0.28227
3 0.921871 0.576417 0.156259 0.847167
0 0.785285 0.288554 0.429431 0.566444
3 0.203198 0.727831 0.403394 0.49873
0 0.753814 0.168064 0.492373 0.336127
3 0.162326 0.770791 0.298238 0.458419
3 0.244451 0.501286 0.481452 0.997428
3 0.625758 0.299233 0.748484 0.598466
0 0.22407 0.117816 0.448139 0.235631
3 0.816291 0.238321 0.367418 0.468062
3 0.121707 0.780212 0.240041 0.439577
3 0.648305 0.538099 0.686052 0.923407
3 0.741716 0.147472 0.516569 0.294944
0 0.517688 0.300365 0.964624 0.60073
3 0.17772 0.394405 0.354437 0.773639
3 0.791637 0.177851 0.416726 0.355703
4 0.773255 0.760076 0.45349 0.471736
3 0.773997 0.634909 0.452006 0.717786
3 0.929279 0.725919 0.141443 0.548162
0 0.679401 0.155451 0.641197 0.310903
4 0.242132 0.753596 0.475114 0.480859
3 0.22407 0.117816 0.448139 0.235631
3 0.826292 0.709784 0.347417 0.571721
3 0.541339 0.5 0.914921 1
4 0.773475 0.6397 0.45305 0.696379
3 0.759786 0.392966 0.480428 0.779138
3 0.801032 0.745097 0.397935 0.509806
4 0.528736 0.0308058 0.942432 0.0616116
3 0.487954 0.741535 0.439065 0.51693
3 0.469431 0.499574 0.611189 0.99826
3 0.817345 0.485441 0.365311 0.96635
3 0.235854 0.754255 0.444175 0.49149
3 0.96391 0.662144 0.0721804 0.634015
3 0.858675 0.729219 0.282651 0.541562
0 0.538363 0.656697 0.116394 0.431639
0 0.473576 0.665053 0.105181 0.535893
0 0.381978 0.288901 0.63506 0.577801
3 0.17207 0.248193 0.342564 0.473318
0 0.586819 0.728674 0.302461 0.470622
0 0.778093 0.119318 0.443814 0.238636
0 0.923486 0.759709 0.153028 0.480583
3 0.729554 0.750562 0.399906 0.498877
3 0.0325225 0.27181 0.0650451 0.543619
3 0.651393 0.747548 0.421421 0.504903
4 0.501327 0.531108 0.0495934 0.10946
3 0.0237889 0.376126 0.0475778 0.748959
3 0.981164 0.713631 0.0376728 0.551799
3 0.297885 0.0390245 0.595771 0.078049
4 0.760174 0.295181 0.479652 0.586953
3 0.130871 0.247472 0.261741 0.494945
3 0.501696 0.503878 0.060813 0.289904
0 0.178725 0.767959 0.355786 0.451904
3 0.368349 0.737953 0.404932 0.524093
3 0.970968 0.718961 0.0580639 0.562078
3 0.357869 0.469641 0.415187 0.939282
4 0.318696 0.737258 0.619707 0.520716
3 0.509362 0.0282241 0.960395 0.0564483
4 0.625758 0.299233 0.748484 0.598466
4 0.608546 0.135771 0.782907 0.271542
0 0.966542 0.737768 0.0669163 0.524465
3 0.538363 0.656697 0.116394 0.431639
0 0.281001 0.051783 0.562002 0.103566
3 0.705174 0.736211 0.5769 0.501195
4 0.712146 0.166296 0.575709 0.332592
4 0.428103 0.274792 0.653568 0.549584
0 0.345225 0.43563 0.668647 0.867985
4 0.120245 0.760549 0.24049 0.46183
3 0.473576 0.665053 0.105181 0.535893
4 0.178725 0.767959 0.355786 0.451904
0 0.226759 0.252941 0.443589 0.492612
4 0.777014 0.503319 0.445973 0.993361
3 0.0271948 0.770382 0.0543897 0.459236
3 0.902187 0.264806 0.195627 0.523284
0 0.285076 0.5 0.512914 1
3 0.0153825 0.470807 0.0307651 0.885015
4 0.929279 0.725919 0.141443 0.548162
4 0.162326 0.770791 0.298238 0.458419
0 0.577875 0.235792 0.84425 0.471583
4 0.826292 0.709784 0.347417 0.571721
0 0.0156494 0.655102 0.0312989 0.678304
3 0.428103 0.274792 0.653568 0.549584
4 0.401763 0.0374757 0.798412 0.0749514
0 0.540349 0.525361 0.136312 0.456325
4 0.501696 0.503878 0.060813 0.289904
4 0.970968 0.718961 0.0580639 0.562078
4 0.651393 0.747548 0.421421 0.504903
4 0.244451 0.501286 0.481452 0.997428
3 0.0128682 0.571529 0.0257364 0.82903
0 0.0277156 0.784559 0.0554312 0.426509
3 0.0297779 0.77832 0.0595558 0.443359
3 0.586819 0.728674 0.302461 0.470622
3 0.778093 0.119318 0.443814 0.238636
1 0.836072 0.762075 0.327856 0.470511
3 0.0156494 0.655102 0.0312989 0.678304
4 0.981164 0.713631 0.0376728 0.551799
0 0.981164 0.713631 0.0376728 0.551799
3 0.501327 0.531108 0.0495934 0.10946
4 0.515775 0.749873 0.624923 0.499786
0 0.0128682 0.571529 0.0257364 0.82903
4 0.45107 0.457227 0.597299 0.913378
4 0.621069 0.75628 0.538009 0.469687
0 0.783193 0.489927 0.433615 0.977369
4 0.9228 0.518007 0.1544 0.963987
3 0.576284 0.0418574 0.847431 0.0837149
3 0.649588 0.546594 0.475122 0.903405
4 0.353863 0.759278 0.43986 0.466726
4 0.272831 0.743014 0.413637 0.513972
0 0.649588 0.546594 0.475122 0.903405
3 0.923486 0.759709 0.153028 0.480583
4 0.858675 0.729219 0.282651 0.541562
4 0.905483 0.762371 0.189034 0.474937
4 0.801032 0.745097 0.397935 0.509806
3 0.476406 0.752065 0.549386 0.482303
4 0.343044 0.739185 0.351058 0.52163
3 0.540349 0.525361 0.136312 0.456325
3 0.493158 0.637329 0.0723478 0.28227
4 0.0297779 0.77832 0.0595558 0.443359
0 0.0187909 0.728675 0.0375818 0.54265
4 0.368856 0.692957 0.365292 0.588606
4 0.311376 0.271195 0.58974 0.541298
0 0.45107 0.457227 0.597299 0.913378
4 0.778093 0.119318 0.443814 0.238636
3 0.0187909 0.728675 0.0375818 0.54265
4 0.96391 0.662144 0.0721804 0.634015
4 0.418585 0.739736 0.442649 0.520528
4 0.472495 0.259665 0.876779 0.519329
3 0.104085 0.707989 0.20817 0.469635
3 0.325156 0.405878 0.636665 0.807068
3 0.712146 0.166296 0.575709 0.332592
4 0.729554 0.750562 0.399906 0.498877
4 0.493158 0.637329 0.0723478 0.28227
4 0.661526 0.417049 0.676947 0.830288
3 0.771033 0.761699 0.45608 0.469522
3 0.577875 0.235792 0.84425 0.471583
4 0.22407 0.117816 0.448139 0.235631
1 0.186677 0.766571 0.367241 0.45825
3 0.114187 0.524642 0.228373 0.935697
0 0.929279 0.725919 0.141443 0.548162
4 0.226759 0.252941 0.443589 0.492612
4 0.586819 0.728674 0.302461 0.470622
4 0.830014 0.210924 0.339972 0.421847
3 0.641745 0.157086 0.71651 0.314172
4 0.558908 0.742412 0.4294 0.515176
0 0.357869 0.469641 0.415187 0.939282
3 0.532221 0.353173 0.935557 0.706345
4 0.902187 0.264806 0.195627 0.523284
0 0.858675 0.729219 0.282651 0.541562
3 0.129518 0.340088 0.259036 0.638772
1 0.688989 0.750976 0.60827 0.481301
4 0.345225 0.43563 0.668647 0.867985
0 0.0237889 0.376126 0.0475778 0.748959
0 0.0297779 0.77832 0.0595558 0.443359
1 0.493158 0.637329 0.0723478 0.28227
2 0.313694 0.733919 0.546115 0.512969
0 0.0153825 0.470807 0.0307651 0.885015
4 0.0237889 0.376126 0.0475778 0.748959
4 0.538363 0.656697 0.116394 0.431639
0 0.772001 0.750099 0.40858 0.499801
3 0.258978 0.25013 0.517956 0.50026
0 0.830014 0.210924 0.339972 0.421847
3 0.600265 0.759176 0.479143 0.470052
2 0.368856 0.692957 0.365292 0.588606
4 0.741716 0.147472 0.516569 0.294944
3 0.318696 0.737258 0.619707 0.520716
4 0.532451 0.5 0.916685 1
4 0.473576 0.665053 0.105181 0.535893
4 0.281001 0.051783 0.562002 0.103566
4 0.0277156 0.784559 0.0554312 0.426509
2 0.74283 0.737912 0.511449 0.500371
0 0.600265 0.759176 0.479143 0.470052
0 0.130871 0.247472 0.261741 0.494945
4 0.130871 0.247472 0.261741 0.494945
1 0.555737 0.750832 0.543697 0.479138
0 0.929652 0.461632 0.140696 0.905752
3 0.353863 0.759278 0.43986 0.466726
3 0.0793566 0.782026 0.158713 0.42525
4 0.0153825 0.470807 0.0307651 0.885015
4 0.0156494 0.655102 0.0312989 0.678304
0 0.302566 0.254201 0.605133 0.508402
4 0.540349 0.525361 0.136312 0.456325
0 0.0358951 0.242602 0.0717902 0.485205
0 0.902187 0.264806 0.195627 0.523284
4 0.705174 0.736211 0.5769 0.501195
4 0.0128682 0.571529 0.0257364 0.82903
2 0.753814 0.168064 0.492373 0.336127
4 0.532221 0.353173 0.935557 0.706345
4 0.125146 0.244707 0.250293 0.464069
4 0.17772 0.394405 0.354437 0.773639
4 0.649588 0.546594 0.475122 0.903405
4 0.791637 0.177851 0.416726 0.355703
4 0.0325225 0.27181 0.0650451 0.543619
1 0.327855 0.747928 0.602633 0.481671
0 0.532451 0.5 0.916685 1
0 0.651393 0.747548 0.421421 0.504903
4 0.357869 0.469641 0.415187 0.939282
1 0.454086 0.748923 0.579363 0.482073
3 0.368856 0.692957 0.365292 0.588606
2 0.239594 0.752695 0.475071 0.482425
4 0.0187909 0.728675 0.0375818 0.54265
4 0.129518 0.340088 0.259036 0.638772
4 0.0793566 0.782026 0.158713 0.42525
0 0.96391 0.662144 0.0721804 0.634015
3 0.318652 0.282616 0.617538 0.565231
1 0.501696 0.503878 0.060813 0.289904
4 0.114187 0.524642 0.228373 0.935697
1 0.923486 0.759709 0.153028 0.480583
2 0.493158 0.637329 0.0723478 0.28227
2 0.929652 0.461632 0.140696 0.905752
0 0.418585 0.739736 0.442649 0.520528
0 0.558908 0.742412 0.4294 0.515176
2 0.586819 0.728674 0.302461 0.470622
1 0.721582 0.297832 0.556836 0.594748
0 0.272831 0.743014 0.413637 0.513972
2 0.501327 0.531108 0.0495934 0.10946
0 0.343044 0.739185 0.351058 0.52163
2 0.905483 0.762371 0.189034 0.474937
1 0.113986 0.774068 0.226478 0.443066
2 0.800113 0.766512 0.399774 0.456189
1 0.24061 0.728771 0.475142 0.510451
0 0.421717 0.753761 0.495421 0.477325
0 0.125146 0.244707 0.250293 0.464069
1 0.652316 0.168446 0.695369 0.336891
2 0.475502 0.743171 0.66906 0.513658
3 0.443071 0.280103 0.881014 0.560206
2 0.629322 0.736898 0.52425 0.496277
1 0.536886 0.293056 0.922136 0.586111
2 0.0997125 0.770178 0.199425 0.459644
0 0.17772 0.394405 0.354437 0.773639
2 0.929279 0.725919 0.141443 0.548162
2 0.558908 0.742412 0.4294 0.515176
1 0.753814 0.168064 0.492373 0.336127
1 0.228363 0.42976 0.452653 0.847687
2 0.199351 0.240869 0.398701 0.481739
2 0.652316 0.168446 0.695369 0.336891
1 0.754542 0.483422 0.490915 0.966531
1 0.204144 0.274015 0.402077 0.541851
2 0.651393 0.747548 0.421421 0.504903
2 0.902187 0.264806 0.195627 0.523284
2 0.834821 0.74086 0.330359 0.518281
1 0.0793566 0.782026 0.158713 0.42525
2 0.540349 0.525361 0.136312 0.456325
1 0.970968 0.718961 0.0580639 0.562078
2 0.729554 0.750562 0.399906 0.498877
2 0.418585 0.739736 0.442649 0.520528
1 0.902187 0.264806 0.195627 0.523284
0 0.648305 0.538099 0.686052 0.923407
2 0.778093 0.119318 0.443814 0.238636
2 0.236925 0.496425 0.469614 0.99285
2 0.779297 0.556324 0.441407 0.879236
2 0.0297779 0.77832 0.0595558 0.443359
1 0.577875 0.235792 0.84425 0.471583
1 0.501327 0.531108 0.0495934 0.10946
2 0.117893 0.493394 0.235787 0.939464
1 0.528736 0.0308058 0.942432 0.0616116
2 0.0277156 0.784559 0.0554312 0.426509
2 0.197246 0.76489 0.365614 0.47022
2 0.0237889 0.376126 0.0475778 0.748959
2 0.785285 0.288554 0.429431 0.566444
2 0.501696 0.503878 0.060813 0.289904
2 0.311376 0.271195 0.58974 0.541298
1 0.608546 0.135771 0.782907 0.271542
2 0.966542 0.737768 0.0669163 0.524465
2 0.538363 0.656697 0.116394 0.431639
2 0.981164 0.713631 0.0376728 0.551799
2 0.272831 0.743014 0.413637 0.513972
2 0.0325225 0.27181 0.0650451 0.543619
2 0.397005 0.262702 0.793074 0.525405
1 0.469431 0.499574 0.611189 0.99826
2 0.0793566 0.782026 0.158713 0.42525
1 0.0277156 0.784559 0.0554312 0.426509
2 0.130871 0.247472 0.261741 0.494945
2 0.129518 0.340088 0.259036 0.638772
2 0.343044 0.739185 0.351058 0.52163
1 0.830014 0.210924 0.339972 0.421847
0 0.129518 0.340088 0.259036 0.638772
1 0.129518 0.340088 0.259036 0.638772
2 0.817104 0.638828 0.365792 0.721081
1 0.981164 0.713631 0.0376728 0.551799
2 0.830014 0.210924 0.339972 0.421847
2 0.544553 0.755073 0.474058 0.477937
1 0.929652 0.461632 0.140696 0.905752
1 0.353863 0.759278 0.43986 0.466726
2 0.608546 0.135771 0.782907 0.271542
1 0.858675 0.729219 0.282651 0.541562
1 0.586819 0.728674 0.302461 0.470622
2 0.17772 0.394405 0.354437 0.773639
2 0.562511 0.5 0.807627 1
