0 0.755576 0.756831 0.488847 0.476049
0 0.543197 0.756121 0.470725 0.470834
0 0.669783 0.750591 0.493633 0.473976
0 0.521185 0.035547 0.957629 0.0710939
0 0.445347 0.665548 0.551248 0.627837
0 0.407561 0.56211 0.611807 0.819112
0 0.348512 0.0432969 0.695916 0.0865939
0 0.408189 0.755601 0.668289 0.478348
3 0.859097 0.532057 0.281805 0.928877
3 0.353353 0.5 0.64758 1
3 0.565529 0.501316 0.868597 0.997368
3 0.192013 0.496358 0.383317 0.991878
4 0.757297 0.765007 0.485406 0.4522
3 0.880692 0.794487 0.238616 0.411027
3 0.753531 0.508861 0.492939 0.962978
3 0.848267 0.347346 0.303466 0.678614
3 0.832596 0.249528 0.334808 0.485996
0 0.21204 0.11399 0.424081 0.22798
3 0.746447 0.757101 0.501817 0.485798
3 0.829886 0.771717 0.340228 0.456565
4 0.543197 0.756121 0.470725 0.470834
3 0.637959 0.752184 0.448667 0.495633
3 0.844163 0.720465 0.311674 0.546697
3 0.760282 0.139802 0.479437 0.279603
3 0.282277 0.816559 0.547762 0.366882
3 0.21204 0.11399 0.424081 0.22798
0 0.853554 0.802985 0.292892 0.39403
3 0.937749 0.505555 0.124502 0.911354
4 0.667659 0.30897 0.664683 0.613472
0 0.817967 0.771776 0.364066 0.450418
3 0.938436 0.299396 0.123127 0.541498
3 0.941299 0.841283 0.117402 0.317434
3 0.5063 0.736531 0.471636 0.479255
3 0.667659 0.30897 0.664683 0.613472
3 0.537461 0.755371 0.446823 0.489258
3 0.407561 0.56211 0.611807 0.819112
3 0.442372 0.485887 0.44248 0.971775
3 0.512042 0.500957 0.402447 0.969029
3 0.94442 0.55149 0.111161 0.666999
3 0.442697 0.778629 0.607033 0.442743
3 0.369388 0.814917 0.609062 0.370166
3 0.184439 0.821473 0.35806 0.357055
3 0.134661 0.832622 0.268311 0.334757
3 0.200218 0.7167 0.39958 0.555498
3 0.280518 0.0547275 0.561035 0.109455
3 0.945593 0.684258 0.108814 0.545469
0 0.0617937 0.849102 0.123587 0.301797
3 0.541854 0.332784 0.906875 0.662337
0 0.82188 0.416498 0.356239 0.818477
4 0.408189 0.755601 0.668289 0.478348
4 0.526045 0.0359285 0.941549 0.0718569
0 0.817402 0.110503 0.365195 0.221006
3 0.720591 0.171299 0.558818 0.342598
3 0.511467 0.026158 0.945572 0.0523161
3 0.445347 0.665548 0.551248 0.627837
0 0.143024 0.828896 0.284246 0.342208
3 0.918965 0.230812 0.16207 0.439018
3 0.861087 0.208569 0.277826 0.417137
3 0.0818207 0.232988 0.163641 0.465976
3 0.0819296 0.73224 0.163859 0.509368
3 0.0139754 0.748742 0.0279508 0.502516
3 0.0331931 0.290263 0.0663861 0.580527
4 0.69281 0.753175 0.604743 0.493649
0 0.720591 0.171299 0.558818 0.342598
0 0.808041 0.251973 0.383918 0.487575
0 0.362166 0.802368 0.684344 0.373006
3 0.406177 0.0441159 0.803465 0.0882319
3 0.702432 0.732934 0.528462 0.494407
0 0.931894 0.812614 0.136212 0.36807
3 0.105383 0.51865 0.210766 0.945607
0 0.519126 0.221205 0.944991 0.442409
3 0.817402 0.110503 0.365195 0.221006
3 0.357553 0.298441 0.625986 0.596881
3 0.0168279 0.593778 0.0336558 0.812444
3 0.0238702 0.822434 0.0477403 0.355132
3 0.853554 0.802985 0.292892 0.39403
4 0.836549 0.775116 0.326903 0.436614
3 0.186203 0.227207 0.370466 0.454414
4 0.760443 0.266389 0.479114 0.520438
3 0.0292416 0.418649 0.0584832 0.837297
0 0.0769123 0.843371 0.153825 0.313257
3 0.937968 0.83661 0.124063 0.32678
0 0.260657 0.0755639 0.521313 0.151128
4 0.779487 0.356995 0.441026 0.708841
3 0.0200247 0.498186 0.0400495 0.870422
0 0.349327 0.26835 0.649973 0.5367
4 0.296222 0.759527 0.583643 0.469686
4 0.541854 0.332784 0.906875 0.662337
4 0.325048 0.813404 0.574282 0.373192
3 0.946609 0.766759 0.106781 0.403289
4 0.442697 0.778629 0.607033 0.442743
4 0.305473 0.5 0.597528 1
3 0.0162322 0.656963 0.0324645 0.686075
3 0.165434 0.385234 0.328368 0.761907
0 0.0162322 0.656963 0.0324645 0.686075
4 0.672495 0.752651 0.591068 0.482055
0 0.0168279 0.593778 0.0336558 0.812444
3 0.690429 0.226686 0.619143 0.453372
3 0.0657529 0.80546 0.131506 0.38908
4 0.880692 0.794487 0.238616 0.411027
4 0.601342 0.22985 0.797317 0.4597
4 0.537461 0.755371 0.446823 0.489258
0 0.0171314 0.796688 0.0342628 0.406624
0 0.249782 0.816109 0.489738 0.354044
0 0.296222 0.759527 0.583643 0.469686
4 0.712088 0.49564 0.575823 0.987466
4 0.184439 0.821473 0.35806 0.357055
4 0.406177 0.0441159 0.803465 0.0882319
0 0.0238702 0.822434 0.0477403 0.355132
0 0.745346 0.221387 0.509308 0.441008
4 0.941299 0.841283 0.117402 0.317434
0 0.760282 0.139802 0.479437 0.279603
3 0.779487 0.356995 0.441026 0.708841
4 0.134661 0.832622 0.268311 0.334757
3 0.770865 0.752486 0.458271 0.467418
4 0.378196 0.817854 0.687749 0.346233
4 0.0238702 0.822434 0.0477403 0.355132
0 0.512042 0.500957 0.402447 0.969029
0 0.941299 0.841283 0.117402 0.317434
4 0.245869 0.282714 0.476555 0.564264
4 0.0769123 0.843371 0.153825 0.313257
0 0.614381 0.152637 0.771238 0.305274
0 0.266257 0.257324 0.519237 0.514648
0 0.433407 0.30794 0.577079 0.612053
3 0.375515 0.735393 0.70074 0.519622
4 0.946609 0.766759 0.106781 0.403289
4 0.573819 0.0708837 0.852362 0.141767
0 0.442697 0.778629 0.607033 0.442743
3 0.614381 0.152637 0.771238 0.305274
4 0.212485 0.492097 0.419427 0.984194
4 0.931894 0.812614 0.136212 0.36807
4 0.407561 0.56211 0.611807 0.819112
4 0.789967 0.760288 0.420066 0.479424
3 0.516511 0.232065 0.947927 0.46413
4 0.349327 0.26835 0.649973 0.5367
0 0.946609 0.766759 0.106781 0.403289
4 0.445347 0.665548 0.551248 0.627837
0 0.938436 0.299396 0.123127 0.541498
4 0.945593 0.684258 0.108814 0.545469
0 0.333987 0.492288 0.665028 0.984576
0 0.197459 0.772056 0.392487 0.447564
4 0.450683 0.278612 0.56911 0.554835
4 0.115601 0.508861 0.231203 0.974497
4 0.21204 0.11399 0.424081 0.22798
3 0.573819 0.0708837 0.852362 0.141767
0 0.371925 0.480086 0.471628 0.960173
3 0.413836 0.253939 0.698492 0.507877
0 0.369388 0.814917 0.609062 0.370166
3 0.544471 0.0390676 0.896679 0.0781351
3 0.760443 0.266389 0.479114 0.520438
0 0.573819 0.0708837 0.852362 0.141767
4 0.860248 0.514374 0.279504 0.971253
4 0.938436 0.299396 0.123127 0.541498
4 0.792565 0.507823 0.41487 0.984354
4 0.9379 0.498311 0.1242 0.822464
4 0.614381 0.152637 0.771238 0.305274
4 0.200218 0.7167 0.39958 0.555498
3 0.441448 0.794292 0.622603 0.393573
3 0.0769123 0.843371 0.153825 0.313257
3 0.265313 0.252311 0.519252 0.504622
4 0.817402 0.110503 0.365195 0.221006
0 0.880692 0.794487 0.238616 0.411027
0 0.0818207 0.232988 0.163641 0.465976
4 0.848267 0.347346 0.303466 0.678614
4 0.0732664 0.780596 0.146533 0.438807
4 0.512042 0.500957 0.402447 0.969029
4 0.191566 0.382809 0.376902 0.762937
4 0.442372 0.485887 0.44248 0.971775
4 0.167826 0.233373 0.335653 0.466746
4 0.0171314 0.796688 0.0342628 0.406624
0 0.537461 0.755371 0.446823 0.489258
4 0.280518 0.0547275 0.561035 0.109455
4 0.0818207 0.232988 0.163641 0.465976
4 0.0617937 0.849102 0.123587 0.301797
1 0.722437 0.277561 0.555125 0.542394
0 0.667659 0.30897 0.664683 0.613472
0 0.541854 0.332784 0.906875 0.662337
0 0.945593 0.684258 0.108814 0.545469
4 0.918965 0.230812 0.16207 0.439018
4 0.0168279 0.593778 0.0336558 0.812444
3 0.251736 0.766995 0.493821 0.450036
4 0.0162322 0.656963 0.0324645 0.686075
4 0.0292416 0.418649 0.0584832 0.837297
4 0.0200247 0.498186 0.0400495 0.870422
4 0.861087 0.208569 0.277826 0.417137
0 0.861087 0.208569 0.277826 0.417137
0 0.0732664 0.780596 0.146533 0.438807
0 0.918965 0.230812 0.16207 0.439018
4 0.249782 0.816109 0.489738 0.354044
4 0.568044 0.494803 0.849971 0.988731
0 0.0305752 0.245208 0.0611504 0.490415
3 0.106089 0.225894 0.212178 0.427587
4 0.0331931 0.290263 0.0663861 0.580527
0 0.679768 0.496079 0.640464 0.992159
4 0.106089 0.225894 0.212178 0.427587
0 0.769027 0.510039 0.461946 0.967483
0 0.9379 0.498311 0.1242 0.822464
4 0.446109 0.50063 0.709744 0.998741
0 0.0200247 0.498186 0.0400495 0.870422
2 0.375515 0.735393 0.70074 0.519622
4 0.720591 0.171299 0.558818 0.342598
0 0.637959 0.752184 0.448667 0.495633
2 0.225703 0.770242 0.446202 0.44539
2 0.445347 0.665548 0.551248 0.627837
1 0.82954 0.79097 0.34092 0.40858
4 0.760282 0.139802 0.479437 0.279603
0 0.0292416 0.418649 0.0584832 0.837297
3 0.129853 0.436715 0.259705 0.829748
0 0.192013 0.496358 0.383317 0.991878
1 0.191362 0.81892 0.377405 0.356764
4 0.832596 0.249528 0.334808 0.485996
2 0.938436 0.299396 0.123127 0.541498
1 0.545527 0.282227 0.893037 0.554309
2 0.5063 0.736531 0.471636 0.479255
1 0.193204 0.288224 0.379748 0.572638
1 0.185685 0.487219 0.366239 0.974439
2 0.752511 0.736098 0.494978 0.504732
2 0.134661 0.832622 0.268311 0.334757
2 0.918965 0.230812 0.16207 0.439018
2 0.0769123 0.843371 0.153825 0.313257
0 0.184439 0.821473 0.35806 0.357055
0 0.860248 0.514374 0.279504 0.971253
1 0.808041 0.251973 0.383918 0.487575
1 0.946609 0.766759 0.106781 0.403289
1 0.931894 0.812614 0.136212 0.36807
2 0.788823 0.224792 0.422353 0.443322
2 0.937968 0.83661 0.124063 0.32678
2 0.407561 0.56211 0.611807 0.819112
2 0.941299 0.841283 0.117402 0.317434
2 0.507578 0.290577 0.918119 0.578811
1 0.669783 0.750591 0.493633 0.473976
1 0.230646 0.745041 0.457655 0.500427
2 0.801248 0.771823 0.397505 0.439621
0 0.446109 0.50063 0.709744 0.998741
2 0.450683 0.278612 0.56911 0.554835
1 0.22925 0.408544 0.452869 0.817087
0 0.167826 0.233373 0.335653 0.466746
1 0.373868 0.7921 0.738667 0.391957
2 0.184439 0.821473 0.35806 0.357055
2 0.614381 0.152637 0.771238 0.305274
2 0.314535 0.794168 0.622413 0.393625
1 0.271987 0.289746 0.538123 0.579493
2 0.817402 0.110503 0.365195 0.221006
2 0.115601 0.508861 0.231203 0.974497
1 0.458847 0.755439 0.609453 0.475608
2 0.690429 0.226686 0.619143 0.453372
2 0.167826 0.233373 0.335653 0.466746
2 0.69281 0.753175 0.604743 0.493649
2 0.9379 0.498311 0.1242 0.822464
1 0.753829 0.747205 0.491032 0.487055
2 0.298656 0.491223 0.582398 0.982447
2 0.946609 0.766759 0.106781 0.403289
2 0.861087 0.208569 0.277826 0.417137
2 0.0657529 0.80546 0.131506 0.38908
2 0.31549 0.261131 0.625568 0.522262
2 0.174361 0.495386 0.34746 0.990772
1 0.171901 0.232937 0.340659 0.443515
2 0.848267 0.347346 0.303466 0.678614
0 0.115601 0.508861 0.231203 0.974497
1 0.165434 0.385234 0.328368 0.761907
2 0.0238702 0.822434 0.0477403 0.355132
2 0.537461 0.755371 0.446823 0.489258
1 0.450683 0.278612 0.56911 0.554835
0 0.193204 0.288224 0.379748 0.572638
1 0.918965 0.230812 0.16207 0.439018
1 0.779487 0.356995 0.441026 0.708841
0 0.106089 0.225894 0.212178 0.427587
1 0.0617937 0.849102 0.123587 0.301797
1 0.0171314 0.796688 0.0342628 0.406624
2 0.769027 0.510039 0.461946 0.967483
2 0.0818207 0.232988 0.163641 0.465976
1 0.544471 0.0390676 0.896679 0.0781351
1 0.353353 0.5 0.64758 1
2 0.945593 0.684258 0.108814 0.545469
2 0.442697 0.778629 0.607033 0.442743
2 0.342844 0.813788 0.580919 0.372424
2 0.720591 0.171299 0.558818 0.342598
2 0.568044 0.494803 0.849971 0.988731
2 0.880692 0.794487 0.238616 0.411027
2 0.0139754 0.748742 0.0279508 0.502516
2 0.0162322 0.656963 0.0324645 0.686075
1 0.129853 0.436715 0.259705 0.829748
2 0.218504 0.247532 0.437008 0.495064
2 0.0305752 0.245208 0.0611504 0.490415
2 0.21204 0.11399 0.424081 0.22798
2 0.523633 0.499561 0.486776 0.98257
2 0.0168279 0.593778 0.0336558 0.812444
1 0.442697 0.778629 0.607033 0.442743
1 0.945593 0.684258 0.108814 0.545469
0 0.165434 0.385234 0.328368 0.761907
1 0.573819 0.0708837 0.852362 0.141767
1 0.565529 0.501316 0.868597 0.997368
2 0.669783 0.750591 0.493633 0.473976
2 0.829886 0.771717 0.340228 0.456565
1 0.614381 0.152637 0.771238 0.305274
1 0.861087 0.208569 0.277826 0.417137
1 0.937749 0.505555 0.124502 0.911354
2 0.0819296 0.73224 0.163859 0.509368
1 0.0238702 0.822434 0.0477403 0.355132
2 0.573819 0.0708837 0.852362 0.141767
0 0.755593 0.756854 0.488813 0.476094
0 0.543241 0.756138 0.470562 0.470889
0 0.668758 0.75062 0.490957 0.473881
0 0.521124 0.0357079 0.957753 0.0714158
0 0.445024 0.66177 0.552884 0.635885
0 0.407713 0.56001 0.613567 0.824185
0 0.348623 0.0434041 0.696197 0.0868081
3 0.85923 0.532117 0.28154 0.928547
0 0.408482 0.755682 0.667932 0.478304
3 0.353446 0.5 0.647311 1
3 0.565052 0.501326 0.869441 0.997348
3 0.191518 0.496389 0.382345 0.991859
4 0.757344 0.76492 0.485311 0.452416
3 0.753565 0.509333 0.49287 0.962029
3 0.880804 0.794683 0.238392 0.410634
3 0.848156 0.346138 0.303689 0.676323
3 0.832583 0.249821 0.334835 0.486654
3 0.745887 0.757128 0.502966 0.485745
0 0.211825 0.113849 0.423649 0.227699
3 0.806651 0.762001 0.386697 0.475998
4 0.543241 0.756138 0.470562 0.470889
3 0.637942 0.752226 0.451176 0.495547
3 0.844646 0.720277 0.310708 0.547065
3 0.760686 0.140351 0.478629 0.280702
3 0.282365 0.816671 0.548011 0.366658
3 0.211825 0.113849 0.423649 0.227699
3 0.937778 0.503686 0.124445 0.907371
4 0.666666 0.308847 0.666667 0.613141
3 0.938464 0.298985 0.123072 0.540992
3 0.941312 0.841267 0.117376 0.317466
0 0.853862 0.803306 0.292277 0.393389
0 0.818151 0.77195 0.363698 0.450062
3 0.505995 0.736412 0.472612 0.479676
3 0.537062 0.755527 0.447838 0.488947
3 0.407713 0.56001 0.613567 0.824185
3 0.666666 0.308847 0.666667 0.613141
3 0.442667 0.48611 0.445671 0.97222
3 0.512101 0.500777 0.403138 0.96986
3 0.94455 0.550367 0.1109 0.663699
3 0.442511 0.778983 0.607495 0.442034
3 0.369321 0.815115 0.609318 0.36977
3 0.184459 0.82145 0.358202 0.357101
3 0.134861 0.832628 0.268713 0.334744
3 0.199843 0.715807 0.398837 0.557486
3 0.280385 0.0546682 0.560769 0.109336
3 0.945648 0.68359 0.108704 0.545244
3 0.54138 0.332766 0.90773 0.662193
4 0.408482 0.755682 0.667932 0.478304
4 0.525914 0.0361819 0.941751 0.0723638
3 0.721114 0.171712 0.557772 0.343423
0 0.0619016 0.849294 0.123803 0.301411
3 0.511527 0.0262893 0.945318 0.0525787
0 0.821965 0.413792 0.35607 0.813209
3 0.445024 0.66177 0.552884 0.635885
3 0.918847 0.231042 0.162307 0.439291
0 0.817455 0.110636 0.36509 0.221272
3 0.861181 0.208516 0.277637 0.417032
3 0.0816734 0.232934 0.163347 0.465869
3 0.0819564 0.731923 0.163913 0.510685
3 0.0334552 0.290577 0.0669104 0.581154
3 0.0141824 0.748432 0.0283648 0.503137
0 0.143153 0.828949 0.284505 0.342102
4 0.69183 0.753228 0.606903 0.493545
3 0.40605 0.0444071 0.803348 0.0888142
3 0.70198 0.732973 0.527505 0.494522
0 0.808102 0.252166 0.383795 0.488021
0 0.721114 0.171712 0.557772 0.343423
3 0.105225 0.518745 0.21045 0.945921
3 0.817455 0.110636 0.36509 0.221272
0 0.362332 0.802858 0.684659 0.37209
3 0.0240039 0.822526 0.0480078 0.354948
3 0.0170351 0.593598 0.0340703 0.812805
3 0.357751 0.298768 0.625714 0.597537
3 0.853862 0.803306 0.292277 0.393389
3 0.186053 0.227016 0.370201 0.454032
0 0.931859 0.812631 0.136281 0.367828
0 0.519035 0.220499 0.945158 0.440999
3 0.029365 0.418321 0.05873 0.836643
4 0.836856 0.775086 0.326287 0.43667
4 0.760614 0.266495 0.478771 0.52069
3 0.937966 0.836666 0.124069 0.326667
0 0.0770926 0.843513 0.154185 0.312974
4 0.779856 0.35521 0.440289 0.705244
3 0.0201509 0.498195 0.0403017 0.870094
4 0.296291 0.759112 0.583689 0.470622
4 0.325184 0.813572 0.574953 0.372857
4 0.54138 0.332766 0.90773 0.662193
0 0.260399 0.0755458 0.520797 0.151092
3 0.946625 0.766513 0.10675 0.403204
4 0.442511 0.778983 0.607495 0.442034
0 0.349579 0.267808 0.649399 0.535615
4 0.30748 0.5 0.601542 1
3 0.1654 0.385658 0.328305 0.762575
3 0.0164578 0.656961 0.0329156 0.686077
4 0.671822 0.75266 0.592834 0.482228
3 0.690725 0.226462 0.61855 0.452923
3 0.0658205 0.805676 0.131641 0.388648
0 0.0164578 0.656961 0.0329156 0.686077
4 0.600903 0.229552 0.798193 0.459103
4 0.880804 0.794683 0.238392 0.410634
4 0.537062 0.755527 0.447838 0.488947
0 0.0170351 0.593598 0.0340703 0.812805
4 0.184459 0.82145 0.358202 0.357101
4 0.712102 0.495649 0.575795 0.987468
4 0.40605 0.0444071 0.803348 0.0888142
0 0.249566 0.816302 0.489249 0.353683
0 0.0173169 0.796691 0.0346337 0.406618
3 0.770963 0.75202 0.458074 0.468327
4 0.941312 0.841267 0.117376 0.317466
0 0.296291 0.759112 0.583689 0.470622
3 0.779856 0.35521 0.440289 0.705244
4 0.134861 0.832628 0.268713 0.334744
4 0.378439 0.818127 0.687529 0.345771
0 0.745798 0.22114 0.508405 0.440308
4 0.0240039 0.822526 0.0480078 0.354948
0 0.0240039 0.822526 0.0480078 0.354948
4 0.245964 0.282857 0.476741 0.564444
4 0.0770926 0.843513 0.154185 0.312974
0 0.760686 0.140351 0.478629 0.280702
0 0.512101 0.500777 0.403138 0.96986
3 0.375915 0.735204 0.700668 0.520125
4 0.946625 0.766513 0.10675 0.403204
0 0.941312 0.841267 0.117376 0.317466
4 0.573519 0.0723514 0.852963 0.144703
0 0.266692 0.257122 0.520072 0.514244
3 0.614203 0.153599 0.771593 0.307199
0 0.43266 0.30779 0.573485 0.611559
4 0.212449 0.492288 0.419395 0.984575
4 0.407713 0.56001 0.613567 0.824185
0 0.614203 0.153599 0.771593 0.307199
4 0.931859 0.812631 0.136281 0.367828
3 0.516561 0.230218 0.94771 0.460436
4 0.790004 0.760346 0.419992 0.479309
0 0.442511 0.778983 0.607495 0.442034
4 0.349579 0.267808 0.649399 0.535615
4 0.445024 0.66177 0.552884 0.635885
4 0.945648 0.68359 0.108704 0.545244
4 0.449853 0.278479 0.565816 0.554129
4 0.115435 0.50887 0.230869 0.974759
4 0.211825 0.113849 0.423649 0.227699
0 0.946625 0.766513 0.10675 0.403204
0 0.938464 0.298985 0.123072 0.540992
3 0.573519 0.0723514 0.852963 0.144703
0 0.197302 0.772024 0.392166 0.447678
0 0.334327 0.492299 0.66574 0.984598
3 0.544186 0.0395072 0.897141 0.0790143
3 0.41392 0.253245 0.69637 0.50649
3 0.760614 0.266495 0.478771 0.52069
4 0.860228 0.514326 0.279544 0.971348
4 0.938464 0.298985 0.123072 0.540992
0 0.369321 0.815115 0.609318 0.36977
4 0.93798 0.496914 0.12404 0.818991
3 0.441666 0.794991 0.622284 0.392246
4 0.792687 0.507815 0.414626 0.984369
4 0.199843 0.715807 0.398837 0.557486
4 0.614203 0.153599 0.771593 0.307199
3 0.0770926 0.843513 0.154185 0.312974
0 0.573519 0.0723514 0.852963 0.144703
3 0.26596 0.252162 0.520572 0.504324
4 0.817455 0.110636 0.36509 0.221272
4 0.848156 0.346138 0.303689 0.676323
4 0.0732863 0.78053 0.146573 0.43894
4 0.19154 0.383144 0.376853 0.763458
4 0.512101 0.500777 0.403138 0.96986
4 0.442667 0.48611 0.445671 0.97222
0 0.880804 0.794683 0.238392 0.410634
0 0.0816734 0.232934 0.163347 0.465869
4 0.167338 0.233033 0.334676 0.466066
4 0.0173169 0.796691 0.0346337 0.406618
4 0.0816734 0.232934 0.163347 0.465869
4 0.280385 0.0546682 0.560769 0.109336
4 0.0619016 0.849294 0.123803 0.301411
1 0.722449 0.277574 0.555102 0.542429
0 0.537062 0.755527 0.447838 0.488947
4 0.918847 0.231042 0.162307 0.439291
3 0.251786 0.76693 0.493965 0.45023
4 0.0170351 0.593598 0.0340703 0.812805
4 0.0164578 0.656961 0.0329156 0.686077
0 0.54138 0.332766 0.90773 0.662193
0 0.945648 0.68359 0.108704 0.545244
0 0.734548 0.320697 0.53015 0.640236
4 0.029365 0.418321 0.05873 0.836643
4 0.0201509 0.498195 0.0403017 0.870094
4 0.861181 0.208516 0.277637 0.417032
4 0.249566 0.816302 0.489249 0.353683
4 0.56802 0.494841 0.849302 0.988815
3 0.106184 0.225773 0.212368 0.427296
4 0.0334552 0.290577 0.0669104 0.581154
0 0.861181 0.208516 0.277637 0.417032
0 0.918847 0.231042 0.162307 0.439291
0 0.0732863 0.78053 0.146573 0.43894
4 0.106184 0.225773 0.212368 0.427296
0 0.0308142 0.245194 0.0616284 0.490388
4 0.443925 0.500654 0.702523 0.998691
2 0.375915 0.735204 0.700668 0.520125
0 0.680281 0.496126 0.639438 0.992253
0 0.93798 0.496914 0.12404 0.818991
0 0.769136 0.510191 0.461728 0.967067
0 0.0201509 0.498195 0.0403017 0.870094
4 0.721114 0.171712 0.557772 0.343423
2 0.225534 0.770293 0.445829 0.445357
2 0.445024 0.66177 0.552884 0.635885
1 0.829709 0.791191 0.340582 0.408096
0 0.637942 0.752226 0.451176 0.495547
4 0.760686 0.140351 0.478629 0.280702
3 0.129949 0.437783 0.259898 0.831861
1 0.191278 0.81884 0.377271 0.356931
4 0.832583 0.249821 0.334835 0.486654
2 0.938464 0.298985 0.123072 0.540992
0 0.029365 0.418321 0.05873 0.836643
0 0.191518 0.496389 0.382345 0.991859
1 0.544722 0.282351 0.89459 0.554493
1 0.19314 0.288434 0.379626 0.572954
2 0.505995 0.736412 0.472612 0.479676
0 0.442667 0.48611 0.445671 0.97222
1 0.185474 0.487374 0.365826 0.974747
2 0.134861 0.832628 0.268713 0.334744
2 0.752501 0.736089 0.494997 0.504936
2 0.918847 0.231042 0.162307 0.439291
0 0.638629 0.278711 0.722742 0.545154
2 0.0770926 0.843513 0.154185 0.312974
0 0.184459 0.82145 0.358202 0.357101
1 0.808102 0.252166 0.383795 0.488021
1 0.931859 0.812631 0.136281 0.367828
1 0.946625 0.766513 0.10675 0.403204
0 0.860228 0.514326 0.279544 0.971348
2 0.789325 0.224206 0.421349 0.441936
2 0.937966 0.836666 0.124069 0.326667
2 0.407713 0.56001 0.613567 0.824185
2 0.941312 0.841267 0.117376 0.317466
2 0.507458 0.29064 0.917962 0.578605
1 0.668758 0.75062 0.490957 0.473881
2 0.801397 0.771879 0.397205 0.439512
1 0.230291 0.744287 0.456956 0.502059
2 0.449853 0.278479 0.565816 0.554129
0 0.443925 0.500654 0.702523 0.998691
1 0.229493 0.408909 0.453393 0.817818
1 0.373929 0.792253 0.7387 0.391699
2 0.184459 0.82145 0.358202 0.357101
2 0.614203 0.153599 0.771593 0.307199
0 0.167338 0.233033 0.334676 0.466066
1 0.272827 0.289928 0.539829 0.579856
2 0.314361 0.794981 0.622029 0.392078
2 0.817455 0.110636 0.36509 0.221272
2 0.115435 0.50887 0.230869 0.974759
1 0.458543 0.755451 0.6101 0.475684
2 0.167338 0.233033 0.334676 0.466066
2 0.690725 0.226462 0.61855 0.452923
2 0.93798 0.496914 0.12404 0.818991
2 0.69183 0.753228 0.606903 0.493545
1 0.753839 0.747172 0.491035 0.487229
2 0.300763 0.491302 0.586571 0.982605
2 0.946625 0.766513 0.10675 0.403204
2 0.861181 0.208516 0.277637 0.417032
2 0.0658205 0.805676 0.131641 0.388648
2 0.316019 0.260921 0.62665 0.521843
2 0.173997 0.495423 0.34675 0.990846
1 0.171809 0.232827 0.340489 0.443257
2 0.848156 0.346138 0.303689 0.676323
1 0.1654 0.385658 0.328305 0.762575
2 0.0240039 0.822526 0.0480078 0.354948
2 0.537062 0.755527 0.447838 0.488947
0 0.115435 0.50887 0.230869 0.974759
1 0.449853 0.278479 0.565816 0.554129
1 0.918847 0.231042 0.162307 0.439291
1 0.779856 0.35521 0.440289 0.705244
1 0.0619016 0.849294 0.123803 0.301411
1 0.0173169 0.796691 0.0346337 0.406618
2 0.769136 0.510191 0.461728 0.967067
1 0.544186 0.0395072 0.897141 0.0790143
2 0.0816734 0.232934 0.163347 0.465869
1 0.353446 0.5 0.647311 1
2 0.945648 0.68359 0.108704 0.545244
0 0.19314 0.288434 0.379626 0.572954
2 0.442511 0.778983 0.607495 0.442034
2 0.342886 0.81399 0.581288 0.37202
0 0.106184 0.225773 0.212368 0.427296
2 0.721114 0.171712 0.557772 0.343423
2 0.56802 0.494841 0.849302 0.988815
2 0.880804 0.794683 0.238392 0.410634
2 0.0141824 0.748432 0.0283648 0.503137
1 0.129949 0.437783 0.259898 0.831861
2 0.0164578 0.656961 0.0329156 0.686077
2 0.218835 0.247393 0.43767 0.494787
2 0.211825 0.113849 0.423649 0.227699
2 0.0308142 0.245194 0.0616284 0.490388
2 0.512101 0.500777 0.403138 0.96986
2 0.0170351 0.593598 0.0340703 0.812805
1 0.442511 0.778983 0.607495 0.442034
1 0.573519 0.0723514 0.852963 0.144703
1 0.945648 0.68359 0.108704 0.545244
2 0.668758 0.75062 0.490957 0.473881
1 0.565052 0.501326 0.869441 0.997348
2 0.830066 0.771949 0.339868 0.456102
1 0.614203 0.153599 0.771593 0.307199
1 0.861181 0.208516 0.277637 0.417032
1 0.937778 0.503686 0.124445 0.907371
0 0.1654 0.385658 0.328305 0.762575
1 0.0240039 0.822526 0.0480078 0.354948
2 0.0819564 0.731923 0.163913 0.510685
