0 0.502023 0.63494 0.0562062 0.219607
0 0.80614 0.762778 0.101574 0.308319
0 0.235432 0.518608 0.0546 0.0582484
0 0.529132 0.67943 0.085397 0.310241
0 0.224455 0.522266 0.0718044 0.0721829
0 0.807581 0.70944 0.102839 0.456837
0 0.591437 0.713516 0.230857 0.367552
0 0.627741 0.746553 0.292879 0.503552
0 0.832271 0.75744 0.15597 0.375284
2 0.502023 0.63494 0.0562062 0.219607
0 0.877813 0.733342 0.244374 0.51597
0 0.237399 0.445402 0.0553965 0.213921
3 0.390148 0.453069 0.334336 0.887945
3 0.148978 0.598288 0.158172 0.475707
4 0.502023 0.63494 0.0562062 0.219607
3 0.117468 0.48204 0.234936 0.945782
0 0.0631923 0.606277 0.126298 0.308357
3 0.170534 0.632416 0.134567 0.329056
0 0.226558 0.475202 0.0760166 0.265588
3 0.822736 0.736935 0.347571 0.52613
1 0.500724 0.632608 0.0567821 0.206362
0 0.508827 0.6049 0.0671474 0.485819
3 0.874083 0.74142 0.251834 0.51716
3 0.0721099 0.554649 0.14422 0.361452
3 0.875549 0.723028 0.235379 0.514058
3 0.843564 0.771432 0.302764 0.453704
0 0.125548 0.90851 0.248628 0.17441
3 0.678497 0.430162 0.261831 0.836883
3 0.3475 0.5915 0.381681 0.810999
0 0.447307 0.64017 0.17425 0.239859
0 0.413749 0.755364 0.527047 0.464336
3 0.918874 0.728054 0.162252 0.543892
3 0.629696 0.532439 0.210774 0.716505
0 0.7079 0.713389 0.309088 0.490806
3 0.218822 0.541826 0.100794 0.607895
3 0.592665 0.242581 0.591823 0.485161
3 0.668922 0.572321 0.32662 0.823901
3 0.834993 0.270229 0.255789 0.527008
0 0.0164196 0.605076 0.0328393 0.443251
3 0.677707 0.323103 0.307538 0.634691
3 0.8648 0.516971 0.2704 0.966057
3 0.125522 0.372543 0.249983 0.732652
3 0.934116 0.541061 0.131767 0.812919
3 0.750381 0.439762 0.311946 0.87101
3 0.635072 0.76358 0.415596 0.472839
3 0.752516 0.320106 0.337173 0.626494
3 0.525572 0.537762 0.110716 0.61903
0 0.0593372 0.907368 0.118041 0.176552
2 0.807372 0.773832 0.098111 0.359632
0 0.532087 0.691047 0.0681844 0.434209
3 0.391753 0.288079 0.336905 0.561436
3 0.0917611 0.396144 0.183522 0.745771
4 0.843564 0.771432 0.302764 0.453704
3 0.481476 0.636833 0.0964239 0.237859
3 0.466112 0.74744 0.582517 0.50512
3 0.0631923 0.606277 0.126298 0.308357
1 0.807314 0.759992 0.102809 0.300401
3 0.621146 0.4129 0.205894 0.702266
0 0.136475 0.919867 0.270015 0.160265
0 0.101183 0.911634 0.202366 0.176731
0 0.3475 0.5915 0.381681 0.810999
3 0.614837 0.332687 0.236887 0.628191
3 0.307415 0.833652 0.5223 0.332697
3 0.884784 0.306982 0.230433 0.604636
0 0.266143 0.726536 0.516022 0.524782
0 0.735356 0.765832 0.252605 0.377178
3 0.0861482 0.718382 0.172296 0.50917
3 0.568255 0.515525 0.181191 0.675345
3 0.501321 0.308863 0.505545 0.617725
3 0.807544 0.773357 0.0987877 0.325424
3 0.508827 0.6049 0.0671474 0.485819
0 0.21479 0.60849 0.0950515 0.215927
3 0.671785 0.704028 0.352266 0.571354
3 0.285001 0.557877 0.13814 0.421483
3 0.899539 0.413509 0.200921 0.822242
0 0.481476 0.636833 0.0964239 0.237859
0 0.170534 0.632416 0.134567 0.329056
0 0.224579 0.571721 0.0833125 0.144188
3 0.792418 0.503564 0.293714 0.95738
3 0.798958 0.134415 0.402084 0.26883
3 0.655639 0.0793784 0.667006 0.158757
3 0.825345 0.22371 0.34931 0.44742
3 0.264034 0.872314 0.512116 0.255372
3 0.447497 0.684194 0.165309 0.561022
0 0.391678 0.295067 0.338316 0.573193
3 0.238952 0.492518 0.0821149 0.512549
0 0.274209 0.529189 0.138779 0.121982
3 0.604985 0.722405 0.211114 0.55519
3 0.568286 0.740684 0.450213 0.518633
3 0.144843 0.301117 0.289686 0.602233
1 0.502523 0.598945 0.0567871 0.239293
0 0.786708 0.766963 0.32337 0.438995
0 0.0861482 0.718382 0.172296 0.50917
4 0.633355 0.755987 0.308719 0.469533
3 0.710453 0.279318 0.511967 0.558636
3 0.944852 0.784195 0.110297 0.431609
3 0.571889 0.632333 0.185652 0.666214
3 0.928724 0.661557 0.142552 0.576472
4 0.508827 0.6049 0.0671474 0.485819
3 0.480178 0.430994 0.22588 0.72968
0 0.241672 0.618012 0.360707 0.277624
3 0.502523 0.598945 0.0567871 0.239293
3 0.861398 0.398277 0.246094 0.796139
3 0.117285 0.262744 0.234569 0.525489
4 0.822736 0.736935 0.347571 0.52613
0 0.94457 0.771179 0.110861 0.457642
3 0.537336 0.118935 0.680754 0.23787
3 0.273385 0.185507 0.54677 0.371014
3 0.0164196 0.605076 0.0328393 0.443251
3 0.577181 0.419444 0.156651 0.664483
0 0.843564 0.771432 0.302764 0.453704
0 0.015039 0.710717 0.030078 0.578567
3 0.700765 0.112699 0.598471 0.225397
3 0.159706 0.740554 0.319412 0.499555
3 0.527522 0.621523 0.0854596 0.506718
0 0.127544 0.748267 0.252679 0.483337
3 0.951511 0.237423 0.0969783 0.428657
4 0.237399 0.445402 0.0553965 0.213921
0 0.0147092 0.49335 0.0294184 0.458604
2 0.440478 0.755338 0.629883 0.462039
3 0.242164 0.903124 0.469497 0.193752
3 0.172776 0.9105 0.338641 0.179001
3 0.274209 0.529189 0.138779 0.121982
3 0.413749 0.755364 0.527047 0.464336
4 0.591437 0.713516 0.230857 0.367552
4 0.80614 0.762778 0.101574 0.308319
4 0.392317 0.293344 0.335789 0.572105
3 0.732423 0.760485 0.420046 0.47903
3 0.564663 0.0888863 0.735244 0.177773
3 0.224455 0.522266 0.0718044 0.0721829
3 0.627741 0.746553 0.292879 0.503552
3 0.235432 0.518608 0.0546 0.0582484
0 0.564663 0.0888863 0.735244 0.177773
4 0.635072 0.76358 0.415596 0.472839
3 0.301933 0.503109 0.487675 0.957903
1 0.807581 0.70944 0.102839 0.456837
3 0.133633 0.654302 0.197835 0.309577
0 0.248255 0.889192 0.483718 0.201101
4 0.832271 0.75744 0.15597 0.375284
3 0.587848 0.341456 0.159023 0.630459
3 0.532087 0.691047 0.0681844 0.434209
3 0.237399 0.445402 0.0553965 0.213921
3 0.0954525 0.162438 0.190905 0.324875
3 0.181708 0.222009 0.363416 0.444018
4 0.515065 0.761247 0.539975 0.449393
0 0.399365 0.775519 0.733075 0.420781
3 0.529132 0.67943 0.085397 0.310241
3 0.943476 0.181987 0.113047 0.363974
3 0.864842 0.0941336 0.270315 0.188267
0 0.598644 0.760017 0.4014 0.4525
4 0.235432 0.518608 0.0546 0.0582484
3 0.0178859 0.37155 0.0357719 0.651567
3 0.0153416 0.676084 0.0306831 0.582357
3 0.0808929 0.21442 0.161786 0.428839
3 0.0178893 0.80312 0.0357785 0.39376
4 0.363604 0.769896 0.703104 0.427544
3 0.943436 0.740089 0.113128 0.519822
3 0.226558 0.475202 0.0760166 0.265588
3 0.340665 0.393212 0.290072 0.760854
3 0.304198 0.72844 0.605229 0.529392
4 0.529132 0.67943 0.085397 0.310241
3 0.0255965 0.864305 0.051193 0.27139
3 0.786708 0.766963 0.32337 0.438995
3 0.0401312 0.319229 0.0802624 0.638459
3 0.0629051 0.245871 0.12581 0.491743
4 0.786708 0.766963 0.32337 0.438995
3 0.125548 0.90851 0.248628 0.17441
0 0.0954525 0.162438 0.190905 0.324875
0 0.944852 0.784195 0.110297 0.431609
0 0.797166 0.705511 0.203497 0.499434
3 0.214 0.713294 0.423723 0.549658
0 0.133633 0.654302 0.197835 0.309577
3 0.308334 0.134537 0.554671 0.269074
4 0.874083 0.74142 0.251834 0.51716
0 0.943476 0.181987 0.113047 0.363974
3 0.440193 0.361237 0.329 0.691809
0 0.864842 0.0941336 0.270315 0.188267
4 0.732423 0.760485 0.420046 0.47903
4 0.304198 0.72844 0.605229 0.529392
0 0.0612379 0.827737 0.121736 0.337984
0 0.0178893 0.80312 0.0357785 0.39376
0 0.929354 0.732385 0.141293 0.527863
4 0.226558 0.475202 0.0760166 0.265588
2 0.529132 0.67943 0.085397 0.310241
2 0.133633 0.654302 0.197835 0.309577
4 0.889545 0.748923 0.220909 0.502154
3 0.797166 0.705511 0.203497 0.499434
4 0.307415 0.833652 0.5223 0.332697
0 0.0255965 0.864305 0.051193 0.27139
4 0.944852 0.784195 0.110297 0.431609
2 0.877813 0.733342 0.244374 0.51597
2 0.447307 0.64017 0.17425 0.239859
2 0.832271 0.75744 0.15597 0.375284
3 0.832271 0.75744 0.15597 0.375284
4 0.514207 0.73962 0.545514 0.52076
4 0.929354 0.732385 0.141293 0.527863
0 0.635072 0.76358 0.415596 0.472839
0 0.173534 0.902635 0.342722 0.180165
4 0.136475 0.919867 0.270015 0.160265
3 0.339746 0.78896 0.649678 0.397668
3 0.240837 0.774315 0.467728 0.42047
0 0.951511 0.237423 0.0969783 0.428657
0 0.527522 0.621523 0.0854596 0.506718
0 0.0721099 0.554649 0.14422 0.361452
4 0.918874 0.728054 0.162252 0.543892
3 0.523047 0.260291 0.626301 0.520583
3 0.113212 0.213441 0.226425 0.426883
3 0.0612379 0.827737 0.121736 0.337984
4 0.101183 0.911634 0.202366 0.176731
0 0.523047 0.260291 0.626301 0.520583
3 0.0147092 0.49335 0.0294184 0.458604
4 0.396326 0.76704 0.579511 0.465921
1 0.603477 0.703813 0.265843 0.366602
3 0.322432 0.262834 0.424898 0.523898
0 0.0525092 0.751401 0.105018 0.48846
4 0.0255965 0.864305 0.051193 0.27139
0 0.537336 0.118935 0.680754 0.23787
4 0.0612379 0.827737 0.121736 0.337984
4 0.94457 0.771179 0.110861 0.457642
0 0.700765 0.112699 0.598471 0.225397
0 0.568286 0.740684 0.450213 0.518633
0 0.369668 0.5 0.327721 1
0 0.932101 0.415979 0.135798 0.776841
0 0.0469992 0.658027 0.0939984 0.442796
0 0.273385 0.185507 0.54677 0.371014
0 0.671785 0.704028 0.352266 0.571354
4 0.807581 0.70944 0.102839 0.456837
0 0.114718 0.242159 0.229435 0.480201
4 0.38609 0.45933 0.335894 0.890242
0 0.409221 0.280052 0.391264 0.560104
4 0.0954525 0.162438 0.190905 0.324875
4 0.935045 0.511867 0.129909 0.908195
3 0.21479 0.60849 0.0950515 0.215927
4 0.240837 0.774315 0.467728 0.42047
4 0.0808929 0.21442 0.161786 0.428839
0 0.732423 0.760485 0.420046 0.47903
0 0.918874 0.728054 0.162252 0.543892
3 0.409221 0.280052 0.391264 0.560104
0 0.27028 0.814576 0.531078 0.348893
3 0.051967 0.544526 0.103934 0.333258
3 0.0469992 0.658027 0.0939984 0.442796
0 0.798958 0.134415 0.402084 0.26883
3 0.7079 0.713389 0.309088 0.490806
3 0.522469 0.761736 0.52069 0.456213
2 0.159706 0.740554 0.319412 0.499555
1 0.173534 0.902635 0.342722 0.180165
0 0.308334 0.134537 0.554671 0.269074
0 0.797448 0.744532 0.342949 0.510936
0 0.209519 0.901306 0.401627 0.197388
4 0.264034 0.872314 0.512116 0.255372
3 0.241672 0.618012 0.360707 0.277624
2 0.226558 0.475202 0.0760166 0.265588
1 0.875485 0.737177 0.249029 0.514437
3 0.0593372 0.907368 0.118041 0.176552
4 0.224455 0.522266 0.0718044 0.0721829
3 0.0525092 0.751401 0.105018 0.48846
4 0.592665 0.242581 0.591823 0.485161
0 0.202453 0.780311 0.401876 0.418206
4 0.209519 0.901306 0.401627 0.197388
4 0.0147092 0.49335 0.0294184 0.458604
2 0.603477 0.703813 0.265843 0.366602
4 0.700765 0.112699 0.598471 0.225397
0 0.0808929 0.21442 0.161786 0.428839
4 0.0401312 0.319229 0.0802624 0.638459
4 0.0160748 0.745506 0.0321495 0.508989
0 0.655639 0.0793784 0.667006 0.158757
4 0.0593372 0.907368 0.118041 0.176552
4 0.727779 0.752794 0.364363 0.476946
2 0.214 0.713294 0.423723 0.549658
4 0.238952 0.492518 0.0821149 0.512549
0 0.181708 0.222009 0.363416 0.444018
4 0.0629051 0.245871 0.12581 0.491743
4 0.951511 0.237423 0.0969783 0.428657
2 0.0647042 0.632937 0.129408 0.287318
0 0.0178859 0.37155 0.0357719 0.651567
0 0.587848 0.341456 0.159023 0.630459
3 0.101183 0.911634 0.202366 0.176731
0 0.343046 0.794498 0.53041 0.411004
1 0.237399 0.445402 0.0553965 0.213921
3 0.224579 0.571721 0.0833125 0.144188
4 0.777365 0.273054 0.421269 0.540233
4 0.0160932 0.577005 0.0321864 0.382045
0 0.123799 0.233205 0.247597 0.466411
0 0.0629051 0.245871 0.12581 0.491743
0 0.777365 0.273054 0.421269 0.540233
4 0.218822 0.541826 0.100794 0.607895
4 0.735356 0.765832 0.252605 0.377178
4 0.943476 0.181987 0.113047 0.363974
4 0.0631923 0.606277 0.126298 0.308357
1 0.235432 0.518608 0.0546 0.0582484
4 0.1144 0.283718 0.2288 0.555482
3 0.447307 0.64017 0.17425 0.239859
4 0.655639 0.0793784 0.667006 0.158757
4 0.864842 0.0941336 0.270315 0.188267
4 0.674877 0.724726 0.36037 0.525838
4 0.798958 0.134415 0.402084 0.26883
4 0.11549 0.390886 0.23098 0.781773
4 0.125548 0.90851 0.248628 0.17441
2 0.62861 0.75087 0.323217 0.464186
0 0.515065 0.761247 0.539975 0.449393
0 0.502031 0.634991 0.0561797 0.219462
0 0.806156 0.762868 0.101617 0.308181
0 0.235514 0.518601 0.05449 0.0582168
0 0.529221 0.679426 0.0853497 0.310095
0 0.807502 0.709596 0.102611 0.455557
0 0.224465 0.522254 0.0717798 0.0721461
0 0.591451 0.713278 0.230846 0.366961
0 0.627735 0.746648 0.292676 0.503713
0 0.831255 0.758577 0.153959 0.371329
2 0.502031 0.634991 0.0561797 0.219462
0 0.877761 0.733657 0.244478 0.515365
3 0.390111 0.453189 0.334199 0.888193
3 0.149515 0.598162 0.156908 0.47461
0 0.237498 0.4455 0.0552743 0.213808
3 0.117455 0.48197 0.234911 0.945171
4 0.502031 0.634991 0.0561797 0.219462
0 0.0632639 0.606421 0.126338 0.308358
3 0.170689 0.632192 0.134187 0.328512
3 0.822525 0.737872 0.347989 0.524256
0 0.226573 0.47537 0.0759901 0.265626
1 0.500731 0.632677 0.0567596 0.206278
3 0.873973 0.742572 0.252054 0.514855
0 0.508848 0.604853 0.0670048 0.485405
3 0.0720951 0.554682 0.14419 0.361302
3 0.874437 0.722853 0.23313 0.513564
3 0.843518 0.773019 0.302365 0.450387
3 0.678496 0.430168 0.261305 0.836543
0 0.125595 0.908489 0.248716 0.174391
3 0.347667 0.596321 0.381206 0.80143
3 0.918888 0.728634 0.162224 0.542731
3 0.629818 0.532245 0.209923 0.714994
3 0.218941 0.541944 0.100563 0.608144
0 0.447142 0.640268 0.174566 0.239396
0 0.414301 0.755572 0.526275 0.464043
3 0.592886 0.243018 0.590741 0.486036
0 0.708565 0.713296 0.307683 0.490488
3 0.835061 0.27026 0.255345 0.527181
3 0.668669 0.572836 0.325588 0.822915
3 0.677744 0.323575 0.306944 0.635685
3 0.864932 0.516922 0.270136 0.966155
3 0.125624 0.372751 0.250093 0.733031
3 0.934111 0.540324 0.131777 0.813118
3 0.750584 0.439654 0.311617 0.870839
0 0.0164017 0.605093 0.0328034 0.443388
3 0.63535 0.763804 0.416193 0.472391
3 0.752767 0.320578 0.336787 0.627517
3 0.525678 0.538032 0.110376 0.61785
2 0.807337 0.774135 0.0980816 0.356373
3 0.391734 0.287823 0.336831 0.561057
3 0.0915962 0.396332 0.183192 0.745891
1 0.807318 0.760033 0.102856 0.300309
0 0.0593206 0.907368 0.118006 0.176509
4 0.843518 0.773019 0.302365 0.450387
3 0.465937 0.747395 0.582593 0.50521
3 0.481553 0.636803 0.0962343 0.237622
3 0.0632639 0.606421 0.126338 0.308358
3 0.621287 0.412833 0.204917 0.701437
0 0.532262 0.691134 0.0679312 0.434335
3 0.614908 0.333157 0.235728 0.628995
3 0.307354 0.834024 0.52213 0.331951
3 0.884802 0.307164 0.230396 0.605108
0 0.136537 0.920074 0.27014 0.159852
3 0.0862923 0.718498 0.172585 0.509182
3 0.807542 0.77275 0.0988249 0.323827
3 0.56832 0.515509 0.180497 0.67429
0 0.347667 0.596321 0.381206 0.80143
0 0.101078 0.911764 0.202155 0.176471
3 0.501729 0.309337 0.503052 0.618674
3 0.508848 0.604853 0.0670048 0.485405
3 0.671317 0.704232 0.351899 0.571559
0 0.265978 0.72645 0.51566 0.524951
0 0.7357 0.766029 0.251678 0.376576
3 0.285039 0.557858 0.137935 0.420711
3 0.899616 0.412796 0.200767 0.820817
0 0.214857 0.608403 0.0949333 0.21576
3 0.791522 0.503384 0.291761 0.957227
3 0.799233 0.134751 0.401534 0.269503
3 0.655731 0.0802575 0.666185 0.160515
3 0.449485 0.685002 0.161256 0.55772
3 0.825816 0.223196 0.348368 0.446391
3 0.263887 0.872475 0.511844 0.25505
0 0.481553 0.636803 0.0962343 0.237622
0 0.170689 0.632192 0.134187 0.328512
3 0.239115 0.492956 0.0820309 0.514468
3 0.604872 0.722519 0.210209 0.554963
0 0.224655 0.571704 0.0832267 0.144155
0 0.391668 0.294933 0.338304 0.573045
3 0.568324 0.740592 0.45018 0.518816
3 0.14472 0.30174 0.28944 0.603481
1 0.50253 0.598768 0.0567472 0.238895
0 0.274112 0.528913 0.138309 0.12102
4 0.633338 0.756071 0.308661 0.469613
3 0.710884 0.279292 0.510823 0.558584
3 0.944836 0.785318 0.110327 0.429363
3 0.571818 0.632433 0.185237 0.665839
3 0.928674 0.660505 0.142653 0.578206
0 0.786657 0.768027 0.322994 0.436682
4 0.508848 0.604853 0.0670048 0.485405
0 0.0862923 0.718498 0.172585 0.509182
3 0.481083 0.431111 0.223968 0.728858
3 0.50253 0.598768 0.0567472 0.238895
3 0.861311 0.397556 0.24578 0.794765
3 0.11727 0.262795 0.23454 0.52559
0 0.241422 0.617432 0.359339 0.276244
4 0.822525 0.737872 0.347989 0.524256
3 0.536988 0.120284 0.678593 0.240569
3 0.272563 0.186496 0.545127 0.372991
3 0.0164017 0.605093 0.0328034 0.443388
3 0.577257 0.419303 0.155878 0.663503
3 0.701067 0.113787 0.597867 0.227574
3 0.1596 0.740483 0.319199 0.499716
3 0.527648 0.621556 0.0853085 0.506544
3 0.951702 0.237295 0.0965965 0.428457
4 0.237498 0.4455 0.0552743 0.213808
0 0.944603 0.7722 0.110794 0.4556
0 0.0150993 0.710646 0.0301985 0.578707
0 0.843518 0.773019 0.302365 0.450387
4 0.806156 0.762868 0.101617 0.308181
3 0.242014 0.90312 0.469169 0.19376
3 0.172797 0.910569 0.338696 0.178863
2 0.440719 0.755465 0.629355 0.461746
1 0.807502 0.709596 0.102611 0.455557
0 0.127468 0.748483 0.252529 0.48287
3 0.274112 0.528913 0.138309 0.12102
3 0.414301 0.755572 0.526275 0.464043
4 0.392293 0.293147 0.335728 0.571835
4 0.591451 0.713278 0.230846 0.366961
3 0.732546 0.761015 0.420973 0.477969
3 0.564546 0.0905528 0.733007 0.181106
3 0.627735 0.746648 0.292676 0.503713
3 0.224465 0.522254 0.0717798 0.0721461
0 0.0146931 0.493474 0.0293863 0.458497
3 0.235514 0.518601 0.05449 0.0582168
4 0.63535 0.763804 0.416193 0.472391
3 0.302197 0.505592 0.486774 0.952856
3 0.133828 0.654356 0.197374 0.309734
3 0.587897 0.3418 0.158044 0.630874
3 0.532262 0.691134 0.0679312 0.434335
4 0.831255 0.758577 0.153959 0.371329
3 0.0952209 0.1625 0.190442 0.325001
3 0.237498 0.4455 0.0552743 0.213808
3 0.180569 0.222549 0.361139 0.445099
0 0.564546 0.0905528 0.733007 0.181106
3 0.529221 0.679426 0.0853497 0.310095
4 0.514444 0.761279 0.541246 0.449361
0 0.248084 0.889209 0.483339 0.201092
3 0.943826 0.181587 0.112348 0.363174
3 0.865638 0.0942639 0.268723 0.188528
4 0.235514 0.518601 0.05449 0.0582168
3 0.0178484 0.371501 0.0356968 0.65171
3 0.015358 0.676044 0.030716 0.582735
3 0.943494 0.740321 0.113012 0.519358
3 0.0803486 0.214391 0.160697 0.428781
4 0.363947 0.769936 0.703691 0.427402
3 0.0179398 0.803121 0.0358795 0.393758
0 0.399507 0.775499 0.733221 0.420837
0 0.598726 0.76004 0.401281 0.452543
3 0.226573 0.47537 0.0759901 0.265626
3 0.304265 0.728376 0.605343 0.529637
3 0.342509 0.39303 0.291847 0.760991
3 0.0256471 0.864221 0.0512943 0.271558
4 0.529221 0.679426 0.0853497 0.310095
3 0.786657 0.768027 0.322994 0.436682
3 0.0397847 0.319149 0.0795695 0.638299
3 0.0622799 0.245899 0.12456 0.491797
3 0.125595 0.908489 0.248716 0.174391
4 0.786657 0.768027 0.322994 0.436682
3 0.21379 0.713248 0.423362 0.549721
3 0.308603 0.135464 0.55321 0.270928
4 0.873973 0.742572 0.252054 0.514855
0 0.0952209 0.1625 0.190442 0.325001
0 0.944836 0.785318 0.110327 0.429363
0 0.796382 0.705169 0.196847 0.498594
3 0.440495 0.361458 0.328219 0.692077
4 0.732546 0.761015 0.420973 0.477969
0 0.133828 0.654356 0.197374 0.309734
4 0.304265 0.728376 0.605343 0.529637
0 0.943826 0.181587 0.112348 0.363174
4 0.226573 0.47537 0.0759901 0.265626
2 0.529221 0.679426 0.0853497 0.310095
0 0.865638 0.0942639 0.268723 0.188528
2 0.133828 0.654356 0.197374 0.309734
4 0.889583 0.750063 0.220834 0.499875
4 0.307354 0.834024 0.52213 0.331951
3 0.796382 0.705169 0.196847 0.498594
0 0.0179398 0.803121 0.0358795 0.393758
0 0.0612226 0.827665 0.121704 0.338093
0 0.929372 0.732491 0.141255 0.527738
4 0.944836 0.785318 0.110327 0.429363
2 0.877761 0.733657 0.244478 0.515365
2 0.831255 0.758577 0.153959 0.371329
2 0.447142 0.640268 0.174566 0.239396
4 0.514062 0.739592 0.545854 0.520815
3 0.831255 0.758577 0.153959 0.371329
4 0.929372 0.732491 0.141255 0.527738
3 0.339918 0.788958 0.649998 0.397708
4 0.136537 0.920074 0.27014 0.159852
0 0.0256471 0.864221 0.0512943 0.271558
3 0.240755 0.774373 0.467591 0.420294
4 0.918888 0.728634 0.162224 0.542731
3 0.522531 0.260518 0.624662 0.521035
0 0.63535 0.763804 0.416193 0.472391
0 0.173464 0.902596 0.342577 0.180202
3 0.113196 0.213753 0.226392 0.427507
0 0.951702 0.237295 0.0965965 0.428457
3 0.0612226 0.827665 0.121704 0.338093
0 0.0720951 0.554682 0.14419 0.361302
0 0.527648 0.621556 0.0853085 0.506544
4 0.101078 0.911764 0.202155 0.176471
3 0.0146931 0.493474 0.0293863 0.458497
4 0.396077 0.76692 0.579549 0.466161
1 0.60363 0.703913 0.266208 0.366418
3 0.325845 0.261413 0.417868 0.52048
0 0.522531 0.260518 0.624662 0.521035
4 0.0256471 0.864221 0.0512943 0.271558
4 0.0612226 0.827665 0.121704 0.338093
4 0.944603 0.7722 0.110794 0.4556
4 0.807502 0.709596 0.102611 0.455557
0 0.0525375 0.751533 0.105075 0.488186
0 0.536988 0.120284 0.678593 0.240569
4 0.0952209 0.1625 0.190442 0.325001
0 0.568324 0.740592 0.45018 0.518816
4 0.386077 0.45902 0.335823 0.889579
0 0.701067 0.113787 0.597867 0.227574
0 0.36957 0.5 0.327592 1
3 0.214857 0.608403 0.0949333 0.21576
0 0.932148 0.415408 0.135705 0.775701
4 0.935146 0.511536 0.129708 0.90787
0 0.0470148 0.65856 0.0940295 0.44356
4 0.240755 0.774373 0.467591 0.420294
4 0.0803486 0.214391 0.160697 0.428781
0 0.272563 0.186496 0.545127 0.372991
0 0.671317 0.704232 0.351899 0.571559
0 0.114722 0.242234 0.229445 0.480319
3 0.708565 0.713296 0.307683 0.490488
3 0.0519554 0.544552 0.103911 0.333411
3 0.0470148 0.65856 0.0940295 0.44356
0 0.408863 0.280021 0.389959 0.560041
3 0.522329 0.761747 0.521027 0.456226
2 0.1596 0.740483 0.319199 0.499716
0 0.732546 0.761015 0.420973 0.477969
0 0.918888 0.728634 0.162224 0.542731
1 0.173464 0.902596 0.342577 0.180202
4 0.263887 0.872475 0.511844 0.25505
3 0.241422 0.617432 0.359339 0.276244
1 0.875701 0.737268 0.248598 0.514327
2 0.226573 0.47537 0.0759901 0.265626
0 0.270042 0.814991 0.530602 0.348097
3 0.0593206 0.907368 0.118006 0.176509
0 0.799233 0.134751 0.401534 0.269503
3 0.0525375 0.751533 0.105075 0.488186
4 0.224465 0.522254 0.0717798 0.0721461
4 0.592886 0.243018 0.590741 0.486036
0 0.797399 0.745545 0.343693 0.50891
4 0.242014 0.90312 0.469169 0.19376
0 0.209469 0.901304 0.401581 0.197393
4 0.0146931 0.493474 0.0293863 0.458497
0 0.308603 0.135464 0.55321 0.270928
4 0.701067 0.113787 0.597867 0.227574
2 0.60363 0.703913 0.266208 0.366418
4 0.0161375 0.745489 0.0322751 0.509021
4 0.0593206 0.907368 0.118006 0.176509
4 0.0397847 0.319149 0.0795695 0.638299
4 0.728161 0.753607 0.365045 0.475423
0 0.202365 0.780394 0.401699 0.418021
4 0.239115 0.492956 0.0820309 0.514468
2 0.21379 0.713248 0.423362 0.549721
4 0.0622799 0.245899 0.12456 0.491797
4 0.951702 0.237295 0.0965965 0.428457
3 0.101078 0.911764 0.202155 0.176471
0 0.0803486 0.214391 0.160697 0.428781
2 0.0647696 0.633124 0.129539 0.287487
0 0.655731 0.0802575 0.666185 0.160515
0 0.180569 0.222549 0.361139 0.445099
1 0.237498 0.4455 0.0552743 0.213808
3 0.224655 0.571704 0.0832267 0.144155
0 0.587897 0.3418 0.158044 0.630874
4 0.777954 0.272691 0.419607 0.539427
4 0.0160547 0.577011 0.0321094 0.382131
0 0.0178484 0.371501 0.0356968 0.65171
4 0.7357 0.766029 0.251678 0.376576
4 0.218941 0.541944 0.100563 0.608144
0 0.342952 0.794611 0.53041 0.410778
4 0.943826 0.181587 0.112348 0.363174
4 0.0632639 0.606421 0.126338 0.308358
4 0.114411 0.284272 0.228821 0.556619
1 0.235514 0.518601 0.05449 0.0582168
3 0.447142 0.640268 0.174566 0.239396
4 0.655731 0.0802575 0.666185 0.160515
4 0.865638 0.0942639 0.268723 0.188528
4 0.799233 0.134751 0.401534 0.269503
4 0.115496 0.391014 0.230991 0.782027
4 0.125595 0.908489 0.248716 0.174391
4 0.674415 0.724942 0.360492 0.526248
0 0.777954 0.272691 0.419607 0.539427
0 0.0622799 0.245899 0.12456 0.491797
0 0.123646 0.233471 0.247292 0.466943
2 0.628621 0.750894 0.323233 0.464146
4 0.0178484 0.371501 0.0356968 0.65171
1 0.125595 0.908489 0.248716 0.174391
