0 0.155907 0.660672 0.169464 0.271311
1 0.155907 0.660672 0.169464 0.271311
0 0.783852 0.716755 0.432297 0.561468
4 0.154244 0.661295 0.168906 0.27066
0 0.120728 0.663831 0.241455 0.289353
0 0.267285 0.678484 0.386957 0.330821
2 0.154588 0.656421 0.170145 0.285692
0 0.535336 0.751107 0.464146 0.485907
0 0.1509 0.718235 0.178944 0.407709
0 0.702263 0.740775 0.573428 0.51491
0 0.78786 0.50173 0.424281 0.99654
3 0.126468 0.6473 0.238309 0.359615
0 0.405999 0.757714 0.709881 0.48003
0 0.0592761 0.750375 0.118552 0.499249
4 0.316303 0.756949 0.493002 0.452179
1 0.385242 0.763198 0.62498 0.473603
0 0.155777 0.453888 0.198302 0.658076
3 0.119874 0.763937 0.239748 0.472127
4 0.788806 0.714618 0.422389 0.563815
0 0.0272433 0.630749 0.0544866 0.619997
0 0.129384 0.645611 0.258768 0.321147
3 0.145658 0.466543 0.22787 0.640059
0 0.534452 0.0393025 0.931096 0.0786049
3 0.787309 0.715607 0.425383 0.568785
1 0.783852 0.716755 0.432297 0.561468
0 0.0520625 0.702919 0.104125 0.583418
3 0.1509 0.718235 0.178944 0.407709
3 0.0592761 0.750375 0.118552 0.499249
0 0.0169631 0.767438 0.0339263 0.465124
3 0.875427 0.714414 0.249146 0.571172
0 0.0996801 0.718486 0.198723 0.563029
0 0.119874 0.763937 0.239748 0.472127
3 0.393904 0.502555 0.638071 0.99489
3 0.0520625 0.702919 0.104125 0.583418
3 0.795217 0.503616 0.409567 0.992768
3 0.887427 0.505564 0.225147 0.988872
3 0.592023 0.73278 0.389968 0.534439
3 0.169775 0.707694 0.286388 0.584613
3 0.63939 0.501942 0.720181 0.996116
3 0.0169631 0.767438 0.0339263 0.465124
0 0.223576 0.0794276 0.447152 0.158855
3 0.185905 0.311947 0.363052 0.622944
4 0.944568 0.716706 0.110865 0.566588
3 0.939301 0.758175 0.121399 0.483649
3 0.758514 0.307495 0.482782 0.571864
3 0.156368 0.400519 0.303232 0.801038
3 0.316303 0.756949 0.493002 0.452179
3 0.218234 0.744257 0.332743 0.511485
2 0.0622084 0.784575 0.124417 0.430849
4 0.213562 0.764832 0.356192 0.464774
3 0.49703 0.493299 0.519829 0.971194
0 0.855218 0.714863 0.289565 0.570273
0 0.593448 0.067869 0.813105 0.135738
4 0.155308 0.762206 0.271815 0.469796
0 0.583929 0.535775 0.335767 0.880135
3 0.155308 0.762206 0.271815 0.469796
3 0.476193 0.0358928 0.947906 0.0717856
0 0.396511 0.0373049 0.792675 0.0746098
4 0.119874 0.763937 0.239748 0.472127
0 0.0172781 0.538929 0.0345563 0.67823
3 0.944568 0.716706 0.110865 0.566588
3 0.223576 0.0794276 0.447152 0.158855
3 0.665456 0.430635 0.655182 0.861027
4 0.169775 0.707694 0.286388 0.584613
3 0.534194 0.75483 0.460289 0.49034
3 0.167271 0.182121 0.334465 0.364241
3 0.104551 0.520157 0.209103 0.677619
3 0.227217 0.370609 0.427647 0.736941
3 0.567159 0.722373 0.396865 0.524774
3 0.593448 0.067869 0.813105 0.135738
3 0.231463 0.270498 0.442778 0.523712
3 0.280505 0.756301 0.375961 0.487398
0 0.94067 0.712908 0.11866 0.565069
3 0.354943 0.2842 0.616645 0.568401
4 0.796599 0.50467 0.406803 0.99066
0 0.804189 0.0956697 0.391622 0.191339
3 0.765807 0.160154 0.468386 0.320308
0 0.0298852 0.796611 0.0597705 0.406778
3 0.0996801 0.718486 0.198723 0.563029
0 0.166651 0.632732 0.223309 0.376565
3 0.375927 0.763064 0.392367 0.473872
3 0.581738 0.497878 0.41286 0.988265
4 0.939301 0.758175 0.121399 0.483649
4 0.875427 0.714414 0.249146 0.571172
3 0.454702 0.348256 0.508331 0.696513
3 0.818481 0.264298 0.363037 0.509494
0 0.660086 0.124637 0.679828 0.249274
4 0.593448 0.067869 0.813105 0.135738
0 0.49703 0.493299 0.519829 0.971194
3 0.458808 0.760874 0.472898 0.478253
3 0.851501 0.251008 0.296999 0.502015
0 0.169775 0.707694 0.286388 0.584613
4 0.145658 0.466543 0.22787 0.640059
3 0.455103 0.730384 0.61563 0.514499
4 0.41719 0.759607 0.691842 0.460952
3 0.290113 0.0430372 0.580227 0.0860743
0 0.556612 0.742992 0.42269 0.514016
2 0.267285 0.678484 0.386957 0.330821
3 0.926762 0.436259 0.146477 0.813626
4 0.535336 0.751107 0.464146 0.485907
3 0.297256 0.483803 0.563072 0.954297
0 0.0195823 0.460155 0.0391645 0.732143
4 0.740638 0.728616 0.414576 0.542768
3 0.592319 0.340983 0.572457 0.681965
4 0.476193 0.0358928 0.947906 0.0717856
3 0.0743719 0.434383 0.148744 0.651544
3 0.660086 0.124637 0.679828 0.249274
0 0.713037 0.185499 0.573927 0.370999
0 0.403061 0.493523 0.734413 0.987045
2 0.159787 0.724214 0.184159 0.411268
0 0.888776 0.545704 0.222449 0.908592
4 0.0996801 0.718486 0.198723 0.563029
3 0.804189 0.0956697 0.391622 0.191339
4 0.919984 0.710866 0.160031 0.578118
3 0.0846075 0.236621 0.169215 0.473243
3 0.394969 0.776491 0.614519 0.442956
3 0.713037 0.185499 0.573927 0.370999
3 0.268001 0.0606136 0.536002 0.121227
4 0.280505 0.756301 0.375961 0.487398
3 0.919984 0.710866 0.160031 0.578118
4 0.888589 0.515003 0.222821 0.969994
3 0.916067 0.253817 0.167866 0.495165
0 0.765807 0.160154 0.468386 0.320308
3 0.0195823 0.460155 0.0391645 0.732143
2 0.120728 0.663831 0.241455 0.289353
1 0.156352 0.721334 0.179694 0.418424
4 0.0622084 0.784575 0.124417 0.430849
3 0.0298852 0.796611 0.0597705 0.406778
1 0.145658 0.466543 0.22787 0.640059
4 0.592023 0.73278 0.389968 0.534439
3 0.500566 0.280423 0.51933 0.560847
3 0.0272433 0.630749 0.0544866 0.619997
3 0.153314 0.615705 0.178185 0.343691
3 0.0229876 0.316183 0.0459752 0.632366
2 0.119874 0.763937 0.239748 0.472127
3 0.42808 0.248049 0.794765 0.496097
4 0.375927 0.763064 0.392367 0.473872
0 0.939301 0.758175 0.121399 0.483649
0 0.268001 0.0606136 0.536002 0.121227
4 0.665456 0.430635 0.655182 0.861027
0 0.290113 0.0430372 0.580227 0.0860743
1 0.267285 0.678484 0.386957 0.330821
4 0.758514 0.307495 0.482782 0.571864
4 0.489687 0.756405 0.5468 0.48719
2 0.198141 0.402526 0.342935 0.803667
4 0.223576 0.0794276 0.447152 0.158855
4 0.0298852 0.796611 0.0597705 0.406778
0 0.52541 0.177557 0.874894 0.355115
0 0.592319 0.340983 0.572457 0.681965
4 0.660086 0.124637 0.679828 0.249274
0 0.740638 0.728616 0.414576 0.542768
0 0.218234 0.744257 0.332743 0.511485
2 0.0169631 0.767438 0.0339263 0.465124
4 0.471757 0.502297 0.530754 0.995406
3 0.0957839 0.331143 0.191568 0.662286
4 0.0169631 0.767438 0.0339263 0.465124
3 0.685343 0.319599 0.629314 0.639198
3 0.584054 0.288944 0.779741 0.577889
4 0.0218543 0.395519 0.0437086 0.72392
4 0.804189 0.0956697 0.391622 0.191339
4 0.702263 0.740775 0.573428 0.51491
0 0.758514 0.307495 0.482782 0.571864
4 0.42808 0.248049 0.794765 0.496097
0 0.809548 0.71412 0.380903 0.571759
3 0.267285 0.678484 0.386957 0.330821
2 0.783852 0.716755 0.432297 0.561468
0 0.0846075 0.236621 0.169215 0.473243
0 0.926762 0.436259 0.146477 0.813626
3 0.129384 0.645611 0.258768 0.321147
2 0.166651 0.632732 0.223309 0.376565
0 0.851501 0.251008 0.296999 0.502015
1 0.766279 0.27982 0.467442 0.550741
4 0.336066 0.502596 0.61881 0.994808
0 0.919984 0.710866 0.160031 0.578118
0 0.42808 0.248049 0.794765 0.496097
4 0.167271 0.182121 0.334465 0.364241
4 0.166651 0.632732 0.223309 0.376565
0 0.0229876 0.316183 0.0459752 0.632366
0 0.526854 0.289404 0.918114 0.578808
4 0.0229876 0.316183 0.0459752 0.632366
0 0.300202 0.769367 0.484791 0.456788
4 0.592319 0.340983 0.572457 0.681965
4 0.268001 0.0606136 0.536002 0.121227
4 0.500566 0.280423 0.51933 0.560847
4 0.581738 0.497878 0.41286 0.988265
0 0.280505 0.756301 0.375961 0.487398
4 0.354943 0.2842 0.616645 0.568401
4 0.267285 0.678484 0.386957 0.330821
4 0.323221 0.0345067 0.645816 0.0690134
0 0.500566 0.280423 0.51933 0.560847
0 0.916067 0.253817 0.167866 0.495165
3 0.0172781 0.538929 0.0345563 0.67823
4 0.0846075 0.236621 0.169215 0.473243
0 0.134501 0.605205 0.269001 0.587386
3 0.160523 0.662817 0.202717 0.269162
2 0.535336 0.751107 0.464146 0.485907
4 0.0520625 0.702919 0.104125 0.583418
0 0.458808 0.760874 0.472898 0.478253
4 0.159787 0.724214 0.184159 0.411268
3 0.52541 0.177557 0.874894 0.355115
4 0.624867 0.50145 0.689594 0.997101
4 0.926762 0.436259 0.146477 0.813626
1 0.586804 0.757443 0.475812 0.464822
4 0.269409 0.275868 0.520754 0.537546
4 0.198141 0.402526 0.342935 0.803667
4 0.120728 0.663831 0.241455 0.289353
0 0.375927 0.763064 0.392367 0.473872
1 0.129384 0.645611 0.258768 0.321147
4 0.916067 0.253817 0.167866 0.495165
0 0.665456 0.430635 0.655182 0.861027
4 0.52541 0.177557 0.874894 0.355115
4 0.0905197 0.478599 0.181039 0.665596
0 0.241129 0.351754 0.460284 0.699696
4 0.765807 0.160154 0.468386 0.320308
4 0.713037 0.185499 0.573927 0.370999
2 0.0996801 0.718486 0.198723 0.563029
4 0.275347 0.193003 0.547948 0.386007
4 0.851501 0.251008 0.296999 0.502015
2 0.405999 0.757714 0.709881 0.48003
3 0.134501 0.605205 0.269001 0.587386
1 0.120728 0.663831 0.241455 0.289353
0 0.275347 0.193003 0.547948 0.386007
0 0.454702 0.348256 0.508331 0.696513
4 0.0272433 0.630749 0.0544866 0.619997
0 0.818481 0.264298 0.363037 0.509494
4 0.454702 0.348256 0.508331 0.696513
1 0.31325 0.691926 0.515916 0.584224
2 0.929093 0.734159 0.141815 0.531682
2 0.799719 0.273342 0.400561 0.526378
1 0.939517 0.732805 0.120966 0.534389
4 0.566049 0.327174 0.867902 0.654349
0 0.198141 0.402526 0.342935 0.803667
1 0.78786 0.50173 0.424281 0.99654
3 0.275347 0.193003 0.547948 0.386007
0 0.0905197 0.478599 0.181039 0.665596
1 0.702263 0.740775 0.573428 0.51491
2 0.926762 0.436259 0.146477 0.813626
2 0.0520625 0.702919 0.104125 0.583418
2 0.0272433 0.630749 0.0544866 0.619997
4 0.300361 0.36013 0.559057 0.72026
0 0.215222 0.281096 0.417606 0.548767
2 0.316303 0.756949 0.493002 0.452179
0 0.155308 0.762206 0.271815 0.469796
4 0.0957839 0.331143 0.191568 0.662286
0 0.685343 0.319599 0.629314 0.639198
4 0.0172781 0.538929 0.0345563 0.67823
2 0.887427 0.505564 0.225147 0.988872
2 0.939301 0.758175 0.121399 0.483649
1 0.478027 0.772152 0.588943 0.439149
2 0.740638 0.728616 0.414576 0.542768
4 0.818481 0.264298 0.363037 0.509494
2 0.556612 0.742992 0.42269 0.514016
3 0.702263 0.740775 0.573428 0.51491
2 0.584054 0.288944 0.779741 0.577889
2 0.129384 0.645611 0.258768 0.321147
2 0.194057 0.194605 0.388113 0.38921
2 0.804189 0.0956697 0.391622 0.191339
4 0.685343 0.319599 0.629314 0.639198
2 0.303672 0.283505 0.566788 0.567009
2 0.0957839 0.331143 0.191568 0.662286
2 0.52541 0.177557 0.874894 0.355115
0 0.624867 0.50145 0.689594 0.997101
4 0.250569 0.473371 0.433921 0.9464
2 0.713037 0.185499 0.573927 0.370999
2 0.916067 0.253817 0.167866 0.495165
2 0.323221 0.0345067 0.645816 0.0690134
1 0.0272433 0.630749 0.0544866 0.619997
0 0.167271 0.182121 0.334465 0.364241
4 0.145118 0.304512 0.288033 0.609024
1 0.0520625 0.702919 0.104125 0.583418
1 0.185905 0.311947 0.363052 0.622944
1 0.119874 0.763937 0.239748 0.472127
1 0.548172 0.282988 0.57772 0.565976
2 0.43511 0.286859 0.577863 0.573719
2 0.42808 0.248049 0.794765 0.496097
2 0.145118 0.304512 0.288033 0.609024
2 0.750985 0.292888 0.49803 0.585777
2 0.275347 0.193003 0.547948 0.386007
2 0.138724 0.436565 0.258305 0.702621
3 0.520581 0.769232 0.498236 0.44384
2 0.458808 0.760874 0.472898 0.478253
2 0.0905197 0.478599 0.181039 0.665596
2 0.789019 0.50379 0.421963 0.99242
1 0.919984 0.710866 0.160031 0.578118
2 0.215222 0.281096 0.417606 0.548767
2 0.0172781 0.538929 0.0345563 0.67823
0 0.303672 0.283505 0.566788 0.567009
0 0.145118 0.304512 0.288033 0.609024
1 0.303672 0.283505 0.566788 0.567009
0 0.125093 0.408974 0.250186 0.769705
1 0.104551 0.520157 0.209103 0.677619
1 0.134501 0.605205 0.269001 0.587386
2 0.399929 0.494849 0.728973 0.989697
2 0.583929 0.535775 0.335767 0.880135
1 0.169775 0.707694 0.286388 0.584613
1 0.63939 0.501942 0.720181 0.996116
1 0.367747 0.356049 0.584662 0.712098
0 0.0957839 0.331143 0.191568 0.662286
2 0.851501 0.251008 0.296999 0.502015
2 0.375927 0.763064 0.392367 0.473872
0 0.15593 0.660681 0.169489 0.271271
1 0.15593 0.660681 0.169489 0.271271
0 0.783838 0.716789 0.432324 0.561459
4 0.15424 0.661311 0.168915 0.270616
0 0.120731 0.663803 0.241463 0.289281
0 0.266382 0.678433 0.385237 0.330583
2 0.154592 0.656444 0.170162 0.285669
0 0.535276 0.750859 0.464333 0.486585
0 0.150939 0.718475 0.178939 0.408149
0 0.70328 0.740758 0.571651 0.515115
0 0.787844 0.501748 0.424313 0.996505
3 0.126449 0.647208 0.238356 0.359289
0 0.405971 0.757677 0.709931 0.480286
0 0.0604796 0.750325 0.120959 0.499349
4 0.315886 0.756962 0.492296 0.452164
1 0.38529 0.763183 0.62499 0.473634
3 0.119872 0.763919 0.239745 0.472162
0 0.155829 0.454989 0.198114 0.65581
4 0.788781 0.714594 0.422438 0.563882
3 0.145732 0.469826 0.227294 0.6334
0 0.0275501 0.630131 0.0551002 0.618945
0 0.129403 0.645648 0.258805 0.320808
3 0.787294 0.715609 0.425413 0.568781
0 0.534482 0.0393712 0.931036 0.0787424
1 0.783838 0.716789 0.432324 0.561459
3 0.150939 0.718475 0.178939 0.408149
0 0.0529563 0.702599 0.105913 0.583102
3 0.0604796 0.750325 0.120959 0.499349
3 0.8753 0.714435 0.249399 0.571129
0 0.0172975 0.767367 0.034595 0.465267
0 0.0997983 0.718067 0.198942 0.563866
3 0.394596 0.50253 0.63598 0.994939
3 0.0529563 0.702599 0.105913 0.583102
3 0.795205 0.50362 0.409591 0.992759
0 0.119872 0.763919 0.239745 0.472162
3 0.88751 0.505603 0.224981 0.988795
3 0.592434 0.732723 0.389377 0.534553
3 0.169491 0.707292 0.285836 0.585416
3 0.639701 0.501953 0.719575 0.996093
3 0.0172975 0.767367 0.034595 0.465267
3 0.185906 0.313311 0.363082 0.625897
4 0.944578 0.716724 0.110843 0.566553
3 0.939399 0.758049 0.121202 0.483902
3 0.758974 0.308179 0.481852 0.572863
3 0.156027 0.400534 0.302558 0.801068
0 0.223401 0.0797355 0.446802 0.159471
3 0.315886 0.756962 0.492296 0.452164
3 0.218005 0.744086 0.33208 0.511829
2 0.0623117 0.784342 0.124623 0.431316
4 0.213082 0.76478 0.355156 0.464996
3 0.497449 0.493522 0.518587 0.970892
4 0.155095 0.762175 0.271277 0.469954
0 0.855091 0.714908 0.289819 0.570184
3 0.155095 0.762175 0.271277 0.469954
0 0.59336 0.0679576 0.81328 0.135915
0 0.584423 0.538137 0.333684 0.875398
3 0.476156 0.035877 0.947951 0.071754
4 0.119872 0.763919 0.239745 0.472162
3 0.944578 0.716724 0.110843 0.566553
0 0.396278 0.0373166 0.792192 0.0746332
3 0.223401 0.0797355 0.446802 0.159471
3 0.665695 0.429784 0.654525 0.859282
4 0.169491 0.707292 0.285836 0.585416
3 0.534411 0.75482 0.45985 0.490361
3 0.167231 0.181942 0.334433 0.363884
3 0.227389 0.370536 0.427536 0.736983
3 0.231524 0.270739 0.442822 0.524505
3 0.104533 0.520003 0.209066 0.676342
3 0.59336 0.0679576 0.81328 0.135915
0 0.0173423 0.538405 0.0346846 0.676402
3 0.567159 0.722462 0.396477 0.524836
3 0.280517 0.756268 0.375258 0.487464
3 0.355401 0.284236 0.615595 0.568472
4 0.796599 0.504678 0.406802 0.990644
3 0.765755 0.160308 0.46849 0.320615
0 0.940691 0.712988 0.118619 0.565065
3 0.0997983 0.718067 0.198942 0.563866
0 0.804053 0.0956926 0.391893 0.191385
0 0.0299673 0.796285 0.0599347 0.40743
3 0.375703 0.763044 0.391007 0.473912
0 0.166657 0.632987 0.223179 0.376661
3 0.581509 0.498008 0.410863 0.988338
4 0.8753 0.714435 0.249399 0.571129
4 0.939399 0.758049 0.121202 0.483902
3 0.454866 0.348069 0.50591 0.696139
3 0.818444 0.264366 0.363111 0.509645
4 0.59336 0.0679576 0.81328 0.135915
0 0.659887 0.124507 0.680226 0.249014
3 0.458573 0.760857 0.472203 0.478285
0 0.497449 0.493522 0.518587 0.970892
3 0.851285 0.250836 0.29743 0.501672
4 0.145732 0.469826 0.227294 0.6334
4 0.417192 0.759591 0.691797 0.461143
3 0.454523 0.730435 0.61673 0.514592
3 0.28972 0.0432735 0.579441 0.086547
4 0.535276 0.750859 0.464333 0.486585
2 0.266382 0.678433 0.385237 0.330583
0 0.169491 0.707292 0.285836 0.585416
3 0.926838 0.435251 0.146324 0.811292
3 0.296749 0.482806 0.561723 0.952387
4 0.740699 0.728576 0.41414 0.542848
3 0.591431 0.339984 0.56658 0.679968
4 0.476156 0.035877 0.947951 0.071754
0 0.556884 0.742901 0.422233 0.514198
3 0.0743062 0.434895 0.148612 0.650136
0 0.0195863 0.459785 0.0391726 0.730402
3 0.659887 0.124507 0.680226 0.249014
2 0.159783 0.724276 0.184158 0.411353
0 0.712999 0.185568 0.574002 0.371136
0 0.403027 0.493581 0.73443 0.987162
4 0.0997983 0.718067 0.198942 0.563866
3 0.804053 0.0956926 0.391893 0.191385
4 0.920123 0.710928 0.159755 0.578143
3 0.0849114 0.23623 0.169823 0.472459
0 0.888785 0.545851 0.222429 0.908297
3 0.395028 0.776484 0.61395 0.443036
3 0.712999 0.185568 0.574002 0.371136
3 0.267402 0.0608418 0.534804 0.121684
4 0.280517 0.756268 0.375258 0.487464
3 0.920123 0.710928 0.159755 0.578143
4 0.88854 0.514993 0.22292 0.970013
3 0.916207 0.25351 0.167585 0.494395
3 0.0195863 0.459785 0.0391726 0.730402
2 0.120731 0.663803 0.241463 0.289281
1 0.156363 0.721551 0.179718 0.418811
4 0.0623117 0.784342 0.124623 0.431316
3 0.0299673 0.796285 0.0599347 0.40743
0 0.765755 0.160308 0.46849 0.320615
1 0.145732 0.469826 0.227294 0.6334
4 0.592434 0.732723 0.389377 0.534553
3 0.501446 0.280394 0.513916 0.560787
3 0.0275501 0.630131 0.0551002 0.618945
3 0.0229754 0.316298 0.0459507 0.632596
3 0.153335 0.615802 0.178211 0.343642
2 0.119872 0.763919 0.239745 0.472162
3 0.42739 0.250284 0.793166 0.500568
4 0.375703 0.763044 0.391007 0.473912
4 0.665695 0.429784 0.654525 0.859282
1 0.266382 0.678433 0.385237 0.330583
0 0.939399 0.758049 0.121202 0.483902
4 0.758974 0.308179 0.481852 0.572863
0 0.267402 0.0608418 0.534804 0.121684
0 0.28972 0.0432735 0.579441 0.086547
4 0.48957 0.756397 0.546762 0.487206
2 0.197981 0.402583 0.341979 0.803841
4 0.223401 0.0797355 0.446802 0.159471
4 0.0299673 0.796285 0.0599347 0.40743
4 0.659887 0.124507 0.680226 0.249014
0 0.525739 0.180183 0.874282 0.360365
0 0.591431 0.339984 0.56658 0.679968
4 0.471611 0.502286 0.52892 0.995427
2 0.0172975 0.767367 0.034595 0.465267
3 0.0958754 0.33165 0.191751 0.663301
4 0.0172975 0.767367 0.034595 0.465267
3 0.58478 0.289033 0.777557 0.578065
3 0.685104 0.319842 0.629791 0.639684
0 0.740699 0.728576 0.41414 0.542848
0 0.218005 0.744086 0.33208 0.511829
4 0.0218351 0.395678 0.0436703 0.723091
4 0.804053 0.0956926 0.391893 0.191385
4 0.70328 0.740758 0.571651 0.515115
4 0.42739 0.250284 0.793166 0.500568
3 0.266382 0.678433 0.385237 0.330583
2 0.783838 0.716789 0.432324 0.561459
0 0.758974 0.308179 0.481852 0.572863
3 0.129403 0.645648 0.258805 0.320808
0 0.809448 0.71409 0.381105 0.571819
2 0.166657 0.632987 0.223179 0.376661
4 0.336241 0.502576 0.618602 0.994847
1 0.766662 0.279905 0.466676 0.550926
0 0.0849114 0.23623 0.169823 0.472459
0 0.926838 0.435251 0.146324 0.811292
4 0.167231 0.181942 0.334433 0.363884
4 0.166657 0.632987 0.223179 0.376661
0 0.851285 0.250836 0.29743 0.501672
0 0.42739 0.250284 0.793166 0.500568
0 0.920123 0.710928 0.159755 0.578143
4 0.0229754 0.316298 0.0459507 0.632596
4 0.591431 0.339984 0.56658 0.679968
4 0.436269 0.286832 0.573309 0.573665
4 0.267402 0.0608418 0.534804 0.121684
0 0.526913 0.289604 0.917898 0.579209
4 0.581509 0.498008 0.410863 0.988338
0 0.0229754 0.316298 0.0459507 0.632596
4 0.266382 0.678433 0.385237 0.330583
4 0.322934 0.0346974 0.645271 0.0693949
0 0.300151 0.769344 0.484535 0.456897
3 0.0173423 0.538405 0.0346846 0.676402
4 0.0849114 0.23623 0.169823 0.472459
3 0.160517 0.662851 0.202666 0.269171
0 0.501446 0.280394 0.513916 0.560787
2 0.535276 0.750859 0.464333 0.486585
3 0.525739 0.180183 0.874282 0.360365
4 0.0529563 0.702599 0.105913 0.583102
0 0.280517 0.756268 0.375258 0.487464
4 0.159783 0.724276 0.184158 0.411353
4 0.624842 0.501446 0.686053 0.997108
0 0.916207 0.25351 0.167585 0.494395
0 0.134584 0.604967 0.269167 0.586948
4 0.926838 0.435251 0.146324 0.811292
1 0.587481 0.757413 0.47665 0.465021
0 0.458573 0.760857 0.472203 0.478285
4 0.268941 0.275629 0.519429 0.537148
4 0.197981 0.402583 0.341979 0.803841
4 0.120731 0.663803 0.241463 0.289281
1 0.129403 0.645648 0.258805 0.320808
4 0.916207 0.25351 0.167585 0.494395
0 0.375703 0.763044 0.391007 0.473912
4 0.525739 0.180183 0.874282 0.360365
4 0.0905067 0.478543 0.181013 0.665106
4 0.765755 0.160308 0.46849 0.320615
4 0.712999 0.185568 0.574002 0.371136
0 0.665695 0.429784 0.654525 0.859282
4 0.273711 0.193311 0.544643 0.386621
2 0.0997983 0.718067 0.198942 0.563866
4 0.851285 0.250836 0.29743 0.501672
0 0.24108 0.35161 0.460009 0.69952
3 0.134584 0.604967 0.269167 0.586948
2 0.405971 0.757677 0.709931 0.480286
1 0.120731 0.663803 0.241463 0.289281
4 0.0275501 0.630131 0.0551002 0.618945
0 0.273711 0.193311 0.544643 0.386621
0 0.454866 0.348069 0.50591 0.696139
4 0.125041 0.409244 0.250083 0.769179
1 0.313874 0.692791 0.516996 0.583603
0 0.818444 0.264366 0.363111 0.509645
2 0.929254 0.734221 0.141492 0.531559
4 0.36861 0.35601 0.583061 0.71202
2 0.799773 0.273455 0.400454 0.526637
1 0.944578 0.716724 0.110843 0.566553
4 0.565923 0.327338 0.868154 0.654675
3 0.273711 0.193311 0.544643 0.386621
1 0.787844 0.501748 0.424313 0.996505
1 0.70328 0.740758 0.571651 0.515115
2 0.926838 0.435251 0.146324 0.811292
2 0.0529563 0.702599 0.105913 0.583102
0 0.197981 0.402583 0.341979 0.803841
0 0.0905067 0.478543 0.181013 0.665106
2 0.0275501 0.630131 0.0551002 0.618945
2 0.315886 0.756962 0.492296 0.452164
4 0.0958754 0.33165 0.191751 0.663301
4 0.0173423 0.538405 0.0346846 0.676402
4 0.24108 0.35161 0.460009 0.69952
2 0.88751 0.505603 0.224981 0.988795
2 0.939399 0.758049 0.121202 0.483902
1 0.477719 0.772181 0.589582 0.439181
0 0.155095 0.762175 0.271277 0.469954
2 0.740699 0.728576 0.41414 0.542848
4 0.818444 0.264366 0.363111 0.509645
0 0.685104 0.319842 0.629791 0.639684
3 0.70328 0.740758 0.571651 0.515115
2 0.556884 0.742901 0.422233 0.514198
2 0.58478 0.289033 0.777557 0.578065
2 0.129403 0.645648 0.258805 0.320808
2 0.194131 0.194459 0.388263 0.388919
2 0.804053 0.0956926 0.391893 0.191385
4 0.685104 0.319842 0.629791 0.639684
2 0.303835 0.28339 0.566585 0.566779
2 0.0958754 0.33165 0.191751 0.663301
2 0.525739 0.180183 0.874282 0.360365
2 0.712999 0.185568 0.574002 0.371136
0 0.624842 0.501446 0.686053 0.997108
2 0.916207 0.25351 0.167585 0.494395
2 0.322934 0.0346974 0.645271 0.0693949
1 0.0275501 0.630131 0.0551002 0.618945
4 0.145004 0.305863 0.287857 0.611726
1 0.185906 0.313311 0.363082 0.625897
1 0.0529563 0.702599 0.105913 0.583102
1 0.119872 0.763919 0.239745 0.472162
2 0.436269 0.286832 0.573309 0.573665
0 0.167231 0.181942 0.334433 0.363884
1 0.549278 0.282943 0.572061 0.565886
2 0.42739 0.250284 0.793166 0.500568
2 0.145004 0.305863 0.287857 0.611726
2 0.750958 0.293125 0.498083 0.58625
3 0.520512 0.769279 0.498443 0.443851
0 0.268941 0.275629 0.519429 0.537148
2 0.273711 0.193311 0.544643 0.386621
2 0.1386 0.437347 0.257897 0.70107
1 0.590464 0.29301 0.789983 0.58602
2 0.458573 0.760857 0.472203 0.478285
2 0.0905067 0.478543 0.181013 0.665106
2 0.789014 0.503797 0.421972 0.992406
1 0.920123 0.710928 0.159755 0.578143
2 0.0173423 0.538405 0.0346846 0.676402
2 0.215368 0.281807 0.418084 0.550514
1 0.303835 0.28339 0.566585 0.566779
0 0.145004 0.305863 0.287857 0.611726
1 0.104533 0.520003 0.209066 0.676342
1 0.134584 0.604967 0.269167 0.586948
2 0.399923 0.494897 0.728879 0.989794
2 0.584423 0.538137 0.333684 0.875398
1 0.169491 0.707292 0.285836 0.585416
0 0.125041 0.409244 0.250083 0.769179
1 0.639701 0.501953 0.719575 0.996093
1 0.36861 0.35601 0.583061 0.71202
2 0.851285 0.250836 0.29743 0.501672
2 0.375703 0.763044 0.391007 0.473912
0 0.355401 0.284236 0.615595 0.568472
0 0.0958754 0.33165 0.191751 0.663301
