0 0.576717 0.692153 0.283214 0.354509
1 0.568921 0.69071 0.291757 0.383003
0 0.877968 0.52262 0.105324 0.0640587
0 0.274553 0.536885 0.107104 0.0433261
0 0.636788 0.714368 0.426839 0.365596
0 0.879783 0.444397 0.106217 0.222023
0 0.281034 0.522727 0.109994 0.0757971
2 0.569339 0.696244 0.291339 0.369869
0 0.536906 0.670966 0.199216 0.406775
4 0.568921 0.69071 0.291757 0.383003
0 0.535498 0.757038 0.368467 0.442021
0 0.83409 0.786535 0.33182 0.414879
0 0.884729 0.412567 0.106168 0.303313
3 0.668219 0.752079 0.489863 0.455064
0 0.271668 0.56573 0.141837 0.109788
0 0.281439 0.594636 0.246694 0.177771
0 0.278986 0.574659 0.109542 0.124379
0 0.474884 0.024653 0.923571 0.049306
4 0.668219 0.752079 0.489863 0.455064
0 0.326516 0.749023 0.568692 0.501954
0 0.873547 0.659441 0.130466 0.348109
2 0.877968 0.52262 0.105324 0.0640587
0 0.910079 0.518906 0.179732 0.0689887
3 0.338653 0.436746 0.527661 0.873492
0 0.281452 0.468979 0.112502 0.18558
0 0.574343 0.733074 0.316228 0.533851
2 0.636788 0.714368 0.426839 0.365596
0 0.887134 0.571408 0.133341 0.167972
0 0.4438 0.133154 0.863321 0.266308
3 0.611259 0.761105 0.356446 0.477791
3 0.622606 0.463987 0.528877 0.897594
4 0.611259 0.761105 0.356446 0.477791
0 0.228893 0.754601 0.412401 0.477906
3 0.557637 0.44995 0.300511 0.85737
3 0.73705 0.60321 0.310234 0.662097
3 0.152837 0.461324 0.305365 0.922649
0 0.474733 0.273831 0.82458 0.547663
3 0.819443 0.634935 0.226641 0.43378
0 0.154482 0.76802 0.307192 0.447676
3 0.837932 0.591591 0.195913 0.548461
2 0.879783 0.444397 0.106217 0.222023
3 0.130596 0.715089 0.260183 0.55692
3 0.738389 0.769947 0.511713 0.460106
0 0.605767 0.0194377 0.788466 0.0388754
0 0.32284 0.0264766 0.640957 0.0529533
0 0.819443 0.634935 0.226641 0.43378
3 0.565054 0.405133 0.678945 0.810266
0 0.424991 0.180204 0.750219 0.360407
3 0.218088 0.363731 0.339173 0.727462
3 0.682923 0.36922 0.634154 0.73844
3 0.734418 0.448801 0.409322 0.813097
0 0.933124 0.790544 0.133751 0.418912
3 0.82594 0.778163 0.345078 0.443673
3 0.281034 0.522727 0.109994 0.0757971
3 0.437261 0.399591 0.530734 0.799183
3 0.526747 0.443086 0.487564 0.886173
4 0.879783 0.444397 0.106217 0.222023
3 0.868303 0.582395 0.263393 0.202961
0 0.222319 0.0772934 0.444639 0.154587
3 0.894241 0.324231 0.211518 0.648462
0 0.297926 0.527076 0.158203 0.0926685
3 0.532241 0.325319 0.822241 0.650638
3 0.913304 0.476506 0.173391 0.498395
1 0.877968 0.52262 0.105324 0.0640587
3 0.884729 0.412567 0.106168 0.303313
3 0.777736 0.314571 0.444527 0.629141
3 0.576387 0.700261 0.281656 0.36558
3 0.906807 0.60329 0.186385 0.79342
3 0.325696 0.789346 0.392171 0.421307
1 0.887134 0.571408 0.133341 0.167972
3 0.775457 0.709956 0.256082 0.530334
3 0.234231 0.804638 0.382494 0.390725
3 0.238142 0.592906 0.179029 0.523135
3 0.371716 0.438475 0.338008 0.87695
3 0.222319 0.0772934 0.444639 0.154587
1 0.879783 0.444397 0.106217 0.222023
3 0.913671 0.391241 0.172658 0.617799
0 0.808348 0.729307 0.296394 0.529509
4 0.877968 0.52262 0.105324 0.0640587
3 0.166628 0.2963 0.328165 0.5926
4 0.552477 0.745695 0.291611 0.508609
3 0.61962 0.604145 0.242833 0.580572
3 0.0912727 0.607731 0.182545 0.564708
3 0.355116 0.293516 0.603323 0.587032
3 0.502795 0.0259219 0.91541 0.0518439
3 0.151031 0.216241 0.298089 0.432482
3 0.642235 0.0450074 0.715531 0.0900147
0 0.410897 0.762635 0.597647 0.4192
0 0.0107585 0.641555 0.021517 0.587568
3 0.289456 0.0333443 0.578911 0.0666886
3 0.436727 0.787066 0.456852 0.425867
3 0.734464 0.108152 0.531072 0.216304
3 0.933599 0.794993 0.132803 0.410014
3 0.624575 0.0244784 0.75085 0.0489567
3 0.172354 0.763698 0.341434 0.461293
3 0.925574 0.714214 0.148852 0.571572
3 0.681064 0.0755911 0.637873 0.151182
3 0.185245 0.19832 0.369842 0.39664
4 0.834652 0.788874 0.330695 0.412668
3 0.149826 0.821621 0.289808 0.356759
0 0.102206 0.772218 0.204413 0.442856
0 0.258777 0.573787 0.14869 0.272743
3 0.274971 0.786196 0.41542 0.427609
3 0.281452 0.468979 0.112502 0.18558
3 0.877968 0.52262 0.105324 0.0640587
3 0.024153 0.240886 0.048306 0.481772
3 0.473957 0.289077 0.615633 0.578155
0 0.798513 0.0976946 0.402975 0.195389
2 0.552477 0.745695 0.291611 0.508609
0 0.642235 0.0450074 0.715531 0.0900147
3 0.303514 0.533569 0.153526 0.322251
4 0.546072 0.0243831 0.860729 0.0487662
0 0.734464 0.108152 0.531072 0.216304
0 0.0176834 0.669583 0.0353667 0.656405
3 0.276662 0.245225 0.544924 0.490451
3 0.136668 0.212142 0.273337 0.424283
3 0.0133166 0.647111 0.0266333 0.684073
3 0.925094 0.322225 0.149812 0.644449
0 0.681064 0.0755911 0.637873 0.151182
3 0.258777 0.573787 0.14869 0.272743
0 0.561595 0.444228 0.427543 0.888456
4 0.4438 0.133154 0.863321 0.266308
0 0.933599 0.794993 0.132803 0.410014
1 0.636788 0.714368 0.426839 0.365596
3 0.271668 0.56573 0.141837 0.109788
3 0.41487 0.771904 0.595483 0.449166
3 0.850654 0.29993 0.298693 0.599861
0 0.609045 0.607237 0.235596 0.541393
2 0.808348 0.729307 0.296394 0.529509
3 0.0554716 0.686974 0.110943 0.588959
4 0.511108 0.429377 0.524351 0.858753
3 0.833141 0.694241 0.333717 0.611519
4 0.432668 0.267959 0.785523 0.535919
0 0.557637 0.44995 0.300511 0.85737
4 0.281034 0.522727 0.109994 0.0757971
4 0.738389 0.769947 0.511713 0.460106
4 0.200016 0.760146 0.391948 0.464771
3 0.517533 0.765665 0.3598 0.46867
3 0.798513 0.0976946 0.402975 0.195389
0 0.2694 0.0489547 0.538801 0.0979094
4 0.884729 0.412567 0.106168 0.303313
3 0.3527 0.67962 0.270679 0.417598
3 0.0137221 0.371959 0.0274443 0.705889
4 0.281452 0.468979 0.112502 0.18558
0 0.529184 0.358615 0.561113 0.717231
3 0.0107585 0.641555 0.021517 0.587568
4 0.424991 0.180204 0.750219 0.360407
0 0.0852992 0.809734 0.170598 0.370647
4 0.325696 0.789346 0.392171 0.421307
4 0.933599 0.794993 0.132803 0.410014
4 0.906807 0.60329 0.186385 0.79342
3 0.0240482 0.768179 0.0480963 0.463643
0 0.0216096 0.717699 0.0432192 0.564602
4 0.102206 0.772218 0.204413 0.442856
4 0.535498 0.757038 0.368467 0.442021
4 0.925574 0.714214 0.148852 0.571572
3 0.0306515 0.810175 0.061303 0.37965
4 0.144669 0.768568 0.288209 0.449289
4 0.436727 0.787066 0.456852 0.425867
3 0.933124 0.790544 0.133751 0.418912
4 0.833141 0.694241 0.333717 0.611519
2 0.281034 0.522727 0.109994 0.0757971
3 0.0216096 0.717699 0.0432192 0.564602
4 0.326516 0.749023 0.568692 0.501954
4 0.188329 0.310236 0.369485 0.620471
3 0.910079 0.518906 0.179732 0.0689887
4 0.0678684 0.753916 0.135737 0.480017
0 0.712219 0.74463 0.575562 0.495689
4 0.732641 0.357072 0.505055 0.708321
3 0.297926 0.527076 0.158203 0.0926685
3 0.0678684 0.753916 0.135737 0.480017
3 0.281439 0.594636 0.246694 0.177771
3 0.0473115 0.563179 0.094623 0.366424
0 0.232486 0.299002 0.455981 0.598003
4 0.398664 0.0278032 0.785161 0.0556063
3 0.326516 0.749023 0.568692 0.501954
0 0.470945 0.3003 0.581657 0.600599
1 0.146333 0.807317 0.286178 0.373443
0 0.913671 0.391241 0.172658 0.617799
0 0.0678684 0.753916 0.135737 0.480017
0 0.3527 0.67962 0.270679 0.417598
4 0.689891 0.328339 0.620217 0.656677
3 0.278986 0.574659 0.109542 0.124379
0 0.784535 0.333453 0.43093 0.666907
4 0.642235 0.0450074 0.715531 0.0900147
3 0.887134 0.571408 0.133341 0.167972
4 0.234231 0.804638 0.382494 0.390725
3 0.0678265 0.400263 0.135653 0.754798
0 0.198507 0.806804 0.371748 0.377815
4 0.913671 0.391241 0.172658 0.617799
0 0.112025 0.814598 0.224049 0.370804
0 0.913304 0.476506 0.173391 0.498395
2 0.173986 0.748792 0.33639 0.497546
3 0.122918 0.80446 0.243848 0.382476
4 0.933124 0.790544 0.133751 0.418912
0 0.436727 0.787066 0.456852 0.425867
1 0.83384 0.788387 0.332321 0.414533
0 0.925094 0.322225 0.149812 0.644449
4 0.289456 0.0333443 0.578911 0.0666886
4 0.222319 0.0772934 0.444639 0.154587
3 0.0485601 0.6306 0.0971203 0.450822
4 0.734464 0.108152 0.531072 0.216304
2 0.281452 0.468979 0.112502 0.18558
4 0.798513 0.0976946 0.402975 0.195389
4 0.149826 0.821621 0.289808 0.356759
0 0.689891 0.328339 0.620217 0.656677
4 0.0306515 0.810175 0.061303 0.37965
3 0.370808 0.212219 0.731183 0.424439
4 0.681064 0.0755911 0.637873 0.151182
0 0.636696 0.430248 0.643775 0.860496
1 0.271668 0.56573 0.141837 0.109788
4 0.278986 0.574659 0.109542 0.124379
4 0.274971 0.786196 0.41542 0.427609
1 0.281034 0.522727 0.109994 0.0757971
0 0.325696 0.789346 0.392171 0.421307
3 0.879783 0.444397 0.106217 0.222023
2 0.326516 0.749023 0.568692 0.501954
4 0.288553 0.208981 0.577106 0.417963
0 0.0248507 0.798378 0.0497013 0.403244
4 0.0216096 0.717699 0.0432192 0.564602
3 0.109001 0.209403 0.218001 0.418806
4 0.185245 0.19832 0.369842 0.39664
0 0.850654 0.29993 0.298693 0.599861
4 0.584131 0.290152 0.830001 0.580305
0 0.0137221 0.371959 0.0274443 0.705889
4 0.470945 0.3003 0.581657 0.600599
4 0.777736 0.314571 0.444527 0.629141
0 0.0912306 0.67765 0.182461 0.527126
4 0.557637 0.44995 0.300511 0.85737
4 0.0176834 0.669583 0.0353667 0.656405
0 0.868303 0.582395 0.263393 0.202961
0 0.234231 0.804638 0.382494 0.390725
0 0.925574 0.714214 0.148852 0.571572
4 0.873547 0.659441 0.130466 0.348109
4 0.136668 0.212142 0.273337 0.424283
4 0.850654 0.29993 0.298693 0.599861
4 0.338653 0.436746 0.527661 0.873492
1 0.281452 0.468979 0.112502 0.18558
0 0.0306515 0.810175 0.061303 0.37965
0 0.024153 0.240886 0.048306 0.481772
4 0.609045 0.607237 0.235596 0.541393
3 0.4438 0.133154 0.863321 0.266308
4 0.0182186 0.289687 0.0364373 0.579374
1 0.775457 0.709956 0.256082 0.530334
4 0.271668 0.56573 0.141837 0.109788
4 0.636696 0.430248 0.643775 0.860496
4 0.894241 0.324231 0.211518 0.648462
4 0.0248507 0.798378 0.0497013 0.403244
4 0.010957 0.584559 0.021914 0.515374
4 0.41487 0.771904 0.595483 0.449166
2 0.281439 0.594636 0.246694 0.177771
0 0.136668 0.212142 0.273337 0.424283
4 0.925094 0.322225 0.149812 0.644449
0 0.288553 0.208981 0.577106 0.417963
4 0.0137221 0.371959 0.0274443 0.705889
4 0.109001 0.209403 0.218001 0.418806
4 0.151031 0.216241 0.298089 0.432482
0 0.894241 0.324231 0.211518 0.648462
1 0.0852992 0.809734 0.170598 0.370647
0 0.437261 0.399591 0.530734 0.799183
0 0.218088 0.363731 0.339173 0.727462
2 0.271668 0.56573 0.141837 0.109788
2 0.278986 0.574659 0.109542 0.124379
2 0.535498 0.757038 0.368467 0.442021
0 0.129774 0.698413 0.259549 0.588045
1 0.729609 0.747061 0.488375 0.493678
2 0.436727 0.787066 0.456852 0.425867
0 0.344503 0.260733 0.600029 0.521466
1 0.884729 0.412567 0.106168 0.303313
2 0.241715 0.746859 0.462692 0.484146
4 0.0554716 0.686974 0.110943 0.588959
2 0.913866 0.465145 0.172269 0.22959
3 0.873547 0.659441 0.130466 0.348109
4 0.355116 0.293516 0.603323 0.587032
0 0.208593 0.233832 0.403892 0.467664
2 0.41487 0.771904 0.595483 0.449166
1 0.873547 0.659441 0.130466 0.348109
4 0.913304 0.476506 0.173391 0.498395
2 0.626919 0.616269 0.192444 0.524266
3 0.0852992 0.809734 0.170598 0.370647
4 0.258777 0.573787 0.14869 0.272743
4 0.1682 0.446132 0.335622 0.892265
4 0.913866 0.465145 0.172269 0.22959
0 0.0485601 0.6306 0.0971203 0.450822
2 0.297926 0.527076 0.158203 0.0926685
0 0.0554716 0.686974 0.110943 0.588959
0 0.17658 0.819036 0.32756 0.361927
2 0.536906 0.670966 0.199216 0.406775
1 0.387388 0.744624 0.418833 0.485759
4 0.0852992 0.809734 0.170598 0.370647
4 0.0485601 0.6306 0.0971203 0.450822
4 0.0912727 0.607731 0.182545 0.564708
0 0.151031 0.216241 0.298089 0.432482
1 0.933124 0.790544 0.133751 0.418912
4 0.910079 0.518906 0.179732 0.0689887
4 0.238142 0.592906 0.179029 0.523135
4 0.868303 0.582395 0.263393 0.202961
4 0.0473115 0.563179 0.094623 0.366424
1 0.102206 0.772218 0.204413 0.442856
4 0.281439 0.594636 0.246694 0.177771
0 0.576731 0.692158 0.283237 0.354427
1 0.568936 0.690698 0.291738 0.38298
0 0.877971 0.522627 0.10535 0.0640293
0 0.27456 0.536891 0.10711 0.0432844
0 0.63565 0.714437 0.424531 0.365392
0 0.879781 0.4444 0.106242 0.22199
0 0.281044 0.522723 0.110049 0.0757768
2 0.569356 0.696273 0.291303 0.369821
0 0.536616 0.670973 0.198612 0.406779
4 0.568936 0.690698 0.291738 0.38298
0 0.536805 0.757055 0.36583 0.441893
0 0.834089 0.786618 0.331823 0.414735
3 0.667934 0.752132 0.489169 0.454986
0 0.884693 0.412601 0.106219 0.303288
0 0.271748 0.565758 0.141832 0.109773
0 0.28159 0.594661 0.246842 0.177737
0 0.278999 0.574708 0.109525 0.124411
4 0.667934 0.752132 0.489169 0.454986
0 0.474622 0.0246257 0.923491 0.0492514
0 0.325876 0.749058 0.567159 0.501883
0 0.873583 0.659753 0.130195 0.348603
2 0.877971 0.522627 0.10535 0.0640293
0 0.910096 0.51893 0.179732 0.0689488
3 0.339543 0.436464 0.525226 0.872929
2 0.63565 0.714437 0.424531 0.365392
0 0.574219 0.733099 0.315957 0.533802
0 0.281457 0.468966 0.112545 0.185632
0 0.887095 0.571488 0.133155 0.167994
3 0.611272 0.76116 0.356051 0.47768
0 0.44375 0.121846 0.862667 0.243693
3 0.622147 0.463921 0.526775 0.896968
4 0.611272 0.76116 0.356051 0.47768
3 0.557492 0.447651 0.302325 0.862105
3 0.736734 0.603919 0.30923 0.659667
3 0.152869 0.461231 0.305482 0.922462
0 0.228809 0.754683 0.412064 0.477909
3 0.819521 0.634495 0.226435 0.432098
4 0.63565 0.714437 0.424531 0.365392
0 0.474684 0.27327 0.82501 0.546541
3 0.838043 0.59125 0.195638 0.54773
2 0.879781 0.4444 0.106242 0.22199
3 0.130605 0.715221 0.260208 0.556852
0 0.154342 0.768137 0.306914 0.447478
3 0.738841 0.770026 0.510744 0.459947
3 0.564056 0.404953 0.677323 0.809906
3 0.218355 0.363288 0.338466 0.726575
0 0.605953 0.0193509 0.788094 0.0387018
0 0.322833 0.0264172 0.640987 0.0528345
0 0.819521 0.634495 0.226435 0.432098
0 0.425499 0.169201 0.750386 0.338401
3 0.682922 0.369419 0.634157 0.738838
3 0.734988 0.448686 0.407509 0.810569
3 0.281044 0.522723 0.110049 0.0757768
3 0.826168 0.778242 0.344597 0.443515
3 0.438502 0.397829 0.530061 0.795657
4 0.879781 0.4444 0.106242 0.22199
3 0.868467 0.582174 0.263066 0.20247
0 0.933255 0.790623 0.13349 0.418755
3 0.526367 0.443024 0.484924 0.886048
3 0.894371 0.324578 0.211259 0.649156
3 0.531488 0.325549 0.822718 0.651097
3 0.913304 0.476449 0.173392 0.499629
0 0.222383 0.0767657 0.444767 0.153531
3 0.884693 0.412601 0.106219 0.303288
3 0.777756 0.314796 0.444487 0.629593
1 0.877971 0.522627 0.10535 0.0640293
3 0.906828 0.604003 0.186345 0.791994
3 0.576375 0.700353 0.281674 0.365444
0 0.297964 0.527035 0.158258 0.0925463
3 0.325471 0.78923 0.38912 0.42154
1 0.887095 0.571488 0.133155 0.167994
3 0.77537 0.709863 0.255634 0.529879
3 0.234027 0.804442 0.381256 0.391116
3 0.371768 0.438072 0.3376 0.876144
3 0.238674 0.593191 0.177818 0.521669
3 0.222383 0.0767657 0.444767 0.153531
1 0.879781 0.4444 0.106242 0.22199
3 0.913665 0.391718 0.172671 0.618339
4 0.877971 0.522627 0.10535 0.0640293
4 0.552532 0.745784 0.291433 0.508432
3 0.166526 0.295844 0.327948 0.591687
0 0.8082 0.729422 0.29603 0.529212
3 0.619779 0.605294 0.241973 0.57816
3 0.0910165 0.609279 0.182033 0.560714
3 0.502542 0.0258371 0.915792 0.0516742
3 0.357025 0.292948 0.599665 0.585896
3 0.150989 0.216029 0.297992 0.432055
3 0.642074 0.0445581 0.715852 0.0891163
3 0.289493 0.0332462 0.578987 0.0664923
3 0.734314 0.107251 0.531372 0.214501
3 0.437432 0.78709 0.455267 0.425819
3 0.62454 0.024297 0.75092 0.0485939
3 0.933724 0.794998 0.132552 0.410004
0 0.0107895 0.641702 0.0215789 0.587229
3 0.172287 0.763765 0.341318 0.461239
0 0.411023 0.76265 0.597453 0.419191
3 0.680911 0.0747112 0.638178 0.149422
3 0.925664 0.714807 0.148671 0.570386
3 0.184544 0.198182 0.368458 0.396363
4 0.834657 0.788992 0.330686 0.412455
3 0.149761 0.821668 0.289606 0.356664
3 0.273961 0.786006 0.412031 0.427988
3 0.281457 0.468966 0.112545 0.185632
3 0.877971 0.522627 0.10535 0.0640293
3 0.0243228 0.240834 0.0486456 0.481668
0 0.102687 0.77224 0.205374 0.442844
3 0.475016 0.289203 0.610093 0.578405
2 0.552532 0.745784 0.291433 0.508432
0 0.258806 0.573901 0.148663 0.27293
3 0.303515 0.533228 0.153549 0.321631
0 0.798403 0.0970962 0.403194 0.194192
0 0.642074 0.0445581 0.715852 0.0891163
4 0.546363 0.0242006 0.861192 0.0484013
3 0.276295 0.244719 0.543829 0.489438
3 0.137321 0.212134 0.274643 0.424268
0 0.734314 0.107251 0.531372 0.214501
3 0.0133956 0.647271 0.0267912 0.683972
3 0.925224 0.322557 0.149552 0.645115
0 0.0178298 0.669613 0.0356596 0.656573
3 0.258806 0.573901 0.148663 0.27293
4 0.44375 0.121846 0.862667 0.243693
1 0.63565 0.714437 0.424531 0.365392
0 0.561375 0.444169 0.425104 0.888338
3 0.271748 0.565758 0.141832 0.109773
0 0.680911 0.0747112 0.638178 0.149422
3 0.415128 0.771897 0.595161 0.449471
3 0.850513 0.300415 0.298975 0.600831
0 0.933724 0.794998 0.132552 0.410004
3 0.0554981 0.687239 0.110996 0.588882
2 0.8082 0.729422 0.29603 0.529212
4 0.510532 0.428344 0.522795 0.856688
3 0.833135 0.69421 0.333729 0.611581
4 0.432695 0.266857 0.785138 0.533714
0 0.608807 0.606483 0.236523 0.54293
4 0.281044 0.522723 0.110049 0.0757768
4 0.738841 0.770026 0.510744 0.459947
4 0.19994 0.760203 0.391837 0.464741
3 0.798403 0.0970962 0.403194 0.194192
3 0.517926 0.765679 0.359137 0.468642
4 0.884693 0.412601 0.106219 0.303288
3 0.352604 0.67959 0.270553 0.417478
3 0.0137433 0.372078 0.0274865 0.704754
4 0.281457 0.468966 0.112545 0.185632
0 0.557492 0.447651 0.302325 0.862105
0 0.529975 0.356354 0.553976 0.712708
3 0.0107895 0.641702 0.0215789 0.587229
4 0.425499 0.169201 0.750386 0.338401
0 0.269377 0.0487596 0.538754 0.0975192
4 0.325471 0.78923 0.38912 0.42154
4 0.933724 0.794998 0.132552 0.410004
4 0.906828 0.604003 0.186345 0.791994
3 0.024271 0.768178 0.048542 0.463644
4 0.102687 0.77224 0.205374 0.442844
4 0.536805 0.757055 0.36583 0.441893
4 0.144606 0.768629 0.288091 0.449299
4 0.925664 0.714807 0.148671 0.570386
3 0.0307818 0.810042 0.0615637 0.379915
0 0.0857371 0.809512 0.171474 0.371122
4 0.437432 0.78709 0.455267 0.425819
3 0.933255 0.790623 0.13349 0.418755
0 0.0218377 0.717685 0.0436755 0.564629
4 0.833135 0.69421 0.333729 0.611581
2 0.281044 0.522723 0.110049 0.0757768
3 0.0218377 0.717685 0.0436755 0.564629
4 0.325876 0.749058 0.567159 0.501883
4 0.188075 0.309342 0.368909 0.618685
4 0.0680518 0.753958 0.136104 0.480106
3 0.910096 0.51893 0.179732 0.0689488
3 0.297964 0.527035 0.158258 0.0925463
3 0.0680518 0.753958 0.136104 0.480106
4 0.733375 0.357174 0.502782 0.708184
3 0.0472929 0.563258 0.0945859 0.366413
3 0.28159 0.594661 0.246842 0.177737
4 0.398522 0.0277866 0.785079 0.0555732
3 0.325876 0.749058 0.567159 0.501883
1 0.146243 0.807578 0.285934 0.373022
0 0.712201 0.744674 0.575598 0.495793
4 0.689488 0.328272 0.621024 0.656544
0 0.232222 0.298297 0.45525 0.596595
0 0.471034 0.299214 0.578847 0.598428
4 0.642074 0.0445581 0.715852 0.0891163
3 0.278999 0.574708 0.109525 0.124411
3 0.887095 0.571488 0.133155 0.167994
4 0.234027 0.804442 0.381256 0.391116
3 0.0678192 0.40034 0.135638 0.755017
0 0.352604 0.67959 0.270553 0.417478
0 0.913665 0.391718 0.172671 0.618339
0 0.0680518 0.753958 0.136104 0.480106
4 0.913665 0.391718 0.172671 0.618339
3 0.122912 0.804382 0.243831 0.382701
2 0.173984 0.748844 0.336467 0.497598
0 0.733375 0.357174 0.502782 0.708184
4 0.933255 0.790623 0.13349 0.418755
1 0.833835 0.788474 0.33233 0.41438
4 0.222383 0.0767657 0.444767 0.153531
4 0.289493 0.0332462 0.578987 0.0664923
3 0.048554 0.630794 0.0971081 0.450885
0 0.198255 0.806782 0.370969 0.378078
0 0.913304 0.476449 0.173392 0.499629
0 0.112129 0.81439 0.224258 0.371221
4 0.734314 0.107251 0.531372 0.214501
2 0.281457 0.468966 0.112545 0.185632
4 0.798403 0.0970962 0.403194 0.194192
0 0.437432 0.78709 0.455267 0.425819
0 0.925224 0.322557 0.149552 0.645115
4 0.149761 0.821668 0.289606 0.356664
4 0.680911 0.0747112 0.638178 0.149422
4 0.0307818 0.810042 0.0615637 0.379915
3 0.370962 0.211841 0.731507 0.423681
0 0.689488 0.328272 0.621024 0.656544
1 0.271748 0.565758 0.141832 0.109773
4 0.273961 0.786006 0.412031 0.427988
4 0.278999 0.574708 0.109525 0.124411
0 0.636111 0.429939 0.643422 0.859878
1 0.281044 0.522723 0.110049 0.0757768
3 0.879781 0.4444 0.106242 0.22199
4 0.288822 0.208662 0.577644 0.417324
2 0.325876 0.749058 0.567159 0.501883
4 0.0218377 0.717685 0.0436755 0.564629
4 0.184544 0.198182 0.368458 0.396363
4 0.583704 0.289402 0.831022 0.578803
3 0.109541 0.209308 0.219082 0.418615
0 0.325471 0.78923 0.38912 0.42154
4 0.471034 0.299214 0.578847 0.598428
0 0.0250105 0.798354 0.050021 0.403293
4 0.777756 0.314796 0.444487 0.629593
0 0.850513 0.300415 0.298975 0.600831
4 0.557492 0.447651 0.302325 0.862105
4 0.0178298 0.669613 0.0356596 0.656573
0 0.0137433 0.372078 0.0274865 0.704754
4 0.873583 0.659753 0.130195 0.348603
4 0.137321 0.212134 0.274643 0.424268
0 0.0912216 0.678062 0.182443 0.527643
4 0.850513 0.300415 0.298975 0.600831
4 0.339543 0.436464 0.525226 0.872929
1 0.281457 0.468966 0.112545 0.185632
3 0.63565 0.714437 0.424531 0.365392
4 0.608807 0.606483 0.236523 0.54293
0 0.868467 0.582174 0.263066 0.20247
0 0.234027 0.804442 0.381256 0.391116
4 0.0183302 0.289777 0.0366604 0.579554
1 0.77537 0.709863 0.255634 0.529879
3 0.44375 0.121846 0.862667 0.243693
0 0.925664 0.714807 0.148671 0.570386
4 0.271748 0.565758 0.141832 0.109773
4 0.636111 0.429939 0.643422 0.859878
4 0.894371 0.324578 0.211259 0.649156
0 0.0243228 0.240834 0.0486456 0.481668
0 0.0307818 0.810042 0.0615637 0.379915
4 0.0250105 0.798354 0.050021 0.403293
4 0.0109705 0.584536 0.021941 0.513916
4 0.415128 0.771897 0.595161 0.449471
0 0.777756 0.314796 0.444487 0.629593
4 0.925224 0.322557 0.149552 0.645115
2 0.28159 0.594661 0.246842 0.177737
4 0.0137433 0.372078 0.0274865 0.704754
4 0.109541 0.209308 0.219082 0.418615
4 0.150989 0.216029 0.297992 0.432055
0 0.288822 0.208662 0.577644 0.417324
0 0.137321 0.212134 0.274643 0.424268
1 0.0857371 0.809512 0.171474 0.371122
0 0.438502 0.397829 0.530061 0.795657
0 0.894371 0.324578 0.211259 0.649156
2 0.271748 0.565758 0.141832 0.109773
2 0.278999 0.574708 0.109525 0.124411
0 0.218355 0.363288 0.338466 0.726575
2 0.536805 0.757055 0.36583 0.441893
1 0.729668 0.747147 0.48731 0.493551
2 0.437432 0.78709 0.455267 0.425819
0 0.129772 0.698567 0.259543 0.58805
0 0.345214 0.259898 0.59699 0.519796
1 0.884693 0.412601 0.106219 0.303288
2 0.241594 0.746995 0.462353 0.483913
4 0.0554981 0.687239 0.110996 0.588882
2 0.913864 0.465248 0.172271 0.229635
4 0.357025 0.292948 0.599665 0.585896
3 0.873583 0.659753 0.130195 0.348603
0 0.208254 0.233472 0.403083 0.466943
1 0.873583 0.659753 0.130195 0.348603
4 0.913304 0.476449 0.173392 0.499629
2 0.415128 0.771897 0.595161 0.449471
2 0.626964 0.61635 0.192483 0.524165
3 0.0857371 0.809512 0.171474 0.371122
4 0.258806 0.573901 0.148663 0.27293
4 0.168162 0.445927 0.335565 0.891854
4 0.913864 0.465248 0.172271 0.229635
2 0.297964 0.527035 0.158258 0.0925463
1 0.386994 0.744948 0.417956 0.486284
2 0.536616 0.670973 0.198612 0.406779
4 0.0857371 0.809512 0.171474 0.371122
0 0.048554 0.630794 0.0971081 0.450885
0 0.0554981 0.687239 0.110996 0.588882
0 0.176378 0.818999 0.326983 0.362003
4 0.048554 0.630794 0.0971081 0.450885
4 0.0910165 0.609279 0.182033 0.560714
1 0.933255 0.790623 0.13349 0.418755
4 0.910096 0.51893 0.179732 0.0689488
4 0.238674 0.593191 0.177818 0.521669
4 0.868467 0.582174 0.263066 0.20247
4 0.0472929 0.563258 0.0945859 0.366413
