0 0.838291 0.299446 0.051531 0.20116
0 0.382037 0.550535 0.0739067 0.0789084
0 0.444459 0.523498 0.0352812 0.0766251
0 0.398799 0.553116 0.122714 0.0847732
0 0.592317 0.7522 0.457465 0.48803
0 0.776919 0.759288 0.446163 0.460577
0 0.44542 0.469967 0.0385904 0.220891
0 0.400899 0.528011 0.0977139 0.0942457
0 0.37999 0.527403 0.0720028 0.105016
0 0.863094 0.31124 0.0965191 0.217941
0 0.841667 0.263465 0.0521994 0.284086
0 0.439586 0.55932 0.0546816 0.113437
0 0.71263 0.742895 0.459005 0.506699
0 0.825779 0.791888 0.348441 0.403716
2 0.838291 0.299446 0.051531 0.20116
0 0.46458 0.0243034 0.929161 0.0486068
0 0.550585 0.660662 0.360677 0.321857
3 0.84098 0.231645 0.31804 0.46329
0 0.888128 0.820702 0.223745 0.358596
0 0.381543 0.0374932 0.760032 0.0749863
3 0.893806 0.667225 0.212387 0.650929
0 0.441611 0.755657 0.34795 0.475976
0 0.49295 0.751493 0.57055 0.493452
0 0.313533 0.63277 0.224967 0.240458
3 0.854467 0.731045 0.291065 0.513367
3 0.90482 0.36768 0.19036 0.355631
0 0.481324 0.540729 0.0995203 0.120376
3 0.90989 0.292241 0.180219 0.48092
3 0.403913 0.406047 0.507074 0.812094
3 0.715024 0.756913 0.556531 0.486173
3 0.801006 0.773948 0.397746 0.452105
3 0.379831 0.510223 0.0787551 0.28338
3 0.703635 0.257724 0.501093 0.515449
0 0.524221 0.723254 0.262658 0.525961
3 0.835038 0.798417 0.329923 0.403166
0 0.192585 0.838211 0.375169 0.309241
0 0.220695 0.122758 0.44139 0.245515
4 0.838291 0.299446 0.051531 0.20116
3 0.515276 0.464899 0.288637 0.9184
3 0.467065 0.487324 0.204605 0.880549
0 0.703635 0.257724 0.501093 0.515449
0 0.93027 0.83239 0.13946 0.329688
3 0.759089 0.415917 0.208054 0.474639
0 0.40746 0.529751 0.0988678 0.350204
0 0.374572 0.0765663 0.74071 0.153133
3 0.841325 0.292628 0.0394997 0.179249
3 0.660178 0.480232 0.292931 0.925346
0 0.596491 0.0349059 0.756414 0.0698117
3 0.609446 0.744034 0.428943 0.511931
3 0.930837 0.723253 0.138325 0.500531
3 0.230387 0.655718 0.199632 0.468194
3 0.777475 0.492998 0.175138 0.552484
3 0.163967 0.488083 0.327933 0.976166
3 0.889996 0.195018 0.220007 0.390037
3 0.915649 0.418622 0.168702 0.501269
4 0.736085 0.754331 0.527829 0.470248
3 0.416941 0.75137 0.705886 0.497259
3 0.919989 0.250275 0.160022 0.44508
3 0.40746 0.529751 0.0988678 0.350204
3 0.899317 0.810459 0.201367 0.379081
0 0.404761 0.545518 0.162838 0.558398
3 0.677427 0.608195 0.274378 0.765265
0 0.24737 0.753789 0.473464 0.489964
0 0.120486 0.847044 0.240645 0.305912
3 0.0881576 0.46415 0.176315 0.861632
3 0.76987 0.130869 0.460259 0.261738
3 0.663352 0.364705 0.589154 0.72941
3 0.376669 0.526273 0.188723 0.614014
3 0.250759 0.421428 0.387489 0.838172
0 0.661521 0.105477 0.676959 0.210954
3 0.37999 0.527403 0.0720028 0.105016
3 0.596491 0.0349059 0.756414 0.0698117
3 0.650898 0.722322 0.331837 0.555357
3 0.638967 0.38713 0.37343 0.77426
3 0.476322 0.0228133 0.905623 0.0456267
3 0.80621 0.68915 0.387579 0.590755
3 0.317688 0.825307 0.556825 0.349385
3 0.220695 0.122758 0.44139 0.245515
3 0.404761 0.545518 0.162838 0.558398
3 0.749892 0.727332 0.461519 0.545284
3 0.564829 0.516413 0.256738 0.967175
3 0.197547 0.751826 0.386679 0.487452
0 0.0103156 0.582898 0.0206311 0.591856
3 0.661521 0.105477 0.676959 0.210954
0 0.847083 0.344169 0.0638826 0.306689
3 0.55463 0.227134 0.655313 0.454267
3 0.624016 0.547897 0.223835 0.894583
3 0.934671 0.835423 0.130658 0.329154
4 0.592317 0.7522 0.457465 0.48803
3 0.1367 0.578565 0.273399 0.80418
3 0.690329 0.195568 0.619342 0.391135
4 0.841667 0.263465 0.0521994 0.284086
4 0.703635 0.257724 0.501093 0.515449
3 0.558352 0.400294 0.369578 0.800587
4 0.464623 0.747811 0.653198 0.481924
3 0.828126 0.31739 0.0789946 0.23207
3 0.400899 0.528011 0.0977139 0.0942457
3 0.890199 0.438883 0.150898 0.478764
3 0.81878 0.0976906 0.36244 0.195381
3 0.863094 0.31124 0.0965191 0.217941
0 0.598915 0.36886 0.641612 0.73772
3 0.0269685 0.758905 0.053937 0.482191
0 0.522199 0.137763 0.666078 0.275526
3 0.741297 0.609656 0.299863 0.745447
3 0.493135 0.375951 0.584954 0.751903
3 0.116524 0.746776 0.233049 0.506449
3 0.839514 0.298128 0.0546589 0.194862
3 0.44542 0.469967 0.0385904 0.220891
3 0.152334 0.837181 0.302695 0.325637
3 0.0435363 0.287843 0.0870726 0.575687
0 0.55463 0.227134 0.655313 0.454267
3 0.561672 0.720156 0.324781 0.559688
3 0.243636 0.837901 0.477095 0.324198
3 0.297707 0.358599 0.524193 0.717198
3 0.286174 0.0421106 0.572347 0.0842211
3 0.101051 0.373749 0.202102 0.747497
0 0.690329 0.195568 0.619342 0.391135
0 0.0123686 0.624744 0.0247371 0.719252
3 0.511629 0.609748 0.215419 0.680925
0 0.0166788 0.637781 0.0333575 0.724438
3 0.17682 0.300982 0.350734 0.601965
0 0.934671 0.835423 0.130658 0.329154
4 0.476322 0.0228133 0.905623 0.0456267
3 0.0917409 0.284326 0.183482 0.568651
0 0.650898 0.722322 0.331837 0.555357
3 0.672433 0.749929 0.465403 0.48537
3 0.567131 0.744463 0.432919 0.501039
0 0.394281 0.127725 0.788562 0.25545
4 0.317688 0.825307 0.556825 0.349385
3 0.336779 0.531002 0.141671 0.127876
3 0.0929683 0.678699 0.185937 0.611367
0 0.805535 0.228997 0.375815 0.457993
3 0.0166788 0.637781 0.0333575 0.724438
4 0.817585 0.799655 0.36483 0.396637
1 0.199662 0.840236 0.39443 0.307463
2 0.382037 0.550535 0.0739067 0.0789084
0 0.863831 0.805819 0.272339 0.388362
3 0.867776 0.26498 0.101829 0.305129
0 0.81878 0.0976906 0.36244 0.195381
0 0.0131483 0.433976 0.0262966 0.550832
0 0.921607 0.757151 0.156785 0.474107
4 0.639557 0.746154 0.448721 0.507693
3 0.0377195 0.845263 0.075439 0.309473
4 0.632453 0.0451941 0.735093 0.0903883
3 0.0685857 0.756245 0.137171 0.487509
3 0.0329974 0.813454 0.0659949 0.373093
3 0.444459 0.523498 0.0352812 0.0766251
3 0.522199 0.137763 0.666078 0.275526
4 0.515125 0.745302 0.464274 0.474233
3 0.925218 0.808379 0.149563 0.378497
0 0.890199 0.438883 0.150898 0.478764
0 0.293824 0.840489 0.581818 0.298741
0 0.386288 0.761803 0.712689 0.454283
3 0.847083 0.344169 0.0638826 0.306689
0 0.76987 0.130869 0.460259 0.261738
3 0.315307 0.758904 0.579925 0.482192
1 0.838291 0.299446 0.051531 0.20116
3 0.382037 0.550535 0.0739067 0.0789084
2 0.865456 0.313734 0.100541 0.206717
3 0.439586 0.55932 0.0546816 0.113437
3 0.0123686 0.624744 0.0247371 0.719252
3 0.313533 0.63277 0.224967 0.240458
0 0.260263 0.0635149 0.520526 0.12703
3 0.168473 0.208151 0.336946 0.416303
4 0.17879 0.835612 0.352168 0.328777
0 0.15623 0.766522 0.310812 0.466916
2 0.37999 0.527403 0.0720028 0.105016
3 0.441611 0.755657 0.34795 0.475976
4 0.934671 0.835423 0.130658 0.329154
2 0.24737 0.753789 0.473464 0.489964
4 0.801006 0.773948 0.397746 0.452105
4 0.35423 0.773966 0.577428 0.452067
3 0.26312 0.278835 0.462629 0.557669
4 0.381543 0.0374932 0.760032 0.0749863
2 0.398799 0.553116 0.122714 0.0847732
0 0.376669 0.526273 0.188723 0.614014
3 0.437005 0.0697786 0.710811 0.139557
4 0.404761 0.545518 0.162838 0.558398
2 0.810611 0.515434 0.119133 0.640832
1 0.439586 0.55932 0.0546816 0.113437
0 0.551655 0.746513 0.520073 0.506973
0 0.116524 0.746776 0.233049 0.506449
4 0.444459 0.523498 0.0352812 0.0766251
4 0.899317 0.810459 0.201367 0.379081
4 0.243636 0.837901 0.477095 0.324198
3 0.0248123 0.686097 0.0496245 0.627806
4 0.661521 0.105477 0.676959 0.210954
4 0.398799 0.553116 0.122714 0.0847732
3 0.810611 0.515434 0.119133 0.640832
3 0.398799 0.553116 0.122714 0.0847732
4 0.437005 0.0697786 0.710811 0.139557
3 0.0551596 0.702233 0.110319 0.595534
3 0.260263 0.0635149 0.520526 0.12703
4 0.472614 0.129336 0.714807 0.258672
0 0.889996 0.195018 0.220007 0.390037
0 0.919989 0.250275 0.160022 0.44508
0 0.379831 0.510223 0.0787551 0.28338
4 0.690329 0.195568 0.619342 0.391135
3 0.367086 0.157947 0.734172 0.315894
0 0.90482 0.36768 0.19036 0.355631
3 0.0103156 0.582898 0.0206311 0.591856
1 0.841667 0.263465 0.0521994 0.284086
2 0.890199 0.438883 0.150898 0.478764
0 0.30687 0.176789 0.613741 0.353578
0 0.0248123 0.686097 0.0496245 0.627806
0 0.35423 0.773966 0.577428 0.452067
4 0.220695 0.122758 0.44139 0.245515
3 0.0131483 0.433976 0.0262966 0.550832
4 0.551655 0.746513 0.520073 0.506973
4 0.44542 0.469967 0.0385904 0.220891
3 0.464623 0.747811 0.653198 0.481924
0 0.80621 0.68915 0.387579 0.590755
2 0.550585 0.660662 0.360677 0.321857
4 0.0377195 0.845263 0.075439 0.309473
0 0.243636 0.837901 0.477095 0.324198
3 0.478397 0.579801 0.100141 0.432201
4 0.81878 0.0976906 0.36244 0.195381
4 0.119274 0.847117 0.238547 0.305767
2 0.51376 0.751972 0.553357 0.496057
0 0.260366 0.219143 0.510946 0.438287
3 0.0429351 0.50939 0.0858702 0.519198
3 0.0229084 0.31235 0.0458168 0.563942
3 0.841667 0.263465 0.0521994 0.284086
4 0.889996 0.195018 0.220007 0.390037
0 0.297424 0.394181 0.420061 0.788361
3 0.481324 0.540729 0.0995203 0.120376
0 0.0377195 0.845263 0.075439 0.309473
4 0.400899 0.528011 0.0977139 0.0942457
4 0.209576 0.763731 0.412616 0.469458
3 0.353275 0.8174 0.676517 0.343367
2 0.441611 0.755657 0.34795 0.475976
4 0.367086 0.157947 0.734172 0.315894
0 0.828126 0.31739 0.0789946 0.23207
4 0.93027 0.83239 0.13946 0.329688
1 0.860725 0.809298 0.27855 0.372272
0 0.867776 0.26498 0.101829 0.305129
4 0.921607 0.757151 0.156785 0.474107
3 0.260366 0.219143 0.510946 0.438287
3 0.860725 0.809298 0.27855 0.372272
4 0.55463 0.227134 0.655313 0.454267
3 0.0461942 0.647756 0.0923883 0.624961
3 0.550585 0.660662 0.360677 0.321857
2 0.841667 0.263465 0.0521994 0.284086
1 0.44542 0.469967 0.0385904 0.220891
3 0.0875591 0.301848 0.175118 0.583504
4 0.315307 0.758904 0.579925 0.482192
3 0.784204 0.253341 0.177195 0.398562
4 0.550585 0.660662 0.360677 0.321857
0 0.0685857 0.756245 0.137171 0.487509
4 0.931731 0.636937 0.136539 0.569969
4 0.353275 0.8174 0.676517 0.343367
4 0.0131483 0.433976 0.0262966 0.550832
4 0.444806 0.376765 0.614025 0.75353
0 0.0917409 0.284326 0.183482 0.568651
0 0.920462 0.502919 0.159075 0.630149
0 0.317688 0.825307 0.556825 0.349385
4 0.40746 0.529751 0.0988678 0.350204
1 0.515125 0.745302 0.464274 0.474233
1 0.398799 0.553116 0.122714 0.0847732
0 0.801006 0.773948 0.397746 0.452105
4 0.0685857 0.756245 0.137171 0.487509
4 0.76987 0.130869 0.460259 0.261738
4 0.37999 0.527403 0.0720028 0.105016
4 0.0917409 0.284326 0.183482 0.568651
4 0.663352 0.364705 0.589154 0.72941
4 0.0166788 0.637781 0.0333575 0.724438
2 0.741297 0.609656 0.299863 0.745447
2 0.313533 0.63277 0.224967 0.240458
0 0.0229084 0.31235 0.0458168 0.563942
0 0.0329974 0.813454 0.0659949 0.373093
0 0.0269685 0.758905 0.053937 0.482191
4 0.919989 0.250275 0.160022 0.44508
4 0.439586 0.55932 0.0546816 0.113437
2 0.777475 0.492998 0.175138 0.552484
4 0.260263 0.0635149 0.520526 0.12703
4 0.558352 0.400294 0.369578 0.800587
3 0.199662 0.840236 0.39443 0.307463
4 0.441611 0.755657 0.34795 0.475976
4 0.260366 0.219143 0.510946 0.438287
4 0.920462 0.502919 0.159075 0.630149
3 0.0512576 0.321073 0.102515 0.602006
4 0.331685 0.378971 0.610136 0.757942
4 0.854467 0.731045 0.291065 0.513367
0 0.90989 0.292241 0.180219 0.48092
2 0.828126 0.31739 0.0789946 0.23207
2 0.825779 0.791888 0.348441 0.403716
4 0.84098 0.231645 0.31804 0.46329
0 0.931731 0.636937 0.136539 0.569969
0 0.493135 0.375951 0.584954 0.751903
4 0.0229084 0.31235 0.0458168 0.563942
0 0.336779 0.531002 0.141671 0.127876
4 0.26312 0.278835 0.462629 0.557669
4 0.0435363 0.287843 0.0870726 0.575687
0 0.777475 0.492998 0.175138 0.552484
4 0.153969 0.235868 0.307938 0.471736
3 0.781922 0.782764 0.436157 0.419454
2 0.439586 0.55932 0.0546816 0.113437
2 0.847083 0.344169 0.0638826 0.306689
1 0.847083 0.344169 0.0638826 0.306689
4 0.297424 0.394181 0.420061 0.788361
0 0.838353 0.299377 0.0516273 0.200737
0 0.38203 0.550547 0.0738839 0.0789026
0 0.444476 0.523516 0.0352755 0.0766402
0 0.398841 0.553123 0.12282 0.0847933
0 0.592197 0.752235 0.457504 0.488026
0 0.777183 0.759802 0.445633 0.459507
0 0.445436 0.47015 0.038584 0.22111
0 0.40086 0.528044 0.0977236 0.0942211
0 0.86309 0.311048 0.0965204 0.217297
0 0.37998 0.527455 0.0719722 0.104907
0 0.841721 0.263371 0.0522991 0.283724
0 0.439564 0.55938 0.0548124 0.113614
0 0.827022 0.792237 0.345957 0.402997
0 0.710352 0.742879 0.457249 0.506809
2 0.838353 0.299377 0.0516273 0.200737
0 0.464468 0.0243115 0.928936 0.0486229
0 0.551273 0.661777 0.362878 0.324108
3 0.84192 0.231667 0.31616 0.463333
0 0.888224 0.820804 0.223552 0.358391
0 0.381478 0.0377916 0.760309 0.0755832
3 0.893917 0.669059 0.212166 0.647203
3 0.854556 0.731161 0.290887 0.513183
3 0.904796 0.367844 0.190407 0.355195
0 0.441699 0.755697 0.34791 0.47614
0 0.493112 0.75152 0.570334 0.49347
0 0.313724 0.632272 0.224598 0.239441
3 0.909876 0.292436 0.180248 0.480827
0 0.481364 0.540975 0.0996744 0.120854
3 0.404053 0.406137 0.505035 0.812275
3 0.714924 0.757182 0.556111 0.485636
3 0.801697 0.774164 0.396341 0.451671
3 0.379827 0.510416 0.0787416 0.2837
3 0.703721 0.257518 0.499666 0.515037
3 0.835651 0.798606 0.328698 0.402788
3 0.515507 0.46477 0.287762 0.917519
4 0.838353 0.299377 0.0516273 0.200737
3 0.467193 0.487488 0.204103 0.879197
0 0.524515 0.723362 0.263516 0.526002
0 0.192367 0.838252 0.374759 0.309265
0 0.220392 0.122558 0.440783 0.245115
0 0.703721 0.257518 0.499666 0.515037
3 0.760008 0.415484 0.20596 0.473567
0 0.930402 0.832407 0.139195 0.329712
3 0.660159 0.479166 0.290513 0.92254
3 0.608846 0.744008 0.430275 0.511984
3 0.841375 0.292676 0.039584 0.179119
0 0.407385 0.53009 0.0989628 0.350877
3 0.9309 0.723482 0.138201 0.499731
0 0.374776 0.0769044 0.741001 0.153809
3 0.931873 0.637168 0.136255 0.566253
3 0.232537 0.655219 0.194399 0.463368
3 0.163978 0.487792 0.327956 0.975585
3 0.777675 0.491656 0.174553 0.548857
3 0.890448 0.194988 0.219103 0.389976
3 0.915703 0.418072 0.168594 0.499275
0 0.596429 0.0351013 0.75608 0.0702026
3 0.416839 0.751328 0.705639 0.497344
4 0.735893 0.754362 0.528213 0.470135
3 0.920063 0.250429 0.159875 0.445072
3 0.89935 0.810444 0.201299 0.379112
3 0.407385 0.53009 0.0989628 0.350877
3 0.676613 0.610391 0.270694 0.759899
3 0.0879147 0.46444 0.175829 0.859946
3 0.769971 0.131251 0.460057 0.262502
3 0.663102 0.365196 0.588247 0.730391
0 0.404363 0.545653 0.16356 0.559124
0 0.247587 0.753727 0.473858 0.490272
3 0.376784 0.526287 0.187932 0.613834
0 0.120002 0.84707 0.239664 0.30586
3 0.250303 0.420954 0.387649 0.837509
3 0.37998 0.527455 0.0719722 0.104907
3 0.596429 0.0351013 0.75608 0.0702026
3 0.64973 0.722489 0.328456 0.555021
0 0.661456 0.107672 0.677087 0.215344
3 0.475971 0.0228203 0.905592 0.0456405
3 0.638734 0.386918 0.371823 0.773836
3 0.806789 0.689344 0.386422 0.590459
3 0.317572 0.825539 0.556472 0.348921
3 0.220392 0.122558 0.440783 0.245115
3 0.404363 0.545653 0.16356 0.559124
3 0.74934 0.72742 0.459552 0.54516
3 0.564874 0.517433 0.256167 0.965134
3 0.197492 0.751892 0.386474 0.487569
3 0.661456 0.107672 0.677087 0.215344
3 0.555337 0.22623 0.653756 0.452459
3 0.624123 0.550754 0.221746 0.887174
0 0.0102872 0.583604 0.0205744 0.589255
3 0.93493 0.835438 0.130141 0.329123
4 0.592197 0.752235 0.457504 0.488026
0 0.847166 0.343943 0.064027 0.306103
3 0.136426 0.582764 0.272852 0.796172
4 0.703721 0.257518 0.499666 0.515037
3 0.560358 0.400272 0.364469 0.800545
3 0.690332 0.197585 0.619336 0.395169
4 0.841721 0.263371 0.0522991 0.283724
4 0.464811 0.747804 0.652853 0.48196
3 0.828225 0.317248 0.0790443 0.231485
3 0.890002 0.43628 0.150452 0.473399
3 0.40086 0.528044 0.0977236 0.0942211
3 0.81936 0.0977674 0.36128 0.195535
3 0.86309 0.311048 0.0965204 0.217297
3 0.0271559 0.758663 0.0543118 0.482675
3 0.741445 0.610712 0.298396 0.743368
3 0.494479 0.375784 0.580903 0.751567
3 0.116291 0.7468 0.232582 0.506399
3 0.445436 0.47015 0.038584 0.22111
3 0.152169 0.837175 0.30235 0.325649
3 0.0437335 0.287888 0.0874671 0.575777
3 0.839592 0.29807 0.0547943 0.194534
3 0.56111 0.720243 0.32379 0.559514
0 0.599041 0.369031 0.640811 0.738063
3 0.243622 0.837941 0.476992 0.324118
3 0.285889 0.0421335 0.571778 0.084267
3 0.100983 0.37516 0.201965 0.750319
0 0.522805 0.137823 0.664308 0.275646
3 0.297322 0.358074 0.522853 0.716149
0 0.555337 0.22623 0.653756 0.452459
3 0.17731 0.301271 0.35173 0.602542
3 0.511773 0.609373 0.215748 0.681615
0 0.690332 0.197585 0.619336 0.395169
0 0.0123805 0.625349 0.0247611 0.717819
4 0.475971 0.0228203 0.905592 0.0456405
3 0.0913214 0.283472 0.182643 0.566945
0 0.0167674 0.637722 0.0335349 0.724556
3 0.668436 0.749995 0.457742 0.48542
0 0.93493 0.835438 0.130141 0.329123
3 0.567008 0.744507 0.43293 0.501073
3 0.0926709 0.679559 0.185342 0.60991
3 0.336778 0.530992 0.141462 0.127608
4 0.317572 0.825539 0.556472 0.348921
3 0.0167674 0.637722 0.0335349 0.724556
4 0.818857 0.800085 0.362285 0.395855
2 0.38203 0.550547 0.0738839 0.0789026
0 0.64973 0.722489 0.328456 0.555021
3 0.867753 0.264847 0.101796 0.304639
1 0.19955 0.840258 0.394198 0.307481
4 0.638369 0.746279 0.448122 0.507441
3 0.0376971 0.845222 0.0753941 0.309555
0 0.394041 0.128041 0.788082 0.256081
3 0.0684922 0.755899 0.136984 0.488202
4 0.632444 0.0455887 0.735111 0.0911774
0 0.807022 0.228801 0.371553 0.457602
3 0.0330451 0.813431 0.0660902 0.373138
3 0.444476 0.523516 0.0352755 0.0766402
3 0.522805 0.137823 0.664308 0.275646
0 0.0130545 0.435098 0.026109 0.548517
0 0.864223 0.805913 0.271554 0.388175
0 0.81936 0.0977674 0.36128 0.195535
0 0.921617 0.757202 0.156766 0.473893
3 0.925322 0.808414 0.149355 0.378332
3 0.847166 0.343943 0.064027 0.306103
3 0.315246 0.758879 0.579341 0.482243
0 0.890002 0.43628 0.150452 0.473399
1 0.838353 0.299377 0.0516273 0.200737
3 0.38203 0.550547 0.0738839 0.0789026
3 0.439564 0.55938 0.0548124 0.113614
2 0.865442 0.313391 0.100522 0.205726
3 0.168398 0.207555 0.336797 0.415111
3 0.0123805 0.625349 0.0247611 0.717819
3 0.313724 0.632272 0.224598 0.239441
0 0.293554 0.840544 0.581258 0.298692
4 0.178651 0.835615 0.351847 0.32877
2 0.37998 0.527455 0.0719722 0.104907
0 0.386188 0.761933 0.712338 0.454104
3 0.441699 0.755697 0.34791 0.47614
0 0.769971 0.131251 0.460057 0.262502
4 0.93493 0.835438 0.130141 0.329123
2 0.247587 0.753727 0.473858 0.490272
4 0.801697 0.774164 0.396341 0.451671
4 0.354033 0.774302 0.577203 0.451396
3 0.436734 0.0697739 0.711017 0.139548
2 0.398841 0.553123 0.12282 0.0847933
4 0.381478 0.0377916 0.760309 0.0755832
3 0.262597 0.277081 0.46048 0.554162
4 0.404363 0.545653 0.16356 0.559124
0 0.259781 0.0636959 0.519563 0.127392
2 0.810788 0.514081 0.118974 0.637921
1 0.439564 0.55938 0.0548124 0.113614
0 0.155924 0.766456 0.310225 0.467087
4 0.444476 0.523516 0.0352755 0.0766402
4 0.243622 0.837941 0.476992 0.324118
4 0.89935 0.810444 0.201299 0.379112
0 0.376784 0.526287 0.187932 0.613834
3 0.0249602 0.68588 0.0499204 0.62824
4 0.661456 0.107672 0.677087 0.215344
0 0.551173 0.746484 0.521095 0.507032
0 0.116291 0.7468 0.232582 0.506399
4 0.398841 0.553123 0.12282 0.0847933
3 0.810788 0.514081 0.118974 0.637921
3 0.398841 0.553123 0.12282 0.0847933
4 0.436734 0.0697739 0.711017 0.139548
3 0.0551595 0.702664 0.110319 0.594672
3 0.259781 0.0636959 0.519563 0.127392
4 0.472811 0.129824 0.714001 0.259648
3 0.366856 0.15832 0.733712 0.316639
4 0.690332 0.197585 0.619336 0.395169
3 0.0102872 0.583604 0.0205744 0.589255
1 0.841721 0.263371 0.0522991 0.283724
0 0.920063 0.250429 0.159875 0.445072
0 0.890448 0.194988 0.219103 0.389976
0 0.379827 0.510416 0.0787416 0.2837
2 0.890002 0.43628 0.150452 0.473399
4 0.220392 0.122558 0.440783 0.245115
0 0.904796 0.367844 0.190407 0.355195
3 0.0130545 0.435098 0.026109 0.548517
4 0.551173 0.746484 0.521095 0.507032
4 0.445436 0.47015 0.038584 0.22111
3 0.464811 0.747804 0.652853 0.48196
0 0.304977 0.177053 0.609955 0.354105
4 0.0376971 0.845222 0.0753941 0.309555
0 0.0249602 0.68588 0.0499204 0.62824
2 0.551273 0.661777 0.362878 0.324108
0 0.354033 0.774302 0.577203 0.451396
3 0.478417 0.580015 0.100216 0.432515
4 0.81936 0.0977674 0.36128 0.195535
4 0.11904 0.847123 0.238079 0.305754
0 0.806789 0.689344 0.386422 0.590459
2 0.513979 0.751997 0.552977 0.496006
3 0.0429489 0.510974 0.0858978 0.516494
3 0.0227828 0.312842 0.0455657 0.564725
3 0.841721 0.263371 0.0522991 0.283724
4 0.890448 0.194988 0.219103 0.389976
3 0.481364 0.540975 0.0996744 0.120854
0 0.243622 0.837941 0.476992 0.324118
4 0.40086 0.528044 0.0977236 0.0942211
3 0.352916 0.817854 0.675677 0.342544
4 0.209513 0.763693 0.412524 0.46968
0 0.257493 0.218512 0.5051 0.437025
4 0.366856 0.15832 0.733712 0.316639
2 0.441699 0.755697 0.34791 0.47614
0 0.296979 0.393603 0.417961 0.787206
4 0.930402 0.832407 0.139195 0.329712
1 0.861233 0.809454 0.277534 0.371922
0 0.0376971 0.845222 0.0753941 0.309555
4 0.921617 0.757202 0.156766 0.473893
3 0.861233 0.809454 0.277534 0.371922
3 0.0461585 0.648698 0.092317 0.622217
4 0.555337 0.22623 0.653756 0.452459
3 0.551273 0.661777 0.362878 0.324108
0 0.828225 0.317248 0.0790443 0.231485
0 0.867753 0.264847 0.101796 0.304639
3 0.785242 0.25365 0.175225 0.397705
2 0.841721 0.263371 0.0522991 0.283724
1 0.445436 0.47015 0.038584 0.22111
4 0.315246 0.758879 0.579341 0.482243
4 0.551273 0.661777 0.362878 0.324108
3 0.0879132 0.301533 0.175826 0.582973
4 0.352916 0.817854 0.675677 0.342544
4 0.0130545 0.435098 0.026109 0.548517
4 0.931873 0.637168 0.136255 0.566253
4 0.444806 0.376765 0.613283 0.753529
4 0.407385 0.53009 0.0989628 0.350877
0 0.0684922 0.755899 0.136984 0.488202
1 0.398841 0.553123 0.12282 0.0847933
1 0.515204 0.745432 0.464866 0.474495
4 0.0684922 0.755899 0.136984 0.488202
0 0.0913214 0.283472 0.182643 0.566945
0 0.920573 0.502093 0.158853 0.625693
4 0.769971 0.131251 0.460057 0.262502
4 0.37998 0.527455 0.0719722 0.104907
4 0.0913214 0.283472 0.182643 0.566945
0 0.317572 0.825539 0.556472 0.348921
4 0.663102 0.365196 0.588247 0.730391
4 0.0167674 0.637722 0.0335349 0.724556
2 0.741445 0.610712 0.298396 0.743368
2 0.313724 0.632272 0.224598 0.239441
0 0.801697 0.774164 0.396341 0.451671
4 0.439564 0.55938 0.0548124 0.113614
4 0.920063 0.250429 0.159875 0.445072
3 0.19955 0.840258 0.394198 0.307481
2 0.777675 0.491656 0.174553 0.548857
4 0.259781 0.0636959 0.519563 0.127392
4 0.441699 0.755697 0.34791 0.47614
4 0.560358 0.400272 0.364469 0.800545
4 0.257493 0.218512 0.5051 0.437025
4 0.920573 0.502093 0.158853 0.625693
3 0.0513491 0.322079 0.102698 0.604218
0 0.0227828 0.312842 0.0455657 0.564725
0 0.0330451 0.813431 0.0660902 0.373138
4 0.331273 0.379031 0.609434 0.758061
2 0.827022 0.792237 0.345957 0.402997
0 0.0271559 0.758663 0.0543118 0.482675
4 0.854556 0.731161 0.290887 0.513183
4 0.84192 0.231667 0.31616 0.463333
2 0.828225 0.317248 0.0790443 0.231485
4 0.0227828 0.312842 0.0455657 0.564725
3 0.782546 0.78318 0.434908 0.41858
4 0.0437335 0.287888 0.0874671 0.575777
4 0.152901 0.233405 0.305802 0.46681
2 0.794496 0.751963 0.411008 0.477706
0 0.336778 0.530992 0.141462 0.127608
1 0.847166 0.343943 0.064027 0.306103
0 0.931873 0.637168 0.136255 0.566253
0 0.909876 0.292436 0.180248 0.480827
2 0.439564 0.55938 0.0548124 0.113614
0 0.494479 0.375784 0.580903 0.751567
2 0.847166 0.343943 0.064027 0.306103
4 0.296979 0.393603 0.417961 0.787206
4 0.376784 0.526287 0.187932 0.613834
4 0.379827 0.510416 0.0787416 0.2837
