0 0.776202 0.585516 0.447597 0.813755
0 0.758192 0.742941 0.426069 0.49548
0 0.46292 0.512249 0.626954 0.932674
0 0.542335 0.753147 0.503092 0.472654
0 0.436858 0.74985 0.679928 0.482233
3 0.793753 0.745542 0.412495 0.508916
3 0.860625 0.704516 0.27875 0.590968
3 0.808296 0.774439 0.383409 0.451123
3 0.891937 0.705102 0.216126 0.589795
3 0.211185 0.490965 0.417413 0.981929
0 0.653715 0.749082 0.512019 0.485673
4 0.774969 0.584755 0.450061 0.80824
3 0.348292 0.495604 0.694288 0.991207
0 0.520018 0.0596922 0.955314 0.119384
3 0.146155 0.493157 0.290133 0.97839
0 0.207658 0.101185 0.415316 0.20237
3 0.844871 0.448066 0.310258 0.879815
3 0.945836 0.760031 0.108328 0.479938
3 0.199387 0.682872 0.397609 0.628309
0 0.554133 0.49241 0.451717 0.979236
3 0.80851 0.386863 0.382979 0.773726
3 0.775156 0.504417 0.449687 0.9542
3 0.58481 0.75127 0.469318 0.49746
0 0.0596788 0.847658 0.119238 0.304684
3 0.684103 0.730287 0.446265 0.539426
3 0.262968 0.794364 0.50987 0.411273
0 0.479997 0.27882 0.415789 0.545743
4 0.808296 0.774439 0.383409 0.451123
3 0.207658 0.101185 0.415316 0.20237
3 0.449547 0.774443 0.597845 0.451114
3 0.915118 0.559357 0.169763 0.881285
4 0.436858 0.74985 0.679928 0.482233
3 0.186323 0.815265 0.361213 0.369469
4 0.542335 0.753147 0.503092 0.472654
3 0.777711 0.118387 0.444578 0.236774
3 0.741218 0.395138 0.517564 0.790277
0 0.361803 0.115478 0.723607 0.230955
0 0.13756 0.834529 0.272935 0.330942
3 0.125617 0.833232 0.24897 0.333535
3 0.347655 0.777997 0.558344 0.444007
0 0.947514 0.620413 0.104973 0.739226
0 0.303915 0.0821205 0.60783 0.164241
0 0.432309 0.0919997 0.847055 0.183999
3 0.285477 0.421327 0.563574 0.832443
3 0.943958 0.689293 0.112085 0.621414
3 0.944981 0.605534 0.110039 0.752189
0 0.312872 0.756934 0.619658 0.472066
0 0.0762724 0.836275 0.152545 0.32745
4 0.425514 0.50192 0.576297 0.996159
3 0.683053 0.119569 0.633894 0.239138
3 0.0653411 0.683813 0.130682 0.61451
3 0.688362 0.487774 0.62312 0.955556
3 0.526195 0.0389563 0.94761 0.0779126
3 0.771953 0.671687 0.453919 0.639237
4 0.653715 0.749082 0.512019 0.485673
0 0.0158713 0.667435 0.0317427 0.66513
3 0.653715 0.749082 0.512019 0.485673
3 0.829688 0.594167 0.340624 0.800449
0 0.0159079 0.60802 0.0318158 0.783959
3 0.588168 0.105981 0.823665 0.211962
3 0.0144849 0.755797 0.0289697 0.488406
3 0.457286 0.491701 0.579178 0.980125
3 0.169419 0.24794 0.336116 0.4673
0 0.808607 0.128072 0.382787 0.256144
3 0.0159079 0.60802 0.0318158 0.783959
3 0.92299 0.432471 0.15402 0.839922
3 0.269469 0.0784169 0.538939 0.156834
3 0.024969 0.249202 0.049938 0.498404
3 0.065396 0.242094 0.130792 0.484188
4 0.860625 0.704516 0.27875 0.590968
0 0.200591 0.782267 0.398545 0.435466
3 0.850995 0.364229 0.298009 0.728458
4 0.945836 0.760031 0.108328 0.479938
3 0.0243879 0.355733 0.0487757 0.703165
4 0.422349 0.269014 0.481224 0.517489
4 0.947514 0.620413 0.104973 0.739226
4 0.891937 0.705102 0.216126 0.589795
0 0.339883 0.490963 0.676441 0.974062
4 0.520018 0.0596922 0.955314 0.119384
3 0.0221521 0.451086 0.0443041 0.788912
4 0.528845 0.523575 0.493467 0.910942
4 0.758192 0.742941 0.426069 0.49548
3 0.242139 0.755043 0.479501 0.483124
3 0.557634 0.468762 0.8465 0.926182
0 0.0144849 0.755797 0.0289697 0.488406
0 0.588168 0.105981 0.823665 0.211962
3 0.0214865 0.823841 0.0429729 0.352318
3 0.467989 0.0715191 0.897756 0.143038
3 0.604115 0.275444 0.789573 0.550888
4 0.684103 0.730287 0.446265 0.539426
3 0.171019 0.369868 0.339637 0.724626
0 0.73514 0.114596 0.52972 0.229191
3 0.0158713 0.667435 0.0317427 0.66513
4 0.405653 0.504946 0.730835 0.990109
3 0.0721351 0.524218 0.14427 0.899737
3 0.061862 0.821754 0.123686 0.356492
0 0.66805 0.568803 0.542484 0.842762
4 0.316192 0.783564 0.530135 0.432872
0 0.366948 0.276151 0.580312 0.533318
3 0.378612 0.112909 0.757223 0.225817
4 0.449547 0.774443 0.597845 0.451114
0 0.836588 0.485622 0.326825 0.933833
4 0.297589 0.492567 0.58861 0.985134
4 0.278784 0.759479 0.54814 0.466702
4 0.186323 0.815265 0.361213 0.369469
0 0.0214865 0.823841 0.0429729 0.352318
4 0.58481 0.75127 0.469318 0.49746
4 0.125617 0.833232 0.24897 0.333535
3 0.405653 0.504946 0.730835 0.990109
0 0.199387 0.682872 0.397609 0.628309
0 0.474253 0.775159 0.606116 0.449682
3 0.421044 0.274349 0.639269 0.530782
4 0.793753 0.745542 0.412495 0.508916
3 0.436858 0.74985 0.679928 0.482233
3 0.542335 0.753147 0.503092 0.472654
0 0.945836 0.760031 0.108328 0.479938
0 0.478127 0.293361 0.922875 0.586722
3 0.470136 0.33642 0.798025 0.661886
4 0.0214865 0.823841 0.0429729 0.352318
0 0.860625 0.704516 0.27875 0.590968
4 0.539995 0.0885815 0.89254 0.177163
3 0.957017 0.646831 0.0859667 0.701418
4 0.211878 0.381317 0.418737 0.753311
4 0.199387 0.682872 0.397609 0.628309
4 0.0580004 0.789407 0.116001 0.421185
4 0.0762724 0.836275 0.152545 0.32745
0 0.41724 0.395663 0.612438 0.778056
0 0.787146 0.388092 0.425707 0.776185
4 0.207658 0.101185 0.415316 0.20237
0 0.065396 0.242094 0.130792 0.484188
3 0.333307 0.782943 0.637379 0.418015
4 0.604115 0.275444 0.789573 0.550888
3 0.554133 0.49241 0.451717 0.979236
0 0.347655 0.777997 0.558344 0.444007
4 0.0159746 0.796196 0.0319493 0.407608
4 0.0158713 0.667435 0.0317427 0.66513
3 0.205662 0.29048 0.40466 0.572434
0 0.0221521 0.451086 0.0443041 0.788912
3 0.479997 0.27882 0.415789 0.545743
4 0.394516 0.0993913 0.789031 0.198783
0 0.924872 0.574452 0.150256 0.763298
0 0.604115 0.275444 0.789573 0.550888
4 0.808607 0.128072 0.382787 0.256144
4 0.204113 0.24862 0.400278 0.474619
4 0.200591 0.782267 0.398545 0.435466
3 0.0762724 0.836275 0.152545 0.32745
0 0.829037 0.763899 0.341925 0.472202
4 0.0159079 0.60802 0.0318158 0.783959
4 0.0221521 0.451086 0.0443041 0.788912
4 0.065396 0.242094 0.130792 0.484188
4 0.146155 0.493157 0.290133 0.97839
4 0.0243879 0.355733 0.0487757 0.703165
4 0.478127 0.293361 0.922875 0.586722
0 0.808296 0.774439 0.383409 0.451123
2 0.778152 0.589971 0.443696 0.805238
4 0.66805 0.568803 0.542484 0.842762
0 0.850995 0.364229 0.298009 0.728458
4 0.157432 0.246962 0.314864 0.493924
4 0.124174 0.241727 0.248347 0.456578
0 0.905185 0.542004 0.18963 0.915993
4 0.333524 0.286639 0.629541 0.555296
0 0.024969 0.249202 0.049938 0.498404
4 0.852529 0.490187 0.294942 0.944437
4 0.0721351 0.524218 0.14427 0.899737
4 0.0653411 0.683813 0.130682 0.61451
0 0.92299 0.432471 0.15402 0.839922
0 0.0243879 0.355733 0.0487757 0.703165
1 0.223265 0.791665 0.444261 0.416546
4 0.024969 0.249202 0.049938 0.498404
2 0.542335 0.753147 0.503092 0.472654
4 0.252596 0.0809609 0.505193 0.161922
4 0.850995 0.364229 0.298009 0.728458
0 0.58481 0.75127 0.469318 0.49746
4 0.683053 0.119569 0.633894 0.239138
0 0.778068 0.736925 0.443274 0.526151
0 0.891937 0.705102 0.216126 0.589795
4 0.915118 0.559357 0.169763 0.881285
2 0.373572 0.754543 0.736902 0.477953
4 0.741218 0.395138 0.517564 0.790277
0 0.173638 0.496595 0.346354 0.993189
0 0.240584 0.808693 0.477115 0.382613
0 0.0653411 0.683813 0.130682 0.61451
2 0.943958 0.689293 0.112085 0.621414
2 0.236534 0.778669 0.46926 0.436486
4 0.532897 0.508606 0.907932 0.982787
3 0.309852 0.272968 0.619705 0.545935
4 0.92299 0.432471 0.15402 0.839922
3 0.123599 0.265171 0.247199 0.498817
0 0.221033 0.25613 0.431534 0.490785
0 0.405653 0.504946 0.730835 0.990109
4 0.125393 0.384944 0.250786 0.713461
1 0.252685 0.277797 0.490616 0.548456
2 0.528845 0.523575 0.493467 0.910942
1 0.829688 0.594167 0.340624 0.800449
1 0.211185 0.490965 0.417413 0.981929
1 0.947514 0.620413 0.104973 0.739226
0 0.684103 0.730287 0.446265 0.539426
1 0.366948 0.276151 0.580312 0.533318
2 0.125617 0.833232 0.24897 0.333535
2 0.787146 0.388092 0.425707 0.776185
4 0.258217 0.261292 0.507217 0.522583
4 0.80851 0.386863 0.382979 0.773726
2 0.793632 0.769427 0.412108 0.446568
0 0.225617 0.406738 0.446012 0.805713
2 0.247053 0.493315 0.488767 0.986629
2 0.355395 0.490866 0.706497 0.981733
1 0.489437 0.767161 0.602025 0.449006
2 0.0762724 0.836275 0.152545 0.32745
1 0.285477 0.421327 0.563574 0.832443
1 0.339363 0.500466 0.673519 0.999068
2 0.693295 0.306347 0.61341 0.612695
2 0.945836 0.760031 0.108328 0.479938
2 0.421044 0.274349 0.639269 0.530782
2 0.157432 0.246962 0.314864 0.493924
2 0.836588 0.485622 0.326825 0.933833
2 0.186323 0.815265 0.361213 0.369469
0 0.157432 0.246962 0.314864 0.493924
0 0.124174 0.241727 0.248347 0.456578
1 0.204113 0.24862 0.400278 0.474619
2 0.92299 0.432471 0.15402 0.839922
2 0.905185 0.542004 0.18963 0.915993
2 0.944981 0.605534 0.110039 0.752189
1 0.13756 0.834529 0.272935 0.330942
2 0.957017 0.646831 0.0859667 0.701418
2 0.295457 0.274717 0.588266 0.549434
2 0.73514 0.114596 0.52972 0.229191
2 0.061862 0.821754 0.123686 0.356492
0 0.109247 0.509097 0.218494 0.972478
2 0.477547 0.267771 0.407268 0.512277
1 0.0596788 0.847658 0.119238 0.304684
1 0.557634 0.468762 0.8465 0.926182
0 0.574485 0.511867 0.819682 0.976265
2 0.58481 0.75127 0.469318 0.49746
2 0.684103 0.730287 0.446265 0.539426
2 0.924872 0.574452 0.150256 0.763298
2 0.109247 0.509097 0.218494 0.972478
1 0.470136 0.33642 0.798025 0.661886
2 0.526669 0.292116 0.89112 0.584232
1 0.0159746 0.796196 0.0319493 0.407608
1 0.773904 0.639005 0.452192 0.707052
0 0.0721351 0.524218 0.14427 0.899737
2 0.808607 0.128072 0.382787 0.256144
2 0.0159746 0.796196 0.0319493 0.407608
1 0.477547 0.267771 0.407268 0.512277
2 0.199387 0.682872 0.397609 0.628309
1 0.186323 0.815265 0.361213 0.369469
2 0.347655 0.777997 0.558344 0.444007
1 0.860625 0.704516 0.27875 0.590968
2 0.065396 0.242094 0.130792 0.484188
2 0.635771 0.118442 0.728458 0.236885
0 0.125393 0.384944 0.250786 0.713461
2 0.0214865 0.823841 0.0429729 0.352318
1 0.171019 0.369868 0.339637 0.724626
2 0.207658 0.101185 0.415316 0.20237
1 0.199387 0.682872 0.397609 0.628309
2 0.432309 0.0919997 0.847055 0.183999
2 0.0158713 0.667435 0.0317427 0.66513
2 0.474253 0.775159 0.606116 0.449682
1 0.614015 0.750064 0.409663 0.486318
1 0.915118 0.559357 0.169763 0.881285
2 0.41724 0.395663 0.612438 0.778056
1 0.372858 0.765584 0.734719 0.447703
2 0.361803 0.115478 0.723607 0.230955
2 0.215497 0.250705 0.430994 0.50141
1 0.528845 0.523575 0.493467 0.910942
2 0.303915 0.0821205 0.60783 0.164241
2 0.850995 0.364229 0.298009 0.728458
2 0.173638 0.496595 0.346354 0.993189
2 0.688362 0.487774 0.62312 0.955556
1 0.0214865 0.823841 0.0429729 0.352318
1 0.146155 0.493157 0.290133 0.97839
2 0.557634 0.468762 0.8465 0.926182
2 0.655342 0.699952 0.49002 0.566861
2 0.124174 0.241727 0.248347 0.456578
2 0.0721351 0.524218 0.14427 0.899737
2 0.024969 0.249202 0.049938 0.498404
2 0.676882 0.751941 0.410821 0.467232
1 0.688362 0.487774 0.62312 0.955556
2 0.0159079 0.60802 0.0318158 0.783959
2 0.405653 0.504946 0.730835 0.990109
1 0.0762724 0.836275 0.152545 0.32745
1 0.0243879 0.355733 0.0487757 0.703165
2 0.462603 0.503513 0.536022 0.992974
2 0.125393 0.384944 0.250786 0.713461
2 0.211878 0.381317 0.418737 0.753311
1 0.316192 0.783564 0.530135 0.432872
2 0.0653411 0.683813 0.130682 0.61451
2 0.778068 0.736925 0.443274 0.526151
2 0.860625 0.704516 0.27875 0.590968
2 0.829037 0.763899 0.341925 0.472202
2 0.502023 0.0515092 0.937597 0.103018
1 0.0221521 0.451086 0.0443041 0.788912
2 0.0243879 0.355733 0.0487757 0.703165
1 0.792818 0.490561 0.414364 0.957057
1 0.124174 0.241727 0.248347 0.456578
1 0.449547 0.774443 0.597845 0.451114
1 0.539995 0.0885815 0.89254 0.177163
1 0.0653411 0.683813 0.130682 0.61451
2 0.891937 0.705102 0.216126 0.589795
1 0.024969 0.249202 0.049938 0.498404
0 0.776163 0.585513 0.447675 0.813855
0 0.758712 0.742922 0.427327 0.495563
0 0.464073 0.512337 0.623203 0.932097
0 0.542222 0.753149 0.502498 0.472526
0 0.437545 0.749712 0.67748 0.4826
3 0.793627 0.745954 0.412745 0.508092
3 0.860472 0.706833 0.279057 0.586335
3 0.808084 0.77476 0.383831 0.450481
3 0.891629 0.706153 0.216743 0.587693
3 0.210737 0.491125 0.41654 0.98225
4 0.774903 0.584624 0.450193 0.808392
0 0.655429 0.749141 0.513073 0.485494
3 0.347834 0.495581 0.69341 0.991162
3 0.145892 0.493364 0.289623 0.978689
0 0.519878 0.0602304 0.955094 0.120461
3 0.84498 0.447319 0.31004 0.878336
3 0.945806 0.761115 0.108389 0.47777
0 0.207437 0.10104 0.414874 0.202079
3 0.199241 0.68159 0.397329 0.630984
3 0.808749 0.386376 0.382502 0.772751
3 0.77508 0.504504 0.44984 0.954752
3 0.585544 0.751296 0.46758 0.497409
0 0.553893 0.492423 0.451895 0.979165
3 0.68595 0.730507 0.447944 0.538986
3 0.262955 0.794595 0.50992 0.410811
0 0.0597699 0.847772 0.119407 0.304457
4 0.808084 0.77476 0.383831 0.450481
3 0.207437 0.10104 0.414874 0.202079
3 0.449264 0.774792 0.597388 0.450417
0 0.480073 0.27905 0.415837 0.546174
3 0.915194 0.559071 0.169612 0.881858
4 0.437545 0.749712 0.67748 0.4826
3 0.186524 0.815397 0.361661 0.369206
4 0.542222 0.753149 0.502498 0.472526
3 0.777846 0.118527 0.444308 0.237054
3 0.741689 0.394015 0.516622 0.78803
3 0.125862 0.833239 0.24944 0.333523
0 0.361708 0.115841 0.723416 0.231682
0 0.137706 0.834656 0.273214 0.330688
3 0.347068 0.778182 0.557956 0.443636
3 0.285026 0.42109 0.562692 0.831884
3 0.943837 0.690692 0.112326 0.618615
3 0.94487 0.605447 0.11026 0.752445
0 0.947394 0.620353 0.105212 0.739449
0 0.303508 0.0823221 0.607016 0.164644
0 0.432123 0.0927583 0.846595 0.185517
4 0.426374 0.501935 0.57426 0.99613
3 0.683501 0.11983 0.632997 0.239659
3 0.0654296 0.682696 0.130859 0.617043
3 0.526374 0.0392336 0.947252 0.0784672
3 0.771931 0.671787 0.45384 0.639113
0 0.312955 0.756811 0.619809 0.472497
3 0.829801 0.594253 0.340398 0.800336
4 0.655429 0.749141 0.513073 0.485494
0 0.0764945 0.836193 0.152989 0.327613
3 0.655429 0.749141 0.513073 0.485494
3 0.588286 0.106312 0.823428 0.212623
3 0.014603 0.75567 0.029206 0.48866
3 0.45854 0.491689 0.576012 0.980077
3 0.169251 0.24815 0.335768 0.467821
0 0.0159988 0.667452 0.0319976 0.665096
3 0.0160308 0.6078 0.0320617 0.784401
0 0.0160308 0.6078 0.0320617 0.784401
3 0.269006 0.0785949 0.538011 0.15719
3 0.922987 0.431843 0.154027 0.838683
3 0.0654086 0.242039 0.130817 0.484079
3 0.025131 0.249249 0.050262 0.498498
4 0.860472 0.706833 0.279057 0.586335
3 0.668187 0.567363 0.542898 0.84568
3 0.851095 0.363947 0.29781 0.727894
4 0.945806 0.761115 0.108389 0.47777
0 0.808684 0.128204 0.382632 0.256408
3 0.0244961 0.356492 0.0489923 0.704887
4 0.947394 0.620353 0.105212 0.739449
4 0.891629 0.706153 0.216743 0.587693
4 0.422842 0.268998 0.480129 0.517482
0 0.200559 0.782215 0.398471 0.435569
4 0.519878 0.0602304 0.955094 0.120461
3 0.0222458 0.451276 0.0444917 0.789319
4 0.528654 0.522377 0.493089 0.913019
4 0.758712 0.742922 0.427327 0.495563
4 0.82882 0.764149 0.34236 0.471701
3 0.242041 0.754813 0.47932 0.483623
3 0.558205 0.467899 0.845326 0.924348
0 0.339887 0.491036 0.676472 0.974046
3 0.0215474 0.823734 0.0430948 0.352532
3 0.467985 0.0720119 0.897241 0.144024
4 0.68595 0.730507 0.447944 0.538986
3 0.170684 0.370582 0.338963 0.726089
3 0.604752 0.274804 0.788232 0.549608
0 0.014603 0.75567 0.029206 0.48866
0 0.588286 0.106312 0.823428 0.212623
3 0.0159988 0.667452 0.0319976 0.665096
3 0.0722864 0.523365 0.144573 0.901853
4 0.405702 0.504967 0.731347 0.990066
3 0.0619414 0.821999 0.123833 0.356002
4 0.315715 0.7837 0.530336 0.4326
3 0.37852 0.113188 0.75704 0.226375
4 0.449264 0.774792 0.597388 0.450417
0 0.735473 0.114762 0.529055 0.229524
0 0.668187 0.567363 0.542898 0.84568
4 0.2787 0.759289 0.547917 0.467231
4 0.297163 0.492597 0.587786 0.985194
4 0.186524 0.815397 0.361661 0.369206
4 0.585544 0.751296 0.46758 0.497409
0 0.367866 0.276088 0.578239 0.533201
0 0.836839 0.485246 0.326321 0.933752
4 0.125862 0.833239 0.24944 0.333523
3 0.405702 0.504967 0.731347 0.990066
0 0.0215474 0.823734 0.0430948 0.352532
3 0.420854 0.274657 0.639866 0.531407
3 0.542222 0.753149 0.502498 0.472526
3 0.437545 0.749712 0.67748 0.4826
4 0.838052 0.572624 0.323895 0.796963
0 0.199241 0.68159 0.397329 0.630984
0 0.474044 0.775546 0.605743 0.448909
3 0.470076 0.337652 0.797928 0.664221
4 0.0215474 0.823734 0.0430948 0.352532
0 0.945806 0.761115 0.108389 0.47777
4 0.540092 0.0889947 0.892453 0.177989
0 0.478208 0.293662 0.922579 0.587324
4 0.778074 0.737482 0.443292 0.525036
3 0.956707 0.646977 0.0865854 0.701153
0 0.860472 0.706833 0.279057 0.586335
4 0.211572 0.381893 0.418118 0.754417
4 0.199241 0.68159 0.397329 0.630984
4 0.0580256 0.789441 0.116051 0.421117
4 0.0764945 0.836193 0.152989 0.327613
4 0.207437 0.10104 0.414874 0.202079
0 0.4163 0.397991 0.614766 0.78262
0 0.787539 0.38756 0.424922 0.77512
3 0.553893 0.492423 0.451895 0.979165
3 0.332454 0.783156 0.635715 0.417697
4 0.604752 0.274804 0.788232 0.549608
0 0.0654086 0.242039 0.130817 0.484079
4 0.0160649 0.796181 0.0321298 0.407638
4 0.0159988 0.667452 0.0319976 0.665096
3 0.205364 0.290713 0.404073 0.572904
0 0.347068 0.778182 0.557956 0.443636
3 0.480073 0.27905 0.415837 0.546174
4 0.39441 0.0998608 0.78882 0.199722
4 0.808684 0.128204 0.382632 0.256408
4 0.200559 0.782215 0.398471 0.435569
3 0.0764945 0.836193 0.152989 0.327613
4 0.203858 0.248873 0.399812 0.475192
0 0.0222458 0.451276 0.0444917 0.789319
0 0.924769 0.573893 0.150461 0.762813
4 0.0160308 0.6078 0.0320617 0.784401
4 0.0222458 0.451276 0.0444917 0.789319
4 0.0654086 0.242039 0.130817 0.484079
0 0.604752 0.274804 0.788232 0.549608
4 0.145892 0.493364 0.289623 0.978689
4 0.0244961 0.356492 0.0489923 0.704887
0 0.82882 0.764149 0.34236 0.471701
4 0.478208 0.293662 0.922579 0.587324
4 0.668187 0.567363 0.542898 0.84568
2 0.778135 0.59013 0.44373 0.804875
4 0.157243 0.247196 0.314487 0.494391
4 0.124263 0.24169 0.248526 0.456537
0 0.808084 0.77476 0.383831 0.450481
4 0.333557 0.286563 0.628759 0.55516
0 0.851095 0.363947 0.29781 0.727894
0 0.905245 0.541835 0.18951 0.91633
4 0.0722864 0.523365 0.144573 0.901853
4 0.0654296 0.682696 0.130859 0.617043
1 0.223145 0.792107 0.444016 0.415516
0 0.025131 0.249249 0.050262 0.498498
4 0.025131 0.249249 0.050262 0.498498
2 0.542222 0.753149 0.502498 0.472526
4 0.25231 0.0810783 0.50462 0.162157
4 0.851095 0.363947 0.29781 0.727894
0 0.922987 0.431843 0.154027 0.838683
0 0.0244961 0.356492 0.0489923 0.704887
4 0.683501 0.11983 0.632997 0.239659
4 0.915194 0.559071 0.169612 0.881858
2 0.373417 0.754537 0.736498 0.478149
0 0.585544 0.751296 0.46758 0.497409
0 0.778074 0.737482 0.443292 0.525036
0 0.891629 0.706153 0.216743 0.587693
4 0.741689 0.394015 0.516622 0.78803
3 0.309728 0.273108 0.619455 0.546215
2 0.943837 0.690692 0.112326 0.618615
4 0.532905 0.508665 0.908192 0.98267
2 0.23647 0.778597 0.469127 0.436507
4 0.922987 0.431843 0.154027 0.838683
0 0.173105 0.496541 0.345304 0.993082
3 0.123629 0.265113 0.247257 0.498683
0 0.262955 0.794595 0.50992 0.410811
0 0.0654296 0.682696 0.130859 0.617043
4 0.84498 0.447319 0.31004 0.878336
4 0.125435 0.386521 0.25087 0.716702
1 0.252639 0.277911 0.490511 0.548637
2 0.528654 0.522377 0.493089 0.913019
0 0.220942 0.256213 0.431424 0.490993
0 0.405702 0.504967 0.731347 0.990066
1 0.829801 0.594253 0.340398 0.800336
1 0.210737 0.491125 0.41654 0.98225
1 0.947394 0.620353 0.105212 0.739449
1 0.367866 0.276088 0.578239 0.533201
0 0.68595 0.730507 0.447944 0.538986
2 0.125862 0.833239 0.24944 0.333523
2 0.787539 0.38756 0.424922 0.77512
4 0.258277 0.261402 0.507319 0.522803
4 0.808749 0.386376 0.382502 0.772751
2 0.793455 0.769789 0.41244 0.445802
0 0.186524 0.815397 0.361661 0.369206
2 0.246662 0.493333 0.488036 0.986667
2 0.355126 0.490915 0.706 0.981831
1 0.489183 0.76742 0.601847 0.44858
2 0.0764945 0.836193 0.152989 0.327613
1 0.285026 0.42109 0.562692 0.831884
1 0.339259 0.500491 0.673293 0.999018
2 0.693869 0.304479 0.612263 0.608957
2 0.945806 0.761115 0.108389 0.47777
0 0.225608 0.407611 0.446031 0.807386
2 0.420854 0.274657 0.639866 0.531407
2 0.157243 0.247196 0.314487 0.494391
2 0.836839 0.485246 0.326321 0.933752
2 0.186524 0.815397 0.361661 0.369206
0 0.157243 0.247196 0.314487 0.494391
1 0.203858 0.248873 0.399812 0.475192
2 0.922987 0.431843 0.154027 0.838683
2 0.905245 0.541835 0.18951 0.91633
2 0.94487 0.605447 0.11026 0.752445
0 0.124263 0.24169 0.248526 0.456537
1 0.137706 0.834656 0.273214 0.330688
2 0.956707 0.646977 0.0865854 0.701153
2 0.295318 0.274901 0.588004 0.549802
2 0.735473 0.114762 0.529055 0.229524
2 0.47774 0.26779 0.407166 0.512371
2 0.0619414 0.821999 0.123833 0.356002
1 0.558205 0.467899 0.845326 0.924348
1 0.0597699 0.847772 0.119407 0.304457
2 0.68595 0.730507 0.447944 0.538986
2 0.585544 0.751296 0.46758 0.497409
2 0.924769 0.573893 0.150461 0.762813
1 0.470076 0.337652 0.797928 0.664221
2 0.109307 0.509285 0.218615 0.972828
2 0.526999 0.29205 0.890356 0.5841
1 0.0160649 0.796181 0.0321298 0.407638
0 0.109307 0.509285 0.218615 0.972828
1 0.773859 0.64062 0.452282 0.703887
1 0.47774 0.26779 0.407166 0.512371
2 0.808684 0.128204 0.382632 0.256408
2 0.0160649 0.796181 0.0321298 0.407638
1 0.860472 0.706833 0.279057 0.586335
0 0.575113 0.512049 0.818448 0.975902
1 0.186524 0.815397 0.361661 0.369206
2 0.199241 0.68159 0.397329 0.630984
2 0.347068 0.778182 0.557956 0.443636
0 0.0722864 0.523365 0.144573 0.901853
2 0.0654086 0.242039 0.130817 0.484079
2 0.636125 0.118655 0.72775 0.23731
2 0.0215474 0.823734 0.0430948 0.352532
1 0.170684 0.370582 0.338963 0.726089
2 0.207437 0.10104 0.414874 0.202079
1 0.199241 0.68159 0.397329 0.630984
0 0.125435 0.386521 0.25087 0.716702
2 0.432123 0.0927583 0.846595 0.185517
2 0.0159988 0.667452 0.0319976 0.665096
2 0.474044 0.775546 0.605743 0.448909
1 0.61498 0.750077 0.408441 0.486513
1 0.915194 0.559071 0.169612 0.881858
2 0.4163 0.397991 0.614766 0.78262
2 0.361708 0.115841 0.723416 0.231682
1 0.372542 0.765634 0.734 0.447671
2 0.215394 0.250687 0.430789 0.501374
2 0.851095 0.363947 0.29781 0.727894
2 0.303508 0.0823221 0.607016 0.164644
1 0.528654 0.522377 0.493089 0.913019
2 0.173105 0.496541 0.345304 0.993082
1 0.0215474 0.823734 0.0430948 0.352532
2 0.690498 0.487028 0.618821 0.953962
1 0.145892 0.493364 0.289623 0.978689
2 0.558205 0.467899 0.845326 0.924348
2 0.655849 0.699579 0.4904 0.567545
2 0.124263 0.24169 0.248526 0.456537
2 0.0722864 0.523365 0.144573 0.901853
1 0.512343 0.76842 0.557843 0.46316
2 0.025131 0.249249 0.050262 0.498498
1 0.690498 0.487028 0.618821 0.953962
2 0.680165 0.751955 0.408117 0.466949
2 0.0160308 0.6078 0.0320617 0.784401
2 0.405702 0.504967 0.731347 0.990066
1 0.0764945 0.836193 0.152989 0.327613
1 0.0244961 0.356492 0.0489923 0.704887
2 0.462862 0.503521 0.53533 0.992957
2 0.125435 0.386521 0.25087 0.716702
1 0.315715 0.7837 0.530336 0.4326
2 0.211572 0.381893 0.418118 0.754417
2 0.0654296 0.682696 0.130859 0.617043
2 0.778074 0.737482 0.443292 0.525036
2 0.860472 0.706833 0.279057 0.586335
2 0.82882 0.764149 0.34236 0.471701
2 0.502099 0.0518029 0.937313 0.103606
1 0.0222458 0.451276 0.0444917 0.789319
2 0.0244961 0.356492 0.0489923 0.704887
1 0.793064 0.490153 0.413871 0.956241
1 0.124263 0.24169 0.248526 0.456537
1 0.540092 0.0889947 0.892453 0.177989
