0 0.806246 0.820935 0.387508 0.345722
0 0.53488 0.0263284 0.930241 0.0526568
0 0.382857 0.618088 0.74233 0.145534
3 0.799194 0.506306 0.401612 0.987388
0 0.629746 0.795027 0.740508 0.409945
0 0.688386 0.820099 0.623229 0.341491
3 0.371644 0.450407 0.71516 0.877621
0 0.372394 0.0230661 0.744086 0.0461323
0 0.460463 0.636815 0.909512 0.155835
3 0.721819 0.5 0.556362 1
0 0.607784 0.0378633 0.784431 0.0757267
3 0.13571 0.374516 0.270611 0.722615
3 0.765525 0.791662 0.46895 0.416676
0 0.640099 0.0601602 0.719802 0.12032
0 0.928147 0.821456 0.143707 0.357088
0 0.980956 0.821469 0.0380874 0.357061
0 0.241545 0.648243 0.474039 0.124652
3 0.618006 0.630271 0.763988 0.704353
3 0.218647 0.639388 0.435865 0.150796
3 0.787542 0.191854 0.424916 0.383708
3 0.474694 0.421881 0.86618 0.770164
3 0.479415 0.615074 0.936897 0.153191
0 0.233841 0.0963022 0.467682 0.192604
3 0.603994 0.318896 0.792012 0.637793
3 0.726698 0.0660943 0.546605 0.132189
3 0.613041 0.600988 0.773919 0.195888
3 0.0134287 0.682361 0.0268574 0.622911
3 0.177765 0.41358 0.35008 0.809689
3 0.251083 0.671846 0.501736 0.166382
4 0.607784 0.0378633 0.784431 0.0757267
3 0.607784 0.0378633 0.784431 0.0757267
3 0.622372 0.431765 0.755256 0.86353
3 0.287946 0.499285 0.575893 0.991877
0 0.79521 0.26968 0.40958 0.53936
3 0.56197 0.82602 0.858863 0.34796
3 0.539701 0.780666 0.920597 0.416109
3 0.328174 0.269922 0.592008 0.539845
3 0.850716 0.819324 0.298569 0.361352
3 0.0156056 0.560411 0.0312112 0.661694
0 0.613041 0.600988 0.773919 0.195888
3 0.206475 0.780794 0.412211 0.422304
3 0.816584 0.81028 0.366832 0.379441
0 0.637178 0.639884 0.725644 0.341265
0 0.749687 0.182 0.500627 0.364001
3 0.0158893 0.784058 0.0317786 0.431884
3 0.382605 0.839376 0.672717 0.321247
3 0.233841 0.0963022 0.467682 0.192604
3 0.738262 0.387868 0.523476 0.775736
0 0.312918 0.47755 0.59939 0.611003
0 0.510544 0.690393 0.966545 0.263811
3 0.455206 0.447275 0.859233 0.559327
3 0.93832 0.374579 0.123361 0.749157
0 0.693404 0.148038 0.613192 0.296075
4 0.640099 0.0601602 0.719802 0.12032
3 0.286876 0.840384 0.568511 0.319232
3 0.263784 0.62088 0.522793 0.169961
3 0.709222 0.827933 0.581556 0.344134
3 0.940068 0.564695 0.119865 0.870611
3 0.202933 0.84469 0.404357 0.31062
3 0.640099 0.0601602 0.719802 0.12032
0 0.30252 0.0359327 0.605041 0.0718654
0 0.516202 0.607177 0.955152 0.161559
3 0.910756 0.318289 0.178487 0.636578
0 0.757603 0.0570132 0.484794 0.114026
0 0.481345 0.062131 0.935315 0.124262
4 0.235054 0.77835 0.459642 0.413529
3 0.641448 0.471733 0.717104 0.427814
4 0.754041 0.823731 0.491917 0.341834
3 0.470525 0.306149 0.854764 0.612298
0 0.419924 0.765383 0.839849 0.430622
3 0.510544 0.690393 0.966545 0.263811
4 0.45833 0.635314 0.898407 0.154714
4 0.664575 0.154694 0.67085 0.309388
0 0.850716 0.819324 0.298569 0.361352
0 0.595895 0.20658 0.808209 0.413159
3 0.164289 0.243931 0.326367 0.480263
3 0.367453 0.354562 0.55619 0.709124
0 0.920229 0.691756 0.159543 0.616488
0 0.251083 0.671846 0.501736 0.166382
4 0.251083 0.671846 0.501736 0.166382
4 0.241545 0.648243 0.474039 0.124652
4 0.827954 0.822707 0.344092 0.354585
3 0.406027 0.768937 0.803939 0.41981
3 0.0966086 0.250852 0.193217 0.501704
4 0.932405 0.819369 0.135191 0.361262
4 0.58123 0.819861 0.83754 0.337399
4 0.53488 0.0263284 0.930241 0.0526568
3 0.512722 0.0258458 0.967719 0.0516917
3 0.30252 0.0359327 0.605041 0.0718654
3 0.312918 0.47755 0.59939 0.611003
4 0.799194 0.506306 0.401612 0.987388
3 0.252413 0.399998 0.496606 0.70476
3 0.106172 0.633443 0.212343 0.146669
3 0.820485 0.225085 0.35903 0.450169
3 0.0196331 0.256235 0.0392661 0.51247
3 0.0233096 0.839087 0.0466192 0.321827
3 0.0176 0.449392 0.0351999 0.715597
0 0.0176 0.449392 0.0351999 0.715597
0 0.365099 0.64276 0.721775 0.130875
3 0.208954 0.229244 0.417908 0.458488
4 0.920229 0.691756 0.159543 0.616488
4 0.850716 0.819324 0.298569 0.361352
0 0.558802 0.139028 0.872437 0.278055
0 0.273843 0.622941 0.539011 0.160639
3 0.932405 0.819369 0.135191 0.361262
4 0.516202 0.607177 0.955152 0.161559
3 0.664575 0.154694 0.67085 0.309388
3 0.0200129 0.341591 0.0400258 0.683182
0 0.0156056 0.560411 0.0312112 0.661694
3 0.144757 0.678707 0.289513 0.191765
4 0.603994 0.318896 0.792012 0.637793
0 0.0134287 0.682361 0.0268574 0.622911
4 0.613041 0.600988 0.773919 0.195888
3 0.637178 0.639884 0.725644 0.341265
4 0.980956 0.821469 0.0380874 0.357061
0 0.108001 0.850397 0.216002 0.282836
4 0.130292 0.793768 0.260585 0.401454
0 0.324882 0.33302 0.563591 0.66604
0 0.618006 0.630271 0.763988 0.704353
0 0.543549 0.830088 0.908363 0.313973
3 0.291129 0.0632714 0.582257 0.126543
3 0.372394 0.0230661 0.744086 0.0461323
3 0.65668 0.224547 0.686641 0.449094
4 0.170058 0.852355 0.338827 0.275636
3 0.920229 0.691756 0.159543 0.616488
0 0.765525 0.791662 0.46895 0.416676
4 0.510544 0.690393 0.966545 0.263811
4 0.618006 0.630271 0.763988 0.704353
0 0.355591 0.842807 0.683955 0.285225
0 0.157687 0.84744 0.314408 0.285822
0 0.247844 0.84334 0.487596 0.285303
4 0.940068 0.564695 0.119865 0.870611
4 0.144757 0.678707 0.289513 0.191765
4 0.406027 0.768937 0.803939 0.41981
0 0.291129 0.0632714 0.582257 0.126543
3 0.068317 0.489843 0.136634 0.437936
4 0.595895 0.20658 0.808209 0.413159
4 0.641448 0.471733 0.717104 0.427814
4 0.68708 0.487159 0.625839 0.974318
4 0.694381 0.400977 0.611238 0.648517
4 0.365099 0.64276 0.721775 0.130875
3 0.102438 0.379365 0.204876 0.66441
3 0.392413 0.844021 0.749371 0.278178
4 0.250258 0.847978 0.491122 0.277077
0 0.475179 0.103577 0.941957 0.207153
4 0.382857 0.618088 0.74233 0.145534
4 0.111401 0.856061 0.222801 0.275171
3 0.609972 0.823915 0.780056 0.332526
1 0.928147 0.821456 0.143707 0.357088
0 0.910756 0.318289 0.178487 0.636578
4 0.372394 0.0230661 0.744086 0.0461323
0 0.93832 0.374579 0.123361 0.749157
3 0.837827 0.346836 0.324347 0.693672
4 0.56197 0.82602 0.858863 0.34796
0 0.815665 0.363534 0.368671 0.727069
0 0.820485 0.225085 0.35903 0.450169
4 0.392413 0.844021 0.749371 0.278178
0 0.144757 0.678707 0.289513 0.191765
3 0.365099 0.64276 0.721775 0.130875
4 0.755839 0.305087 0.488322 0.610173
4 0.637178 0.639884 0.725644 0.341265
3 0.170058 0.852355 0.338827 0.275636
4 0.202933 0.84469 0.404357 0.31062
4 0.332402 0.838352 0.622685 0.323296
0 0.252413 0.399998 0.496606 0.70476
4 0.910756 0.318289 0.178487 0.636578
4 0.709222 0.827933 0.581556 0.344134
4 0.749687 0.182 0.500627 0.364001
0 0.56197 0.82602 0.858863 0.34796
4 0.440977 0.837697 0.674193 0.324606
4 0.233841 0.0963022 0.467682 0.192604
3 0.0764335 0.407398 0.152867 0.62414
4 0.757603 0.0570132 0.484794 0.114026
1 0.20463 0.848368 0.405893 0.279365
3 0.11844 0.234083 0.236881 0.462962
4 0.493483 0.476787 0.915347 0.450572
4 0.474694 0.421881 0.86618 0.770164
4 0.558802 0.139028 0.872437 0.278055
4 0.422431 0.261015 0.695191 0.52203
4 0.0233096 0.839087 0.0466192 0.321827
4 0.535369 0.0507486 0.914303 0.101497
4 0.324882 0.33302 0.563591 0.66604
0 0.470362 0.465274 0.827512 0.489513
4 0.0176 0.449392 0.0351999 0.715597
4 0.30252 0.0359327 0.605041 0.0718654
0 0.440977 0.837697 0.674193 0.324606
0 0.263437 0.782183 0.516597 0.401787
4 0.371644 0.450407 0.71516 0.877621
4 0.312918 0.47755 0.59939 0.611003
4 0.93832 0.374579 0.123361 0.749157
4 0.470525 0.306149 0.854764 0.612298
0 0.474694 0.421881 0.86618 0.770164
4 0.82906 0.198816 0.341879 0.397632
0 0.641448 0.471733 0.717104 0.427814
0 0.0176094 0.313728 0.0352188 0.627456
0 0.947227 0.480832 0.105547 0.961663
0 0.310645 0.495643 0.605458 0.991286
3 0.558802 0.139028 0.872437 0.278055
4 0.126263 0.393241 0.251519 0.751114
0 0.0966086 0.250852 0.193217 0.501704
3 0.130292 0.793768 0.260585 0.401454
4 0.0134287 0.682361 0.0268574 0.622911
4 0.252198 0.396658 0.494255 0.734481
3 0.268151 0.847009 0.531651 0.276738
4 0.068317 0.489843 0.136634 0.437936
4 0.0966086 0.250852 0.193217 0.501704
4 0.291129 0.0632714 0.582257 0.126543
0 0.0233096 0.839087 0.0466192 0.321827
4 0.263784 0.62088 0.522793 0.169961
4 0.0176094 0.313728 0.0352188 0.627456
0 0.799194 0.506306 0.401612 0.987388
0 0.694381 0.400977 0.611238 0.648517
4 0.287282 0.252973 0.574565 0.505946
4 0.0156056 0.560411 0.0312112 0.661694
4 0.287946 0.499285 0.575893 0.991877
1 0.980956 0.821469 0.0380874 0.357061
3 0.11697 0.849451 0.23394 0.301098
4 0.0764335 0.407398 0.152867 0.62414
4 0.0176485 0.819646 0.0352971 0.360707
4 0.221844 0.209875 0.443688 0.41975
4 0.106172 0.633443 0.212343 0.146669
0 0.423959 0.144657 0.847917 0.289314
0 0.53396 0.323728 0.892716 0.647457
1 0.815522 0.825474 0.368956 0.341796
0 0.286876 0.840384 0.568511 0.319232
2 0.694381 0.400977 0.611238 0.648517
4 0.815665 0.363534 0.368671 0.727069
3 0.980956 0.821469 0.0380874 0.357061
4 0.136195 0.456572 0.269802 0.548889
3 0.79521 0.26968 0.40958 0.53936
4 0.475179 0.103577 0.941957 0.207153
0 0.126263 0.393241 0.251519 0.751114
0 0.422431 0.261015 0.695191 0.52203
2 0.485534 0.638611 0.95659 0.142465
0 0.667568 0.475303 0.664865 0.950605
4 0.183954 0.435138 0.363822 0.868645
4 0.113869 0.3021 0.227737 0.559728
0 0.106172 0.633443 0.212343 0.146669
2 0.422431 0.261015 0.695191 0.52203
0 0.136195 0.456572 0.269802 0.548889
4 0.164289 0.243931 0.326367 0.480263
1 0.319396 0.845176 0.608303 0.275686
4 0.842374 0.46335 0.315252 0.920235
3 0.246608 0.263878 0.475956 0.521634
2 0.240414 0.6527 0.477312 0.130212
2 0.273843 0.622941 0.539011 0.160639
0 0.0176485 0.819646 0.0352971 0.360707
4 0.423959 0.144657 0.847917 0.289314
2 0.93832 0.374579 0.123361 0.749157
3 0.366752 0.224317 0.727665 0.448635
1 0.206475 0.780794 0.412211 0.422304
3 0.423959 0.144657 0.847917 0.289314
3 0.535369 0.0507486 0.914303 0.101497
2 0.2337 0.244375 0.4674 0.48875
3 0.475179 0.103577 0.941957 0.207153
4 0.209003 0.28163 0.409961 0.561996
4 0.423624 0.359175 0.6436 0.71835
0 0.729603 0.5 0.540793 1
2 0.728145 0.5 0.54371 1
1 0.108001 0.850397 0.216002 0.282836
1 0.807783 0.823925 0.384433 0.352149
0 0.423624 0.359175 0.6436 0.71835
0 0.287282 0.252973 0.574565 0.505946
2 0.749687 0.182 0.500627 0.364001
2 0.470525 0.306149 0.854764 0.612298
2 0.932405 0.819369 0.135191 0.361262
2 0.629746 0.795027 0.740508 0.409945
2 0.947227 0.480832 0.105547 0.961663
0 0.0764335 0.407398 0.152867 0.62414
2 0.79521 0.26968 0.40958 0.53936
2 0.0764335 0.407398 0.152867 0.62414
2 0.807783 0.823925 0.384433 0.352149
0 0.147526 0.309572 0.293834 0.611247
2 0.223914 0.782077 0.445586 0.413928
2 0.11697 0.849451 0.23394 0.301098
1 0.79521 0.26968 0.40958 0.53936
2 0.353121 0.844665 0.692669 0.275366
2 0.47139 0.616069 0.858456 0.14652
0 0.068317 0.489843 0.136634 0.437936
2 0.765525 0.791662 0.46895 0.416676
2 0.365099 0.64276 0.721775 0.130875
1 0.692591 0.310691 0.614818 0.621383
1 0.727521 0.819128 0.544959 0.338707
1 0.82906 0.198816 0.341879 0.397632
2 0.480922 0.763024 0.925799 0.44201
1 0.53533 0.820927 0.929341 0.331147
1 0.553566 0.0259968 0.892869 0.0519936
2 0.113869 0.3021 0.227737 0.559728
2 0.30579 0.275171 0.573542 0.550341
2 0.20463 0.848368 0.405893 0.279365
2 0.126263 0.393241 0.251519 0.751114
2 0.474694 0.421881 0.86618 0.770164
2 0.510544 0.690393 0.966545 0.263811
2 0.920229 0.691756 0.159543 0.616488
1 0.157374 0.843864 0.314748 0.312271
0 0.202933 0.84469 0.404357 0.31062
2 0.757603 0.0570132 0.484794 0.114026
1 0.56197 0.82602 0.858863 0.34796
2 0.637178 0.639884 0.725644 0.341265
0 0.209003 0.28163 0.409961 0.561996
0 0.534648 0.0262573 0.930705 0.0525146
0 0.806217 0.820973 0.387565 0.345762
0 0.384099 0.618105 0.744869 0.145477
3 0.799022 0.505858 0.401957 0.988284
0 0.629952 0.795116 0.740096 0.409767
0 0.688525 0.820086 0.62295 0.34156
3 0.372092 0.450156 0.716016 0.8771
3 0.722226 0.5 0.555548 1
0 0.461004 0.636645 0.910695 0.155467
0 0.372471 0.0230567 0.74435 0.0461133
0 0.607402 0.0376841 0.785195 0.0753682
3 0.135578 0.374664 0.270345 0.722559
3 0.76581 0.791774 0.46838 0.416451
0 0.639849 0.0599593 0.720301 0.119919
3 0.618374 0.631819 0.763253 0.700221
3 0.218881 0.639404 0.436322 0.150794
0 0.241527 0.64819 0.474029 0.124647
0 0.98051 0.821516 0.0389792 0.356968
0 0.927505 0.821473 0.144991 0.357053
3 0.787867 0.19166 0.424266 0.383319
3 0.474451 0.42142 0.866377 0.775505
3 0.479579 0.615078 0.937181 0.153177
3 0.60375 0.318468 0.792499 0.636935
3 0.726057 0.066821 0.547887 0.133642
0 0.233828 0.0964434 0.467656 0.192887
3 0.613715 0.602415 0.77257 0.191623
3 0.0135944 0.682811 0.0271888 0.620812
3 0.1777 0.413745 0.349952 0.809691
3 0.251571 0.671776 0.502703 0.166224
4 0.607402 0.0376841 0.785195 0.0753682
3 0.620606 0.432568 0.758787 0.865135
3 0.607402 0.0376841 0.785195 0.0753682
3 0.288076 0.49848 0.576152 0.989743
3 0.561387 0.826063 0.860049 0.347875
3 0.328453 0.269783 0.591627 0.539566
3 0.539594 0.780753 0.920812 0.415823
3 0.015721 0.559787 0.031442 0.657775
3 0.850501 0.819287 0.298998 0.361426
0 0.79554 0.267472 0.408921 0.534944
3 0.206793 0.780852 0.412831 0.422183
3 0.0161636 0.784154 0.0323271 0.431691
3 0.3824 0.839496 0.673685 0.321009
3 0.233828 0.0964434 0.467656 0.192887
3 0.455395 0.445374 0.860215 0.564287
3 0.739143 0.387544 0.521714 0.775087
0 0.613715 0.602415 0.77257 0.191623
3 0.938176 0.375136 0.123648 0.750273
0 0.637699 0.639023 0.724602 0.332973
4 0.639849 0.0599593 0.720301 0.119919
3 0.287008 0.840398 0.568798 0.319204
0 0.750259 0.181808 0.499482 0.363616
0 0.510536 0.689382 0.966521 0.261404
0 0.692873 0.148454 0.614254 0.296908
0 0.313746 0.476869 0.60112 0.611637
3 0.263788 0.620866 0.522807 0.169813
3 0.708976 0.827911 0.582049 0.344178
3 0.940078 0.562434 0.119844 0.875132
3 0.202879 0.844702 0.404243 0.310596
3 0.639849 0.0599593 0.720301 0.119919
3 0.91025 0.31939 0.1795 0.638781
3 0.641585 0.471331 0.71683 0.427736
4 0.235007 0.778355 0.459584 0.41355
4 0.75437 0.823735 0.491259 0.341877
3 0.470101 0.304669 0.853899 0.609339
3 0.510536 0.689382 0.966521 0.261404
0 0.516246 0.607524 0.95503 0.160656
4 0.458871 0.635222 0.89941 0.154582
4 0.664126 0.154589 0.671748 0.309178
0 0.30246 0.0358661 0.604921 0.0717322
0 0.757178 0.0574343 0.485644 0.114869
3 0.164219 0.243957 0.326237 0.480157
0 0.481319 0.0622078 0.934899 0.124416
3 0.367952 0.354622 0.555296 0.709245
0 0.420649 0.765425 0.841298 0.430576
0 0.850501 0.819287 0.298998 0.361426
4 0.251571 0.671776 0.502703 0.166224
4 0.241527 0.64819 0.474029 0.124647
0 0.595699 0.206674 0.808601 0.413348
4 0.82795 0.822729 0.3441 0.354542
0 0.251571 0.671776 0.502703 0.166224
0 0.919996 0.688311 0.160008 0.623377
3 0.40627 0.76899 0.804345 0.419713
3 0.0968626 0.250873 0.193725 0.501747
4 0.580734 0.819876 0.838531 0.337456
4 0.932181 0.819338 0.135637 0.361325
3 0.30246 0.0358661 0.604921 0.0717322
4 0.534648 0.0262573 0.930705 0.0525146
3 0.512719 0.0258239 0.967513 0.0516478
3 0.313746 0.476869 0.60112 0.611637
3 0.252281 0.400383 0.496329 0.701545
4 0.799022 0.505858 0.401957 0.988284
3 0.10629 0.633497 0.212581 0.146617
3 0.820294 0.22639 0.359412 0.452779
3 0.0196663 0.256326 0.0393325 0.512652
3 0.0235449 0.839256 0.0470899 0.321489
3 0.0176728 0.448696 0.0353455 0.713837
3 0.208955 0.228398 0.41791 0.456796
4 0.919996 0.688311 0.160008 0.623377
4 0.850501 0.819287 0.298998 0.361426
3 0.932181 0.819338 0.135637 0.361325
4 0.516246 0.607524 0.95503 0.160656
3 0.0201089 0.341546 0.0402178 0.683092
0 0.0176728 0.448696 0.0353455 0.713837
3 0.664126 0.154589 0.671748 0.309178
0 0.365868 0.64268 0.723304 0.130661
3 0.145189 0.678266 0.290378 0.190742
4 0.60375 0.318468 0.792499 0.636935
0 0.273756 0.622904 0.538826 0.160418
4 0.613715 0.602415 0.77257 0.191623
3 0.637699 0.639023 0.724602 0.332973
0 0.558519 0.140001 0.872967 0.280002
4 0.98051 0.821516 0.0389792 0.356968
4 0.130695 0.793743 0.261389 0.401494
0 0.015721 0.559787 0.031442 0.657775
0 0.0135944 0.682811 0.0271888 0.620812
3 0.29098 0.0632357 0.58196 0.126471
4 0.170036 0.852349 0.338763 0.275703
3 0.372471 0.0230567 0.74435 0.0461133
0 0.108074 0.85041 0.216148 0.282835
3 0.656915 0.223355 0.686171 0.446711
3 0.919996 0.688311 0.160008 0.623377
0 0.325164 0.333227 0.563195 0.666454
0 0.618374 0.631819 0.763253 0.700221
4 0.618374 0.631819 0.763253 0.700221
4 0.510536 0.689382 0.966521 0.261404
0 0.543161 0.830117 0.908981 0.313963
4 0.145189 0.678266 0.290378 0.190742
4 0.940078 0.562434 0.119844 0.875132
0 0.76581 0.791774 0.46838 0.416451
4 0.40627 0.76899 0.804345 0.419713
3 0.0684886 0.490178 0.136977 0.43729
0 0.355605 0.842839 0.683871 0.285167
0 0.15755 0.847471 0.314109 0.285842
4 0.595699 0.206674 0.808601 0.413348
0 0.247833 0.843369 0.487562 0.285297
4 0.641585 0.471331 0.71683 0.427736
4 0.68752 0.486441 0.62496 0.972882
0 0.29098 0.0632357 0.58196 0.126471
4 0.694243 0.396542 0.611513 0.654826
3 0.102212 0.379525 0.204423 0.664278
4 0.365868 0.64268 0.723304 0.130661
3 0.392456 0.84403 0.749187 0.278225
4 0.250238 0.847963 0.491065 0.277166
4 0.111579 0.85604 0.223159 0.275197
4 0.384099 0.618105 0.744869 0.145477
3 0.654501 0.816491 0.690997 0.342818
3 0.82795 0.822729 0.3441 0.354542
1 0.927505 0.821473 0.144991 0.357053
4 0.372471 0.0230567 0.74435 0.0461133
3 0.837737 0.346641 0.324526 0.693282
4 0.561387 0.826063 0.860049 0.347875
0 0.91025 0.31939 0.1795 0.638781
0 0.475105 0.102748 0.941747 0.205496
0 0.938176 0.375136 0.123648 0.750273
4 0.392456 0.84403 0.749187 0.278225
3 0.365868 0.64268 0.723304 0.130661
3 0.170036 0.852349 0.338763 0.275703
4 0.756456 0.304783 0.487088 0.609565
4 0.637699 0.639023 0.724602 0.332973
0 0.815697 0.363159 0.368607 0.726318
0 0.820294 0.22639 0.359412 0.452779
4 0.202879 0.844702 0.404243 0.310596
4 0.332496 0.838393 0.623014 0.323214
0 0.145189 0.678266 0.290378 0.190742
4 0.91025 0.31939 0.1795 0.638781
4 0.708976 0.827911 0.582049 0.344178
4 0.750259 0.181808 0.499482 0.363616
4 0.440595 0.837822 0.675319 0.324356
0 0.252281 0.400383 0.496329 0.701545
4 0.233828 0.0964434 0.467656 0.192887
3 0.0764794 0.407379 0.152959 0.623924
4 0.757178 0.0574343 0.485644 0.114869
0 0.561387 0.826063 0.860049 0.347875
4 0.493389 0.476727 0.914893 0.450231
3 0.118656 0.234072 0.237311 0.462839
4 0.474451 0.42142 0.866377 0.775505
1 0.204577 0.848365 0.405783 0.279446
4 0.422152 0.260678 0.692803 0.521355
4 0.0235449 0.839256 0.0470899 0.321489
4 0.535418 0.0507829 0.913896 0.101566
4 0.325164 0.333227 0.563195 0.666454
4 0.0176728 0.448696 0.0353455 0.713837
4 0.30246 0.0358661 0.604921 0.0717322
4 0.372092 0.450156 0.716016 0.8771
0 0.470228 0.464014 0.827621 0.491999
4 0.313746 0.476869 0.60112 0.611637
4 0.938176 0.375136 0.123648 0.750273
0 0.440595 0.837822 0.675319 0.324356
0 0.263316 0.782141 0.516333 0.401903
4 0.470101 0.304669 0.853899 0.609339
4 0.829008 0.198595 0.341983 0.39719
0 0.474451 0.42142 0.866377 0.775505
4 0.12618 0.393293 0.251352 0.750547
0 0.641585 0.471331 0.71683 0.427736
0 0.0176678 0.31386 0.0353357 0.627719
0 0.947262 0.480865 0.105477 0.961729
3 0.130695 0.793743 0.261389 0.401494
3 0.268137 0.847001 0.531624 0.276813
4 0.0135944 0.682811 0.0271888 0.620812
4 0.252178 0.396598 0.494199 0.732635
0 0.310976 0.494972 0.606068 0.989943
4 0.0684886 0.490178 0.136977 0.43729
4 0.0968626 0.250873 0.193725 0.501747
0 0.0968626 0.250873 0.193725 0.501747
4 0.29098 0.0632357 0.58196 0.126471
4 0.263788 0.620866 0.522807 0.169813
4 0.0176678 0.31386 0.0353357 0.627719
4 0.287688 0.252416 0.575377 0.504832
0 0.0235449 0.839256 0.0470899 0.321489
4 0.015721 0.559787 0.031442 0.657775
4 0.288076 0.49848 0.576152 0.989743
0 0.799022 0.505858 0.401957 0.988284
1 0.98051 0.821516 0.0389792 0.356968
3 0.116889 0.849519 0.233779 0.300962
4 0.0764794 0.407379 0.152959 0.623924
0 0.694243 0.396542 0.611513 0.654826
4 0.0179858 0.819843 0.0359716 0.360314
4 0.221648 0.209351 0.443297 0.418702
4 0.10629 0.633497 0.212581 0.146617
1 0.815508 0.825452 0.368984 0.341735
0 0.533726 0.322755 0.892811 0.64551
3 0.98051 0.821516 0.0389792 0.356968
4 0.815697 0.363159 0.368607 0.726318
2 0.694243 0.396542 0.611513 0.654826
4 0.136132 0.457413 0.269665 0.546824
4 0.475105 0.102748 0.941747 0.205496
3 0.79554 0.267472 0.408921 0.534944
0 0.287008 0.840398 0.568798 0.319204
2 0.485701 0.63847 0.956998 0.142053
0 0.12618 0.393293 0.251352 0.750547
4 0.184032 0.435 0.36398 0.867995
0 0.422152 0.260678 0.692803 0.521355
4 0.113759 0.302665 0.227518 0.560985
2 0.422152 0.260678 0.692803 0.521355
4 0.164219 0.243957 0.326237 0.480157
1 0.319384 0.845182 0.608196 0.275749
0 0.667075 0.47493 0.665851 0.94986
3 0.246471 0.263966 0.475644 0.521811
2 0.240603 0.652661 0.477688 0.130164
0 0.10629 0.633497 0.212581 0.146617
4 0.842293 0.463583 0.315414 0.920834
0 0.136132 0.457413 0.269665 0.546824
2 0.273756 0.622904 0.538826 0.160418
4 0.423993 0.142971 0.847987 0.285943
2 0.938176 0.375136 0.123648 0.750273
3 0.367026 0.223347 0.728318 0.446693
0 0.0179858 0.819843 0.0359716 0.360314
3 0.423993 0.142971 0.847987 0.285943
3 0.535418 0.0507829 0.913896 0.101566
1 0.206793 0.780852 0.412831 0.422183
2 0.233909 0.243722 0.467817 0.487445
0 0.385858 0.177069 0.76956 0.354138
3 0.475105 0.102748 0.941747 0.205496
4 0.208917 0.28216 0.409806 0.562953
4 0.423946 0.359173 0.641916 0.718347
1 0.807729 0.823893 0.384542 0.352214
1 0.108074 0.85041 0.216148 0.282835
2 0.728551 0.5 0.542898 1
0 0.729862 0.5 0.540275 1
2 0.750259 0.181808 0.499482 0.363616
2 0.470101 0.304669 0.853899 0.609339
0 0.287688 0.252416 0.575377 0.504832
0 0.423946 0.359173 0.641916 0.718347
2 0.932181 0.819338 0.135637 0.361325
2 0.629952 0.795116 0.740096 0.409767
2 0.947262 0.480865 0.105477 0.961729
2 0.79554 0.267472 0.408921 0.534944
2 0.807729 0.823893 0.384542 0.352214
2 0.0764794 0.407379 0.152959 0.623924
2 0.223983 0.782134 0.445719 0.413823
0 0.0764794 0.407379 0.152959 0.623924
1 0.79554 0.267472 0.408921 0.534944
2 0.116889 0.849519 0.233779 0.300962
2 0.353128 0.844665 0.69262 0.275434
2 0.47127 0.616034 0.858275 0.146461
2 0.365868 0.64268 0.723304 0.130661
2 0.76581 0.791774 0.46838 0.416451
1 0.693117 0.310352 0.613766 0.620704
0 0.147396 0.310416 0.293582 0.612679
1 0.727354 0.819156 0.545293 0.338753
1 0.829008 0.198595 0.341983 0.39719
0 0.0684886 0.490178 0.136977 0.43729
2 0.480786 0.763118 0.925478 0.441799
1 0.535234 0.820963 0.929532 0.331132
1 0.553271 0.0259623 0.893458 0.0519247
2 0.113759 0.302665 0.227518 0.560985
2 0.305926 0.275097 0.573515 0.550194
2 0.474451 0.42142 0.866377 0.775505
2 0.204577 0.848365 0.405783 0.279446
2 0.12618 0.393293 0.251352 0.750547
2 0.510536 0.689382 0.966521 0.261404
2 0.919996 0.688311 0.160008 0.623377
1 0.157272 0.843889 0.314543 0.312222
2 0.757178 0.0574343 0.485644 0.114869
1 0.561387 0.826063 0.860049 0.347875
2 0.637699 0.639023 0.724602 0.332973
0 0.202879 0.844702 0.404243 0.310596
2 0.91025 0.31939 0.1795 0.638781
2 0.692873 0.148454 0.614254 0.296908
2 0.0235449 0.839256 0.0470899 0.321489
