0 0.505346 0.770001 0.387196 0.455139
0 0.791241 0.521844 0.116096 0.0860298
0 0.0452213 0.540841 0.0904426 0.0695447
1 0.50365 0.770639 0.394552 0.457503
0 0.0427907 0.518119 0.0852536 0.128594
0 0.797237 0.44871 0.12716 0.2439
0 0.804885 0.765222 0.390231 0.459615
0 0.0652264 0.481826 0.129736 0.187561
0 0.0911348 0.535626 0.18227 0.14988
0 0.0901436 0.487912 0.180287 0.190272
0 0.796154 0.552535 0.128109 0.15048
0 0.843242 0.611535 0.248613 0.271137
0 0.205142 0.760978 0.397999 0.469065
0 0.0452525 0.488007 0.0905051 0.191081
0 0.0919188 0.611605 0.183838 0.385915
0 0.799758 0.420063 0.137247 0.323545
0 0.951637 0.66763 0.0967257 0.397325
4 0.50365 0.770639 0.394552 0.457503
2 0.798115 0.52073 0.124993 0.0939205
0 0.417875 0.279796 0.510795 0.546896
0 0.13037 0.74498 0.260739 0.476848
4 0.797237 0.44871 0.12716 0.2439
0 0.156502 0.802244 0.313004 0.38823
4 0.798115 0.52073 0.124993 0.0939205
3 0.55783 0.535905 0.415494 0.921128
0 0.819007 0.687072 0.361986 0.416251
4 0.810578 0.734671 0.378843 0.523765
3 0.131383 0.491622 0.261611 0.965648
2 0.50377 0.773757 0.39429 0.452486
3 0.621473 0.371163 0.730665 0.726767
0 0.0886751 0.583493 0.17735 0.150147
3 0.694152 0.322584 0.538306 0.598935
0 0.0415053 0.726777 0.0830107 0.514493
0 0.461585 0.039605 0.855388 0.0792099
3 0.170224 0.775068 0.331979 0.449865
4 0.199503 0.761231 0.394382 0.467926
0 0.443571 0.76147 0.37075 0.477059
3 0.257882 0.503061 0.512239 0.993878
3 0.886669 0.513282 0.226663 0.772327
3 0.818684 0.407619 0.183363 0.350566
3 0.69702 0.675009 0.315103 0.565411
3 0.8385 0.744902 0.323001 0.510196
3 0.833167 0.459612 0.277635 0.865255
3 0.949603 0.805547 0.100794 0.388906
0 0.739253 0.741454 0.514674 0.512591
0 0.845501 0.55147 0.232251 0.152465
3 0.153297 0.247792 0.303324 0.477544
3 0.644235 0.52026 0.392628 0.890468
3 0.807031 0.780741 0.385938 0.438518
3 0.775232 0.35469 0.448449 0.682794
4 0.0427907 0.518119 0.0852536 0.128594
0 0.224188 0.113471 0.448375 0.226942
3 0.820056 0.325738 0.340594 0.599069
3 0.64949 0.780269 0.290156 0.439462
1 0.0437319 0.548166 0.0871903 0.0943875
3 0.0919308 0.568091 0.182099 0.345382
2 0.797237 0.44871 0.12716 0.2439
0 0.818684 0.407619 0.183363 0.350566
4 0.417875 0.279796 0.510795 0.546896
0 0.94937 0.73434 0.10126 0.498669
0 0.334525 0.0349431 0.669049 0.0698862
3 0.093563 0.390388 0.184929 0.713166
3 0.396657 0.486002 0.608742 0.971173
1 0.797237 0.44871 0.12716 0.2439
1 0.0652264 0.481826 0.129736 0.187561
3 0.512911 0.753938 0.395695 0.469538
3 0.587359 0.0585862 0.825282 0.117172
3 0.951637 0.66763 0.0967257 0.397325
3 0.224188 0.113471 0.448375 0.226942
4 0.64949 0.780269 0.290156 0.439462
3 0.19594 0.327264 0.385412 0.64892
3 0.0282911 0.28271 0.0565821 0.565419
1 0.845501 0.55147 0.232251 0.152465
4 0.0652264 0.481826 0.129736 0.187561
3 0.6673 0.775603 0.448531 0.443591
4 0.799758 0.420063 0.137247 0.323545
4 0.78992 0.78137 0.392687 0.437261
3 0.798115 0.52073 0.124993 0.0939205
0 0.30082 0.759111 0.596157 0.472441
3 0.551917 0.0391057 0.871123 0.0782115
4 0.8385 0.744902 0.323001 0.510196
3 0.953462 0.469758 0.0930759 0.642104
3 0.491325 0.487148 0.46024 0.974297
4 0.0901436 0.487912 0.180287 0.190272
3 0.330516 0.767535 0.51172 0.464929
0 0.093563 0.390388 0.184929 0.713166
1 0.799758 0.420063 0.137247 0.323545
3 0.501362 0.394942 0.753052 0.786648
3 0.126027 0.328478 0.249942 0.63327
0 0.432046 0.501252 0.530078 0.997496
3 0.76179 0.0852476 0.47642 0.170495
3 0.565485 0.282655 0.848987 0.565311
4 0.949603 0.805547 0.100794 0.388906
3 0.334525 0.0349431 0.669049 0.0698862
0 0.0817938 0.388957 0.163296 0.486085
0 0.587359 0.0585862 0.825282 0.117172
4 0.170224 0.775068 0.331979 0.449865
0 0.52596 0.500827 0.41959 0.979714
3 0.655812 0.0760031 0.688376 0.152006
3 0.252272 0.27402 0.487606 0.540374
3 0.164085 0.73224 0.32817 0.470688
4 0.330516 0.767535 0.51172 0.464929
0 0.80354 0.0707368 0.39292 0.141474
3 0.0545456 0.237675 0.109091 0.47535
3 0.0472099 0.767391 0.0944198 0.465218
3 0.942115 0.772966 0.115769 0.454067
1 0.0427907 0.518119 0.0852536 0.128594
4 0.818684 0.407619 0.183363 0.350566
3 0.79836 0.461376 0.126695 0.217387
3 0.0817938 0.388957 0.163296 0.486085
3 0.945065 0.33672 0.109871 0.571679
2 0.813764 0.73863 0.372472 0.512389
3 0.959116 0.57166 0.0817682 0.459217
0 0.297583 0.272322 0.583324 0.529775
3 0.819007 0.687072 0.361986 0.416251
0 0.496718 0.621793 0.415182 0.736427
3 0.0421418 0.361141 0.0842836 0.609157
3 0.799758 0.420063 0.137247 0.323545
0 0.0823447 0.747188 0.164689 0.505625
3 0.0805166 0.288802 0.161033 0.557052
0 0.949603 0.805547 0.100794 0.388906
4 0.13037 0.74498 0.260739 0.476848
3 0.843242 0.611535 0.248613 0.271137
0 0.655812 0.0760031 0.688376 0.152006
3 0.415003 0.0430761 0.830007 0.0861522
0 0.76179 0.0852476 0.47642 0.170495
3 0.769236 0.417037 0.190471 0.617768
4 0.942115 0.772966 0.115769 0.454067
4 0.0919308 0.568091 0.182099 0.345382
1 0.95138 0.693585 0.0972399 0.417932
3 0.0284904 0.792483 0.0569807 0.415034
4 0.526575 0.035625 0.946851 0.07125
3 0.375667 0.284039 0.574263 0.556663
4 0.093563 0.390388 0.184929 0.713166
0 0.126027 0.328478 0.249942 0.63327
3 0.274929 0.0735941 0.549859 0.147188
3 0.86993 0.376642 0.26014 0.716175
3 0.953248 0.277472 0.0935043 0.52738
0 0.274929 0.0735941 0.549859 0.147188
3 0.212775 0.759618 0.412244 0.479589
0 0.170224 0.775068 0.331979 0.449865
4 0.498065 0.332309 0.555991 0.658648
2 0.728683 0.730289 0.309394 0.539423
3 0.845645 0.171768 0.308711 0.343535
3 0.80354 0.0707368 0.39292 0.141474
4 0.484782 0.456936 0.653199 0.907937
4 0.0447144 0.506336 0.0894287 0.189485
4 0.587359 0.0585862 0.825282 0.117172
0 0.0421418 0.361141 0.0842836 0.609157
0 0.8385 0.744902 0.323001 0.510196
2 0.796154 0.552535 0.128109 0.15048
3 0.0280927 0.785727 0.0561855 0.428547
1 0.164085 0.73224 0.32817 0.470688
4 0.0284904 0.792483 0.0569807 0.415034
0 0.565199 0.405146 0.628384 0.762623
3 0.845501 0.55147 0.232251 0.152465
4 0.951279 0.699147 0.0974413 0.416415
0 0.845645 0.171768 0.308711 0.343535
0 0.498065 0.332309 0.555991 0.658648
3 0.498065 0.332309 0.555991 0.658648
4 0.379403 0.499672 0.620983 0.996792
4 0.224188 0.113471 0.448375 0.226942
4 0.232672 0.262674 0.465345 0.525348
4 0.415003 0.0430761 0.830007 0.0861522
3 0.0886751 0.583493 0.17735 0.150147
3 0.0437319 0.548166 0.0871903 0.0943875
0 0.0315438 0.303013 0.0630875 0.606026
2 0.0652264 0.481826 0.129736 0.187561
4 0.0817938 0.388957 0.163296 0.486085
3 0.0823447 0.747188 0.164689 0.505625
3 0.0427907 0.518119 0.0852536 0.128594
4 0.833167 0.459612 0.277635 0.865255
4 0.491325 0.487148 0.46024 0.974297
0 0.206995 0.508525 0.405226 0.982949
2 0.0886751 0.583493 0.17735 0.150147
2 0.0901436 0.487912 0.180287 0.190272
0 0.953462 0.469758 0.0930759 0.642104
4 0.95715 0.643996 0.0857005 0.351947
4 0.131383 0.491622 0.261611 0.965648
4 0.0415053 0.726777 0.0830107 0.514493
0 0.0545456 0.237675 0.109091 0.47535
1 0.798115 0.52073 0.124993 0.0939205
1 0.80922 0.732953 0.381559 0.517311
4 0.565199 0.405146 0.628384 0.762623
4 0.565485 0.282655 0.848987 0.565311
4 0.953462 0.469758 0.0930759 0.642104
4 0.0315438 0.303013 0.0630875 0.606026
0 0.517617 0.257719 0.878373 0.515438
0 0.0280927 0.785727 0.0561855 0.428547
3 0.0446299 0.488792 0.0892599 0.247246
4 0.769236 0.417037 0.190471 0.617768
0 0.0284904 0.792483 0.0569807 0.415034
4 0.80354 0.0707368 0.39292 0.141474
4 0.0545456 0.237675 0.109091 0.47535
0 0.953248 0.277472 0.0935043 0.52738
2 0.0447144 0.506336 0.0894287 0.189485
4 0.334525 0.0349431 0.669049 0.0698862
4 0.655812 0.0760031 0.688376 0.152006
2 0.164085 0.73224 0.32817 0.470688
3 0.47902 0.276565 0.440364 0.537541
4 0.0911348 0.535626 0.18227 0.14988
1 0.6673 0.775603 0.448531 0.443591
4 0.694152 0.322584 0.538306 0.598935
4 0.796154 0.552535 0.128109 0.15048
4 0.274929 0.0735941 0.549859 0.147188
3 0.496718 0.621793 0.415182 0.736427
3 0.463172 0.770067 0.307028 0.459865
4 0.157635 0.205387 0.315269 0.410774
3 0.833238 0.573881 0.215156 0.430383
4 0.720327 0.773678 0.554878 0.452643
0 0.153297 0.247792 0.303324 0.477544
0 0.769236 0.417037 0.190471 0.617768
4 0.843242 0.611535 0.248613 0.271137
4 0.76179 0.0852476 0.47642 0.170495
4 0.0886751 0.583493 0.17735 0.150147
4 0.328624 0.272841 0.64522 0.545683
4 0.156502 0.802244 0.313004 0.38823
0 0.959116 0.57166 0.0817682 0.459217
0 0.833167 0.459612 0.277635 0.865255
4 0.126027 0.328478 0.249942 0.63327
0 0.945065 0.33672 0.109871 0.571679
4 0.886669 0.513282 0.226663 0.772327
1 0.292042 0.769706 0.583241 0.456193
3 0.0652264 0.481826 0.129736 0.187561
1 0.131383 0.491622 0.261611 0.965648
4 0.0805166 0.288802 0.161033 0.557052
0 0.178823 0.691884 0.354676 0.598575
4 0.728683 0.730289 0.309394 0.539423
0 0.754614 0.322882 0.490772 0.645764
2 0.0427907 0.518119 0.0852536 0.128594
4 0.0280927 0.785727 0.0561855 0.428547
3 0.728683 0.730289 0.309394 0.539423
3 0.763528 0.756083 0.471255 0.478156
2 0.330516 0.767535 0.51172 0.464929
1 0.0886751 0.583493 0.17735 0.150147
4 0.0421418 0.361141 0.0842836 0.609157
4 0.585417 0.489263 0.516914 0.959679
1 0.0919308 0.568091 0.182099 0.345382
4 0.845645 0.171768 0.308711 0.343535
1 0.0901436 0.487912 0.180287 0.190272
4 0.775232 0.35469 0.448449 0.682794
1 0.942115 0.772966 0.115769 0.454067
1 0.0817938 0.388957 0.163296 0.486085
4 0.945065 0.33672 0.109871 0.571679
4 0.0437319 0.548166 0.0871903 0.0943875
4 0.0823447 0.747188 0.164689 0.505625
2 0.0911348 0.535626 0.18227 0.14988
4 0.257882 0.503061 0.512239 0.993878
0 0.854679 0.341306 0.290641 0.660554
4 0.953248 0.277472 0.0935043 0.52738
3 0.796154 0.552535 0.128109 0.15048
1 0.126027 0.328478 0.249942 0.63327
3 0.0901436 0.487912 0.180287 0.190272
4 0.959116 0.57166 0.0817682 0.459217
2 0.55783 0.535905 0.415494 0.921128
2 0.155102 0.789312 0.310203 0.421375
1 0.093563 0.390388 0.184929 0.713166
3 0.0911348 0.535626 0.18227 0.14988
1 0.156502 0.802244 0.313004 0.38823
0 0.886669 0.513282 0.226663 0.772327
4 0.86993 0.376642 0.26014 0.716175
3 0.156502 0.802244 0.313004 0.38823
2 0.94937 0.73434 0.10126 0.498669
0 0.6673 0.775603 0.448531 0.443591
0 0.332915 0.494327 0.649331 0.988654
1 0.511399 0.516465 0.423503 0.932614
4 0.820056 0.325738 0.340594 0.599069
2 0.283448 0.499205 0.562003 0.998411
0 0.69702 0.675009 0.315103 0.565411
2 0.953248 0.277472 0.0935043 0.52738
2 0.949603 0.805547 0.100794 0.388906
2 0.212775 0.759618 0.412244 0.479589
2 0.157635 0.205387 0.315269 0.410774
4 0.19594 0.327264 0.385412 0.64892
2 0.845501 0.55147 0.232251 0.152465
2 0.0919188 0.611605 0.183838 0.385915
4 0.950489 0.617496 0.0990215 0.499588
2 0.197083 0.269054 0.385803 0.52375
0 0.0805166 0.288802 0.161033 0.557052
2 0.517617 0.257719 0.878373 0.515438
1 0.69702 0.675009 0.315103 0.565411
0 0.728683 0.730289 0.309394 0.539423
2 0.558243 0.403261 0.80017 0.806521
2 0.0415053 0.726777 0.0830107 0.514493
2 0.131383 0.491622 0.261611 0.965648
2 0.0437319 0.548166 0.0871903 0.0943875
1 0.225379 0.50251 0.4505 0.994979
0 0.609789 0.344001 0.774671 0.688001
1 0.19594 0.327264 0.385412 0.64892
4 0.69702 0.675009 0.315103 0.565411
1 0.0280927 0.785727 0.0561855 0.428547
2 0.301669 0.266954 0.597246 0.533907
2 0.841145 0.368979 0.305074 0.67645
1 0.833238 0.573881 0.215156 0.430383
2 0.80354 0.0707368 0.39292 0.141474
2 0.754614 0.322882 0.490772 0.645764
2 0.945065 0.33672 0.109871 0.571679
2 0.0284904 0.792483 0.0569807 0.415034
2 0.0823447 0.747188 0.164689 0.505625
0 0.64949 0.780269 0.290156 0.439462
0 0.50534 0.770035 0.387187 0.455108
0 0.791241 0.521841 0.116088 0.0860186
0 0.0452162 0.540836 0.0904325 0.0695092
1 0.503646 0.770676 0.394561 0.457479
0 0.0428001 0.518245 0.0852724 0.128398
0 0.797235 0.448639 0.127155 0.244044
0 0.804918 0.765462 0.390164 0.459169
0 0.0645725 0.481866 0.128438 0.187598
0 0.091108 0.535769 0.182216 0.149456
0 0.0901291 0.488044 0.180258 0.190487
0 0.796172 0.552425 0.128073 0.150438
0 0.84316 0.61049 0.248356 0.269
0 0.205149 0.761003 0.397963 0.469043
0 0.0452475 0.488074 0.090495 0.19096
0 0.0919293 0.611535 0.183859 0.385454
0 0.799772 0.420061 0.137277 0.323523
4 0.503646 0.770676 0.394561 0.457479
0 0.951641 0.667648 0.0967184 0.397108
2 0.798106 0.520727 0.124964 0.0939366
0 0.418166 0.279856 0.509668 0.546992
0 0.129858 0.744927 0.259716 0.476764
4 0.797235 0.448639 0.127155 0.244044
4 0.798106 0.520727 0.124964 0.0939366
3 0.557887 0.536236 0.41516 0.920538
0 0.156493 0.802336 0.312987 0.388002
0 0.819117 0.685377 0.361766 0.412984
4 0.810599 0.734674 0.378802 0.523845
3 0.130525 0.491668 0.259925 0.96561
2 0.503763 0.773761 0.394303 0.452478
3 0.622266 0.371026 0.729001 0.726338
3 0.695637 0.322513 0.535376 0.598666
0 0.0886518 0.583621 0.177304 0.150359
3 0.170272 0.77526 0.332021 0.44948
0 0.0415841 0.726705 0.0831682 0.514396
4 0.199495 0.761239 0.394399 0.467926
0 0.461714 0.0398971 0.85545 0.0797942
3 0.257663 0.503095 0.51179 0.99381
3 0.886834 0.513659 0.226332 0.771333
3 0.818696 0.407675 0.183411 0.350391
0 0.443992 0.761503 0.367216 0.476993
3 0.696969 0.675007 0.315188 0.565234
3 0.838094 0.744989 0.323812 0.510023
3 0.833097 0.459572 0.277675 0.864755
3 0.949588 0.805482 0.100824 0.389037
3 0.152994 0.24803 0.302771 0.478048
3 0.644435 0.520288 0.392227 0.89046
3 0.80702 0.780788 0.385959 0.438424
0 0.845175 0.551363 0.231432 0.152426
0 0.739131 0.741454 0.514891 0.512648
3 0.776442 0.354629 0.446024 0.682656
4 0.0428001 0.518245 0.0852724 0.128398
3 0.820119 0.3257 0.340473 0.599068
0 0.224095 0.11304 0.44819 0.22608
1 0.0437452 0.548188 0.0872143 0.0944209
3 0.649505 0.780291 0.290089 0.439417
3 0.0919377 0.568348 0.182131 0.34587
2 0.797235 0.448639 0.127155 0.244044
4 0.418166 0.279856 0.509668 0.546992
0 0.818696 0.407675 0.183411 0.350391
3 0.0935397 0.39126 0.184898 0.714946
3 0.397956 0.486 0.605606 0.971115
0 0.949349 0.734312 0.101302 0.498571
0 0.334507 0.0348955 0.669015 0.069791
1 0.797235 0.448639 0.127155 0.244044
1 0.0645725 0.481866 0.128438 0.187598
3 0.512914 0.75397 0.395627 0.46955
3 0.587308 0.0590598 0.825384 0.11812
3 0.951641 0.667648 0.0967184 0.397108
3 0.224095 0.11304 0.44819 0.22608
4 0.649505 0.780291 0.290089 0.439417
3 0.195657 0.328294 0.384876 0.650979
3 0.0283407 0.2831 0.0566814 0.5662
1 0.845175 0.551363 0.231432 0.152426
4 0.0645725 0.481866 0.128438 0.187598
3 0.668001 0.775634 0.450711 0.443593
4 0.799772 0.420061 0.137277 0.323523
4 0.789952 0.781395 0.393131 0.43721
3 0.798106 0.520727 0.124964 0.0939366
3 0.55183 0.0394119 0.871164 0.0788237
4 0.838094 0.744989 0.323812 0.510023
3 0.953476 0.469831 0.0930477 0.641299
0 0.301121 0.759151 0.596714 0.472329
4 0.0901291 0.488044 0.180258 0.190487
3 0.330404 0.76763 0.512124 0.464741
3 0.52667 0.476166 0.617355 0.938888
3 0.125454 0.328921 0.248827 0.633881
1 0.799772 0.420061 0.137277 0.323523
3 0.761961 0.0856921 0.476078 0.171384
3 0.565517 0.284611 0.848717 0.569222
4 0.949588 0.805482 0.100824 0.389037
0 0.432342 0.501274 0.528485 0.997452
3 0.334507 0.0348955 0.669015 0.069791
0 0.0935397 0.39126 0.184898 0.714946
4 0.170272 0.77526 0.332021 0.44948
3 0.656015 0.0765705 0.68797 0.153141
3 0.252229 0.274135 0.487403 0.540575
0 0.0815769 0.389498 0.162868 0.486045
0 0.587308 0.0590598 0.825384 0.11812
3 0.163793 0.731893 0.327586 0.469568
0 0.525931 0.500943 0.419601 0.979606
4 0.330404 0.76763 0.512124 0.464741
3 0.0542484 0.238008 0.108497 0.476017
3 0.0474948 0.767407 0.0949896 0.465187
3 0.942034 0.773117 0.115932 0.453765
1 0.0428001 0.518245 0.0852724 0.128398
0 0.803705 0.0709706 0.39259 0.141941
3 0.798373 0.461388 0.126689 0.217367
4 0.818696 0.407675 0.183411 0.350391
3 0.0815769 0.389498 0.162868 0.486045
3 0.945057 0.336901 0.109885 0.572154
2 0.813838 0.738615 0.372324 0.512434
3 0.819117 0.685377 0.361766 0.412984
3 0.959147 0.571177 0.081706 0.457252
3 0.0420901 0.361584 0.0841802 0.609353
3 0.799772 0.420061 0.137277 0.323523
3 0.0802396 0.289439 0.160479 0.558346
0 0.297586 0.272452 0.58315 0.530026
0 0.496604 0.620071 0.415253 0.739985
4 0.129858 0.744927 0.259716 0.476764
3 0.84316 0.61049 0.248356 0.269
0 0.082283 0.747156 0.164566 0.505688
0 0.949588 0.805482 0.100824 0.389037
3 0.41497 0.0432104 0.82994 0.0864209
3 0.76956 0.417221 0.189838 0.61734
4 0.942034 0.773117 0.115932 0.453765
4 0.0919377 0.568348 0.182131 0.34587
3 0.0286042 0.792391 0.0572084 0.415219
1 0.951386 0.693546 0.097228 0.417894
0 0.656015 0.0765705 0.68797 0.153141
4 0.526619 0.0359293 0.946762 0.0718586
3 0.376675 0.284119 0.571923 0.556768
0 0.761961 0.0856921 0.476078 0.171384
4 0.0935397 0.39126 0.184898 0.714946
3 0.274767 0.0733113 0.549534 0.146623
3 0.869968 0.376797 0.260064 0.716484
3 0.953411 0.277309 0.0931772 0.526978
3 0.212715 0.759659 0.412089 0.479592
0 0.125454 0.328921 0.248827 0.633881
4 0.497702 0.333875 0.556184 0.661706
3 0.845989 0.171714 0.308022 0.343429
2 0.728635 0.730338 0.309437 0.539325
3 0.803705 0.0709706 0.39259 0.141941
0 0.274767 0.0733113 0.549534 0.146623
0 0.170272 0.77526 0.332021 0.44948
4 0.483908 0.458022 0.654794 0.910019
4 0.0447203 0.506494 0.0894406 0.189147
4 0.587308 0.0590598 0.825384 0.11812
3 0.028281 0.785763 0.0565619 0.428474
2 0.796172 0.552425 0.128073 0.150438
1 0.163793 0.731893 0.327586 0.469568
0 0.0420901 0.361584 0.0841802 0.609353
4 0.0286042 0.792391 0.0572084 0.415219
3 0.845175 0.551363 0.231432 0.152426
0 0.838094 0.744989 0.323812 0.510023
4 0.951262 0.699058 0.0974764 0.416217
3 0.497702 0.333875 0.556184 0.661706
0 0.565401 0.405288 0.628211 0.762711
0 0.845989 0.171714 0.308022 0.343429
4 0.380759 0.499249 0.617248 0.995802
4 0.224095 0.11304 0.44819 0.22608
0 0.497702 0.333875 0.556184 0.661706
4 0.232653 0.262683 0.465305 0.525366
4 0.41497 0.0432104 0.82994 0.0864209
3 0.0886518 0.583621 0.177304 0.150359
3 0.0437452 0.548188 0.0872143 0.0944209
4 0.0815769 0.389498 0.162868 0.486045
2 0.0645725 0.481866 0.128438 0.187598
3 0.082283 0.747156 0.164566 0.505688
4 0.491133 0.487168 0.460228 0.974335
3 0.0428001 0.518245 0.0852724 0.128398
4 0.833097 0.459572 0.277675 0.864755
0 0.0315635 0.303236 0.063127 0.606471
2 0.0886518 0.583621 0.177304 0.150359
4 0.957153 0.643881 0.0856938 0.351427
2 0.0901291 0.488044 0.180258 0.190487
4 0.130525 0.491668 0.259925 0.96561
4 0.0415841 0.726705 0.0831682 0.514396
1 0.80923 0.732993 0.381539 0.517327
1 0.798106 0.520727 0.124964 0.0939366
0 0.206972 0.508469 0.405196 0.983063
4 0.565401 0.405288 0.628211 0.762711
4 0.565517 0.284611 0.848717 0.569222
4 0.953476 0.469831 0.0930477 0.641299
4 0.0315635 0.303236 0.063127 0.606471
0 0.953476 0.469831 0.0930477 0.641299
0 0.0542484 0.238008 0.108497 0.476017
3 0.0446235 0.489017 0.089247 0.24713
4 0.76956 0.417221 0.189838 0.61734
4 0.0542484 0.238008 0.108497 0.476017
4 0.803705 0.0709706 0.39259 0.141941
0 0.028281 0.785763 0.0565619 0.428474
0 0.517495 0.258535 0.878406 0.517071
2 0.0447203 0.506494 0.0894406 0.189147
0 0.0286042 0.792391 0.0572084 0.415219
4 0.334507 0.0348955 0.669015 0.069791
4 0.656015 0.0765705 0.68797 0.153141
2 0.163793 0.731893 0.327586 0.469568
3 0.478873 0.276589 0.439833 0.537564
1 0.668001 0.775634 0.450711 0.443593
0 0.953411 0.277309 0.0931772 0.526978
4 0.091108 0.535769 0.182216 0.149456
4 0.796172 0.552425 0.128073 0.150438
4 0.695637 0.322513 0.535376 0.598666
4 0.274767 0.0733113 0.549534 0.146623
3 0.496604 0.620071 0.415253 0.739985
4 0.157017 0.205537 0.314033 0.411074
3 0.463281 0.770071 0.307218 0.459859
3 0.833234 0.573403 0.215147 0.429515
4 0.720069 0.773728 0.555421 0.452543
4 0.84316 0.61049 0.248356 0.269
4 0.761961 0.0856921 0.476078 0.171384
4 0.0886518 0.583621 0.177304 0.150359
4 0.32862 0.272893 0.644967 0.545785
4 0.156493 0.802336 0.312987 0.388002
0 0.152994 0.24803 0.302771 0.478048
4 0.125454 0.328921 0.248827 0.633881
4 0.886834 0.513659 0.226332 0.771333
0 0.76956 0.417221 0.189838 0.61734
1 0.292234 0.769746 0.583603 0.456074
3 0.0645725 0.481866 0.128438 0.187598
1 0.130525 0.491668 0.259925 0.96561
4 0.0802396 0.289439 0.160479 0.558346
0 0.959147 0.571177 0.081706 0.457252
0 0.833097 0.459572 0.277675 0.864755
0 0.945057 0.336901 0.109885 0.572154
4 0.728635 0.730338 0.309437 0.539325
2 0.0428001 0.518245 0.0852724 0.128398
4 0.028281 0.785763 0.0565619 0.428474
0 0.178724 0.691802 0.354493 0.598824
3 0.763372 0.756201 0.471555 0.477963
3 0.728635 0.730338 0.309437 0.539325
1 0.0886518 0.583621 0.177304 0.150359
4 0.0420901 0.361584 0.0841802 0.609353
0 0.755014 0.322949 0.489972 0.645897
2 0.330404 0.76763 0.512124 0.464741
4 0.58544 0.489341 0.516761 0.959458
1 0.0919377 0.568348 0.182131 0.34587
4 0.845989 0.171714 0.308022 0.343429
4 0.776442 0.354629 0.446024 0.682656
1 0.0901291 0.488044 0.180258 0.190487
1 0.942034 0.773117 0.115932 0.453765
4 0.945057 0.336901 0.109885 0.572154
1 0.0815769 0.389498 0.162868 0.486045
4 0.0437452 0.548188 0.0872143 0.0944209
4 0.082283 0.747156 0.164566 0.505688
4 0.257663 0.503095 0.51179 0.99381
2 0.091108 0.535769 0.182216 0.149456
4 0.953411 0.277309 0.0931772 0.526978
3 0.796172 0.552425 0.128073 0.150438
1 0.125454 0.328921 0.248827 0.633881
0 0.85469 0.341386 0.29062 0.660783
3 0.0901291 0.488044 0.180258 0.190487
4 0.959147 0.571177 0.081706 0.457252
2 0.557887 0.536236 0.41516 0.920538
3 0.091108 0.535769 0.182216 0.149456
2 0.155112 0.789349 0.310224 0.421301
1 0.156493 0.802336 0.312987 0.388002
1 0.0935397 0.39126 0.184898 0.714946
4 0.869968 0.376797 0.260064 0.716484
3 0.156493 0.802336 0.312987 0.388002
2 0.949349 0.734312 0.101302 0.498571
0 0.886834 0.513659 0.226332 0.771333
1 0.511362 0.516604 0.423527 0.932517
0 0.668001 0.775634 0.450711 0.443593
0 0.332771 0.494331 0.648766 0.988662
4 0.820119 0.3257 0.340473 0.599068
2 0.283067 0.499243 0.56126 0.998486
2 0.212715 0.759659 0.412089 0.479592
2 0.157017 0.205537 0.314033 0.411074
2 0.953411 0.277309 0.0931772 0.526978
2 0.949588 0.805482 0.100824 0.389037
4 0.195657 0.328294 0.384876 0.650979
2 0.845175 0.551363 0.231432 0.152426
0 0.696969 0.675007 0.315188 0.565234
2 0.0919293 0.611535 0.183859 0.385454
4 0.950532 0.617471 0.0989355 0.499366
2 0.196916 0.269082 0.385478 0.52384
2 0.517495 0.258535 0.878406 0.517071
1 0.696969 0.675007 0.315188 0.565234
0 0.0802396 0.289439 0.160479 0.558346
2 0.558339 0.403253 0.799649 0.80632
2 0.0415841 0.726705 0.0831682 0.514396
2 0.130525 0.491668 0.259925 0.96561
0 0.728635 0.730338 0.309437 0.539325
1 0.225178 0.502559 0.450141 0.994881
1 0.195657 0.328294 0.384876 0.650979
2 0.0437452 0.548188 0.0872143 0.0944209
4 0.696969 0.675007 0.315188 0.565234
1 0.028281 0.785763 0.0565619 0.428474
2 0.301727 0.267076 0.597374 0.534151
2 0.841061 0.36901 0.305209 0.676569
0 0.610129 0.344462 0.773883 0.688925
1 0.833234 0.573403 0.215147 0.429515
2 0.803705 0.0709706 0.39259 0.141941
2 0.755014 0.322949 0.489972 0.645897
2 0.0286042 0.792391 0.0572084 0.415219
2 0.945057 0.336901 0.109885 0.572154
2 0.082283 0.747156 0.164566 0.505688
1 0.443992 0.761503 0.367216 0.476993
2 0.953476 0.469831 0.0930477 0.641299
