0 0.606258 0.607252 0.131228 0.134975
0 0.168534 0.528723 0.101617 0.0858949
0 0.604797 0.563127 0.12868 0.222211
0 0.182519 0.534109 0.0801186 0.088466
1 0.603216 0.60643 0.131783 0.132738
0 0.832518 0.761576 0.334963 0.462221
0 0.171205 0.544329 0.101287 0.117683
0 0.185891 0.462883 0.0758671 0.225148
1 0.604797 0.563127 0.12868 0.222211
4 0.603216 0.60643 0.131783 0.132738
0 0.609762 0.508659 0.136154 0.343987
2 0.182519 0.534109 0.0801186 0.088466
0 0.462917 0.771146 0.498411 0.447619
4 0.604797 0.563127 0.12868 0.222211
0 0.543942 0.0252493 0.912117 0.0504986
0 0.203622 0.528382 0.14694 0.0894737
0 0.655875 0.252555 0.68825 0.50511
0 0.743213 0.238925 0.513575 0.47785
2 0.603611 0.608494 0.125678 0.127204
3 0.145773 0.60993 0.155624 0.313694
0 0.142766 0.73823 0.285532 0.514779
1 0.178535 0.54133 0.0906034 0.107298
0 0.760209 0.640714 0.453322 0.19715
0 0.644214 0.625128 0.221326 0.171001
0 0.625116 0.0493164 0.749768 0.0986328
2 0.604797 0.563127 0.12868 0.222211
0 0.112084 0.792925 0.224144 0.404857
1 0.185891 0.462883 0.0758671 0.225148
0 0.520691 0.255534 0.958618 0.511068
0 0.596725 0.709021 0.193447 0.336903
3 0.703841 0.5 0.592318 1
3 0.758296 0.755888 0.483409 0.475591
3 0.475875 0.725536 0.402647 0.466184
4 0.57537 0.765358 0.826318 0.444792
3 0.29021 0.474626 0.575673 0.949252
3 0.123673 0.401844 0.247347 0.800111
0 0.31447 0.773679 0.600526 0.436448
3 0.409713 0.410727 0.553628 0.821454
3 0.787328 0.256106 0.425345 0.512211
3 0.610837 0.765499 0.774766 0.446879
0 0.373797 0.0224155 0.74602 0.0448309
0 0.811437 0.333351 0.377126 0.666703
3 0.839741 0.508797 0.320519 0.982406
3 0.113269 0.54849 0.226538 0.6931
4 0.705513 0.242627 0.588973 0.485253
0 0.25043 0.731457 0.489802 0.537087
4 0.723257 0.717574 0.487949 0.35319
4 0.182519 0.534109 0.0801186 0.088466
2 0.185891 0.462883 0.0758671 0.225148
1 0.609762 0.508659 0.136154 0.343987
0 0.240017 0.557473 0.292848 0.146805
1 0.829934 0.765957 0.340133 0.465189
4 0.185891 0.462883 0.0758671 0.225148
3 0.932667 0.659765 0.134667 0.651176
3 0.19303 0.272242 0.382936 0.544484
3 0.65512 0.346896 0.678164 0.693791
3 0.412098 0.586999 0.307562 0.821483
3 0.148169 0.325743 0.241241 0.651487
3 0.760209 0.640714 0.453322 0.19715
2 0.142766 0.73823 0.285532 0.514779
4 0.832518 0.761576 0.334963 0.462221
4 0.642114 0.185457 0.715773 0.370914
3 0.831877 0.713567 0.336247 0.572865
0 0.876809 0.769112 0.246383 0.461775
3 0.709292 0.132812 0.581417 0.265624
4 0.598843 0.0331749 0.802313 0.0663498
3 0.156713 0.323185 0.172283 0.616412
0 0.145773 0.60993 0.155624 0.313694
0 0.214075 0.131912 0.42815 0.263824
3 0.938683 0.787361 0.122635 0.425279
3 0.494469 0.342001 0.618203 0.684002
0 0.923414 0.780598 0.153172 0.438805
3 0.93955 0.452362 0.120899 0.87234
3 0.598456 0.263165 0.803087 0.526329
3 0.5993 0.764741 0.393053 0.470518
3 0.831984 0.235511 0.336032 0.471023
2 0.462917 0.771146 0.498411 0.447619
3 0.1623 0.78078 0.32 0.43844
3 0.68988 0.462103 0.379593 0.870907
3 0.827781 0.761729 0.344439 0.476542
0 0.290155 0.0681536 0.58031 0.136307
0 0.758296 0.755888 0.483409 0.475591
3 0.49263 0.618967 0.237469 0.568082
4 0.462917 0.771146 0.498411 0.447619
4 0.609762 0.508659 0.136154 0.343987
3 0.142766 0.73823 0.285532 0.514779
3 0.159723 0.209422 0.317137 0.398424
3 0.923414 0.780598 0.153172 0.438805
3 0.268569 0.775812 0.504791 0.448376
4 0.598456 0.263165 0.803087 0.526329
3 0.460088 0.770852 0.395039 0.458297
3 0.607894 0.512915 0.148815 0.345801
3 0.182519 0.534109 0.0801186 0.088466
2 0.171205 0.544329 0.101287 0.117683
3 0.267344 0.313077 0.532451 0.626154
3 0.935991 0.297929 0.128017 0.595859
3 0.872663 0.775731 0.254675 0.448538
3 0.685826 0.76836 0.384569 0.46328
3 0.214075 0.131912 0.42815 0.263824
0 0.148169 0.325743 0.241241 0.651487
4 0.520202 0.0207071 0.947835 0.0414142
3 0.240017 0.557473 0.292848 0.146805
3 0.0273305 0.251848 0.0546611 0.503696
0 0.747854 0.0699952 0.504293 0.13999
3 0.598843 0.0331749 0.802313 0.0663498
3 0.208544 0.57826 0.273803 0.411541
3 0.523398 0.768073 0.365425 0.463854
3 0.0672175 0.786314 0.134435 0.427372
0 0.592574 0.340475 0.665229 0.68095
0 0.799712 0.704825 0.400577 0.585362
1 0.148169 0.325743 0.241241 0.651487
0 0.475875 0.725536 0.402647 0.466184
4 0.754744 0.768944 0.489975 0.447144
3 0.520202 0.0207071 0.947835 0.0414142
4 0.156713 0.323185 0.172283 0.616412
0 0.0937397 0.68314 0.187479 0.582079
3 0.384582 0.773807 0.387673 0.452385
3 0.0179632 0.608576 0.0359265 0.771306
0 0.0179632 0.608576 0.0359265 0.771306
4 0.79969 0.247542 0.400619 0.495084
3 0.911905 0.277737 0.17619 0.555474
3 0.15101 0.197815 0.30202 0.39563
3 0.290155 0.0681536 0.58031 0.136307
3 0.30674 0.744121 0.579953 0.494226
4 0.171205 0.544329 0.101287 0.117683
3 0.45202 0.778354 0.471158 0.435606
3 0.0192896 0.28217 0.0385793 0.56434
4 0.142766 0.73823 0.285532 0.514779
0 0.809187 0.500555 0.381625 0.998889
4 0.18538 0.294293 0.368259 0.588587
0 0.455131 0.716792 0.295313 0.566416
3 0.0937397 0.68314 0.187479 0.582079
3 0.455131 0.716792 0.295313 0.566416
0 0.709292 0.132812 0.581417 0.265624
4 0.478117 0.233238 0.937056 0.466477
3 0.331118 0.0288242 0.657564 0.0576484
3 0.0510148 0.755209 0.10203 0.48524
3 0.569947 0.770523 0.478821 0.447435
3 0.312561 0.24024 0.613397 0.48048
4 0.148169 0.325743 0.241241 0.651487
3 0.203758 0.182881 0.407517 0.365763
0 0.938683 0.787361 0.122635 0.425279
3 0.02624 0.670148 0.05248 0.653826
3 0.0156174 0.378397 0.0312347 0.693524
3 0.736034 0.305383 0.527541 0.610766
4 0.938683 0.787361 0.122635 0.425279
3 0.213495 0.645029 0.27158 0.381663
0 0.265941 0.111008 0.531882 0.222017
1 0.462917 0.771146 0.498411 0.447619
4 0.523398 0.768073 0.365425 0.463854
3 0.723257 0.717574 0.487949 0.35319
4 0.677041 0.313257 0.645917 0.626515
0 0.0591523 0.793371 0.118305 0.409253
4 0.312613 0.781441 0.604535 0.427633
3 0.747854 0.0699952 0.504293 0.13999
4 0.5993 0.764741 0.393053 0.470518
4 0.460088 0.770852 0.395039 0.458297
4 0.911905 0.277737 0.17619 0.555474
3 0.642114 0.185457 0.715773 0.370914
3 0.0155614 0.470372 0.0311229 0.860543
3 0.265941 0.111008 0.531882 0.222017
3 0.705513 0.242627 0.588973 0.485253
3 0.089369 0.465702 0.178738 0.873427
0 0.02624 0.670148 0.05248 0.653826
4 0.1623 0.78078 0.32 0.43844
4 0.747854 0.0699952 0.504293 0.13999
3 0.0442902 0.786827 0.0885803 0.426346
3 0.452221 0.209713 0.904442 0.419427
4 0.709292 0.132812 0.581417 0.265624
4 0.268569 0.775812 0.504791 0.448376
4 0.562897 0.349907 0.870877 0.699814
4 0.0442902 0.786827 0.0885803 0.426346
4 0.774988 0.5 0.450023 1
0 0.0159929 0.516334 0.0319857 0.876647
3 0.191136 0.387473 0.367091 0.774945
4 0.79444 0.768579 0.383122 0.462841
0 0.523398 0.768073 0.365425 0.463854
0 0.460088 0.770852 0.395039 0.458297
4 0.233056 0.185143 0.46292 0.370286
4 0.840458 0.303143 0.319083 0.606287
3 0.11275 0.318132 0.2255 0.60891
0 0.412382 0.195736 0.820711 0.391472
4 0.334518 0.186953 0.659459 0.373907
0 0.409713 0.410727 0.553628 0.821454
0 0.869052 0.757484 0.261897 0.485032
0 0.412098 0.586999 0.307562 0.821483
4 0.803869 0.309288 0.392262 0.618577
0 0.93955 0.452362 0.120899 0.87234
4 0.685826 0.76836 0.384569 0.46328
0 0.420492 0.321382 0.714359 0.642765
4 0.373797 0.0224155 0.74602 0.0448309
4 0.384582 0.773807 0.387673 0.452385
4 0.869052 0.757484 0.261897 0.485032
4 0.876809 0.769112 0.246383 0.461775
2 0.760209 0.640714 0.453322 0.19715
4 0.348066 0.296492 0.665708 0.592983
4 0.569947 0.770523 0.478821 0.447435
4 0.935991 0.297929 0.128017 0.595859
0 0.206499 0.773475 0.408157 0.430364
4 0.202157 0.784267 0.401439 0.422951
4 0.214075 0.131912 0.42815 0.263824
4 0.25043 0.731457 0.489802 0.537087
3 0.119645 0.1967 0.23929 0.371836
0 0.935991 0.297929 0.128017 0.595859
0 0.831984 0.235511 0.336032 0.471023
0 0.246043 0.261604 0.480846 0.523207
0 0.911905 0.277737 0.17619 0.555474
1 0.101982 0.793629 0.203965 0.40291
2 0.596725 0.709021 0.193447 0.336903
4 0.923414 0.780598 0.153172 0.438805
2 0.455131 0.716792 0.295313 0.566416
0 0.5993 0.764741 0.393053 0.470518
2 0.25043 0.731457 0.489802 0.537087
4 0.494469 0.342001 0.618203 0.684002
3 0.185891 0.462883 0.0758671 0.225148
0 0.312875 0.301441 0.62575 0.602883
0 0.15101 0.197815 0.30202 0.39563
0 0.213495 0.645029 0.27158 0.381663
2 0.206499 0.773475 0.408157 0.430364
0 0.0442902 0.786827 0.0885803 0.426346
3 0.203622 0.528382 0.14694 0.0894737
4 0.932667 0.659765 0.134667 0.651176
4 0.839741 0.508797 0.320519 0.982406
4 0.290155 0.0681536 0.58031 0.136307
2 0.475875 0.725536 0.402647 0.466184
4 0.149481 0.171199 0.298962 0.336799
0 0.651587 0.609762 0.245464 0.310544
4 0.93955 0.452362 0.120899 0.87234
1 0.187152 0.786404 0.372607 0.415955
2 0.548678 0.766886 0.508264 0.444788
3 0.202157 0.784267 0.401439 0.422951
4 0.274352 0.238355 0.542127 0.476709
2 0.240017 0.557473 0.292848 0.146805
4 0.15101 0.197815 0.30202 0.39563
4 0.265941 0.111008 0.531882 0.222017
2 0.0903771 0.534355 0.180754 0.854213
0 0.569947 0.770523 0.478821 0.447435
4 0.247057 0.425713 0.490146 0.851427
4 0.0591523 0.793371 0.118305 0.409253
4 0.0192896 0.28217 0.0385793 0.56434
0 0.0273305 0.251848 0.0546611 0.503696
4 0.0273305 0.251848 0.0546611 0.503696
1 0.156713 0.323185 0.172283 0.616412
4 0.11275 0.318132 0.2255 0.60891
0 0.79444 0.768579 0.383122 0.462841
0 0.233056 0.185143 0.46292 0.370286
0 0.49263 0.618967 0.237469 0.568082
4 0.108955 0.7802 0.21791 0.439599
4 0.409713 0.410727 0.553628 0.821454
4 0.0179632 0.608576 0.0359265 0.771306
1 0.142766 0.73823 0.285532 0.514779
0 0.685826 0.76836 0.384569 0.46328
0 0.0156174 0.378397 0.0312347 0.693524
0 0.0903771 0.534355 0.180754 0.854213
2 0.831843 0.769881 0.336315 0.450089
4 0.0155614 0.470372 0.0311229 0.860543
1 0.0937397 0.68314 0.187479 0.582079
0 0.18538 0.294293 0.368259 0.588587
1 0.79969 0.247542 0.400619 0.495084
4 0.02624 0.670148 0.05248 0.653826
3 0.108955 0.7802 0.21791 0.439599
0 0.932667 0.659765 0.134667 0.651176
1 0.758296 0.755888 0.483409 0.475591
0 0.0192896 0.28217 0.0385793 0.56434
0 0.113269 0.54849 0.226538 0.6931
0 0.324279 0.708971 0.491282 0.582059
1 0.644214 0.625128 0.221326 0.171001
4 0.0156174 0.378397 0.0312347 0.693524
2 0.312613 0.781441 0.604535 0.427633
2 0.412098 0.586999 0.307562 0.821483
0 0.384582 0.773807 0.387673 0.452385
0 0.156713 0.323185 0.172283 0.616412
0 0.159723 0.209422 0.317137 0.398424
0 0.308585 0.478189 0.608555 0.956379
1 0.569947 0.770523 0.478821 0.447435
3 0.644214 0.625128 0.221326 0.171001
3 0.651587 0.609762 0.245464 0.310544
2 0.93955 0.452362 0.120899 0.87234
0 0.680403 0.380451 0.639194 0.760903
1 0.31447 0.773679 0.600526 0.436448
2 0.0937397 0.68314 0.187479 0.582079
2 0.21776 0.488768 0.13173 0.229647
2 0.935991 0.297929 0.128017 0.595859
2 0.79444 0.768579 0.383122 0.462841
4 0.799712 0.704825 0.400577 0.585362
4 0.68988 0.462103 0.379593 0.870907
2 0.0591523 0.793371 0.118305 0.409253
2 0.723257 0.717574 0.487949 0.35319
0 0.123673 0.401844 0.247347 0.800111
2 0.108955 0.7802 0.21791 0.439599
1 0.911905 0.277737 0.17619 0.555474
4 0.240017 0.557473 0.292848 0.146805
0 0.68988 0.462103 0.379593 0.870907
2 0.923414 0.780598 0.153172 0.438805
2 0.938683 0.787361 0.122635 0.425279
0 0.119645 0.1967 0.23929 0.371836
2 0.18538 0.294293 0.368259 0.588587
3 0.811437 0.333351 0.377126 0.666703
3 0.603943 0.562797 0.128791 0.223908
4 0.21776 0.488768 0.13173 0.229647
0 0.606262 0.607249 0.131234 0.13498
0 0.168527 0.528723 0.101604 0.0858888
0 0.604798 0.563173 0.128692 0.222104
0 0.182526 0.534116 0.0801629 0.0884672
1 0.603234 0.606418 0.131792 0.132745
0 0.832564 0.761559 0.334872 0.462139
0 0.171219 0.544326 0.101276 0.117765
0 0.185896 0.462931 0.0759229 0.22506
1 0.604798 0.563173 0.128692 0.222104
4 0.603234 0.606418 0.131792 0.132745
0 0.609794 0.508603 0.136234 0.344196
2 0.182526 0.534116 0.0801629 0.0884672
0 0.463162 0.771156 0.498726 0.447552
4 0.604798 0.563173 0.128692 0.222104
0 0.543547 0.0251292 0.912906 0.0502583
0 0.203625 0.528388 0.146946 0.0894732
0 0.655638 0.252292 0.688723 0.504584
2 0.603618 0.608476 0.125689 0.127252
0 0.743467 0.238805 0.513067 0.47761
3 0.145735 0.609703 0.155744 0.31316
1 0.178543 0.541319 0.0906213 0.107361
0 0.14285 0.738241 0.285701 0.514823
0 0.760215 0.640253 0.453404 0.196359
2 0.604798 0.563173 0.128692 0.222104
0 0.64425 0.62496 0.22142 0.170668
0 0.624318 0.0486748 0.751364 0.0973496
0 0.112374 0.792927 0.224714 0.404845
1 0.185896 0.462931 0.0759229 0.22506
0 0.520689 0.254332 0.958621 0.508664
0 0.596943 0.708822 0.193373 0.336464
3 0.704256 0.5 0.591489 1
3 0.75818 0.755943 0.483639 0.475415
3 0.475731 0.725371 0.403025 0.465441
4 0.575179 0.765367 0.826233 0.44475
3 0.290854 0.473977 0.576739 0.947953
3 0.123611 0.401339 0.247222 0.79907
3 0.410536 0.410843 0.556572 0.821686
3 0.787553 0.256043 0.424894 0.512085
0 0.314437 0.773672 0.600652 0.436452
3 0.610237 0.765498 0.775908 0.446856
3 0.840254 0.509187 0.319492 0.981625
0 0.374141 0.0225578 0.746812 0.0451156
3 0.11326 0.549253 0.22652 0.690269
4 0.705504 0.242351 0.588992 0.484702
0 0.811638 0.332353 0.376724 0.664705
4 0.723221 0.717297 0.486692 0.352592
4 0.182526 0.534116 0.0801629 0.0884672
0 0.250422 0.731399 0.489796 0.537202
2 0.185896 0.462931 0.0759229 0.22506
1 0.609794 0.508603 0.136234 0.344196
1 0.829994 0.765959 0.340011 0.465142
4 0.185896 0.462931 0.0759229 0.22506
0 0.240203 0.557499 0.29315 0.146965
3 0.932812 0.660109 0.134376 0.649313
3 0.193192 0.271683 0.383233 0.543365
3 0.654982 0.346997 0.678543 0.693994
3 0.411601 0.583631 0.309286 0.828625
3 0.760215 0.640253 0.453404 0.196359
3 0.148312 0.325587 0.240075 0.651174
2 0.14285 0.738241 0.285701 0.514823
4 0.832564 0.761559 0.334872 0.462139
3 0.832028 0.713793 0.335945 0.572413
3 0.708545 0.132147 0.58291 0.264294
4 0.641128 0.183264 0.717743 0.366528
4 0.598073 0.0329362 0.803855 0.0658724
3 0.157373 0.323125 0.170545 0.615803
3 0.938772 0.787388 0.122457 0.425224
0 0.877023 0.769125 0.245955 0.461749
3 0.495037 0.342074 0.621955 0.684148
3 0.939539 0.45043 0.120923 0.867244
0 0.145735 0.609703 0.155744 0.31316
0 0.213983 0.132104 0.427967 0.264208
3 0.598331 0.262904 0.803338 0.525808
3 0.831993 0.235505 0.336013 0.47101
3 0.599394 0.764667 0.393061 0.470666
0 0.923668 0.780669 0.152665 0.438662
2 0.463162 0.771156 0.498726 0.447552
3 0.162357 0.78077 0.320117 0.438461
3 0.68972 0.461759 0.379574 0.870836
3 0.827856 0.761624 0.344287 0.476752
4 0.463162 0.771156 0.498726 0.447552
3 0.492219 0.618431 0.239127 0.569408
3 0.159999 0.209235 0.317669 0.397905
3 0.14285 0.738241 0.285701 0.514823
4 0.609794 0.508603 0.136234 0.344196
3 0.923668 0.780669 0.152665 0.438662
0 0.75818 0.755943 0.483639 0.475415
0 0.290312 0.068254 0.580624 0.136508
3 0.268425 0.775816 0.505015 0.448368
3 0.607955 0.512886 0.148967 0.345903
4 0.598331 0.262904 0.803338 0.525808
3 0.460157 0.770813 0.39512 0.458374
3 0.182526 0.534116 0.0801629 0.0884672
3 0.267545 0.312839 0.532752 0.625678
2 0.171219 0.544326 0.101276 0.117765
3 0.872884 0.775807 0.254233 0.448385
3 0.935929 0.297936 0.128141 0.595872
3 0.685578 0.768319 0.3841 0.463361
3 0.213983 0.132104 0.427967 0.264208
4 0.520267 0.0206139 0.947497 0.0412278
3 0.240203 0.557499 0.29315 0.146965
0 0.148312 0.325587 0.240075 0.651174
3 0.0273515 0.251527 0.054703 0.503053
3 0.208639 0.578462 0.273663 0.411726
3 0.598073 0.0329362 0.803855 0.0658724
3 0.523614 0.76805 0.365685 0.463901
3 0.0671979 0.786305 0.134396 0.427391
0 0.747831 0.0699763 0.504337 0.139953
0 0.593297 0.340528 0.669185 0.681056
1 0.148312 0.325587 0.240075 0.651174
4 0.754123 0.768923 0.491192 0.447138
3 0.520267 0.0206139 0.947497 0.0412278
4 0.157373 0.323125 0.170545 0.615803
0 0.799327 0.705382 0.401346 0.584196
0 0.475731 0.725371 0.403025 0.465441
3 0.384162 0.773748 0.388192 0.452503
3 0.0180331 0.608657 0.0360662 0.7711
0 0.0937112 0.683172 0.187422 0.581278
4 0.800183 0.247442 0.399634 0.494884
3 0.911795 0.278533 0.17641 0.557066
3 0.150483 0.197216 0.300966 0.394432
3 0.290312 0.068254 0.580624 0.136508
3 0.30671 0.744125 0.579915 0.494242
4 0.171219 0.544326 0.101276 0.117765
3 0.452191 0.778349 0.47138 0.435625
3 0.0192362 0.282156 0.0384725 0.564311
0 0.0180331 0.608657 0.0360662 0.7711
4 0.14285 0.738241 0.285701 0.514823
4 0.185492 0.294286 0.368457 0.588572
3 0.0937112 0.683172 0.187422 0.581278
3 0.455562 0.71669 0.294108 0.56662
0 0.80927 0.500634 0.38146 0.998732
4 0.478256 0.231721 0.93685 0.463442
3 0.331348 0.0289834 0.658088 0.0579668
0 0.455562 0.71669 0.294108 0.56662
3 0.803713 0.311911 0.392574 0.623821
3 0.0511766 0.755137 0.102353 0.485341
0 0.708545 0.132147 0.58291 0.264294
3 0.57022 0.770521 0.47784 0.447454
3 0.311504 0.239671 0.611101 0.479341
4 0.148312 0.325587 0.240075 0.651174
3 0.203678 0.182725 0.407357 0.36545
3 0.0263344 0.670247 0.0526687 0.653728
3 0.0155695 0.377704 0.0311391 0.691975
4 0.938772 0.787388 0.122457 0.425224
3 0.736646 0.304752 0.526252 0.609505
3 0.213551 0.645296 0.271683 0.382356
0 0.938772 0.787388 0.122457 0.425224
1 0.463162 0.771156 0.498726 0.447552
4 0.677843 0.312307 0.644314 0.624615
4 0.523614 0.76805 0.365685 0.463901
3 0.723221 0.717297 0.486692 0.352592
4 0.312622 0.781437 0.604677 0.427656
3 0.747831 0.0699763 0.504337 0.139953
4 0.599394 0.764667 0.393061 0.470666
0 0.265937 0.11136 0.531875 0.222719
4 0.460157 0.770813 0.39512 0.458374
4 0.911795 0.278533 0.17641 0.557066
3 0.0155233 0.469903 0.0310466 0.859515
3 0.641128 0.183264 0.717743 0.366528
3 0.265937 0.11136 0.531875 0.222719
3 0.705504 0.242351 0.588992 0.484702
3 0.0887804 0.465021 0.177561 0.872015
4 0.162357 0.78077 0.320117 0.438461
3 0.0443831 0.786841 0.0887663 0.426318
4 0.747831 0.0699763 0.504337 0.139953
0 0.0592493 0.793375 0.118499 0.409297
3 0.451926 0.208846 0.903852 0.417692
4 0.268425 0.775816 0.505015 0.448368
4 0.708545 0.132147 0.58291 0.264294
4 0.563775 0.348976 0.869037 0.697952
0 0.0263344 0.670247 0.0526687 0.653728
4 0.775081 0.5 0.449839 1
4 0.0443831 0.786841 0.0887663 0.426318
3 0.191112 0.387611 0.366702 0.775223
4 0.232943 0.184957 0.462667 0.369914
4 0.79434 0.768516 0.383134 0.462969
4 0.840584 0.303239 0.318833 0.606477
0 0.0160107 0.51615 0.0320214 0.876148
3 0.112629 0.317675 0.225259 0.608186
4 0.334157 0.186645 0.65868 0.373291
0 0.460157 0.770813 0.39512 0.458374
0 0.523614 0.76805 0.365685 0.463901
0 0.412087 0.195176 0.820076 0.390352
4 0.803713 0.311911 0.392574 0.623821
4 0.685578 0.768319 0.3841 0.463361
0 0.410536 0.410843 0.556572 0.821686
4 0.384162 0.773748 0.388192 0.452503
4 0.869232 0.757347 0.261536 0.485306
0 0.869232 0.757347 0.261536 0.485306
4 0.374141 0.0225578 0.746812 0.0451156
0 0.411601 0.583631 0.309286 0.828625
4 0.348708 0.295134 0.665123 0.590267
4 0.877023 0.769125 0.245955 0.461749
4 0.57022 0.770521 0.47784 0.447454
2 0.760215 0.640253 0.453404 0.196359
0 0.421242 0.320451 0.711776 0.640902
0 0.939539 0.45043 0.120923 0.867244
4 0.202475 0.784273 0.402084 0.422962
4 0.935929 0.297936 0.128141 0.595872
4 0.213983 0.132104 0.427967 0.264208
4 0.250422 0.731399 0.489796 0.537202
3 0.119798 0.196389 0.239595 0.371179
0 0.246142 0.260733 0.480948 0.521465
2 0.596943 0.708822 0.193373 0.336464
0 0.206595 0.773477 0.408347 0.430344
1 0.102135 0.793629 0.204271 0.402923
0 0.831993 0.235505 0.336013 0.47101
4 0.923668 0.780669 0.152665 0.438662
0 0.935929 0.297936 0.128141 0.595872
0 0.911795 0.278533 0.17641 0.557066
2 0.455562 0.71669 0.294108 0.56662
4 0.495037 0.342074 0.621955 0.684148
2 0.250422 0.731399 0.489796 0.537202
3 0.185896 0.462931 0.0759229 0.22506
0 0.599394 0.764667 0.393061 0.470666
3 0.203625 0.528388 0.146946 0.0894732
2 0.206595 0.773477 0.408347 0.430344
0 0.313091 0.300475 0.626182 0.600949
4 0.932812 0.660109 0.134376 0.649313
4 0.149656 0.171002 0.299311 0.335743
4 0.840254 0.509187 0.319492 0.981625
4 0.290312 0.068254 0.580624 0.136508
0 0.150483 0.197216 0.300966 0.394432
2 0.475731 0.725371 0.403025 0.465441
4 0.939539 0.45043 0.120923 0.867244
0 0.213551 0.645296 0.271683 0.382356
1 0.187311 0.786413 0.372918 0.415952
2 0.549125 0.766905 0.50913 0.44473
0 0.0443831 0.786841 0.0887663 0.426318
3 0.202475 0.784273 0.402084 0.422962
0 0.651486 0.609848 0.245277 0.310582
4 0.273925 0.237955 0.541194 0.475911
4 0.150483 0.197216 0.300966 0.394432
2 0.240203 0.557499 0.29315 0.146965
4 0.265937 0.11136 0.531875 0.222719
2 0.0901201 0.53468 0.18024 0.852656
4 0.334454 0.423304 0.591796 0.846609
4 0.0592493 0.793375 0.118499 0.409297
0 0.57022 0.770521 0.47784 0.447454
4 0.0192362 0.282156 0.0384725 0.564311
4 0.0273515 0.251527 0.054703 0.503053
0 0.0273515 0.251527 0.054703 0.503053
1 0.157373 0.323125 0.170545 0.615803
4 0.112629 0.317675 0.225259 0.608186
4 0.10904 0.780199 0.21808 0.439603
4 0.0180331 0.608657 0.0360662 0.7711
1 0.14285 0.738241 0.285701 0.514823
0 0.232943 0.184957 0.462667 0.369914
0 0.79434 0.768516 0.383134 0.462969
4 0.0155233 0.469903 0.0310466 0.859515
2 0.831884 0.769888 0.336232 0.450039
0 0.492219 0.618431 0.239127 0.569408
1 0.0937112 0.683172 0.187422 0.581278
0 0.685578 0.768319 0.3841 0.463361
0 0.0155695 0.377704 0.0311391 0.691975
4 0.0263344 0.670247 0.0526687 0.653728
0 0.0901201 0.53468 0.18024 0.852656
1 0.800183 0.247442 0.399634 0.494884
0 0.185492 0.294286 0.368457 0.588572
3 0.10904 0.780199 0.21808 0.439603
1 0.75818 0.755943 0.483639 0.475415
1 0.64425 0.62496 0.22142 0.170668
4 0.0155695 0.377704 0.0311391 0.691975
0 0.932812 0.660109 0.134376 0.649313
0 0.0192362 0.282156 0.0384725 0.564311
2 0.312622 0.781437 0.604677 0.427656
2 0.411601 0.583631 0.309286 0.828625
0 0.324321 0.708812 0.491144 0.582377
0 0.11326 0.549253 0.22652 0.690269
1 0.57022 0.770521 0.47784 0.447454
3 0.64425 0.62496 0.22142 0.170668
0 0.384162 0.773748 0.388192 0.452503
0 0.157373 0.323125 0.170545 0.615803
0 0.159999 0.209235 0.317669 0.397905
3 0.651486 0.609848 0.245277 0.310582
2 0.939539 0.45043 0.120923 0.867244
1 0.314437 0.773672 0.600652 0.436452
2 0.0937112 0.683172 0.187422 0.581278
0 0.309345 0.477506 0.609476 0.955011
2 0.217784 0.488866 0.131688 0.229679
2 0.935929 0.297936 0.128141 0.595872
2 0.79434 0.768516 0.383134 0.462969
0 0.680527 0.38037 0.638946 0.760739
4 0.799327 0.705382 0.401346 0.584196
4 0.68972 0.461759 0.379574 0.870836
2 0.0592493 0.793375 0.118499 0.409297
2 0.723221 0.717297 0.486692 0.352592
2 0.10904 0.780199 0.21808 0.439603
4 0.240203 0.557499 0.29315 0.146965
1 0.911795 0.278533 0.17641 0.557066
0 0.123611 0.401339 0.247222 0.79907
2 0.923668 0.780669 0.152665 0.438662
2 0.938772 0.787388 0.122457 0.425224
2 0.185492 0.294286 0.368457 0.588572
3 0.603963 0.562845 0.128798 0.22379
0 0.119798 0.196389 0.239595 0.371179
4 0.217784 0.488866 0.131688 0.229679
1 0.655638 0.252292 0.688723 0.504584
2 0.11326 0.549253 0.22652 0.690269
