0 0.789054 0.784931 0.421892 0.418865
0 0.498062 0.519657 0.056736 0.0806184
0 0.498076 0.463947 0.0643255 0.208951
0 0.488017 0.0281188 0.944136 0.0562375
0 0.557553 0.733685 0.233816 0.484356
0 0.497513 0.72832 0.125289 0.461459
0 0.516906 0.734223 0.52885 0.531553
0 0.54486 0.538575 0.072364 0.12643
0 0.350715 0.0305898 0.700277 0.0611797
0 0.477133 0.784395 0.583107 0.41242
0 0.365151 0.795951 0.718648 0.390159
0 0.685635 0.734885 0.366636 0.515082
0 0.762062 0.729286 0.475876 0.52991
3 0.456835 0.492911 0.666246 0.985822
0 0.25836 0.801591 0.505323 0.3877
0 0.59745 0.0362051 0.8051 0.0724103
0 0.47159 0.74465 0.298132 0.486711
0 0.687317 0.116104 0.625366 0.232208
0 0.732872 0.170526 0.534256 0.341051
3 0.203333 0.445941 0.399733 0.891882
3 0.928016 0.505566 0.143967 0.988868
0 0.481693 0.65288 0.0903652 0.421341
0 0.612812 0.716062 0.198386 0.526608
0 0.773199 0.45748 0.453602 0.91496
3 0.498062 0.519657 0.056736 0.0806184
0 0.462063 0.260755 0.907183 0.521509
0 0.225462 0.0834877 0.450924 0.166975
3 0.77188 0.760806 0.454425 0.478388
3 0.846911 0.7506 0.306179 0.4988
3 0.779204 0.183612 0.441593 0.367225
0 0.168121 0.827382 0.334499 0.345237
0 0.776453 0.0711998 0.447093 0.1424
3 0.598684 0.754181 0.378709 0.491638
0 0.560424 0.77658 0.432415 0.434787
3 0.745411 0.0875773 0.509178 0.175155
3 0.801724 0.714583 0.396552 0.549494
3 0.125573 0.500775 0.251145 0.99845
3 0.944727 0.794165 0.110546 0.411671
0 0.662582 0.772145 0.585951 0.432747
4 0.59745 0.0362051 0.8051 0.0724103
3 0.806002 0.401171 0.387996 0.802343
3 0.336574 0.50962 0.452521 0.973099
4 0.761006 0.495957 0.477988 0.991914
3 0.225462 0.0834877 0.450924 0.166975
4 0.498076 0.463947 0.0643255 0.208951
0 0.0901651 0.842944 0.180271 0.314112
0 0.666943 0.21641 0.666114 0.43282
3 0.176217 0.228876 0.348862 0.451214
0 0.529029 0.517174 0.0997786 0.298
3 0.67988 0.498409 0.636174 0.996817
4 0.66076 0.493452 0.678479 0.986904
3 0.116235 0.725656 0.23247 0.471559
0 0.277379 0.0489718 0.554758 0.0979436
3 0.249454 0.5 0.498908 1
3 0.905395 0.393819 0.18921 0.787638
3 0.498076 0.463947 0.0643255 0.208951
3 0.25585 0.667323 0.508057 0.654836
3 0.0283283 0.246879 0.0566566 0.493758
3 0.295109 0.0368884 0.590217 0.0737767
3 0.522522 0.766066 0.460647 0.467868
4 0.765389 0.731223 0.469222 0.526703
4 0.702963 0.200176 0.594074 0.400352
3 0.221313 0.212871 0.441385 0.425741
3 0.173545 0.712342 0.344016 0.573615
3 0.497513 0.72832 0.125289 0.461459
3 0.744577 0.694676 0.485677 0.605283
4 0.658802 0.0875129 0.682396 0.175026
4 0.488017 0.0281188 0.944136 0.0562375
3 0.419488 0.32056 0.771551 0.64112
3 0.187202 0.823298 0.368789 0.353404
3 0.16257 0.219323 0.325141 0.438646
3 0.346563 0.70153 0.671574 0.577261
4 0.419488 0.32056 0.771551 0.64112
3 0.635081 0.269283 0.729837 0.538566
3 0.260027 0.810081 0.507987 0.379838
4 0.498062 0.519657 0.056736 0.0806184
3 0.338018 0.795674 0.58835 0.408652
3 0.833036 0.506106 0.333928 0.987789
3 0.936649 0.72434 0.126702 0.55132
3 0.920263 0.578867 0.159474 0.670578
4 0.732623 0.758153 0.498517 0.483694
0 0.0135385 0.64533 0.0270769 0.709339
3 0.54486 0.538575 0.072364 0.12643
3 0.529029 0.517174 0.0997786 0.298
3 0.419217 0.779793 0.608325 0.440414
0 0.943923 0.795377 0.112155 0.409245
3 0.0237583 0.385221 0.0475166 0.770441
4 0.944727 0.794165 0.110546 0.411671
4 0.846911 0.7506 0.306179 0.4988
4 0.945346 0.760944 0.109308 0.478113
3 0.525025 0.0342757 0.949949 0.0685514
3 0.716519 0.332747 0.566961 0.665493
3 0.0249335 0.763032 0.0498669 0.473937
3 0.0135385 0.64533 0.0270769 0.709339
3 0.0141452 0.587245 0.0282904 0.740014
3 0.034595 0.805749 0.0691899 0.388502
4 0.606225 0.219408 0.78755 0.438815
3 0.685635 0.734885 0.366636 0.515082
3 0.578113 0.774534 0.404326 0.437626
0 0.833036 0.506106 0.333928 0.987789
4 0.156178 0.82978 0.310338 0.34044
4 0.476613 0.790434 0.582511 0.407067
3 0.702963 0.200176 0.594074 0.400352
4 0.350715 0.0305898 0.700277 0.0611797
3 0.0409829 0.841872 0.0819657 0.316256
3 0.404892 0.030248 0.801235 0.060496
0 0.0141452 0.587245 0.0282904 0.740014
3 0.687317 0.116104 0.625366 0.232208
3 0.557553 0.733685 0.233816 0.484356
3 0.61602 0.495057 0.273179 0.985641
4 0.598684 0.754181 0.378709 0.491638
3 0.612812 0.716062 0.198386 0.526608
3 0.219098 0.760451 0.43351 0.479099
4 0.271661 0.769463 0.526945 0.461075
4 0.835016 0.484264 0.329968 0.968528
0 0.806889 0.760737 0.386223 0.478526
3 0.824347 0.785641 0.351307 0.428719
4 0.516906 0.734223 0.52885 0.531553
4 0.528888 0.262296 0.918715 0.524591
4 0.41433 0.492155 0.621959 0.98431
4 0.365151 0.795951 0.718648 0.390159
3 0.0622836 0.771337 0.124567 0.457327
4 0.260027 0.810081 0.507987 0.379838
3 0.481693 0.65288 0.0903652 0.421341
0 0.419488 0.32056 0.771551 0.64112
3 0.943923 0.795377 0.112155 0.409245
3 0.478724 0.588446 0.104921 0.485264
3 0.324327 0.777669 0.640542 0.442393
4 0.525553 0.497177 0.884852 0.994354
3 0.0157539 0.478119 0.0315078 0.725153
4 0.716519 0.332747 0.566961 0.665493
4 0.276481 0.227408 0.552962 0.454816
4 0.776453 0.0711998 0.447093 0.1424
4 0.0840589 0.804301 0.168118 0.391397
0 0.0178277 0.707229 0.0356554 0.585541
0 0.944727 0.794165 0.110546 0.411671
0 0.936649 0.72434 0.126702 0.55132
0 0.478724 0.588446 0.104921 0.485264
4 0.101023 0.841238 0.202046 0.317524
4 0.338018 0.795674 0.58835 0.408652
3 0.0178277 0.707229 0.0356554 0.585541
0 0.219098 0.760451 0.43351 0.479099
3 0.056356 0.682576 0.112712 0.395568
3 0.516906 0.734223 0.52885 0.531553
4 0.662582 0.772145 0.585951 0.432747
4 0.225462 0.0834877 0.450924 0.166975
4 0.0409829 0.841872 0.0819657 0.316256
3 0.632414 0.0528502 0.735172 0.1057
3 0.0721382 0.483362 0.144276 0.838437
3 0.125362 0.220761 0.250725 0.436015
4 0.928016 0.505566 0.143967 0.988868
0 0.807446 0.412864 0.385107 0.825728
4 0.332398 0.271434 0.653958 0.542868
4 0.797164 0.786478 0.405672 0.420354
4 0.557553 0.733685 0.233816 0.484356
4 0.522522 0.766066 0.460647 0.467868
0 0.0157539 0.478119 0.0315078 0.725153
4 0.47159 0.74465 0.298132 0.486711
3 0.743262 0.779897 0.513476 0.4213
2 0.47159 0.74465 0.298132 0.486711
3 0.101172 0.443859 0.202344 0.852972
0 0.522522 0.766066 0.460647 0.467868
4 0.807446 0.412864 0.385107 0.825728
3 0.532701 0.247123 0.891601 0.494245
0 0.66076 0.493452 0.678479 0.986904
1 0.21437 0.814836 0.425394 0.370327
4 0.529029 0.517174 0.0997786 0.298
4 0.578113 0.774534 0.404326 0.437626
4 0.16257 0.219323 0.325141 0.438646
0 0.369287 0.442736 0.703883 0.885472
4 0.277379 0.0489718 0.554758 0.0979436
3 0.47159 0.74465 0.298132 0.486711
1 0.716519 0.332747 0.566961 0.665493
1 0.498076 0.463947 0.0643255 0.208951
4 0.779204 0.183612 0.441593 0.367225
4 0.905395 0.393819 0.18921 0.787638
0 0.276481 0.227408 0.552962 0.454816
4 0.235075 0.44101 0.465731 0.88202
4 0.497513 0.72832 0.125289 0.461459
2 0.469837 0.735392 0.593588 0.529217
4 0.54486 0.538575 0.072364 0.12643
0 0.16257 0.219323 0.325141 0.438646
0 0.306899 0.684942 0.610307 0.613443
3 0.332398 0.271434 0.653958 0.542868
0 0.0409829 0.841872 0.0819657 0.316256
0 0.598684 0.754181 0.378709 0.491638
4 0.478724 0.588446 0.104921 0.485264
0 0.716519 0.332747 0.566961 0.665493
4 0.0135385 0.64533 0.0270769 0.709339
4 0.20389 0.275746 0.400451 0.551492
4 0.419217 0.779793 0.608325 0.440414
3 0.0612586 0.564236 0.122517 0.516956
4 0.18811 0.793777 0.373273 0.412447
4 0.0237583 0.385221 0.0475166 0.770441
4 0.933571 0.696167 0.132857 0.555614
4 0.034595 0.805749 0.0691899 0.388502
0 0.905395 0.393819 0.18921 0.787638
0 0.920263 0.578867 0.159474 0.670578
4 0.0622836 0.771337 0.124567 0.457327
2 0.380543 0.765384 0.716874 0.464047
4 0.685635 0.734885 0.366636 0.515082
1 0.477133 0.784395 0.583107 0.41242
4 0.0178277 0.707229 0.0356554 0.585541
1 0.497513 0.72832 0.125289 0.461459
4 0.0141452 0.587245 0.0282904 0.740014
0 0.0622836 0.771337 0.124567 0.457327
0 0.383276 0.784657 0.62207 0.430686
0 0.332398 0.271434 0.653958 0.542868
0 0.034595 0.805749 0.0691899 0.388502
4 0.0283283 0.246879 0.0566566 0.493758
0 0.928016 0.505566 0.143967 0.988868
4 0.153309 0.451507 0.306619 0.903014
4 0.0157539 0.478119 0.0315078 0.725153
4 0.25585 0.667323 0.508057 0.654836
2 0.557553 0.733685 0.233816 0.484356
0 0.336574 0.50962 0.452521 0.973099
4 0.920263 0.578867 0.159474 0.670578
3 0.0840589 0.804301 0.168118 0.391397
4 0.0249335 0.763032 0.0498669 0.473937
0 0.0249335 0.763032 0.0498669 0.473937
0 0.0283283 0.246879 0.0566566 0.493758
4 0.481693 0.65288 0.0903652 0.421341
3 0.435175 0.791271 0.630912 0.406385
4 0.61602 0.495057 0.273179 0.985641
2 0.226187 0.792678 0.447638 0.414644
3 0.101023 0.841238 0.202046 0.317524
0 0.732623 0.758153 0.498517 0.483694
2 0.497513 0.72832 0.125289 0.461459
4 0.125362 0.220761 0.250725 0.436015
4 0.101172 0.443859 0.202344 0.852972
2 0.162632 0.773834 0.323111 0.452332
0 0.0237583 0.385221 0.0475166 0.770441
4 0.290557 0.5 0.56455 1
0 0.525553 0.497177 0.884852 0.994354
0 0.116235 0.725656 0.23247 0.471559
1 0.498062 0.519657 0.056736 0.0806184
1 0.815432 0.785785 0.369136 0.426921
0 0.61602 0.495057 0.273179 0.985641
4 0.346563 0.70153 0.671574 0.577261
4 0.056356 0.682576 0.112712 0.395568
1 0.635081 0.269283 0.729837 0.538566
4 0.612812 0.716062 0.198386 0.526608
4 0.0721382 0.483362 0.144276 0.838437
1 0.943923 0.795377 0.112155 0.409245
2 0.520184 0.782946 0.50215 0.422168
2 0.498062 0.519657 0.056736 0.0806184
2 0.116235 0.725656 0.23247 0.471559
2 0.54486 0.538575 0.072364 0.12643
2 0.905395 0.393819 0.18921 0.787638
2 0.789054 0.784931 0.421892 0.418865
2 0.246036 0.206546 0.492072 0.413092
2 0.77121 0.71382 0.457581 0.544853
2 0.943923 0.795377 0.112155 0.409245
1 0.732872 0.170526 0.534256 0.341051
1 0.560424 0.77658 0.432415 0.434787
4 0.0612586 0.564236 0.122517 0.516956
4 0.173545 0.712342 0.344016 0.573615
2 0.056356 0.682576 0.112712 0.395568
1 0.374729 0.79427 0.713331 0.391822
2 0.732872 0.170526 0.534256 0.341051
4 0.116235 0.725656 0.23247 0.471559
2 0.529029 0.517174 0.0997786 0.298
2 0.306899 0.684942 0.610307 0.613443
0 0.056356 0.682576 0.112712 0.395568
2 0.481693 0.65288 0.0903652 0.421341
1 0.162632 0.773834 0.323111 0.452332
2 0.944727 0.794165 0.110546 0.411671
2 0.156178 0.82978 0.310338 0.34044
2 0.928016 0.505566 0.143967 0.988868
1 0.746963 0.488802 0.506075 0.977604
0 0.166616 0.250129 0.331396 0.500258
1 0.203333 0.445941 0.399733 0.891882
2 0.101023 0.841238 0.202046 0.317524
2 0.685635 0.734885 0.366636 0.515082
4 0.119971 0.566552 0.239943 0.790586
2 0.933571 0.696167 0.132857 0.555614
2 0.204379 0.231246 0.399711 0.462493
2 0.287956 0.5 0.575912 1
1 0.529029 0.517174 0.0997786 0.298
0 0.173545 0.712342 0.344016 0.573615
2 0.0612586 0.564236 0.122517 0.516956
1 0.532701 0.247123 0.891601 0.494245
2 0.383276 0.784657 0.62207 0.430686
2 0.776453 0.0711998 0.447093 0.1424
2 0.217656 0.689054 0.431077 0.619675
2 0.732623 0.758153 0.498517 0.483694
2 0.0622836 0.771337 0.124567 0.457327
2 0.176697 0.5 0.349727 1
2 0.467221 0.775325 0.54607 0.449351
1 0.524328 0.0321948 0.951344 0.0643895
1 0.54486 0.538575 0.072364 0.12643
1 0.662582 0.772145 0.585951 0.432747
2 0.16257 0.219323 0.325141 0.438646
2 0.598684 0.754181 0.378709 0.491638
2 0.0840589 0.804301 0.168118 0.391397
0 0.125362 0.220761 0.250725 0.436015
2 0.498076 0.463947 0.0643255 0.208951
2 0.797974 0.502463 0.404052 0.990407
1 0.762892 0.746533 0.474216 0.486988
2 0.920263 0.578867 0.159474 0.670578
0 0.789129 0.784968 0.421742 0.418807
0 0.498084 0.519561 0.0567444 0.0803158
0 0.498102 0.46406 0.0642962 0.209043
0 0.487854 0.02781 0.944068 0.05562
0 0.557791 0.733433 0.233344 0.484064
0 0.497722 0.728123 0.125395 0.461118
0 0.516828 0.734061 0.529048 0.531878
0 0.544931 0.537935 0.0721324 0.124859
0 0.761465 0.730202 0.47707 0.527054
0 0.350883 0.0306253 0.700706 0.0612507
0 0.476833 0.783976 0.583632 0.413231
0 0.365319 0.795902 0.718983 0.390263
0 0.685855 0.734875 0.366606 0.515211
3 0.457083 0.492832 0.664609 0.985665
0 0.258429 0.801496 0.505399 0.38792
0 0.597524 0.0354459 0.804951 0.0708917
0 0.471804 0.744696 0.300095 0.486832
0 0.686863 0.115323 0.626274 0.230646
3 0.203507 0.445617 0.40008 0.891234
0 0.732818 0.168647 0.534364 0.337294
3 0.92778 0.505679 0.14444 0.988643
0 0.481732 0.652189 0.0903051 0.419908
3 0.498084 0.519561 0.0567444 0.0803158
0 0.612666 0.715947 0.197835 0.526182
0 0.773246 0.456909 0.453508 0.913818
0 0.462553 0.260187 0.908064 0.520374
0 0.225453 0.0832671 0.450906 0.166534
3 0.771533 0.760772 0.455154 0.478456
3 0.846681 0.750799 0.306638 0.498402
3 0.779229 0.182287 0.441542 0.364574
3 0.598822 0.754122 0.378438 0.491757
0 0.167987 0.827351 0.334211 0.345298
0 0.776143 0.0718341 0.447714 0.143668
3 0.744871 0.0877051 0.510258 0.17541
3 0.80197 0.714517 0.396059 0.549552
3 0.125415 0.50089 0.250831 0.998219
3 0.944699 0.794071 0.110603 0.411858
0 0.560454 0.776546 0.432246 0.434871
4 0.597524 0.0354459 0.804951 0.0708917
3 0.806159 0.400641 0.387682 0.801281
3 0.337681 0.511334 0.449981 0.969538
0 0.664789 0.772111 0.589101 0.432741
3 0.225453 0.0832671 0.450906 0.166534
4 0.761038 0.495917 0.477924 0.991833
4 0.498102 0.46406 0.0642962 0.209043
3 0.176306 0.22887 0.349037 0.450937
0 0.0900251 0.842895 0.179978 0.314211
3 0.681616 0.498542 0.632299 0.997084
0 0.667475 0.215188 0.665051 0.430376
0 0.529057 0.516934 0.0996218 0.29725
3 0.116175 0.725642 0.23235 0.470827
3 0.248917 0.5 0.497834 1
3 0.905335 0.393606 0.189331 0.787212
3 0.498102 0.46406 0.0642962 0.209043
3 0.25567 0.67252 0.507598 0.644658
3 0.0284054 0.246823 0.0568108 0.493647
0 0.277333 0.0488929 0.554665 0.0977858
3 0.295083 0.0368498 0.590167 0.0736995
3 0.521761 0.76606 0.462254 0.46788
4 0.765344 0.730312 0.469312 0.5286
3 0.221403 0.212627 0.441589 0.425255
4 0.703173 0.198225 0.593654 0.396451
3 0.497722 0.728123 0.125395 0.461118
3 0.173294 0.712845 0.343534 0.572824
3 0.744442 0.695318 0.485188 0.604197
4 0.487854 0.02781 0.944068 0.05562
3 0.419257 0.315033 0.769926 0.630065
4 0.658877 0.0854674 0.682247 0.170935
3 0.18703 0.82324 0.368423 0.353521
3 0.162912 0.219296 0.325824 0.438591
3 0.34728 0.70279 0.672861 0.574959
4 0.419257 0.315033 0.769926 0.630065
3 0.260543 0.809998 0.509023 0.380004
4 0.498084 0.519561 0.0567444 0.0803158
3 0.338578 0.795606 0.589994 0.408788
3 0.936681 0.724445 0.126637 0.551109
3 0.636262 0.268239 0.727477 0.536479
3 0.832956 0.506294 0.334087 0.987412
3 0.9201 0.578434 0.159799 0.668995
4 0.732703 0.758069 0.500249 0.483863
3 0.544931 0.537935 0.0721324 0.124859
3 0.529057 0.516934 0.0996218 0.29725
3 0.0237682 0.385197 0.0475365 0.770395
0 0.0136107 0.645515 0.0272215 0.708971
4 0.944699 0.794071 0.110603 0.411858
4 0.945261 0.761069 0.109477 0.477861
4 0.846681 0.750799 0.306638 0.498402
3 0.52497 0.0335701 0.95006 0.0671402
3 0.0250524 0.762983 0.0501047 0.474034
0 0.943861 0.795494 0.112278 0.409011
3 0.716883 0.329382 0.566234 0.658765
3 0.0136107 0.645515 0.0272215 0.708971
3 0.0346531 0.805685 0.0693062 0.388629
3 0.685855 0.734875 0.366606 0.515211
4 0.606571 0.218636 0.786857 0.437273
3 0.578551 0.774559 0.404416 0.437797
4 0.476142 0.790492 0.583289 0.406965
4 0.156059 0.829742 0.310071 0.340515
4 0.350883 0.0306253 0.700706 0.0612507
3 0.703173 0.198225 0.593654 0.396451
3 0.0410272 0.841761 0.0820544 0.316479
3 0.404974 0.0302423 0.801665 0.0604847
0 0.832956 0.506294 0.334087 0.987412
3 0.557791 0.733433 0.233344 0.484064
3 0.686863 0.115323 0.626274 0.230646
3 0.614462 0.495571 0.269681 0.984143
4 0.598822 0.754122 0.378438 0.491757
3 0.612666 0.715947 0.197835 0.526182
3 0.218933 0.760356 0.433193 0.479289
4 0.271766 0.7692 0.527078 0.461599
4 0.835115 0.483864 0.32977 0.967729
4 0.516828 0.734061 0.529048 0.531878
3 0.824354 0.785727 0.351291 0.428546
4 0.529158 0.261461 0.917225 0.522922
4 0.414347 0.492291 0.620397 0.984582
4 0.365319 0.795902 0.718983 0.390263
0 0.806997 0.760905 0.386006 0.47819
4 0.589484 0.487162 0.821032 0.974324
3 0.0622266 0.771297 0.124453 0.457406
3 0.481732 0.652189 0.0903051 0.419908
3 0.943861 0.795494 0.112278 0.409011
3 0.478837 0.58801 0.104428 0.483016
4 0.228453 0.81828 0.451523 0.36344
3 0.0157633 0.479006 0.0315266 0.722957
4 0.276269 0.227356 0.552538 0.454712
4 0.776143 0.0718341 0.447714 0.143668
4 0.716883 0.329382 0.566234 0.658765
4 0.0837778 0.804326 0.167556 0.391348
3 0.36954 0.440515 0.703242 0.881029
0 0.419257 0.315033 0.769926 0.630065
4 0.338578 0.795606 0.589994 0.408788
4 0.10091 0.841132 0.20182 0.317736
3 0.0179252 0.707211 0.0358505 0.585577
0 0.0179252 0.707211 0.0358505 0.585577
3 0.516828 0.734061 0.529048 0.531878
0 0.944699 0.794071 0.110603 0.411858
4 0.664789 0.772111 0.589101 0.432741
3 0.0563614 0.682601 0.112723 0.39537
0 0.478837 0.58801 0.104428 0.483016
0 0.936681 0.724445 0.126637 0.551109
4 0.225453 0.0832671 0.450906 0.166534
4 0.0410272 0.841761 0.0820544 0.316479
3 0.0719376 0.483614 0.143875 0.836006
0 0.218933 0.760356 0.433193 0.479289
3 0.125623 0.220692 0.251246 0.435667
4 0.92778 0.505679 0.14444 0.988643
3 0.632681 0.0513575 0.734639 0.102715
4 0.332238 0.270642 0.653372 0.541284
4 0.797294 0.786493 0.405412 0.420305
4 0.557791 0.733433 0.233344 0.484064
4 0.521761 0.76606 0.462254 0.46788
4 0.471804 0.744696 0.300095 0.486832
3 0.743123 0.779918 0.513754 0.421359
0 0.807464 0.41468 0.385073 0.82936
2 0.471804 0.744696 0.300095 0.486832
3 0.101166 0.444003 0.202331 0.852885
0 0.0157633 0.479006 0.0315266 0.722957
4 0.807464 0.41468 0.385073 0.82936
3 0.532534 0.246443 0.890701 0.492887
0 0.521761 0.76606 0.462254 0.46788
1 0.214246 0.814812 0.425136 0.370377
4 0.529057 0.516934 0.0996218 0.29725
4 0.578551 0.774559 0.404416 0.437797
4 0.162912 0.219296 0.325824 0.438591
0 0.661708 0.493447 0.676584 0.986895
4 0.277333 0.0488929 0.554665 0.0977858
3 0.471804 0.744696 0.300095 0.486832
1 0.716883 0.329382 0.566234 0.658765
1 0.498102 0.46406 0.0642962 0.209043
4 0.779229 0.182287 0.441542 0.364574
4 0.905335 0.393606 0.189331 0.787212
0 0.36954 0.440515 0.703242 0.881029
4 0.235103 0.440124 0.465813 0.880249
4 0.497722 0.728123 0.125395 0.461118
4 0.544931 0.537935 0.0721324 0.124859
2 0.469691 0.735181 0.593719 0.529637
3 0.332238 0.270642 0.653372 0.541284
0 0.276269 0.227356 0.552538 0.454712
4 0.478837 0.58801 0.104428 0.483016
4 0.203961 0.275784 0.400595 0.551568
4 0.0136107 0.645515 0.0272215 0.708971
3 0.0610913 0.564826 0.122183 0.513532
0 0.162912 0.219296 0.325824 0.438591
0 0.307342 0.688002 0.611139 0.607516
4 0.0237682 0.385197 0.0475365 0.770395
0 0.0410272 0.841761 0.0820544 0.316479
0 0.716883 0.329382 0.566234 0.658765
0 0.598822 0.754122 0.378438 0.491757
4 0.933552 0.696226 0.132897 0.554803
4 0.0346531 0.805685 0.0693062 0.388629
4 0.0622266 0.771297 0.124453 0.457406
4 0.685855 0.734875 0.366606 0.515211
2 0.380397 0.765193 0.716733 0.464509
4 0.0179252 0.707211 0.0358505 0.585577
1 0.476833 0.783976 0.583632 0.413231
0 0.905335 0.393606 0.189331 0.787212
0 0.9201 0.578434 0.159799 0.668995
1 0.497722 0.728123 0.125395 0.461118
4 0.0284054 0.246823 0.0568108 0.493647
4 0.153487 0.451231 0.306975 0.902461
0 0.457083 0.492832 0.664609 0.985665
4 0.0157633 0.479006 0.0315266 0.722957
0 0.0622266 0.771297 0.124453 0.457406
4 0.25567 0.67252 0.507598 0.644658
0 0.332238 0.270642 0.653372 0.541284
0 0.382957 0.784649 0.623326 0.430702
2 0.557791 0.733433 0.233344 0.484064
0 0.0346531 0.805685 0.0693062 0.388629
0 0.92778 0.505679 0.14444 0.988643
4 0.9201 0.578434 0.159799 0.668995
3 0.0837778 0.804326 0.167556 0.391348
4 0.0250524 0.762983 0.0501047 0.474034
4 0.481732 0.652189 0.0903051 0.419908
0 0.337681 0.511334 0.449981 0.969538
3 0.434114 0.791288 0.632364 0.406382
2 0.226179 0.792576 0.447615 0.414848
4 0.614462 0.495571 0.269681 0.984143
0 0.0250524 0.762983 0.0501047 0.474034
3 0.10091 0.841132 0.20182 0.317736
0 0.0284054 0.246823 0.0568108 0.493647
4 0.125623 0.220692 0.251246 0.435667
2 0.497722 0.728123 0.125395 0.461118
4 0.101166 0.444003 0.202331 0.852885
0 0.732703 0.758069 0.500249 0.483863
2 0.162426 0.773805 0.322691 0.45239
4 0.290654 0.5 0.563059 1
1 0.498084 0.519561 0.0567444 0.0803158
1 0.815578 0.785815 0.368844 0.426722
0 0.0237682 0.385197 0.0475365 0.770395
0 0.116175 0.725642 0.23235 0.470827
4 0.34728 0.70279 0.672861 0.574959
4 0.162426 0.773805 0.322691 0.45239
4 0.0563614 0.682601 0.112723 0.39537
0 0.614462 0.495571 0.269681 0.984143
1 0.636262 0.268239 0.727477 0.536479
4 0.612666 0.715947 0.197835 0.526182
4 0.0719376 0.483614 0.143875 0.836006
1 0.943861 0.795494 0.112278 0.409011
2 0.52026 0.782956 0.501862 0.422134
2 0.116175 0.725642 0.23235 0.470827
2 0.498084 0.519561 0.0567444 0.0803158
2 0.544931 0.537935 0.0721324 0.124859
2 0.905335 0.393606 0.189331 0.787212
2 0.789129 0.784968 0.421742 0.418807
2 0.246155 0.206191 0.49231 0.412381
2 0.771191 0.713782 0.457619 0.54493
2 0.943861 0.795494 0.112278 0.409011
1 0.732818 0.168647 0.534364 0.337294
1 0.560454 0.776546 0.432246 0.434871
4 0.0610913 0.564826 0.122183 0.513532
2 0.732818 0.168647 0.534364 0.337294
1 0.374552 0.794258 0.713185 0.391848
2 0.0563614 0.682601 0.112723 0.39537
4 0.116175 0.725642 0.23235 0.470827
2 0.529057 0.516934 0.0996218 0.29725
2 0.307342 0.688002 0.611139 0.607516
2 0.481732 0.652189 0.0903051 0.419908
1 0.162426 0.773805 0.322691 0.45239
2 0.944699 0.794071 0.110603 0.411858
2 0.156059 0.829742 0.310071 0.340515
0 0.0563614 0.682601 0.112723 0.39537
2 0.92778 0.505679 0.14444 0.988643
1 0.747041 0.488176 0.505918 0.976353
2 0.10091 0.841132 0.20182 0.317736
1 0.203507 0.445617 0.40008 0.891234
2 0.685855 0.734875 0.366606 0.515211
0 0.166749 0.250115 0.331666 0.50023
4 0.119724 0.569768 0.239448 0.778591
2 0.933552 0.696226 0.132897 0.554803
2 0.204437 0.231178 0.399835 0.462356
1 0.557518 0.232287 0.871601 0.464575
2 0.287935 0.5 0.575869 1
2 0.0610913 0.564826 0.122183 0.513532
1 0.529057 0.516934 0.0996218 0.29725
2 0.382957 0.784649 0.623326 0.430702
2 0.217392 0.691463 0.43049 0.615088
2 0.776143 0.0718341 0.447714 0.143668
2 0.732703 0.758069 0.500249 0.483863
2 0.0622266 0.771297 0.124453 0.457406
0 0.173294 0.712845 0.343534 0.572824
2 0.17669 0.5 0.349767 1
2 0.466069 0.775349 0.548534 0.449303
1 0.544931 0.537935 0.0721324 0.124859
1 0.664789 0.772111 0.589101 0.432741
1 0.524212 0.0316355 0.951576 0.0632711
2 0.162912 0.219296 0.325824 0.438591
2 0.598822 0.754122 0.378438 0.491757
2 0.0837778 0.804326 0.167556 0.391348
2 0.498102 0.46406 0.0642962 0.209043
1 0.762847 0.746376 0.474305 0.487296
2 0.9201 0.578434 0.159799 0.668995
2 0.797785 0.502771 0.40443 0.990215
0 0.125623 0.220692 0.251246 0.435667
1 0.632681 0.0513575 0.734639 0.102715
1 0.516828 0.734061 0.529048 0.531878
1 0.557791 0.733433 0.233344 0.484064
1 0.521761 0.76606 0.462254 0.46788
2 0.119724 0.569768 0.239448 0.778591
2 0.0141964 0.588018 0.0283928 0.739005
2 0.125623 0.220692 0.251246 0.435667
