0 0.499035 0.593455 0.106946 0.145894
0 0.786991 0.756244 0.426018 0.472315
0 0.499995 0.564713 0.108392 0.195139
2 0.499035 0.593455 0.106946 0.145894
0 0.50275 0.513605 0.115062 0.400258
1 0.499995 0.564713 0.108392 0.195139
1 0.499035 0.593455 0.106946 0.145894
0 0.562546 0.710947 0.245679 0.374051
2 0.499995 0.564713 0.108392 0.195139
0 0.514872 0.601836 0.14464 0.151973
4 0.499035 0.593455 0.106946 0.145894
0 0.374655 0.755305 0.376202 0.488256
1 0.50275 0.513605 0.115062 0.400258
4 0.605402 0.755032 0.326491 0.459653
4 0.499995 0.564713 0.108392 0.195139
1 0.786991 0.756244 0.426018 0.472315
4 0.78571 0.764437 0.428278 0.459977
0 0.327772 0.750527 0.551892 0.490235
0 0.243638 0.762589 0.472929 0.452514
0 0.0838038 0.810923 0.167203 0.364456
0 0.164079 0.766952 0.325824 0.445389
0 0.794737 0.654151 0.410527 0.691697
1 0.514872 0.601836 0.14464 0.151973
3 0.704939 0.757278 0.526848 0.459161
3 0.441921 0.397376 0.259714 0.547608
0 0.451247 0.4669 0.19593 0.392166
0 0.482927 0.752407 0.421083 0.464239
3 0.369381 0.73376 0.355288 0.463044
3 0.941854 0.80044 0.116292 0.399121
4 0.706191 0.755548 0.529806 0.462614
3 0.396173 0.423611 0.22152 0.60902
3 0.813484 0.706681 0.373033 0.584848
3 0.834754 0.499865 0.330492 0.991696
3 0.652211 0.756284 0.339172 0.487433
3 0.356311 0.3613 0.359237 0.722599
3 0.513394 0.762961 0.462081 0.474078
3 0.858656 0.765327 0.282687 0.469347
3 0.505268 0.359366 0.318805 0.718733
0 0.93873 0.77705 0.12254 0.4459
3 0.78291 0.760022 0.425735 0.479957
3 0.555218 0.397006 0.30712 0.794012
4 0.50275 0.513605 0.115062 0.400258
3 0.146358 0.335869 0.292426 0.655647
3 0.245023 0.801725 0.465965 0.396551
3 0.318102 0.406364 0.269493 0.790835
3 0.232164 0.36801 0.396334 0.73602
3 0.758604 0.278443 0.445111 0.553561
0 0.413368 0.554189 0.150479 0.53905
3 0.956102 0.455292 0.0877968 0.414377
3 0.674935 0.327678 0.603699 0.655355
3 0.33797 0.804514 0.391218 0.390973
3 0.50385 0.514939 0.13218 0.373247
3 0.605101 0.416679 0.296654 0.833358
3 0.532162 0.47946 0.277238 0.507604
2 0.374655 0.755305 0.376202 0.488256
3 0.327772 0.750527 0.551892 0.490235
3 0.531601 0.657455 0.23612 0.651786
3 0.232096 0.227549 0.464191 0.455098
3 0.719155 0.424731 0.372082 0.834258
3 0.461512 0.457647 0.231461 0.418164
3 0.60323 0.288326 0.607689 0.576653
0 0.0155587 0.65503 0.0311175 0.65969
0 0.117982 0.804442 0.234494 0.37907
3 0.404625 0.780812 0.371734 0.438376
3 0.235985 0.720154 0.458654 0.528848
3 0.113534 0.71136 0.226032 0.536463
3 0.447151 0.293692 0.596965 0.587383
3 0.939251 0.417041 0.121498 0.794162
3 0.658143 0.0626834 0.683714 0.125367
3 0.189265 0.558204 0.369786 0.883592
0 0.704939 0.757278 0.526848 0.459161
3 0.241612 0.644339 0.34992 0.696445
3 0.413368 0.554189 0.150479 0.53905
3 0.797814 0.718455 0.404372 0.389106
3 0.174242 0.806424 0.33713 0.387151
3 0.838725 0.236193 0.32255 0.472385
0 0.366145 0.71276 0.225273 0.574479
3 0.907842 0.767472 0.184316 0.465056
3 0.355237 0.664149 0.173769 0.646189
0 0.951397 0.644311 0.0972062 0.231546
4 0.486127 0.760609 0.549345 0.457831
3 0.794761 0.115654 0.410477 0.231308
3 0.686176 0.119367 0.627647 0.238733
3 0.93873 0.77705 0.12254 0.4459
3 0.116455 0.502172 0.232911 0.995655
3 0.350186 0.283101 0.588262 0.566201
3 0.828078 0.308249 0.304483 0.605673
3 0.970352 0.533988 0.0592952 0.13666
3 0.149633 0.505963 0.299267 0.988074
0 0.0664326 0.132466 0.132865 0.264933
3 0.951397 0.644311 0.0972062 0.231546
4 0.858656 0.765327 0.282687 0.469347
3 0.0664326 0.132466 0.132865 0.264933
3 0.124959 0.808319 0.247417 0.383361
0 0.0695455 0.769215 0.139002 0.442651
4 0.652211 0.756284 0.339172 0.487433
3 0.605161 0.566977 0.289273 0.778624
0 0.0122643 0.553335 0.0245286 0.698266
4 0.570493 0.761711 0.364052 0.476578
0 0.844565 0.302923 0.291884 0.600748
3 0.469102 0.0317827 0.789409 0.0635653
0 0.604633 0.0513528 0.790734 0.102706
0 0.0229385 0.710902 0.045877 0.574006
0 0.438269 0.0288625 0.84287 0.057725
0 0.361614 0.0479909 0.723227 0.0959818
3 0.149903 0.587021 0.299806 0.777531
3 0.920813 0.305323 0.158373 0.578832
4 0.941854 0.80044 0.116292 0.399121
3 0.168477 0.21411 0.336954 0.427337
4 0.374655 0.755305 0.376202 0.488256
3 0.596766 0.762987 0.332304 0.455705
2 0.704939 0.757278 0.526848 0.459161
3 0.878592 0.167467 0.242816 0.334933
3 0.832643 0.0911365 0.334715 0.182273
3 0.137576 0.18003 0.275153 0.353044
3 0.558612 0.0448006 0.79303 0.0896012
4 0.58648 0.703354 0.2983 0.367194
4 0.928341 0.763728 0.143318 0.472544
3 0.758151 0.19325 0.483698 0.386501
3 0.361614 0.0479909 0.723227 0.0959818
0 0.333127 0.0663266 0.666254 0.132653
3 0.425056 0.651277 0.18541 0.634484
2 0.408689 0.756569 0.578245 0.465643
0 0.308747 0.103941 0.617493 0.207882
3 0.333127 0.0663266 0.666254 0.132653
0 0.425056 0.651277 0.18541 0.634484
3 0.767607 0.575229 0.453998 0.820791
4 0.970352 0.533988 0.0592952 0.13666
3 0.397886 0.0340619 0.795773 0.0681239
3 0.550867 0.697907 0.229809 0.453536
3 0.0187042 0.259988 0.0374083 0.519975
0 0.907842 0.767472 0.184316 0.465056
3 0.149856 0.765885 0.297475 0.44514
0 0.970352 0.533988 0.0592952 0.13666
3 0.0209106 0.352771 0.0418212 0.703562
3 0.0233248 0.187888 0.0466495 0.375775
3 0.0176218 0.45958 0.0352436 0.802211
3 0.0713003 0.546144 0.142601 0.792851
4 0.946438 0.750365 0.107123 0.44
4 0.813484 0.706681 0.373033 0.584848
0 0.512563 0.0344836 0.754666 0.0689672
4 0.174242 0.806424 0.33713 0.387151
3 0.0520068 0.703421 0.104014 0.541721
0 0.0176218 0.45958 0.0352436 0.802211
4 0.235011 0.757126 0.460101 0.466651
3 0.0122852 0.624436 0.0245703 0.681725
3 0.366145 0.71276 0.225273 0.574479
0 0.794761 0.115654 0.410477 0.231308
0 0.832643 0.0911365 0.334715 0.182273
0 0.720911 0.193038 0.558179 0.386076
3 0.498739 0.566921 0.111914 0.19271
3 0.253484 0.130353 0.506967 0.260705
3 0.308747 0.103941 0.617493 0.207882
4 0.0370277 0.809936 0.0740553 0.380127
0 0.941854 0.80044 0.116292 0.399121
3 0.655882 0.641892 0.430544 0.704595
0 0.0323621 0.799137 0.0647242 0.401725
4 0.951397 0.644311 0.0972062 0.231546
0 0.113534 0.71136 0.226032 0.536463
4 0.477983 0.765706 0.477233 0.468587
0 0.253484 0.130353 0.506967 0.260705
4 0.834754 0.499865 0.330492 0.991696
3 0.0259009 0.768458 0.0518018 0.463084
0 0.0233248 0.187888 0.0466495 0.375775
0 0.524066 0.280438 0.553177 0.560875
0 0.858656 0.765327 0.282687 0.469347
4 0.245023 0.801725 0.465965 0.396551
3 0.427222 0.769962 0.535656 0.453502
0 0.597571 0.760515 0.330056 0.466973
4 0.0952234 0.792343 0.189487 0.39849
3 0.0370277 0.809936 0.0740553 0.380127
0 0.245023 0.801725 0.465965 0.396551
3 0.727278 0.686398 0.54014 0.627204
0 0.0370277 0.809936 0.0740553 0.380127
2 0.58648 0.703354 0.2983 0.367194
3 0.0323621 0.799137 0.0647242 0.401725
4 0.0695455 0.769215 0.139002 0.442651
4 0.956102 0.455292 0.0877968 0.414377
4 0.327772 0.750527 0.551892 0.490235
0 0.205362 0.228303 0.410723 0.456606
0 0.838725 0.236193 0.32255 0.472385
4 0.33797 0.804514 0.391218 0.390973
0 0.490537 0.462857 0.258838 0.427139
3 0.0229385 0.710902 0.045877 0.574006
0 0.686176 0.119367 0.627647 0.238733
0 0.920813 0.305323 0.158373 0.578832
0 0.0259009 0.768458 0.0518018 0.463084
4 0.558612 0.0448006 0.79303 0.0896012
0 0.17649 0.141684 0.352981 0.283369
0 0.806877 0.5 0.386245 1
4 0.844565 0.302923 0.291884 0.600748
2 0.366145 0.71276 0.225273 0.574479
4 0.939251 0.417041 0.121498 0.794162
4 0.451247 0.4669 0.19593 0.392166
3 0.0817943 0.338291 0.163589 0.630436
0 0.0209106 0.352771 0.0418212 0.703562
4 0.164079 0.766952 0.325824 0.445389
1 0.146297 0.798748 0.288631 0.388062
4 0.404625 0.780812 0.371734 0.438376
4 0.0176218 0.45958 0.0352436 0.802211
0 0.350186 0.283101 0.588262 0.566201
0 0.121014 0.1649 0.242028 0.317588
0 0.0187042 0.259988 0.0374083 0.519975
3 0.0952234 0.792343 0.189487 0.39849
0 0.120581 0.314266 0.241162 0.607972
4 0.0155587 0.65503 0.0311175 0.65969
0 0.33797 0.804514 0.391218 0.390973
4 0.0664326 0.132466 0.132865 0.264933
3 0.17649 0.141684 0.352981 0.283369
4 0.438269 0.0288625 0.84287 0.057725
4 0.124959 0.808319 0.247417 0.383361
3 0.514872 0.601836 0.14464 0.151973
4 0.480716 0.287463 0.573442 0.574927
4 0.0122643 0.553335 0.0245286 0.698266
0 0.258133 0.27643 0.516267 0.552859
3 0.120086 0.132296 0.240173 0.264591
4 0.350186 0.283101 0.588262 0.566201
4 0.0323621 0.799137 0.0647242 0.401725
4 0.920813 0.305323 0.158373 0.578832
2 0.78571 0.764437 0.428278 0.459977
4 0.60323 0.288326 0.607689 0.576653
3 0.0853262 0.155304 0.170652 0.29248
0 0.174242 0.806424 0.33713 0.387151
4 0.0233248 0.187888 0.0466495 0.375775
4 0.758604 0.278443 0.445111 0.553561
0 0.878592 0.167467 0.242816 0.334933
4 0.197995 0.699581 0.391692 0.560658
0 0.939251 0.417041 0.121498 0.794162
0 0.120086 0.132296 0.240173 0.264591
4 0.0209106 0.352771 0.0418212 0.703562
0 0.355237 0.664149 0.173769 0.646189
4 0.0229385 0.710902 0.045877 0.574006
4 0.674935 0.327678 0.603699 0.655355
0 0.0520068 0.703421 0.104014 0.541721
0 0.606035 0.386064 0.350465 0.772129
2 0.355237 0.664149 0.173769 0.646189
4 0.832643 0.0911365 0.334715 0.182273
0 0.441921 0.397376 0.259714 0.547608
0 0.956102 0.455292 0.0877968 0.414377
3 0.199972 0.793001 0.396151 0.396288
4 0.361614 0.0479909 0.723227 0.0959818
0 0.232164 0.36801 0.396334 0.73602
4 0.815649 0.396441 0.326187 0.75515
4 0.0259009 0.768458 0.0518018 0.463084
0 0.0853262 0.155304 0.170652 0.29248
4 0.258133 0.27643 0.516267 0.552859
4 0.113534 0.71136 0.226032 0.536463
2 0.451247 0.4669 0.19593 0.392166
0 0.513394 0.762961 0.462081 0.474078
0 0.298937 0.372865 0.366322 0.74573
0 0.404625 0.780812 0.371734 0.438376
0 0.652211 0.756284 0.339172 0.487433
3 0.0695455 0.769215 0.139002 0.442651
0 0.197995 0.699581 0.391692 0.560658
4 0.0187042 0.259988 0.0374083 0.519975
4 0.0520068 0.703421 0.104014 0.541721
4 0.878592 0.167467 0.242816 0.334933
0 0.727278 0.686398 0.54014 0.627204
4 0.720911 0.193038 0.558179 0.386076
0 0.393371 0.361013 0.401206 0.722026
2 0.605161 0.566977 0.289273 0.778624
0 0.531601 0.657455 0.23612 0.651786
4 0.205362 0.228303 0.410723 0.456606
4 0.490537 0.462857 0.258838 0.427139
4 0.658143 0.0626834 0.683714 0.125367
2 0.532162 0.47946 0.277238 0.507604
3 0.499035 0.593455 0.106946 0.145894
4 0.333127 0.0663266 0.666254 0.132653
4 0.686176 0.119367 0.627647 0.238733
4 0.441921 0.397376 0.259714 0.547608
4 0.794761 0.115654 0.410477 0.231308
2 0.275453 0.756963 0.531799 0.47356
1 0.408689 0.756569 0.578245 0.465643
4 0.0853262 0.155304 0.170652 0.29248
1 0.597571 0.760515 0.330056 0.466973
4 0.838725 0.236193 0.32255 0.472385
4 0.413368 0.554189 0.150479 0.53905
4 0.514872 0.601836 0.14464 0.151973
1 0.374655 0.755305 0.376202 0.488256
4 0.146358 0.335869 0.292426 0.655647
2 0.413368 0.554189 0.150479 0.53905
4 0.393371 0.361013 0.401206 0.722026
4 0.121014 0.1649 0.242028 0.317588
2 0.67475 0.385171 0.426775 0.767664
1 0.0838038 0.810923 0.167203 0.364456
2 0.606035 0.386064 0.350465 0.772129
2 0.18831 0.349724 0.348311 0.699447
0 0.396173 0.423611 0.22152 0.60902
2 0.0817943 0.338291 0.163589 0.630436
2 0.0853262 0.155304 0.170652 0.29248
0 0.758604 0.278443 0.445111 0.553561
4 0.298937 0.372865 0.366322 0.74573
0 0.67475 0.385171 0.426775 0.767664
4 0.232164 0.36801 0.396334 0.73602
2 0.796657 0.494418 0.402981 0.980392
4 0.396173 0.423611 0.22152 0.60902
2 0.205362 0.228303 0.410723 0.456606
4 0.120086 0.132296 0.240173 0.264591
4 0.308747 0.103941 0.617493 0.207882
1 0.230905 0.782057 0.45272 0.416754
0 0.499037 0.59346 0.106935 0.145921
0 0.787131 0.756258 0.425737 0.472283
0 0.5 0.564744 0.108372 0.195111
2 0.499037 0.59346 0.106935 0.145921
0 0.502762 0.51375 0.115052 0.400392
1 0.5 0.564744 0.108372 0.195111
1 0.499037 0.59346 0.106935 0.145921
0 0.562607 0.710676 0.245804 0.373509
2 0.5 0.564744 0.108372 0.195111
0 0.514943 0.601782 0.144727 0.151959
4 0.499037 0.59346 0.106935 0.145921
0 0.374678 0.755386 0.376247 0.488299
1 0.502762 0.51375 0.115052 0.400392
4 0.60544 0.755016 0.326511 0.459551
4 0.5 0.564744 0.108372 0.195111
1 0.787131 0.756258 0.425737 0.472283
4 0.785814 0.764453 0.428059 0.459942
0 0.327897 0.750736 0.551233 0.489883
0 0.24361 0.76236 0.472763 0.452976
0 0.0838397 0.810819 0.167282 0.364703
0 0.163944 0.766764 0.325569 0.445778
1 0.514943 0.601782 0.144727 0.151959
3 0.705023 0.757283 0.526991 0.459229
3 0.441961 0.398365 0.259235 0.54546
0 0.794856 0.656478 0.410289 0.687044
0 0.451252 0.466998 0.195841 0.392016
3 0.369335 0.733955 0.355367 0.463355
0 0.482221 0.752486 0.423211 0.464346
4 0.706231 0.755582 0.529821 0.462559
3 0.941856 0.800502 0.116288 0.398997
3 0.396339 0.424555 0.220448 0.606377
3 0.81364 0.707267 0.372719 0.584016
3 0.834789 0.499988 0.330421 0.99151
3 0.356334 0.36123 0.358916 0.72246
3 0.652203 0.756244 0.338871 0.487512
3 0.513212 0.76288 0.462478 0.474241
3 0.858732 0.765279 0.282537 0.469442
3 0.505151 0.359281 0.318593 0.718562
3 0.555125 0.396821 0.306897 0.793642
3 0.782977 0.760075 0.425594 0.47985
4 0.502762 0.51375 0.115052 0.400392
0 0.93874 0.777051 0.12252 0.445898
3 0.146203 0.335892 0.292077 0.655543
3 0.244994 0.801753 0.465704 0.396494
3 0.318085 0.407181 0.268877 0.787968
3 0.232101 0.368055 0.396137 0.736111
3 0.760679 0.278423 0.440691 0.553414
3 0.956461 0.456017 0.0870781 0.407398
3 0.675368 0.328036 0.603013 0.656032
3 0.338221 0.804465 0.389234 0.39107
3 0.503888 0.515171 0.13222 0.37307
0 0.413377 0.553672 0.150085 0.537778
3 0.605315 0.416271 0.295994 0.832543
3 0.532041 0.479713 0.277079 0.506315
2 0.374678 0.755386 0.376247 0.488299
3 0.327897 0.750736 0.551233 0.489883
3 0.53152 0.657668 0.236045 0.651424
3 0.232012 0.228439 0.464023 0.456878
3 0.71964 0.424137 0.371874 0.832602
3 0.461517 0.457801 0.231485 0.417871
3 0.60341 0.289451 0.607264 0.578901
3 0.235992 0.720488 0.458602 0.528362
3 0.40465 0.780744 0.370376 0.438513
3 0.447167 0.294118 0.596806 0.588237
3 0.113521 0.711638 0.226025 0.535996
3 0.189162 0.558038 0.369542 0.883924
3 0.939463 0.416531 0.121073 0.792359
3 0.658307 0.063144 0.683385 0.126288
0 0.0156497 0.655194 0.0312994 0.659622
3 0.241801 0.644737 0.349113 0.695468
3 0.413377 0.553672 0.150085 0.537778
3 0.797902 0.720847 0.404197 0.393831
0 0.117853 0.804435 0.234251 0.379134
3 0.838877 0.235295 0.322246 0.470589
3 0.174062 0.806511 0.336763 0.386979
3 0.907667 0.767512 0.184665 0.464976
0 0.705023 0.757283 0.526991 0.459229
3 0.355625 0.664291 0.172634 0.645803
4 0.485621 0.760598 0.550501 0.457887
3 0.794981 0.115845 0.410039 0.23169
3 0.93874 0.777051 0.12252 0.445898
3 0.686433 0.120788 0.627134 0.241576
0 0.366429 0.712879 0.224535 0.574242
3 0.116463 0.501756 0.232926 0.996489
3 0.350169 0.283781 0.58805 0.567563
0 0.951569 0.643975 0.0968626 0.23086
3 0.828129 0.306658 0.304094 0.602771
3 0.970441 0.53363 0.0591173 0.135573
3 0.149557 0.505966 0.299115 0.988068
3 0.951569 0.643975 0.0968626 0.23086
4 0.858732 0.765279 0.282537 0.469442
3 0.066476 0.132699 0.132952 0.265397
0 0.066476 0.132699 0.132952 0.265397
3 0.124837 0.808328 0.247198 0.383344
4 0.652203 0.756244 0.338871 0.487512
3 0.605151 0.567118 0.288746 0.776593
4 0.570527 0.761578 0.364062 0.476843
3 0.468818 0.0320822 0.788043 0.0641645
0 0.0696243 0.769169 0.139166 0.442763
0 0.84446 0.302066 0.291408 0.599086
0 0.0122918 0.553764 0.0245835 0.696927
3 0.920819 0.305352 0.158361 0.579616
3 0.149794 0.58846 0.299589 0.774643
3 0.168309 0.214222 0.336617 0.427164
4 0.941856 0.800502 0.116288 0.398997
4 0.374678 0.755386 0.376247 0.488299
0 0.604773 0.0518209 0.790453 0.103642
3 0.596921 0.763012 0.332143 0.455683
0 0.0230415 0.710871 0.046083 0.574174
2 0.705023 0.757283 0.526991 0.459229
3 0.878624 0.167272 0.242753 0.334545
0 0.437854 0.0291387 0.842074 0.0582773
3 0.832742 0.0911596 0.334515 0.182319
0 0.361091 0.0484926 0.722182 0.0969853
3 0.137324 0.179362 0.274648 0.351456
3 0.558244 0.0452177 0.791953 0.0904353
4 0.586519 0.703152 0.298444 0.366754
3 0.75859 0.193745 0.48282 0.38749
4 0.928251 0.763754 0.143498 0.472493
3 0.361091 0.0484926 0.722182 0.0969853
3 0.425071 0.651442 0.184898 0.63436
2 0.409157 0.756583 0.577617 0.465599
3 0.33262 0.0670872 0.665239 0.134174
0 0.33262 0.0670872 0.665239 0.134174
0 0.308179 0.104784 0.616357 0.209568
3 0.767589 0.575858 0.454022 0.819769
4 0.970441 0.53363 0.0591173 0.135573
3 0.397412 0.034399 0.794824 0.068798
3 0.0187801 0.259793 0.0375602 0.519585
3 0.550804 0.697694 0.229711 0.453014
0 0.425071 0.651442 0.184898 0.63436
3 0.149668 0.76587 0.29712 0.445279
3 0.0208873 0.352895 0.0417745 0.703636
3 0.0234248 0.187591 0.0468497 0.375182
3 0.0176146 0.459441 0.0352291 0.801894
3 0.0713232 0.545525 0.142646 0.793455
4 0.946614 0.750595 0.106771 0.440487
4 0.81364 0.707267 0.372719 0.584016
0 0.907667 0.767512 0.184665 0.464976
4 0.174062 0.806511 0.336763 0.386979
0 0.970441 0.53363 0.0591173 0.135573
3 0.0520085 0.703676 0.104017 0.541265
4 0.23494 0.757119 0.459976 0.466748
3 0.0123418 0.624799 0.0246836 0.681361
3 0.366429 0.712879 0.224535 0.574242
0 0.512084 0.0348005 0.753397 0.0696011
0 0.0176146 0.459441 0.0352291 0.801894
3 0.498757 0.566937 0.111886 0.192683
3 0.252936 0.131201 0.505872 0.262402
3 0.308179 0.104784 0.616357 0.209568
0 0.794981 0.115845 0.410039 0.23169
4 0.0371047 0.809888 0.0742093 0.380224
3 0.65583 0.642227 0.43024 0.704162
0 0.832742 0.0911596 0.334515 0.182319
0 0.721179 0.194305 0.557641 0.388611
0 0.941856 0.800502 0.116288 0.398997
4 0.951569 0.643975 0.0968626 0.23086
4 0.477978 0.765636 0.477226 0.468728
0 0.0324546 0.799133 0.0649093 0.401733
3 0.0260224 0.768415 0.0520448 0.46317
4 0.834789 0.499988 0.330421 0.99151
0 0.113521 0.711638 0.226025 0.535996
4 0.244994 0.801753 0.465704 0.396494
3 0.427597 0.76993 0.53449 0.453663
0 0.252936 0.131201 0.505872 0.262402
0 0.0234248 0.187591 0.0468497 0.375182
4 0.0953601 0.792127 0.189768 0.398949
0 0.52413 0.281142 0.552652 0.562283
0 0.858732 0.765279 0.282537 0.469442
3 0.0371047 0.809888 0.0742093 0.380224
3 0.727128 0.686347 0.54046 0.627307
0 0.597667 0.760527 0.329903 0.467058
2 0.586519 0.703152 0.298444 0.366754
3 0.0324546 0.799133 0.0649093 0.401733
4 0.0696243 0.769169 0.139166 0.442763
0 0.244994 0.801753 0.465704 0.396494
4 0.327897 0.750736 0.551233 0.489883
4 0.956461 0.456017 0.0870781 0.407398
0 0.0371047 0.809888 0.0742093 0.380224
3 0.0230415 0.710871 0.046083 0.574174
4 0.338221 0.804465 0.389234 0.39107
0 0.205254 0.228949 0.410508 0.457899
0 0.838877 0.235295 0.322246 0.470589
0 0.490431 0.463088 0.258876 0.426647
4 0.558244 0.0452177 0.791953 0.0904353
0 0.686433 0.120788 0.627134 0.241576
0 0.920819 0.305352 0.158361 0.579616
0 0.0260224 0.768415 0.0520448 0.46317
4 0.84446 0.302066 0.291408 0.599086
2 0.366429 0.712879 0.224535 0.574242
4 0.451252 0.466998 0.195841 0.392016
4 0.939463 0.416531 0.121073 0.792359
3 0.0822626 0.338259 0.164525 0.631286
0 0.175734 0.142038 0.351468 0.284075
4 0.163944 0.766764 0.325569 0.445778
0 0.806926 0.5 0.386148 1
1 0.146014 0.798842 0.288074 0.387945
4 0.40465 0.780744 0.370376 0.438513
4 0.0176146 0.459441 0.0352291 0.801894
0 0.0208873 0.352895 0.0417745 0.703636
3 0.0953601 0.792127 0.189768 0.398949
4 0.0156497 0.655194 0.0312994 0.659622
0 0.12098 0.164316 0.24196 0.316307
4 0.066476 0.132699 0.132952 0.265397
0 0.350169 0.283781 0.58805 0.567563
3 0.175734 0.142038 0.351468 0.284075
3 0.514943 0.601782 0.144727 0.151959
4 0.437854 0.0291387 0.842074 0.0582773
0 0.0187801 0.259793 0.0375602 0.519585
0 0.120602 0.314059 0.241203 0.607597
4 0.124837 0.808328 0.247198 0.383344
4 0.480803 0.28794 0.573265 0.575879
4 0.0122918 0.553764 0.0245835 0.696927
0 0.338221 0.804465 0.389234 0.39107
3 0.119515 0.132423 0.23903 0.264845
4 0.350169 0.283781 0.58805 0.567563
4 0.0324546 0.799133 0.0649093 0.401733
4 0.920819 0.305352 0.158361 0.579616
4 0.60341 0.289451 0.607264 0.578901
4 0.0234248 0.187591 0.0468497 0.375182
2 0.785814 0.764453 0.428059 0.459942
4 0.760679 0.278423 0.440691 0.553414
3 0.0856411 0.154899 0.171282 0.291715
0 0.258019 0.277265 0.516038 0.55453
4 0.197857 0.699829 0.391435 0.560273
4 0.0208873 0.352895 0.0417745 0.703636
4 0.675368 0.328036 0.603013 0.656032
0 0.174062 0.806511 0.336763 0.386979
4 0.0230415 0.710871 0.046083 0.574174
0 0.878624 0.167272 0.242753 0.334545
4 0.832742 0.0911596 0.334515 0.182319
2 0.355625 0.664291 0.172634 0.645803
0 0.939463 0.416531 0.121073 0.792359
0 0.119515 0.132423 0.23903 0.264845
0 0.355625 0.664291 0.172634 0.645803
3 0.199741 0.793021 0.395672 0.396281
4 0.361091 0.0484926 0.722182 0.0969853
4 0.81592 0.394374 0.325318 0.751534
4 0.0260224 0.768415 0.0520448 0.46317
0 0.0520085 0.703676 0.104017 0.541265
0 0.441961 0.398365 0.259235 0.54546
0 0.606278 0.38583 0.349891 0.771659
4 0.258019 0.277265 0.516038 0.55453
4 0.113521 0.711638 0.226025 0.535996
0 0.956461 0.456017 0.0870781 0.407398
2 0.451252 0.466998 0.195841 0.392016
0 0.232101 0.368055 0.396137 0.736111
0 0.0856411 0.154899 0.171282 0.291715
3 0.0696243 0.769169 0.139166 0.442763
0 0.298956 0.372924 0.365941 0.745848
4 0.0520085 0.703676 0.104017 0.541265
4 0.0187801 0.259793 0.0375602 0.519585
0 0.513212 0.76288 0.462478 0.474241
0 0.40465 0.780744 0.370376 0.438513
4 0.878624 0.167272 0.242753 0.334545
0 0.652203 0.756244 0.338871 0.487512
0 0.197857 0.699829 0.391435 0.560273
4 0.721179 0.194305 0.557641 0.388611
2 0.605151 0.567118 0.288746 0.776593
0 0.727128 0.686347 0.54046 0.627307
4 0.205254 0.228949 0.410508 0.457899
4 0.490431 0.463088 0.258876 0.426647
0 0.393397 0.360927 0.400874 0.721853
2 0.532041 0.479713 0.277079 0.506315
4 0.658307 0.063144 0.683385 0.126288
0 0.53152 0.657668 0.236045 0.651424
4 0.33262 0.0670872 0.665239 0.134174
3 0.499037 0.59346 0.106935 0.145921
4 0.441961 0.398365 0.259235 0.54546
4 0.686433 0.120788 0.627134 0.241576
1 0.409157 0.756583 0.577617 0.465599
4 0.794981 0.115845 0.410039 0.23169
2 0.275126 0.757006 0.531084 0.473569
4 0.0856411 0.154899 0.171282 0.291715
1 0.597667 0.760527 0.329903 0.467058
4 0.838877 0.235295 0.322246 0.470589
4 0.413377 0.553672 0.150085 0.537778
4 0.514943 0.601782 0.144727 0.151959
4 0.146203 0.335892 0.292077 0.655543
1 0.374678 0.755386 0.376247 0.488299
2 0.413377 0.553672 0.150085 0.537778
4 0.393397 0.360927 0.400874 0.721853
4 0.12098 0.164316 0.24196 0.316307
1 0.0838397 0.810819 0.167282 0.364703
2 0.606278 0.38583 0.349891 0.771659
2 0.675228 0.385054 0.426225 0.767248
2 0.188131 0.349832 0.348299 0.699663
2 0.0822626 0.338259 0.164525 0.631286
2 0.0856411 0.154899 0.171282 0.291715
4 0.298956 0.372924 0.365941 0.745848
4 0.232101 0.368055 0.396137 0.736111
4 0.396339 0.424555 0.220448 0.606377
0 0.396339 0.424555 0.220448 0.606377
2 0.796783 0.494468 0.402739 0.980463
2 0.205254 0.228949 0.410508 0.457899
4 0.119515 0.132423 0.23903 0.264845
0 0.760679 0.278423 0.440691 0.553414
4 0.308179 0.104784 0.616357 0.209568
0 0.675228 0.385054 0.426225 0.767248
1 0.230851 0.781923 0.452606 0.417051
