0 0.499445 0.609065 0.0772399 0.123851
0 0.500461 0.567751 0.0758636 0.202188
0 0.124399 0.589882 0.247797 0.284771
0 0.446626 0.612277 0.180664 0.130328
1 0.499445 0.609065 0.0772399 0.123851
0 0.799348 0.767126 0.401305 0.445547
0 0.545781 0.616427 0.162604 0.124389
0 0.558627 0.718647 0.198653 0.37669
2 0.499445 0.609065 0.0772399 0.123851
4 0.499445 0.609065 0.0772399 0.123851
0 0.180818 0.597591 0.349905 0.27978
1 0.500461 0.567751 0.0758636 0.202188
0 0.115662 0.856111 0.230511 0.280137
0 0.44912 0.640741 0.172466 0.245661
0 0.503628 0.524236 0.0777123 0.332217
0 0.42154 0.746705 0.234184 0.468332
3 0.112598 0.453223 0.222659 0.674792
0 0.160446 0.842507 0.313166 0.300856
0 0.849323 0.786198 0.301353 0.427604
3 0.822705 0.321272 0.354589 0.642543
3 0.548565 0.497856 0.198164 0.984784
0 0.669006 0.733259 0.393253 0.499222
4 0.798244 0.779081 0.403511 0.423258
0 0.52851 0.0351114 0.933486 0.0702228
3 0.796956 0.776741 0.401767 0.446518
3 0.794441 0.513887 0.344483 0.972226
3 0.5103 0.464059 0.297922 0.916016
3 0.623465 0.757174 0.329511 0.433749
3 0.697132 0.347079 0.54954 0.694158
3 0.559359 0.67889 0.155156 0.417158
3 0.558627 0.718647 0.198653 0.37669
3 0.268655 0.448273 0.424809 0.889423
3 0.374566 0.417753 0.521353 0.829344
3 0.940116 0.537522 0.119768 0.777458
3 0.813783 0.730184 0.372434 0.439296
0 0.370419 0.0332871 0.668281 0.0665741
0 0.416459 0.857145 0.27768 0.262483
3 0.871952 0.506471 0.256095 0.987058
0 0.106028 0.535139 0.212055 0.403624
3 0.700463 0.51616 0.359571 0.96768
3 0.604934 0.768944 0.394649 0.462111
0 0.516513 0.747095 0.221873 0.408314
3 0.80498 0.102505 0.390041 0.205009
3 0.889813 0.780507 0.220374 0.438987
3 0.44912 0.640741 0.172466 0.245661
3 0.0816588 0.388358 0.163318 0.518449
2 0.446626 0.612277 0.180664 0.130328
3 0.322469 0.0457084 0.644938 0.0914169
3 0.186732 0.413016 0.354763 0.791867
3 0.439098 0.613895 0.177188 0.321835
3 0.74876 0.499596 0.498163 0.991509
3 0.0186015 0.770762 0.0372031 0.458477
0 0.0653919 0.598723 0.130784 0.416012
3 0.295842 0.0677799 0.591684 0.13556
3 0.12331 0.544638 0.243236 0.361397
3 0.622012 0.0493955 0.755976 0.098791
3 0.0653919 0.598723 0.130784 0.416012
3 0.940696 0.543142 0.118608 0.541922
0 0.623465 0.757174 0.329511 0.433749
4 0.446626 0.612277 0.180664 0.130328
0 0.935025 0.801654 0.12995 0.396692
3 0.639173 0.501079 0.336814 0.970025
3 0.669006 0.733259 0.393253 0.499222
3 0.13235 0.595654 0.263082 0.283766
3 0.809269 0.184441 0.381461 0.368883
3 0.944018 0.318078 0.111964 0.621925
0 0.0799887 0.313948 0.159977 0.473816
4 0.500461 0.567751 0.0758636 0.202188
3 0.859302 0.604879 0.281397 0.596055
0 0.143689 0.718925 0.287194 0.542245
4 0.675667 0.754145 0.447949 0.455748
3 0.63661 0.308464 0.723578 0.616929
3 0.937585 0.808986 0.12483 0.382028
3 0.519687 0.0330318 0.960627 0.0660636
3 0.441737 0.354206 0.477372 0.703721
3 0.537587 0.79252 0.480874 0.414959
0 0.523177 0.53264 0.126352 0.382446
3 0.666764 0.0850788 0.666471 0.170158
3 0.696998 0.233297 0.606003 0.466594
3 0.574205 0.462124 0.30538 0.903353
3 0.261567 0.296582 0.422856 0.587243
3 0.796765 0.661515 0.40647 0.647665
0 0.322469 0.0457084 0.644938 0.0914169
3 0.42154 0.746705 0.234184 0.468332
0 0.828998 0.0903551 0.342004 0.18071
3 0.28347 0.729045 0.53425 0.537504
0 0.261654 0.725573 0.510515 0.532644
0 0.123991 0.664699 0.247983 0.434434
3 0.251916 0.61701 0.461382 0.447762
3 0.100571 0.252585 0.201142 0.50517
3 0.887104 0.386921 0.225793 0.773841
4 0.60049 0.761989 0.372105 0.450588
3 0.93575 0.238347 0.1285 0.476694
4 0.503628 0.524236 0.0777123 0.332217
3 0.370419 0.0332871 0.668281 0.0665741
3 0.026086 0.846732 0.052172 0.306536
3 0.271963 0.845727 0.494508 0.308546
4 0.21465 0.724337 0.422339 0.534276
3 0.38165 0.298832 0.516883 0.592463
4 0.143689 0.718925 0.287194 0.542245
3 0.503628 0.524236 0.0777123 0.332217
4 0.889813 0.780507 0.220374 0.438987
3 0.523177 0.53264 0.126352 0.382446
3 0.474269 0.8484 0.375706 0.3032
4 0.129454 0.860698 0.258095 0.270867
3 0.652807 0.380041 0.287469 0.756851
0 0.622012 0.0493955 0.755976 0.098791
3 0.255456 0.156787 0.510913 0.313574
3 0.364852 0.854818 0.369271 0.290364
3 0.864157 0.181473 0.271686 0.362947
0 0.763176 0.0998712 0.473648 0.199742
3 0.121991 0.303702 0.225987 0.541864
0 0.15893 0.149515 0.317859 0.29903
4 0.750045 0.77519 0.38619 0.449619
0 0.924205 0.75647 0.151589 0.478285
3 0.15893 0.149515 0.317859 0.29903
3 0.440608 0.251748 0.793357 0.503497
4 0.175828 0.837664 0.344473 0.31026
4 0.937585 0.808986 0.12483 0.382028
3 0.137452 0.494989 0.269969 0.504968
3 0.143689 0.718925 0.287194 0.542245
0 0.386833 0.780129 0.400149 0.416011
2 0.500461 0.567751 0.0758636 0.202188
0 0.0675149 0.451354 0.13503 0.648274
3 0.489185 0.568794 0.0942034 0.208595
0 0.295842 0.0677799 0.591684 0.13556
0 0.449014 0.366848 0.408341 0.721582
3 0.3895 0.363476 0.312696 0.722009
3 0.211393 0.840849 0.417313 0.318303
3 0.512766 0.571894 0.0964712 0.201178
3 0.545781 0.616427 0.162604 0.124389
3 0.566364 0.789203 0.429095 0.405891
3 0.0489699 0.436327 0.0979398 0.666163
3 0.415738 0.856808 0.304063 0.286385
3 0.0258545 0.714707 0.0517089 0.560159
0 0.0258545 0.714707 0.0517089 0.560159
3 0.252755 0.251826 0.494773 0.503651
0 0.255456 0.156787 0.510913 0.313574
0 0.937585 0.808986 0.12483 0.382028
3 0.510744 0.610296 0.0968251 0.12577
4 0.293695 0.764903 0.538995 0.445616
3 0.924205 0.75647 0.151589 0.478285
4 0.123991 0.664699 0.247983 0.434434
3 0.92802 0.672464 0.143959 0.357708
0 0.112598 0.453223 0.222659 0.674792
3 0.200124 0.599697 0.384769 0.300276
4 0.849323 0.786198 0.301353 0.427604
4 0.13235 0.595654 0.263082 0.283766
4 0.137452 0.494989 0.269969 0.504968
3 0.849323 0.786198 0.301353 0.427604
3 0.523326 0.836156 0.444508 0.311947
3 0.0143485 0.730832 0.0286971 0.538336
3 0.154787 0.841995 0.309574 0.31601
0 0.293643 0.855803 0.500014 0.264085
4 0.42154 0.746705 0.234184 0.468332
3 0.516513 0.747095 0.221873 0.408314
4 0.446589 0.765775 0.341196 0.451143
4 0.604934 0.768944 0.394649 0.462111
2 0.42154 0.746705 0.234184 0.468332
4 0.112598 0.453223 0.222659 0.674792
0 0.446589 0.765775 0.341196 0.451143
4 0.493126 0.037461 0.906987 0.0749219
4 0.0258545 0.714707 0.0517089 0.560159
0 0.439098 0.613895 0.177188 0.321835
4 0.622012 0.0493955 0.755976 0.098791
0 0.666764 0.0850788 0.666471 0.170158
4 0.293643 0.855803 0.500014 0.264085
0 0.864157 0.181473 0.271686 0.362947
0 0.93575 0.238347 0.1285 0.476694
4 0.934908 0.782527 0.130183 0.434947
3 0.935025 0.801654 0.12995 0.396692
4 0.516513 0.747095 0.221873 0.408314
3 0.322965 0.215924 0.554271 0.431847
0 0.400144 0.298148 0.48979 0.586587
4 0.15893 0.149515 0.317859 0.29903
0 0.944018 0.318078 0.111964 0.621925
4 0.364852 0.854818 0.369271 0.290364
2 0.545781 0.616427 0.162604 0.124389
3 0.243208 0.851394 0.470096 0.280134
4 0.940116 0.537522 0.119768 0.777458
4 0.379978 0.031412 0.684637 0.062824
4 0.416459 0.857145 0.27768 0.262483
0 0.829358 0.336839 0.341284 0.669167
0 0.211393 0.840849 0.417313 0.318303
0 0.79416 0.194137 0.41168 0.388274
4 0.537587 0.79252 0.480874 0.414959
4 0.415738 0.856808 0.304063 0.286385
0 0.137452 0.494989 0.269969 0.504968
4 0.545781 0.616427 0.162604 0.124389
4 0.416889 0.363317 0.466338 0.713214
4 0.666764 0.0850788 0.666471 0.170158
1 0.12331 0.544638 0.243236 0.361397
3 0.0643921 0.343015 0.128784 0.519223
0 0.497655 0.280036 0.844088 0.560072
0 0.940696 0.543142 0.118608 0.541922
4 0.026086 0.846732 0.052172 0.306536
0 0.889813 0.780507 0.220374 0.438987
0 0.415738 0.856808 0.304063 0.286385
4 0.211393 0.840849 0.417313 0.318303
4 0.523177 0.53264 0.126352 0.382446
3 0.320707 0.856573 0.409201 0.270304
4 0.106028 0.535139 0.212055 0.403624
4 0.0799887 0.313948 0.159977 0.473816
0 0.943601 0.489519 0.112797 0.824024
4 0.166758 0.397097 0.325685 0.713995
4 0.944018 0.318078 0.111964 0.621925
4 0.271963 0.845727 0.494508 0.308546
4 0.0653919 0.598723 0.130784 0.416012
4 0.940696 0.543142 0.118608 0.541922
2 0.432939 0.857046 0.295133 0.264287
0 0.519308 0.851008 0.441837 0.274447
4 0.0186015 0.770762 0.0372031 0.458477
4 0.828998 0.0903551 0.342004 0.18071
4 0.523326 0.836156 0.444508 0.311947
3 0.465294 0.853585 0.345268 0.273882
0 0.0849357 0.23583 0.169871 0.466444
4 0.386833 0.780129 0.400149 0.416011
0 0.537587 0.79252 0.480874 0.414959
1 0.13235 0.595654 0.263082 0.283766
3 0.0663242 0.222051 0.132648 0.444101
4 0.20895 0.601437 0.404097 0.282753
4 0.0143485 0.730832 0.0286971 0.538336
4 0.322965 0.215924 0.554271 0.431847
4 0.255456 0.156787 0.510913 0.313574
3 0.386833 0.780129 0.400149 0.416011
4 0.474269 0.8484 0.375706 0.3032
4 0.63661 0.308464 0.723578 0.616929
4 0.864157 0.181473 0.271686 0.362947
4 0.871952 0.506471 0.256095 0.987058
3 0.129454 0.860698 0.258095 0.270867
3 0.123991 0.664699 0.247983 0.434434
4 0.763176 0.0998712 0.473648 0.199742
2 0.446589 0.765775 0.341196 0.451143
0 0.549019 0.765184 0.477027 0.445922
1 0.503628 0.524236 0.0777123 0.332217
0 0.338141 0.253996 0.575192 0.507991
0 0.364852 0.854818 0.369271 0.290364
0 0.794933 0.528072 0.410134 0.921485
4 0.322469 0.0457084 0.644938 0.0914169
2 0.0806863 0.316706 0.161373 0.46888
4 0.0663242 0.222051 0.132648 0.444101
4 0.93575 0.238347 0.1285 0.476694
4 0.859302 0.604879 0.281397 0.596055
2 0.136315 0.590418 0.269896 0.283542
2 0.424133 0.267861 0.57159 0.535722
0 0.92802 0.672464 0.143959 0.357708
0 0.271963 0.845727 0.494508 0.308546
0 0.026086 0.846732 0.052172 0.306536
0 0.0143485 0.730832 0.0286971 0.538336
0 0.474269 0.8484 0.375706 0.3032
4 0.697132 0.347079 0.54954 0.694158
2 0.516513 0.747095 0.221873 0.408314
4 0.731973 0.222142 0.536054 0.444284
4 0.5103 0.464059 0.297922 0.916016
4 0.465294 0.853585 0.345268 0.273882
0 0.121991 0.303702 0.225987 0.541864
0 0.5103 0.464059 0.297922 0.916016
1 0.566364 0.789203 0.429095 0.405891
4 0.887104 0.386921 0.225793 0.773841
2 0.799393 0.652885 0.401213 0.671801
1 0.143845 0.846715 0.286648 0.29591
4 0.819848 0.320318 0.360304 0.6382
2 0.207914 0.287691 0.33756 0.570531
4 0.796765 0.661515 0.40647 0.647665
4 0.500809 0.377746 0.552481 0.755491
4 0.298565 0.303134 0.493505 0.6037
4 0.295842 0.0677799 0.591684 0.13556
0 0.574205 0.462124 0.30538 0.903353
4 0.497655 0.280036 0.844088 0.560072
2 0.60049 0.761989 0.372105 0.450588
4 0.747288 0.499536 0.463813 0.982005
2 0.439407 0.300005 0.43913 0.58827
4 0.48263 0.376737 0.356423 0.753474
4 0.79416 0.194137 0.41168 0.388274
2 0.121991 0.303702 0.225987 0.541864
2 0.79416 0.194137 0.41168 0.388274
0 0.859302 0.604879 0.281397 0.596055
0 0.559359 0.67889 0.155156 0.417158
4 0.548565 0.497856 0.198164 0.984784
2 0.519308 0.851008 0.441837 0.274447
2 0.131905 0.447828 0.262822 0.695509
1 0.822705 0.321272 0.354589 0.642543
1 0.0993928 0.86453 0.198786 0.26197
2 0.28347 0.729045 0.53425 0.537504
0 0.207914 0.287691 0.33756 0.570531
0 0.796765 0.661515 0.40647 0.647665
4 0.387773 0.289633 0.536971 0.579266
2 0.386833 0.780129 0.400149 0.416011
4 0.270129 0.698655 0.512263 0.446021
2 0.44912 0.640741 0.172466 0.245661
4 0.574205 0.462124 0.30538 0.903353
4 0.701894 0.400108 0.357897 0.762907
4 0.825286 0.514127 0.349428 0.971745
0 0.656614 0.561001 0.397224 0.873111
4 0.3895 0.363476 0.312696 0.722009
0 0.0186015 0.770762 0.0372031 0.458477
1 0.112598 0.453223 0.222659 0.674792
4 0.225447 0.291872 0.450893 0.583745
4 0.92802 0.672464 0.143959 0.357708
1 0.623465 0.757174 0.329511 0.433749
0 0.499462 0.609067 0.0772737 0.123842
0 0.500479 0.567782 0.0758966 0.202139
0 0.124562 0.589952 0.248126 0.284902
0 0.446622 0.612292 0.180661 0.130306
1 0.499462 0.609067 0.0772737 0.123842
0 0.799341 0.767243 0.401318 0.445247
0 0.545282 0.616372 0.161623 0.124375
2 0.499462 0.609067 0.0772737 0.123842
0 0.558265 0.717212 0.197954 0.373764
4 0.499462 0.609067 0.0772737 0.123842
0 0.180153 0.597271 0.348567 0.279245
1 0.500479 0.567782 0.0758966 0.202139
0 0.115878 0.856144 0.230944 0.280107
0 0.449233 0.639751 0.172223 0.243197
0 0.503607 0.524471 0.0776234 0.33139
0 0.421437 0.746646 0.234294 0.467629
3 0.112711 0.452678 0.222957 0.674829
0 0.160095 0.842583 0.31254 0.300717
3 0.823227 0.321956 0.353546 0.643913
3 0.54864 0.497853 0.197601 0.983634
4 0.798244 0.779149 0.403512 0.423163
0 0.849826 0.786447 0.300347 0.427106
0 0.669198 0.733335 0.392981 0.499254
3 0.796928 0.776745 0.401863 0.446511
3 0.793519 0.514076 0.341036 0.971848
0 0.528353 0.0352991 0.93331 0.0705983
3 0.510542 0.464017 0.297205 0.915916
3 0.623329 0.75694 0.329478 0.433577
3 0.697315 0.347452 0.546433 0.694905
3 0.558265 0.717212 0.197954 0.373764
3 0.559702 0.677583 0.154056 0.414124
3 0.374864 0.417326 0.520177 0.828483
3 0.268602 0.447578 0.422907 0.888001
3 0.940194 0.537491 0.119611 0.775797
3 0.815092 0.727405 0.369816 0.433361
3 0.872888 0.506578 0.254224 0.986845
0 0.370915 0.0334477 0.66729 0.0668953
3 0.700067 0.516373 0.355482 0.967253
3 0.604061 0.769137 0.396023 0.461726
0 0.10657 0.535682 0.21314 0.403121
0 0.416194 0.857121 0.277539 0.262588
3 0.805056 0.103429 0.389889 0.206858
3 0.889912 0.780675 0.220176 0.43865
3 0.449233 0.639751 0.172223 0.243197
3 0.0816775 0.389191 0.163355 0.520258
2 0.446622 0.612292 0.180661 0.130306
3 0.322483 0.0459165 0.644965 0.091833
0 0.515424 0.746853 0.21979 0.407781
3 0.4396 0.613443 0.17582 0.320149
3 0.186741 0.411877 0.354737 0.789889
3 0.749369 0.499644 0.49644 0.991661
3 0.0189411 0.770769 0.0378822 0.458461
3 0.29588 0.0679576 0.591761 0.135915
3 0.123564 0.54499 0.243762 0.362144
3 0.622504 0.0497055 0.754992 0.099411
3 0.0669289 0.597387 0.133858 0.412442
0 0.0669289 0.597387 0.133858 0.412442
3 0.940726 0.543463 0.118548 0.538345
4 0.446622 0.612292 0.180661 0.130306
3 0.669198 0.733335 0.392981 0.499254
3 0.639553 0.500821 0.334883 0.969546
3 0.13251 0.595709 0.263417 0.283964
3 0.809438 0.184237 0.381123 0.368475
3 0.944186 0.31782 0.111628 0.621664
4 0.500479 0.567782 0.0758966 0.202139
0 0.623329 0.75694 0.329478 0.433577
0 0.934858 0.801867 0.130284 0.396266
4 0.676082 0.754108 0.448355 0.455888
3 0.862301 0.607201 0.275398 0.57845
3 0.637147 0.310014 0.722287 0.620027
3 0.937472 0.809017 0.125057 0.381966
0 0.0799895 0.314017 0.159979 0.473924
0 0.143397 0.718683 0.286612 0.541895
3 0.519812 0.0333186 0.960375 0.0666373
3 0.442055 0.355296 0.476171 0.705897
3 0.537049 0.793243 0.481188 0.413514
3 0.697145 0.234176 0.60571 0.468352
3 0.667103 0.0854566 0.665794 0.170913
3 0.57436 0.46166 0.303576 0.902344
3 0.26143 0.296849 0.422284 0.587708
3 0.796767 0.666176 0.406466 0.63849
3 0.421437 0.746646 0.234294 0.467629
0 0.523179 0.532985 0.126068 0.380265
3 0.283304 0.729254 0.533729 0.537498
3 0.251353 0.618072 0.45977 0.441149
3 0.935779 0.23857 0.128442 0.47714
3 0.100488 0.252983 0.200976 0.505967
3 0.8874 0.38662 0.225199 0.77324
4 0.599996 0.762008 0.373094 0.450728
4 0.503607 0.524471 0.0776234 0.33139
0 0.124154 0.656939 0.248309 0.419053
0 0.322483 0.0459165 0.644965 0.091833
3 0.370915 0.0334477 0.66729 0.0668953
0 0.829258 0.0906684 0.341485 0.181337
3 0.0262754 0.846739 0.0525509 0.306522
0 0.261349 0.725664 0.509876 0.532771
3 0.272251 0.845797 0.49332 0.308406
3 0.381868 0.298865 0.516476 0.592745
4 0.214084 0.724372 0.421273 0.534246
4 0.143397 0.718683 0.286612 0.541895
3 0.503607 0.524471 0.0776234 0.33139
4 0.889912 0.780675 0.220176 0.43865
3 0.523179 0.532985 0.126068 0.380265
3 0.474106 0.848486 0.374969 0.303028
4 0.129516 0.860716 0.258213 0.270847
3 0.653034 0.380144 0.285861 0.757241
3 0.255461 0.157155 0.510922 0.314311
3 0.365153 0.854876 0.367852 0.290248
3 0.864658 0.181808 0.270684 0.363616
3 0.121972 0.303842 0.225844 0.542234
4 0.749941 0.775176 0.388071 0.449649
3 0.439743 0.254347 0.790737 0.508693
3 0.158668 0.149589 0.317336 0.299178
0 0.622504 0.0497055 0.754992 0.099411
4 0.175129 0.837806 0.343149 0.309986
4 0.937472 0.809017 0.125057 0.381966
0 0.158668 0.149589 0.317336 0.299178
0 0.763531 0.100804 0.472937 0.201609
3 0.137459 0.496524 0.269983 0.501619
0 0.924104 0.756625 0.151791 0.478289
3 0.143397 0.718683 0.286612 0.541895
2 0.500479 0.567782 0.0758966 0.202139
3 0.489193 0.568825 0.0941998 0.208536
3 0.389869 0.363295 0.311743 0.721584
3 0.512757 0.571892 0.0964771 0.201088
3 0.210895 0.84092 0.416301 0.318159
0 0.387118 0.780031 0.398441 0.416267
3 0.545282 0.616372 0.161623 0.124375
0 0.0679516 0.451533 0.135903 0.647637
3 0.566239 0.790258 0.428925 0.403797
3 0.049008 0.436471 0.0980159 0.666271
3 0.415627 0.85682 0.303962 0.28636
0 0.29588 0.0679576 0.591761 0.135915
0 0.449223 0.366818 0.407877 0.721545
3 0.0263453 0.714512 0.0526906 0.559467
3 0.253173 0.251778 0.494829 0.503556
3 0.510732 0.610276 0.0968287 0.125681
4 0.293732 0.764585 0.538289 0.446277
4 0.124154 0.656939 0.248309 0.419053
3 0.928014 0.671419 0.143972 0.354464
3 0.924104 0.756625 0.151791 0.478289
0 0.0263453 0.714512 0.0526906 0.559467
3 0.1998 0.599609 0.384138 0.299603
0 0.255461 0.157155 0.510922 0.314311
4 0.13251 0.595709 0.263417 0.283964
4 0.849826 0.786447 0.300347 0.427106
0 0.937472 0.809017 0.125057 0.381966
4 0.137459 0.496524 0.269983 0.501619
3 0.849826 0.786447 0.300347 0.427106
0 0.112711 0.452678 0.222957 0.674829
3 0.522906 0.836883 0.443514 0.310537
3 0.0145962 0.730663 0.0291925 0.538675
3 0.154482 0.84209 0.308964 0.315819
4 0.446231 0.765841 0.340635 0.451124
3 0.515424 0.746853 0.21979 0.407781
4 0.421437 0.746646 0.234294 0.467629
4 0.604061 0.769137 0.396023 0.461726
4 0.131841 0.446957 0.262766 0.694836
2 0.421437 0.746646 0.234294 0.467629
0 0.293934 0.855797 0.498218 0.264107
4 0.492824 0.0375324 0.906579 0.0750648
4 0.0263453 0.714512 0.0526906 0.559467
4 0.622504 0.0497055 0.754992 0.099411
0 0.446231 0.765841 0.340635 0.451124
4 0.293934 0.855797 0.498218 0.264107
0 0.4396 0.613443 0.17582 0.320149
4 0.93474 0.782595 0.13052 0.434811
4 0.515424 0.746853 0.21979 0.407781
3 0.323036 0.214732 0.554221 0.429464
3 0.934858 0.801867 0.130284 0.396266
0 0.667103 0.0854566 0.665794 0.170913
4 0.158668 0.149589 0.317336 0.299178
0 0.864658 0.181808 0.270684 0.363616
0 0.935779 0.23857 0.128442 0.47714
3 0.2428 0.851497 0.46908 0.280084
2 0.545282 0.616372 0.161623 0.124375
4 0.365153 0.854876 0.367852 0.290248
0 0.400342 0.298289 0.489444 0.587077
4 0.940194 0.537491 0.119611 0.775797
4 0.380401 0.0315446 0.683917 0.0630892
4 0.416194 0.857121 0.277539 0.262588
0 0.944186 0.31782 0.111628 0.621664
4 0.537049 0.793243 0.481188 0.413514
4 0.415627 0.85682 0.303962 0.28636
4 0.417187 0.363054 0.465688 0.712686
4 0.545282 0.616372 0.161623 0.124375
0 0.82969 0.337186 0.34062 0.669852
0 0.79461 0.193967 0.410779 0.387934
1 0.123564 0.54499 0.243762 0.362144
4 0.667103 0.0854566 0.665794 0.170913
3 0.0643978 0.343538 0.128796 0.519885
0 0.210895 0.84092 0.416301 0.318159
0 0.137459 0.496524 0.269983 0.501619
4 0.0262754 0.846739 0.0525509 0.306522
3 0.322026 0.856621 0.405436 0.270283
0 0.497192 0.286174 0.842846 0.572348
4 0.10657 0.535682 0.21314 0.403121
4 0.523179 0.532985 0.126068 0.380265
0 0.940726 0.543463 0.118548 0.538345
4 0.210895 0.84092 0.416301 0.318159
4 0.166821 0.396838 0.325878 0.714163
4 0.0799895 0.314017 0.159979 0.473924
0 0.889912 0.780675 0.220176 0.43865
4 0.944186 0.31782 0.111628 0.621664
4 0.0669289 0.597387 0.133858 0.412442
4 0.272251 0.845797 0.49332 0.308406
4 0.940726 0.543463 0.118548 0.538345
0 0.415627 0.85682 0.303962 0.28636
2 0.432962 0.85702 0.29539 0.264437
0 0.943696 0.488867 0.112608 0.821491
4 0.0801923 0.452388 0.160385 0.674647
4 0.0189411 0.770769 0.0378822 0.458461
4 0.829258 0.0906684 0.341485 0.181337
3 0.465014 0.853652 0.344471 0.273828
4 0.522906 0.836883 0.443514 0.310537
0 0.51848 0.851232 0.439671 0.274074
4 0.387118 0.780031 0.398441 0.416267
1 0.13251 0.595709 0.263417 0.283964
3 0.0662591 0.22207 0.132518 0.44414
4 0.208112 0.600528 0.402363 0.28095
4 0.0145962 0.730663 0.0291925 0.538675
0 0.0848978 0.236025 0.169796 0.466796
3 0.387118 0.780031 0.398441 0.416267
4 0.323036 0.214732 0.554221 0.429464
4 0.255461 0.157155 0.510922 0.314311
0 0.537049 0.793243 0.481188 0.413514
4 0.474106 0.848486 0.374969 0.303028
4 0.637147 0.310014 0.722287 0.620027
4 0.864658 0.181808 0.270684 0.363616
4 0.872888 0.506578 0.254224 0.986845
3 0.129516 0.860716 0.258213 0.270847
2 0.446231 0.765841 0.340635 0.451124
3 0.124154 0.656939 0.248309 0.419053
4 0.763531 0.100804 0.472937 0.201609
1 0.503607 0.524471 0.0776234 0.33139
4 0.322483 0.0459165 0.644965 0.091833
2 0.0806601 0.316758 0.16132 0.468707
4 0.0662591 0.22207 0.132518 0.44414
4 0.935779 0.23857 0.128442 0.47714
0 0.338247 0.252171 0.575127 0.504343
4 0.862301 0.607201 0.275398 0.57845
0 0.548994 0.765191 0.476887 0.445972
2 0.136469 0.590437 0.270201 0.283609
2 0.423942 0.267576 0.57054 0.535152
0 0.794954 0.532066 0.410092 0.913676
0 0.365153 0.854876 0.367852 0.290248
4 0.697315 0.347452 0.546433 0.694905
2 0.515424 0.746853 0.21979 0.407781
4 0.732395 0.222464 0.535209 0.444927
0 0.928014 0.671419 0.143972 0.354464
4 0.510542 0.464017 0.297205 0.915916
0 0.474106 0.848486 0.374969 0.303028
0 0.0262754 0.846739 0.0525509 0.306522
0 0.272251 0.845797 0.49332 0.308406
0 0.0145962 0.730663 0.0291925 0.538675
4 0.465014 0.853652 0.344471 0.273828
2 0.799497 0.658885 0.401006 0.659535
4 0.8874 0.38662 0.225199 0.77324
1 0.566239 0.790258 0.428925 0.403797
4 0.820246 0.3209 0.359509 0.639348
1 0.143736 0.846819 0.286459 0.295739
0 0.121972 0.303842 0.225844 0.542234
2 0.207888 0.287833 0.336947 0.570687
0 0.510542 0.464017 0.297205 0.915916
4 0.796767 0.666176 0.406466 0.63849
4 0.500872 0.378127 0.55054 0.756254
4 0.298438 0.303149 0.492704 0.603912
4 0.29588 0.0679576 0.591761 0.135915
2 0.599996 0.762008 0.373094 0.450728
4 0.497192 0.286174 0.842846 0.572348
4 0.746799 0.499583 0.461406 0.98222
2 0.439685 0.300457 0.438585 0.589355
4 0.79461 0.193967 0.410779 0.387934
4 0.482819 0.377197 0.355889 0.754394
2 0.121972 0.303842 0.225844 0.542234
0 0.57436 0.46166 0.303576 0.902344
2 0.79461 0.193967 0.410779 0.387934
4 0.54864 0.497853 0.197601 0.983634
2 0.51848 0.851232 0.439671 0.274074
1 0.823227 0.321956 0.353546 0.643913
2 0.131841 0.446957 0.262766 0.694836
0 0.559702 0.677583 0.154056 0.414124
2 0.283304 0.729254 0.533729 0.537498
1 0.0997002 0.864512 0.1994 0.262017
4 0.387894 0.289499 0.536786 0.578997
0 0.862301 0.607201 0.275398 0.57845
2 0.387118 0.780031 0.398441 0.416267
2 0.449233 0.639751 0.172223 0.243197
4 0.269977 0.697342 0.511822 0.442786
0 0.207888 0.287833 0.336947 0.570687
4 0.57436 0.46166 0.303576 0.902344
4 0.701529 0.399819 0.353233 0.762048
4 0.826021 0.514168 0.347959 0.971665
4 0.389869 0.363295 0.311743 0.721584
0 0.796767 0.666176 0.406466 0.63849
4 0.225803 0.292182 0.451606 0.584364
1 0.112711 0.452678 0.222957 0.674829
4 0.928014 0.671419 0.143972 0.354464
0 0.655726 0.565284 0.39158 0.864774
2 0.935779 0.23857 0.128442 0.47714
