0 0.776181 0.758772 0.447638 0.472073
0 0.338697 0.576087 0.0488706 0.132551
0 0.502488 0.516795 0.0374686 0.0610692
0 0.564161 0.695749 0.138174 0.405385
0 0.666303 0.747567 0.263442 0.49281
0 0.323767 0.585046 0.0816409 0.152056
0 0.537386 0.519668 0.0893936 0.0739075
0 0.505522 0.57384 0.0453123 0.169533
0 0.181672 0.764817 0.362822 0.454034
0 0.477652 0.522729 0.0949027 0.0855193
0 0.623792 0.750486 0.387008 0.493126
3 0.896777 0.559375 0.206446 0.87221
0 0.373217 0.551608 0.0946046 0.141853
0 0.840168 0.773023 0.319664 0.453954
3 0.797418 0.72391 0.405165 0.545188
4 0.77557 0.758771 0.44886 0.476195
3 0.491287 0.303263 0.349278 0.602838
0 0.559723 0.0269755 0.880554 0.053951
0 0.372112 0.573485 0.110756 0.129807
3 0.493491 0.457785 0.302534 0.91557
0 0.588268 0.721946 0.187967 0.520914
0 0.41236 0.719899 0.246273 0.44896
3 0.432116 0.320267 0.433024 0.640534
3 0.339892 0.370323 0.448779 0.740646
3 0.33985 0.386584 0.248798 0.76264
0 0.525068 0.734704 0.455531 0.529142
0 0.505173 0.461954 0.0415728 0.174837
0 0.413083 0.0284434 0.826166 0.0568868
0 0.122231 0.785771 0.244461 0.409892
0 0.494106 0.0426135 0.932994 0.0852269
3 0.773484 0.547534 0.453033 0.887811
3 0.9427 0.78784 0.114599 0.42432
0 0.346944 0.523271 0.0511026 0.279556
3 0.348154 0.500998 0.0795368 0.499177
3 0.79213 0.75963 0.411879 0.48074
3 0.82597 0.464728 0.348061 0.929456
3 0.203196 0.747243 0.399714 0.493433
0 0.325628 0.562986 0.067601 0.173093
3 0.112721 0.494553 0.225442 0.958233
3 0.946045 0.661081 0.107911 0.452198
0 0.932132 0.776796 0.135736 0.446408
3 0.373217 0.551608 0.0946046 0.141853
3 0.944516 0.779379 0.110969 0.441242
3 0.379267 0.550371 0.0998302 0.334693
3 0.18952 0.801384 0.365465 0.397233
3 0.610195 0.0280643 0.779611 0.0561287
3 0.417321 0.434963 0.195458 0.852576
0 0.646273 0.0299772 0.707455 0.0599543
1 0.776181 0.758772 0.447638 0.472073
3 0.793395 0.161357 0.41321 0.322715
3 0.899139 0.759281 0.201723 0.481439
3 0.401962 0.0336716 0.803923 0.0673432
3 0.219855 0.373274 0.430839 0.746548
3 0.505173 0.461954 0.0415728 0.174837
0 0.212509 0.0787056 0.425018 0.157411
3 0.329336 0.0448543 0.658672 0.0897085
3 0.546184 0.0384895 0.907632 0.076979
3 0.76186 0.0376759 0.47628 0.0753517
3 0.922285 0.224875 0.155429 0.44975
3 0.168781 0.499569 0.336754 0.999139
3 0.502488 0.516795 0.0374686 0.0610692
3 0.890224 0.453048 0.219553 0.906096
0 0.516496 0.31225 0.317945 0.621644
4 0.339737 0.561136 0.046735 0.161349
3 0.864685 0.301508 0.270629 0.603017
3 0.599714 0.754367 0.358211 0.491266
3 0.651868 0.367407 0.53629 0.734814
3 0.316711 0.370727 0.633423 0.741454
3 0.249766 0.805303 0.442073 0.389393
3 0.704148 0.0324102 0.591704 0.0648203
3 0.634192 0.468545 0.351898 0.901972
3 0.396472 0.792208 0.427327 0.415584
3 0.704287 0.755557 0.356419 0.488886
3 0.212509 0.0787056 0.425018 0.157411
3 0.132716 0.289728 0.26232 0.579456
3 0.937815 0.351824 0.12437 0.703648
3 0.149271 0.406409 0.292332 0.812818
3 0.285349 0.521896 0.138878 0.550993
4 0.560006 0.781613 0.358388 0.42911
3 0.752937 0.136777 0.494126 0.273555
4 0.122231 0.785771 0.244461 0.409892
3 0.939258 0.467962 0.121484 0.906566
3 0.0262506 0.77682 0.0525011 0.446359
3 0.346944 0.523271 0.0511026 0.279556
2 0.339737 0.561136 0.046735 0.161349
4 0.225846 0.754321 0.448033 0.475762
0 0.0184035 0.68479 0.036807 0.617342
0 0.817476 0.0455339 0.365048 0.0910677
3 0.132885 0.80256 0.263311 0.394881
3 0.528049 0.380755 0.454113 0.761509
3 0.468832 0.532788 0.12255 0.497222
3 0.852333 0.131999 0.295333 0.263997
3 0.798044 0.336657 0.403912 0.673313
3 0.552191 0.427576 0.334254 0.846938
0 0.272875 0.0474436 0.545749 0.0948872
4 0.502488 0.516795 0.0374686 0.0610692
0 0.76186 0.0376759 0.47628 0.0753517
4 0.704287 0.755557 0.356419 0.488886
3 0.242691 0.0571233 0.485383 0.114247
3 0.457411 0.778236 0.480798 0.443527
3 0.172863 0.293375 0.345726 0.58675
3 0.142716 0.751979 0.284676 0.487755
0 0.946385 0.738691 0.107231 0.369567
3 0.537827 0.77149 0.379024 0.45702
4 0.946385 0.738691 0.107231 0.369567
4 0.559723 0.0269755 0.880554 0.053951
2 0.227938 0.750294 0.447875 0.487967
4 0.623792 0.750486 0.387008 0.493126
4 0.176063 0.776956 0.350949 0.425236
3 0.0184035 0.68479 0.036807 0.617342
3 0.484013 0.749249 0.440134 0.494238
0 0.509571 0.497584 0.320465 0.995168
4 0.9427 0.78784 0.114599 0.42432
4 0.932132 0.776796 0.135736 0.446408
4 0.833174 0.756051 0.333652 0.487899
1 0.338697 0.576087 0.0488706 0.132551
3 0.520444 0.101256 0.746735 0.202512
4 0.899139 0.759281 0.201723 0.481439
4 0.455084 0.0377927 0.893627 0.0755854
4 0.505173 0.461954 0.0415728 0.174837
3 0.338697 0.576087 0.0488706 0.132551
3 0.637587 0.13316 0.724827 0.266319
3 0.0259824 0.43222 0.0519648 0.86444
3 0.537386 0.519668 0.0893936 0.0739075
3 0.321997 0.558421 0.0738696 0.367782
3 0.0290274 0.28089 0.0580548 0.561781
3 0.0320072 0.804236 0.0640144 0.391529
3 0.588268 0.721946 0.187967 0.520914
3 0.840168 0.773023 0.319664 0.453954
3 0.505522 0.57384 0.0453123 0.169533
3 0.817476 0.0455339 0.365048 0.0910677
3 0.0857648 0.422131 0.17153 0.818559
3 0.0295637 0.374585 0.0591274 0.749171
0 0.520444 0.101256 0.746735 0.202512
3 0.350431 0.270109 0.637246 0.540217
3 0.323767 0.585046 0.0816409 0.152056
4 0.493491 0.457785 0.302534 0.91557
4 0.18952 0.801384 0.365465 0.397233
4 0.525068 0.734704 0.455531 0.529142
0 0.351637 0.697085 0.0781676 0.383083
4 0.475765 0.784753 0.510073 0.419566
3 0.551819 0.532186 0.22143 0.932815
4 0.646273 0.0299772 0.707455 0.0599543
3 0.477652 0.522729 0.0949027 0.0855193
3 0.527147 0.251707 0.711155 0.503415
3 0.325628 0.562986 0.067601 0.173093
3 0.372112 0.573485 0.110756 0.129807
0 0.637587 0.13316 0.724827 0.266319
3 0.366986 0.788531 0.610057 0.409062
0 0.9427 0.78784 0.114599 0.42432
4 0.396472 0.792208 0.427327 0.415584
0 0.56703 0.781743 0.341308 0.432785
0 0.899139 0.759281 0.201723 0.481439
3 0.564161 0.695749 0.138174 0.405385
3 0.351637 0.697085 0.0781676 0.383083
1 0.351637 0.697085 0.0781676 0.383083
3 0.085899 0.267005 0.171798 0.534011
4 0.852333 0.131999 0.295333 0.263997
0 0.77575 0.495165 0.4485 0.990331
4 0.505239 0.308455 0.328786 0.614321
2 0.490587 0.741294 0.480342 0.511867
4 0.346944 0.523271 0.0511026 0.279556
0 0.379267 0.550371 0.0998302 0.334693
0 0.0925493 0.729489 0.185099 0.439231
0 0.922285 0.224875 0.155429 0.44975
0 0.527147 0.251707 0.711155 0.503415
3 0.0790408 0.284418 0.158082 0.568837
0 0.852333 0.131999 0.295333 0.263997
4 0.457411 0.778236 0.480798 0.443527
3 0.0184093 0.491241 0.0368186 0.848811
0 0.168781 0.499569 0.336754 0.999139
0 0.405963 0.274471 0.542196 0.548941
4 0.817476 0.0455339 0.365048 0.0910677
0 0.263478 0.316606 0.526955 0.633212
4 0.946045 0.661081 0.107911 0.452198
0 0.937815 0.351824 0.12437 0.703648
4 0.564161 0.695749 0.138174 0.405385
4 0.0320072 0.804236 0.0640144 0.391529
0 0.946045 0.661081 0.107911 0.452198
4 0.366986 0.788531 0.610057 0.409062
4 0.76186 0.0376759 0.47628 0.0753517
0 0.321997 0.558421 0.0738696 0.367782
4 0.690418 0.131866 0.619163 0.263731
4 0.212509 0.0787056 0.425018 0.157411
4 0.129909 0.5 0.25782 1
4 0.582513 0.75568 0.346054 0.488641
3 0.533642 0.498608 0.108318 0.246745
4 0.329336 0.0448543 0.658672 0.0897085
0 0.528049 0.380755 0.454113 0.761509
4 0.0229083 0.734775 0.0458166 0.52972
4 0.77575 0.495165 0.4485 0.990331
1 0.482995 0.750661 0.500202 0.482538
3 0.41236 0.719899 0.246273 0.44896
0 0.0295637 0.374585 0.0591274 0.749171
4 0.432116 0.320267 0.433024 0.640534
3 0.10734 0.766872 0.21468 0.452396
4 0.0184035 0.68479 0.036807 0.617342
4 0.249766 0.805303 0.442073 0.389393
2 0.771512 0.756166 0.449874 0.487669
4 0.350431 0.270109 0.637246 0.540217
0 0.943036 0.549308 0.113928 0.778133
0 0.085899 0.267005 0.171798 0.534011
0 0.0184093 0.491241 0.0368186 0.848811
0 0.0290274 0.28089 0.0580548 0.561781
4 0.310351 0.356689 0.620703 0.713377
0 0.0259824 0.43222 0.0519648 0.86444
0 0.533642 0.498608 0.108318 0.246745
4 0.595222 0.117559 0.774391 0.235119
2 0.502488 0.516795 0.0374686 0.0610692
4 0.666303 0.747567 0.263442 0.49281
0 0.0229083 0.734775 0.0458166 0.52972
3 0.584498 0.764641 0.348956 0.457487
4 0.922285 0.224875 0.155429 0.44975
3 0.117247 0.285067 0.234495 0.570134
0 0.752937 0.136777 0.494126 0.273555
0 0.588883 0.508366 0.372137 0.983267
0 0.835108 0.333302 0.329784 0.666603
4 0.0290274 0.28089 0.0580548 0.561781
4 0.0219855 0.461504 0.043971 0.837708
4 0.0300501 0.800442 0.0601002 0.396041
0 0.285349 0.521896 0.138878 0.550993
4 0.0295637 0.374585 0.0591274 0.749171
1 0.505522 0.57384 0.0453123 0.169533
4 0.242691 0.0571233 0.485383 0.114247
4 0.937815 0.351824 0.12437 0.703648
4 0.351637 0.697085 0.0781676 0.383083
0 0.207168 0.804921 0.406886 0.390159
4 0.793395 0.161357 0.41321 0.322715
4 0.323767 0.585046 0.0816409 0.152056
0 0.737373 0.332878 0.476671 0.665757
4 0.339892 0.370323 0.448779 0.740646
4 0.208314 0.314163 0.416628 0.628326
2 0.537386 0.519668 0.0893936 0.0739075
4 0.537386 0.519668 0.0893936 0.0739075
4 0.798044 0.336657 0.403912 0.673313
4 0.085899 0.267005 0.171798 0.534011
3 0.666303 0.747567 0.263442 0.49281
0 0.552191 0.427576 0.334254 0.846938
1 0.372112 0.573485 0.110756 0.129807
0 0.855129 0.457047 0.289741 0.914093
4 0.939258 0.467962 0.121484 0.906566
0 0.0300501 0.800442 0.0601002 0.396041
4 0.41236 0.719899 0.246273 0.44896
0 0.348154 0.500998 0.0795368 0.499177
4 0.588883 0.508366 0.372137 0.983267
0 0.0320072 0.804236 0.0640144 0.391529
4 0.896777 0.559375 0.206446 0.87221
0 0.468832 0.532788 0.12255 0.497222
0 0.197954 0.37285 0.378777 0.745701
2 0.373217 0.551608 0.0946046 0.141853
1 0.168008 0.784082 0.332474 0.417036
4 0.864685 0.301508 0.270629 0.603017
1 0.502488 0.516795 0.0374686 0.0610692
1 0.346944 0.523271 0.0511026 0.279556
4 0.0925493 0.729489 0.185099 0.439231
2 0.41236 0.719899 0.246273 0.44896
4 0.33985 0.386584 0.248798 0.76264
0 0.793395 0.161357 0.41321 0.322715
0 0.704287 0.755557 0.356419 0.488886
2 0.165329 0.320684 0.327837 0.641367
4 0.379267 0.550371 0.0998302 0.334693
4 0.468832 0.532788 0.12255 0.497222
0 0.383229 0.74559 0.697184 0.484582
4 0.214794 0.393602 0.338746 0.787204
4 0.285349 0.521896 0.138878 0.550993
0 0.651868 0.367407 0.53629 0.734814
0 0.122369 0.399992 0.239888 0.795584
4 0.552191 0.427576 0.334254 0.846938
4 0.348154 0.500998 0.0795368 0.499177
4 0.855129 0.457047 0.289741 0.914093
4 0.527147 0.251707 0.711155 0.503415
1 0.58145 0.752171 0.337199 0.482012
1 0.505173 0.461954 0.0415728 0.174837
0 0.446666 0.782708 0.544346 0.416887
4 0.588268 0.721946 0.187967 0.520914
2 0.323767 0.585046 0.0816409 0.152056
2 0.325628 0.562986 0.067601 0.173093
0 0.551819 0.532186 0.22143 0.932815
2 0.806691 0.501756 0.386618 0.996487
4 0.0790408 0.284418 0.158082 0.568837
2 0.219855 0.373274 0.430839 0.746548
4 0.417321 0.434963 0.195458 0.852576
2 0.937815 0.351824 0.12437 0.703648
4 0.089168 0.496804 0.178336 0.919375
4 0.528049 0.380755 0.454113 0.761509
2 0.372112 0.573485 0.110756 0.129807
0 0.172863 0.293375 0.345726 0.58675
4 0.117247 0.285067 0.234495 0.570134
0 0.417321 0.434963 0.195458 0.852576
3 0.73665 0.760317 0.425508 0.460265
0 0.396472 0.792208 0.427327 0.415584
4 0.505522 0.57384 0.0453123 0.169533
2 0.580918 0.777493 0.331329 0.4381
1 0.944516 0.779379 0.110969 0.441242
2 0.737373 0.332878 0.476671 0.665757
4 0.321997 0.558421 0.0738696 0.367782
4 0.651868 0.367407 0.53629 0.734814
4 0.132716 0.289728 0.26232 0.579456
2 0.351637 0.697085 0.0781676 0.383083
2 0.524038 0.328031 0.336407 0.656062
0 0.776209 0.758714 0.447581 0.472142
0 0.338738 0.576091 0.0489568 0.13255
0 0.502533 0.51678 0.0375038 0.0610363
0 0.564214 0.695347 0.137948 0.404692
0 0.666771 0.747504 0.264314 0.492888
0 0.323815 0.585035 0.0816078 0.152042
0 0.537406 0.51964 0.0893492 0.0738522
0 0.505589 0.573625 0.0453564 0.169175
0 0.181363 0.764821 0.362212 0.454106
3 0.897083 0.560721 0.205834 0.869076
0 0.477684 0.522589 0.0948738 0.085194
0 0.624488 0.750494 0.388128 0.493189
0 0.373211 0.551542 0.0946059 0.141701
0 0.840272 0.772981 0.319456 0.454039
3 0.797729 0.723762 0.404541 0.545041
4 0.775623 0.758737 0.448754 0.476277
3 0.491819 0.303254 0.348016 0.602334
0 0.560211 0.0272193 0.879578 0.0544386
3 0.49354 0.457492 0.302595 0.914985
0 0.372097 0.57348 0.110766 0.129738
3 0.433569 0.319722 0.429948 0.639443
0 0.588555 0.72188 0.186995 0.520452
0 0.412228 0.71947 0.246636 0.44813
3 0.340544 0.370105 0.446096 0.740209
3 0.339739 0.386622 0.246855 0.761752
0 0.505218 0.46198 0.0416212 0.174889
0 0.524887 0.734676 0.455771 0.529314
0 0.121981 0.785697 0.243962 0.41003
0 0.412728 0.028756 0.825456 0.0575119
3 0.773536 0.548715 0.452928 0.885449
3 0.942711 0.787826 0.114578 0.424348
0 0.49416 0.0429581 0.932521 0.0859162
3 0.348161 0.500977 0.0795231 0.499492
0 0.346975 0.523263 0.0511526 0.279473
3 0.792024 0.759555 0.412097 0.480891
3 0.203225 0.747253 0.399761 0.493488
3 0.82608 0.464582 0.34784 0.929165
3 0.946084 0.660319 0.107832 0.45028
3 0.112728 0.494036 0.225457 0.956634
3 0.373211 0.551542 0.0946059 0.141701
0 0.325644 0.562968 0.0676034 0.173024
3 0.944465 0.779356 0.11107 0.441289
0 0.93204 0.776808 0.135919 0.446383
3 0.379291 0.550244 0.0998938 0.334473
3 0.189533 0.801605 0.365427 0.396789
3 0.610094 0.0282519 0.779812 0.0565038
3 0.41768 0.434893 0.196113 0.852505
1 0.776209 0.758714 0.447581 0.472142
3 0.793507 0.161908 0.412985 0.323817
3 0.899079 0.759176 0.201842 0.481648
3 0.401731 0.0340565 0.803461 0.0681129
3 0.219747 0.373061 0.429906 0.746121
0 0.64627 0.0300984 0.70746 0.0601969
3 0.505218 0.46198 0.0416212 0.174889
3 0.328706 0.0454655 0.657411 0.090931
3 0.546677 0.0388584 0.906646 0.0777168
3 0.762168 0.0377655 0.475664 0.075531
3 0.922301 0.225083 0.155398 0.450166
3 0.168699 0.499596 0.336583 0.999193
0 0.212245 0.0795602 0.424489 0.15912
3 0.502533 0.51678 0.0375038 0.0610363
3 0.890325 0.452957 0.219351 0.905915
4 0.339766 0.561136 0.0467939 0.161331
3 0.864792 0.301917 0.270416 0.603834
3 0.653255 0.367722 0.533052 0.735444
3 0.599747 0.754318 0.357925 0.491364
0 0.516588 0.312568 0.317699 0.622067
3 0.316845 0.372364 0.63369 0.744727
3 0.250061 0.805576 0.442613 0.388849
3 0.634664 0.468216 0.351309 0.900615
3 0.704586 0.0325147 0.590829 0.0650294
3 0.396779 0.792394 0.428367 0.415212
3 0.704691 0.755467 0.356857 0.489065
3 0.212245 0.0795602 0.424489 0.15912
3 0.1326 0.289939 0.262152 0.579877
3 0.937828 0.351985 0.124344 0.703969
3 0.149192 0.406558 0.292274 0.813115
3 0.285362 0.52196 0.138679 0.551012
3 0.753432 0.137674 0.493136 0.275348
4 0.559854 0.781717 0.358179 0.428946
4 0.121981 0.785697 0.243962 0.41003
3 0.939275 0.467948 0.121449 0.905358
3 0.346975 0.523263 0.0511526 0.279473
3 0.0264624 0.776819 0.0529248 0.446361
2 0.339766 0.561136 0.0467939 0.161331
4 0.225873 0.754336 0.448123 0.475786
3 0.132594 0.802683 0.262728 0.394635
3 0.528782 0.380667 0.452259 0.761334
3 0.4689 0.531076 0.122657 0.499597
0 0.0185483 0.685016 0.0370966 0.616997
0 0.817906 0.0456038 0.364189 0.0912076
3 0.852565 0.132172 0.294869 0.264344
3 0.552314 0.427193 0.334174 0.845867
3 0.798805 0.337246 0.402391 0.674493
4 0.502533 0.51678 0.0375038 0.0610363
0 0.272337 0.0480384 0.544674 0.0960769
4 0.704691 0.755467 0.356857 0.489065
0 0.762168 0.0377655 0.475664 0.075531
3 0.242232 0.0577837 0.484464 0.115567
3 0.142352 0.752043 0.283956 0.487696
3 0.172477 0.293469 0.344953 0.586938
3 0.457449 0.778398 0.480811 0.443203
3 0.537747 0.771648 0.37862 0.456703
4 0.560211 0.0272193 0.879578 0.0544386
4 0.946459 0.738178 0.107082 0.368466
4 0.624488 0.750494 0.388128 0.493189
2 0.227974 0.750357 0.447936 0.487881
4 0.175922 0.77688 0.350672 0.425396
3 0.0185483 0.685016 0.0370966 0.616997
0 0.946459 0.738178 0.107082 0.368466
3 0.483667 0.749273 0.439969 0.494198
4 0.942711 0.787826 0.114578 0.424348
4 0.93204 0.776808 0.135919 0.446383
4 0.833277 0.755989 0.333447 0.488021
1 0.338738 0.576091 0.0489568 0.13255
0 0.509568 0.497431 0.320356 0.994862
3 0.520753 0.102254 0.744768 0.204508
4 0.899079 0.759176 0.201842 0.481648
4 0.505218 0.46198 0.0416212 0.174889
3 0.338738 0.576091 0.0489568 0.13255
4 0.454772 0.0381121 0.893147 0.0762241
3 0.638045 0.134324 0.72391 0.268649
3 0.0260696 0.431988 0.0521391 0.863977
3 0.537406 0.51964 0.0893492 0.0738522
3 0.321986 0.55848 0.0738406 0.367709
3 0.0289855 0.281239 0.057971 0.562478
3 0.0321181 0.804226 0.0642361 0.391548
3 0.588555 0.72188 0.186995 0.520452
3 0.840272 0.772981 0.319456 0.454039
3 0.505589 0.573625 0.0453564 0.169175
0 0.58085 0.777584 0.331081 0.43795
3 0.817906 0.0456038 0.364189 0.0912076
3 0.0855807 0.422775 0.171161 0.819877
3 0.029623 0.374988 0.059246 0.749977
3 0.350709 0.270231 0.636204 0.540462
3 0.323815 0.585035 0.0816078 0.152042
4 0.49354 0.457492 0.302595 0.914985
0 0.520753 0.102254 0.744768 0.204508
4 0.189533 0.801605 0.365427 0.396789
4 0.521435 0.754556 0.45474 0.477331
3 0.551902 0.533073 0.22098 0.930577
3 0.527773 0.253573 0.70761 0.507146
3 0.477684 0.522589 0.0948738 0.085194
4 0.64627 0.0300984 0.70746 0.0601969
3 0.325644 0.562968 0.0676034 0.173024
3 0.372097 0.57348 0.110766 0.129738
0 0.351671 0.697304 0.0782284 0.383464
3 0.36696 0.78871 0.609726 0.408741
4 0.396779 0.792394 0.428367 0.415212
3 0.564214 0.695347 0.137948 0.404692
3 0.351671 0.697304 0.0782284 0.383464
1 0.351671 0.697304 0.0782284 0.383464
0 0.638045 0.134324 0.72391 0.268649
0 0.942711 0.787826 0.114578 0.424348
4 0.852565 0.132172 0.294869 0.264344
3 0.0842431 0.266932 0.168486 0.533863
0 0.899079 0.759176 0.201842 0.481648
4 0.505369 0.308673 0.328443 0.61443
4 0.346975 0.523263 0.0511526 0.279473
2 0.490306 0.74131 0.480327 0.511865
3 0.0786149 0.28487 0.15723 0.56974
4 0.457449 0.778398 0.480811 0.443203
0 0.77579 0.495165 0.448421 0.99033
3 0.0185528 0.491076 0.0371056 0.848652
4 0.446497 0.78281 0.544059 0.41673
4 0.817906 0.0456038 0.364189 0.0912076
4 0.946084 0.660319 0.107832 0.45028
0 0.379291 0.550244 0.0998938 0.334473
0 0.0927447 0.729137 0.185489 0.438251
0 0.922301 0.225083 0.155398 0.450166
0 0.527773 0.253573 0.70761 0.507146
0 0.852565 0.132172 0.294869 0.264344
4 0.564214 0.695347 0.137948 0.404692
0 0.168699 0.499596 0.336583 0.999193
4 0.0321181 0.804226 0.0642361 0.391548
0 0.262131 0.317791 0.524263 0.635581
0 0.407582 0.274897 0.538917 0.549794
4 0.762168 0.0377655 0.475664 0.075531
4 0.69102 0.132885 0.617961 0.26577
4 0.212245 0.0795602 0.424489 0.15912
0 0.937828 0.351985 0.124344 0.703969
0 0.946084 0.660319 0.107832 0.45028
3 0.533675 0.498395 0.108255 0.246163
4 0.129916 0.5 0.257851 1
4 0.582458 0.755759 0.345889 0.488481
0 0.321986 0.55848 0.0738406 0.367709
4 0.0230855 0.734769 0.046171 0.529686
4 0.328706 0.0454655 0.657411 0.090931
4 0.77579 0.495165 0.448421 0.99033
1 0.482656 0.750445 0.500565 0.482988
3 0.412228 0.71947 0.246636 0.44813
3 0.107365 0.766873 0.214729 0.45251
4 0.433569 0.319722 0.429948 0.639443
4 0.0185483 0.685016 0.0370966 0.616997
0 0.528782 0.380667 0.452259 0.761334
4 0.250061 0.805576 0.442613 0.388849
2 0.771567 0.756167 0.449769 0.487666
0 0.029623 0.374988 0.059246 0.749977
4 0.350709 0.270231 0.636204 0.540462
4 0.309638 0.357823 0.619275 0.715646
4 0.666771 0.747504 0.264314 0.492888
4 0.595816 0.118493 0.772625 0.236986
2 0.502533 0.51678 0.0375038 0.0610363
3 0.584553 0.764661 0.348789 0.457506
0 0.943102 0.549565 0.113797 0.775512
4 0.922301 0.225083 0.155398 0.450166
0 0.0185528 0.491076 0.0371056 0.848652
0 0.0842431 0.266932 0.168486 0.533863
0 0.0289855 0.281239 0.057971 0.562478
0 0.0260696 0.431988 0.0521391 0.863977
0 0.533675 0.498395 0.108255 0.246163
3 0.11678 0.284821 0.233561 0.569642
4 0.0289855 0.281239 0.057971 0.562478
4 0.0221064 0.461306 0.0442128 0.836664
0 0.0230855 0.734769 0.046171 0.529686
4 0.0301888 0.800483 0.0603776 0.395893
0 0.589405 0.508449 0.372603 0.983102
0 0.753432 0.137674 0.493136 0.275348
0 0.835402 0.333716 0.329195 0.667432
1 0.505589 0.573625 0.0453564 0.169175
4 0.029623 0.374988 0.059246 0.749977
0 0.285362 0.52196 0.138679 0.551012
4 0.351671 0.697304 0.0782284 0.383464
4 0.937828 0.351985 0.124344 0.703969
4 0.242232 0.0577837 0.484464 0.115567
4 0.793507 0.161908 0.412985 0.323817
4 0.323815 0.585035 0.0816078 0.152042
4 0.340544 0.370105 0.446096 0.740209
4 0.207242 0.314585 0.414485 0.62917
4 0.537406 0.51964 0.0893492 0.0738522
3 0.666771 0.747504 0.264314 0.492888
0 0.207396 0.805156 0.407181 0.389689
4 0.0842431 0.266932 0.168486 0.533863
2 0.537406 0.51964 0.0893492 0.0738522
4 0.798805 0.337246 0.402391 0.674493
0 0.739047 0.33339 0.473156 0.66678
1 0.372097 0.57348 0.110766 0.129738
4 0.383204 0.745617 0.6967 0.484531
4 0.939275 0.467948 0.121449 0.905358
4 0.412228 0.71947 0.246636 0.44813
4 0.589405 0.508449 0.372603 0.983102
0 0.552314 0.427193 0.334174 0.845867
0 0.855285 0.456917 0.289431 0.913834
4 0.897083 0.560721 0.205834 0.869076
0 0.0301888 0.800483 0.0603776 0.395893
2 0.373211 0.551542 0.0946059 0.141701
0 0.348161 0.500977 0.0795231 0.499492
1 0.167619 0.784163 0.331689 0.416906
4 0.864792 0.301917 0.270416 0.603834
4 0.0927447 0.729137 0.185489 0.438251
1 0.502533 0.51678 0.0375038 0.0610363
1 0.346975 0.523263 0.0511526 0.279473
0 0.0321181 0.804226 0.0642361 0.391548
2 0.412228 0.71947 0.246636 0.44813
4 0.339739 0.386622 0.246855 0.761752
0 0.4689 0.531076 0.122657 0.499597
0 0.197803 0.3728 0.378415 0.7456
2 0.165166 0.321484 0.327574 0.642969
4 0.379291 0.550244 0.0998938 0.334473
4 0.4689 0.531076 0.122657 0.499597
4 0.215366 0.393348 0.336805 0.786695
0 0.793507 0.161908 0.412985 0.323817
4 0.285362 0.52196 0.138679 0.551012
0 0.704691 0.755467 0.356857 0.489065
0 0.383204 0.745617 0.6967 0.484531
4 0.552314 0.427193 0.334174 0.845867
4 0.348161 0.500977 0.0795231 0.499492
0 0.653255 0.367722 0.533052 0.735444
0 0.122384 0.400785 0.239971 0.797055
4 0.855285 0.456917 0.289431 0.913834
1 0.505218 0.46198 0.0416212 0.174889
4 0.527773 0.253573 0.70761 0.507146
1 0.581434 0.752033 0.336919 0.482287
4 0.588555 0.72188 0.186995 0.520452
2 0.323815 0.585035 0.0816078 0.152042
2 0.325644 0.562968 0.0676034 0.173024
2 0.806797 0.501902 0.386405 0.996196
4 0.0786149 0.28487 0.15723 0.56974
2 0.219747 0.373061 0.429906 0.746121
4 0.41768 0.434893 0.196113 0.852505
0 0.446497 0.78281 0.544059 0.41673
4 0.0890642 0.496389 0.178128 0.917962
2 0.937828 0.351985 0.124344 0.703969
4 0.528782 0.380667 0.452259 0.761334
2 0.372097 0.57348 0.110766 0.129738
0 0.551902 0.533073 0.22098 0.930577
4 0.11678 0.284821 0.233561 0.569642
3 0.736855 0.760355 0.42585 0.460233
4 0.505589 0.573625 0.0453564 0.169175
0 0.172477 0.293469 0.344953 0.586938
2 0.58085 0.777584 0.331081 0.43795
0 0.41768 0.434893 0.196113 0.852505
1 0.944465 0.779356 0.11107 0.441289
0 0.396779 0.792394 0.428367 0.415212
2 0.739047 0.33339 0.473156 0.66678
4 0.321986 0.55848 0.0738406 0.367709
0 0.537747 0.771648 0.37862 0.456703
4 0.1326 0.289939 0.262152 0.579877
4 0.653255 0.367722 0.533052 0.735444
2 0.351671 0.697304 0.0782284 0.383464
