0 0.760702 0.733299 0.478596 0.516392
0 0.772462 0.499557 0.455077 0.997107
0 0.41217 0.682377 0.746403 0.601137
0 0.62732 0.738891 0.451023 0.496096
0 0.522474 0.747109 0.590988 0.494965
0 0.244847 0.765758 0.477879 0.45991
0 0.386667 0.527909 0.773335 0.91148
4 0.773765 0.711516 0.452471 0.563578
3 0.794901 0.727812 0.410198 0.544376
0 0.370541 0.756918 0.726755 0.476106
0 0.516564 0.0480705 0.966873 0.096141
3 0.36096 0.5 0.72192 1
3 0.572151 0.500956 0.855698 0.998087
0 0.835809 0.721888 0.328382 0.556224
3 0.218757 0.792087 0.412007 0.415827
3 0.874655 0.745014 0.25069 0.509971
3 0.934451 0.462245 0.131098 0.889236
3 0.192162 0.45218 0.379825 0.899642
0 0.36736 0.0534254 0.734721 0.106851
3 0.141737 0.804875 0.266695 0.39025
0 0.195895 0.12787 0.391789 0.25574
3 0.183313 0.712307 0.364141 0.395083
3 0.715041 0.719817 0.52455 0.560366
3 0.626438 0.738144 0.42016 0.523712
3 0.728649 0.502766 0.542702 0.994469
3 0.223348 0.723576 0.440409 0.469991
3 0.259567 0.499968 0.508288 0.994936
0 0.933698 0.774642 0.132605 0.450715
4 0.936673 0.724046 0.126654 0.551908
0 0.0562287 0.812905 0.112457 0.37419
3 0.136503 0.467466 0.272499 0.917876
3 0.331791 0.772519 0.446891 0.454961
3 0.102942 0.815042 0.204013 0.369915
0 0.539978 0.0758184 0.90458 0.151637
3 0.195895 0.12787 0.391789 0.25574
3 0.928952 0.794099 0.142096 0.411802
3 0.412394 0.76239 0.543106 0.47522
4 0.764331 0.497368 0.471338 0.994735
3 0.79551 0.276716 0.40898 0.553432
3 0.815025 0.416134 0.369949 0.810882
0 0.324728 0.0769702 0.648598 0.15394
3 0.77486 0.120602 0.45028 0.241203
4 0.244847 0.765758 0.477879 0.45991
0 0.0996321 0.807637 0.197152 0.384726
0 0.00780961 0.622977 0.0156192 0.754047
3 0.0209106 0.248411 0.0418213 0.496822
3 0.507437 0.0381359 0.951065 0.0762718
3 0.510569 0.752283 0.534745 0.495435
3 0.195939 0.281869 0.386203 0.555455
3 0.754323 0.727675 0.489201 0.525243
0 0.274155 0.114254 0.548311 0.228509
3 0.936673 0.724046 0.126654 0.551908
3 0.829347 0.71365 0.341305 0.565109
0 0.807907 0.0837166 0.384186 0.167433
3 0.151816 0.776239 0.302195 0.447521
3 0.324728 0.0769702 0.648598 0.15394
3 0.171578 0.179939 0.342209 0.359877
3 0.0559709 0.205942 0.111942 0.411885
3 0.570009 0.0975309 0.859982 0.195062
3 0.00780961 0.622977 0.0156192 0.754047
4 0.36032 0.5 0.690035 1
4 0.83157 0.738295 0.33686 0.52341
3 0.0166028 0.29734 0.0332057 0.594681
3 0.274155 0.114254 0.548311 0.228509
4 0.41217 0.682377 0.746403 0.601137
4 0.524818 0.0584327 0.940422 0.116865
4 0.874655 0.745014 0.25069 0.509971
3 0.41217 0.682377 0.746403 0.601137
3 0.265899 0.778076 0.51595 0.431951
4 0.704102 0.742356 0.558633 0.492917
3 0.0669467 0.772586 0.133893 0.454827
3 0.61937 0.211706 0.76126 0.423412
3 0.554824 0.28848 0.713898 0.56551
3 0.0159336 0.80482 0.0318672 0.39036
4 0.193521 0.808959 0.36831 0.382083
3 0.36736 0.0534254 0.734721 0.106851
4 0.928952 0.794099 0.142096 0.411802
3 0.00948277 0.794362 0.0189655 0.411277
3 0.692139 0.169497 0.615723 0.338993
0 0.00948277 0.794362 0.0189655 0.411277
3 0.848886 0.219735 0.302228 0.43947
4 0.331791 0.772519 0.446891 0.454961
3 0.544406 0.716561 0.564949 0.531759
0 0.151816 0.776239 0.302195 0.447521
0 0.0081225 0.550123 0.016245 0.899754
0 0.0159336 0.80482 0.0318672 0.39036
0 0.932561 0.503772 0.134879 0.815556
4 0.522474 0.747109 0.590988 0.494965
0 0.00841256 0.708706 0.0168251 0.582588
4 0.74139 0.717069 0.51266 0.565862
3 0.807907 0.0837166 0.384186 0.167433
3 0.72577 0.360982 0.548445 0.685892
3 0.0081225 0.550123 0.016245 0.899754
0 0.598693 0.161598 0.802614 0.323197
3 0.317081 0.720933 0.629619 0.525672
4 0.579179 0.301226 0.83252 0.580226
3 0.012228 0.35905 0.024456 0.711066
3 0.0101457 0.432032 0.0202914 0.770686
4 0.454559 0.758143 0.577188 0.483713
4 0.626438 0.738144 0.42016 0.523712
0 0.77486 0.120602 0.45028 0.241203
0 0.928952 0.794099 0.142096 0.411802
4 0.481124 0.0393089 0.937658 0.0786178
0 0.375192 0.27721 0.616025 0.542235
3 0.0741202 0.682494 0.14824 0.422783
4 0.570009 0.0975309 0.859982 0.195062
4 0.936594 0.50888 0.126813 0.959488
3 0.9232 0.242632 0.153601 0.472825
3 0.427415 0.27778 0.584073 0.551139
0 0.0559709 0.205942 0.111942 0.411885
3 0.00841256 0.708706 0.0168251 0.582588
4 0.0625378 0.809546 0.125076 0.380908
4 0.0159336 0.80482 0.0318672 0.39036
0 0.530915 0.5 0.840107 1
4 0.60799 0.493569 0.784021 0.987137
4 0.102942 0.815042 0.204013 0.369915
4 0.370541 0.756918 0.726755 0.476106
0 0.848886 0.219735 0.302228 0.43947
4 0.70794 0.746053 0.381678 0.494689
1 0.835809 0.721888 0.328382 0.556224
3 0.470407 0.764872 0.626608 0.45294
1 0.791604 0.301286 0.416792 0.584966
0 0.567044 0.74524 0.465547 0.50952
0 0.183313 0.712307 0.364141 0.395083
0 0.480336 0.280669 0.569333 0.555294
0 0.874655 0.745014 0.25069 0.509971
4 0.151816 0.776239 0.302195 0.447521
3 0.0798072 0.476566 0.159614 0.718269
2 0.370541 0.756918 0.726755 0.476106
1 0.430217 0.756632 0.725981 0.46371
4 0.195895 0.12787 0.391789 0.25574
4 0.427415 0.27778 0.584073 0.551139
0 0.93574 0.385241 0.128521 0.703064
4 0.134804 0.178935 0.269607 0.346222
4 0.807907 0.0837166 0.384186 0.167433
0 0.412394 0.76239 0.543106 0.47522
4 0.72577 0.360982 0.548445 0.685892
3 0.244861 0.20137 0.487255 0.402739
0 0.0209106 0.248411 0.0418213 0.496822
2 0.803124 0.29887 0.393751 0.58284
0 0.0101457 0.432032 0.0202914 0.770686
4 0.244861 0.20137 0.487255 0.402739
4 0.802363 0.423012 0.395275 0.831263
4 0.00780961 0.622977 0.0156192 0.754047
4 0.00948277 0.794362 0.0189655 0.411277
0 0.936838 0.689599 0.126324 0.589914
4 0.0559709 0.205942 0.111942 0.411885
3 0.0562287 0.812905 0.112457 0.37419
0 0.794901 0.727812 0.410198 0.544376
3 0.129115 0.196802 0.258231 0.364373
0 0.579179 0.301226 0.83252 0.580226
4 0.36736 0.0534254 0.734721 0.106851
0 0.252282 0.5 0.494759 1
0 0.9232 0.242632 0.153601 0.472825
4 0.222998 0.469646 0.440247 0.936176
0 0.225586 0.282241 0.443468 0.559301
4 0.225586 0.282241 0.443468 0.559301
4 0.183313 0.712307 0.364141 0.395083
0 0.244861 0.20137 0.487255 0.402739
4 0.012228 0.35905 0.024456 0.711066
4 0.0101457 0.432032 0.0202914 0.770686
0 0.715041 0.719817 0.52455 0.560366
0 0.786696 0.37515 0.425077 0.72759
0 0.0166028 0.29734 0.0332057 0.594681
4 0.0166028 0.29734 0.0332057 0.594681
4 0.246214 0.128157 0.492428 0.256314
2 0.632523 0.304924 0.734953 0.609848
1 0.671459 0.305514 0.657081 0.598611
3 0.100674 0.373526 0.201347 0.717177
0 0.129115 0.196802 0.258231 0.364373
4 0.00841256 0.708706 0.0168251 0.582588
4 0.0209106 0.248411 0.0418213 0.496822
4 0.598693 0.161598 0.802614 0.323197
4 0.9232 0.242632 0.153601 0.472825
3 0.319122 0.26165 0.634062 0.523299
4 0.324728 0.0769702 0.648598 0.15394
4 0.848886 0.219735 0.302228 0.43947
0 0.505608 0.229122 0.945412 0.458245
1 0.936673 0.724046 0.126654 0.551908
4 0.77486 0.120602 0.45028 0.241203
4 0.459158 0.278122 0.786696 0.556243
0 0.0669467 0.772586 0.133893 0.454827
4 0.0081225 0.550123 0.016245 0.899754
4 0.326428 0.234719 0.643441 0.469437
2 0.56734 0.755624 0.526662 0.469849
2 0.267251 0.762392 0.52197 0.462598
4 0.0741202 0.682494 0.14824 0.422783
4 0.136503 0.467466 0.272499 0.917876
2 0.933698 0.774642 0.132605 0.450715
0 0.165517 0.224688 0.329074 0.419723
4 0.165517 0.224688 0.329074 0.419723
3 0.505608 0.229122 0.945412 0.458245
0 0.012228 0.35905 0.024456 0.711066
0 0.331791 0.772519 0.446891 0.454961
1 0.220268 0.773096 0.437511 0.453807
2 0.93574 0.385241 0.128521 0.703064
1 0.770727 0.707991 0.458546 0.563174
2 0.386667 0.527909 0.773335 0.91148
2 0.498888 0.292817 0.743607 0.577643
0 0.193521 0.808959 0.36831 0.382083
1 0.192162 0.45218 0.379825 0.899642
1 0.56734 0.755624 0.526662 0.469849
4 0.0798072 0.476566 0.159614 0.718269
4 0.813649 0.28975 0.372701 0.568241
2 0.766096 0.726178 0.467808 0.536241
4 0.100674 0.373526 0.201347 0.717177
1 0.155641 0.803942 0.30331 0.392116
2 0.772462 0.499557 0.455077 0.997107
2 0.0625378 0.809546 0.125076 0.380908
1 0.229059 0.249706 0.449328 0.482508
2 0.41217 0.682377 0.746403 0.601137
2 0.0798072 0.476566 0.159614 0.718269
2 0.928952 0.794099 0.142096 0.411802
0 0.79551 0.276716 0.40898 0.553432
1 0.33591 0.271297 0.629091 0.53112
2 0.692139 0.169497 0.615723 0.338993
1 0.0996321 0.807637 0.197152 0.384726
2 0.102942 0.815042 0.204013 0.369915
2 0.932561 0.503772 0.134879 0.815556
2 0.9232 0.242632 0.153601 0.472825
2 0.136503 0.467466 0.272499 0.917876
2 0.35573 0.267821 0.668759 0.535643
1 0.439436 0.279301 0.552895 0.5434
2 0.807907 0.0837166 0.384186 0.167433
2 0.505608 0.229122 0.945412 0.458245
1 0.498888 0.292817 0.743607 0.577643
2 0.134804 0.178935 0.269607 0.346222
1 0.259567 0.499968 0.508288 0.994936
2 0.244861 0.20137 0.487255 0.402739
1 0.165517 0.224688 0.329074 0.419723
1 0.704102 0.742356 0.558633 0.492917
2 0.186178 0.5 0.368016 1
1 0.183313 0.712307 0.364141 0.395083
2 0.510569 0.752283 0.534745 0.495435
0 0.0741202 0.682494 0.14824 0.422783
1 0.345454 0.500081 0.683026 0.999839
0 0.136503 0.467466 0.272499 0.917876
2 0.61937 0.211706 0.76126 0.423412
2 0.195895 0.12787 0.391789 0.25574
3 0.525723 0.319573 0.922702 0.639146
2 0.00948277 0.794362 0.0189655 0.411277
2 0.00841256 0.708706 0.0168251 0.582588
2 0.626438 0.738144 0.42016 0.523712
2 0.0559709 0.205942 0.111942 0.411885
1 0.311017 0.763868 0.6145 0.454957
2 0.412394 0.76239 0.543106 0.47522
2 0.936838 0.689599 0.126324 0.589914
2 0.0081225 0.550123 0.016245 0.899754
2 0.141737 0.804875 0.266695 0.39025
2 0.183313 0.712307 0.364141 0.395083
2 0.715041 0.719817 0.52455 0.560366
1 0.00948277 0.794362 0.0189655 0.411277
2 0.324728 0.0769702 0.648598 0.15394
2 0.0101457 0.432032 0.0202914 0.770686
1 0.0562287 0.812905 0.112457 0.37419
2 0.848886 0.219735 0.302228 0.43947
2 0.0159336 0.80482 0.0318672 0.39036
2 0.00780961 0.622977 0.0156192 0.754047
1 0.70794 0.746053 0.381678 0.494689
2 0.246214 0.128157 0.492428 0.256314
2 0.199082 0.243765 0.394407 0.469811
2 0.100674 0.373526 0.201347 0.717177
1 0.932561 0.503772 0.134879 0.815556
2 0.0741202 0.682494 0.14824 0.422783
2 0.36736 0.0534254 0.734721 0.106851
1 0.100674 0.373526 0.201347 0.717177
2 0.77486 0.120602 0.45028 0.241203
2 0.331791 0.772519 0.446891 0.454961
1 0.572151 0.500956 0.855698 0.998087
2 0.859869 0.732615 0.280261 0.53477
1 0.9232 0.242632 0.153601 0.472825
2 0.439436 0.279301 0.552895 0.5434
1 0.524818 0.0584327 0.940422 0.116865
1 0.0669467 0.772586 0.133893 0.454827
2 0.012228 0.35905 0.024456 0.711066
1 0.129115 0.196802 0.258231 0.364373
1 0.772462 0.499557 0.455077 0.997107
1 0.0159336 0.80482 0.0318672 0.39036
2 0.0209106 0.248411 0.0418213 0.496822
1 0.570009 0.0975309 0.859982 0.195062
1 0.848886 0.219735 0.302228 0.43947
1 0.567044 0.74524 0.465547 0.50952
2 0.464046 0.0416272 0.901727 0.0832545
2 0.570009 0.0975309 0.859982 0.195062
2 0.0166028 0.29734 0.0332057 0.594681
1 0.874655 0.745014 0.25069 0.509971
2 0.218757 0.792087 0.412007 0.415827
1 0.198712 0.185902 0.39489 0.371804
1 0.0798072 0.476566 0.159614 0.718269
1 0.807907 0.0837166 0.384186 0.167433
2 0.151816 0.776239 0.302195 0.447521
1 0.598693 0.161598 0.802614 0.323197
2 0.24864 0.278623 0.48211 0.551696
1 0.0741202 0.682494 0.14824 0.422783
1 0.454559 0.758143 0.577188 0.483713
1 0.51291 0.315493 0.93446 0.630986
1 0.0209106 0.248411 0.0418213 0.496822
0 0.0801976 0.548772 0.160395 0.74261
2 0.83157 0.738295 0.33686 0.52341
1 0.00841256 0.708706 0.0168251 0.582588
0 0.760677 0.733462 0.478645 0.516044
0 0.772447 0.499565 0.455106 0.997068
0 0.412514 0.681439 0.745439 0.60309
0 0.627668 0.738902 0.450505 0.496207
0 0.522678 0.746977 0.590375 0.495375
0 0.267109 0.762364 0.521604 0.462822
0 0.386837 0.527355 0.773 0.91268
4 0.773749 0.711536 0.452502 0.563581
3 0.79474 0.728007 0.41052 0.543985
0 0.370619 0.756853 0.72669 0.476357
0 0.51663 0.048493 0.966739 0.096986
3 0.360976 0.5 0.721951 1
3 0.57315 0.500994 0.853699 0.998012
3 0.219164 0.792502 0.413045 0.414995
3 0.874468 0.745207 0.251064 0.509586
0 0.836227 0.721932 0.327547 0.556137
3 0.934491 0.462429 0.131017 0.889753
3 0.192051 0.452584 0.379619 0.900333
3 0.142118 0.805017 0.267473 0.389965
3 0.183519 0.713635 0.364562 0.398407
0 0.366897 0.054056 0.733794 0.108112
0 0.195126 0.128736 0.390251 0.257472
3 0.715151 0.719935 0.526122 0.56013
3 0.626443 0.738224 0.42069 0.523551
3 0.729214 0.502777 0.541572 0.994447
3 0.223271 0.724142 0.440259 0.471693
3 0.259328 0.499533 0.50778 0.993906
4 0.936576 0.724165 0.126848 0.55167
3 0.136265 0.467657 0.272063 0.917916
0 0.933695 0.775058 0.132609 0.449885
3 0.331655 0.772745 0.449295 0.45451
3 0.103198 0.815097 0.204498 0.369806
0 0.0562417 0.812984 0.112483 0.374031
3 0.195126 0.128736 0.390251 0.257472
3 0.928929 0.794436 0.142143 0.411128
0 0.539831 0.0765758 0.904881 0.153152
3 0.41183 0.762706 0.54481 0.474588
4 0.76432 0.497383 0.47136 0.994766
3 0.795562 0.276739 0.408877 0.553478
3 0.814989 0.415878 0.370022 0.810297
3 0.775147 0.121211 0.449706 0.242422
4 0.244552 0.765732 0.477291 0.46013
0 0.324131 0.0782942 0.647543 0.156588
0 0.0998181 0.807772 0.197506 0.384457
0 0.00785524 0.623043 0.0157105 0.753914
3 0.021093 0.248098 0.0421859 0.496196
3 0.507507 0.0384557 0.950868 0.0769114
3 0.509851 0.752498 0.536288 0.495004
3 0.195752 0.28187 0.385841 0.555433
3 0.754392 0.727897 0.489087 0.524864
3 0.936576 0.724165 0.126848 0.55167
3 0.829692 0.71372 0.340617 0.565069
3 0.152155 0.776257 0.302852 0.447487
3 0.17118 0.179775 0.341425 0.35955
3 0.324131 0.0782942 0.647543 0.156588
3 0.0554966 0.205331 0.110993 0.410662
0 0.273114 0.11562 0.546227 0.231239
3 0.570003 0.0981944 0.859994 0.196389
3 0.00785524 0.623043 0.0157105 0.753914
4 0.360971 0.5 0.68826 1
0 0.807958 0.0840239 0.384083 0.168048
4 0.831461 0.738319 0.337078 0.523363
3 0.0167453 0.297138 0.0334906 0.594277
3 0.273114 0.11562 0.546227 0.231239
4 0.412514 0.681439 0.745439 0.60309
4 0.524714 0.0590596 0.940613 0.118119
4 0.874468 0.745207 0.251064 0.509586
3 0.412514 0.681439 0.745439 0.60309
3 0.265935 0.778465 0.516049 0.431214
4 0.704827 0.742485 0.558241 0.492719
3 0.0669154 0.772555 0.133831 0.454891
3 0.619572 0.212787 0.760855 0.425575
3 0.55577 0.288561 0.709774 0.565511
3 0.0159622 0.804693 0.0319244 0.390613
3 0.366897 0.054056 0.733794 0.108112
4 0.193868 0.80913 0.36914 0.38174
4 0.928929 0.794436 0.142143 0.411128
3 0.0095148 0.794357 0.0190296 0.411287
4 0.331655 0.772745 0.449295 0.45451
3 0.692815 0.170331 0.61437 0.340662
3 0.848942 0.219729 0.302117 0.439458
3 0.544562 0.71639 0.564123 0.532161
4 0.522678 0.746977 0.590375 0.495375
0 0.0095148 0.794357 0.0190296 0.411287
4 0.741333 0.717235 0.512797 0.565531
0 0.152155 0.776257 0.302852 0.447487
3 0.807958 0.0840239 0.384083 0.168048
0 0.00816009 0.550122 0.0163202 0.899757
0 0.0159622 0.804693 0.0319244 0.390613
3 0.00816009 0.550122 0.0163202 0.899757
0 0.932502 0.503398 0.134996 0.816139
3 0.728119 0.360554 0.543729 0.684995
0 0.00845578 0.708233 0.0169116 0.583534
3 0.316576 0.720901 0.628605 0.525943
3 0.0122787 0.358859 0.0245574 0.710351
4 0.580016 0.301373 0.830744 0.580302
4 0.626443 0.738224 0.42069 0.523551
3 0.0101817 0.431995 0.0203635 0.770279
4 0.454046 0.758431 0.578663 0.483139
0 0.598861 0.162947 0.802277 0.325894
4 0.481195 0.0396856 0.937508 0.0793712
3 0.0740409 0.683411 0.148082 0.426806
4 0.570003 0.0981944 0.859994 0.196389
0 0.775147 0.121211 0.449706 0.242422
0 0.928929 0.794436 0.142143 0.411128
0 0.375817 0.277229 0.614058 0.542227
4 0.936564 0.508866 0.126873 0.959758
3 0.923288 0.242625 0.153425 0.4726
3 0.00845578 0.708233 0.0169116 0.583534
3 0.428223 0.278014 0.581189 0.551584
4 0.0626717 0.80955 0.125343 0.380901
4 0.0159622 0.804693 0.0319244 0.390613
4 0.608073 0.493627 0.783855 0.987253
0 0.0554966 0.205331 0.110993 0.410662
4 0.103198 0.815097 0.204498 0.369806
4 0.707943 0.746156 0.381465 0.494615
4 0.370619 0.756853 0.72669 0.476357
0 0.531322 0.5 0.838476 1
1 0.836227 0.721932 0.327547 0.556137
3 0.470072 0.765136 0.627424 0.452526
1 0.792479 0.301265 0.415042 0.584836
4 0.152155 0.776257 0.302852 0.447487
0 0.848942 0.219729 0.302117 0.439458
3 0.0795365 0.476681 0.159073 0.717307
0 0.566576 0.745337 0.466341 0.509325
2 0.370619 0.756853 0.72669 0.476357
0 0.481347 0.280803 0.566215 0.555492
0 0.874468 0.745207 0.251064 0.509586
0 0.183519 0.713635 0.364562 0.398407
4 0.195126 0.128736 0.390251 0.257472
1 0.429828 0.756807 0.726663 0.463403
4 0.428223 0.278014 0.581189 0.551584
4 0.134284 0.178933 0.268567 0.34533
3 0.24409 0.200451 0.485705 0.400902
4 0.807958 0.0840239 0.384083 0.168048
4 0.728119 0.360554 0.543729 0.684995
0 0.935776 0.384592 0.128449 0.701835
2 0.803162 0.298752 0.393675 0.582601
4 0.24409 0.200451 0.485705 0.400902
0 0.41183 0.762706 0.54481 0.474588
0 0.021093 0.248098 0.0421859 0.496196
4 0.80238 0.422665 0.39524 0.83056
4 0.00785524 0.623043 0.0157105 0.753914
4 0.0095148 0.794357 0.0190296 0.411287
3 0.571868 0.326494 0.856264 0.652989
4 0.0554966 0.205331 0.110993 0.410662
0 0.0101817 0.431995 0.0203635 0.770279
3 0.0562417 0.812984 0.112483 0.374031
3 0.129345 0.196461 0.25869 0.363789
0 0.936803 0.689309 0.126394 0.591115
4 0.366897 0.054056 0.733794 0.108112
0 0.79474 0.728007 0.41052 0.543985
4 0.222929 0.469602 0.440169 0.935924
0 0.580016 0.301373 0.830744 0.580302
4 0.225467 0.282405 0.44329 0.559568
0 0.251526 0.5 0.493236 1
4 0.183519 0.713635 0.364562 0.398407
0 0.923288 0.242625 0.153425 0.4726
4 0.0122787 0.358859 0.0245574 0.710351
4 0.0101817 0.431995 0.0203635 0.770279
0 0.225467 0.282405 0.44329 0.559568
0 0.24409 0.200451 0.485705 0.400902
4 0.0167453 0.297138 0.0334906 0.594277
4 0.244907 0.129055 0.489815 0.258111
2 0.633722 0.30471 0.732557 0.609419
1 0.674854 0.305463 0.650293 0.598361
3 0.10064 0.373449 0.201279 0.71724
0 0.715151 0.719935 0.526122 0.56013
0 0.0167453 0.297138 0.0334906 0.594277
0 0.787392 0.374163 0.423676 0.725584
4 0.00845578 0.708233 0.0169116 0.583534
4 0.021093 0.248098 0.0421859 0.496196
0 0.129345 0.196461 0.25869 0.363789
3 0.318999 0.261598 0.633625 0.523196
4 0.923288 0.242625 0.153425 0.4726
4 0.598861 0.162947 0.802277 0.325894
4 0.324131 0.0782942 0.647543 0.156588
4 0.848942 0.219729 0.302117 0.439458
4 0.459663 0.277962 0.785901 0.555925
1 0.936576 0.724165 0.126848 0.55167
4 0.775147 0.121211 0.449706 0.242422
4 0.325265 0.234005 0.641099 0.46801
4 0.00816009 0.550122 0.0163202 0.899757
2 0.566791 0.755744 0.527516 0.469714
2 0.267109 0.762364 0.521604 0.462822
0 0.505807 0.228233 0.944438 0.456465
4 0.0740409 0.683411 0.148082 0.426806
0 0.0669154 0.772555 0.133831 0.454891
4 0.136265 0.467657 0.272063 0.917916
2 0.933695 0.775058 0.132609 0.449885
4 0.165253 0.224319 0.328556 0.418933
3 0.505807 0.228233 0.944438 0.456465
0 0.165253 0.224319 0.328556 0.418933
1 0.220127 0.773135 0.437193 0.45373
2 0.935776 0.384592 0.128449 0.701835
0 0.331655 0.772745 0.449295 0.45451
0 0.0122787 0.358859 0.0245574 0.710351
2 0.386837 0.527355 0.773 0.91268
1 0.770712 0.707977 0.458575 0.563127
2 0.499659 0.292914 0.740607 0.577714
1 0.192051 0.452584 0.379619 0.900333
0 0.193868 0.80913 0.36914 0.38174
2 0.766067 0.726255 0.467867 0.536155
4 0.0795365 0.476681 0.159073 0.717307
1 0.566791 0.755744 0.527516 0.469714
4 0.81363 0.289488 0.37274 0.56765
4 0.10064 0.373449 0.201279 0.71724
1 0.156162 0.804157 0.304321 0.391687
2 0.772447 0.499565 0.455106 0.997068
1 0.228955 0.249514 0.449219 0.482146
2 0.0626717 0.80955 0.125343 0.380901
2 0.412514 0.681439 0.745439 0.60309
2 0.0795365 0.476681 0.159073 0.717307
2 0.928929 0.794436 0.142143 0.411128
1 0.33596 0.271344 0.628508 0.531163
1 0.0998181 0.807772 0.197506 0.384457
2 0.692815 0.170331 0.61437 0.340662
0 0.795562 0.276739 0.408877 0.553478
2 0.103198 0.815097 0.204498 0.369806
2 0.932502 0.503398 0.134996 0.816139
2 0.923288 0.242625 0.153425 0.4726
2 0.136265 0.467657 0.272063 0.917916
1 0.439795 0.279344 0.551067 0.543488
2 0.355819 0.267682 0.667981 0.535364
1 0.499659 0.292914 0.740607 0.577714
2 0.807958 0.0840239 0.384083 0.168048
2 0.505807 0.228233 0.944438 0.456465
2 0.134284 0.178933 0.268567 0.34533
1 0.259328 0.499533 0.50778 0.993906
2 0.24409 0.200451 0.485705 0.400902
1 0.165253 0.224319 0.328556 0.418933
1 0.704827 0.742485 0.558241 0.492719
2 0.186073 0.5 0.367818 1
1 0.183519 0.713635 0.364562 0.398407
2 0.509851 0.752498 0.536288 0.495004
2 0.619572 0.212787 0.760855 0.425575
1 0.345427 0.500108 0.682808 0.999785
2 0.195126 0.128736 0.390251 0.257472
2 0.0095148 0.794357 0.0190296 0.411287
2 0.00845578 0.708233 0.0169116 0.583534
0 0.0740409 0.683411 0.148082 0.426806
2 0.626443 0.738224 0.42069 0.523551
2 0.0554966 0.205331 0.110993 0.410662
1 0.310952 0.764205 0.614312 0.454318
2 0.41183 0.762706 0.54481 0.474588
2 0.00816009 0.550122 0.0163202 0.899757
2 0.936803 0.689309 0.126394 0.591115
0 0.136265 0.467657 0.272063 0.917916
2 0.142118 0.805017 0.267473 0.389965
2 0.183519 0.713635 0.364562 0.398407
2 0.715151 0.719935 0.526122 0.56013
1 0.0095148 0.794357 0.0190296 0.411287
2 0.324131 0.0782942 0.647543 0.156588
2 0.0101817 0.431995 0.0203635 0.770279
1 0.0562417 0.812984 0.112483 0.374031
2 0.848942 0.219729 0.302117 0.439458
2 0.0159622 0.804693 0.0319244 0.390613
2 0.00785524 0.623043 0.0157105 0.753914
1 0.707943 0.746156 0.381465 0.494615
2 0.244907 0.129055 0.489815 0.258111
2 0.10064 0.373449 0.201279 0.71724
2 0.198946 0.243569 0.394177 0.469385
1 0.932502 0.503398 0.134996 0.816139
2 0.0740409 0.683411 0.148082 0.426806
2 0.366897 0.054056 0.733794 0.108112
1 0.10064 0.373449 0.201279 0.71724
2 0.775147 0.121211 0.449706 0.242422
2 0.331655 0.772745 0.449295 0.45451
1 0.57623 0.502008 0.847231 0.995985
2 0.85982 0.732942 0.280361 0.534116
1 0.923288 0.242625 0.153425 0.4726
2 0.439795 0.279344 0.551067 0.543488
1 0.524714 0.0590596 0.940613 0.118119
1 0.0669154 0.772555 0.133831 0.454891
1 0.129345 0.196461 0.25869 0.363789
2 0.0122787 0.358859 0.0245574 0.710351
1 0.0159622 0.804693 0.0319244 0.390613
1 0.772447 0.499565 0.455106 0.997068
2 0.021093 0.248098 0.0421859 0.496196
1 0.848942 0.219729 0.302117 0.439458
1 0.570003 0.0981944 0.859994 0.196389
1 0.566576 0.745337 0.466341 0.509325
2 0.570003 0.0981944 0.859994 0.196389
2 0.463953 0.0420287 0.901581 0.0840574
2 0.0167453 0.297138 0.0334906 0.594277
1 0.874468 0.745207 0.251064 0.509586
1 0.19839 0.185641 0.394152 0.371283
2 0.219164 0.792502 0.413045 0.414995
1 0.0795365 0.476681 0.159073 0.717307
1 0.807958 0.0840239 0.384083 0.168048
2 0.152155 0.776257 0.302852 0.447487
1 0.598861 0.162947 0.802277 0.325894
2 0.248584 0.278769 0.481928 0.551952
1 0.0740409 0.683411 0.148082 0.426806
1 0.454046 0.758431 0.578663 0.483139
1 0.512883 0.316302 0.934332 0.632605
1 0.021093 0.248098 0.0421859 0.496196
0 0.079825 0.549384 0.15965 0.742858
2 0.831461 0.738319 0.337078 0.523363
1 0.365367 0.766982 0.493585 0.466036
