0 0.500623 0.767095 0.376508 0.459614
1 0.495657 0.768458 0.376394 0.460369
0 0.595836 0.756761 0.56795 0.470779
0 0.813867 0.787062 0.372267 0.417217
0 0.2062 0.767577 0.402009 0.454342
0 0.138444 0.830092 0.276888 0.326275
4 0.495657 0.768458 0.376394 0.460369
0 0.148945 0.769797 0.297889 0.440529
0 0.814715 0.620867 0.370571 0.743346
4 0.595836 0.756761 0.56795 0.470779
2 0.496166 0.772946 0.374652 0.454107
3 0.312094 0.502152 0.624189 0.995695
0 0.430231 0.356535 0.457925 0.706399
3 0.521565 0.77243 0.380084 0.455139
0 0.512551 0.0489186 0.974899 0.0978372
0 0.595589 0.665849 0.150499 0.600526
3 0.842031 0.545044 0.315939 0.872396
3 0.63288 0.683783 0.183263 0.611752
3 0.79298 0.516116 0.41404 0.953656
3 0.236658 0.5 0.456462 1
0 0.568052 0.689649 0.247031 0.601119
3 0.44712 0.487624 0.449295 0.970506
3 0.746341 0.781371 0.506854 0.437258
3 0.187952 0.786556 0.369935 0.426888
4 0.198829 0.768845 0.391903 0.448855
3 0.595836 0.756761 0.56795 0.470779
3 0.162283 0.5 0.324565 1
3 0.196769 0.179444 0.393537 0.358889
3 0.578491 0.492936 0.403041 0.937901
0 0.35445 0.0840044 0.7089 0.168009
3 0.827552 0.792741 0.344896 0.414519
0 0.903297 0.804075 0.193406 0.379006
3 0.160842 0.750995 0.321236 0.476411
0 0.0244329 0.674692 0.0488657 0.638526
3 0.73877 0.393305 0.51545 0.767208
3 0.494961 0.439399 0.824425 0.878799
3 0.903701 0.805064 0.192599 0.389872
0 0.196769 0.179444 0.393537 0.358889
0 0.550202 0.0833065 0.864622 0.166613
3 0.604292 0.618548 0.121408 0.741399
3 0.932436 0.688333 0.135128 0.60676
3 0.631273 0.564478 0.164528 0.871044
3 0.671246 0.496674 0.598739 0.944194
3 0.833707 0.379544 0.332586 0.737617
3 0.92372 0.532428 0.15256 0.935145
0 0.935352 0.759434 0.129297 0.47317
3 0.784479 0.106675 0.431042 0.21335
0 0.810049 0.106393 0.379902 0.212786
3 0.524644 0.0373027 0.950712 0.0746055
3 0.156878 0.227979 0.312455 0.432612
3 0.0363966 0.771939 0.0727933 0.455403
0 0.335843 0.764324 0.665721 0.459734
3 0.944795 0.513132 0.110411 0.618322
3 0.800926 0.26445 0.398148 0.5289
3 0.519543 0.0676434 0.934521 0.135287
3 0.589785 0.362168 0.760175 0.715376
3 0.298891 0.0893769 0.597782 0.178754
4 0.903701 0.805064 0.192599 0.389872
3 0.147659 0.821346 0.293727 0.357308
3 0.759846 0.665097 0.480308 0.652859
4 0.427083 0.277805 0.457865 0.538019
3 0.0867031 0.228121 0.173406 0.456242
4 0.804048 0.555913 0.391905 0.863018
3 0.912179 0.3492 0.175642 0.691002
3 0.622277 0.10182 0.755446 0.20364
3 0.0230307 0.645692 0.0460614 0.690486
3 0.595589 0.665849 0.150499 0.600526
3 0.0490287 0.241194 0.0980574 0.482389
0 0.339778 0.27086 0.615576 0.527632
0 0.837353 0.473206 0.325295 0.889267
0 0.488093 0.643288 0.399309 0.669769
4 0.693585 0.775636 0.548242 0.448729
4 0.932436 0.688333 0.135128 0.60676
4 0.817854 0.790426 0.364292 0.419149
1 0.822155 0.801341 0.355691 0.386124
3 0.33262 0.769014 0.560035 0.461971
3 0.240435 0.133378 0.480871 0.266756
0 0.631467 0.656337 0.140204 0.645664
3 0.647766 0.1678 0.695798 0.3356
0 0.666328 0.113729 0.667345 0.227459
4 0.519543 0.0676434 0.934521 0.135287
0 0.727162 0.762083 0.545675 0.460049
4 0.459488 0.505046 0.414054 0.989907
3 0.0794477 0.74351 0.158895 0.482553
3 0.488093 0.643288 0.399309 0.669769
0 0.748431 0.110454 0.503139 0.220909
0 0.164628 0.806013 0.321241 0.387974
1 0.568052 0.689649 0.247031 0.601119
3 0.747453 0.205551 0.505094 0.411101
3 0.0308173 0.811036 0.0616345 0.377928
3 0.0255917 0.800584 0.0511833 0.387185
4 0.33262 0.769014 0.560035 0.461971
3 0.490024 0.305951 0.907341 0.611902
0 0.0429103 0.730101 0.0858207 0.537521
0 0.604292 0.618548 0.121408 0.741399
4 0.164628 0.806013 0.321241 0.387974
4 0.604292 0.618548 0.121408 0.741399
4 0.132397 0.216894 0.264795 0.414792
0 0.0794477 0.74351 0.158895 0.482553
3 0.0429103 0.730101 0.0858207 0.537521
3 0.311552 0.2562 0.622561 0.509561
0 0.0255917 0.800584 0.0511833 0.387185
0 0.490024 0.305951 0.907341 0.611902
3 0.0311102 0.389972 0.0622205 0.764634
4 0.0308173 0.811036 0.0616345 0.377928
3 0.568052 0.689649 0.247031 0.601119
3 0.881988 0.78335 0.236025 0.4202
0 0.13163 0.222409 0.263259 0.421738
3 0.0256145 0.464132 0.0512291 0.755283
1 0.166113 0.789196 0.329316 0.408053
0 0.240435 0.133378 0.480871 0.266756
4 0.841138 0.498527 0.317724 0.644469
1 0.595836 0.756761 0.56795 0.470779
0 0.0308173 0.811036 0.0616345 0.377928
4 0.524644 0.0373027 0.950712 0.0746055
4 0.490024 0.305951 0.907341 0.611902
0 0.461195 0.48558 0.413362 0.940413
4 0.342116 0.289741 0.628947 0.575692
4 0.63288 0.683783 0.183263 0.611752
4 0.353463 0.493827 0.627648 0.986142
0 0.0256145 0.464132 0.0512291 0.755283
0 0.0363966 0.771939 0.0727933 0.455403
4 0.705652 0.684001 0.588696 0.60643
0 0.92372 0.532428 0.15256 0.935145
3 0.0588733 0.507755 0.117747 0.868739
4 0.0244329 0.674692 0.0488657 0.638526
3 0.542986 0.203388 0.857577 0.406777
4 0.0794477 0.74351 0.158895 0.482553
0 0.542986 0.203388 0.857577 0.406777
4 0.881988 0.78335 0.236025 0.4202
4 0.810049 0.106393 0.379902 0.212786
4 0.220583 0.230058 0.441166 0.460116
0 0.944795 0.513132 0.110411 0.618322
0 0.0867031 0.228121 0.173406 0.456242
4 0.944327 0.617092 0.111347 0.714619
3 0.22488 0.768764 0.439414 0.459759
3 0.180946 0.281163 0.358705 0.556883
4 0.622277 0.10182 0.755446 0.20364
1 0.138444 0.830092 0.276888 0.326275
0 0.220583 0.230058 0.441166 0.460116
0 0.912179 0.3492 0.175642 0.691002
4 0.367444 0.0907338 0.734888 0.181468
4 0.196769 0.179444 0.393537 0.358889
4 0.595589 0.665849 0.150499 0.600526
3 0.0598368 0.683404 0.119674 0.615373
3 0.0947982 0.472579 0.189596 0.914897
4 0.92372 0.532428 0.15256 0.935145
0 0.455451 0.436144 0.708338 0.866277
4 0.568052 0.689649 0.247031 0.601119
3 0.220583 0.230058 0.441166 0.460116
3 0.448783 0.294706 0.427757 0.569036
4 0.455451 0.436144 0.708338 0.866277
2 0.813867 0.787062 0.372267 0.417217
0 0.842048 0.262331 0.315905 0.524662
4 0.0256145 0.464132 0.0512291 0.755283
4 0.0867031 0.228121 0.173406 0.456242
4 0.542986 0.203388 0.857577 0.406777
2 0.189044 0.761549 0.374333 0.456215
4 0.0311102 0.389972 0.0622205 0.764634
4 0.647766 0.1678 0.695798 0.3356
0 0.0311102 0.389972 0.0622205 0.764634
4 0.14663 0.831426 0.292816 0.321721
0 0.236658 0.5 0.456462 1
1 0.343188 0.771816 0.68338 0.449026
4 0.0444563 0.285411 0.0889126 0.570822
4 0.208669 0.122761 0.417337 0.245523
4 0.760336 0.521073 0.450892 0.957853
2 0.15439 0.816113 0.307639 0.354738
4 0.842048 0.262331 0.315905 0.524662
4 0.912179 0.3492 0.175642 0.691002
4 0.155028 0.264906 0.309523 0.522877
2 0.814715 0.620867 0.370571 0.743346
4 0.221278 0.5 0.442557 1
0 0.0490287 0.241194 0.0980574 0.482389
4 0.631273 0.564478 0.164528 0.871044
2 0.903297 0.804075 0.193406 0.379006
1 0.690815 0.776534 0.61837 0.440098
4 0.0429103 0.730101 0.0858207 0.537521
4 0.0255917 0.800584 0.0511833 0.387185
4 0.153995 0.503286 0.307116 0.993429
1 0.903297 0.804075 0.193406 0.379006
4 0.671246 0.496674 0.598739 0.944194
4 0.806143 0.387783 0.387714 0.752007
4 0.578491 0.492936 0.403041 0.937901
0 0.701429 0.175465 0.595153 0.350931
2 0.595589 0.665849 0.150499 0.600526
4 0.0363966 0.771939 0.0727933 0.455403
0 0.782372 0.306123 0.435257 0.612246
0 0.705652 0.684001 0.588696 0.60643
1 0.22488 0.768764 0.439414 0.459759
4 0.168496 0.66539 0.33629 0.645416
4 0.748431 0.110454 0.503139 0.220909
3 0.1081 0.249965 0.216199 0.483527
1 0.488093 0.643288 0.399309 0.669769
0 0.771276 0.504575 0.450169 0.974166
2 0.448783 0.294706 0.427757 0.569036
2 0.944795 0.513132 0.110411 0.618322
4 0.188117 0.573027 0.37308 0.833494
0 0.155028 0.264906 0.309523 0.522877
4 0.0588733 0.507755 0.117747 0.868739
2 0.837353 0.473206 0.325295 0.889267
2 0.927633 0.541531 0.144733 0.73997
2 0.921728 0.411422 0.156544 0.7176
4 0.747453 0.205551 0.505094 0.411101
0 0.806143 0.387783 0.387714 0.752007
2 0.782372 0.306123 0.435257 0.612246
4 0.0598368 0.683404 0.119674 0.615373
4 0.0947982 0.472579 0.189596 0.914897
4 0.589785 0.362168 0.760175 0.715376
2 0.0794477 0.74351 0.158895 0.482553
3 0.810815 0.74711 0.378371 0.493786
2 0.568052 0.689649 0.247031 0.601119
0 0.671246 0.496674 0.598739 0.944194
1 0.188966 0.234701 0.37472 0.45405
2 0.0308173 0.811036 0.0616345 0.377928
2 0.455451 0.436144 0.708338 0.866277
1 0.172567 0.502332 0.343053 0.995336
2 0.666328 0.113729 0.667345 0.227459
2 0.631467 0.656337 0.140204 0.645664
0 0.188117 0.573027 0.37308 0.833494
2 0.33262 0.769014 0.560035 0.461971
1 0.595589 0.665849 0.150499 0.600526
2 0.647766 0.1678 0.695798 0.3356
0 0.353463 0.493827 0.627648 0.986142
2 0.132397 0.216894 0.264795 0.414792
2 0.278427 0.5 0.556854 1
1 0.0255917 0.800584 0.0511833 0.387185
1 0.823416 0.612297 0.353168 0.772038
0 0.589785 0.362168 0.760175 0.715376
0 0.0598368 0.683404 0.119674 0.615373
4 0.782372 0.306123 0.435257 0.612246
2 0.181958 0.500715 0.363773 0.99857
1 0.40138 0.275286 0.499596 0.535078
2 0.810049 0.106393 0.379902 0.212786
2 0.512922 0.3303 0.782244 0.660601
2 0.371537 0.264868 0.557504 0.524728
2 0.746341 0.781371 0.506854 0.437258
2 0.935352 0.759434 0.129297 0.47317
2 0.759846 0.665097 0.480308 0.652859
4 0.482549 0.603647 0.416748 0.768295
2 0.748431 0.110454 0.503139 0.220909
2 0.542986 0.203388 0.857577 0.406777
1 0.705652 0.684001 0.588696 0.60643
1 0.0363966 0.771939 0.0727933 0.455403
2 0.0588733 0.507755 0.117747 0.868739
1 0.935352 0.759434 0.129297 0.47317
2 0.747453 0.205551 0.505094 0.411101
2 0.0598368 0.683404 0.119674 0.615373
0 0.578491 0.492936 0.403041 0.937901
1 0.266347 0.239104 0.519237 0.464626
1 0.777466 0.396717 0.443657 0.771625
1 0.0794477 0.74351 0.158895 0.482553
2 0.208669 0.122761 0.417337 0.245523
2 0.842048 0.262331 0.315905 0.524662
2 0.73877 0.393305 0.51545 0.767208
2 0.298891 0.0893769 0.597782 0.178754
2 0.196769 0.179444 0.393537 0.358889
0 0.168496 0.66539 0.33629 0.645416
0 0.0588733 0.507755 0.117747 0.868739
2 0.0255917 0.800584 0.0511833 0.387185
2 0.631273 0.564478 0.164528 0.871044
1 0.63288 0.683783 0.183263 0.611752
1 0.604292 0.618548 0.121408 0.741399
1 0.701429 0.175465 0.595153 0.350931
2 0.453265 0.465528 0.417326 0.923522
2 0.0311102 0.389972 0.0622205 0.764634
1 0.589785 0.362168 0.760175 0.715376
2 0.144922 0.688568 0.288398 0.601782
2 0.0947982 0.472579 0.189596 0.914897
2 0.425892 0.0691362 0.826736 0.138272
1 0.0947982 0.472579 0.189596 0.914897
2 0.0256145 0.464132 0.0512291 0.755283
2 0.2834 0.246049 0.558844 0.492098
2 0.0230307 0.645692 0.0460614 0.690486
2 0.760336 0.521073 0.450892 0.957853
1 0.0308173 0.811036 0.0616345 0.377928
1 0.240435 0.133378 0.480871 0.266756
2 0.188575 0.224584 0.37715 0.446894
2 0.0363966 0.771939 0.0727933 0.455403
1 0.474279 0.514863 0.40775 0.916217
1 0.0429103 0.730101 0.0858207 0.537521
0 0.631273 0.564478 0.164528 0.871044
1 0.273953 0.50323 0.547906 0.99354
2 0.550202 0.0833065 0.864622 0.166613
2 0.0444563 0.285411 0.0889126 0.570822
2 0.671246 0.496674 0.598739 0.944194
2 0.604292 0.618548 0.121408 0.741399
1 0.196769 0.179444 0.393537 0.358889
2 0.0429103 0.730101 0.0858207 0.537521
1 0.494961 0.439399 0.824425 0.878799
1 0.0244329 0.674692 0.0488657 0.638526
0 0.142406 0.503021 0.284813 0.993958
0 0.0947982 0.472579 0.189596 0.914897
1 0.550202 0.0833065 0.864622 0.166613
1 0.842048 0.262331 0.315905 0.524662
1 0.810049 0.106393 0.379902 0.212786
1 0.944327 0.617092 0.111347 0.714619
1 0.0598368 0.683404 0.119674 0.615373
2 0.0867031 0.228121 0.173406 0.456242
1 0.0490287 0.241194 0.0980574 0.482389
0 0.500604 0.767137 0.376489 0.459587
1 0.495653 0.768495 0.376409 0.460343
0 0.593631 0.756818 0.563489 0.470739
0 0.814039 0.787175 0.371922 0.417025
0 0.206262 0.767559 0.402042 0.454447
0 0.138368 0.830285 0.276736 0.325933
4 0.495653 0.768495 0.376409 0.460343
0 0.148736 0.769974 0.297473 0.440207
0 0.814796 0.621228 0.370408 0.742701
4 0.593631 0.756818 0.563489 0.470739
2 0.496154 0.772961 0.374673 0.454079
3 0.31199 0.502175 0.623981 0.99565
3 0.521512 0.772449 0.379954 0.455103
0 0.430268 0.356132 0.457824 0.705579
0 0.512551 0.0492768 0.974899 0.0985536
0 0.595915 0.665896 0.149323 0.599705
3 0.842048 0.545089 0.315904 0.871544
3 0.632498 0.683889 0.181998 0.61168
3 0.793453 0.516641 0.413094 0.952715
3 0.236359 0.5 0.455415 1
3 0.447022 0.487635 0.449295 0.970503
3 0.746218 0.781488 0.507124 0.437023
0 0.568877 0.689756 0.245134 0.601063
3 0.188044 0.787036 0.370067 0.425927
3 0.162067 0.5 0.324134 1
4 0.198874 0.768804 0.391991 0.448988
3 0.593631 0.756818 0.563489 0.470739
3 0.196384 0.178874 0.392769 0.357748
3 0.579616 0.492759 0.396475 0.936638
3 0.82756 0.792696 0.34488 0.414608
3 0.160557 0.751008 0.320679 0.476482
3 0.739892 0.393103 0.513233 0.766718
0 0.35431 0.0840027 0.70862 0.168005
3 0.495079 0.439026 0.822504 0.878053
0 0.903664 0.804032 0.192671 0.379108
3 0.904159 0.804965 0.191682 0.390069
0 0.0246249 0.674559 0.0492498 0.638834
3 0.604437 0.618682 0.12073 0.739882
3 0.932327 0.68844 0.135345 0.606544
0 0.196384 0.178874 0.392769 0.357748
3 0.631219 0.565787 0.163562 0.868427
0 0.550416 0.0837205 0.86418 0.167441
3 0.673555 0.496547 0.593042 0.94334
3 0.83372 0.379644 0.332561 0.737804
3 0.923721 0.532548 0.152558 0.934903
3 0.784675 0.106826 0.430651 0.213653
0 0.935297 0.759916 0.129406 0.472281
3 0.524608 0.0376017 0.950783 0.0752033
3 0.156634 0.227895 0.311972 0.432546
3 0.0370364 0.771901 0.0740727 0.455309
0 0.81014 0.106585 0.379719 0.21317
3 0.944785 0.512708 0.11043 0.617222
3 0.801075 0.266065 0.397849 0.532131
3 0.519578 0.0680624 0.934366 0.136125
3 0.590665 0.362742 0.758 0.716409
3 0.298633 0.0890895 0.597266 0.178179
4 0.904159 0.804965 0.191682 0.390069
0 0.336295 0.764329 0.666575 0.459767
3 0.760221 0.665129 0.479559 0.653001
3 0.147584 0.821415 0.29358 0.357171
4 0.448781 0.295565 0.427757 0.570843
3 0.0861404 0.228123 0.172281 0.456245
4 0.804028 0.55541 0.391943 0.864018
3 0.912412 0.349422 0.175177 0.690906
3 0.0230901 0.645677 0.0461802 0.69022
3 0.62271 0.102145 0.754581 0.20429
3 0.595915 0.665896 0.149323 0.599705
3 0.0491464 0.241244 0.0982928 0.482489
4 0.693365 0.775679 0.547856 0.448642
0 0.340345 0.270999 0.61437 0.527963
4 0.932327 0.68844 0.135345 0.606544
0 0.837426 0.471761 0.325147 0.886103
0 0.48807 0.643558 0.399328 0.669339
4 0.817965 0.79069 0.36407 0.41862
1 0.822191 0.801454 0.355618 0.385912
3 0.239918 0.133729 0.479836 0.267458
3 0.333094 0.769179 0.560668 0.461643
3 0.64826 0.168214 0.694804 0.336428
4 0.519578 0.0680624 0.934366 0.136125
4 0.459311 0.505047 0.414152 0.989906
0 0.631463 0.65691 0.139802 0.643926
3 0.0788583 0.74351 0.157717 0.482566
0 0.666632 0.113938 0.666737 0.227876
3 0.48807 0.643558 0.399328 0.669339
0 0.726972 0.762076 0.546056 0.46016
1 0.568877 0.689756 0.245134 0.601063
3 0.747841 0.206617 0.504319 0.413235
3 0.0310761 0.811096 0.0621521 0.377809
3 0.0259851 0.800688 0.0519703 0.386908
0 0.164547 0.806307 0.321135 0.387386
0 0.748809 0.110695 0.502381 0.221389
3 0.490144 0.307331 0.906973 0.614661
4 0.333094 0.769179 0.560668 0.461643
4 0.604437 0.618682 0.12073 0.739882
4 0.164547 0.806307 0.321135 0.387386
4 0.132436 0.216889 0.264872 0.414803
0 0.604437 0.618682 0.12073 0.739882
3 0.0435501 0.729915 0.0871003 0.537743
0 0.0435501 0.729915 0.0871003 0.537743
3 0.311492 0.256449 0.622478 0.510054
0 0.0788583 0.74351 0.157717 0.482566
3 0.0311203 0.38989 0.0622405 0.764313
4 0.372384 0.265086 0.555765 0.525134
3 0.568877 0.689756 0.245134 0.601063
4 0.0310761 0.811096 0.0621521 0.377809
3 0.882353 0.783427 0.235294 0.420085
0 0.0259851 0.800688 0.0519703 0.386908
0 0.490144 0.307331 0.906973 0.614661
3 0.025578 0.463643 0.0511561 0.752835
1 0.16592 0.79012 0.328926 0.406266
4 0.841152 0.497432 0.317695 0.64284
1 0.593631 0.756818 0.563489 0.470739
0 0.131531 0.22235 0.263062 0.421733
4 0.490144 0.307331 0.906973 0.614661
4 0.524608 0.0376017 0.950783 0.0752033
0 0.239918 0.133729 0.479836 0.267458
4 0.632498 0.683889 0.181998 0.61168
4 0.354148 0.493865 0.626134 0.986171
0 0.0310761 0.811096 0.0621521 0.377809
4 0.706304 0.683878 0.587392 0.606738
3 0.0587735 0.507277 0.117547 0.866983
0 0.461519 0.485225 0.412124 0.93938
3 0.543476 0.203695 0.856391 0.407389
4 0.0246249 0.674559 0.0492498 0.638834
4 0.0788583 0.74351 0.157717 0.482566
4 0.882353 0.783427 0.235294 0.420085
0 0.025578 0.463643 0.0511561 0.752835
0 0.923721 0.532548 0.152558 0.934903
0 0.0370364 0.771901 0.0740727 0.455309
4 0.81014 0.106585 0.379719 0.21317
4 0.220344 0.23011 0.440688 0.46022
0 0.543476 0.203695 0.856391 0.407389
4 0.944273 0.616812 0.111453 0.71458
3 0.224929 0.768761 0.439415 0.45993
0 0.944785 0.512708 0.11043 0.617222
0 0.0861404 0.228123 0.172281 0.456245
3 0.180712 0.281304 0.35825 0.557155
1 0.138368 0.830285 0.276736 0.325933
4 0.62271 0.102145 0.754581 0.20429
4 0.36698 0.0913163 0.733961 0.182633
4 0.196384 0.178874 0.392769 0.357748
4 0.595915 0.665896 0.149323 0.599705
3 0.059646 0.683515 0.119292 0.614756
0 0.220344 0.23011 0.440688 0.46022
0 0.912412 0.349422 0.175177 0.690906
3 0.0945488 0.472527 0.189098 0.914773
4 0.923721 0.532548 0.152558 0.934903
3 0.220344 0.23011 0.440688 0.46022
4 0.568877 0.689756 0.245134 0.601063
3 0.448781 0.295565 0.427757 0.570843
4 0.455196 0.435971 0.702596 0.865775
2 0.814039 0.787175 0.371922 0.417025
4 0.025578 0.463643 0.0511561 0.752835
0 0.455196 0.435971 0.702596 0.865775
4 0.0861404 0.228123 0.172281 0.456245
4 0.543476 0.203695 0.856391 0.407389
4 0.0311203 0.38989 0.0622405 0.764313
0 0.842178 0.262528 0.315645 0.525057
2 0.189103 0.761467 0.374442 0.456445
4 0.64826 0.168214 0.694804 0.336428
4 0.146479 0.831899 0.292506 0.320811
0 0.0311203 0.38989 0.0622405 0.764313
1 0.3435 0.7718 0.684003 0.449099
4 0.0445769 0.285664 0.0891539 0.571329
4 0.208033 0.122694 0.416066 0.245389
0 0.236359 0.5 0.455415 1
4 0.760585 0.521263 0.449094 0.957474
2 0.154181 0.816772 0.307211 0.35349
4 0.842178 0.262528 0.315645 0.525057
4 0.912412 0.349422 0.175177 0.690906
4 0.154785 0.265229 0.309042 0.523458
2 0.814796 0.621228 0.370408 0.742701
4 0.220787 0.5 0.441574 1
4 0.631219 0.565787 0.163562 0.868427
1 0.690763 0.776539 0.618473 0.440152
4 0.0435501 0.729915 0.0871003 0.537743
2 0.903664 0.804032 0.192671 0.379108
4 0.0259851 0.800688 0.0519703 0.386908
4 0.15375 0.503302 0.306643 0.993396
0 0.0491464 0.241244 0.0982928 0.482489
1 0.903664 0.804032 0.192671 0.379108
4 0.673555 0.496547 0.593042 0.94334
4 0.806482 0.387684 0.387035 0.751769
4 0.579616 0.492759 0.396475 0.936638
2 0.595915 0.665896 0.149323 0.599705
4 0.0370364 0.771901 0.0740727 0.455309
0 0.701763 0.175708 0.594486 0.351417
1 0.224929 0.768761 0.439415 0.45993
4 0.168262 0.665898 0.335868 0.644558
0 0.782679 0.308012 0.434642 0.616024
0 0.706304 0.683878 0.587392 0.606738
4 0.748809 0.110695 0.502381 0.221389
3 0.107923 0.249979 0.215847 0.483549
1 0.48807 0.643558 0.399328 0.669339
2 0.448781 0.295565 0.427757 0.570843
2 0.944785 0.512708 0.11043 0.617222
0 0.771307 0.504871 0.449683 0.973695
4 0.188001 0.575086 0.372848 0.829556
4 0.0587735 0.507277 0.117547 0.866983
2 0.837426 0.471761 0.325147 0.886103
2 0.927563 0.541386 0.144873 0.738596
4 0.747841 0.206617 0.504319 0.413235
2 0.921715 0.411354 0.15657 0.717448
0 0.154785 0.265229 0.309042 0.523458
2 0.782679 0.308012 0.434642 0.616024
4 0.059646 0.683515 0.119292 0.614756
4 0.0945488 0.472527 0.189098 0.914773
4 0.590665 0.362742 0.758 0.716409
0 0.806482 0.387684 0.387035 0.751769
2 0.0788583 0.74351 0.157717 0.482566
3 0.810851 0.747995 0.378298 0.492085
1 0.188748 0.234634 0.3743 0.453959
2 0.568877 0.689756 0.245134 0.601063
2 0.0310761 0.811096 0.0621521 0.377809
2 0.455196 0.435971 0.702596 0.865775
0 0.673555 0.496547 0.593042 0.94334
2 0.666632 0.113938 0.666737 0.227876
1 0.172307 0.502355 0.342572 0.99529
2 0.631463 0.65691 0.139802 0.643926
2 0.333094 0.769179 0.560668 0.461643
1 0.595915 0.665896 0.149323 0.599705
2 0.64826 0.168214 0.694804 0.336428
2 0.132436 0.216889 0.264872 0.414803
1 0.0259851 0.800688 0.0519703 0.386908
2 0.277963 0.5 0.555926 1
0 0.188001 0.575086 0.372848 0.829556
1 0.823445 0.61205 0.353111 0.772598
0 0.354148 0.493865 0.626134 0.986171
4 0.782679 0.308012 0.434642 0.616024
2 0.181771 0.500768 0.363478 0.998464
1 0.401972 0.275495 0.498412 0.53558
2 0.511713 0.331235 0.778611 0.66247
2 0.81014 0.106585 0.379719 0.21317
0 0.590665 0.362742 0.758 0.716409
0 0.059646 0.683515 0.119292 0.614756
2 0.372384 0.265086 0.555765 0.525134
2 0.746218 0.781488 0.507124 0.437023
2 0.935297 0.759916 0.129406 0.472281
4 0.482496 0.603466 0.416776 0.768766
2 0.760221 0.665129 0.479559 0.653001
2 0.748809 0.110695 0.502381 0.221389
2 0.543476 0.203695 0.856391 0.407389
1 0.0370364 0.771901 0.0740727 0.455309
1 0.706304 0.683878 0.587392 0.606738
2 0.0587735 0.507277 0.117547 0.866983
1 0.935297 0.759916 0.129406 0.472281
2 0.059646 0.683515 0.119292 0.614756
2 0.747841 0.206617 0.504319 0.413235
1 0.266103 0.23912 0.518721 0.464705
1 0.739892 0.393103 0.513233 0.766718
1 0.0788583 0.74351 0.157717 0.482566
2 0.208033 0.122694 0.416066 0.245389
2 0.842178 0.262528 0.315645 0.525057
2 0.739892 0.393103 0.513233 0.766718
0 0.579616 0.492759 0.396475 0.936638
2 0.298633 0.0890895 0.597266 0.178179
2 0.196384 0.178874 0.392769 0.357748
2 0.631219 0.565787 0.163562 0.868427
1 0.632498 0.683889 0.181998 0.61168
2 0.0259851 0.800688 0.0519703 0.386908
0 0.168262 0.665898 0.335868 0.644558
1 0.604437 0.618682 0.12073 0.739882
1 0.701763 0.175708 0.594486 0.351417
2 0.453147 0.465027 0.417448 0.922495
0 0.0587735 0.507277 0.117547 0.866983
2 0.144492 0.688676 0.287545 0.601637
2 0.0311203 0.38989 0.0622405 0.764313
1 0.590665 0.362742 0.758 0.716409
2 0.425365 0.0698321 0.825684 0.139664
2 0.0945488 0.472527 0.189098 0.914773
1 0.0945488 0.472527 0.189098 0.914773
2 0.025578 0.463643 0.0511561 0.752835
2 0.0230901 0.645677 0.0461802 0.69022
2 0.282999 0.246275 0.55804 0.49255
2 0.760585 0.521263 0.449094 0.957474
1 0.239918 0.133729 0.479836 0.267458
1 0.0310761 0.811096 0.0621521 0.377809
2 0.188372 0.224637 0.376743 0.446765
1 0.474131 0.51545 0.407702 0.915039
2 0.0370364 0.771901 0.0740727 0.455309
1 0.0435501 0.729915 0.0871003 0.537743
1 0.273558 0.503257 0.547116 0.993486
2 0.550416 0.0837205 0.86418 0.167441
0 0.631219 0.565787 0.163562 0.868427
2 0.0445769 0.285664 0.0891539 0.571329
2 0.673555 0.496547 0.593042 0.94334
1 0.782679 0.308012 0.434642 0.616024
2 0.604437 0.618682 0.12073 0.739882
1 0.196384 0.178874 0.392769 0.357748
2 0.0435501 0.729915 0.0871003 0.537743
1 0.495079 0.439026 0.822504 0.878053
1 0.0246249 0.674559 0.0492498 0.638834
1 0.550416 0.0837205 0.86418 0.167441
1 0.842178 0.262528 0.315645 0.525057
1 0.81014 0.106585 0.379719 0.21317
1 0.059646 0.683515 0.119292 0.614756
1 0.944273 0.616812 0.111453 0.71458
2 0.0861404 0.228123 0.172281 0.456245
1 0.0491464 0.241244 0.0982928 0.482489
0 0.142003 0.503058 0.284005 0.993884
