0 0.501199 0.706103 0.113962 0.253613
1 0.500862 0.704011 0.112492 0.260703
0 0.815526 0.791285 0.36529 0.405435
0 0.760748 0.801728 0.253431 0.37269
4 0.501643 0.701213 0.116131 0.266237
0 0.500972 0.635064 0.116601 0.385513
0 0.806234 0.377124 0.0502609 0.167073
0 0.805579 0.403927 0.0470341 0.115232
2 0.500862 0.704011 0.112492 0.260703
1 0.500972 0.635064 0.116601 0.385513
0 0.554339 0.746076 0.241165 0.362011
0 0.376899 0.745663 0.366336 0.377439
0 0.829529 0.404292 0.0942644 0.138557
4 0.814386 0.792361 0.371228 0.406158
3 0.869673 0.748882 0.260655 0.502236
0 0.250367 0.823162 0.456563 0.340109
3 0.338282 0.759862 0.467516 0.480276
3 0.452743 0.417112 0.234853 0.7896
3 0.591169 0.778177 0.358662 0.443647
3 0.399068 0.451583 0.268312 0.789834
0 0.637861 0.026118 0.724277 0.052236
0 0.523038 0.0324383 0.865819 0.0648765
3 0.708317 0.3358 0.583367 0.6716
3 0.814298 0.764094 0.371405 0.471811
3 0.944349 0.621528 0.111301 0.324891
3 0.899164 0.403991 0.201672 0.765428
4 0.576583 0.769404 0.300016 0.414751
4 0.487482 0.783257 0.246174 0.433486
3 0.653893 0.795277 0.305846 0.395993
4 0.500972 0.635064 0.116601 0.385513
0 0.351152 0.726098 0.426483 0.525549
3 0.494192 0.415026 0.172431 0.801456
3 0.334814 0.477808 0.277576 0.866843
3 0.416376 0.760366 0.496834 0.479268
3 0.946468 0.822698 0.107064 0.354605
3 0.846492 0.689921 0.306268 0.613748
3 0.504937 0.412429 0.415541 0.824262
2 0.806234 0.377124 0.0502609 0.167073
0 0.766259 0.219908 0.467482 0.439816
3 0.53511 0.775581 0.222324 0.448837
3 0.545854 0.653521 0.226502 0.437615
0 0.437221 0.769222 0.245583 0.426466
3 0.443562 0.0288731 0.877252 0.0577462
3 0.487482 0.783257 0.246174 0.433486
3 0.942379 0.784714 0.115242 0.420354
3 0.66484 0.777793 0.288901 0.444413
3 0.84124 0.780703 0.31752 0.438593
3 0.128408 0.64246 0.255697 0.704615
3 0.60021 0.491058 0.412122 0.924659
0 0.808911 0.334697 0.0555023 0.284493
3 0.768112 0.140627 0.463776 0.281253
3 0.174319 0.430595 0.31964 0.808952
3 0.232544 0.830534 0.45301 0.338932
3 0.644308 0.0460938 0.711385 0.0921876
3 0.879576 0.587754 0.227913 0.623596
3 0.270755 0.699749 0.525645 0.56714
3 0.818868 0.314322 0.362265 0.628643
0 0.944402 0.809738 0.111197 0.380524
3 0.787374 0.792557 0.320893 0.414885
3 0.793945 0.191617 0.41211 0.383233
0 0.815051 0.626438 0.0840103 0.729403
3 0.289478 0.791839 0.505197 0.404508
3 0.372628 0.0675161 0.745255 0.135032
3 0.392697 0.0422738 0.785393 0.0845476
3 0.341826 0.230654 0.683651 0.461308
3 0.215584 0.500962 0.377132 0.918591
3 0.503308 0.632865 0.11608 0.390742
3 0.117668 0.420416 0.232754 0.799082
0 0.644308 0.0460938 0.711385 0.0921876
3 0.674972 0.611659 0.267363 0.735938
3 0.959298 0.576527 0.0814046 0.22424
3 0.361665 0.666665 0.310913 0.601294
3 0.199297 0.252092 0.398593 0.504185
3 0.603171 0.595018 0.33602 0.809963
0 0.53511 0.775581 0.222324 0.448837
0 0.133962 0.850582 0.266485 0.289647
3 0.945425 0.335296 0.10915 0.633108
3 0.960309 0.627983 0.0793825 0.274199
3 0.510886 0.409598 0.263098 0.819195
3 0.322241 0.110259 0.644482 0.220518
3 0.441445 0.210236 0.727216 0.420473
4 0.416376 0.760366 0.496834 0.479268
3 0.028422 0.755996 0.0568441 0.488007
0 0.794457 0.104965 0.411086 0.209929
3 0.655233 0.227532 0.654494 0.455063
3 0.805579 0.403927 0.0470341 0.115232
0 0.713811 0.180728 0.572378 0.361456
0 0.959298 0.576527 0.0814046 0.22424
3 0.815051 0.626438 0.0840103 0.729403
3 0.306625 0.282098 0.285748 0.564196
3 0.637861 0.026118 0.724277 0.052236
3 0.0295245 0.840394 0.059049 0.319211
3 0.0242588 0.820495 0.0485176 0.35901
3 0.829529 0.404292 0.0942644 0.138557
3 0.651878 0.0800873 0.696245 0.160175
0 0.824945 0.394211 0.0886375 0.188379
3 0.824945 0.394211 0.0886375 0.188379
4 0.644308 0.0460938 0.711385 0.0921876
3 0.414722 0.377424 0.368532 0.749087
0 0.494192 0.415026 0.172431 0.801456
3 0.406729 0.743611 0.337926 0.512777
2 0.340075 0.779391 0.436996 0.412819
0 0.728395 0.790489 0.213168 0.419023
3 0.119338 0.262683 0.238677 0.525366
0 0.651878 0.0800873 0.696245 0.160175
0 0.113939 0.139545 0.227878 0.279089
0 0.173244 0.802225 0.344512 0.384687
0 0.846492 0.689921 0.306268 0.613748
3 0.281414 0.390624 0.254546 0.748044
3 0.794457 0.104965 0.411086 0.209929
3 0.869815 0.206034 0.260369 0.412067
3 0.107112 0.554984 0.210862 0.710588
0 0.773785 0.524252 0.110376 0.367124
3 0.93398 0.226328 0.132041 0.437217
3 0.134091 0.312959 0.268182 0.614836
3 0.382047 0.260332 0.336762 0.512487
3 0.781653 0.383626 0.0958887 0.192342
3 0.702109 0.787468 0.19853 0.398899
3 0.728395 0.790489 0.213168 0.419023
3 0.713811 0.180728 0.572378 0.361456
4 0.250268 0.748408 0.474591 0.493403
2 0.805579 0.403927 0.0470341 0.115232
3 0.536948 0.725293 0.209863 0.310914
3 0.113939 0.139545 0.227878 0.279089
0 0.287391 0.759722 0.542574 0.475757
4 0.425862 0.196524 0.589774 0.393049
4 0.699863 0.252411 0.600274 0.504823
0 0.941247 0.282735 0.117506 0.549308
4 0.544627 0.0290692 0.854029 0.0581384
0 0.89479 0.354122 0.21042 0.696001
3 0.442986 0.236485 0.361695 0.45773
3 0.211092 0.310459 0.292723 0.609799
3 0.118869 0.834842 0.237739 0.330315
0 0.646367 0.328775 0.707266 0.65755
4 0.946468 0.822698 0.107064 0.354605
3 0.326789 0.810576 0.41104 0.378847
0 0.844812 0.298986 0.310376 0.592512
4 0.646367 0.328775 0.707266 0.65755
0 0.0228354 0.621489 0.0456708 0.757022
1 0.636023 0.779847 0.338844 0.426747
3 0.0306888 0.290564 0.0613776 0.581127
0 0.382296 0.773302 0.365109 0.453395
3 0.497495 0.712956 0.124586 0.275333
4 0.340075 0.779391 0.436996 0.412819
0 0.946468 0.822698 0.107064 0.354605
4 0.892771 0.331026 0.214459 0.660731
0 0.322241 0.110259 0.644482 0.220518
3 0.739834 0.660732 0.270515 0.678537
4 0.806234 0.377124 0.0502609 0.167073
4 0.651878 0.0800873 0.696245 0.160175
3 0.0262358 0.574512 0.0524716 0.789369
2 0.437221 0.769222 0.245583 0.426466
4 0.808911 0.334697 0.0555023 0.284493
4 0.653893 0.795277 0.305846 0.395993
3 0.173244 0.802225 0.344512 0.384687
3 0.101925 0.349555 0.203851 0.685039
0 0.768112 0.140627 0.463776 0.281253
3 0.609277 0.179796 0.56943 0.359593
0 0.372628 0.0675161 0.745255 0.135032
0 0.84124 0.780703 0.31752 0.438593
0 0.392697 0.0422738 0.785393 0.0845476
0 0.94091 0.750135 0.118179 0.480052
4 0.942379 0.784714 0.115242 0.420354
3 0.808911 0.334697 0.0555023 0.284493
4 0.0758575 0.778192 0.151715 0.439293
4 0.660257 0.175118 0.679485 0.350236
0 0.0844286 0.853363 0.168857 0.282885
4 0.494192 0.415026 0.172431 0.801456
0 0.960309 0.627983 0.0793825 0.274199
3 0.0298755 0.478112 0.059751 0.707809
4 0.84124 0.780703 0.31752 0.438593
2 0.824945 0.394211 0.0886375 0.188379
3 0.0300681 0.386481 0.0601363 0.741585
3 0.613865 0.284853 0.530912 0.569705
4 0.824945 0.394211 0.0886375 0.188379
4 0.728395 0.790489 0.213168 0.419023
0 0.326789 0.810576 0.41104 0.378847
0 0.555764 0.30611 0.431046 0.612221
4 0.731013 0.796221 0.194902 0.382029
2 0.250367 0.823162 0.456563 0.340109
3 0.208862 0.146736 0.417723 0.293472
4 0.805579 0.403927 0.0470341 0.115232
3 0.133962 0.850582 0.266485 0.289647
4 0.853736 0.280813 0.292527 0.558402
3 0.0451599 0.210753 0.0903198 0.421505
0 0.361665 0.666665 0.310913 0.601294
3 0.0279688 0.657855 0.0559375 0.684289
0 0.208862 0.146736 0.417723 0.293472
0 0.510886 0.409598 0.263098 0.819195
3 0.0694193 0.62306 0.138839 0.706795
0 0.699863 0.252411 0.600274 0.504823
0 0.0969869 0.856956 0.193974 0.286088
3 0.529201 0.245164 0.432252 0.486255
4 0.173244 0.802225 0.344512 0.384687
4 0.766259 0.219908 0.467482 0.439816
3 0.773785 0.524252 0.110376 0.367124
0 0.869815 0.206034 0.260369 0.412067
2 0.316727 0.813226 0.342424 0.352135
4 0.945425 0.335296 0.10915 0.633108
2 0.554339 0.746076 0.241165 0.362011
4 0.233686 0.82532 0.452914 0.340556
0 0.0279688 0.657855 0.0559375 0.684289
0 0.128408 0.64246 0.255697 0.704615
4 0.519127 0.211378 0.497472 0.422755
4 0.510886 0.409598 0.263098 0.819195
4 0.66484 0.777793 0.288901 0.444413
4 0.413072 0.0304758 0.826144 0.0609517
4 0.133962 0.850582 0.266485 0.289647
0 0.553783 0.201622 0.465818 0.403245
0 0.592869 0.773691 0.321125 0.452618
4 0.592869 0.773691 0.321125 0.452618
3 0.806234 0.377124 0.0502609 0.167073
4 0.0279688 0.657855 0.0559375 0.684289
0 0.316727 0.813226 0.342424 0.352135
4 0.93398 0.226328 0.132041 0.437217
2 0.815051 0.626438 0.0840103 0.729403
1 0.805579 0.403927 0.0470341 0.115232
0 0.50704 0.234718 0.402467 0.460535
0 0.416376 0.760366 0.496834 0.479268
4 0.215808 0.675907 0.426937 0.638617
4 0.613865 0.284853 0.530912 0.569705
3 0.376899 0.745663 0.366336 0.377439
4 0.794457 0.104965 0.411086 0.209929
1 0.376899 0.745663 0.366336 0.377439
4 0.959298 0.576527 0.0814046 0.22424
1 0.216555 0.827346 0.430752 0.33266
3 0.0761629 0.539728 0.152326 0.520773
0 0.0451599 0.210753 0.0903198 0.421505
0 0.140127 0.15196 0.280254 0.30392
0 0.425862 0.196524 0.589774 0.393049
0 0.0298755 0.478112 0.059751 0.707809
0 0.949557 0.402799 0.100887 0.546229
4 0.0337672 0.428006 0.0675343 0.704015
3 0.140127 0.15196 0.280254 0.30392
4 0.391978 0.231444 0.737997 0.462888
0 0.653893 0.795277 0.305846 0.395993
4 0.0228354 0.621489 0.0456708 0.757022
0 0.452743 0.417112 0.234853 0.7896
4 0.028422 0.755996 0.0568441 0.488007
4 0.521542 0.373747 0.428134 0.747495
4 0.113939 0.139545 0.227878 0.279089
4 0.0242588 0.820495 0.0485176 0.35901
4 0.452743 0.417112 0.234853 0.7896
4 0.382296 0.773302 0.365109 0.453395
0 0.0610072 0.647764 0.122014 0.704473
4 0.0295245 0.840394 0.059049 0.319211
4 0.0451599 0.210753 0.0903198 0.421505
2 0.382296 0.773302 0.365109 0.453395
0 0.138153 0.259167 0.276305 0.518334
4 0.0307706 0.350834 0.0615412 0.701667
4 0.128408 0.64246 0.255697 0.704615
4 0.869815 0.206034 0.260369 0.412067
4 0.768112 0.140627 0.463776 0.281253
0 0.0306888 0.290564 0.0613776 0.581127
4 0.829529 0.404292 0.0942644 0.138557
4 0.0610072 0.647764 0.122014 0.704473
4 0.869673 0.748882 0.260655 0.502236
0 0.124286 0.340321 0.248027 0.670471
4 0.118869 0.834842 0.237739 0.330315
4 0.960309 0.627983 0.0793825 0.274199
3 0.316727 0.813226 0.342424 0.352135
4 0.0844286 0.853363 0.168857 0.282885
4 0.452928 0.415093 0.353616 0.8217
0 0.869673 0.748882 0.260655 0.502236
4 0.0298755 0.478112 0.059751 0.707809
0 0.028422 0.755996 0.0568441 0.488007
0 0.739834 0.660732 0.270515 0.678537
4 0.278968 0.821685 0.409773 0.356629
3 0.0758575 0.778192 0.151715 0.439293
0 0.0295245 0.840394 0.059049 0.319211
0 0.0758575 0.778192 0.151715 0.439293
4 0.199297 0.252092 0.398593 0.504185
2 0.361665 0.666665 0.310913 0.601294
1 0.815051 0.626438 0.0840103 0.729403
4 0.372628 0.0675161 0.745255 0.135032
0 0.0337672 0.428006 0.0675343 0.704015
4 0.0867117 0.509295 0.173423 0.54211
0 0.609314 0.762325 0.401991 0.475349
1 0.494192 0.415026 0.172431 0.801456
4 0.322241 0.110259 0.644482 0.220518
0 0.66484 0.777793 0.288901 0.444413
4 0.295909 0.238411 0.591818 0.476821
4 0.442986 0.236485 0.361695 0.45773
4 0.140127 0.15196 0.280254 0.30392
4 0.119338 0.262683 0.238677 0.525366
2 0.81829 0.792623 0.36342 0.40529
0 0.382047 0.260332 0.336762 0.512487
0 0.391978 0.231444 0.737997 0.462888
2 0.829529 0.404292 0.0942644 0.138557
0 0.0242588 0.820495 0.0485176 0.35901
1 0.816931 0.805378 0.366139 0.381084
4 0.124286 0.340321 0.248027 0.670471
4 0.391298 0.425741 0.326305 0.827348
0 0.228508 0.667075 0.448771 0.630834
4 0.316727 0.813226 0.342424 0.352135
1 0.808911 0.334697 0.0555023 0.284493
1 0.0844286 0.853363 0.168857 0.282885
3 0.437221 0.769222 0.245583 0.426466
2 0.211092 0.310459 0.292723 0.609799
4 0.208862 0.146736 0.417723 0.293472
0 0.501201 0.706125 0.113942 0.253583
1 0.500858 0.704043 0.112463 0.26066
0 0.815404 0.791331 0.3651 0.405261
0 0.757469 0.801749 0.246899 0.372659
4 0.501649 0.701242 0.11611 0.266198
0 0.500986 0.635163 0.116562 0.385414
0 0.806237 0.377131 0.05026 0.167026
0 0.805602 0.40393 0.0470463 0.115108
2 0.500858 0.704043 0.112463 0.26066
1 0.500986 0.635163 0.116562 0.385414
0 0.554276 0.746075 0.241013 0.36176
0 0.376904 0.745064 0.366341 0.375851
0 0.829267 0.404283 0.0936869 0.137732
4 0.814384 0.79242 0.371231 0.405924
3 0.873653 0.748919 0.252693 0.502163
3 0.338491 0.759796 0.467021 0.480408
0 0.250264 0.823277 0.456534 0.339916
3 0.453052 0.417594 0.233988 0.788683
3 0.591226 0.778297 0.359042 0.443406
3 0.399377 0.452379 0.266348 0.787367
0 0.638611 0.0261943 0.722778 0.0523885
3 0.709493 0.335025 0.581015 0.670049
3 0.814341 0.764033 0.371319 0.471933
3 0.944795 0.617876 0.11041 0.316757
3 0.900042 0.402036 0.199915 0.758856
0 0.522973 0.032401 0.86573 0.064802
4 0.576751 0.769523 0.300415 0.414738
4 0.487375 0.783282 0.247407 0.433437
3 0.65406 0.795386 0.305885 0.395774
4 0.500986 0.635163 0.116562 0.385414
3 0.494322 0.415542 0.171845 0.800532
3 0.334513 0.477356 0.276597 0.865154
3 0.415988 0.760386 0.498835 0.479228
2 0.806237 0.377131 0.05026 0.167026
0 0.351192 0.726129 0.426185 0.525417
3 0.946477 0.822613 0.107046 0.354775
3 0.847671 0.690135 0.302197 0.613398
3 0.504661 0.412499 0.413278 0.824096
3 0.535112 0.775598 0.222371 0.448804
3 0.44391 0.0290035 0.877426 0.058007
3 0.545834 0.653731 0.226485 0.437066
3 0.487375 0.783282 0.247407 0.433437
0 0.766212 0.220466 0.467575 0.440933
3 0.942332 0.784887 0.115336 0.420094
3 0.841801 0.780785 0.316399 0.438431
3 0.664831 0.777833 0.288927 0.444334
0 0.436681 0.769281 0.246748 0.426404
3 0.128147 0.642251 0.255182 0.705197
3 0.600956 0.49165 0.409501 0.921956
3 0.76792 0.139008 0.46416 0.278015
0 0.808873 0.336763 0.0551697 0.278377
3 0.87955 0.585965 0.226894 0.608372
3 0.821602 0.314818 0.356796 0.629636
3 0.174224 0.430076 0.31965 0.807803
3 0.64529 0.0454511 0.709419 0.0909023
3 0.232378 0.830539 0.452699 0.338922
3 0.28969 0.791918 0.505145 0.404462
3 0.270529 0.699647 0.525195 0.567406
3 0.793943 0.191754 0.412114 0.383508
3 0.786172 0.792518 0.318624 0.414964
3 0.372443 0.0678863 0.744886 0.135773
3 0.392704 0.0424072 0.785408 0.0848144
3 0.215353 0.500292 0.376969 0.917378
3 0.341731 0.231354 0.683463 0.462708
3 0.117692 0.420336 0.232757 0.798781
3 0.503327 0.632974 0.116062 0.390642
0 0.944392 0.809859 0.111216 0.380281
0 0.814411 0.62662 0.0823629 0.727851
3 0.67587 0.613827 0.265297 0.731547
3 0.959437 0.576667 0.0811268 0.224074
3 0.361344 0.666572 0.310277 0.599727
3 0.602998 0.599138 0.335218 0.801725
3 0.197998 0.252782 0.395996 0.505564
0 0.64529 0.0454511 0.709419 0.0909023
3 0.945472 0.335476 0.109056 0.633126
0 0.535112 0.775598 0.222371 0.448804
3 0.960598 0.625961 0.0788048 0.269957
3 0.510958 0.409616 0.262357 0.819232
0 0.134321 0.850613 0.267188 0.289603
3 0.321739 0.110762 0.643479 0.221525
3 0.441612 0.210645 0.729036 0.421291
4 0.415988 0.760386 0.498835 0.479228
3 0.0285396 0.755648 0.0570792 0.488704
3 0.654968 0.228692 0.654158 0.457384
3 0.805602 0.40393 0.0470463 0.115108
3 0.814411 0.62662 0.0823629 0.727851
0 0.794228 0.104357 0.411544 0.208714
3 0.305568 0.284352 0.28448 0.568704
3 0.638611 0.0261943 0.722778 0.0523885
0 0.713905 0.179624 0.57219 0.359248
3 0.0295238 0.8403 0.0590477 0.3194
3 0.0243204 0.820381 0.0486409 0.359238
0 0.959437 0.576667 0.0811268 0.224074
3 0.652892 0.0776553 0.694215 0.155311
3 0.829267 0.404283 0.0936869 0.137732
3 0.824725 0.393993 0.0881489 0.187702
4 0.64529 0.0454511 0.709419 0.0909023
0 0.824725 0.393993 0.0881489 0.187702
3 0.414376 0.378544 0.36632 0.751002
3 0.406036 0.743557 0.339668 0.512886
2 0.340015 0.779298 0.437122 0.412581
3 0.119302 0.262713 0.238604 0.525426
3 0.280608 0.391374 0.25395 0.74928
0 0.494322 0.415542 0.171845 0.800532
0 0.728387 0.790437 0.213321 0.419125
0 0.652892 0.0776553 0.694215 0.155311
0 0.113858 0.139575 0.227716 0.279149
3 0.869796 0.206925 0.260408 0.41385
3 0.794228 0.104357 0.411544 0.208714
0 0.847671 0.690135 0.302197 0.613398
0 0.173246 0.801352 0.344515 0.386475
3 0.107016 0.553266 0.21064 0.704344
3 0.934089 0.227019 0.131822 0.438897
3 0.781696 0.383663 0.0957981 0.192298
3 0.134001 0.313438 0.268001 0.615782
3 0.38149 0.262216 0.33515 0.516297
3 0.713905 0.179624 0.57219 0.359248
3 0.70248 0.787615 0.198466 0.398724
3 0.728387 0.790437 0.213321 0.419125
3 0.536974 0.72528 0.209872 0.310745
0 0.773923 0.52133 0.110145 0.361186
4 0.250122 0.74833 0.474275 0.493734
2 0.805602 0.40393 0.0470463 0.115108
3 0.113858 0.139575 0.227716 0.279149
4 0.699945 0.253032 0.600109 0.506065
4 0.425507 0.196576 0.590227 0.393151
3 0.442736 0.237281 0.359835 0.459203
4 0.544753 0.0290542 0.853503 0.0581084
3 0.21059 0.311682 0.292237 0.612094
3 0.118909 0.834848 0.237818 0.330304
3 0.326517 0.81069 0.411371 0.378621
4 0.647117 0.328868 0.705767 0.657736
4 0.946477 0.822613 0.107046 0.354775
0 0.287265 0.759661 0.542316 0.476039
3 0.0308452 0.290996 0.0616904 0.581991
0 0.941265 0.283669 0.117469 0.551139
1 0.63585 0.780133 0.338576 0.426282
4 0.340015 0.779298 0.437122 0.412581
3 0.49755 0.712958 0.124486 0.275189
0 0.647117 0.328868 0.705767 0.657736
0 0.895036 0.354136 0.209929 0.695946
4 0.893238 0.33167 0.213524 0.661957
3 0.738511 0.661432 0.268125 0.677136
4 0.652892 0.0776553 0.694215 0.155311
0 0.0229158 0.621464 0.0458316 0.757071
3 0.0263317 0.574604 0.0526635 0.788045
4 0.806237 0.377131 0.05026 0.167026
4 0.808873 0.336763 0.0551697 0.278377
0 0.846527 0.299846 0.306946 0.594317
2 0.436681 0.769281 0.246748 0.426404
3 0.173246 0.801352 0.344515 0.386475
4 0.65406 0.795386 0.305885 0.395774
3 0.101937 0.349844 0.203873 0.685548
0 0.382151 0.773455 0.365399 0.453091
3 0.608879 0.180119 0.568305 0.360239
0 0.946477 0.822613 0.107046 0.354775
0 0.321739 0.110762 0.643479 0.221525
0 0.576751 0.769523 0.300415 0.414738
4 0.942332 0.784887 0.115336 0.420094
0 0.76792 0.139008 0.46416 0.278015
4 0.66109 0.173369 0.677821 0.346738
4 0.075811 0.777018 0.151622 0.441685
0 0.372443 0.0678863 0.744886 0.135773
3 0.808873 0.336763 0.0551697 0.278377
4 0.494322 0.415542 0.171845 0.800532
0 0.392704 0.0424072 0.785408 0.0848144
0 0.841801 0.780785 0.316399 0.438431
3 0.0299819 0.478234 0.0599638 0.705899
2 0.824725 0.393993 0.0881489 0.187702
0 0.94084 0.750043 0.11832 0.480042
3 0.0302586 0.386869 0.0605173 0.742059
4 0.841801 0.780785 0.316399 0.438431
3 0.611814 0.284357 0.524925 0.568714
4 0.824725 0.393993 0.0881489 0.187702
0 0.960598 0.625961 0.0788048 0.269957
0 0.0843764 0.853415 0.168753 0.2828
4 0.728387 0.790437 0.213321 0.419125
4 0.730873 0.79626 0.194656 0.381982
3 0.207964 0.147082 0.415927 0.294164
2 0.250264 0.823277 0.456534 0.339916
4 0.805602 0.40393 0.0470463 0.115108
3 0.134321 0.850613 0.267188 0.289603
4 0.854825 0.28185 0.290351 0.560499
3 0.0453007 0.210934 0.0906014 0.421867
3 0.0280683 0.657502 0.0561365 0.684995
0 0.326517 0.81069 0.411371 0.378621
3 0.529739 0.245646 0.430635 0.487077
3 0.0693979 0.622337 0.138796 0.704732
0 0.555444 0.307362 0.430129 0.614724
0 0.361344 0.666572 0.310277 0.599727
3 0.773923 0.52133 0.110145 0.361186
4 0.173246 0.801352 0.344515 0.386475
4 0.766212 0.220466 0.467575 0.440933
0 0.207964 0.147082 0.415927 0.294164
4 0.945472 0.335476 0.109056 0.633126
2 0.316603 0.8132 0.343 0.352172
0 0.510958 0.409616 0.262357 0.819232
2 0.554276 0.746075 0.241013 0.36176
0 0.699945 0.253032 0.600109 0.506065
0 0.0969655 0.857075 0.193931 0.28585
4 0.233551 0.825366 0.452671 0.340484
0 0.869796 0.206925 0.260408 0.41385
4 0.51983 0.211625 0.495812 0.423249
4 0.510958 0.409616 0.262357 0.819232
4 0.664831 0.777833 0.288927 0.444334
4 0.134321 0.850613 0.267188 0.289603
0 0.0280683 0.657502 0.0561365 0.684995
0 0.128147 0.642251 0.255182 0.705197
4 0.413197 0.0306011 0.826394 0.0612021
4 0.59294 0.773754 0.321781 0.452492
4 0.0280683 0.657502 0.0561365 0.684995
3 0.806237 0.377131 0.05026 0.167026
0 0.554106 0.20179 0.465008 0.40358
0 0.59294 0.773754 0.321781 0.452492
4 0.934089 0.227019 0.131822 0.438897
2 0.814411 0.62662 0.0823629 0.727851
1 0.805602 0.40393 0.0470463 0.115108
4 0.215604 0.675609 0.426577 0.63938
3 0.376904 0.745064 0.366341 0.375851
0 0.316603 0.8132 0.343 0.352172
4 0.794228 0.104357 0.411544 0.208714
4 0.611814 0.284357 0.524925 0.568714
4 0.959437 0.576667 0.0811268 0.224074
1 0.376904 0.745064 0.366341 0.375851
3 0.0762155 0.539135 0.152431 0.518962
1 0.216434 0.827436 0.430499 0.332531
0 0.415988 0.760386 0.498835 0.479228
0 0.507309 0.235161 0.400844 0.461192
4 0.0339481 0.428295 0.0678961 0.703646
3 0.139919 0.152238 0.279837 0.304476
4 0.392385 0.232023 0.738903 0.464047
0 0.0453007 0.210934 0.0906014 0.421867
4 0.0229158 0.621464 0.0458316 0.757071
0 0.139919 0.152238 0.279837 0.304476
0 0.425507 0.196576 0.590227 0.393151
0 0.949705 0.40272 0.10059 0.546227
0 0.0299819 0.478234 0.0599638 0.705899
4 0.0285396 0.755648 0.0570792 0.488704
4 0.521739 0.375077 0.426742 0.750154
4 0.113858 0.139575 0.227716 0.279149
4 0.0243204 0.820381 0.0486409 0.359238
0 0.65406 0.795386 0.305885 0.395774
4 0.453052 0.417594 0.233988 0.788683
4 0.382151 0.773455 0.365399 0.453091
4 0.0295238 0.8403 0.0590477 0.3194
4 0.0453007 0.210934 0.0906014 0.421867
2 0.576751 0.769523 0.300415 0.414738
0 0.453052 0.417594 0.233988 0.788683
2 0.382151 0.773455 0.365399 0.453091
0 0.0610129 0.647384 0.122026 0.705231
4 0.0310092 0.351443 0.0620184 0.702887
4 0.869796 0.206925 0.260408 0.41385
4 0.128147 0.642251 0.255182 0.705197
4 0.76792 0.139008 0.46416 0.278015
0 0.138035 0.259411 0.27607 0.518823
4 0.829267 0.404283 0.0936869 0.137732
4 0.0610129 0.647384 0.122026 0.705231
4 0.873653 0.748919 0.252693 0.502163
4 0.118909 0.834848 0.237818 0.330304
0 0.0308452 0.290996 0.0616904 0.581991
4 0.960598 0.625961 0.0788048 0.269957
3 0.316603 0.8132 0.343 0.352172
4 0.0843764 0.853415 0.168753 0.2828
4 0.452652 0.415204 0.350299 0.821376
0 0.124282 0.34058 0.247892 0.67092
4 0.0299819 0.478234 0.0599638 0.705899
4 0.278513 0.821739 0.41052 0.356521
3 0.075811 0.777018 0.151622 0.441685
0 0.873653 0.748919 0.252693 0.502163
0 0.0285396 0.755648 0.0570792 0.488704
0 0.738511 0.661432 0.268125 0.677136
4 0.197998 0.252782 0.395996 0.505564
2 0.361344 0.666572 0.310277 0.599727
1 0.814411 0.62662 0.0823629 0.727851
0 0.0295238 0.8403 0.0590477 0.3194
4 0.372443 0.0678863 0.744886 0.135773
0 0.075811 0.777018 0.151622 0.441685
4 0.0869163 0.50949 0.173833 0.541346
1 0.494322 0.415542 0.171845 0.800532
4 0.321739 0.110762 0.643479 0.221525
0 0.0339481 0.428295 0.0678961 0.703646
4 0.295365 0.239287 0.59073 0.478574
4 0.442736 0.237281 0.359835 0.459203
4 0.139919 0.152238 0.279837 0.304476
0 0.608554 0.762408 0.400394 0.475183
4 0.119302 0.262713 0.238604 0.525426
2 0.829267 0.404283 0.0936869 0.137732
0 0.664831 0.777833 0.288927 0.444334
1 0.816929 0.805402 0.366142 0.381077
2 0.818256 0.792652 0.363488 0.405161
1 0.808873 0.336763 0.0551697 0.278377
4 0.124282 0.34058 0.247892 0.67092
4 0.39132 0.425817 0.324074 0.826734
3 0.436681 0.769281 0.246748 0.426404
0 0.38149 0.262216 0.33515 0.516297
4 0.316603 0.8132 0.343 0.352172
0 0.392385 0.232023 0.738903 0.464047
1 0.0843764 0.853415 0.168753 0.2828
2 0.21059 0.311682 0.292237 0.612094
0 0.0243204 0.820381 0.0486409 0.359238
