0 0.822498 0.790894 0.355005 0.405654
0 0.858452 0.272099 0.0848066 0.295688
3 0.861867 0.273744 0.0742296 0.321575
0 0.435929 0.527558 0.0461033 0.0789815
1 0.858452 0.272099 0.0848066 0.295688
0 0.250342 0.846896 0.492424 0.288017
0 0.425356 0.525249 0.0669396 0.090342
0 0.436768 0.471098 0.0473255 0.182858
0 0.550792 0.515289 0.0561033 0.0680034
0 0.17146 0.849281 0.340481 0.285452
0 0.863021 0.237922 0.0950859 0.432355
0 0.48071 0.521931 0.12062 0.0762422
3 0.780138 0.393227 0.220005 0.497045
0 0.436052 0.558796 0.0484252 0.120745
0 0.115289 0.852718 0.230579 0.277961
3 0.380577 0.662121 0.154233 0.423212
0 0.908734 0.262237 0.181887 0.47578
3 0.845913 0.569375 0.308175 0.839061
0 0.482866 0.668127 0.215711 0.358451
0 0.407779 0.573333 0.105127 0.137208
3 0.63264 0.461358 0.292729 0.67012
3 0.443119 0.452435 0.36889 0.900994
3 0.126968 0.745384 0.249904 0.493518
0 0.47351 0.777667 0.607635 0.424207
3 0.819956 0.741592 0.360088 0.494323
3 0.10011 0.454019 0.200221 0.856615
3 0.435929 0.527558 0.0461033 0.0789815
3 0.326768 0.497374 0.258205 0.88867
3 0.140044 0.492988 0.279982 0.985976
0 0.250628 0.758478 0.481133 0.464848
3 0.608941 0.770266 0.362676 0.459468
3 0.685025 0.34803 0.444549 0.691861
0 0.745788 0.740465 0.508425 0.497197
3 0.901233 0.517177 0.197533 0.919453
0 0.582183 0.733366 0.424297 0.522274
4 0.863021 0.237922 0.0950859 0.432355
3 0.55271 0.416596 0.382903 0.812043
3 0.766026 0.583587 0.332296 0.766775
3 0.944296 0.81967 0.111408 0.36066
4 0.82008 0.798508 0.35984 0.383688
3 0.238857 0.491475 0.349538 0.961304
3 0.938857 0.551643 0.122286 0.534073
3 0.786052 0.221531 0.427896 0.443061
3 0.256295 0.630471 0.29121 0.704879
0 0.928988 0.2497 0.142023 0.466449
0 0.445523 0.0364757 0.879563 0.0729513
0 0.694968 0.238374 0.610064 0.476749
0 0.938782 0.797511 0.122435 0.404978
3 0.600484 0.371689 0.413451 0.697289
3 0.825309 0.787872 0.349382 0.424255
3 0.907529 0.393651 0.184941 0.730745
3 0.884257 0.236588 0.231487 0.473175
3 0.573519 0.0564583 0.75353 0.112917
0 0.622824 0.0779441 0.748641 0.155888
2 0.861039 0.277254 0.0823944 0.308784
3 0.945863 0.716568 0.108273 0.480754
3 0.930466 0.422316 0.139068 0.690728
3 0.652473 0.256012 0.695055 0.512023
3 0.622824 0.0779441 0.748641 0.155888
3 0.398777 0.292859 0.397902 0.575834
3 0.905494 0.283918 0.182689 0.507974
3 0.573107 0.315018 0.694028 0.630036
0 0.343228 0.840201 0.63019 0.29663
3 0.0919824 0.671973 0.183965 0.497419
3 0.121185 0.350755 0.24237 0.624395
3 0.241085 0.746379 0.410482 0.470119
0 0.425323 0.489984 0.0706137 0.232205
3 0.502686 0.769149 0.521611 0.461702
0 0.0104047 0.582317 0.0208093 0.555118
3 0.318993 0.300175 0.400471 0.600351
3 0.381664 0.79312 0.649095 0.413761
0 0.335398 0.75093 0.265934 0.469301
3 0.127106 0.623487 0.25339 0.725422
3 0.654578 0.608043 0.25675 0.607387
3 0.436768 0.471098 0.0473255 0.182858
3 0.85918 0.223701 0.118887 0.431955
3 0.616229 0.557683 0.205286 0.443143
0 0.562906 0.0413331 0.78047 0.0826662
0 0.916799 0.788334 0.166402 0.419339
3 0.928988 0.2497 0.142023 0.466449
0 0.120762 0.11849 0.241523 0.236981
4 0.858452 0.272099 0.0848066 0.295688
3 0.406945 0.0372077 0.81389 0.0744153
3 0.0220693 0.759867 0.0441386 0.480265
1 0.863021 0.237922 0.0950859 0.432355
0 0.603631 0.737619 0.307769 0.500889
4 0.435929 0.527558 0.0461033 0.0789815
0 0.811631 0.155586 0.376737 0.311173
0 0.548447 0.731275 0.193335 0.492335
3 0.547903 0.487063 0.0741575 0.208262
3 0.252378 0.845604 0.495332 0.308792
3 0.4652 0.279287 0.421584 0.549605
3 0.555201 0.0359729 0.83975 0.0719458
3 0.179609 0.44919 0.31852 0.872387
3 0.156853 0.317683 0.313706 0.635367
3 0.335398 0.75093 0.265934 0.469301
3 0.548447 0.731275 0.193335 0.492335
0 0.356905 0.751356 0.583516 0.482105
3 0.422715 0.743629 0.626862 0.503832
3 0.356333 0.422619 0.297779 0.834968
3 0.282494 0.373695 0.339176 0.728403
3 0.407779 0.573333 0.105127 0.137208
3 0.57903 0.548195 0.125591 0.349551
0 0.786052 0.221531 0.427896 0.443061
3 0.865713 0.29886 0.0930882 0.375863
3 0.866794 0.542279 0.109052 0.862925
4 0.436768 0.471098 0.0473255 0.182858
3 0.845522 0.283635 0.110156 0.32899
3 0.436052 0.558796 0.0484252 0.120745
0 0.0119193 0.661136 0.0238387 0.677727
3 0.550792 0.515289 0.0561033 0.0680034
0 0.0120018 0.450976 0.0240037 0.650437
3 0.330532 0.829583 0.591759 0.340834
4 0.937379 0.777941 0.125243 0.428344
3 0.120762 0.11849 0.241523 0.236981
0 0.581162 0.533141 0.118209 0.115573
3 0.922679 0.33001 0.154641 0.600415
3 0.603631 0.737619 0.307769 0.500889
3 0.558028 0.279784 0.480483 0.559568
4 0.944296 0.81967 0.111408 0.36066
1 0.220981 0.849914 0.437663 0.28487
3 0.425356 0.525249 0.0669396 0.090342
4 0.747645 0.789705 0.308359 0.420591
3 0.173452 0.846462 0.34552 0.307077
3 0.674511 0.746953 0.601936 0.493475
3 0.0281005 0.823399 0.0562009 0.353202
3 0.324735 0.313503 0.649471 0.627005
3 0.811631 0.155586 0.376737 0.311173
0 0.126968 0.745384 0.249904 0.493518
3 0.0515204 0.736167 0.103041 0.517923
3 0.0333923 0.849541 0.0667846 0.300917
3 0.747645 0.789705 0.308359 0.420591
4 0.737312 0.760717 0.518785 0.468147
3 0.837724 0.530149 0.175904 0.827543
3 0.376715 0.0639984 0.753431 0.127997
0 0.934097 0.744495 0.131806 0.48242
0 0.825309 0.787872 0.349382 0.424255
0 0.866794 0.542279 0.109052 0.862925
0 0.944296 0.81967 0.111408 0.36066
4 0.825309 0.787872 0.349382 0.424255
0 0.845717 0.298089 0.111492 0.366079
4 0.694968 0.238374 0.610064 0.476749
0 0.380577 0.662121 0.154233 0.423212
0 0.0190208 0.688153 0.0380417 0.623694
3 0.0541492 0.31885 0.108298 0.5931
0 0.922679 0.33001 0.154641 0.600415
4 0.17146 0.849281 0.340481 0.285452
3 0.752478 0.705448 0.495043 0.580293
3 0.0107672 0.628865 0.0215343 0.681705
3 0.425323 0.489984 0.0706137 0.232205
4 0.502686 0.769149 0.521611 0.461702
4 0.622824 0.0779441 0.748641 0.155888
3 0.938782 0.797511 0.122435 0.404978
0 0.884257 0.236588 0.231487 0.473175
0 0.0300631 0.246326 0.0601262 0.492651
0 0.016038 0.354491 0.0320759 0.650909
4 0.416416 0.788736 0.690063 0.401266
3 0.328813 0.104106 0.657626 0.208212
4 0.562906 0.0413331 0.78047 0.0826662
3 0.211807 0.322972 0.320156 0.645944
0 0.502686 0.769149 0.521611 0.461702
2 0.335398 0.75093 0.265934 0.469301
4 0.0803365 0.800492 0.160281 0.383043
0 0.0201386 0.278217 0.0402771 0.556435
4 0.945863 0.716568 0.108273 0.480754
4 0.216851 0.844934 0.428704 0.310131
3 0.0201386 0.278217 0.0402771 0.556435
0 0.376715 0.0639984 0.753431 0.127997
3 0.477506 0.503007 0.123781 0.240368
3 0.0300631 0.246326 0.0601262 0.492651
3 0.582183 0.733366 0.424297 0.522274
0 0.624874 0.597438 0.219187 0.258984
3 0.0461194 0.485113 0.0922387 0.511647
0 0.890601 0.540599 0.187502 0.873471
3 0.0769719 0.294383 0.153944 0.588766
4 0.474061 0.733286 0.566229 0.526065
0 0.499534 0.274447 0.452073 0.537537
3 0.581162 0.533141 0.118209 0.115573
4 0.330532 0.829583 0.591759 0.340834
3 0.016038 0.354491 0.0320759 0.650909
4 0.235499 0.753779 0.462916 0.473871
3 0.48071 0.521931 0.12062 0.0762422
4 0.908734 0.262237 0.181887 0.47578
4 0.445523 0.0364757 0.879563 0.0729513
3 0.193934 0.125108 0.387867 0.250215
0 0.747645 0.789705 0.308359 0.420591
3 0.624874 0.597438 0.219187 0.258984
3 0.0120018 0.450976 0.0240037 0.650437
4 0.381664 0.79312 0.649095 0.413761
4 0.930466 0.422316 0.139068 0.690728
4 0.570452 0.768732 0.422608 0.440666
3 0.0438071 0.604972 0.0876143 0.348386
0 0.184015 0.734835 0.362424 0.491915
4 0.0333923 0.849541 0.0667846 0.300917
0 0.328813 0.104106 0.657626 0.208212
3 0.916799 0.788334 0.166402 0.419339
0 0.907529 0.393651 0.184941 0.730745
0 0.547903 0.487063 0.0741575 0.208262
0 0.818454 0.564086 0.363093 0.837286
2 0.845717 0.298089 0.111492 0.366079
4 0.11931 0.855685 0.238619 0.28863
4 0.425323 0.489984 0.0706137 0.232205
0 0.330532 0.829583 0.591759 0.340834
0 0.837724 0.530149 0.175904 0.827543
4 0.938857 0.551643 0.122286 0.534073
3 0.482866 0.668127 0.215711 0.358451
4 0.301362 0.826258 0.589245 0.323616
4 0.902647 0.22927 0.194706 0.458541
4 0.928988 0.2497 0.142023 0.466449
3 0.503424 0.782221 0.540372 0.423316
4 0.482866 0.668127 0.215711 0.358451
0 0.573107 0.315018 0.694028 0.630036
0 0.930466 0.422316 0.139068 0.690728
0 0.412632 0.782788 0.644788 0.434424
4 0.0201386 0.278217 0.0402771 0.556435
4 0.120762 0.11849 0.241523 0.236981
4 0.608941 0.770266 0.362676 0.459468
3 0.0190208 0.688153 0.0380417 0.623694
4 0.0300631 0.246326 0.0601262 0.492651
2 0.309791 0.75883 0.531409 0.468352
0 0.0333923 0.849541 0.0667846 0.300917
4 0.016038 0.354491 0.0320759 0.650909
4 0.786052 0.221531 0.427896 0.443061
4 0.414616 0.263717 0.52583 0.527434
2 0.890601 0.540599 0.187502 0.873471
4 0.484142 0.276647 0.442322 0.542882
2 0.435929 0.527558 0.0461033 0.0789815
4 0.425356 0.525249 0.0669396 0.090342
4 0.890601 0.540599 0.187502 0.873471
1 0.436052 0.558796 0.0484252 0.120745
2 0.787791 0.464071 0.209058 0.63492
4 0.313112 0.295402 0.626224 0.590804
4 0.811631 0.155586 0.376737 0.311173
2 0.436768 0.471098 0.0473255 0.182858
0 0.938857 0.551643 0.122286 0.534073
4 0.922679 0.33001 0.154641 0.600415
1 0.818473 0.790871 0.363055 0.408484
0 0.193934 0.125108 0.387867 0.250215
1 0.685025 0.34803 0.444549 0.691861
0 0.0438071 0.604972 0.0876143 0.348386
2 0.550792 0.515289 0.0561033 0.0680034
0 0.0220693 0.759867 0.0441386 0.480265
4 0.126968 0.745384 0.249904 0.493518
0 0.414616 0.263717 0.52583 0.527434
4 0.573107 0.315018 0.694028 0.630036
2 0.482866 0.668127 0.215711 0.358451
4 0.0104047 0.582317 0.0208093 0.555118
0 0.0803365 0.800492 0.160281 0.383043
4 0.0515204 0.736167 0.103041 0.517923
4 0.0989889 0.860365 0.196967 0.264217
0 0.810696 0.679161 0.378608 0.611074
0 0.0281005 0.823399 0.0562009 0.353202
4 0.422785 0.367165 0.427437 0.73433
2 0.407779 0.573333 0.105127 0.137208
4 0.0120018 0.450976 0.0240037 0.650437
2 0.837724 0.530149 0.175904 0.827543
4 0.548447 0.731275 0.193335 0.492335
4 0.414127 0.400309 0.300994 0.795421
4 0.407779 0.573333 0.105127 0.137208
3 0.0989889 0.860365 0.196967 0.264217
4 0.0190208 0.688153 0.0380417 0.623694
0 0.0515204 0.736167 0.103041 0.517923
2 0.808978 0.74773 0.382044 0.472167
1 0.435929 0.527558 0.0461033 0.0789815
3 0.11931 0.855685 0.238619 0.28863
4 0.0769719 0.294383 0.153944 0.588766
2 0.766026 0.583587 0.332296 0.766775
2 0.548447 0.731275 0.193335 0.492335
4 0.0119193 0.661136 0.0238387 0.677727
1 0.436768 0.471098 0.0473255 0.182858
2 0.474061 0.733286 0.566229 0.526065
4 0.0541492 0.31885 0.108298 0.5931
4 0.837724 0.530149 0.175904 0.827543
0 0.766026 0.583587 0.332296 0.766775
4 0.547903 0.487063 0.0741575 0.208262
4 0.335398 0.75093 0.265934 0.469301
0 0.0919824 0.671973 0.183965 0.497419
4 0.51445 0.35898 0.454971 0.71796
2 0.818791 0.554705 0.362419 0.856095
2 0.603631 0.737619 0.307769 0.500889
4 0.0281005 0.823399 0.0562009 0.353202
0 0.184989 0.512416 0.350294 0.941411
4 0.907529 0.393651 0.184941 0.730745
4 0.0220693 0.759867 0.0441386 0.480265
4 0.603631 0.737619 0.307769 0.500889
0 0.414127 0.400309 0.300994 0.795421
4 0.127318 0.305062 0.254636 0.610125
1 0.598128 0.77803 0.370173 0.423869
4 0.0438071 0.604972 0.0876143 0.348386
4 0.436052 0.558796 0.0484252 0.120745
4 0.380577 0.662121 0.154233 0.423212
4 0.47243 0.446289 0.375379 0.885134
0 0.608941 0.770266 0.362676 0.459468
2 0.208256 0.74023 0.399763 0.477354
2 0.211807 0.322972 0.320156 0.645944
0 0.156853 0.317683 0.313706 0.635367
3 0.0803365 0.800492 0.160281 0.383043
2 0.581162 0.533141 0.118209 0.115573
2 0.866794 0.542279 0.109052 0.862925
4 0.326768 0.497374 0.258205 0.88867
0 0.822483 0.790925 0.355035 0.405563
0 0.858462 0.272071 0.0847836 0.295616
3 0.86187 0.273759 0.0742466 0.321512
0 0.435935 0.527562 0.0461163 0.0789442
1 0.858462 0.272071 0.0847836 0.295616
0 0.250487 0.846956 0.492708 0.28792
0 0.425368 0.525262 0.0669104 0.0902752
0 0.550916 0.51499 0.0555854 0.06711
0 0.436769 0.471169 0.0473537 0.182705
0 0.171484 0.849346 0.340518 0.285392
0 0.863046 0.237858 0.0949978 0.432317
0 0.480983 0.521872 0.120442 0.0760256
3 0.780899 0.393227 0.218108 0.496855
0 0.436067 0.558798 0.0484203 0.120632
3 0.380675 0.659957 0.153932 0.418165
0 0.115532 0.852723 0.231064 0.277999
0 0.908752 0.262368 0.181851 0.47562
3 0.846984 0.570994 0.306033 0.83581
0 0.482789 0.666474 0.214093 0.355086
3 0.633052 0.461879 0.29028 0.665776
0 0.407877 0.573183 0.104887 0.13663
3 0.443555 0.452308 0.367608 0.900668
3 0.12679 0.7454 0.249558 0.493617
3 0.819956 0.741515 0.360087 0.494633
3 0.0999644 0.453981 0.199929 0.855259
3 0.435935 0.527562 0.0461163 0.0789442
0 0.470746 0.777794 0.613112 0.423959
3 0.327068 0.497529 0.257549 0.886262
3 0.139812 0.492858 0.279569 0.985716
3 0.608141 0.77043 0.364308 0.45914
3 0.901323 0.517112 0.197353 0.918388
3 0.686131 0.348429 0.44227 0.691656
0 0.250472 0.758364 0.480703 0.465124
4 0.863046 0.237858 0.0949978 0.432317
3 0.553346 0.41613 0.380209 0.810948
0 0.745764 0.740305 0.508471 0.497497
3 0.766119 0.584864 0.330266 0.763463
0 0.581725 0.733115 0.424854 0.522871
3 0.944301 0.819875 0.111398 0.360251
4 0.82008 0.798563 0.359839 0.383626
3 0.238727 0.491239 0.349188 0.960577
3 0.938877 0.551407 0.122247 0.530641
3 0.786477 0.221788 0.427045 0.443576
3 0.256975 0.63584 0.288265 0.693316
3 0.600673 0.372029 0.411415 0.698188
0 0.928908 0.249701 0.142184 0.466749
0 0.445361 0.0364288 0.879001 0.0728575
0 0.695076 0.238215 0.609848 0.47643
3 0.825402 0.78792 0.349195 0.424161
3 0.907554 0.392857 0.184892 0.728858
3 0.573724 0.056684 0.753314 0.113368
3 0.884977 0.236293 0.230046 0.472586
2 0.861038 0.277201 0.0823879 0.30853
0 0.938893 0.797656 0.122214 0.404688
3 0.945969 0.716339 0.108061 0.479855
3 0.930519 0.421713 0.138962 0.688127
3 0.652612 0.256254 0.694775 0.512508
3 0.62301 0.0782544 0.74839 0.156509
3 0.398751 0.293424 0.397582 0.577024
0 0.62301 0.0782544 0.74839 0.156509
3 0.905492 0.284065 0.182697 0.507789
3 0.573221 0.315493 0.69391 0.630986
3 0.0918995 0.671885 0.183799 0.495668
3 0.120887 0.351256 0.241775 0.62486
3 0.240907 0.746483 0.408654 0.4699
3 0.500113 0.769322 0.526522 0.461355
3 0.318246 0.300843 0.400551 0.601687
0 0.343434 0.840421 0.630937 0.296232
3 0.381367 0.793304 0.649809 0.413392
3 0.126826 0.627714 0.252804 0.716347
0 0.425333 0.489921 0.0705984 0.231907
0 0.010441 0.582562 0.0208819 0.552457
3 0.654274 0.608403 0.255064 0.601789
3 0.436769 0.471169 0.0473537 0.182705
3 0.859381 0.223705 0.118204 0.431756
0 0.335576 0.751023 0.265316 0.469171
3 0.616121 0.557583 0.204347 0.439021
3 0.928908 0.249701 0.142184 0.466749
3 0.407021 0.0371617 0.814042 0.0743234
4 0.858462 0.272071 0.0847836 0.295616
3 0.0223879 0.759824 0.0447759 0.480352
0 0.563181 0.0415228 0.780292 0.0830457
1 0.863046 0.237858 0.0949978 0.432317
4 0.435935 0.527562 0.0461163 0.0789442
0 0.91718 0.788436 0.165639 0.419153
3 0.465802 0.279488 0.419513 0.549996
3 0.548428 0.485657 0.0727585 0.20494
0 0.120083 0.118787 0.240165 0.237575
3 0.25248 0.845704 0.495531 0.308592
3 0.555216 0.0361049 0.839765 0.0722099
0 0.812324 0.156177 0.375353 0.312353
0 0.602892 0.737471 0.306214 0.50085
3 0.179664 0.449204 0.318472 0.872136
0 0.548018 0.731052 0.188622 0.491877
3 0.156772 0.317846 0.313545 0.635691
3 0.335576 0.751023 0.265316 0.469171
3 0.548018 0.731052 0.188622 0.491877
3 0.282008 0.374415 0.338577 0.729741
3 0.423503 0.743615 0.624113 0.503893
3 0.356502 0.422607 0.297292 0.834836
3 0.407877 0.573183 0.104887 0.13663
3 0.578986 0.547085 0.124589 0.346207
3 0.865618 0.298517 0.0928852 0.374947
3 0.845524 0.283741 0.110155 0.329078
3 0.866639 0.542171 0.108416 0.862643
0 0.356845 0.751296 0.581269 0.482332
4 0.436769 0.471169 0.0473537 0.182705
3 0.436067 0.558798 0.0484203 0.120632
3 0.550916 0.51499 0.0555854 0.06711
3 0.331021 0.829733 0.59294 0.340534
4 0.937729 0.777933 0.124542 0.42826
3 0.922739 0.329733 0.154523 0.599683
3 0.120083 0.118787 0.240165 0.237575
0 0.786477 0.221788 0.427045 0.443576
3 0.602892 0.737471 0.306214 0.50085
3 0.557775 0.2805 0.479427 0.561
0 0.0120114 0.451244 0.0240229 0.648446
0 0.0120548 0.661173 0.0241095 0.677654
0 0.581011 0.531977 0.117478 0.112908
1 0.220895 0.850008 0.437482 0.284731
4 0.747347 0.789815 0.307637 0.42037
3 0.425368 0.525262 0.0669104 0.0902752
4 0.944301 0.819875 0.111398 0.360251
3 0.173541 0.846527 0.345688 0.306946
3 0.674298 0.746669 0.601712 0.49412
3 0.0283643 0.823543 0.0567287 0.352915
3 0.325376 0.313601 0.650752 0.627203
3 0.812324 0.156177 0.375353 0.312353
3 0.0515323 0.736262 0.103065 0.517861
3 0.0335586 0.84966 0.0671172 0.300679
4 0.737353 0.760756 0.518657 0.468224
3 0.747347 0.789815 0.307637 0.42037
3 0.837564 0.5297 0.175158 0.826599
3 0.376842 0.0643058 0.753684 0.128612
0 0.12679 0.7454 0.249558 0.493617
4 0.825402 0.78792 0.349195 0.424161
0 0.934287 0.744525 0.131426 0.482112
4 0.695076 0.238215 0.609848 0.47643
0 0.825402 0.78792 0.349195 0.424161
0 0.866639 0.542171 0.108416 0.862643
0 0.944301 0.819875 0.111398 0.360251
3 0.0541471 0.319086 0.108294 0.593505
4 0.171484 0.849346 0.340518 0.285392
0 0.845718 0.298098 0.111486 0.365997
3 0.752749 0.70567 0.494502 0.579914
3 0.0108474 0.629105 0.0216949 0.68078
3 0.425333 0.489921 0.0705984 0.231907
0 0.380675 0.659957 0.153932 0.418165
4 0.500113 0.769322 0.526522 0.461355
0 0.922739 0.329733 0.154523 0.599683
4 0.62301 0.0782544 0.74839 0.156509
0 0.0192706 0.688015 0.0385412 0.623971
3 0.938893 0.797656 0.122214 0.404688
4 0.416303 0.788967 0.689838 0.400822
3 0.328768 0.104836 0.657537 0.209672
3 0.211773 0.323296 0.319485 0.646593
4 0.563181 0.0415228 0.780292 0.0830457
0 0.884977 0.236293 0.230046 0.472586
2 0.335576 0.751023 0.265316 0.469171
4 0.0805218 0.800662 0.160642 0.382695
0 0.0299359 0.246287 0.0598719 0.492574
0 0.0160153 0.354674 0.0320306 0.650553
4 0.945969 0.716339 0.108061 0.479855
4 0.216786 0.845043 0.428554 0.309914
3 0.0200874 0.278246 0.0401748 0.556493
0 0.500113 0.769322 0.526522 0.461355
3 0.477636 0.502598 0.123752 0.239251
3 0.0299359 0.246287 0.0598719 0.492574
3 0.581725 0.733115 0.424854 0.522871
0 0.0200874 0.278246 0.0401748 0.556493
3 0.0460956 0.485884 0.0921911 0.508971
0 0.376842 0.0643058 0.753684 0.128612
3 0.0767889 0.294499 0.153578 0.588998
4 0.475043 0.733289 0.563682 0.526067
3 0.581011 0.531977 0.117478 0.112908
0 0.624428 0.595023 0.218003 0.253877
4 0.331021 0.829733 0.59294 0.340534
3 0.0160153 0.354674 0.0320306 0.650553
4 0.235164 0.753641 0.462276 0.474225
3 0.480983 0.521872 0.120442 0.0760256
0 0.890715 0.540632 0.18654 0.873347
4 0.908752 0.262368 0.181851 0.47562
0 0.499681 0.274544 0.449806 0.537835
4 0.445361 0.0364288 0.879001 0.0728575
3 0.193427 0.125684 0.386854 0.251368
3 0.624428 0.595023 0.218003 0.253877
3 0.0120114 0.451244 0.0240229 0.648446
4 0.381367 0.793304 0.649809 0.413392
4 0.930519 0.421713 0.138962 0.688127
4 0.569377 0.768811 0.424721 0.440508
3 0.0437915 0.604938 0.0875831 0.347467
4 0.0335586 0.84966 0.0671172 0.300679
0 0.747347 0.789815 0.307637 0.42037
3 0.91718 0.788436 0.165639 0.419153
0 0.183567 0.73511 0.361492 0.491401
0 0.328768 0.104836 0.657537 0.209672
2 0.845718 0.298098 0.111486 0.365997
0 0.548428 0.485657 0.0727585 0.20494
4 0.425333 0.489921 0.0705984 0.231907
4 0.119412 0.855731 0.238823 0.288537
0 0.907554 0.392857 0.184892 0.728858
3 0.482789 0.666474 0.214093 0.355086
4 0.301649 0.826676 0.589761 0.322749
4 0.938877 0.551407 0.122247 0.530641
4 0.902823 0.229044 0.194355 0.458088
4 0.928908 0.249701 0.142184 0.466749
3 0.499758 0.782398 0.547572 0.423028
0 0.818436 0.564208 0.363128 0.837131
4 0.482789 0.666474 0.214093 0.355086
0 0.331021 0.829733 0.59294 0.340534
0 0.837564 0.5297 0.175158 0.826599
4 0.0200874 0.278246 0.0401748 0.556493
4 0.120083 0.118787 0.240165 0.237575
0 0.573221 0.315493 0.69391 0.630986
4 0.608141 0.77043 0.364308 0.45914
3 0.0192706 0.688015 0.0385412 0.623971
0 0.930519 0.421713 0.138962 0.688127
4 0.0299359 0.246287 0.0598719 0.492574
0 0.411878 0.78297 0.645864 0.434061
2 0.309778 0.758758 0.529819 0.468614
4 0.0160153 0.354674 0.0320306 0.650553
4 0.786477 0.221788 0.427045 0.443576
4 0.414712 0.263818 0.524823 0.527636
4 0.484838 0.276785 0.438966 0.543187
2 0.890715 0.540632 0.18654 0.873347
4 0.425368 0.525262 0.0669104 0.0902752
2 0.435935 0.527562 0.0461163 0.0789442
4 0.890715 0.540632 0.18654 0.873347
0 0.0335586 0.84966 0.0671172 0.300679
1 0.436067 0.558798 0.0484203 0.120632
2 0.787853 0.46357 0.208452 0.632894
4 0.313562 0.295607 0.627123 0.591214
4 0.812324 0.156177 0.375353 0.312353
2 0.436769 0.471169 0.0473537 0.182705
4 0.922739 0.329733 0.154523 0.599683
1 0.81843 0.7909 0.363141 0.408465
1 0.686131 0.348429 0.44227 0.691656
2 0.550916 0.51499 0.0555854 0.06711
4 0.12679 0.7454 0.249558 0.493617
0 0.938877 0.551407 0.122247 0.530641
4 0.573221 0.315493 0.69391 0.630986
2 0.482789 0.666474 0.214093 0.355086
0 0.193427 0.125684 0.386854 0.251368
0 0.0437915 0.604938 0.0875831 0.347467
4 0.010441 0.582562 0.0208819 0.552457
4 0.0515323 0.736262 0.103065 0.517861
4 0.0991446 0.86034 0.197268 0.264265
0 0.0223879 0.759824 0.0447759 0.480352
0 0.414712 0.263818 0.524823 0.527636
4 0.42312 0.368071 0.426791 0.736143
4 0.0120114 0.451244 0.0240229 0.648446
2 0.407877 0.573183 0.104887 0.13663
0 0.0805218 0.800662 0.160642 0.382695
2 0.837564 0.5297 0.175158 0.826599
3 0.0991446 0.86034 0.197268 0.264265
4 0.414686 0.400482 0.300339 0.795709
4 0.407877 0.573183 0.104887 0.13663
4 0.548018 0.731052 0.188622 0.491877
0 0.810693 0.679482 0.378615 0.610529
4 0.0192706 0.688015 0.0385412 0.623971
0 0.0283643 0.823543 0.0567287 0.352915
3 0.119412 0.855731 0.238823 0.288537
2 0.808969 0.747623 0.382062 0.472365
1 0.435935 0.527562 0.0461163 0.0789442
4 0.0767889 0.294499 0.153578 0.588998
0 0.0515323 0.736262 0.103065 0.517861
2 0.766119 0.584864 0.330266 0.763463
2 0.548018 0.731052 0.188622 0.491877
4 0.0120548 0.661173 0.0241095 0.677654
1 0.436769 0.471169 0.0473537 0.182705
4 0.398751 0.293424 0.397582 0.577024
2 0.475043 0.733289 0.563682 0.526067
4 0.0541471 0.319086 0.108294 0.593505
4 0.837564 0.5297 0.175158 0.826599
4 0.548428 0.485657 0.0727585 0.20494
4 0.335576 0.751023 0.265316 0.469171
4 0.514419 0.35916 0.453453 0.71832
2 0.81876 0.555449 0.362481 0.854719
2 0.602892 0.737471 0.306214 0.50085
4 0.0283643 0.823543 0.0567287 0.352915
0 0.766119 0.584864 0.330266 0.763463
0 0.0918995 0.671885 0.183799 0.495668
4 0.907554 0.392857 0.184892 0.728858
4 0.0223879 0.759824 0.0447759 0.480352
4 0.602892 0.737471 0.306214 0.50085
4 0.127168 0.305235 0.254336 0.610469
0 0.184955 0.514925 0.349415 0.936028
1 0.598054 0.778202 0.370398 0.423655
4 0.0437915 0.604938 0.0875831 0.347467
0 0.414686 0.400482 0.300339 0.795709
4 0.436067 0.558798 0.0484203 0.120632
4 0.380675 0.659957 0.153932 0.418165
4 0.472537 0.446161 0.374178 0.88483
2 0.207687 0.740434 0.39829 0.476861
3 0.0805218 0.800662 0.160642 0.382695
2 0.211773 0.323296 0.319485 0.646593
2 0.581011 0.531977 0.117478 0.112908
3 0.301649 0.826676 0.589761 0.322749
4 0.327068 0.497529 0.257549 0.886262
2 0.866639 0.542171 0.108416 0.862643
