0 0.778399 0.680889 0.443203 0.622795
0 0.208624 0.657252 0.408849 0.60228
0 0.675722 0.752412 0.314988 0.487792
0 0.746038 0.747508 0.458247 0.488736
0 0.471675 0.749977 0.547151 0.479951
0 0.353076 0.686135 0.688277 0.603854
0 0.1962 0.579466 0.391125 0.440502
0 0.862773 0.47231 0.274453 0.940522
3 0.197881 0.61104 0.390394 0.517628
0 0.864184 0.16169 0.271631 0.306898
3 0.750629 0.507176 0.498742 0.985647
3 0.799311 0.726063 0.400623 0.547873
3 0.902935 0.646124 0.19413 0.707751
0 0.826614 0.72501 0.346773 0.549981
3 0.872393 0.715153 0.255213 0.569694
3 0.943432 0.767882 0.113137 0.464236
3 0.460863 0.501794 0.504621 0.996413
4 0.76399 0.66416 0.472019 0.638559
3 0.62672 0.504084 0.743569 0.985746
3 0.160505 0.414714 0.309066 0.829428
3 0.42235 0.5 0.802061 1
0 0.554418 0.443638 0.551972 0.883899
0 0.552021 0.756087 0.419439 0.468528
3 0.798008 0.683928 0.403984 0.619239
3 0.109637 0.3898 0.219273 0.7796
3 0.336255 0.510239 0.468206 0.965641
3 0.221811 0.771623 0.423347 0.456754
3 0.702821 0.746312 0.443653 0.507375
3 0.947581 0.772266 0.104838 0.455468
3 0.940996 0.664788 0.118009 0.63022
3 0.340647 0.38963 0.327813 0.760793
3 0.280547 0.452402 0.438424 0.878748
3 0.63098 0.333581 0.730258 0.662652
3 0.606947 0.74344 0.395525 0.51312
0 0.72651 0.606311 0.528281 0.787378
4 0.215696 0.679693 0.423283 0.625175
3 0.157755 0.802379 0.302787 0.395242
4 0.193252 0.579556 0.380761 0.446654
4 0.862994 0.160862 0.274012 0.310133
0 0.776005 0.502729 0.447991 0.994543
3 0.704876 0.287278 0.590247 0.564822
4 0.366912 0.709723 0.703198 0.559986
3 0.119376 0.82374 0.236656 0.352519
3 0.76142 0.765051 0.473919 0.462667
4 0.765414 0.501817 0.469173 0.986965
3 0.445644 0.725826 0.526231 0.548348
3 0.40672 0.392702 0.370726 0.767827
3 0.156002 0.24516 0.312004 0.49032
0 0.0626046 0.83003 0.124773 0.326219
4 0.947581 0.772266 0.104838 0.455468
4 0.72281 0.747329 0.438089 0.459693
4 0.498215 0.714248 0.628901 0.558765
3 0.370868 0.736871 0.409223 0.526257
3 0.411163 0.257257 0.344425 0.487554
3 0.312093 0.244674 0.624187 0.489349
0 0.0812632 0.121793 0.162526 0.243585
0 0.453538 0.0412153 0.881437 0.0824307
3 0.0205011 0.67561 0.0410023 0.636913
3 0.936736 0.545474 0.126529 0.90224
3 0.117639 0.217026 0.235277 0.434053
0 0.515552 0.261558 0.500631 0.520687
4 0.552021 0.756087 0.419439 0.468528
0 0.586474 0.0627676 0.827052 0.125535
3 0.597331 0.0761289 0.782859 0.152258
3 0.208958 0.465383 0.406896 0.910495
3 0.0357976 0.636795 0.0715951 0.660975
4 0.826614 0.72501 0.346773 0.549981
3 0.538047 0.730923 0.406215 0.538153
3 0.396047 0.0593634 0.792094 0.118727
3 0.0172781 0.752463 0.0345563 0.495073
4 0.943432 0.767882 0.113137 0.464236
0 0.396047 0.0593634 0.792094 0.118727
4 0.872393 0.715153 0.255213 0.569694
3 0.0812632 0.121793 0.162526 0.243585
4 0.702821 0.746312 0.443653 0.507375
3 0.350617 0.0930911 0.701234 0.186182
3 0.163505 0.782459 0.32173 0.423663
3 0.618215 0.16398 0.76357 0.327961
4 0.656956 0.743457 0.301969 0.490528
0 0.360459 0.498229 0.688096 0.996457
3 0.896995 0.301242 0.20601 0.583556
4 0.940996 0.664788 0.118009 0.63022
3 0.949566 0.552226 0.100867 0.736781
0 0.872393 0.715153 0.255213 0.569694
4 0.902935 0.646124 0.19413 0.707751
3 0.0237712 0.796463 0.0475424 0.407074
3 0.490445 0.260834 0.466546 0.517898
3 0.0302881 0.535011 0.0605762 0.682375
3 0.426281 0.0386705 0.852563 0.0773411
3 0.619616 0.243407 0.65515 0.471448
3 0.859886 0.126001 0.280228 0.252003
0 0.111133 0.809037 0.220096 0.368113
4 0.843772 0.716068 0.312456 0.567865
0 0.0844563 0.808363 0.168913 0.383273
0 0.947581 0.772266 0.104838 0.455468
3 0.498215 0.714248 0.628901 0.558765
4 0.62867 0.750321 0.453222 0.488771
3 0.45452 0.324624 0.436767 0.643262
0 0.0308477 0.21499 0.0616955 0.42998
4 0.606947 0.74344 0.395525 0.51312
3 0.25666 0.622752 0.489104 0.754495
3 0.0330463 0.47611 0.0660926 0.763934
3 0.262982 0.773904 0.506099 0.449066
0 0.0242719 0.374434 0.0485438 0.748867
3 0.819027 0.474644 0.361947 0.938359
3 0.0144505 0.698834 0.0289009 0.602332
0 0.0330463 0.47611 0.0660926 0.763934
3 0.849629 0.162118 0.300742 0.324236
3 0.058079 0.331138 0.116158 0.645392
4 0.647466 0.50731 0.704852 0.985379
0 0.938398 0.705345 0.123204 0.571663
0 0.350617 0.0930911 0.701234 0.186182
0 0.637015 0.499137 0.717089 0.991847
3 0.861826 0.155017 0.276348 0.29799
0 0.537045 0.188058 0.557436 0.376116
3 0.0231154 0.291243 0.0462308 0.582487
4 0.751878 0.162523 0.496243 0.325047
4 0.704876 0.287278 0.590247 0.564822
4 0.554418 0.443638 0.551972 0.883899
3 0.195434 0.11506 0.390869 0.230119
4 0.789776 0.731532 0.41003 0.536935
0 0.0302881 0.535011 0.0605762 0.682375
0 0.751878 0.162523 0.496243 0.325047
4 0.419099 0.726379 0.472451 0.547243
4 0.618215 0.16398 0.76357 0.327961
0 0.618215 0.16398 0.76357 0.327961
3 0.0308477 0.21499 0.0616955 0.42998
3 0.134412 0.120101 0.268824 0.240202
0 0.0183126 0.796482 0.0366253 0.407036
4 0.157032 0.809174 0.311856 0.362115
4 0.619616 0.243407 0.65515 0.471448
3 0.0246822 0.416999 0.0493645 0.833998
0 0.0205011 0.67561 0.0410023 0.636913
0 0.157032 0.809174 0.311856 0.362115
4 0.936736 0.545474 0.126529 0.90224
4 0.115333 0.704477 0.230667 0.571062
0 0.0144505 0.698834 0.0289009 0.602332
3 0.512421 0.0533073 0.853255 0.106615
0 0.859886 0.126001 0.280228 0.252003
3 0.0726931 0.209184 0.145386 0.418368
0 0.619616 0.243407 0.65515 0.471448
3 0.37565 0.715402 0.716991 0.551018
4 0.72651 0.606311 0.528281 0.787378
0 0.0357976 0.636795 0.0715951 0.660975
4 0.360459 0.498229 0.688096 0.996457
4 0.422797 0.766192 0.581792 0.455534
0 0.62867 0.750321 0.453222 0.488771
0 0.0237712 0.796463 0.0475424 0.407074
1 0.378717 0.750484 0.684214 0.476687
4 0.538047 0.730923 0.406215 0.538153
4 0.515552 0.261558 0.500631 0.520687
3 0.0624776 0.439604 0.124955 0.871186
0 0.943432 0.767882 0.113137 0.464236
4 0.265221 0.748196 0.463152 0.503607
0 0.356043 0.772546 0.599353 0.446227
0 0.606947 0.74344 0.395525 0.51312
0 0.184058 0.414861 0.352921 0.829722
4 0.0237712 0.796463 0.0475424 0.407074
3 0.0844563 0.808363 0.168913 0.383273
4 0.597331 0.0761289 0.782859 0.152258
4 0.835966 0.505246 0.328069 0.989508
0 0.843772 0.716068 0.312456 0.567865
3 0.37764 0.200166 0.610779 0.400332
3 0.069286 0.822964 0.137807 0.337893
0 0.195434 0.11506 0.390869 0.230119
4 0.189496 0.791419 0.359473 0.417162
4 0.949566 0.552226 0.100867 0.736781
4 0.861703 0.42166 0.276593 0.838031
4 0.426281 0.0386705 0.852563 0.0773411
3 0.62867 0.750321 0.453222 0.488771
4 0.63098 0.333581 0.730258 0.662652
4 0.0812632 0.121793 0.162526 0.243585
0 0.115333 0.704477 0.230667 0.571062
3 0.362889 0.603878 0.701364 0.77689
4 0.069286 0.822964 0.137807 0.337893
4 0.0844563 0.808363 0.168913 0.383273
4 0.0330463 0.47611 0.0660926 0.763934
4 0.859886 0.126001 0.280228 0.252003
0 0.134412 0.120101 0.268824 0.240202
4 0.205458 0.768063 0.40619 0.445148
4 0.0308477 0.21499 0.0616955 0.42998
4 0.512421 0.0533073 0.853255 0.106615
3 0.554753 0.752512 0.406018 0.478944
4 0.0242719 0.374434 0.0485438 0.748867
1 0.823042 0.686005 0.353917 0.616058
4 0.333604 0.200865 0.667107 0.401731
0 0.538047 0.730923 0.406215 0.538153
4 0.396047 0.0593634 0.792094 0.118727
4 0.0183126 0.796482 0.0366253 0.407036
4 0.0144505 0.698834 0.0289009 0.602332
0 0.789776 0.731532 0.41003 0.536935
0 0.896995 0.301242 0.20601 0.583556
4 0.119376 0.82374 0.236656 0.352519
4 0.202838 0.499073 0.398926 0.810861
0 0.411163 0.257257 0.344425 0.487554
3 0.115333 0.704477 0.230667 0.571062
3 0.692989 0.734932 0.347165 0.516936
4 0.25666 0.622752 0.489104 0.754495
0 0.704876 0.287278 0.590247 0.564822
4 0.45452 0.324624 0.436767 0.643262
3 0.50879 0.196218 0.522085 0.389021
3 0.422797 0.766192 0.581792 0.455534
0 0.936736 0.545474 0.126529 0.90224
4 0.896995 0.301242 0.20601 0.583556
0 0.340647 0.38963 0.327813 0.760793
3 0.554418 0.443638 0.551972 0.883899
0 0.944598 0.636796 0.110803 0.657845
4 0.445653 0.505733 0.476439 0.988535
1 0.758636 0.751621 0.478153 0.486135
4 0.350617 0.0930911 0.701234 0.186182
4 0.411163 0.257257 0.344425 0.487554
3 0.119262 0.497002 0.238525 0.860604
0 0.702821 0.746312 0.443653 0.507375
4 0.0205011 0.67561 0.0410023 0.636913
4 0.160505 0.414714 0.309066 0.829428
1 0.619616 0.243407 0.65515 0.471448
0 0.902935 0.646124 0.19413 0.707751
2 0.896995 0.301242 0.20601 0.583556
0 0.192703 0.231231 0.385406 0.462462
4 0.537045 0.188058 0.557436 0.376116
4 0.444207 0.212031 0.543183 0.424061
2 0.92683 0.506885 0.146341 0.986231
0 0.63098 0.333581 0.730258 0.662652
4 0.0624776 0.439604 0.124955 0.871186
0 0.840068 0.159075 0.319863 0.318151
2 0.353076 0.686135 0.688277 0.603854
3 0.861703 0.42166 0.276593 0.838031
0 0.231032 0.772752 0.451218 0.450421
2 0.197084 0.583452 0.393259 0.459612
4 0.340647 0.38963 0.327813 0.760793
2 0.778399 0.680889 0.443203 0.622795
4 0.156002 0.24516 0.312004 0.49032
1 0.206177 0.67991 0.408411 0.633571
4 0.117639 0.217026 0.235277 0.434053
4 0.195434 0.11506 0.390869 0.230119
4 0.0357976 0.636795 0.0715951 0.660975
0 0.444207 0.212031 0.543183 0.424061
2 0.219619 0.421678 0.417573 0.843356
4 0.0302881 0.535011 0.0605762 0.682375
4 0.109637 0.3898 0.219273 0.7796
4 0.840068 0.159075 0.319863 0.318151
4 0.336255 0.510239 0.468206 0.965641
0 0.312093 0.244674 0.624187 0.489349
1 0.751878 0.162523 0.496243 0.325047
2 0.871884 0.167024 0.256233 0.294016
4 0.134412 0.120101 0.268824 0.240202
0 0.445644 0.725826 0.526231 0.548348
4 0.058079 0.331138 0.116158 0.645392
1 0.202172 0.589335 0.394244 0.461916
4 0.0726931 0.209184 0.145386 0.418368
0 0.109637 0.3898 0.219273 0.7796
4 0.40672 0.392702 0.370726 0.767827
1 0.163505 0.782459 0.32173 0.423663
1 0.63098 0.333581 0.730258 0.662652
4 0.309456 0.770257 0.604214 0.443923
0 0.117639 0.217026 0.235277 0.434053
2 0.511282 0.758049 0.473747 0.468328
4 0.119262 0.497002 0.238525 0.860604
1 0.871884 0.167024 0.256233 0.294016
0 0.0726931 0.209184 0.145386 0.418368
1 0.554753 0.752512 0.406018 0.478944
0 0.45452 0.324624 0.436767 0.643262
2 0.192703 0.231231 0.385406 0.462462
2 0.205458 0.768063 0.40619 0.445148
4 0.280547 0.452402 0.438424 0.878748
2 0.754538 0.757967 0.490924 0.466789
2 0.43149 0.741434 0.645275 0.511158
2 0.0844563 0.808363 0.168913 0.383273
0 0.25666 0.622752 0.489104 0.754495
2 0.340647 0.38963 0.327813 0.760793
0 0.370868 0.736871 0.409223 0.526257
2 0.256134 0.671498 0.509534 0.623584
0 0.189496 0.791419 0.359473 0.417162
2 0.538047 0.730923 0.406215 0.538153
2 0.606947 0.74344 0.395525 0.51312
2 0.947581 0.772266 0.104838 0.455468
3 0.751878 0.162523 0.496243 0.325047
0 0.40672 0.392702 0.370726 0.767827
2 0.119376 0.82374 0.236656 0.352519
0 0.265221 0.748196 0.463152 0.503607
1 0.872393 0.715153 0.255213 0.569694
2 0.616938 0.258854 0.743406 0.517708
2 0.943432 0.767882 0.113137 0.464236
1 0.947581 0.772266 0.104838 0.455468
1 0.0626046 0.83003 0.124773 0.326219
2 0.312093 0.244674 0.624187 0.489349
1 0.51608 0.244031 0.512933 0.473706
2 0.776005 0.502729 0.447991 0.994543
2 0.64767 0.166959 0.70466 0.333918
0 0.058079 0.331138 0.116158 0.645392
2 0.445644 0.725826 0.526231 0.548348
1 0.111133 0.809037 0.220096 0.368113
2 0.702821 0.746312 0.443653 0.507375
2 0.377135 0.5 0.745981 1
2 0.949566 0.552226 0.100867 0.736781
1 0.940996 0.664788 0.118009 0.63022
1 0.62867 0.750321 0.453222 0.488771
2 0.152594 0.444567 0.305188 0.889134
1 0.704876 0.287278 0.590247 0.564822
2 0.0726931 0.209184 0.145386 0.418368
0 0.778411 0.680932 0.443179 0.622657
0 0.208816 0.658192 0.409223 0.604117
0 0.676381 0.752555 0.316276 0.487574
0 0.746377 0.747562 0.458907 0.488603
0 0.471848 0.750033 0.546836 0.479871
0 0.35323 0.685994 0.688743 0.60426
0 0.196144 0.579583 0.391021 0.440761
0 0.862766 0.471761 0.274469 0.939415
3 0.197893 0.613826 0.390421 0.523154
0 0.864195 0.161671 0.27161 0.306963
3 0.750932 0.507196 0.498136 0.985608
3 0.799327 0.726367 0.400654 0.547266
3 0.903033 0.646333 0.193934 0.707334
3 0.872599 0.715174 0.254801 0.569652
0 0.826675 0.724887 0.34665 0.550225
3 0.943444 0.767528 0.113112 0.464945
3 0.460461 0.501812 0.50476 0.996376
4 0.764031 0.664178 0.471938 0.638513
3 0.627268 0.504146 0.742488 0.98561
3 0.160473 0.414745 0.309036 0.829489
3 0.42259 0.5 0.802652 1
0 0.554331 0.443921 0.55155 0.884442
3 0.798022 0.683954 0.403957 0.619327
0 0.551829 0.756198 0.419691 0.468441
3 0.109553 0.389986 0.219105 0.779971
3 0.221294 0.771677 0.422073 0.456647
3 0.335178 0.509369 0.46799 0.964282
3 0.703133 0.746392 0.445848 0.507217
3 0.947531 0.771984 0.104938 0.456033
3 0.940936 0.664816 0.118129 0.630261
3 0.341086 0.389525 0.326026 0.76028
3 0.631632 0.333052 0.728942 0.661562
3 0.606918 0.743485 0.396297 0.51303
4 0.215864 0.679613 0.423622 0.624988
0 0.727766 0.611139 0.525932 0.777721
3 0.157467 0.802071 0.302173 0.395859
4 0.863005 0.160866 0.27399 0.310216
4 0.193251 0.579726 0.380756 0.44697
3 0.705221 0.286541 0.589558 0.563343
4 0.366696 0.709638 0.703604 0.560258
0 0.775977 0.502712 0.448046 0.994576
3 0.119155 0.82341 0.236212 0.353181
3 0.761343 0.765021 0.474064 0.462812
4 0.76545 0.501815 0.469101 0.98706
3 0.446021 0.725919 0.525739 0.548162
3 0.406427 0.39293 0.369694 0.768373
3 0.155854 0.245995 0.311708 0.49199
4 0.723322 0.747452 0.438968 0.459736
4 0.947531 0.771984 0.104938 0.456033
3 0.371444 0.736901 0.409481 0.526199
4 0.499005 0.714223 0.632098 0.558927
3 0.311641 0.247683 0.623282 0.495366
3 0.410739 0.257279 0.343491 0.487586
0 0.0625613 0.829718 0.124684 0.326854
3 0.0206783 0.675646 0.0413567 0.63692
3 0.936791 0.545627 0.126418 0.9022
3 0.117437 0.21717 0.234875 0.43434
4 0.551829 0.756198 0.419691 0.468441
0 0.080678 0.121876 0.161356 0.243753
3 0.597652 0.0764232 0.782191 0.152846
0 0.453457 0.0413499 0.880812 0.0826998
3 0.208902 0.465607 0.406842 0.910558
3 0.0360799 0.637029 0.0721599 0.661557
0 0.515641 0.262371 0.500782 0.522297
0 0.58685 0.0631023 0.8263 0.126205
4 0.826675 0.724887 0.34665 0.550225
3 0.538169 0.731054 0.406055 0.537892
3 0.395715 0.0598652 0.79143 0.11973
3 0.0174567 0.752375 0.0349133 0.495251
4 0.943444 0.767528 0.113112 0.464945
4 0.872599 0.715174 0.254801 0.569652
3 0.080678 0.121876 0.161356 0.243753
4 0.703133 0.746392 0.445848 0.507217
3 0.35015 0.0938059 0.7003 0.187612
3 0.163069 0.78212 0.32086 0.424372
0 0.395715 0.0598652 0.79143 0.11973
4 0.657449 0.743557 0.30203 0.490413
3 0.618443 0.163941 0.763114 0.327881
0 0.360299 0.498284 0.688117 0.996567
3 0.897081 0.298677 0.205837 0.578385
4 0.940936 0.664816 0.118129 0.630261
3 0.949562 0.551998 0.100876 0.735704
4 0.903033 0.646333 0.193934 0.707334
3 0.0238772 0.796184 0.0477543 0.407632
3 0.490397 0.261252 0.466525 0.518749
3 0.0304814 0.535193 0.0609629 0.683014
3 0.42602 0.0387802 0.85204 0.0775604
3 0.619138 0.243154 0.653211 0.470953
4 0.84401 0.716506 0.311979 0.566989
3 0.85993 0.125936 0.28014 0.251873
3 0.499005 0.714223 0.632098 0.558927
4 0.629495 0.750424 0.455084 0.488663
3 0.454161 0.325426 0.436109 0.644875
0 0.872599 0.715174 0.254801 0.569652
4 0.606918 0.743485 0.396297 0.51303
3 0.255581 0.626596 0.486984 0.746809
3 0.26304 0.773869 0.506179 0.449261
0 0.0843605 0.807915 0.168721 0.38417
0 0.110933 0.808471 0.219697 0.369272
3 0.0331505 0.476247 0.066301 0.764404
0 0.947531 0.771984 0.104938 0.456033
3 0.818818 0.473517 0.362363 0.935954
0 0.0307796 0.214831 0.0615591 0.429661
3 0.0146147 0.698799 0.0292293 0.602402
3 0.849756 0.162054 0.300488 0.324109
0 0.0242894 0.374391 0.0485788 0.748781
3 0.0580974 0.331209 0.116195 0.645295
4 0.648257 0.507339 0.703282 0.985321
0 0.0331505 0.476247 0.066301 0.764404
3 0.861842 0.155013 0.276317 0.298017
3 0.0231091 0.291005 0.0462181 0.58201
4 0.752705 0.1625 0.494589 0.325
0 0.938264 0.705451 0.123472 0.571606
0 0.35015 0.0938059 0.7003 0.187612
0 0.637201 0.499125 0.716596 0.991741
3 0.194308 0.115485 0.388617 0.230971
4 0.789589 0.731927 0.41053 0.536145
4 0.554331 0.443921 0.55155 0.884442
0 0.536945 0.187906 0.556408 0.375812
4 0.705221 0.286541 0.589558 0.563343
4 0.419616 0.726414 0.472162 0.547171
4 0.618443 0.163941 0.763114 0.327881
3 0.0307796 0.214831 0.0615591 0.429661
3 0.13332 0.120462 0.266639 0.240923
0 0.0304814 0.535193 0.0609629 0.683014
0 0.752705 0.1625 0.494589 0.325
4 0.156855 0.80867 0.311502 0.363152
4 0.619138 0.243154 0.653211 0.470953
3 0.0247368 0.417106 0.0494736 0.834213
0 0.618443 0.163941 0.763114 0.327881
0 0.0184866 0.796433 0.0369732 0.407134
4 0.936791 0.545627 0.126418 0.9022
4 0.115038 0.704545 0.230075 0.570918
3 0.512734 0.0534735 0.851493 0.106947
0 0.0206783 0.675646 0.0413567 0.63692
3 0.0725732 0.209163 0.145146 0.418325
0 0.156855 0.80867 0.311502 0.363152
3 0.375362 0.715341 0.71716 0.551194
0 0.0146147 0.698799 0.0292293 0.602402
0 0.85993 0.125936 0.28014 0.251873
4 0.423109 0.766193 0.581508 0.455565
4 0.360299 0.498284 0.688117 0.996567
0 0.619138 0.243154 0.653211 0.470953
1 0.378794 0.750384 0.684582 0.476938
0 0.0360799 0.637029 0.0721599 0.661557
4 0.538169 0.731054 0.406055 0.537892
3 0.0625235 0.44002 0.125047 0.871269
4 0.515641 0.262371 0.500782 0.522297
4 0.265234 0.748271 0.463033 0.503458
0 0.629495 0.750424 0.455084 0.488663
0 0.0238772 0.796184 0.0477543 0.407632
4 0.0238772 0.796184 0.0477543 0.407632
3 0.0843605 0.807915 0.168721 0.38417
4 0.597652 0.0764232 0.782191 0.152846
4 0.835859 0.505228 0.328283 0.989545
0 0.943444 0.767528 0.113112 0.464945
3 0.377828 0.19977 0.608738 0.39954
0 0.606918 0.743485 0.396297 0.51303
0 0.3565 0.772524 0.599143 0.446341
0 0.184062 0.414862 0.352911 0.829724
3 0.0692776 0.822666 0.137786 0.338491
4 0.189013 0.791364 0.358516 0.417273
4 0.949562 0.551998 0.100876 0.735704
4 0.861721 0.420722 0.276558 0.836138
0 0.84401 0.716506 0.311979 0.566989
0 0.194308 0.115485 0.388617 0.230971
4 0.42602 0.0387802 0.85204 0.0775604
3 0.629495 0.750424 0.455084 0.488663
4 0.080678 0.121876 0.161356 0.243753
4 0.0692776 0.822666 0.137786 0.338491
4 0.631632 0.333052 0.728942 0.661562
4 0.85993 0.125936 0.28014 0.251873
4 0.0843605 0.807915 0.168721 0.38417
4 0.0331505 0.476247 0.066301 0.764404
4 0.205354 0.76803 0.405978 0.445211
0 0.115038 0.704545 0.230075 0.570918
4 0.0307796 0.214831 0.0615591 0.429661
4 0.512734 0.0534735 0.851493 0.106947
3 0.554542 0.752674 0.406348 0.478705
4 0.0242894 0.374391 0.0485788 0.748781
1 0.823098 0.686029 0.353804 0.616085
4 0.332894 0.200792 0.663806 0.401585
0 0.13332 0.120462 0.266639 0.240923
4 0.395715 0.0598652 0.79143 0.11973
4 0.0146147 0.698799 0.0292293 0.602402
4 0.0184866 0.796433 0.0369732 0.407134
4 0.119155 0.82341 0.236212 0.353181
3 0.115038 0.704545 0.230075 0.570918
0 0.538169 0.731054 0.406055 0.537892
4 0.202814 0.499255 0.398903 0.810936
0 0.789589 0.731927 0.41053 0.536145
0 0.897081 0.298677 0.205837 0.578385
3 0.694367 0.735222 0.349966 0.516425
4 0.255581 0.626596 0.486984 0.746809
3 0.509089 0.196221 0.522072 0.389088
0 0.410739 0.257279 0.343491 0.487586
4 0.454161 0.325426 0.436109 0.644875
3 0.423109 0.766193 0.581508 0.455565
4 0.897081 0.298677 0.205837 0.578385
3 0.554331 0.443921 0.55155 0.884442
4 0.444878 0.505753 0.475343 0.988494
0 0.705221 0.286541 0.589558 0.563343
1 0.758623 0.751682 0.478168 0.486056
0 0.936791 0.545627 0.126418 0.9022
4 0.35015 0.0938059 0.7003 0.187612
4 0.410739 0.257279 0.343491 0.487586
3 0.119299 0.497413 0.238598 0.86126
0 0.341086 0.389525 0.326026 0.76028
0 0.94458 0.636716 0.11084 0.657906
4 0.0206783 0.675646 0.0413567 0.63692
4 0.160473 0.414745 0.309036 0.829489
1 0.619138 0.243154 0.653211 0.470953
2 0.897081 0.298677 0.205837 0.578385
0 0.703133 0.746392 0.445848 0.507217
4 0.536945 0.187906 0.556408 0.375812
0 0.903033 0.646333 0.193934 0.707334
4 0.444484 0.211747 0.542477 0.423494
0 0.192491 0.232823 0.384982 0.465647
2 0.926894 0.506919 0.146212 0.986162
4 0.0625235 0.44002 0.125047 0.871269
3 0.861721 0.420722 0.276558 0.836138
2 0.35323 0.685994 0.688743 0.60426
2 0.197037 0.583688 0.393169 0.460017
4 0.341086 0.389525 0.326026 0.76028
0 0.631632 0.333052 0.728942 0.661562
1 0.206278 0.679872 0.408602 0.633431
0 0.840511 0.159083 0.318979 0.318166
4 0.155854 0.245995 0.311708 0.49199
2 0.778411 0.680932 0.443179 0.622657
4 0.194308 0.115485 0.388617 0.230971
4 0.117437 0.21717 0.234875 0.43434
4 0.0360799 0.637029 0.0721599 0.661557
4 0.0304814 0.535193 0.0609629 0.683014
2 0.219521 0.421599 0.417311 0.843199
0 0.230614 0.77272 0.450374 0.45063
4 0.109553 0.389986 0.219105 0.779971
1 0.752705 0.1625 0.494589 0.325
4 0.840511 0.159083 0.318979 0.318166
4 0.335178 0.509369 0.46799 0.964282
0 0.444484 0.211747 0.542477 0.423494
4 0.13332 0.120462 0.266639 0.240923
2 0.871939 0.166854 0.256122 0.293781
4 0.0580974 0.331209 0.116195 0.645295
1 0.202215 0.590135 0.394262 0.463614
0 0.311641 0.247683 0.623282 0.495366
4 0.0725732 0.209163 0.145146 0.418325
4 0.406427 0.39293 0.369694 0.768373
0 0.446021 0.725919 0.525739 0.548162
1 0.631632 0.333052 0.728942 0.661562
1 0.163069 0.78212 0.32086 0.424372
4 0.30944 0.770082 0.604118 0.444225
0 0.109553 0.389986 0.219105 0.779971
2 0.511302 0.758203 0.473736 0.468136
4 0.119299 0.497413 0.238598 0.86126
1 0.871939 0.166854 0.256122 0.293781
1 0.554542 0.752674 0.406348 0.478705
0 0.117437 0.21717 0.234875 0.43434
0 0.0725732 0.209163 0.145146 0.418325
2 0.192491 0.232823 0.384982 0.465647
2 0.205354 0.76803 0.405978 0.445211
2 0.754567 0.757962 0.490865 0.466857
2 0.431696 0.741316 0.644762 0.511473
0 0.454161 0.325426 0.436109 0.644875
2 0.0843605 0.807915 0.168721 0.38417
2 0.341086 0.389525 0.326026 0.76028
0 0.255581 0.626596 0.486984 0.746809
2 0.538169 0.731054 0.406055 0.537892
2 0.257133 0.671518 0.511522 0.623649
2 0.606918 0.743485 0.396297 0.51303
3 0.752705 0.1625 0.494589 0.325
2 0.947531 0.771984 0.104938 0.456033
2 0.119155 0.82341 0.236212 0.353181
0 0.371444 0.736901 0.409481 0.526199
0 0.189013 0.791364 0.358516 0.417273
1 0.872599 0.715174 0.254801 0.569652
0 0.406427 0.39293 0.369694 0.768373
0 0.265234 0.748271 0.463033 0.503458
2 0.617216 0.259466 0.74278 0.518933
2 0.943444 0.767528 0.113112 0.464945
1 0.947531 0.771984 0.104938 0.456033
1 0.0625613 0.829718 0.124684 0.326854
2 0.311641 0.247683 0.623282 0.495366
2 0.775977 0.502712 0.448046 0.994576
1 0.51619 0.244117 0.512975 0.473969
2 0.647831 0.166771 0.704339 0.333543
2 0.446021 0.725919 0.525739 0.548162
0 0.0580974 0.331209 0.116195 0.645295
1 0.110933 0.808471 0.219697 0.369272
2 0.703133 0.746392 0.445848 0.507217
2 0.375751 0.5 0.743139 1
2 0.949562 0.551998 0.100876 0.735704
1 0.940936 0.664816 0.118129 0.630261
1 0.705221 0.286541 0.589558 0.563343
1 0.629495 0.750424 0.455084 0.488663
2 0.152569 0.445024 0.305138 0.890049
2 0.0725732 0.209163 0.145146 0.418325
1 0.0184866 0.796433 0.0369732 0.407134
2 0.412056 0.0445135 0.824112 0.089027
1 0.627268 0.504146 0.742488 0.98561
2 0.292725 0.1087 0.58545 0.217401
