0 0.859882 0.2676 0.0826652 0.337287
0 0.822651 0.790296 0.354698 0.404852
3 0.862696 0.278862 0.0725571 0.339696
0 0.862653 0.364007 0.0860069 0.561562
0 0.244535 0.846193 0.478783 0.288704
1 0.859882 0.2676 0.0826652 0.337287
0 0.911937 0.754989 0.176126 0.472953
0 0.174163 0.850048 0.345905 0.285725
0 0.875797 0.260255 0.107077 0.396168
3 0.768293 0.461223 0.241663 0.700277
0 0.120622 0.853397 0.241245 0.278902
0 0.527558 0.767771 0.507155 0.443134
0 0.554995 0.540703 0.0594723 0.116544
3 0.908214 0.481479 0.183571 0.814549
3 0.59275 0.446866 0.420913 0.835368
3 0.696815 0.382061 0.403718 0.631609
3 0.121734 0.391524 0.243469 0.744886
3 0.076957 0.444238 0.152382 0.712626
0 0.890143 0.522733 0.145269 0.867199
0 0.385238 0.76438 0.670925 0.449844
3 0.876177 0.258198 0.247646 0.516395
3 0.911937 0.754989 0.176126 0.472953
0 0.748263 0.736336 0.503475 0.504768
0 0.260941 0.757304 0.501777 0.465935
0 0.566583 0.737381 0.224389 0.489808
3 0.617519 0.769782 0.341775 0.460436
3 0.139117 0.748206 0.274611 0.487833
3 0.931735 0.44238 0.136531 0.653142
0 0.818067 0.632052 0.363866 0.710903
3 0.908929 0.304682 0.182142 0.569757
3 0.499675 0.708822 0.179409 0.515328
0 0.581677 0.559502 0.111124 0.159411
3 0.14705 0.489067 0.293804 0.978135
3 0.779673 0.570398 0.330033 0.803454
3 0.944934 0.819962 0.110133 0.360076
3 0.828046 0.786509 0.343908 0.426981
3 0.244132 0.5 0.329666 1
0 0.0127331 0.60547 0.0254662 0.477506
3 0.908113 0.245193 0.183773 0.490386
3 0.390013 0.502912 0.431038 0.994176
0 0.9087 0.273342 0.1826 0.535706
3 0.938825 0.600067 0.122351 0.256252
0 0.93934 0.795895 0.121319 0.408209
3 0.818067 0.632052 0.363866 0.710903
3 0.0875751 0.743211 0.172037 0.487393
3 0.317385 0.5 0.295533 1
4 0.820317 0.798661 0.359366 0.382413
3 0.422887 0.776363 0.620662 0.447273
3 0.583216 0.35334 0.502518 0.68311
3 0.0702915 0.644786 0.139053 0.409962
3 0.787441 0.220167 0.425119 0.440334
3 0.824969 0.253745 0.350063 0.507489
3 0.141253 0.305482 0.282506 0.571042
3 0.944356 0.261812 0.111288 0.473956
4 0.859882 0.2676 0.0826652 0.337287
3 0.628883 0.335377 0.715555 0.670753
3 0.131613 0.631496 0.263226 0.688517
4 0.938341 0.769234 0.123317 0.44455
3 0.516976 0.76944 0.491898 0.46112
3 0.820302 0.749139 0.359396 0.476128
3 0.59829 0.776671 0.369624 0.428853
3 0.240475 0.738117 0.422574 0.479939
3 0.557274 0.518019 0.0822422 0.314116
3 0.662505 0.60652 0.255736 0.695795
3 0.279706 0.646633 0.235446 0.592444
3 0.938341 0.769234 0.123317 0.44455
1 0.861308 0.432695 0.0854321 0.67606
0 0.824969 0.253745 0.350063 0.507489
3 0.613071 0.0991431 0.773858 0.198286
0 0.574899 0.739431 0.805328 0.510861
0 0.585199 0.0468139 0.804892 0.0936278
3 0.476767 0.48142 0.493272 0.953379
0 0.944356 0.261812 0.111288 0.473956
3 0.358097 0.280295 0.387783 0.55097
0 0.948205 0.638286 0.103589 0.234948
3 0.58242 0.0635587 0.77768 0.127117
0 0.640004 0.195975 0.719992 0.39195
3 0.31141 0.737385 0.367644 0.4826
3 0.0208259 0.761989 0.0416519 0.476022
0 0.413742 0.0432541 0.827485 0.0865082
0 0.0985089 0.121098 0.197018 0.242196
3 0.875797 0.260255 0.107077 0.396168
3 0.612778 0.571758 0.214146 0.514472
2 0.862952 0.266765 0.0817677 0.344621
0 0.0129641 0.478627 0.0259281 0.542413
3 0.319143 0.626165 0.211603 0.490159
0 0.139117 0.748206 0.274611 0.487833
0 0.613071 0.0991431 0.773858 0.198286
3 0.574899 0.739431 0.805328 0.510861
3 0.397146 0.04084 0.794291 0.0816801
3 0.339149 0.760794 0.624684 0.459227
3 0.29931 0.299838 0.598619 0.599675
3 0.749839 0.784786 0.33994 0.430427
3 0.680272 0.276362 0.639457 0.552724
3 0.279244 0.841615 0.518374 0.316771
3 0.640004 0.195975 0.719992 0.39195
3 0.0985089 0.121098 0.197018 0.242196
0 0.0125496 0.649656 0.0250992 0.644171
4 0.911937 0.754989 0.176126 0.472953
3 0.862653 0.364007 0.0860069 0.561562
4 0.890143 0.522733 0.145269 0.867199
0 0.944046 0.743396 0.111909 0.430841
3 0.566583 0.737381 0.224389 0.489808
3 0.965044 0.573461 0.0699129 0.22013
1 0.218851 0.850519 0.433378 0.284179
4 0.824969 0.253745 0.350063 0.507489
0 0.844736 0.154688 0.310529 0.309377
3 0.174291 0.846413 0.347272 0.307175
4 0.944934 0.819962 0.110133 0.360076
3 0.825903 0.490454 0.185043 0.782791
0 0.516976 0.76944 0.491898 0.46112
0 0.0443388 0.577278 0.0876383 0.274064
3 0.0269396 0.824581 0.0538791 0.350838
3 0.332603 0.816282 0.581013 0.367437
4 0.829284 0.722827 0.341431 0.529214
4 0.828046 0.786509 0.343908 0.426981
4 0.574899 0.739431 0.805328 0.510861
3 0.554995 0.540703 0.0594723 0.116544
3 0.465411 0.0511924 0.821721 0.102385
3 0.19953 0.312908 0.399061 0.625817
3 0.466394 0.741763 0.512605 0.481355
3 0.844736 0.154688 0.310529 0.309377
3 0.77436 0.708262 0.45128 0.574205
3 0.0321038 0.849923 0.0642077 0.300155
4 0.749839 0.784786 0.33994 0.430427
3 0.58103 0.554086 0.124322 0.381112
3 0.0528151 0.735137 0.10563 0.51939
3 0.948205 0.638286 0.103589 0.234948
3 0.581677 0.559502 0.111124 0.159411
3 0.43173 0.267518 0.462628 0.520441
3 0.368819 0.0794258 0.737638 0.158852
3 0.0125496 0.649656 0.0250992 0.644171
0 0.828046 0.786509 0.343908 0.426981
0 0.0208191 0.700238 0.0416382 0.599525
3 0.064567 0.314903 0.129134 0.578403
4 0.516976 0.76944 0.491898 0.46112
4 0.174163 0.850048 0.345905 0.285725
0 0.944934 0.819962 0.110133 0.360076
3 0.317908 0.135586 0.635816 0.271172
4 0.411475 0.776972 0.707418 0.424361
0 0.31141 0.737385 0.367644 0.4826
3 0.0157621 0.274019 0.0315242 0.548037
0 0.926771 0.38365 0.146457 0.66844
3 0.0245073 0.240931 0.0490147 0.481862
0 0.618428 0.664529 0.217523 0.389073
0 0.499675 0.708822 0.179409 0.515328
4 0.21379 0.845339 0.422601 0.309321
3 0.618428 0.664529 0.217523 0.389073
3 0.568067 0.265387 0.641359 0.530775
0 0.0245073 0.240931 0.0490147 0.481862
3 0.0530107 0.373875 0.106021 0.567198
0 0.680272 0.276362 0.639457 0.552724
3 0.0901782 0.292452 0.180356 0.584904
4 0.613071 0.0991431 0.773858 0.198286
4 0.931735 0.44238 0.136531 0.653142
3 0.707689 0.722891 0.399628 0.546687
4 0.743913 0.771331 0.50319 0.432021
4 0.332603 0.816282 0.581013 0.367437
3 0.836438 0.284084 0.133373 0.429402
4 0.9087 0.273342 0.1826 0.535706
3 0.0147347 0.344653 0.0294694 0.636446
0 0.938825 0.600067 0.122351 0.256252
0 0.491155 0.269442 0.506117 0.524118
4 0.396187 0.782815 0.613488 0.43437
4 0.0830543 0.797003 0.16577 0.390673
3 0.0129641 0.478627 0.0259281 0.542413
0 0.404618 0.489033 0.386921 0.978067
0 0.742409 0.231956 0.515182 0.463911
4 0.527558 0.767771 0.507155 0.443134
3 0.0127331 0.60547 0.0254662 0.477506
0 0.368819 0.0794258 0.737638 0.158852
4 0.965044 0.573461 0.0699129 0.22013
0 0.0147347 0.344653 0.0294694 0.636446
4 0.876177 0.258198 0.247646 0.516395
4 0.948205 0.638286 0.103589 0.234948
0 0.0157621 0.274019 0.0315242 0.548037
1 0.818437 0.785018 0.363127 0.414671
0 0.557274 0.518019 0.0822422 0.314116
4 0.617519 0.769782 0.341775 0.460436
0 0.0875751 0.743211 0.172037 0.487393
4 0.0321038 0.849923 0.0642077 0.300155
2 0.862653 0.364007 0.0860069 0.561562
3 0.173388 0.13323 0.346776 0.266461
3 0.190945 0.351589 0.3132 0.676556
0 0.749839 0.784786 0.33994 0.430427
0 0.279244 0.841615 0.518374 0.316771
0 0.396377 0.736318 0.485269 0.486085
4 0.260941 0.757304 0.501777 0.465935
3 0.0452978 0.507927 0.0905955 0.314613
4 0.121465 0.855639 0.242931 0.288722
4 0.938825 0.600067 0.122351 0.256252
4 0.0245073 0.240931 0.0490147 0.481862
0 0.317908 0.135586 0.635816 0.271172
0 0.332603 0.816282 0.581013 0.367437
4 0.564647 0.0470147 0.79641 0.0940295
4 0.875797 0.260255 0.107077 0.396168
0 0.907504 0.407179 0.184991 0.732379
0 0.187788 0.734083 0.373715 0.494362
0 0.0321038 0.849923 0.0642077 0.300155
4 0.522796 0.267117 0.481196 0.517185
4 0.413742 0.0432541 0.827485 0.0865082
4 0.944356 0.261812 0.111288 0.473956
4 0.640004 0.195975 0.719992 0.39195
4 0.861308 0.432695 0.0854321 0.67606
4 0.554995 0.540703 0.0594723 0.116544
4 0.0157621 0.274019 0.0315242 0.548037
0 0.628883 0.335377 0.715555 0.670753
0 0.876177 0.258198 0.247646 0.516395
4 0.680272 0.276362 0.639457 0.552724
4 0.277798 0.827019 0.546859 0.323632
2 0.825903 0.490454 0.185043 0.782791
4 0.0985089 0.121098 0.197018 0.242196
0 0.844105 0.300175 0.109632 0.418147
0 0.422887 0.776363 0.620662 0.447273
3 0.0208191 0.700238 0.0416382 0.599525
0 0.965044 0.573461 0.0699129 0.22013
3 0.0443388 0.577278 0.0876383 0.274064
4 0.43173 0.267518 0.462628 0.520441
0 0.0208259 0.761989 0.0416519 0.476022
4 0.557274 0.518019 0.0822422 0.314116
2 0.466394 0.741763 0.512605 0.481355
2 0.890143 0.522733 0.145269 0.867199
4 0.0147347 0.344653 0.0294694 0.636446
4 0.314599 0.279777 0.583877 0.559554
4 0.628883 0.335377 0.715555 0.670753
0 0.825903 0.490454 0.185043 0.782791
4 0.566583 0.737381 0.224389 0.489808
4 0.476767 0.48142 0.493272 0.953379
0 0.0269396 0.824581 0.0538791 0.350838
3 0.845246 0.274401 0.107413 0.346399
2 0.829284 0.722827 0.341431 0.529214
4 0.139117 0.748206 0.274611 0.487833
2 0.875797 0.260255 0.107077 0.396168
4 0.844736 0.154688 0.310529 0.309377
2 0.779673 0.570398 0.330033 0.803454
4 0.825903 0.490454 0.185043 0.782791
4 0.787441 0.220167 0.425119 0.440334
4 0.0530107 0.373875 0.106021 0.567198
0 0.319143 0.626165 0.211603 0.490159
0 0.0702915 0.644786 0.139053 0.409962
0 0.0466333 0.720292 0.0932667 0.489201
0 0.617519 0.769782 0.341775 0.460436
4 0.0129641 0.478627 0.0259281 0.542413
4 0.0127331 0.60547 0.0254662 0.477506
3 0.109241 0.86107 0.21751 0.264414
2 0.566583 0.737381 0.224389 0.489808
0 0.173388 0.13323 0.346776 0.266461
2 0.554995 0.540703 0.0594723 0.116544
4 0.0528151 0.735137 0.10563 0.51939
4 0.0208191 0.700238 0.0416382 0.599525
3 0.218851 0.850519 0.433378 0.284179
4 0.0901782 0.292452 0.180356 0.584904
4 0.907504 0.407179 0.184991 0.732379
3 0.516187 0.321936 0.483812 0.638313
0 0.0452978 0.507927 0.0905955 0.314613
4 0.58103 0.554086 0.124322 0.381112
4 0.818067 0.632052 0.363866 0.710903
0 0.58103 0.554086 0.124322 0.381112
2 0.748263 0.736336 0.503475 0.504768
4 0.396377 0.736318 0.485269 0.486085
4 0.064567 0.314903 0.129134 0.578403
2 0.240475 0.738117 0.422574 0.479939
0 0.499372 0.459688 0.471492 0.908988
0 0.59829 0.776671 0.369624 0.428853
4 0.31141 0.737385 0.367644 0.4826
0 0.279706 0.646633 0.235446 0.592444
2 0.581677 0.559502 0.111124 0.159411
4 0.0125496 0.649656 0.0250992 0.644171
4 0.581677 0.559502 0.111124 0.159411
2 0.31141 0.737385 0.367644 0.4826
4 0.135685 0.300665 0.271371 0.60133
1 0.657126 0.337304 0.560991 0.668577
4 0.59829 0.776671 0.369624 0.428853
4 0.37093 0.5 0.37875 1
0 0.157758 0.310503 0.315516 0.621007
4 0.0208259 0.761989 0.0416519 0.476022
4 0.0269396 0.824581 0.0538791 0.350838
4 0.319143 0.626165 0.211603 0.490159
4 0.0443388 0.577278 0.0876383 0.274064
2 0.0443388 0.577278 0.0876383 0.274064
2 0.948205 0.638286 0.103589 0.234948
2 0.294308 0.762242 0.570436 0.455724
1 0.59829 0.776671 0.369624 0.428853
4 0.499675 0.708822 0.179409 0.515328
4 0.0452978 0.507927 0.0905955 0.314613
4 0.59275 0.446866 0.420913 0.835368
2 0.926771 0.38365 0.146457 0.66844
0 0.537501 0.329816 0.484784 0.651596
4 0.187788 0.734083 0.373715 0.494362
4 0.19953 0.312908 0.399061 0.625817
2 0.844105 0.300175 0.109632 0.418147
4 0.076957 0.444238 0.152382 0.712626
1 0.908929 0.304682 0.182142 0.569757
1 0.360966 0.775432 0.678758 0.426328
4 0.121734 0.391524 0.243469 0.744886
4 0.583216 0.35334 0.502518 0.68311
4 0.358097 0.280295 0.387783 0.55097
1 0.93934 0.795895 0.121319 0.408209
2 0.818067 0.632052 0.363866 0.710903
2 0.933827 0.310073 0.132345 0.53519
0 0.859887 0.267525 0.0826427 0.337257
0 0.822625 0.790313 0.35475 0.40476
3 0.862696 0.278836 0.0725679 0.339591
0 0.8626 0.363838 0.0859261 0.560824
0 0.244508 0.846253 0.478715 0.288638
1 0.859887 0.267525 0.0826427 0.337257
0 0.913227 0.754867 0.173546 0.472669
0 0.174211 0.850095 0.345997 0.285689
0 0.875416 0.260533 0.106296 0.394761
3 0.768785 0.460763 0.240007 0.698077
0 0.120774 0.853387 0.241548 0.278954
0 0.527224 0.767876 0.507832 0.442919
0 0.554991 0.538435 0.0589176 0.111644
3 0.908251 0.481111 0.183499 0.811371
3 0.593935 0.446321 0.416565 0.833298
3 0.698391 0.382049 0.400165 0.629843
3 0.121418 0.391786 0.242837 0.745062
3 0.0768531 0.445244 0.152182 0.709922
3 0.876893 0.257865 0.246214 0.515731
3 0.913227 0.754867 0.173546 0.472669
0 0.889968 0.522186 0.144748 0.865845
0 0.385376 0.764298 0.669895 0.45007
0 0.748553 0.736272 0.502894 0.504908
0 0.260747 0.757175 0.501313 0.466259
3 0.616831 0.769866 0.343252 0.460268
0 0.56563 0.737264 0.221356 0.489666
3 0.138974 0.748259 0.274337 0.487859
3 0.93178 0.442825 0.13644 0.651866
3 0.908911 0.305101 0.182178 0.570115
3 0.500889 0.708871 0.175496 0.513862
3 0.162291 0.5 0.324581 1
0 0.818047 0.633268 0.363907 0.708603
3 0.779629 0.571852 0.327945 0.800203
0 0.58165 0.557005 0.110346 0.15411
3 0.944922 0.820017 0.110155 0.359965
3 0.828262 0.78639 0.343476 0.427221
3 0.244231 0.5 0.328657 1
3 0.389223 0.502955 0.429958 0.994089
3 0.908096 0.245178 0.183809 0.490357
0 0.0127823 0.604966 0.0255646 0.475842
3 0.93891 0.599237 0.122181 0.254476
3 0.818047 0.633268 0.363907 0.708603
3 0.0875485 0.743314 0.172012 0.487338
3 0.316845 0.5 0.294213 1
4 0.820311 0.798672 0.359379 0.382434
3 0.583361 0.3539 0.499672 0.684056
0 0.90871 0.273412 0.18258 0.535723
3 0.422211 0.776464 0.621939 0.447072
0 0.939422 0.795987 0.121155 0.408026
3 0.0702915 0.644665 0.139071 0.409444
3 0.787644 0.220825 0.424711 0.44165
3 0.828375 0.253414 0.343251 0.506827
3 0.141082 0.305587 0.282163 0.571231
3 0.944252 0.261854 0.111496 0.474087
4 0.859887 0.267525 0.0826427 0.337257
3 0.629322 0.336677 0.714774 0.673353
3 0.13137 0.633811 0.26274 0.68359
3 0.515244 0.769531 0.495345 0.460938
4 0.938446 0.769253 0.123108 0.444355
3 0.820272 0.749125 0.359456 0.476227
3 0.598169 0.776803 0.370005 0.428734
3 0.662403 0.607986 0.253761 0.690406
3 0.557305 0.515336 0.080917 0.306547
3 0.240143 0.738218 0.420776 0.479646
3 0.280727 0.651385 0.231516 0.577535
1 0.861287 0.429924 0.0853657 0.670627
3 0.938446 0.769253 0.123108 0.444355
3 0.613303 0.0994263 0.773395 0.198853
3 0.476788 0.480737 0.490896 0.951966
0 0.828375 0.253414 0.343251 0.506827
3 0.357068 0.28056 0.388595 0.551704
0 0.585167 0.0468552 0.805207 0.0937104
3 0.582464 0.0636554 0.777371 0.127311
0 0.575312 0.739267 0.803763 0.511307
3 0.310998 0.737468 0.364781 0.482343
3 0.0211453 0.762009 0.0422905 0.475982
3 0.875416 0.260533 0.106296 0.394761
3 0.612782 0.571726 0.21264 0.508929
0 0.944252 0.261854 0.111496 0.474087
2 0.862944 0.266782 0.0817623 0.344312
0 0.9481 0.637803 0.1038 0.233849
0 0.64031 0.197441 0.719381 0.394882
3 0.319224 0.626746 0.209211 0.474584
0 0.413729 0.0430193 0.827457 0.0860386
0 0.0982524 0.121144 0.196505 0.242289
3 0.397259 0.040716 0.794519 0.081432
3 0.575312 0.739267 0.803763 0.511307
3 0.338962 0.760611 0.623428 0.459665
3 0.299793 0.300147 0.599585 0.600295
0 0.0129805 0.478924 0.0259609 0.541079
3 0.749018 0.784802 0.338953 0.430396
3 0.680528 0.276631 0.638944 0.553262
0 0.138974 0.748259 0.274337 0.487859
0 0.613303 0.0994263 0.773395 0.198853
3 0.64031 0.197441 0.719381 0.394882
3 0.27943 0.841763 0.518824 0.316474
3 0.0982524 0.121144 0.196505 0.242289
4 0.913227 0.754867 0.173546 0.472669
3 0.8626 0.363838 0.0859261 0.560824
4 0.889968 0.522186 0.144748 0.865845
3 0.56563 0.737264 0.221356 0.489666
3 0.964969 0.573455 0.0700623 0.219883
1 0.218824 0.850594 0.43332 0.284074
4 0.828375 0.253414 0.343251 0.506827
0 0.012653 0.649537 0.025306 0.643459
3 0.174406 0.846477 0.347496 0.307047
3 0.825607 0.489656 0.184996 0.781274
4 0.944922 0.820017 0.110155 0.359965
3 0.0271978 0.824767 0.0543956 0.350465
0 0.943992 0.743133 0.112016 0.429964
3 0.332824 0.816752 0.581689 0.366497
0 0.845064 0.154868 0.309872 0.309735
4 0.831454 0.723063 0.337091 0.528788
4 0.828262 0.78639 0.343476 0.427221
0 0.515244 0.769531 0.495345 0.460938
0 0.0443363 0.577343 0.0876387 0.274086
4 0.575312 0.739267 0.803763 0.511307
3 0.554991 0.538435 0.0589176 0.111644
3 0.465186 0.0509732 0.821714 0.101946
3 0.466835 0.741732 0.510118 0.481331
3 0.199591 0.312933 0.399182 0.625865
3 0.845064 0.154868 0.309872 0.309735
3 0.0322626 0.850044 0.0645252 0.299913
3 0.775478 0.708582 0.449043 0.57362
4 0.749018 0.784802 0.338953 0.430396
3 0.580953 0.553447 0.123273 0.37817
3 0.052844 0.735246 0.105688 0.519283
3 0.9481 0.637803 0.1038 0.233849
3 0.431876 0.267635 0.462568 0.52073
3 0.58165 0.557005 0.110346 0.15411
3 0.369112 0.0796528 0.738224 0.159306
3 0.012653 0.649537 0.025306 0.643459
3 0.0644777 0.315121 0.128955 0.578725
4 0.515244 0.769531 0.495345 0.460938
4 0.174211 0.850095 0.345997 0.285689
0 0.0211268 0.699996 0.0422536 0.600009
0 0.828262 0.78639 0.343476 0.427221
3 0.317984 0.136086 0.635967 0.272172
0 0.944922 0.820017 0.110155 0.359965
4 0.411365 0.777091 0.707395 0.424146
3 0.0157386 0.274063 0.0314772 0.548125
3 0.568225 0.265267 0.640294 0.530534
3 0.0244527 0.240936 0.0489053 0.481872
4 0.213792 0.845459 0.422593 0.309083
3 0.61804 0.66191 0.216541 0.383521
0 0.310998 0.737468 0.364781 0.482343
3 0.0529756 0.37425 0.105951 0.566977
0 0.926824 0.383962 0.146353 0.668231
3 0.0900149 0.292557 0.18003 0.585115
0 0.500889 0.708871 0.175496 0.513862
0 0.61804 0.66191 0.216541 0.383521
4 0.613303 0.0994263 0.773395 0.198853
4 0.93178 0.442825 0.13644 0.651866
4 0.74412 0.771723 0.502626 0.431237
3 0.706874 0.723038 0.396679 0.546317
3 0.836831 0.284513 0.132415 0.428643
0 0.0244527 0.240936 0.0489053 0.481872
4 0.332824 0.816752 0.581689 0.366497
0 0.680528 0.276631 0.638944 0.553262
3 0.0147219 0.344823 0.0294439 0.636237
4 0.90871 0.273412 0.18258 0.535723
4 0.395924 0.782963 0.614361 0.434074
4 0.0832963 0.79755 0.166248 0.389563
3 0.0129805 0.478924 0.0259609 0.541079
4 0.527224 0.767876 0.507832 0.442919
0 0.93891 0.599237 0.122181 0.254476
3 0.0127823 0.604966 0.0255646 0.475842
0 0.491487 0.269373 0.504115 0.524073
4 0.964969 0.573455 0.0700623 0.219883
0 0.40484 0.488909 0.38433 0.977818
0 0.74278 0.232109 0.514439 0.464219
0 0.369112 0.0796528 0.738224 0.159306
4 0.876893 0.257865 0.246214 0.515731
4 0.9481 0.637803 0.1038 0.233849
4 0.616831 0.769866 0.343252 0.460268
4 0.0322626 0.850044 0.0645252 0.299913
0 0.0147219 0.344823 0.0294439 0.636237
1 0.818381 0.784914 0.363238 0.4149
0 0.557305 0.515336 0.080917 0.306547
3 0.190816 0.351931 0.312557 0.677131
3 0.173307 0.133479 0.346613 0.266958
2 0.8626 0.363838 0.0859261 0.560824
0 0.0157386 0.274063 0.0314772 0.548125
0 0.0875485 0.743314 0.172012 0.487338
4 0.260747 0.757175 0.501313 0.466259
3 0.0452962 0.507966 0.0905925 0.314261
4 0.121544 0.855681 0.243089 0.288637
4 0.93891 0.599237 0.122181 0.254476
0 0.27943 0.841763 0.518824 0.316474
0 0.749018 0.784802 0.338953 0.430396
0 0.395875 0.73631 0.482322 0.485972
4 0.0244527 0.240936 0.0489053 0.481872
4 0.56484 0.0470877 0.795969 0.0941754
4 0.875416 0.260533 0.106296 0.394761
4 0.523155 0.267057 0.479589 0.517235
4 0.413729 0.0430193 0.827457 0.0860386
4 0.944252 0.261854 0.111496 0.474087
4 0.64031 0.197441 0.719381 0.394882
0 0.332824 0.816752 0.581689 0.366497
0 0.317984 0.136086 0.635967 0.272172
4 0.554991 0.538435 0.0589176 0.111644
4 0.0157386 0.274063 0.0314772 0.548125
4 0.861287 0.429924 0.0853657 0.670627
0 0.187393 0.734232 0.372927 0.494078
4 0.277687 0.828215 0.546629 0.32125
4 0.680528 0.276631 0.638944 0.553262
0 0.907464 0.406906 0.185071 0.73132
4 0.0982524 0.121144 0.196505 0.242289
2 0.825607 0.489656 0.184996 0.781274
0 0.0322626 0.850044 0.0645252 0.299913
3 0.0211268 0.699996 0.0422536 0.600009
0 0.876893 0.257865 0.246214 0.515731
0 0.629322 0.336677 0.714774 0.673353
3 0.0443363 0.577343 0.0876387 0.274086
4 0.557305 0.515336 0.080917 0.306547
0 0.422211 0.776464 0.621939 0.447072
4 0.431876 0.267635 0.462568 0.52073
2 0.466835 0.741732 0.510118 0.481331
0 0.844062 0.300182 0.109676 0.418121
4 0.0147219 0.344823 0.0294439 0.636237
2 0.889968 0.522186 0.144748 0.865845
4 0.314286 0.280081 0.585458 0.560163
4 0.629322 0.336677 0.714774 0.673353
0 0.964969 0.573455 0.0700623 0.219883
4 0.56563 0.737264 0.221356 0.489666
0 0.0211453 0.762009 0.0422905 0.475982
4 0.476788 0.480737 0.490896 0.951966
3 0.845219 0.274364 0.107428 0.34645
2 0.831454 0.723063 0.337091 0.528788
0 0.825607 0.489656 0.184996 0.781274
4 0.138974 0.748259 0.274337 0.487859
2 0.875416 0.260533 0.106296 0.394761
4 0.845064 0.154868 0.309872 0.309735
0 0.0271978 0.824767 0.0543956 0.350465
2 0.779629 0.571852 0.327945 0.800203
4 0.825607 0.489656 0.184996 0.781274
4 0.787644 0.220825 0.424711 0.44165
4 0.0529756 0.37425 0.105951 0.566977
4 0.0129805 0.478924 0.0259609 0.541079
3 0.109444 0.86103 0.21791 0.26449
0 0.319224 0.626746 0.209211 0.474584
4 0.0127823 0.604966 0.0255646 0.475842
0 0.0702915 0.644665 0.139071 0.409444
0 0.0466398 0.720242 0.0932795 0.488819
2 0.56563 0.737264 0.221356 0.489666
2 0.554991 0.538435 0.0589176 0.111644
0 0.616831 0.769866 0.343252 0.460268
3 0.218824 0.850594 0.43332 0.284074
4 0.052844 0.735246 0.105688 0.519283
4 0.0211268 0.699996 0.0422536 0.600009
4 0.0900149 0.292557 0.18003 0.585115
4 0.907464 0.406906 0.185071 0.73132
3 0.516618 0.322836 0.482204 0.64013
4 0.818047 0.633268 0.363907 0.708603
4 0.580953 0.553447 0.123273 0.37817
0 0.173307 0.133479 0.346613 0.266958
2 0.748553 0.736272 0.502894 0.504908
4 0.395875 0.73631 0.482322 0.485972
4 0.0644777 0.315121 0.128955 0.578725
0 0.0452962 0.507966 0.0905925 0.314261
2 0.240143 0.738218 0.420776 0.479646
4 0.310998 0.737468 0.364781 0.482343
2 0.58165 0.557005 0.110346 0.15411
0 0.580953 0.553447 0.123273 0.37817
4 0.012653 0.649537 0.025306 0.643459
0 0.49968 0.459317 0.469354 0.908222
4 0.58165 0.557005 0.110346 0.15411
2 0.310998 0.737468 0.364781 0.482343
0 0.280727 0.651385 0.231516 0.577535
4 0.135573 0.300758 0.271147 0.601515
1 0.658103 0.33799 0.558811 0.669728
0 0.598169 0.776803 0.370005 0.428734
4 0.598169 0.776803 0.370005 0.428734
4 0.370725 0.5 0.377621 1
4 0.319224 0.626746 0.209211 0.474584
4 0.0211453 0.762009 0.0422905 0.475982
4 0.604933 0.296568 0.587903 0.59273
4 0.0443363 0.577343 0.0876387 0.274086
4 0.0271978 0.824767 0.0543956 0.350465
2 0.0443363 0.577343 0.0876387 0.274086
2 0.9481 0.637803 0.1038 0.233849
2 0.294117 0.762061 0.569908 0.456152
1 0.598169 0.776803 0.370005 0.428734
0 0.15772 0.310601 0.31544 0.621202
4 0.500889 0.708871 0.175496 0.513862
4 0.0452962 0.507966 0.0905925 0.314261
4 0.593935 0.446321 0.416565 0.833298
2 0.926824 0.383962 0.146353 0.668231
4 0.187393 0.734232 0.372927 0.494078
4 0.199591 0.312933 0.399182 0.625865
0 0.537614 0.330621 0.482952 0.653196
1 0.908911 0.305101 0.182178 0.570115
4 0.0768531 0.445244 0.152182 0.709922
2 0.844062 0.300182 0.109676 0.418121
4 0.121418 0.391786 0.242837 0.745062
1 0.360636 0.775644 0.678223 0.42594
1 0.939422 0.795987 0.121155 0.408026
2 0.818047 0.633268 0.363907 0.708603
2 0.933793 0.310284 0.132414 0.535536
4 0.357068 0.28056 0.388595 0.551704
