0 0.819306 0.79381 0.361389 0.388013
0 0.619457 0.753437 0.448582 0.465386
0 0.511267 0.591138 0.16998 0.156278
0 0.396618 0.533975 0.0642067 0.100413
0 0.388904 0.559702 0.0856964 0.108215
0 0.435828 0.57047 0.118389 0.115903
0 0.526161 0.0230819 0.947679 0.0461639
0 0.358402 0.0333062 0.714721 0.0666125
0 0.756603 0.763089 0.466171 0.449098
0 0.481663 0.754493 0.605604 0.474441
0 0.358296 0.719604 0.14634 0.419718
3 0.441599 0.5 0.833579 1
0 0.617558 0.0330854 0.764884 0.0661707
0 0.670002 0.057047 0.659996 0.114094
3 0.715881 0.775141 0.555131 0.449718
4 0.619457 0.753437 0.448582 0.465386
3 0.567425 0.498411 0.675543 0.996822
0 0.395111 0.484283 0.0785257 0.244674
0 0.227629 0.0891224 0.455258 0.178245
4 0.762075 0.777156 0.475021 0.418805
3 0.707381 0.493403 0.560585 0.986807
0 0.783444 0.0651313 0.433111 0.130263
3 0.881048 0.729101 0.237903 0.521739
3 0.185841 0.499026 0.368607 0.998051
3 0.884221 0.620974 0.231558 0.745393
3 0.316222 0.5 0.599474 1
3 0.706772 0.0697325 0.586455 0.139465
0 0.400844 0.231123 0.79187 0.462245
3 0.728085 0.240814 0.543829 0.481629
0 0.437512 0.533927 0.0879569 0.117318
3 0.650774 0.589498 0.481498 0.790694
3 0.227629 0.0891224 0.455258 0.178245
3 0.472651 0.59061 0.160957 0.65405
0 0.930373 0.80013 0.139253 0.399741
3 0.444527 0.762262 0.621734 0.475476
3 0.821245 0.788501 0.35751 0.422997
3 0.932197 0.550201 0.135606 0.830296
3 0.596318 0.749323 0.45461 0.501355
3 0.89769 0.43671 0.20462 0.804089
3 0.378806 0.542185 0.0991272 0.173691
3 0.406323 0.433644 0.767416 0.867287
3 0.129333 0.443075 0.258667 0.88615
3 0.269172 0.788962 0.505967 0.422075
4 0.481663 0.754493 0.605604 0.474441
3 0.881674 0.789693 0.236651 0.420614
3 0.642501 0.0434605 0.714997 0.0869209
3 0.171347 0.235083 0.340472 0.454137
3 0.395111 0.484283 0.0785257 0.244674
0 0.804248 0.710455 0.391505 0.549272
3 0.208879 0.332175 0.413852 0.664349
3 0.162419 0.820957 0.315719 0.358086
3 0.937473 0.640719 0.125054 0.658323
0 0.102427 0.835319 0.203156 0.329361
3 0.0996645 0.838711 0.199329 0.322577
3 0.106844 0.710767 0.213665 0.368543
3 0.773399 0.396469 0.453201 0.792938
0 0.244983 0.802619 0.474399 0.382574
3 0.388904 0.559702 0.0856964 0.108215
0 0.570517 0.357904 0.858966 0.715809
3 0.157928 0.729912 0.314593 0.487776
3 0.93375 0.422879 0.132499 0.779427
3 0.737392 0.780202 0.521359 0.426204
4 0.561021 0.0236213 0.877958 0.0472427
0 0.49556 0.526023 0.0764154 0.13502
3 0.934787 0.799638 0.130425 0.400724
0 0.0669827 0.856847 0.133965 0.286306
0 0.515755 0.268659 0.775926 0.537318
3 0.0280386 0.237372 0.0560771 0.474744
3 0.138761 0.226836 0.277522 0.453672
3 0.505804 0.0247025 0.954654 0.0494051
3 0.297083 0.0423513 0.594166 0.0847026
0 0.43249 0.577367 0.130392 0.445604
0 0.275784 0.0539612 0.551568 0.107922
3 0.655444 0.270005 0.689112 0.54001
3 0.206516 0.682482 0.411912 0.61325
4 0.81587 0.797267 0.36826 0.391721
3 0.810114 0.499182 0.379773 0.990926
0 0.0202397 0.797556 0.0404795 0.404887
0 0.339073 0.746957 0.639581 0.502953
3 0.396618 0.533975 0.0642067 0.100413
3 0.393461 0.294009 0.709701 0.588017
4 0.784994 0.781475 0.428313 0.437051
3 0.0233806 0.327422 0.0467612 0.652711
4 0.642501 0.0434605 0.714997 0.0869209
4 0.845739 0.789992 0.308522 0.420016
3 0.286883 0.747657 0.548768 0.497722
0 0.0122267 0.669467 0.0244534 0.648945
3 0.944894 0.709433 0.110212 0.552739
4 0.783444 0.0651313 0.433111 0.130263
4 0.24154 0.750726 0.475085 0.489573
3 0.754664 0.635435 0.490672 0.695969
4 0.651032 0.761215 0.422329 0.477569
3 0.570517 0.357904 0.858966 0.715809
0 0.432153 0.160746 0.81297 0.321492
3 0.812789 0.207581 0.374422 0.415161
3 0.213251 0.216876 0.425511 0.433752
0 0.784373 0.618735 0.431254 0.723989
0 0.226848 0.250749 0.443643 0.499847
4 0.934787 0.799638 0.130425 0.400724
0 0.1292 0.76258 0.257105 0.460164
4 0.511267 0.591138 0.16998 0.156278
3 0.012437 0.628469 0.0248739 0.664954
4 0.671 0.492443 0.529609 0.978636
0 0.845739 0.789992 0.308522 0.420016
0 0.0295512 0.829434 0.0591023 0.341132
3 0.358296 0.719604 0.14634 0.419718
3 0.435828 0.57047 0.118389 0.115903
0 0.0126854 0.75971 0.0253707 0.48058
0 0.934787 0.799638 0.130425 0.400724
0 0.436082 0.308685 0.744643 0.617371
4 0.395111 0.484283 0.0785257 0.244674
4 0.515755 0.268659 0.775926 0.537318
4 0.358402 0.0333062 0.714721 0.0666125
3 0.0295512 0.829434 0.0591023 0.341132
4 0.339405 0.782124 0.573144 0.435751
3 0.0151743 0.407836 0.0303487 0.768364
3 0.623268 0.73786 0.371628 0.468545
3 0.0126854 0.75971 0.0253707 0.48058
4 0.0669827 0.856847 0.133965 0.286306
3 0.855856 0.407538 0.288287 0.804962
3 0.915817 0.765112 0.168365 0.469186
3 0.43249 0.577367 0.130392 0.445604
3 0.383731 0.0337961 0.755967 0.0675922
3 0.846036 0.799193 0.307928 0.3972
4 0.570517 0.357904 0.858966 0.715809
0 0.378806 0.542185 0.0991272 0.173691
4 0.232538 0.802322 0.44231 0.395356
4 0.0295512 0.829434 0.0591023 0.341132
3 0.511267 0.591138 0.16998 0.156278
3 0.49556 0.526023 0.0764154 0.13502
3 0.205794 0.808125 0.399506 0.37856
3 0.533796 0.323528 0.61486 0.647057
4 0.812789 0.207581 0.374422 0.415161
0 0.0126561 0.543384 0.0253122 0.67027
3 0.437512 0.533927 0.0879569 0.117318
4 0.0996645 0.838711 0.199329 0.322577
3 0.0202397 0.797556 0.0404795 0.404887
3 0.515755 0.268659 0.775926 0.537318
3 0.518172 0.750568 0.577704 0.470733
4 0.162419 0.820957 0.315719 0.358086
3 0.0551589 0.692179 0.110318 0.366757
3 0.718412 0.716001 0.444149 0.532257
4 0.267397 0.249258 0.534794 0.498516
3 0.0578213 0.75763 0.115643 0.449402
0 0.237451 0.723727 0.445957 0.544475
4 0.472651 0.59061 0.160957 0.65405
0 0.784994 0.781475 0.428313 0.437051
3 0.804248 0.710455 0.391505 0.549272
4 0.227629 0.0891224 0.455258 0.178245
4 0.533796 0.323528 0.61486 0.647057
4 0.930373 0.80013 0.139253 0.399741
2 0.339073 0.746957 0.639581 0.502953
0 0.472651 0.59061 0.160957 0.65405
4 0.393461 0.294009 0.709701 0.588017
3 0.138586 0.839591 0.273842 0.318059
3 0.106429 0.224758 0.212858 0.430929
4 0.396618 0.533975 0.0642067 0.100413
4 0.435828 0.57047 0.118389 0.115903
0 0.304756 0.256578 0.599339 0.513156
4 0.396339 0.778193 0.62641 0.422694
4 0.138586 0.839591 0.273842 0.318059
0 0.655444 0.270005 0.689112 0.54001
4 0.655444 0.270005 0.689112 0.54001
4 0.388904 0.559702 0.0856964 0.108215
0 0.412498 0.768664 0.560227 0.462671
0 0.812789 0.207581 0.374422 0.415161
3 0.0529904 0.595544 0.105981 0.429942
4 0.379102 0.5 0.711412 1
3 0.0669827 0.856847 0.133965 0.286306
0 0.644742 0.677994 0.370455 0.562437
4 0.804248 0.710455 0.391505 0.549272
4 0.163033 0.308892 0.324685 0.617783
4 0.214395 0.21104 0.42879 0.42208
0 0.138761 0.226836 0.277522 0.453672
4 0.93079 0.351652 0.138419 0.703304
4 0.784373 0.618735 0.431254 0.723989
4 0.0233806 0.327422 0.0467612 0.652711
0 0.330244 0.383017 0.648753 0.766034
4 0.43249 0.577367 0.130392 0.445604
4 0.0202397 0.797556 0.0404795 0.404887
4 0.275784 0.0539612 0.551568 0.107922
3 0.0663687 0.39159 0.132737 0.766884
4 0.1292 0.76258 0.257105 0.460164
3 0.0891764 0.305554 0.178353 0.58359
0 0.768383 0.493911 0.463235 0.976457
4 0.400844 0.231123 0.79187 0.462245
4 0.728085 0.240814 0.543829 0.481629
3 0.293883 0.279703 0.566254 0.559406
4 0.0122267 0.669467 0.0244534 0.648945
4 0.358296 0.719604 0.14634 0.419718
0 0.106844 0.710767 0.213665 0.368543
4 0.0578213 0.75763 0.115643 0.449402
0 0.0151743 0.407836 0.0303487 0.768364
4 0.138761 0.226836 0.277522 0.453672
4 0.290676 0.5 0.572739 1
4 0.567425 0.498411 0.675543 0.996822
0 0.710674 0.415487 0.510077 0.820538
4 0.437512 0.533927 0.0879569 0.117318
0 0.0578213 0.75763 0.115643 0.449402
4 0.0126854 0.75971 0.0253707 0.48058
3 0.33944 0.788461 0.633724 0.404836
4 0.432153 0.160746 0.81297 0.321492
2 0.435828 0.57047 0.118389 0.115903
4 0.106429 0.224758 0.212858 0.430929
4 0.932197 0.550201 0.135606 0.830296
4 0.0151743 0.407836 0.0303487 0.768364
1 0.846938 0.797732 0.306124 0.390818
0 0.264596 0.489314 0.528257 0.978628
0 0.0233806 0.327422 0.0467612 0.652711
0 0.596318 0.749323 0.45461 0.501355
4 0.881048 0.729101 0.237903 0.521739
4 0.49556 0.526023 0.0764154 0.13502
0 0.944894 0.709433 0.110212 0.552739
4 0.944894 0.709433 0.110212 0.552739
4 0.330244 0.383017 0.648753 0.766034
4 0.723981 0.380736 0.552039 0.761472
2 0.358296 0.719604 0.14634 0.419718
0 0.541087 0.5 0.61937 1
4 0.206516 0.682482 0.411912 0.61325
4 0.0891764 0.305554 0.178353 0.58359
4 0.0126561 0.543384 0.0253122 0.67027
4 0.22456 0.473349 0.42348 0.946699
0 0.881048 0.729101 0.237903 0.521739
4 0.718412 0.716001 0.444149 0.532257
3 0.939026 0.802585 0.121948 0.393814
0 0.196816 0.813901 0.37648 0.372198
4 0.644742 0.677994 0.370455 0.562437
0 0.0280386 0.237372 0.0560771 0.474744
3 0.643776 0.385829 0.576258 0.771659
4 0.378806 0.542185 0.0991272 0.173691
0 0.93079 0.351652 0.138419 0.703304
2 0.481663 0.754493 0.605604 0.474441
4 0.226682 0.320975 0.450418 0.641951
0 0.378703 0.491139 0.725323 0.982278
0 0.932197 0.550201 0.135606 0.830296
4 0.0280386 0.237372 0.0560771 0.474744
4 0.129333 0.443075 0.258667 0.88615
0 0.937473 0.640719 0.125054 0.658323
4 0.289334 0.791317 0.564546 0.399078
0 0.569443 0.376059 0.614975 0.752118
3 0.432153 0.160746 0.81297 0.321492
4 0.937473 0.640719 0.125054 0.658323
2 0.511267 0.591138 0.16998 0.156278
0 0.8589 0.495961 0.282199 0.902283
2 0.623268 0.73786 0.371628 0.468545
4 0.876534 0.399696 0.246931 0.799393
0 0.728085 0.240814 0.543829 0.481629
2 0.836334 0.791992 0.327332 0.403736
0 0.393457 0.546718 0.0656239 0.0679795
2 0.215619 0.765009 0.424526 0.458017
3 0.400844 0.231123 0.79187 0.462245
1 0.388904 0.559702 0.0856964 0.108215
2 0.1292 0.76258 0.257105 0.460164
2 0.437512 0.533927 0.0879569 0.117318
2 0.388904 0.559702 0.0856964 0.108215
2 0.396618 0.533975 0.0642067 0.100413
4 0.889805 0.549855 0.220391 0.898518
4 0.106844 0.710767 0.213665 0.368543
0 0.171347 0.235083 0.340472 0.454137
4 0.0551589 0.692179 0.110318 0.366757
2 0.804248 0.710455 0.391505 0.549272
2 0.0551589 0.692179 0.110318 0.366757
2 0.43249 0.577367 0.130392 0.445604
1 0.511267 0.591138 0.16998 0.156278
2 0.236661 0.532322 0.464579 0.916874
2 0.93375 0.422879 0.132499 0.779427
4 0.8589 0.495961 0.282199 0.902283
2 0.0669827 0.856847 0.133965 0.286306
0 0.876534 0.399696 0.246931 0.799393
1 0.202606 0.806391 0.39805 0.376082
4 0.809807 0.434895 0.380385 0.844911
1 0.930373 0.80013 0.139253 0.399741
1 0.656108 0.731209 0.431713 0.504186
0 0.889805 0.549855 0.220391 0.898518
0 0.106429 0.224758 0.212858 0.430929
2 0.541087 0.5 0.61937 1
4 0.0529904 0.595544 0.105981 0.429942
4 0.0663687 0.39159 0.132737 0.766884
0 0.650774 0.589498 0.481498 0.790694
2 0.0578213 0.75763 0.115643 0.449402
0 0.0551589 0.692179 0.110318 0.366757
2 0.0996645 0.838711 0.199329 0.322577
2 0.106844 0.710767 0.213665 0.368543
2 0.934787 0.799638 0.130425 0.400724
2 0.214395 0.21104 0.42879 0.42208
1 0.783138 0.772049 0.433724 0.438422
1 0.435828 0.57047 0.118389 0.115903
2 0.300626 0.794143 0.57882 0.392035
2 0.817072 0.496206 0.365855 0.990054
2 0.0529904 0.595544 0.105981 0.429942
2 0.930373 0.80013 0.139253 0.399741
1 0.185841 0.499026 0.368607 0.998051
2 0.784373 0.618735 0.431254 0.723989
1 0.43995 0.748704 0.600271 0.492028
0 0.0891764 0.305554 0.178353 0.58359
1 0.395111 0.484283 0.0785257 0.244674
2 0.773399 0.396469 0.453201 0.792938
2 0.715881 0.775141 0.555131 0.449718
2 0.933625 0.571493 0.132749 0.777939
2 0.138586 0.839591 0.273842 0.318059
0 0.818535 0.793786 0.36293 0.38798
0 0.61934 0.7535 0.448285 0.465355
0 0.511336 0.59096 0.169246 0.155752
0 0.396646 0.534026 0.0641855 0.100214
0 0.388982 0.559489 0.0854237 0.107576
0 0.435875 0.570228 0.118133 0.115322
0 0.526086 0.022985 0.947828 0.0459701
0 0.358376 0.0334221 0.714731 0.0668443
0 0.756708 0.763165 0.466235 0.44903
0 0.481907 0.754503 0.6053 0.474403
3 0.441227 0.5 0.832039 1
0 0.358778 0.718752 0.145124 0.417855
0 0.617719 0.0333276 0.764562 0.0666551
3 0.716111 0.775124 0.554628 0.449753
0 0.669922 0.0574595 0.660155 0.114919
4 0.61934 0.7535 0.448285 0.465355
3 0.568462 0.498441 0.671316 0.996881
0 0.395195 0.484221 0.0779351 0.241853
4 0.762179 0.777201 0.4748 0.418762
3 0.707036 0.493411 0.559502 0.986822
0 0.227475 0.0891093 0.454949 0.178219
3 0.88113 0.729083 0.23774 0.521736
0 0.783529 0.0651195 0.432942 0.130239
3 0.18586 0.498732 0.368678 0.997463
3 0.884069 0.621826 0.231862 0.743679
3 0.316162 0.5 0.59852 1
3 0.706801 0.0699519 0.586397 0.139904
3 0.728519 0.240793 0.542962 0.481586
0 0.401219 0.226049 0.792431 0.452098
3 0.650894 0.589452 0.480443 0.790834
3 0.227475 0.0891093 0.454949 0.178219
3 0.473071 0.591217 0.159768 0.649781
3 0.444163 0.762402 0.62217 0.475196
0 0.437517 0.533977 0.0877195 0.116977
3 0.820967 0.788468 0.358066 0.423064
3 0.932183 0.550324 0.135634 0.831014
3 0.595783 0.749373 0.455677 0.501253
3 0.897688 0.436495 0.204623 0.803622
0 0.930711 0.800176 0.138578 0.399649
3 0.379073 0.541618 0.0985533 0.170504
3 0.405962 0.430792 0.766138 0.861584
3 0.129193 0.442908 0.258385 0.885815
3 0.269111 0.789038 0.505872 0.421924
4 0.481907 0.754503 0.6053 0.474403
3 0.881954 0.789683 0.236092 0.420635
3 0.642424 0.0438148 0.715153 0.0876296
3 0.171441 0.234993 0.340665 0.453939
3 0.395195 0.484221 0.0779351 0.241853
3 0.209033 0.332319 0.414167 0.664638
3 0.937476 0.6411 0.125047 0.657371
3 0.162365 0.820924 0.315581 0.358152
3 0.0996489 0.838664 0.199298 0.322672
3 0.10682 0.710921 0.213641 0.368625
3 0.774004 0.396368 0.451992 0.792736
0 0.804121 0.71091 0.391758 0.548298
3 0.388982 0.559489 0.0854237 0.107576
0 0.102361 0.835221 0.203033 0.329559
0 0.244832 0.802694 0.474074 0.382451
3 0.933756 0.422483 0.132489 0.778261
3 0.157781 0.730264 0.314336 0.487489
4 0.561158 0.0235511 0.877683 0.0471022
3 0.737647 0.780231 0.520825 0.426241
3 0.934937 0.799706 0.130127 0.400588
0 0.570926 0.357255 0.858147 0.714509
3 0.0282004 0.237339 0.0564007 0.474678
3 0.505619 0.024595 0.954794 0.04919
3 0.138018 0.226722 0.276035 0.453445
3 0.296912 0.0423744 0.593825 0.0847489
0 0.495612 0.526112 0.0762807 0.134789
0 0.0670439 0.856844 0.134088 0.286312
3 0.655514 0.269061 0.688973 0.538123
3 0.206351 0.685624 0.411598 0.607179
0 0.51638 0.267961 0.774538 0.535923
3 0.810578 0.499363 0.378843 0.990642
3 0.393613 0.293555 0.708985 0.58711
3 0.396646 0.534026 0.0641855 0.100214
0 0.432519 0.576546 0.129431 0.442483
3 0.0234657 0.327536 0.0469313 0.652815
4 0.784895 0.781457 0.428468 0.437085
0 0.275567 0.0540316 0.551134 0.108063
4 0.642424 0.0438148 0.715153 0.0876296
4 0.845659 0.789959 0.308681 0.420082
0 0.0203123 0.797531 0.0406247 0.404937
0 0.338844 0.746984 0.638918 0.50298
3 0.286653 0.747665 0.548241 0.497794
3 0.944824 0.709638 0.110351 0.552114
3 0.754712 0.63389 0.490577 0.699035
4 0.783529 0.0651195 0.432942 0.130239
4 0.241362 0.750795 0.47479 0.489506
4 0.650912 0.761212 0.421948 0.477576
3 0.570926 0.357255 0.858147 0.714509
3 0.812959 0.207261 0.374082 0.414523
0 0.0123461 0.669658 0.0246922 0.648605
3 0.212777 0.216604 0.424573 0.433208
4 0.934937 0.799706 0.130127 0.400588
4 0.511336 0.59096 0.169246 0.155752
0 0.432274 0.152981 0.812688 0.305962
3 0.012515 0.629056 0.02503 0.663405
4 0.669557 0.492817 0.525792 0.978997
0 0.226808 0.250727 0.443589 0.499731
3 0.680465 0.38262 0.635623 0.76524
3 0.435875 0.570228 0.118133 0.115322
3 0.358778 0.718752 0.145124 0.417855
0 0.129181 0.762638 0.257094 0.460149
0 0.784371 0.619994 0.431259 0.721433
0 0.845659 0.789959 0.308681 0.420082
0 0.934937 0.799706 0.130127 0.400588
0 0.0296039 0.829341 0.0592078 0.341317
0 0.0127815 0.759684 0.0255631 0.480632
4 0.395195 0.484221 0.0779351 0.241853
0 0.436422 0.308223 0.742228 0.616446
4 0.51638 0.267961 0.774538 0.535923
4 0.358376 0.0334221 0.714731 0.0668443
3 0.0296039 0.829341 0.0592078 0.341317
4 0.339221 0.78228 0.573228 0.435441
3 0.0151893 0.407671 0.0303787 0.766976
3 0.623023 0.737931 0.371586 0.468545
3 0.0127815 0.759684 0.0255631 0.480632
3 0.85642 0.407512 0.287159 0.804913
4 0.0670439 0.856844 0.134088 0.286312
3 0.915864 0.765428 0.168273 0.468219
3 0.383808 0.033937 0.756325 0.0678739
3 0.432519 0.576546 0.129431 0.442483
3 0.846113 0.799173 0.307774 0.397126
4 0.570926 0.357255 0.858147 0.714509
4 0.23252 0.80238 0.442197 0.395241
4 0.0296039 0.829341 0.0592078 0.341317
3 0.511336 0.59096 0.169246 0.155752
0 0.915864 0.765428 0.168273 0.468219
3 0.495612 0.526112 0.0762807 0.134789
3 0.205691 0.808142 0.399332 0.378523
0 0.379073 0.541618 0.0985533 0.170504
4 0.812959 0.207261 0.374082 0.414523
3 0.437517 0.533977 0.0877195 0.116977
3 0.535651 0.322359 0.607784 0.644718
4 0.0996489 0.838664 0.199298 0.322672
3 0.0203123 0.797531 0.0406247 0.404937
3 0.518306 0.750608 0.577613 0.470602
4 0.162365 0.820924 0.315581 0.358152
3 0.718133 0.715729 0.443595 0.532797
3 0.51638 0.267961 0.774538 0.535923
3 0.0551141 0.692132 0.110228 0.366353
0 0.0126925 0.544494 0.0253849 0.666364
4 0.266344 0.249118 0.532689 0.498237
3 0.057823 0.757694 0.115646 0.449544
3 0.804121 0.71091 0.391758 0.548298
4 0.473071 0.591217 0.159768 0.649781
4 0.227475 0.0891093 0.454949 0.178219
4 0.535651 0.322359 0.607784 0.644718
4 0.930711 0.800176 0.138578 0.399649
2 0.338844 0.746984 0.638918 0.50298
4 0.393613 0.293555 0.708985 0.58711
0 0.237335 0.724572 0.445265 0.542919
3 0.263535 0.487144 0.52615 0.974287
3 0.138571 0.839414 0.273826 0.318336
4 0.396646 0.534026 0.0641855 0.100214
0 0.784895 0.781457 0.428468 0.437085
3 0.106503 0.224643 0.213007 0.43072
3 0.930711 0.800176 0.138578 0.399649
0 0.473071 0.591217 0.159768 0.649781
4 0.396008 0.778398 0.625907 0.422326
4 0.435875 0.570228 0.118133 0.115322
4 0.655514 0.269061 0.688973 0.538123
4 0.138571 0.839414 0.273826 0.318336
4 0.388982 0.559489 0.0854237 0.107576
3 0.0528594 0.596534 0.105719 0.42631
0 0.303203 0.256408 0.596192 0.512816
4 0.378573 0.500054 0.708976 0.999892
3 0.0670439 0.856844 0.134088 0.286312
0 0.655514 0.269061 0.688973 0.538123
4 0.804121 0.71091 0.391758 0.548298
0 0.412108 0.76885 0.560293 0.4623
4 0.163263 0.309155 0.325154 0.618309
4 0.21371 0.210783 0.427419 0.421567
0 0.812959 0.207261 0.374082 0.414523
4 0.930866 0.350924 0.138268 0.701848
4 0.432519 0.576546 0.129431 0.442483
4 0.0234657 0.327536 0.0469313 0.652815
4 0.0203123 0.797531 0.0406247 0.404937
4 0.784371 0.619994 0.431259 0.721433
3 0.0661882 0.391759 0.132376 0.766742
0 0.644351 0.678132 0.369566 0.562062
4 0.275567 0.0540316 0.551134 0.108063
4 0.129181 0.762638 0.257094 0.460149
3 0.0893617 0.30581 0.178723 0.58413
4 0.401219 0.226049 0.792431 0.452098
4 0.728519 0.240793 0.542962 0.481586
0 0.138018 0.226722 0.276035 0.453445
4 0.0123461 0.669658 0.0246922 0.648605
0 0.330186 0.38272 0.648299 0.76544
4 0.358778 0.718752 0.145124 0.417855
3 0.293672 0.27931 0.56576 0.558621
4 0.915864 0.765428 0.168273 0.468219
0 0.768444 0.493997 0.463113 0.976242
4 0.057823 0.757694 0.115646 0.449544
4 0.138018 0.226722 0.276035 0.453445
4 0.289851 0.5 0.570956 1
0 0.10682 0.710921 0.213641 0.368625
4 0.568462 0.498441 0.671316 0.996881
4 0.437517 0.533977 0.0877195 0.116977
4 0.432274 0.152981 0.812688 0.305962
3 0.338969 0.788646 0.632868 0.404514
4 0.0127815 0.759684 0.0255631 0.480632
0 0.0151893 0.407671 0.0303787 0.766976
2 0.435875 0.570228 0.118133 0.115322
4 0.106503 0.224643 0.213007 0.43072
4 0.932183 0.550324 0.135634 0.831014
4 0.0151893 0.407671 0.0303787 0.766976
0 0.709055 0.414636 0.506793 0.818409
1 0.846834 0.797719 0.306331 0.3908
0 0.057823 0.757694 0.115646 0.449544
4 0.88113 0.729083 0.23774 0.521736
4 0.944824 0.709638 0.110351 0.552114
4 0.495612 0.526112 0.0762807 0.134789
0 0.263535 0.487144 0.52615 0.974287
4 0.330186 0.38272 0.648299 0.76544
4 0.724114 0.380604 0.551772 0.761208
2 0.358778 0.718752 0.145124 0.417855
0 0.0234657 0.327536 0.0469313 0.652815
4 0.206351 0.685624 0.411598 0.607179
0 0.595783 0.749373 0.455677 0.501253
0 0.944824 0.709638 0.110351 0.552114
4 0.224516 0.472453 0.422963 0.944906
4 0.0893617 0.30581 0.178723 0.58413
4 0.0126925 0.544494 0.0253849 0.666364
4 0.718133 0.715729 0.443595 0.532797
0 0.542729 0.5 0.612647 1
4 0.644351 0.678132 0.369566 0.562062
4 0.379073 0.541618 0.0985533 0.170504
0 0.88113 0.729083 0.23774 0.521736
4 0.226546 0.320912 0.450181 0.641825
2 0.481907 0.754503 0.6053 0.474403
0 0.196827 0.813919 0.376507 0.372162
0 0.0282004 0.237339 0.0564007 0.474678
0 0.930866 0.350924 0.138268 0.701848
4 0.0282004 0.237339 0.0564007 0.474678
4 0.129193 0.442908 0.258385 0.885815
4 0.289205 0.791401 0.564318 0.398943
0 0.378632 0.490769 0.724343 0.981539
0 0.932183 0.550324 0.135634 0.831014
3 0.432274 0.152981 0.812688 0.305962
4 0.937476 0.6411 0.125047 0.657371
0 0.570572 0.37559 0.607352 0.751179
0 0.937476 0.6411 0.125047 0.657371
2 0.511336 0.59096 0.169246 0.155752
2 0.623023 0.737931 0.371586 0.468545
4 0.876865 0.398772 0.24627 0.797545
0 0.859242 0.496012 0.281515 0.901581
2 0.835686 0.792002 0.328627 0.403709
0 0.393459 0.546721 0.0656322 0.067971
2 0.21551 0.76508 0.424311 0.457838
0 0.728519 0.240793 0.542962 0.481586
3 0.401219 0.226049 0.792431 0.452098
1 0.388982 0.559489 0.0854237 0.107576
2 0.437517 0.533977 0.0877195 0.116977
2 0.129181 0.762638 0.257094 0.460149
2 0.388982 0.559489 0.0854237 0.107576
2 0.396646 0.534026 0.0641855 0.100214
4 0.889782 0.550114 0.220435 0.89916
4 0.10682 0.710921 0.213641 0.368625
4 0.0551141 0.692132 0.110228 0.366353
2 0.804121 0.71091 0.391758 0.548298
0 0.171441 0.234993 0.340665 0.453939
2 0.432519 0.576546 0.129431 0.442483
2 0.0551141 0.692132 0.110228 0.366353
1 0.511336 0.59096 0.169246 0.155752
2 0.236446 0.535253 0.464074 0.911146
2 0.933756 0.422483 0.132489 0.778261
4 0.859242 0.496012 0.281515 0.901581
2 0.0670439 0.856844 0.134088 0.286312
4 0.810476 0.433778 0.379049 0.842067
1 0.202531 0.806273 0.397894 0.376324
1 0.930711 0.800176 0.138578 0.399649
1 0.655951 0.731293 0.431882 0.504064
4 0.0528594 0.596534 0.105719 0.42631
0 0.876865 0.398772 0.24627 0.797545
4 0.0661882 0.391759 0.132376 0.766742
2 0.542729 0.5 0.612647 1
0 0.106503 0.224643 0.213007 0.43072
2 0.057823 0.757694 0.115646 0.449544
0 0.889782 0.550114 0.220435 0.89916
0 0.650894 0.589452 0.480443 0.790834
2 0.0996489 0.838664 0.199298 0.322672
2 0.10682 0.710921 0.213641 0.368625
0 0.0551141 0.692132 0.110228 0.366353
2 0.934937 0.799706 0.130127 0.400588
0 0.241332 0.368199 0.477169 0.736398
2 0.21371 0.210783 0.427419 0.421567
1 0.78322 0.77214 0.43356 0.438296
1 0.435875 0.570228 0.118133 0.115322
2 0.30052 0.794229 0.578621 0.391847
2 0.817158 0.496399 0.365684 0.989611
2 0.0528594 0.596534 0.105719 0.42631
2 0.930711 0.800176 0.138578 0.399649
1 0.18586 0.498732 0.368678 0.997463
1 0.439892 0.748715 0.599639 0.492005
2 0.784371 0.619994 0.431259 0.721433
1 0.395195 0.484221 0.0779351 0.241853
2 0.774004 0.396368 0.451992 0.792736
2 0.716111 0.775124 0.554628 0.449753
