0 0.087762 0.573254 0.175524 0.107127
0 0.555356 0.561055 0.0898533 0.0847895
0 0.0889579 0.545126 0.177916 0.164117
0 0.556003 0.536725 0.0885803 0.147106
0 0.893305 0.302037 0.0848438 0.29752
3 0.889448 0.305166 0.0748758 0.325726
0 0.0885615 0.615624 0.177123 0.188649
0 0.829961 0.79478 0.335018 0.388318
1 0.0890423 0.5742 0.178085 0.101843
0 0.557835 0.507502 0.0849574 0.227206
1 0.893305 0.302037 0.0848438 0.29752
0 0.0891979 0.487147 0.178396 0.290235
0 0.11161 0.592748 0.221638 0.135481
0 0.592585 0.611342 0.186041 0.155332
0 0.580473 0.645209 0.147499 0.225341
0 0.915673 0.293877 0.130647 0.339058
2 0.893305 0.302037 0.0848438 0.29752
1 0.555356 0.561055 0.0898533 0.0847895
0 0.0940799 0.762239 0.18816 0.475523
0 0.892018 0.227269 0.0935854 0.454539
4 0.556003 0.536725 0.0885803 0.147106
3 0.913457 0.635156 0.173086 0.720721
1 0.556003 0.536725 0.0885803 0.147106
1 0.0926035 0.61812 0.185207 0.188942
0 0.489673 0.0262498 0.95729 0.0524996
1 0.0900606 0.545529 0.180121 0.166928
2 0.0889579 0.545126 0.177916 0.164117
0 0.413652 0.0496378 0.799492 0.0992757
3 0.350007 0.414616 0.490061 0.829232
0 0.555357 0.630521 0.0910879 0.211426
3 0.760512 0.509756 0.312805 0.77565
0 0.601699 0.750749 0.275964 0.434562
0 0.373866 0.023008 0.747732 0.046016
2 0.556003 0.536725 0.0885803 0.147106
2 0.559147 0.566837 0.0895662 0.0827286
3 0.722553 0.397674 0.415917 0.795349
4 0.106606 0.759593 0.213212 0.46856
3 0.543678 0.532875 0.105498 0.164692
4 0.559147 0.566837 0.0895662 0.0827286
4 0.893305 0.302037 0.0848438 0.29752
3 0.634573 0.0271117 0.72358 0.0542235
3 0.835757 0.765598 0.328486 0.462165
0 0.939025 0.796725 0.12195 0.40655
3 0.111633 0.392662 0.223265 0.510489
3 0.377038 0.731166 0.443445 0.453222
3 0.940263 0.563105 0.119474 0.301397
0 0.668542 0.126024 0.662915 0.252047
1 0.557835 0.507502 0.0849574 0.227206
0 0.928212 0.237558 0.143577 0.475116
3 0.909457 0.31691 0.11488 0.386422
3 0.674485 0.48438 0.297071 0.853681
0 0.231844 0.034559 0.463688 0.069118
3 0.136149 0.398437 0.272298 0.606271
3 0.62278 0.418832 0.505982 0.837664
3 0.428383 0.484998 0.332401 0.570596
3 0.937122 0.744065 0.125757 0.466424
3 0.179213 0.358254 0.329268 0.716507
3 0.33776 0.358423 0.623942 0.716846
0 0.684782 0.253745 0.630436 0.507489
3 0.659404 0.655534 0.268994 0.605446
3 0.926824 0.326943 0.146351 0.509164
4 0.196046 0.753756 0.374159 0.470934
3 0.318742 0.36983 0.389421 0.73966
3 0.838651 0.788502 0.322699 0.422995
0 0.889509 0.38126 0.0935761 0.461223
0 0.736487 0.234005 0.429298 0.468009
4 0.831465 0.782621 0.33707 0.421645
4 0.0908183 0.619533 0.181637 0.20371
0 0.597718 0.586312 0.171885 0.24964
3 0.399607 0.639331 0.38822 0.470551
3 0.35843 0.466288 0.304306 0.564967
3 0.439143 0.426085 0.424529 0.852169
3 0.492003 0.553523 0.204446 0.398888
3 0.125048 0.292604 0.250096 0.585208
3 0.15378 0.309778 0.30756 0.619556
3 0.240611 0.350475 0.374963 0.659694
3 0.668542 0.126024 0.662915 0.252047
0 0.409696 0.752529 0.677689 0.473921
3 0.19008 0.496819 0.267002 0.583302
3 0.286695 0.589592 0.344498 0.538398
3 0.601699 0.750749 0.275964 0.434562
3 0.840812 0.412459 0.187205 0.527864
3 0.464089 0.35425 0.643208 0.7085
1 0.0891979 0.487147 0.178396 0.290235
0 0.926824 0.326943 0.146351 0.509164
3 0.592585 0.611342 0.186041 0.155332
3 0.928212 0.237558 0.143577 0.475116
3 0.619633 0.315021 0.668157 0.630041
3 0.273496 0.484282 0.281412 0.600274
3 0.926073 0.408436 0.147854 0.457254
3 0.614359 0.489205 0.218049 0.709851
0 0.539144 0.0603488 0.746381 0.120698
3 0.93889 0.801422 0.12222 0.397156
3 0.684782 0.253745 0.630436 0.507489
3 0.0941159 0.486042 0.188232 0.326782
0 0.588998 0.0212656 0.742408 0.0425313
3 0.100246 0.428587 0.200493 0.447399
0 0.619633 0.315021 0.668157 0.630041
3 0.767525 0.230873 0.46495 0.461745
3 0.510508 0.830765 0.455282 0.33847
3 0.223407 0.298678 0.446813 0.597356
0 0.583112 0.215842 0.719676 0.431683
3 0.192286 0.584088 0.297672 0.546517
3 0.231844 0.034559 0.463688 0.069118
3 0.128389 0.522283 0.256779 0.63619
3 0.424418 0.840916 0.382161 0.318168
0 0.0830578 0.420372 0.166116 0.463278
3 0.187255 0.672847 0.37451 0.463776
0 0.377038 0.731166 0.443445 0.453222
3 0.597718 0.586312 0.171885 0.24964
3 0.91091 0.231596 0.178179 0.463192
3 0.778971 0.159907 0.442058 0.319814
3 0.539886 0.468174 0.13402 0.511309
3 0.151726 0.811436 0.282062 0.377128
0 0.778971 0.159907 0.442058 0.319814
3 0.31555 0.6604 0.517457 0.591763
3 0.535998 0.760363 0.520407 0.457186
0 0.445539 0.729309 0.327464 0.420144
3 0.808546 0.561846 0.260534 0.821135
0 0.858054 0.52987 0.261055 0.928277
3 0.603794 0.61896 0.170779 0.464189
3 0.580541 0.795994 0.429425 0.408013
0 0.659892 0.754012 0.352324 0.48505
3 0.11051 0.789783 0.219692 0.420434
0 0.136314 0.726337 0.258978 0.395082
3 0.659892 0.754012 0.352324 0.48505
0 0.93889 0.801422 0.12222 0.397156
4 0.0889579 0.545126 0.177916 0.164117
0 0.91091 0.231596 0.178179 0.463192
3 0.583112 0.215842 0.719676 0.431683
2 0.445539 0.729309 0.327464 0.420144
3 0.238028 0.200024 0.476057 0.400049
0 0.726103 0.794891 0.1673 0.38803
3 0.276337 0.735195 0.548377 0.462969
3 0.3113 0.0260855 0.622599 0.0521711
4 0.892018 0.227269 0.0935854 0.454539
3 0.353229 0.832727 0.339393 0.334546
3 0.742152 0.688905 0.370114 0.621222
0 0.283791 0.0293499 0.567583 0.0586998
1 0.555357 0.630521 0.0910879 0.211426
3 0.0212233 0.400111 0.0424466 0.48528
4 0.588998 0.0212656 0.742408 0.0425313
3 0.230046 0.832034 0.386643 0.335933
4 0.413652 0.0496378 0.799492 0.0992757
3 0.559811 0.542917 0.0877096 0.144675
4 0.557835 0.507502 0.0849574 0.227206
3 0.801749 0.380346 0.270344 0.527843
3 0.196046 0.753756 0.374159 0.470934
3 0.858054 0.52987 0.261055 0.928277
4 0.0891979 0.487147 0.178396 0.290235
0 0.756938 0.778257 0.239763 0.411787
0 0.0173419 0.316559 0.0346838 0.597279
0 0.415007 0.77462 0.432694 0.427943
3 0.70154 0.785752 0.239237 0.428495
0 0.455577 0.815432 0.594648 0.346087
3 0.321858 0.776669 0.394713 0.42128
4 0.684782 0.253745 0.630436 0.507489
4 0.583112 0.215842 0.719676 0.431683
3 0.541683 0.563033 0.112798 0.0881034
3 0.0649003 0.36593 0.129801 0.507363
3 0.539144 0.0603488 0.746381 0.120698
3 0.031331 0.770905 0.0626619 0.458189
4 0.803627 0.786006 0.284088 0.427989
0 0.926073 0.408436 0.147854 0.457254
3 0.489673 0.0262498 0.95729 0.0524996
3 0.573779 0.483509 0.126889 0.551474
4 0.93889 0.801422 0.12222 0.397156
4 0.668542 0.126024 0.662915 0.252047
3 0.892018 0.227269 0.0935854 0.454539
3 0.1058 0.763905 0.2116 0.469415
2 0.389622 0.762041 0.439169 0.426817
0 0.838651 0.788502 0.322699 0.422995
0 0.0212233 0.400111 0.0424466 0.48528
4 0.539144 0.0603488 0.746381 0.120698
3 0.593046 0.801101 0.381963 0.381827
3 0.0337603 0.776679 0.0675206 0.446643
3 0.0173419 0.316559 0.0346838 0.597279
3 0.562492 0.510181 0.0878561 0.228255
3 0.0243584 0.26644 0.0487168 0.53288
3 0.0801836 0.28489 0.160367 0.56978
3 0.311353 0.169084 0.622705 0.338169
0 0.41637 0.609204 0.340214 0.551821
4 0.939025 0.796725 0.12195 0.40655
0 0.412891 0.844264 0.435949 0.289333
3 0.544109 0.841518 0.380859 0.301
3 0.19497 0.23022 0.38994 0.460441
3 0.11653 0.596665 0.229206 0.263198
0 0.492003 0.553523 0.204446 0.398888
3 0.0721929 0.766042 0.144386 0.467916
4 0.601699 0.750749 0.275964 0.434562
4 0.619633 0.315021 0.668157 0.630041
4 0.756938 0.778257 0.239763 0.411787
0 0.603794 0.61896 0.170779 0.464189
0 0.573779 0.483509 0.126889 0.551474
2 0.409696 0.752529 0.677689 0.473921
4 0.489673 0.0262498 0.95729 0.0524996
0 0.276337 0.735195 0.548377 0.462969
0 0.539886 0.468174 0.13402 0.511309
3 0.559147 0.566837 0.0895662 0.0827286
4 0.535998 0.760363 0.520407 0.457186
0 0.496041 0.848012 0.374127 0.287001
4 0.539886 0.468174 0.13402 0.511309
4 0.736487 0.234005 0.429298 0.468009
4 0.909087 0.307982 0.114461 0.315712
0 0.543678 0.532875 0.105498 0.164692
4 0.422588 0.353319 0.645006 0.706639
0 0.322347 0.0770082 0.644695 0.154016
4 0.0721929 0.766042 0.144386 0.467916
3 0.409696 0.752529 0.677689 0.473921
0 0.840812 0.412459 0.187205 0.527864
4 0.231844 0.034559 0.463688 0.069118
4 0.151726 0.811436 0.282062 0.377128
2 0.580473 0.645209 0.147499 0.225341
3 0.243153 0.795511 0.45025 0.386425
4 0.0337603 0.776679 0.0675206 0.446643
4 0.928212 0.237558 0.143577 0.475116
4 0.031331 0.770905 0.0626619 0.458189
0 0.580541 0.795994 0.429425 0.408013
0 0.593046 0.801101 0.381963 0.381827
4 0.510508 0.830765 0.455282 0.33847
0 0.111633 0.392662 0.223265 0.510489
3 0.455577 0.815432 0.594648 0.346087
4 0.321935 0.769101 0.452936 0.4089
4 0.409696 0.752529 0.677689 0.473921
4 0.11051 0.789783 0.219692 0.420434
3 0.580473 0.645209 0.147499 0.225341
0 0.0649003 0.36593 0.129801 0.507363
3 0.322347 0.0770082 0.644695 0.154016
4 0.19497 0.23022 0.38994 0.460441
3 0.444235 0.848673 0.398561 0.285724
4 0.726103 0.794891 0.1673 0.38803
4 0.347206 0.0234353 0.694413 0.0468707
4 0.70154 0.785752 0.239237 0.428495
0 0.0795248 0.766468 0.15905 0.467065
4 0.445539 0.729309 0.327464 0.420144
2 0.0940648 0.760601 0.18813 0.478798
0 0.19497 0.23022 0.38994 0.460441
4 0.580473 0.645209 0.147499 0.225341
4 0.778971 0.159907 0.442058 0.319814
4 0.0173419 0.316559 0.0346838 0.597279
4 0.889509 0.38126 0.0935761 0.461223
1 0.892018 0.227269 0.0935854 0.454539
2 0.0908183 0.619533 0.181637 0.20371
0 0.940263 0.563105 0.119474 0.301397
0 0.510508 0.830765 0.455282 0.33847
3 0.427076 0.0519062 0.854151 0.103812
4 0.216293 0.197707 0.432587 0.395415
4 0.917208 0.350261 0.136919 0.397333
0 0.128389 0.522283 0.256779 0.63619
3 0.380155 0.839198 0.384056 0.308101
4 0.580541 0.795994 0.429425 0.408013
0 0.808546 0.561846 0.260534 0.821135
3 0.293071 0.822538 0.356971 0.339472
4 0.592585 0.611342 0.186041 0.155332
2 0.541683 0.563033 0.112798 0.0881034
4 0.455577 0.815432 0.594648 0.346087
4 0.322347 0.0770082 0.644695 0.154016
4 0.311353 0.169084 0.622705 0.338169
3 0.415007 0.77462 0.432694 0.427943
4 0.440929 0.760809 0.468796 0.456583
4 0.940263 0.563105 0.119474 0.301397
0 0.428383 0.484998 0.332401 0.570596
3 0.170088 0.8134 0.323268 0.358752
0 0.11051 0.789783 0.219692 0.420434
0 0.70154 0.785752 0.239237 0.428495
4 0.0243584 0.26644 0.0487168 0.53288
2 0.136314 0.726337 0.258978 0.395082
0 0.366381 0.422942 0.505393 0.845883
2 0.840812 0.412459 0.187205 0.527864
3 0.889509 0.38126 0.0935761 0.461223
4 0.366381 0.422942 0.505393 0.845883
4 0.0777529 0.43351 0.155506 0.425757
0 0.31555 0.6604 0.517457 0.591763
2 0.858054 0.52987 0.261055 0.928277
2 0.917208 0.350261 0.136919 0.397333
4 0.50035 0.417716 0.413289 0.835431
2 0.276279 0.294154 0.552558 0.588308
0 0.213353 0.731253 0.415994 0.410062
4 0.926073 0.408436 0.147854 0.457254
2 0.808546 0.561846 0.260534 0.821135
4 0.397262 0.83674 0.360463 0.326521
0 0.031331 0.770905 0.0626619 0.458189
0 0.50035 0.417716 0.413289 0.835431
4 0.573779 0.483509 0.126889 0.551474
0 0.0243584 0.26644 0.0487168 0.53288
0 0.311353 0.169084 0.622705 0.338169
4 0.0885069 0.57281 0.177014 0.106718
3 0.726103 0.794891 0.1673 0.38803
4 0.70869 0.767524 0.434089 0.441288
0 0.801749 0.380346 0.270344 0.527843
4 0.926824 0.326943 0.146351 0.509164
4 0.302113 0.32276 0.604226 0.64552
0 0.535998 0.760363 0.520407 0.457186
3 0.136314 0.726337 0.258978 0.395082
4 0.913457 0.635156 0.173086 0.720721
4 0.0212233 0.400111 0.0424466 0.48528
2 0.889509 0.38126 0.0935761 0.461223
2 0.128389 0.522283 0.256779 0.63619
2 0.18114 0.298244 0.362279 0.596488
4 0.29498 0.833125 0.366851 0.33375
0 0.0877746 0.573251 0.175549 0.107141
0 0.55535 0.561053 0.0898582 0.0847356
0 0.0889541 0.545141 0.177908 0.164035
0 0.555999 0.536765 0.0885817 0.146977
0 0.893304 0.302021 0.08484 0.297489
3 0.889454 0.305166 0.0748829 0.325699
0 0.0885724 0.615616 0.177145 0.188686
0 0.829949 0.794864 0.33502 0.388183
1 0.0890475 0.574202 0.178095 0.101851
0 0.557828 0.507533 0.0849682 0.227231
1 0.893304 0.302021 0.08484 0.297489
0 0.0891961 0.487205 0.178392 0.290102
0 0.111605 0.592792 0.221629 0.135576
0 0.592606 0.611228 0.185984 0.155084
0 0.580385 0.645092 0.147292 0.225196
2 0.893304 0.302021 0.08484 0.297489
1 0.55535 0.561053 0.0898582 0.0847356
0 0.915762 0.293384 0.130824 0.340193
0 0.0940739 0.762255 0.188148 0.47549
0 0.892025 0.227218 0.0935848 0.454435
4 0.555999 0.536765 0.0885817 0.146977
3 0.913637 0.635454 0.172726 0.719814
1 0.555999 0.536765 0.0885817 0.146977
1 0.0926086 0.618159 0.185217 0.189068
0 0.489498 0.0261296 0.957021 0.0522591
1 0.0900647 0.545562 0.180129 0.166829
2 0.0889541 0.545141 0.177908 0.164035
3 0.350401 0.414521 0.489084 0.829041
0 0.413567 0.0496511 0.799442 0.0993021
0 0.555347 0.630516 0.0910717 0.211374
3 0.76024 0.509399 0.313096 0.774906
2 0.555999 0.536765 0.0885817 0.146977
0 0.601762 0.750674 0.275793 0.434498
0 0.373679 0.0229216 0.747357 0.0458431
2 0.559139 0.566839 0.0895849 0.0826925
3 0.722969 0.39764 0.414944 0.79528
4 0.106628 0.759603 0.213255 0.468518
3 0.543685 0.532912 0.105492 0.16453
4 0.559139 0.566839 0.0895849 0.0826925
4 0.893304 0.302021 0.08484 0.297489
3 0.836064 0.765552 0.327873 0.462247
3 0.634415 0.0272076 0.723534 0.0544152
3 0.111607 0.392116 0.223214 0.512116
3 0.37729 0.730921 0.442861 0.452387
3 0.940557 0.562308 0.118885 0.298151
1 0.557828 0.507533 0.0849682 0.227231
3 0.909486 0.3167 0.114924 0.386675
0 0.939091 0.797008 0.121818 0.405984
3 0.674379 0.483886 0.29707 0.853851
3 0.136127 0.397839 0.272255 0.608176
3 0.623147 0.418773 0.504509 0.837546
0 0.668517 0.130244 0.662967 0.260489
3 0.428606 0.484959 0.33201 0.571028
0 0.928223 0.237539 0.143554 0.475077
3 0.937191 0.743796 0.125619 0.466344
0 0.231636 0.0347117 0.463272 0.0694235
3 0.337629 0.358248 0.623709 0.716496
3 0.179306 0.357991 0.328875 0.715982
3 0.659268 0.655439 0.268854 0.605124
3 0.926843 0.325487 0.146313 0.511916
4 0.196021 0.753733 0.374094 0.470959
3 0.318976 0.36932 0.387543 0.73864
3 0.838943 0.788639 0.322115 0.422722
0 0.684738 0.253936 0.630524 0.507872
4 0.0908266 0.619507 0.181653 0.203706
3 0.399982 0.63871 0.387497 0.468854
4 0.831431 0.782872 0.337138 0.421211
3 0.358204 0.46633 0.303723 0.565178
3 0.439521 0.426089 0.423775 0.852178
3 0.491935 0.553612 0.204628 0.398781
3 0.124938 0.292425 0.249875 0.584851
3 0.153584 0.309828 0.307169 0.619655
0 0.738229 0.233964 0.425414 0.467929
0 0.889506 0.380181 0.0935263 0.459
3 0.240694 0.350506 0.373374 0.657229
3 0.668517 0.130244 0.662967 0.260489
0 0.597743 0.586431 0.171871 0.249714
3 0.190158 0.496905 0.266718 0.5831
3 0.286484 0.589619 0.344276 0.538384
3 0.601762 0.750674 0.275793 0.434498
3 0.840909 0.412442 0.18699 0.527802
3 0.463881 0.35424 0.643014 0.70848
1 0.0891961 0.487205 0.178392 0.290102
3 0.592606 0.611228 0.185984 0.155084
0 0.409258 0.752562 0.678413 0.473789
3 0.928223 0.237539 0.143554 0.475077
3 0.619576 0.315296 0.668351 0.630593
3 0.273457 0.484285 0.280435 0.599851
3 0.926103 0.407907 0.147793 0.456876
0 0.926843 0.325487 0.146313 0.511916
3 0.614359 0.488943 0.21811 0.71071
3 0.684738 0.253936 0.630524 0.507872
3 0.938944 0.801704 0.122113 0.396592
3 0.0941243 0.48616 0.188249 0.326692
3 0.100227 0.42853 0.200455 0.447546
3 0.768027 0.231085 0.463946 0.46217
3 0.509629 0.830688 0.457094 0.338623
0 0.538912 0.0603815 0.746902 0.120763
3 0.222906 0.298627 0.445813 0.597255
3 0.192288 0.584167 0.297425 0.546511
0 0.588923 0.02133 0.742645 0.0426599
3 0.231636 0.0347117 0.463272 0.0694235
0 0.619576 0.315296 0.668351 0.630593
3 0.128347 0.522617 0.256694 0.635896
3 0.424328 0.840926 0.382317 0.318147
0 0.582907 0.215082 0.720222 0.430164
3 0.187086 0.67294 0.374173 0.463537
3 0.597743 0.586431 0.171871 0.249714
3 0.910908 0.231552 0.178185 0.463105
3 0.539871 0.468155 0.134082 0.511889
3 0.779144 0.162318 0.441712 0.324637
3 0.15187 0.811969 0.282564 0.376061
3 0.315707 0.660358 0.517099 0.591157
0 0.0830475 0.420457 0.166095 0.463059
3 0.534204 0.760372 0.523534 0.457152
0 0.37729 0.730921 0.442861 0.452387
3 0.808814 0.561901 0.259711 0.820784
3 0.579218 0.795913 0.431686 0.408174
3 0.603797 0.619303 0.170845 0.464839
3 0.110749 0.790075 0.220186 0.41985
0 0.779144 0.162318 0.441712 0.324637
0 0.445879 0.728714 0.326587 0.418635
3 0.659717 0.754021 0.35159 0.485287
4 0.0889541 0.545141 0.177908 0.164035
3 0.237627 0.201012 0.475254 0.402024
0 0.858825 0.52981 0.258743 0.928458
0 0.659717 0.754021 0.35159 0.485287
3 0.582907 0.215082 0.720222 0.430164
2 0.445879 0.728714 0.326587 0.418635
3 0.276213 0.735162 0.548064 0.46248
3 0.311095 0.0260814 0.622189 0.0521627
4 0.892025 0.227218 0.0935848 0.454435
3 0.353029 0.832947 0.339873 0.334106
0 0.136188 0.726258 0.258751 0.395018
3 0.74077 0.688901 0.370965 0.621373
0 0.938944 0.801704 0.122113 0.396592
0 0.910908 0.231552 0.178185 0.463105
1 0.555347 0.630516 0.0910717 0.211374
4 0.588923 0.02133 0.742645 0.0426599
3 0.0212136 0.400204 0.0424272 0.485034
4 0.413567 0.0496511 0.799442 0.0993021
3 0.230073 0.832424 0.387689 0.335152
3 0.559801 0.542943 0.0877386 0.144581
4 0.557828 0.507533 0.0849682 0.227231
0 0.725431 0.794825 0.168798 0.38825
3 0.801694 0.380281 0.270456 0.528511
0 0.28347 0.0294017 0.56694 0.0588033
3 0.196021 0.753733 0.374094 0.470959
3 0.858825 0.52981 0.258743 0.928458
4 0.0891961 0.487205 0.178392 0.290102
3 0.701147 0.785665 0.239784 0.42867
4 0.582907 0.215082 0.720222 0.430164
3 0.321435 0.776632 0.394579 0.421385
4 0.684738 0.253936 0.630524 0.507872
3 0.538912 0.0603815 0.746902 0.120763
3 0.541712 0.56301 0.112702 0.088029
3 0.0649506 0.364883 0.129901 0.509418
3 0.0313822 0.770938 0.0627643 0.458124
0 0.0173902 0.3162 0.0347804 0.597754
0 0.755569 0.777955 0.242461 0.412401
0 0.415052 0.774515 0.432569 0.428096
4 0.803133 0.785984 0.283248 0.428032
0 0.453835 0.815404 0.598225 0.346202
3 0.489498 0.0261296 0.957021 0.0522591
3 0.573883 0.483527 0.127141 0.552128
4 0.938944 0.801704 0.122113 0.396592
4 0.668517 0.130244 0.662967 0.260489
3 0.892025 0.227218 0.0935848 0.454435
0 0.926103 0.407907 0.147793 0.456876
3 0.105811 0.763864 0.211622 0.469469
2 0.389444 0.761821 0.439413 0.426765
4 0.538912 0.0603815 0.746902 0.120763
3 0.592644 0.800991 0.382684 0.382041
0 0.838943 0.788639 0.322115 0.422722
3 0.0338255 0.776727 0.067651 0.446546
3 0.0173902 0.3162 0.0347804 0.597754
3 0.310954 0.170658 0.621908 0.341316
0 0.0212136 0.400204 0.0424272 0.485034
3 0.562489 0.51026 0.0878988 0.228393
3 0.0244488 0.266261 0.0488976 0.532522
3 0.0800792 0.284522 0.160158 0.569045
4 0.939091 0.797008 0.121818 0.405984
3 0.543787 0.841477 0.381629 0.301083
3 0.194613 0.230033 0.389226 0.460067
3 0.0720876 0.766044 0.144175 0.467912
3 0.116515 0.596677 0.229161 0.26307
0 0.416651 0.609141 0.339725 0.551199
4 0.601762 0.750674 0.275793 0.434498
0 0.413022 0.844535 0.435774 0.288805
4 0.755569 0.777955 0.242461 0.412401
0 0.491935 0.553612 0.204628 0.398781
4 0.619576 0.315296 0.668351 0.630593
2 0.409258 0.752562 0.678413 0.473789
4 0.489498 0.0261296 0.957021 0.0522591
0 0.603797 0.619303 0.170845 0.464839
0 0.573883 0.483527 0.127141 0.552128
3 0.559139 0.566839 0.0895849 0.0826925
4 0.534204 0.760372 0.523534 0.457152
4 0.539871 0.468155 0.134082 0.511889
4 0.738229 0.233964 0.425414 0.467929
0 0.276213 0.735162 0.548064 0.46248
4 0.90914 0.307976 0.114561 0.315874
0 0.539871 0.468155 0.134082 0.511889
4 0.422517 0.353285 0.644853 0.706571
0 0.496122 0.848009 0.374265 0.287016
4 0.0720876 0.766044 0.144175 0.467912
3 0.409258 0.752562 0.678413 0.473789
0 0.543685 0.532912 0.105492 0.16453
0 0.321955 0.0774732 0.643909 0.154946
4 0.231636 0.0347117 0.463272 0.0694235
4 0.15187 0.811969 0.282564 0.376061
3 0.243022 0.796226 0.450056 0.385084
2 0.580385 0.645092 0.147292 0.225196
4 0.0338255 0.776727 0.067651 0.446546
0 0.840909 0.412442 0.18699 0.527802
4 0.928223 0.237539 0.143554 0.475077
4 0.0313822 0.770938 0.0627643 0.458124
4 0.509629 0.830688 0.457094 0.338623
4 0.321401 0.768873 0.453547 0.408752
3 0.453835 0.815404 0.598225 0.346202
4 0.409258 0.752562 0.678413 0.473789
4 0.110749 0.790075 0.220186 0.41985
0 0.592644 0.800991 0.382684 0.382041
0 0.579218 0.795913 0.431686 0.408174
3 0.580385 0.645092 0.147292 0.225196
3 0.321955 0.0774732 0.643909 0.154946
4 0.194613 0.230033 0.389226 0.460067
0 0.111607 0.392116 0.223214 0.512116
3 0.444327 0.848674 0.398585 0.285738
4 0.725431 0.794825 0.168798 0.38825
4 0.346943 0.0233827 0.693886 0.0467654
4 0.701147 0.785665 0.239784 0.42867
4 0.445879 0.728714 0.326587 0.418635
0 0.0649506 0.364883 0.129901 0.509418
2 0.0940596 0.760605 0.188119 0.47879
4 0.580385 0.645092 0.147292 0.225196
4 0.779144 0.162318 0.441712 0.324637
4 0.0173902 0.3162 0.0347804 0.597754
4 0.889506 0.380181 0.0935263 0.459
1 0.892025 0.227218 0.0935848 0.454435
2 0.0908266 0.619507 0.181653 0.203706
3 0.427051 0.0519793 0.854101 0.103959
0 0.0797266 0.76659 0.159453 0.466819
0 0.194613 0.230033 0.389226 0.460067
4 0.21557 0.197946 0.431139 0.395892
4 0.917206 0.350168 0.13689 0.397065
0 0.940557 0.562308 0.118885 0.298151
3 0.380057 0.839485 0.384178 0.30754
4 0.579218 0.795913 0.431686 0.408174
3 0.292065 0.82315 0.358639 0.338306
0 0.509629 0.830688 0.457094 0.338623
4 0.592606 0.611228 0.185984 0.155084
4 0.453835 0.815404 0.598225 0.346202
3 0.415052 0.774515 0.432569 0.428096
4 0.321955 0.0774732 0.643909 0.154946
2 0.541712 0.56301 0.112702 0.088029
4 0.310954 0.170658 0.621908 0.341316
4 0.441096 0.760716 0.468474 0.456646
0 0.128347 0.522617 0.256694 0.635896
4 0.940557 0.562308 0.118885 0.298151
0 0.808814 0.561901 0.259711 0.820784
3 0.170293 0.81396 0.323814 0.357616
4 0.0244488 0.266261 0.0488976 0.532522
2 0.136188 0.726258 0.258751 0.395018
2 0.840909 0.412442 0.18699 0.527802
3 0.889506 0.380181 0.0935263 0.459
4 0.366664 0.422896 0.504819 0.845793
4 0.0777591 0.433452 0.155518 0.425887
0 0.428606 0.484959 0.33201 0.571028
0 0.110749 0.790075 0.220186 0.41985
0 0.366664 0.422896 0.504819 0.845793
2 0.858825 0.52981 0.258743 0.928458
0 0.701147 0.785665 0.239784 0.42867
2 0.917206 0.350168 0.13689 0.397065
0 0.315707 0.660358 0.517099 0.591157
4 0.500727 0.417665 0.41248 0.83533
2 0.275872 0.293844 0.551743 0.587688
4 0.926103 0.407907 0.147793 0.456876
2 0.808814 0.561901 0.259711 0.820784
4 0.39709 0.836851 0.360797 0.326299
3 0.725431 0.794825 0.168798 0.38825
4 0.708128 0.767485 0.432712 0.441564
4 0.573883 0.483527 0.127141 0.552128
4 0.0885035 0.572809 0.177007 0.106724
0 0.212906 0.731027 0.415039 0.409593
4 0.926843 0.325487 0.146313 0.511916
4 0.301837 0.322275 0.603675 0.644551
0 0.500727 0.417665 0.41248 0.83533
0 0.0313822 0.770938 0.0627643 0.458124
0 0.0244488 0.266261 0.0488976 0.532522
3 0.136188 0.726258 0.258751 0.395018
4 0.0212136 0.400204 0.0424272 0.485034
4 0.913637 0.635454 0.172726 0.719814
0 0.310954 0.170658 0.621908 0.341316
2 0.889506 0.380181 0.0935263 0.459
0 0.801694 0.380281 0.270456 0.528511
2 0.128347 0.522617 0.256694 0.635896
2 0.18083 0.29827 0.361659 0.59654
0 0.534204 0.760372 0.523534 0.457152
4 0.294426 0.833397 0.368453 0.333207
