0 0.21573 0.537647 0.112504 0.0900145
0 0.499269 0.588425 0.104564 0.152144
0 0.778233 0.75791 0.443535 0.474582
0 0.2218 0.456394 0.107385 0.256525
1 0.22056 0.538313 0.109487 0.0948538
0 0.546762 0.666571 0.222667 0.29928
0 0.571012 0.356627 0.26639 0.707864
1 0.499269 0.588425 0.104564 0.152144
2 0.499269 0.588425 0.104564 0.152144
0 0.518652 0.601481 0.153537 0.16862
1 0.2218 0.456394 0.107385 0.256525
4 0.779287 0.761951 0.441426 0.467205
0 0.488969 0.309187 0.452592 0.606059
0 0.138881 0.708646 0.277761 0.440402
4 0.499269 0.588425 0.104564 0.152144
0 0.236561 0.555463 0.314927 0.137999
4 0.544885 0.755721 0.436805 0.471427
0 0.839461 0.770608 0.321077 0.458785
4 0.218787 0.537872 0.11549 0.0937534
0 0.389418 0.747083 0.372754 0.505834
3 0.188608 0.57993 0.174804 0.245916
0 0.0836528 0.770774 0.166903 0.446291
0 0.464463 0.747549 0.54747 0.475494
2 0.389418 0.747083 0.372754 0.505834
0 0.635505 0.73265 0.402617 0.426044
3 0.197488 0.33861 0.204638 0.641507
0 0.251655 0.732135 0.39631 0.478245
3 0.776075 0.762699 0.44122 0.465876
3 0.812913 0.519419 0.374173 0.961163
2 0.22056 0.538313 0.109487 0.0948538
3 0.856629 0.370341 0.286741 0.740683
3 0.12819 0.518778 0.256381 0.962444
3 0.812876 0.677834 0.374248 0.644332
0 0.188608 0.57993 0.174804 0.245916
3 0.535766 0.37421 0.356101 0.740183
3 0.126861 0.27442 0.253722 0.54884
3 0.173722 0.297996 0.335832 0.595992
3 0.136248 0.741002 0.270508 0.51371
3 0.157714 0.488553 0.309067 0.931974
4 0.571012 0.356627 0.26639 0.707864
3 0.39037 0.458285 0.63971 0.912925
0 0.0246146 0.66935 0.0492292 0.652047
3 0.939457 0.77342 0.121085 0.45316
4 0.488969 0.309187 0.452592 0.606059
0 0.48995 0.320642 0.801488 0.641283
0 0.0597744 0.775133 0.119056 0.439596
4 0.315836 0.737774 0.613139 0.524451
0 0.421996 0.351458 0.583526 0.700685
3 0.403005 0.748666 0.30359 0.487673
3 0.576302 0.452563 0.314931 0.887319
0 0.785795 0.67183 0.42841 0.65634
3 0.273505 0.770841 0.507209 0.458317
3 0.917421 0.594942 0.165158 0.781122
3 0.882059 0.757059 0.235882 0.485882
3 0.207925 0.400091 0.150436 0.640525
4 0.22171 0.46359 0.110322 0.24001
3 0.630312 0.506106 0.36772 0.987789
3 0.148794 0.77368 0.275913 0.452641
3 0.201406 0.77207 0.373976 0.45586
0 0.236848 0.5372 0.174791 0.107629
0 0.0233156 0.588961 0.0466312 0.791411
3 0.499288 0.570886 0.110815 0.181347
4 0.648403 0.753678 0.479842 0.46908
0 0.385131 0.27298 0.660933 0.545959
0 0.223024 0.0808473 0.446048 0.161695
0 0.935431 0.773073 0.129138 0.449414
3 0.541714 0.778739 0.439166 0.442521
0 0.553689 0.702981 0.210037 0.463366
3 0.267668 0.302748 0.482964 0.594326
3 0.935431 0.773073 0.129138 0.449414
3 0.810677 0.751664 0.378646 0.496672
3 0.62142 0.761903 0.372055 0.476193
0 0.362832 0.0462227 0.725665 0.0924454
3 0.735373 0.366336 0.292546 0.716876
0 0.542239 0.50381 0.342927 0.992379
3 0.425739 0.346625 0.5716 0.69325
1 0.571012 0.356627 0.26639 0.707864
0 0.127999 0.76852 0.254093 0.449669
3 0.223024 0.0808473 0.446048 0.161695
0 0.373043 0.105208 0.688775 0.210417
3 0.110971 0.783959 0.218092 0.432083
3 0.236848 0.5372 0.174791 0.107629
3 0.652985 0.073936 0.694031 0.147872
4 0.207925 0.400091 0.150436 0.640525
3 0.804588 0.421725 0.248902 0.797561
4 0.542239 0.50381 0.342927 0.992379
3 0.87035 0.511955 0.2593 0.976089
3 0.37161 0.69333 0.371176 0.61334
3 0.455381 0.777456 0.544613 0.445087
3 0.314995 0.0497561 0.629989 0.0995123
3 0.161386 0.206615 0.322773 0.41323
4 0.421996 0.351458 0.583526 0.700685
3 0.673722 0.313259 0.633102 0.626518
3 0.818993 0.106818 0.362014 0.213636
3 0.74032 0.516094 0.317718 0.967812
1 0.776848 0.752662 0.438724 0.484539
3 0.518652 0.601481 0.153537 0.16862
3 0.635505 0.73265 0.402617 0.426044
3 0.572592 0.29002 0.854816 0.580039
3 0.764169 0.249587 0.471663 0.499173
4 0.389418 0.747083 0.372754 0.505834
0 0.61032 0.117044 0.775287 0.234089
3 0.350198 0.0315565 0.700396 0.063113
0 0.357252 0.0260062 0.714504 0.0520125
3 0.931773 0.407481 0.136454 0.765057
3 0.838502 0.272944 0.322996 0.545889
3 0.914504 0.744852 0.170993 0.446213
3 0.750346 0.755883 0.373637 0.488234
4 0.750346 0.755883 0.373637 0.488234
0 0.197488 0.33861 0.204638 0.641507
0 0.0261197 0.730644 0.0522394 0.538712
3 0.509534 0.280934 0.417898 0.561869
3 0.689108 0.104873 0.621783 0.209745
0 0.361962 0.780595 0.62284 0.422939
3 0.289867 0.0745531 0.579733 0.149106
3 0.0758118 0.394197 0.151624 0.682825
3 0.61032 0.117044 0.775287 0.234089
4 0.939457 0.77342 0.121085 0.45316
4 0.810677 0.751664 0.378646 0.496672
2 0.22171 0.46359 0.110322 0.24001
4 0.882059 0.757059 0.235882 0.485882
3 0.30605 0.706706 0.34988 0.586588
4 0.935431 0.773073 0.129138 0.449414
0 0.315836 0.737774 0.613139 0.524451
0 0.9097 0.752738 0.180599 0.419729
3 0.945485 0.331797 0.109029 0.644436
1 0.197488 0.33861 0.204638 0.641507
3 0.0667312 0.266696 0.133462 0.533393
4 0.466461 0.775424 0.516288 0.44457
0 0.856962 0.0897222 0.286075 0.179444
0 0.810677 0.751664 0.378646 0.496672
3 0.856962 0.0897222 0.286075 0.179444
3 0.0294514 0.288809 0.0589027 0.577618
3 0.0289335 0.401261 0.057867 0.792628
3 0.236561 0.555463 0.314927 0.137999
4 0.630312 0.506106 0.36772 0.987789
3 0.57671 0.297515 0.289629 0.580915
4 0.201406 0.77207 0.373976 0.45586
3 0.890688 0.22331 0.218624 0.44662
4 0.839461 0.770608 0.321077 0.458785
3 0.0819349 0.528193 0.16387 0.943614
3 0.0246146 0.66935 0.0492292 0.652047
3 0.0233156 0.588961 0.0466312 0.791411
4 0.0836528 0.770774 0.166903 0.446291
3 0.0274519 0.773833 0.0549038 0.452334
3 0.570162 0.761435 0.387382 0.457444
4 0.273505 0.770841 0.507209 0.458317
3 0.553689 0.702981 0.210037 0.463366
4 0.666161 0.76168 0.34052 0.465827
3 0.0802428 0.726051 0.160486 0.506404
4 0.62142 0.761903 0.372055 0.476193
4 0.240564 0.750993 0.466022 0.478775
2 0.408956 0.776197 0.534634 0.432674
3 0.0296431 0.782171 0.0592862 0.435658
0 0.30605 0.706706 0.34988 0.586588
2 0.160176 0.755198 0.31497 0.47488
0 0.939457 0.77342 0.121085 0.45316
3 0.839461 0.770608 0.321077 0.458785
3 0.0802697 0.294716 0.160539 0.589432
4 0.148794 0.77368 0.275913 0.452641
4 0.0246146 0.66935 0.0492292 0.652047
2 0.251655 0.732135 0.39631 0.478245
4 0.9097 0.752738 0.180599 0.419729
0 0.882059 0.757059 0.235882 0.485882
3 0.630288 0.702157 0.246183 0.595686
2 0.776766 0.764286 0.446468 0.466011
4 0.39178 0.777375 0.478202 0.44525
0 0.492331 0.782312 0.497753 0.435375
0 0.630288 0.702157 0.246183 0.595686
4 0.127999 0.76852 0.254093 0.449669
3 0.254597 0.207219 0.509194 0.414438
0 0.0293849 0.479155 0.0587698 0.91419
0 0.207925 0.400091 0.150436 0.640525
3 0.222552 0.769156 0.436037 0.453985
4 0.0296431 0.782171 0.0592862 0.435658
0 0.0296431 0.782171 0.0592862 0.435658
0 0.134598 0.559958 0.269196 0.880085
4 0.223024 0.0808473 0.446048 0.161695
4 0.0233156 0.588961 0.0466312 0.791411
0 0.405229 0.500583 0.624872 0.998833
4 0.197488 0.33861 0.204638 0.641507
2 0.315836 0.737774 0.613139 0.524451
0 0.289867 0.0745531 0.579733 0.149106
0 0.652985 0.073936 0.694031 0.147872
0 0.818993 0.106818 0.362014 0.213636
0 0.566296 0.770705 0.385983 0.448065
0 0.0667312 0.266696 0.133462 0.533393
0 0.0294514 0.288809 0.0589027 0.577618
3 0.546762 0.666571 0.222667 0.29928
0 0.914093 0.503951 0.171813 0.956556
4 0.770511 0.676688 0.433592 0.646624
4 0.0293849 0.479155 0.0587698 0.91419
4 0.138881 0.708646 0.277761 0.440402
3 0.315836 0.737774 0.613139 0.524451
4 0.314995 0.0497561 0.629989 0.0995123
4 0.0261197 0.730644 0.0522394 0.538712
4 0.229256 0.312371 0.445276 0.619705
0 0.890688 0.22331 0.218624 0.44662
3 0.373043 0.105208 0.688775 0.210417
4 0.917421 0.594942 0.165158 0.781122
4 0.350198 0.0315565 0.700396 0.063113
0 0.85435 0.5 0.291299 1
0 0.689108 0.104873 0.621783 0.209745
4 0.405229 0.500583 0.624872 0.998833
4 0.289867 0.0745531 0.579733 0.149106
3 0.35283 0.266078 0.704981 0.532155
3 0.360716 0.0676223 0.698194 0.135245
4 0.254597 0.207219 0.509194 0.414438
3 0.362985 0.782935 0.578926 0.42966
4 0.0667312 0.266696 0.133462 0.533393
0 0.945485 0.331797 0.109029 0.644436
1 0.518652 0.601481 0.153537 0.16862
0 0.251896 0.771915 0.491468 0.440215
4 0.157714 0.488553 0.309067 0.931974
4 0.0294514 0.288809 0.0589027 0.577618
4 0.360716 0.0676223 0.698194 0.135245
4 0.518652 0.601481 0.153537 0.16862
4 0.385131 0.27298 0.660933 0.545959
3 0.0745205 0.773416 0.149041 0.453167
0 0.62142 0.761903 0.372055 0.476193
4 0.856962 0.0897222 0.286075 0.179444
0 0.931773 0.407481 0.136454 0.765057
4 0.728805 0.580653 0.336096 0.828098
4 0.373043 0.105208 0.688775 0.210417
0 0.630312 0.506106 0.36772 0.987789
4 0.85435 0.5 0.291299 1
0 0.555511 0.257209 0.476391 0.514417
2 0.236561 0.555463 0.314927 0.137999
3 0.2218 0.456394 0.107385 0.256525
2 0.635505 0.73265 0.402617 0.426044
3 0.22056 0.538313 0.109487 0.0948538
4 0.61032 0.117044 0.775287 0.234089
4 0.48995 0.320642 0.801488 0.641283
3 0.522589 0.499879 0.386981 0.994176
0 0.750346 0.755883 0.373637 0.488234
4 0.652985 0.073936 0.694031 0.147872
4 0.0918692 0.518563 0.183738 0.962874
4 0.931773 0.407481 0.136454 0.765057
4 0.555511 0.257209 0.476391 0.514417
4 0.161386 0.206615 0.322773 0.41323
4 0.0597744 0.775133 0.119056 0.439596
4 0.890688 0.22331 0.218624 0.44662
2 0.469623 0.290376 0.492412 0.579753
1 0.488969 0.309187 0.452592 0.606059
4 0.722173 0.45985 0.254044 0.882481
3 0.0597744 0.775133 0.119056 0.439596
1 0.408956 0.776197 0.534634 0.432674
0 0.797737 0.279931 0.404526 0.559862
2 0.518652 0.601481 0.153537 0.16862
4 0.818993 0.106818 0.362014 0.213636
0 0.851252 0.380122 0.297497 0.760245
4 0.789321 0.547002 0.421358 0.905995
4 0.726326 0.108086 0.547349 0.216172
1 0.313365 0.733895 0.394967 0.526309
4 0.0802697 0.294716 0.160539 0.589432
4 0.553689 0.702981 0.210037 0.463366
2 0.13271 0.508596 0.26542 0.982809
1 0.349404 0.7208 0.583032 0.5584
4 0.361962 0.780595 0.62284 0.422939
0 0.673722 0.313259 0.633102 0.626518
4 0.673722 0.313259 0.633102 0.626518
4 0.945485 0.331797 0.109029 0.644436
0 0.728805 0.580653 0.336096 0.828098
1 0.163226 0.767183 0.319666 0.454197
4 0.546762 0.666571 0.222667 0.29928
2 0.838572 0.5 0.322856 1
4 0.236561 0.555463 0.314927 0.137999
2 0.507754 0.764739 0.505843 0.456618
1 0.816458 0.359561 0.310965 0.713683
4 0.764169 0.249587 0.471663 0.499173
2 0.945485 0.331797 0.109029 0.644436
1 0.51005 0.776864 0.465547 0.440181
4 0.630288 0.702157 0.246183 0.595686
4 0.126861 0.27442 0.253722 0.54884
4 0.0758118 0.394197 0.151624 0.682825
2 0.804588 0.421725 0.248902 0.797561
0 0.229256 0.312371 0.445276 0.619705
1 0.775927 0.646582 0.448145 0.706837
4 0.863246 0.374208 0.273507 0.743953
2 0.541714 0.778739 0.439166 0.442521
1 0.939226 0.774328 0.121547 0.451188
2 0.110971 0.783959 0.218092 0.432083
1 0.839461 0.770608 0.321077 0.458785
0 0.39178 0.777375 0.478202 0.44525
1 0.9097 0.752738 0.180599 0.419729
4 0.813106 0.525698 0.297253 0.948603
2 0.797737 0.279931 0.404526 0.559862
4 0.12819 0.518778 0.256381 0.962444
2 0.931773 0.407481 0.136454 0.765057
4 0.838502 0.272944 0.322996 0.545889
1 0.0597744 0.775133 0.119056 0.439596
2 0.539312 0.297957 0.348105 0.585585
1 0.207925 0.400091 0.150436 0.640525
3 0.256448 0.508676 0.188721 0.333864
2 0.62142 0.761903 0.372055 0.476193
2 0.0745205 0.773416 0.149041 0.453167
1 0.251896 0.771915 0.491468 0.440215
2 0.816458 0.359561 0.310965 0.713683
2 0.229256 0.312371 0.445276 0.619705
0 0.138454 0.217102 0.276908 0.434204
0 0.215722 0.537651 0.112484 0.090013
0 0.49927 0.588422 0.104556 0.152136
0 0.778269 0.75795 0.443461 0.474528
0 0.221791 0.456384 0.107416 0.25652
1 0.220553 0.538311 0.109522 0.0948367
0 0.546724 0.665891 0.222581 0.297896
1 0.49927 0.588422 0.104556 0.152136
0 0.570923 0.356638 0.266181 0.707766
2 0.49927 0.588422 0.104556 0.152136
0 0.518679 0.601424 0.153527 0.168592
1 0.221791 0.456384 0.107416 0.25652
4 0.779289 0.761932 0.441422 0.467308
0 0.489008 0.309261 0.452549 0.606229
0 0.138881 0.708134 0.277763 0.439119
4 0.49927 0.588422 0.104556 0.152136
0 0.236633 0.555362 0.314135 0.137855
4 0.545327 0.755729 0.436026 0.47137
0 0.839775 0.770565 0.32045 0.458871
4 0.218785 0.537873 0.11548 0.0937399
0 0.389412 0.747126 0.372578 0.505748
3 0.188954 0.579502 0.174129 0.244455
0 0.0829191 0.770807 0.165434 0.446228
2 0.389412 0.747126 0.372578 0.505748
0 0.464645 0.747446 0.54625 0.475202
3 0.19772 0.338887 0.203964 0.641638
0 0.635904 0.732483 0.403324 0.425787
0 0.251706 0.731751 0.394244 0.477645
3 0.815256 0.519916 0.369488 0.960168
3 0.776053 0.762584 0.441241 0.466178
2 0.220553 0.538311 0.109522 0.0948367
3 0.856814 0.370567 0.286372 0.741134
3 0.128004 0.518768 0.256009 0.962465
3 0.814689 0.678007 0.370622 0.643986
3 0.535645 0.37382 0.35633 0.73936
3 0.126714 0.275021 0.253428 0.550042
3 0.173528 0.298622 0.335509 0.597245
0 0.188954 0.579502 0.174129 0.244455
3 0.136214 0.740804 0.27046 0.514198
3 0.157466 0.488557 0.308603 0.931608
3 0.390875 0.456484 0.638605 0.909169
4 0.570923 0.356638 0.266181 0.707766
3 0.939503 0.773432 0.120995 0.453136
0 0.0247243 0.669205 0.0494485 0.652403
4 0.489008 0.309261 0.452549 0.606229
4 0.315821 0.737716 0.612968 0.524568
3 0.403013 0.748631 0.303586 0.487509
0 0.42236 0.351289 0.58277 0.700233
0 0.487878 0.320857 0.792844 0.641714
3 0.917141 0.594696 0.165719 0.780211
3 0.576664 0.451787 0.313944 0.885376
3 0.88198 0.756914 0.23604 0.486171
3 0.273682 0.771038 0.506996 0.457925
3 0.208072 0.400492 0.1501 0.640124
0 0.786851 0.671905 0.426298 0.656189
4 0.221714 0.463587 0.110308 0.240004
3 0.63013 0.506248 0.365745 0.987504
3 0.148833 0.773878 0.275832 0.452244
3 0.201501 0.77232 0.373929 0.455359
4 0.649085 0.753688 0.481102 0.469038
3 0.499303 0.570918 0.1108 0.181262
3 0.267817 0.302952 0.482814 0.594504
3 0.541533 0.77894 0.439163 0.442119
0 0.236898 0.537197 0.174716 0.107582
0 0.0234441 0.588625 0.0468881 0.792003
3 0.935271 0.773082 0.129458 0.44938
3 0.810485 0.751823 0.37903 0.496355
0 0.223048 0.0807843 0.446097 0.161569
0 0.385553 0.272969 0.660071 0.545938
3 0.621569 0.761846 0.371852 0.476308
0 0.553606 0.702538 0.209902 0.462213
0 0.935271 0.773082 0.129458 0.44938
3 0.735856 0.366392 0.28845 0.716104
3 0.426315 0.3464 0.570467 0.692799
3 0.223048 0.0807843 0.446097 0.161569
1 0.570923 0.356638 0.266181 0.707766
0 0.542118 0.50383 0.343099 0.992339
0 0.362839 0.0464752 0.725678 0.0929504
3 0.110782 0.784069 0.217712 0.431861
3 0.236898 0.537197 0.174716 0.107582
3 0.654319 0.0752944 0.691362 0.150589
4 0.208072 0.400492 0.1501 0.640124
0 0.12785 0.768549 0.25379 0.449603
3 0.80441 0.421739 0.247666 0.79768
3 0.870594 0.512049 0.258813 0.975902
4 0.542118 0.50383 0.343099 0.992339
3 0.371781 0.693261 0.370768 0.613479
3 0.455307 0.777606 0.543564 0.444788
3 0.315149 0.0499628 0.630298 0.0999256
3 0.161332 0.206469 0.322665 0.412939
0 0.373086 0.107732 0.688567 0.215464
4 0.42236 0.351289 0.58277 0.700233
3 0.820162 0.107104 0.359676 0.214208
3 0.674471 0.313321 0.630637 0.626643
3 0.740062 0.516236 0.315898 0.967529
3 0.518679 0.601424 0.153527 0.168592
1 0.776835 0.752703 0.438709 0.484542
3 0.635904 0.732483 0.403324 0.425787
3 0.574213 0.292183 0.851575 0.584366
3 0.766658 0.249657 0.466684 0.499314
3 0.350237 0.0316742 0.700474 0.0633484
4 0.389412 0.747126 0.372578 0.505748
3 0.931842 0.407194 0.136317 0.764085
3 0.839068 0.272867 0.321865 0.545734
3 0.914002 0.74429 0.171997 0.445318
3 0.750974 0.755812 0.374793 0.488377
4 0.750974 0.755812 0.374793 0.488377
0 0.611316 0.121183 0.771841 0.242365
0 0.357093 0.0260909 0.714186 0.0521819
3 0.510104 0.281331 0.416503 0.562661
3 0.289993 0.0746417 0.579985 0.149283
3 0.690549 0.105754 0.618902 0.211507
3 0.0756442 0.394679 0.151288 0.683627
3 0.611316 0.121183 0.771841 0.242365
0 0.19772 0.338887 0.203964 0.641638
4 0.939503 0.773432 0.120995 0.453136
4 0.810485 0.751823 0.37903 0.496355
0 0.026253 0.730442 0.052506 0.539117
0 0.362322 0.781042 0.620621 0.422067
2 0.221714 0.463587 0.110308 0.240004
4 0.88198 0.756914 0.23604 0.486171
3 0.306062 0.706926 0.349523 0.586147
4 0.935271 0.773082 0.129458 0.44938
3 0.945678 0.331423 0.108644 0.643095
3 0.0667079 0.266933 0.133416 0.533866
1 0.19772 0.338887 0.203964 0.641638
4 0.466106 0.775553 0.51547 0.444306
3 0.857633 0.0898684 0.284734 0.179737
0 0.315821 0.737716 0.612968 0.524568
3 0.0295044 0.288997 0.0590089 0.577993
0 0.914002 0.74429 0.171997 0.445318
3 0.0290295 0.401325 0.058059 0.792793
3 0.236633 0.555362 0.314135 0.137855
3 0.576978 0.298186 0.288987 0.582188
4 0.63013 0.506248 0.365745 0.987504
0 0.857633 0.0898684 0.284734 0.179737
4 0.201501 0.77232 0.373929 0.455359
3 0.891333 0.222994 0.217335 0.445987
4 0.839775 0.770565 0.32045 0.458871
0 0.810485 0.751823 0.37903 0.496355
3 0.0817903 0.528141 0.163581 0.943719
3 0.0247243 0.669205 0.0494485 0.652403
3 0.0234441 0.588625 0.0468881 0.792003
3 0.57023 0.761397 0.387516 0.457474
4 0.0829191 0.770807 0.165434 0.446228
3 0.0275591 0.773809 0.0551181 0.452382
4 0.273682 0.771038 0.506996 0.457925
3 0.553606 0.702538 0.209902 0.462213
4 0.667314 0.761655 0.342111 0.465912
3 0.0798921 0.72538 0.159784 0.508069
4 0.621569 0.761846 0.371852 0.476308
4 0.240572 0.750884 0.466077 0.479024
3 0.0297217 0.782084 0.0594434 0.435833
2 0.408451 0.776544 0.533813 0.432001
3 0.839775 0.770565 0.32045 0.458871
2 0.159975 0.75512 0.314557 0.475036
3 0.0801593 0.295535 0.160319 0.591069
0 0.306062 0.706926 0.349523 0.586147
4 0.0247243 0.669205 0.0494485 0.652403
4 0.148833 0.773878 0.275832 0.452244
0 0.939503 0.773432 0.120995 0.453136
2 0.251706 0.731751 0.394244 0.477645
4 0.909176 0.752191 0.181647 0.41861
3 0.629545 0.703333 0.244307 0.593333
2 0.776767 0.764262 0.446466 0.466091
4 0.391678 0.777467 0.478257 0.445065
0 0.88198 0.756914 0.23604 0.486171
4 0.12785 0.768549 0.25379 0.449603
0 0.492181 0.782577 0.49745 0.434845
3 0.254978 0.207038 0.509955 0.414077
3 0.222447 0.769221 0.435696 0.453866
0 0.629545 0.703333 0.244307 0.593333
4 0.0297217 0.782084 0.0594434 0.435833
4 0.223048 0.0807843 0.446097 0.161569
4 0.0234441 0.588625 0.0468881 0.792003
4 0.19772 0.338887 0.203964 0.641638
0 0.0294863 0.479033 0.0589725 0.914089
0 0.208072 0.400492 0.1501 0.640124
2 0.315821 0.737716 0.612968 0.524568
0 0.0297217 0.782084 0.0594434 0.435833
0 0.405603 0.499904 0.624133 0.997343
0 0.134534 0.559834 0.269068 0.880332
3 0.546724 0.665891 0.222581 0.297896
0 0.289993 0.0746417 0.579985 0.149283
0 0.820162 0.107104 0.359676 0.214208
0 0.0667079 0.266933 0.133416 0.533866
0 0.654319 0.0752944 0.691362 0.150589
4 0.770273 0.677464 0.432952 0.645071
0 0.0295044 0.288997 0.0590089 0.577993
0 0.566322 0.77069 0.385801 0.448126
4 0.0294863 0.479033 0.0589725 0.914089
3 0.315821 0.737716 0.612968 0.524568
4 0.138881 0.708134 0.277763 0.439119
4 0.315149 0.0499628 0.630298 0.0999256
0 0.914071 0.503755 0.171857 0.955807
4 0.026253 0.730442 0.052506 0.539117
4 0.22924 0.312452 0.445189 0.61945
4 0.917141 0.594696 0.165719 0.780211
3 0.373086 0.107732 0.688567 0.215464
4 0.350237 0.0316742 0.700474 0.0633484
4 0.405603 0.499904 0.624133 0.997343
4 0.289993 0.0746417 0.579985 0.149283
0 0.891333 0.222994 0.217335 0.445987
3 0.352965 0.266053 0.704294 0.532105
4 0.254978 0.207038 0.509955 0.414077
0 0.855256 0.5 0.289488 1
3 0.360667 0.0684031 0.698174 0.136806
0 0.690549 0.105754 0.618902 0.211507
3 0.363107 0.783124 0.578168 0.4293
4 0.0667079 0.266933 0.133416 0.533866
1 0.518679 0.601424 0.153527 0.168592
4 0.157466 0.488557 0.308603 0.931608
4 0.0295044 0.288997 0.0590089 0.577993
4 0.518679 0.601424 0.153527 0.168592
3 0.0743645 0.7734 0.148729 0.453201
4 0.385553 0.272969 0.660071 0.545938
4 0.360667 0.0684031 0.698174 0.136806
0 0.945678 0.331423 0.108644 0.643095
4 0.857633 0.0898684 0.284734 0.179737
0 0.251931 0.771916 0.491408 0.440241
4 0.727563 0.582904 0.332282 0.823592
0 0.621569 0.761846 0.371852 0.476308
4 0.855256 0.5 0.289488 1
4 0.373086 0.107732 0.688567 0.215464
0 0.931842 0.407194 0.136317 0.764085
0 0.63013 0.506248 0.365745 0.987504
3 0.221791 0.456384 0.107416 0.25652
2 0.236633 0.555362 0.314135 0.137855
3 0.220553 0.538311 0.109522 0.0948367
2 0.635904 0.732483 0.403324 0.425787
4 0.611316 0.121183 0.771841 0.242365
0 0.554849 0.257762 0.470084 0.515523
4 0.487878 0.320857 0.792844 0.641714
3 0.522577 0.49983 0.386997 0.994071
4 0.0916168 0.518375 0.183234 0.963251
4 0.931842 0.407194 0.136317 0.764085
4 0.654319 0.0752944 0.691362 0.150589
4 0.161332 0.206469 0.322665 0.412939
4 0.554849 0.257762 0.470084 0.515523
4 0.891333 0.222994 0.217335 0.445987
0 0.750974 0.755812 0.374793 0.488377
2 0.470396 0.290567 0.490855 0.579934
4 0.722433 0.459659 0.252443 0.881685
3 0.0596975 0.775151 0.118897 0.439562
1 0.489008 0.309261 0.452549 0.606229
1 0.408451 0.776544 0.533813 0.432001
4 0.820162 0.107104 0.359676 0.214208
2 0.518679 0.601424 0.153527 0.168592
4 0.790046 0.548204 0.419909 0.903592
1 0.313739 0.733902 0.394574 0.526247
4 0.727589 0.108509 0.544822 0.217018
4 0.0801593 0.295535 0.160319 0.591069
0 0.799419 0.279731 0.401163 0.559461
0 0.851486 0.380125 0.297029 0.760251
4 0.553606 0.702538 0.209902 0.462213
2 0.132583 0.508469 0.265167 0.983061
4 0.362322 0.781042 0.620621 0.422067
1 0.349568 0.720908 0.581406 0.558184
4 0.945678 0.331423 0.108644 0.643095
4 0.674471 0.313321 0.630637 0.626643
1 0.163356 0.767182 0.319822 0.454225
4 0.546724 0.665891 0.222581 0.297896
2 0.840405 0.5 0.31919 1
0 0.727563 0.582904 0.332282 0.823592
0 0.674471 0.313321 0.630637 0.626643
4 0.236633 0.555362 0.314135 0.137855
2 0.507541 0.764722 0.506274 0.456629
1 0.816788 0.359721 0.308897 0.713528
4 0.766658 0.249657 0.466684 0.499314
2 0.945678 0.331423 0.108644 0.643095
4 0.126714 0.275021 0.253428 0.550042
4 0.629545 0.703333 0.244307 0.593333
1 0.509956 0.777078 0.465211 0.439744
4 0.0756442 0.394679 0.151288 0.683627
2 0.790046 0.548204 0.419909 0.903592
2 0.80441 0.421739 0.247666 0.79768
4 0.863311 0.373969 0.273377 0.743159
2 0.541533 0.77894 0.439163 0.442119
1 0.775944 0.647687 0.448112 0.704625
1 0.939112 0.774347 0.121776 0.451306
0 0.22924 0.312452 0.445189 0.61945
2 0.110782 0.784069 0.217712 0.431861
1 0.839775 0.770565 0.32045 0.458871
4 0.813073 0.525886 0.295475 0.948227
1 0.909176 0.752191 0.181647 0.41861
0 0.391678 0.777467 0.478257 0.445065
2 0.799419 0.279731 0.401163 0.559461
4 0.128004 0.518768 0.256009 0.962465
2 0.931842 0.407194 0.136317 0.764085
4 0.839068 0.272867 0.321865 0.545734
2 0.539222 0.298248 0.348259 0.586205
1 0.0596975 0.775151 0.118897 0.439562
1 0.208072 0.400492 0.1501 0.640124
3 0.256496 0.508623 0.188787 0.333912
2 0.621569 0.761846 0.371852 0.476308
2 0.0743645 0.7734 0.148729 0.453201
1 0.251931 0.771916 0.491408 0.440241
2 0.816788 0.359721 0.308897 0.713528
2 0.22924 0.312452 0.445189 0.61945
2 0.922571 0.508662 0.154858 0.92307
1 0.405382 0.273913 0.621795 0.547826
