0 0.444639 0.523068 0.0469568 0.0681582
0 0.824382 0.797213 0.320526 0.393163
0 0.44742 0.476188 0.0444322 0.204417
0 0.478084 0.528877 0.10106 0.0851789
3 0.50795 0.557661 0.19127 0.667625
0 0.476461 0.593323 0.149061 0.18008
3 0.503828 0.820939 0.589849 0.358123
0 0.290556 0.757794 0.572525 0.478144
0 0.446714 0.576024 0.0585155 0.137772
0 0.499174 0.854609 0.538711 0.272756
3 0.915679 0.505228 0.168643 0.816186
3 0.361605 0.704584 0.158445 0.562966
3 0.850042 0.73903 0.294636 0.504708
4 0.670573 0.75898 0.622125 0.457669
3 0.518707 0.370155 0.235415 0.74008
3 0.620519 0.524365 0.259306 0.95127
0 0.427285 0.527687 0.0782944 0.120023
3 0.95186 0.674327 0.0812706 0.435459
3 0.804849 0.526887 0.333759 0.911518
3 0.276708 0.345332 0.471056 0.690664
3 0.847281 0.791952 0.305438 0.416095
0 0.452747 0.502829 0.0669562 0.423875
3 0.950099 0.604941 0.0904686 0.522102
3 0.335536 0.37442 0.27576 0.748841
3 0.612168 0.366515 0.298028 0.733029
3 0.370071 0.640458 0.0827054 0.534197
3 0.894162 0.392575 0.211677 0.744031
3 0.813917 0.687881 0.331262 0.586424
0 0.475683 0.5365 0.101923 0.330648
3 0.573705 0.763334 0.789496 0.451583
4 0.444639 0.523068 0.0469568 0.0681582
0 0.422955 0.740793 0.591923 0.510194
3 0.328256 0.413692 0.2022 0.703602
3 0.585532 0.5601 0.214617 0.879801
3 0.850676 0.330632 0.286495 0.657482
3 0.606306 0.614504 0.267266 0.738599
3 0.536644 0.308577 0.495502 0.617154
0 0.948148 0.812535 0.103703 0.37493
3 0.634634 0.785751 0.573656 0.428497
3 0.452937 0.335268 0.475589 0.670536
3 0.962906 0.433129 0.0741886 0.634476
3 0.410254 0.376575 0.268113 0.744458
0 0.508851 0.634947 0.172548 0.345595
3 0.672757 0.518433 0.262418 0.963135
3 0.226157 0.366057 0.25957 0.725876
3 0.243928 0.776435 0.467176 0.447131
4 0.825446 0.798745 0.319622 0.392434
3 0.128554 0.50377 0.257107 0.992461
3 0.824941 0.270955 0.350118 0.541911
3 0.181875 0.615831 0.28932 0.763897
3 0.731264 0.506051 0.257976 0.987898
3 0.198803 0.310495 0.397606 0.62099
3 0.478203 0.574267 0.119705 0.59675
3 0.448426 0.793366 0.460943 0.413269
3 0.369901 0.348346 0.44028 0.696692
4 0.44742 0.476188 0.0444322 0.204417
3 0.410424 0.552217 0.103208 0.518027
3 0.262525 0.396936 0.236447 0.721678
3 0.856025 0.0848639 0.287951 0.169728
3 0.189262 0.791449 0.365437 0.417102
3 0.941828 0.814595 0.116343 0.37081
3 0.601139 0.720341 0.491913 0.524592
3 0.444639 0.523068 0.0469568 0.0681582
3 0.275107 0.0973735 0.550214 0.194747
3 0.163241 0.25351 0.326482 0.507019
3 0.815112 0.0786401 0.369775 0.15728
3 0.511843 0.830181 0.552305 0.317837
3 0.506382 0.565974 0.160745 0.401742
3 0.856766 0.516908 0.247467 0.966184
3 0.845359 0.632812 0.258039 0.698991
3 0.151326 0.348688 0.302653 0.697376
3 0.109573 0.293172 0.219146 0.580111
3 0.213498 0.121866 0.426995 0.243731
3 0.974571 0.730817 0.0508586 0.52206
0 0.511259 0.647886 0.324911 0.28826
3 0.299943 0.73684 0.364772 0.516564
0 0.405086 0.685693 0.152482 0.386955
3 0.716642 0.364236 0.277255 0.728473
3 0.25939 0.652861 0.216039 0.630395
3 0.0910932 0.165333 0.182186 0.323345
3 0.583744 0.422718 0.23291 0.845435
3 0.66892 0.330188 0.494291 0.660376
3 0.954683 0.343069 0.0906344 0.624672
3 0.69624 0.573892 0.24838 0.82582
3 0.452747 0.502829 0.0669562 0.423875
3 0.587748 0.691821 0.322428 0.575749
3 0.975773 0.533217 0.0484537 0.425188
0 0.0168737 0.654558 0.0337475 0.690885
0 0.42443 0.565069 0.0742874 0.378407
3 0.108845 0.810982 0.215523 0.378036
3 0.669411 0.368112 0.280055 0.736224
4 0.453926 0.762924 0.710935 0.454495
3 0.16341 0.779316 0.326052 0.441367
3 0.737599 0.0755083 0.524803 0.151017
3 0.62679 0.0968922 0.694904 0.193784
3 0.789305 0.354578 0.250948 0.701369
3 0.457151 0.403732 0.214853 0.791386
3 0.446714 0.576024 0.0585155 0.137772
3 0.569458 0.645399 0.231953 0.642393
3 0.308917 0.0730981 0.617834 0.146196
3 0.966121 0.250914 0.067757 0.469457
3 0.986413 0.701193 0.0271748 0.46818
3 0.42443 0.565069 0.0742874 0.378407
3 0.20656 0.534057 0.23347 0.931886
3 0.231223 0.700097 0.365387 0.590475
3 0.0990411 0.501549 0.198082 0.996902
4 0.847281 0.791952 0.305438 0.416095
3 0.985351 0.592404 0.0292982 0.329714
0 0.977888 0.756251 0.044225 0.475841
3 0.548056 0.717517 0.369965 0.417247
3 0.46561 0.12472 0.650325 0.24944
3 0.742696 0.307519 0.471214 0.615038
3 0.139816 0.139444 0.279632 0.278889
3 0.44742 0.476188 0.0444322 0.204417
3 0.427285 0.527687 0.0782944 0.120023
0 0.16341 0.779316 0.326052 0.441367
3 0.0897668 0.258856 0.179534 0.505853
4 0.503828 0.820939 0.589849 0.358123
3 0.076918 0.14556 0.153836 0.29112
3 0.0190592 0.771205 0.0381183 0.457591
0 0.479769 0.805865 0.530652 0.371292
3 0.0190907 0.589954 0.0381813 0.805187
3 0.750031 0.694086 0.359748 0.58871
3 0.912237 0.181826 0.175526 0.363653
0 0.221289 0.728524 0.435208 0.523418
3 0.0168737 0.654558 0.0337475 0.690885
0 0.872474 0.067409 0.255052 0.134818
3 0.071808 0.77389 0.143616 0.45222
3 0.872474 0.067409 0.255052 0.134818
3 0.344955 0.752028 0.657185 0.495944
1 0.44742 0.476188 0.0444322 0.204417
3 0.511259 0.647886 0.324911 0.28826
0 0.0190907 0.589954 0.0381813 0.805187
0 0.941828 0.814595 0.116343 0.37081
0 0.0702986 0.819594 0.140597 0.360812
0 0.457199 0.849549 0.636091 0.300902
3 0.03407 0.810364 0.06814 0.379272
0 0.985351 0.592404 0.0292982 0.329714
3 0.826651 0.803658 0.332968 0.392684
0 0.478203 0.574267 0.119705 0.59675
0 0.117602 0.806028 0.233271 0.387943
3 0.948148 0.812535 0.103703 0.37493
0 0.674579 0.755993 0.612177 0.468985
4 0.487516 0.822327 0.595892 0.334568
3 0.0280632 0.800146 0.0561264 0.399707
3 0.0441517 0.175665 0.0883035 0.351331
4 0.222541 0.772124 0.440088 0.447628
3 0.0945323 0.349231 0.189065 0.698461
3 0.0264527 0.492419 0.0529053 0.883879
3 0.017569 0.708874 0.035138 0.582253
0 0.0910932 0.165333 0.182186 0.323345
0 0.973966 0.807838 0.0520678 0.371844
3 0.0296925 0.256514 0.059385 0.513028
0 0.076918 0.14556 0.153836 0.29112
0 0.46561 0.12472 0.650325 0.24944
3 0.508851 0.634947 0.172548 0.345595
0 0.548056 0.717517 0.369965 0.417247
0 0.017569 0.708874 0.035138 0.582253
3 0.120941 0.646893 0.241881 0.637379
3 0.0641233 0.699757 0.128247 0.587248
4 0.941828 0.814595 0.116343 0.37081
0 0.856025 0.0848639 0.287951 0.169728
0 0.986413 0.701193 0.0271748 0.46818
0 0.560787 0.681436 0.273688 0.534607
0 0.847281 0.791952 0.305438 0.416095
0 0.966121 0.250914 0.067757 0.469457
0 0.361605 0.704584 0.158445 0.562966
0 0.0264527 0.492419 0.0529053 0.883879
4 0.634634 0.785751 0.573656 0.428497
4 0.0867402 0.79488 0.17348 0.41024
0 0.576817 0.115496 0.68271 0.230992
4 0.452747 0.502829 0.0669562 0.423875
3 0.0255676 0.312399 0.0511352 0.624799
0 0.811519 0.684336 0.331042 0.605174
4 0.03407 0.810364 0.06814 0.379272
0 0.682902 0.0795459 0.634196 0.159092
4 0.162735 0.795091 0.313662 0.409818
0 0.815112 0.0786401 0.369775 0.15728
4 0.478084 0.528877 0.10106 0.0851789
0 0.912237 0.181826 0.175526 0.363653
3 0.443381 0.784843 0.518143 0.413729
4 0.948148 0.812535 0.103703 0.37493
3 0.244718 0.782613 0.484022 0.421966
4 0.108845 0.810982 0.215523 0.378036
0 0.308917 0.0730981 0.617834 0.146196
4 0.341537 0.771586 0.659453 0.435928
0 0.275107 0.0973735 0.550214 0.194747
0 0.0235939 0.355488 0.0471877 0.709811
4 0.317361 0.778764 0.439664 0.442472
0 0.213498 0.121866 0.426995 0.243731
2 0.299943 0.73684 0.364772 0.516564
3 0.973966 0.807838 0.0520678 0.371844
4 0.0168737 0.654558 0.0337475 0.690885
2 0.290556 0.757794 0.572525 0.478144
3 0.405086 0.685693 0.152482 0.386955
3 0.475683 0.5365 0.101923 0.330648
0 0.0441517 0.175665 0.0883035 0.351331
4 0.511259 0.647886 0.324911 0.28826
0 0.139816 0.139444 0.279632 0.278889
4 0.548056 0.717517 0.369965 0.417247
4 0.0280632 0.800146 0.0561264 0.399707
4 0.476461 0.593323 0.149061 0.18008
2 0.44742 0.476188 0.0444322 0.204417
4 0.977888 0.756251 0.044225 0.475841
2 0.476461 0.593323 0.149061 0.18008
4 0.0441517 0.175665 0.0883035 0.351331
0 0.0296925 0.256514 0.059385 0.513028
0 0.410424 0.552217 0.103208 0.518027
3 0.0605907 0.500308 0.121181 0.911163
4 0.076918 0.14556 0.153836 0.29112
0 0.03407 0.810364 0.06814 0.379272
4 0.0190907 0.589954 0.0381813 0.805187
4 0.389089 0.783491 0.436125 0.433019
0 0.954683 0.343069 0.0906344 0.624672
4 0.872474 0.067409 0.255052 0.134818
0 0.389089 0.783491 0.436125 0.433019
4 0.376098 0.119873 0.688976 0.239746
4 0.0257955 0.445033 0.051591 0.890065
0 0.299943 0.73684 0.364772 0.516564
4 0.0296925 0.256514 0.059385 0.513028
0 0.0280632 0.800146 0.0561264 0.399707
3 0.476461 0.593323 0.149061 0.18008
1 0.444639 0.523068 0.0469568 0.0681582
4 0.017569 0.708874 0.035138 0.582253
3 0.478084 0.528877 0.10106 0.0851789
4 0.42443 0.565069 0.0742874 0.378407
3 0.068139 0.332698 0.136278 0.665395
2 0.405086 0.685693 0.152482 0.386955
4 0.441179 0.378386 0.244246 0.745183
4 0.973966 0.807838 0.0520678 0.371844
0 0.962906 0.433129 0.0741886 0.634476
4 0.954683 0.343069 0.0906344 0.624672
2 0.444639 0.523068 0.0469568 0.0681582
4 0.912237 0.181826 0.175526 0.363653
0 0.975773 0.533217 0.0484537 0.425188
4 0.962906 0.433129 0.0741886 0.634476
4 0.236437 0.327618 0.44663 0.655236
4 0.331947 0.0899699 0.663895 0.17994
0 0.441179 0.378386 0.244246 0.745183
4 0.824941 0.270955 0.350118 0.541911
4 0.0190592 0.771205 0.0381183 0.457591
4 0.66892 0.330188 0.494291 0.660376
4 0.986413 0.701193 0.0271748 0.46818
4 0.856025 0.0848639 0.287951 0.169728
1 0.446714 0.576024 0.0585155 0.137772
4 0.369901 0.348346 0.44028 0.696692
2 0.204082 0.77117 0.406661 0.455454
4 0.985351 0.592404 0.0292982 0.329714
0 0.95186 0.674327 0.0812706 0.435459
1 0.206187 0.785576 0.40921 0.428848
4 0.576817 0.115496 0.68271 0.230992
4 0.815112 0.0786401 0.369775 0.15728
4 0.975773 0.533217 0.0484537 0.425188
0 0.370071 0.640458 0.0827054 0.534197
4 0.682902 0.0795459 0.634196 0.159092
0 0.0190592 0.771205 0.0381183 0.457591
4 0.966121 0.250914 0.067757 0.469457
4 0.0255676 0.312399 0.0511352 0.624799
0 0.452937 0.335268 0.475589 0.670536
4 0.0833602 0.170352 0.16672 0.332534
0 0.317361 0.778764 0.439664 0.442472
4 0.475683 0.5365 0.101923 0.330648
4 0.845359 0.632812 0.258039 0.698991
4 0.504442 0.853576 0.483653 0.278167
4 0.536644 0.308577 0.495502 0.617154
0 0.369901 0.348346 0.44028 0.696692
4 0.508851 0.634947 0.172548 0.345595
4 0.299318 0.0705952 0.598636 0.14119
2 0.478084 0.528877 0.10106 0.0851789
4 0.446714 0.576024 0.0585155 0.137772
0 0.601139 0.720341 0.491913 0.524592
4 0.850042 0.73903 0.294636 0.504708
4 0.742696 0.307519 0.471214 0.615038
0 0.536644 0.308577 0.495502 0.617154
4 0.95186 0.674327 0.0812706 0.435459
4 0.410424 0.552217 0.103208 0.518027
4 0.101979 0.147186 0.203959 0.294371
4 0.163241 0.25351 0.326482 0.507019
4 0.868657 0.334342 0.262686 0.662703
1 0.629891 0.786434 0.702292 0.409611
0 0.850042 0.73903 0.294636 0.504708
2 0.410424 0.552217 0.103208 0.518027
0 0.868657 0.334342 0.262686 0.662703
4 0.915679 0.505228 0.168643 0.816186
4 0.402095 0.408592 0.212556 0.763016
4 0.335536 0.37442 0.27576 0.748841
4 0.478203 0.574267 0.119705 0.59675
2 0.824382 0.797213 0.320526 0.393163
0 0.214361 0.781179 0.423473 0.437642
0 0.750031 0.694086 0.359748 0.58871
1 0.948148 0.812535 0.103703 0.37493
0 0.163241 0.25351 0.326482 0.507019
2 0.446714 0.576024 0.0585155 0.137772
0 0.0897668 0.258856 0.179534 0.505853
1 0.826924 0.796129 0.326688 0.399614
4 0.804849 0.526887 0.333759 0.911518
4 0.427285 0.527687 0.0782944 0.120023
4 0.560787 0.681436 0.273688 0.534607
2 0.42443 0.565069 0.0742874 0.378407
4 0.894162 0.392575 0.211677 0.744031
0 0.444657 0.523052 0.0469665 0.0681316
0 0.824355 0.797332 0.320484 0.392915
0 0.44744 0.47627 0.0444391 0.204287
0 0.478131 0.528797 0.101075 0.0850295
3 0.507979 0.557746 0.19109 0.666956
0 0.476431 0.593125 0.149033 0.17996
3 0.503776 0.820844 0.59011 0.358312
0 0.290795 0.757593 0.573017 0.478601
0 0.446738 0.575928 0.0585598 0.137726
3 0.91597 0.50463 0.168061 0.813689
3 0.361856 0.704569 0.158021 0.562725
0 0.498036 0.854469 0.540977 0.273013
3 0.852088 0.739202 0.290509 0.504479
4 0.670641 0.758859 0.621836 0.457891
3 0.518505 0.370244 0.235396 0.740056
3 0.620553 0.524436 0.259166 0.951129
3 0.952213 0.670535 0.0800837 0.426746
3 0.804824 0.527694 0.333558 0.910034
3 0.277062 0.345373 0.470115 0.690746
3 0.847747 0.791902 0.304505 0.416196
3 0.950389 0.603308 0.0891869 0.516643
3 0.612152 0.366578 0.297952 0.733156
3 0.335645 0.374468 0.275488 0.748936
0 0.427294 0.527563 0.0782555 0.119787
0 0.45283 0.502963 0.0669376 0.424037
3 0.894289 0.392396 0.211422 0.743781
3 0.370116 0.640178 0.0825475 0.533311
3 0.813868 0.687943 0.331274 0.586458
3 0.573718 0.763177 0.789166 0.451867
4 0.444657 0.523052 0.0469665 0.0681316
3 0.328541 0.413805 0.201411 0.703439
3 0.585661 0.560388 0.214311 0.879225
3 0.850707 0.330877 0.286433 0.657931
0 0.4757 0.53671 0.101929 0.3307
3 0.606417 0.614889 0.266957 0.737795
3 0.536695 0.30871 0.49516 0.617419
3 0.634249 0.785865 0.574352 0.428271
0 0.422408 0.74057 0.592389 0.510726
3 0.453502 0.335208 0.473716 0.670417
3 0.963105 0.433178 0.0737906 0.633158
3 0.410775 0.37648 0.267203 0.744176
0 0.948944 0.812579 0.102111 0.374842
3 0.672766 0.518453 0.262464 0.963094
3 0.226181 0.366008 0.259354 0.726199
3 0.244301 0.77642 0.467951 0.44716
4 0.825406 0.798873 0.319656 0.392224
0 0.508797 0.635056 0.172285 0.345467
3 0.128405 0.503742 0.256811 0.992515
3 0.825382 0.270705 0.349236 0.54141
3 0.18206 0.616068 0.288984 0.763292
3 0.731286 0.506022 0.257755 0.987956
3 0.198749 0.310503 0.397498 0.621007
3 0.478202 0.574297 0.11963 0.596659
3 0.44796 0.793502 0.461534 0.412996
4 0.44744 0.47627 0.0444391 0.204287
3 0.370499 0.348223 0.438188 0.696446
3 0.410498 0.552135 0.103195 0.517822
3 0.262458 0.396983 0.236328 0.721878
3 0.856146 0.0851669 0.287707 0.170334
3 0.189276 0.791263 0.365519 0.417475
3 0.942061 0.814623 0.115879 0.370755
3 0.601515 0.720238 0.49258 0.524991
3 0.275178 0.0971528 0.550356 0.194306
3 0.444657 0.523052 0.0469665 0.0681316
3 0.510857 0.829806 0.554364 0.318686
3 0.163216 0.25371 0.326433 0.50742
3 0.506378 0.566115 0.160608 0.401616
3 0.815725 0.0787866 0.36855 0.157573
3 0.856931 0.517109 0.246635 0.965781
3 0.845944 0.634279 0.256208 0.695838
3 0.151288 0.348817 0.302576 0.697634
3 0.109359 0.293127 0.218718 0.579933
3 0.213777 0.121922 0.427554 0.243843
3 0.974898 0.730977 0.0502045 0.521729
3 0.299933 0.736784 0.365006 0.516772
3 0.716661 0.36434 0.277154 0.72868
3 0.259381 0.652925 0.215834 0.630014
3 0.0909695 0.165201 0.181939 0.323044
3 0.954751 0.343072 0.0904978 0.624895
3 0.669316 0.330226 0.493182 0.660451
3 0.583728 0.42263 0.232719 0.84526
0 0.511137 0.648077 0.324382 0.289231
0 0.405405 0.685151 0.15181 0.385973
3 0.696148 0.574364 0.247936 0.825032
3 0.45283 0.502963 0.0669376 0.424037
3 0.587765 0.691991 0.322421 0.575534
3 0.97595 0.533331 0.0481008 0.423888
3 0.108981 0.810693 0.215767 0.378614
3 0.669524 0.368173 0.279862 0.736346
4 0.453485 0.76277 0.711975 0.4548
3 0.163347 0.779187 0.325915 0.441626
3 0.738333 0.0756583 0.523333 0.151317
0 0.424451 0.564913 0.0742725 0.377765
3 0.626832 0.0974508 0.694334 0.194902
0 0.017024 0.65505 0.034048 0.689899
3 0.789258 0.354835 0.250786 0.701962
3 0.569549 0.645633 0.231799 0.642269
3 0.457037 0.403677 0.214697 0.791162
3 0.446738 0.575928 0.0585598 0.137726
3 0.308492 0.073 0.616984 0.146
3 0.966142 0.250976 0.0677152 0.46987
3 0.986681 0.69971 0.0266379 0.464143
3 0.424451 0.564913 0.0742725 0.377765
3 0.206783 0.534359 0.232996 0.931282
3 0.23131 0.70023 0.365075 0.590255
3 0.0989636 0.501488 0.197927 0.997025
4 0.847747 0.791902 0.304505 0.416196
3 0.985482 0.592278 0.0290361 0.328038
3 0.548083 0.717984 0.3701 0.419001
3 0.465262 0.125918 0.648988 0.251836
3 0.743249 0.30762 0.470063 0.61524
3 0.139888 0.139609 0.279776 0.279217
3 0.44744 0.47627 0.0444391 0.204287
3 0.427294 0.527563 0.0782555 0.119787
4 0.503776 0.820844 0.59011 0.358312
3 0.0896694 0.258562 0.179339 0.505257
3 0.0768204 0.145614 0.153641 0.291227
3 0.0192511 0.771129 0.0385023 0.457742
0 0.978166 0.756221 0.0436672 0.475933
3 0.0192032 0.590704 0.0384063 0.804257
3 0.749748 0.694141 0.359904 0.588752
3 0.912694 0.181612 0.174613 0.363225
3 0.017024 0.65505 0.034048 0.689899
3 0.0717727 0.773633 0.143545 0.452735
0 0.163347 0.779187 0.325915 0.441626
3 0.872598 0.0675702 0.254804 0.13514
3 0.344916 0.751862 0.657153 0.496276
1 0.44744 0.47627 0.0444391 0.204287
0 0.479672 0.806457 0.530655 0.370112
0 0.221434 0.728457 0.435473 0.523645
3 0.511137 0.648077 0.324382 0.289231
0 0.872598 0.0675702 0.254804 0.13514
3 0.0341675 0.810229 0.068335 0.379541
0 0.0192032 0.590704 0.0384063 0.804257
3 0.82664 0.803701 0.332923 0.392598
0 0.0703358 0.819401 0.140672 0.361197
0 0.942061 0.814623 0.115879 0.370755
0 0.456826 0.849426 0.636781 0.301147
3 0.948944 0.812579 0.102111 0.374842
4 0.486644 0.822337 0.597765 0.334524
0 0.985482 0.592278 0.0290361 0.328038
3 0.0282313 0.800051 0.0564626 0.399897
3 0.0441561 0.175554 0.0883122 0.351108
4 0.22271 0.772026 0.440421 0.447888
0 0.478202 0.574297 0.11963 0.596659
3 0.0944563 0.34932 0.188913 0.69864
0 0.117772 0.805756 0.233598 0.388488
0 0.674797 0.755804 0.611604 0.469439
3 0.0265354 0.492868 0.0530708 0.883135
3 0.0177556 0.709065 0.0355113 0.58187
3 0.0297205 0.256361 0.059441 0.512722
0 0.0909695 0.165201 0.181939 0.323044
3 0.508797 0.635056 0.172285 0.345467
0 0.974587 0.807814 0.0508265 0.371856
3 0.120826 0.648273 0.241653 0.63427
3 0.0641591 0.70095 0.128318 0.588514
4 0.942061 0.814623 0.115879 0.370755
0 0.0768204 0.145614 0.153641 0.291227
0 0.465262 0.125918 0.648988 0.251836
0 0.0177556 0.709065 0.0355113 0.58187
0 0.548083 0.717984 0.3701 0.419001
4 0.634249 0.785865 0.574352 0.428271
4 0.0866344 0.794848 0.173269 0.410304
0 0.986681 0.69971 0.0266379 0.464143
0 0.856146 0.0851669 0.287707 0.170334
4 0.45283 0.502963 0.0669376 0.424037
3 0.0255806 0.312313 0.0511612 0.624625
0 0.560832 0.681786 0.273603 0.534601
0 0.966142 0.250976 0.0677152 0.46987
0 0.361856 0.704569 0.158021 0.562725
0 0.847747 0.791902 0.304505 0.416196
0 0.0265354 0.492868 0.0530708 0.883135
4 0.0341675 0.810229 0.068335 0.379541
4 0.162747 0.794798 0.313651 0.410404
0 0.576478 0.116099 0.681636 0.232198
4 0.478131 0.528797 0.101075 0.0850295
0 0.811399 0.684273 0.331235 0.605452
3 0.442939 0.785001 0.518634 0.41341
3 0.245395 0.782611 0.485414 0.421963
0 0.683238 0.0798738 0.633523 0.159748
4 0.948944 0.812579 0.102111 0.374842
4 0.108981 0.810693 0.215767 0.378614
0 0.815725 0.0787866 0.36855 0.157573
0 0.912694 0.181612 0.174613 0.363225
4 0.341454 0.771512 0.659507 0.436034
0 0.308492 0.073 0.616984 0.146
4 0.317303 0.778729 0.440826 0.442542
0 0.275178 0.0971528 0.550356 0.194306
0 0.0236141 0.355513 0.0472281 0.709875
2 0.299933 0.736784 0.365006 0.516772
3 0.974587 0.807814 0.0508265 0.371856
0 0.213777 0.121922 0.427554 0.243843
4 0.017024 0.65505 0.034048 0.689899
2 0.290795 0.757593 0.573017 0.478601
3 0.405405 0.685151 0.15181 0.385973
3 0.4757 0.53671 0.101929 0.3307
4 0.511137 0.648077 0.324382 0.289231
4 0.548083 0.717984 0.3701 0.419001
4 0.0282313 0.800051 0.0564626 0.399897
0 0.0441561 0.175554 0.0883122 0.351108
4 0.476431 0.593125 0.149033 0.17996
2 0.44744 0.47627 0.0444391 0.204287
0 0.139888 0.139609 0.279776 0.279217
4 0.978166 0.756221 0.0436672 0.475933
4 0.0441561 0.175554 0.0883122 0.351108
2 0.476431 0.593125 0.149033 0.17996
3 0.0606168 0.500989 0.121234 0.912302
4 0.0768204 0.145614 0.153641 0.291227
4 0.0192032 0.590704 0.0384063 0.804257
4 0.388527 0.783543 0.437593 0.432913
4 0.872598 0.0675702 0.254804 0.13514
0 0.0297205 0.256361 0.059441 0.512722
0 0.410498 0.552135 0.103195 0.517822
4 0.37563 0.121233 0.686962 0.242465
0 0.0341675 0.810229 0.068335 0.379541
4 0.0258253 0.444901 0.0516505 0.889802
0 0.954751 0.343072 0.0904978 0.624895
4 0.0297205 0.256361 0.059441 0.512722
3 0.476431 0.593125 0.149033 0.17996
1 0.444657 0.523052 0.0469665 0.0681316
3 0.478131 0.528797 0.101075 0.0850295
4 0.0177556 0.709065 0.0355113 0.58187
3 0.0681573 0.332699 0.136315 0.665397
4 0.424451 0.564913 0.0742725 0.377765
0 0.388527 0.783543 0.437593 0.432913
4 0.44135 0.378281 0.243783 0.744866
2 0.405405 0.685151 0.15181 0.385973
0 0.299933 0.736784 0.365006 0.516772
4 0.974587 0.807814 0.0508265 0.371856
0 0.0282313 0.800051 0.0564626 0.399897
4 0.954751 0.343072 0.0904978 0.624895
4 0.912694 0.181612 0.174613 0.363225
4 0.963105 0.433178 0.0737906 0.633158
2 0.444657 0.523052 0.0469665 0.0681316
4 0.236597 0.32758 0.446054 0.65516
4 0.331277 0.0902705 0.662554 0.180541
4 0.825382 0.270705 0.349236 0.54141
0 0.963105 0.433178 0.0737906 0.633158
4 0.0192511 0.771129 0.0385023 0.457742
4 0.669316 0.330226 0.493182 0.660451
4 0.856146 0.0851669 0.287707 0.170334
4 0.986681 0.69971 0.0266379 0.464143
4 0.370499 0.348223 0.438188 0.696446
1 0.446738 0.575928 0.0585598 0.137726
0 0.97595 0.533331 0.0481008 0.423888
2 0.204153 0.771057 0.4068 0.455706
0 0.44135 0.378281 0.243783 0.744866
4 0.985482 0.592278 0.0290361 0.328038
4 0.815725 0.0787866 0.36855 0.157573
4 0.576478 0.116099 0.681636 0.232198
1 0.206246 0.785595 0.409319 0.428809
4 0.97595 0.533331 0.0481008 0.423888
4 0.683238 0.0798738 0.633523 0.159748
4 0.966142 0.250976 0.0677152 0.46987
0 0.952213 0.670535 0.0800837 0.426746
4 0.0833059 0.170222 0.166612 0.33223
4 0.0255806 0.312313 0.0511612 0.624625
4 0.4757 0.53671 0.101929 0.3307
4 0.845944 0.634279 0.256208 0.695838
4 0.536695 0.30871 0.49516 0.617419
4 0.504316 0.853484 0.483802 0.278317
0 0.370116 0.640178 0.0825475 0.533311
4 0.508797 0.635056 0.172285 0.345467
4 0.299145 0.0703884 0.59829 0.140777
0 0.0192511 0.771129 0.0385023 0.457742
0 0.453502 0.335208 0.473716 0.670417
0 0.317303 0.778729 0.440826 0.442542
2 0.478131 0.528797 0.101075 0.0850295
0 0.370499 0.348223 0.438188 0.696446
4 0.446738 0.575928 0.0585598 0.137726
4 0.743249 0.30762 0.470063 0.61524
4 0.852088 0.739202 0.290509 0.504479
4 0.410498 0.552135 0.103195 0.517822
4 0.101845 0.147264 0.203689 0.294528
4 0.952213 0.670535 0.0800837 0.426746
4 0.163216 0.25371 0.326433 0.50742
4 0.868751 0.33446 0.262498 0.662932
4 0.91597 0.50463 0.168061 0.813689
2 0.410498 0.552135 0.103195 0.517822
1 0.629066 0.786464 0.703641 0.409699
4 0.402417 0.408514 0.212243 0.762856
0 0.601515 0.720238 0.49258 0.524991
4 0.335645 0.374468 0.275488 0.748936
4 0.478202 0.574297 0.11963 0.596659
2 0.824355 0.797332 0.320484 0.392915
0 0.536695 0.30871 0.49516 0.617419
0 0.868751 0.33446 0.262498 0.662932
1 0.948944 0.812579 0.102111 0.374842
0 0.852088 0.739202 0.290509 0.504479
2 0.446738 0.575928 0.0585598 0.137726
0 0.214649 0.781107 0.424038 0.437787
4 0.804824 0.527694 0.333558 0.910034
0 0.749748 0.694141 0.359904 0.588752
1 0.82687 0.796234 0.326758 0.399416
4 0.427294 0.527563 0.0782555 0.119787
4 0.560832 0.681786 0.273603 0.534601
4 0.894289 0.392396 0.211422 0.743781
0 0.163216 0.25371 0.326433 0.50742
2 0.424451 0.564913 0.0742725 0.377765
4 0.816225 0.69381 0.331276 0.577913
