0 0.765873 0.71605 0.468254 0.563621
0 0.773596 0.503762 0.452809 0.992476
0 0.441055 0.748813 0.770181 0.475456
3 0.828376 0.632807 0.343249 0.734386
3 0.770967 0.673152 0.455132 0.653696
0 0.517491 0.0512013 0.965018 0.102403
0 0.605305 0.742731 0.560248 0.494512
0 0.836243 0.45108 0.327515 0.894899
3 0.878412 0.633756 0.243177 0.732489
0 0.389893 0.0375197 0.779787 0.0750394
4 0.526732 0.741175 0.702859 0.493307
3 0.875565 0.50418 0.24887 0.991641
3 0.452343 0.494132 0.900926 0.988264
0 0.0172569 0.392403 0.0345137 0.700474
3 0.217386 0.400632 0.43005 0.728324
4 0.774493 0.71239 0.451014 0.568136
0 0.253979 0.0859368 0.507957 0.171874
0 0.0744267 0.845371 0.148853 0.305279
0 0.609244 0.722132 0.780228 0.540277
3 0.941521 0.741511 0.116958 0.516979
3 0.298743 0.784893 0.573904 0.430213
0 0.0122616 0.436162 0.0245232 0.736672
3 0.163057 0.84648 0.323785 0.289142
3 0.188854 0.577644 0.376438 0.844712
3 0.670971 0.711922 0.425323 0.576157
4 0.406385 0.752309 0.793118 0.488993
3 0.374337 0.752298 0.619749 0.495404
4 0.535158 0.727641 0.929683 0.540065
3 0.762758 0.4555 0.472626 0.868477
0 0.00580356 0.460014 0.0116071 0.700643
4 0.797966 0.504552 0.404067 0.990895
0 0.943367 0.737379 0.113265 0.525242
3 0.854265 0.70301 0.29147 0.593981
3 0.253979 0.0859368 0.507957 0.171874
3 0.742326 0.718359 0.515349 0.54078
3 0.942411 0.72172 0.115178 0.55656
0 0.143447 0.834492 0.28516 0.319167
0 0.0952419 0.827026 0.190484 0.345949
4 0.940825 0.699542 0.11835 0.592858
3 0.570878 0.739586 0.560541 0.520829
0 0.579076 0.0810161 0.841849 0.162032
0 0.0197218 0.344501 0.0394436 0.689002
3 0.647749 0.448157 0.690545 0.860746
4 0.941521 0.741511 0.116958 0.516979
3 0.442756 0.718102 0.83189 0.53627
3 0.224532 0.721461 0.444425 0.54903
3 0.298545 0.372439 0.597089 0.731662
0 0.854265 0.70301 0.29147 0.593981
3 0.803627 0.26973 0.392746 0.53946
0 0.00804042 0.573973 0.0160808 0.852055
3 0.186812 0.809935 0.366368 0.380131
0 0.830601 0.255659 0.338799 0.492979
3 0.329599 0.0538196 0.659198 0.107639
3 0.175611 0.328422 0.351222 0.656844
0 0.626304 0.119371 0.747391 0.238742
0 0.227241 0.816802 0.442702 0.351345
4 0.878412 0.633756 0.243177 0.732489
0 0.329145 0.27131 0.605486 0.525837
4 0.535918 0.472248 0.909325 0.916833
3 0.775045 0.259052 0.44991 0.518104
3 0.505311 0.0344218 0.962722 0.0688436
3 0.318992 0.0823928 0.637984 0.164786
0 0.807123 0.158622 0.385753 0.317244
0 0.677887 0.712576 0.422055 0.554766
3 0.217446 0.823061 0.431257 0.335779
4 0.828376 0.632807 0.343249 0.734386
2 0.735014 0.721988 0.529169 0.556024
3 0.263527 0.498206 0.518325 0.938231
4 0.854265 0.70301 0.29147 0.593981
3 0.609244 0.722132 0.780228 0.540277
0 0.282956 0.77932 0.556151 0.426418
3 0.0104405 0.722646 0.020881 0.554708
4 0.834688 0.39749 0.330625 0.788375
3 0.0960958 0.330843 0.192192 0.661686
4 0.5228 0.0557893 0.951836 0.111579
3 0.870331 0.242447 0.259338 0.484894
3 0.22723 0.295529 0.444495 0.567596
3 0.0119356 0.792185 0.0238712 0.41563
0 0.383013 0.681443 0.74975 0.608578
0 0.329599 0.0538196 0.659198 0.107639
4 0.733592 0.694975 0.490325 0.61005
3 0.476317 0.304892 0.673225 0.5988
4 0.357441 0.75984 0.605567 0.48032
4 0.307495 0.276904 0.587397 0.534362
0 0.354086 0.511112 0.70692 0.947408
3 0.918569 0.523914 0.162862 0.932551
3 0.545328 0.0633927 0.897114 0.126785
3 0.807123 0.158622 0.385753 0.317244
0 0.664483 0.259312 0.671034 0.518624
3 0.00519025 0.547502 0.0103805 0.893958
3 0.940383 0.649081 0.119234 0.688732
3 0.0172569 0.392403 0.0345137 0.700474
3 0.0188565 0.803323 0.0377129 0.393355
3 0.828959 0.404657 0.342081 0.802483
3 0.249282 0.21653 0.498564 0.43306
4 0.275124 0.815983 0.543579 0.368034
3 0.0241282 0.34351 0.0482563 0.68702
1 0.217446 0.823061 0.431257 0.335779
3 0.0767182 0.83875 0.153329 0.317741
0 0.0119356 0.792185 0.0238712 0.41563
3 0.0594677 0.539345 0.118935 0.914938
0 0.608107 0.504062 0.783787 0.991876
4 0.484556 0.0364431 0.940176 0.0728861
3 0.0122616 0.436162 0.0245232 0.736672
0 0.898236 0.491395 0.203527 0.954425
4 0.579076 0.0810161 0.841849 0.162032
4 0.570878 0.739586 0.560541 0.520829
0 0.0104405 0.722646 0.020881 0.554708
4 0.143393 0.832081 0.285777 0.335838
0 0.570878 0.739586 0.560541 0.520829
3 0.130025 0.358674 0.260051 0.717348
4 0.677887 0.712576 0.422055 0.554766
4 0.186812 0.809935 0.366368 0.380131
3 0.626304 0.119371 0.747391 0.238742
0 0.0188565 0.803323 0.0377129 0.393355
3 0.0721469 0.371457 0.144294 0.614268
0 0.318992 0.0823928 0.637984 0.164786
3 0.601132 0.745393 0.503507 0.49238
4 0.253979 0.0859368 0.507957 0.171874
3 0.664483 0.259312 0.671034 0.518624
0 0.775045 0.259052 0.44991 0.518104
4 0.0620729 0.610419 0.124146 0.765598
3 0.00804042 0.573973 0.0160808 0.852055
0 0.21714 0.460062 0.429947 0.857702
4 0.0952419 0.827026 0.190484 0.345949
4 0.0188565 0.803323 0.0377129 0.393355
4 0.904498 0.520582 0.191003 0.958836
4 0.703899 0.503824 0.592202 0.992352
0 0.940383 0.649081 0.119234 0.688732
0 0.0960958 0.330843 0.192192 0.661686
4 0.476317 0.304892 0.673225 0.5988
4 0.00519025 0.547502 0.0103805 0.893958
3 0.290235 0.287681 0.580471 0.575361
4 0.338532 0.420006 0.651455 0.835962
4 0.0197218 0.344501 0.0394436 0.689002
4 0.0172569 0.392403 0.0345137 0.700474
4 0.00804042 0.573973 0.0160808 0.852055
0 0.892617 0.250333 0.214766 0.469528
4 0.0122616 0.436162 0.0245232 0.736672
4 0.217446 0.823061 0.431257 0.335779
4 0.0744267 0.845371 0.148853 0.305279
1 0.785633 0.262428 0.428734 0.504986
4 0.626304 0.119371 0.747391 0.238742
3 0.892617 0.250333 0.214766 0.469528
4 0.212215 0.407346 0.420363 0.752791
0 0.870331 0.242447 0.259338 0.484894
3 0.0952419 0.827026 0.190484 0.345949
0 0.229154 0.306207 0.44996 0.595714
4 0.188854 0.577644 0.376438 0.844712
0 0.18667 0.727742 0.370736 0.526512
0 0.176185 0.391397 0.350138 0.665539
4 0.263527 0.498206 0.518325 0.938231
4 0.0104405 0.722646 0.020881 0.554708
4 0.0604037 0.376846 0.120807 0.605943
4 0.329599 0.0538196 0.659198 0.107639
0 0.770967 0.673152 0.455132 0.653696
4 0.0119356 0.792185 0.0238712 0.41563
0 0.476317 0.304892 0.673225 0.5988
4 0.0960958 0.330843 0.192192 0.661686
3 0.734595 0.595713 0.529247 0.808573
0 0.0604037 0.376846 0.120807 0.605943
2 0.32689 0.750166 0.635853 0.487697
4 0.318992 0.0823928 0.637984 0.164786
0 0.374337 0.752298 0.619749 0.495404
4 0.807123 0.158622 0.385753 0.317244
4 0.830601 0.255659 0.338799 0.492979
3 0.492007 0.23713 0.900056 0.474259
1 0.813526 0.719643 0.372949 0.560713
1 0.163057 0.84648 0.323785 0.289142
4 0.450435 0.256075 0.558743 0.495077
4 0.242893 0.750178 0.469315 0.476205
4 0.664483 0.259312 0.671034 0.518624
4 0.492007 0.23713 0.900056 0.474259
2 0.943367 0.737379 0.113265 0.525242
0 0.792411 0.37839 0.414082 0.735476
2 0.526732 0.741175 0.702859 0.493307
4 0.870331 0.242447 0.259338 0.484894
4 0.892617 0.250333 0.214766 0.469528
0 0.288682 0.422769 0.577354 0.833757
0 0.878412 0.633756 0.243177 0.732489
0 0.492007 0.23713 0.900056 0.474259
0 0.828376 0.632807 0.343249 0.734386
3 0.450435 0.256075 0.558743 0.495077
2 0.229652 0.755654 0.451973 0.466107
4 0.130025 0.358674 0.260051 0.717348
4 0.258267 0.227897 0.516534 0.455793
4 0.229154 0.306207 0.44996 0.595714
1 0.521995 0.752769 0.627343 0.478169
1 0.229652 0.755654 0.451973 0.466107
2 0.830601 0.255659 0.338799 0.492979
2 0.143393 0.832081 0.285777 0.335838
1 0.568464 0.275409 0.828821 0.537845
2 0.334302 0.269534 0.668604 0.539067
0 0.188854 0.577644 0.376438 0.844712
0 0.450435 0.256075 0.558743 0.495077
2 0.200567 0.419772 0.399605 0.74216
4 0.775045 0.259052 0.44991 0.518104
1 0.450435 0.256075 0.558743 0.495077
0 0.0620729 0.610419 0.124146 0.765598
2 0.200722 0.29785 0.397204 0.588109
2 0.0952419 0.827026 0.190484 0.345949
1 0.940825 0.699542 0.11835 0.592858
2 0.217446 0.823061 0.431257 0.335779
2 0.898236 0.491395 0.203527 0.954425
1 0.734512 0.71727 0.530977 0.56546
2 0.664471 0.278813 0.671058 0.557626
2 0.492007 0.23713 0.900056 0.474259
1 0.0744267 0.845371 0.148853 0.305279
4 0.165212 0.346915 0.328667 0.643486
2 0.0604037 0.376846 0.120807 0.605943
2 0.258267 0.227897 0.516534 0.455793
1 0.792411 0.37839 0.414082 0.735476
2 0.626304 0.119371 0.747391 0.238742
2 0.00580356 0.460014 0.0116071 0.700643
1 0.423137 0.730878 0.802262 0.530822
2 0.570878 0.739586 0.560541 0.520829
1 0.186812 0.809935 0.366368 0.380131
2 0.130025 0.358674 0.260051 0.717348
1 0.217386 0.400632 0.43005 0.728324
2 0.807123 0.158622 0.385753 0.317244
2 0.733592 0.694975 0.490325 0.61005
1 0.0119356 0.792185 0.0238712 0.41563
2 0.354086 0.511112 0.70692 0.947408
2 0.00804042 0.573973 0.0160808 0.852055
1 0.329145 0.27131 0.605486 0.525837
2 0.0104405 0.722646 0.020881 0.554708
1 0.892617 0.250333 0.214766 0.469528
1 0.22723 0.295529 0.444495 0.567596
2 0.186812 0.809935 0.366368 0.380131
1 0.188854 0.577644 0.376438 0.844712
2 0.0188565 0.803323 0.0377129 0.393355
1 0.773596 0.503762 0.452809 0.992476
2 0.424614 0.750342 0.658572 0.499317
1 0.870331 0.242447 0.259338 0.484894
2 0.0960958 0.330843 0.192192 0.661686
2 0.0119356 0.792185 0.0238712 0.41563
2 0.0767182 0.83875 0.153329 0.317741
2 0.0172569 0.392403 0.0345137 0.700474
2 0.810522 0.713374 0.378306 0.573253
1 0.918569 0.523914 0.162862 0.932551
2 0.940383 0.649081 0.119234 0.688732
2 0.0122616 0.436162 0.0245232 0.736672
2 0.361396 0.0388127 0.722792 0.0776253
0 0.258267 0.227897 0.516534 0.455793
2 0.773596 0.503762 0.452809 0.992476
2 0.383013 0.681443 0.74975 0.608578
2 0.275124 0.815983 0.543579 0.368034
2 0.478581 0.253329 0.622391 0.495087
2 0.0241282 0.34351 0.0482563 0.68702
2 0.892617 0.250333 0.214766 0.469528
1 0.520182 0.0434588 0.94996 0.0869175
1 0.165212 0.346915 0.328667 0.643486
1 0.0952419 0.827026 0.190484 0.345949
2 0.446594 0.0521408 0.893189 0.104282
2 0.188854 0.577644 0.376438 0.844712
1 0.0616814 0.432713 0.123363 0.719717
0 0.130025 0.358674 0.260051 0.717348
2 0.775045 0.259052 0.44991 0.518104
2 0.253979 0.0859368 0.507957 0.171874
1 0.875565 0.50418 0.24887 0.991641
1 0.0188565 0.803323 0.0377129 0.393355
2 0.535158 0.727641 0.929683 0.540065
2 0.870331 0.242447 0.259338 0.484894
2 0.512245 0.501837 0.974784 0.996327
1 0.626304 0.119371 0.747391 0.238742
1 0.836243 0.45108 0.327515 0.894899
1 0.473883 0.500785 0.891725 0.99843
2 0.836243 0.45108 0.327515 0.894899
2 0.579076 0.0810161 0.841849 0.162032
1 0.579076 0.0810161 0.841849 0.162032
1 0.327279 0.7528 0.640229 0.471464
1 0.298743 0.784893 0.573904 0.430213
2 0.0620729 0.610419 0.124146 0.765598
1 0.492007 0.23713 0.900056 0.474259
1 0.0104405 0.722646 0.020881 0.554708
1 0.570878 0.739586 0.560541 0.520829
2 0.288682 0.422769 0.577354 0.833757
1 0.0620729 0.610419 0.124146 0.765598
1 0.807123 0.158622 0.385753 0.317244
1 0.464892 0.75023 0.680103 0.499539
1 0.647749 0.448157 0.690545 0.860746
1 0.00441106 0.483728 0.00882211 0.741571
1 0.00804042 0.573973 0.0160808 0.852055
1 0.664483 0.259312 0.671034 0.518624
1 0.941521 0.741511 0.116958 0.516979
1 0.329599 0.0538196 0.659198 0.107639
2 0.318992 0.0823928 0.637984 0.164786
1 0.130025 0.358674 0.260051 0.717348
2 0.505311 0.0344218 0.962722 0.0688436
1 0.0122616 0.436162 0.0245232 0.736672
1 0.318992 0.0823928 0.637984 0.164786
2 0.878412 0.633756 0.243177 0.732489
1 0.389893 0.0375197 0.779787 0.0750394
1 0.298545 0.372439 0.597089 0.731662
1 0.258267 0.227897 0.516534 0.455793
2 0.791451 0.641458 0.417097 0.717084
1 0.253979 0.0859368 0.507957 0.171874
1 0.0172569 0.392403 0.0345137 0.700474
1 0.878412 0.633756 0.243177 0.732489
1 0.0197218 0.344501 0.0394436 0.689002
0 0.765802 0.716076 0.468397 0.563572
0 0.773578 0.50377 0.452845 0.992459
0 0.441483 0.748836 0.768914 0.475384
3 0.828338 0.632534 0.343323 0.734932
3 0.771293 0.673091 0.454627 0.653817
0 0.51753 0.0517121 0.96494 0.103424
0 0.605617 0.742782 0.560178 0.494429
3 0.878381 0.633518 0.243238 0.732963
4 0.527998 0.741193 0.700185 0.493337
3 0.452199 0.494147 0.900732 0.988295
3 0.87535 0.504194 0.249301 0.991613
0 0.836346 0.448904 0.327308 0.890533
3 0.217448 0.400723 0.430198 0.728757
0 0.389638 0.0377668 0.779276 0.0755336
4 0.774461 0.712411 0.451078 0.56811
0 0.017406 0.392158 0.0348119 0.69967
0 0.25376 0.0860485 0.50752 0.172097
0 0.0745065 0.845406 0.149013 0.305206
3 0.941582 0.741704 0.116836 0.516592
0 0.610919 0.722267 0.77678 0.540111
3 0.298716 0.784515 0.573794 0.43097
3 0.163026 0.846456 0.323724 0.289312
3 0.188955 0.580479 0.376634 0.839043
0 0.0123877 0.43609 0.0247754 0.736616
3 0.671157 0.711995 0.424521 0.57601
4 0.406417 0.752288 0.792326 0.489068
3 0.374489 0.752254 0.619691 0.495492
3 0.763249 0.454082 0.471621 0.864782
4 0.535808 0.727825 0.928383 0.539764
4 0.797867 0.504552 0.404265 0.990896
0 0.00585209 0.459865 0.0117042 0.700954
3 0.854165 0.703114 0.291669 0.593772
0 0.943371 0.73773 0.113258 0.52454
3 0.742405 0.718459 0.51519 0.540664
3 0.25376 0.0860485 0.50752 0.172097
3 0.942452 0.721833 0.115096 0.556334
4 0.940885 0.699812 0.11823 0.592284
3 0.571083 0.739753 0.559889 0.520493
0 0.143425 0.834459 0.285116 0.319352
0 0.0953485 0.827015 0.190697 0.345971
0 0.579272 0.0813465 0.841455 0.162693
3 0.649317 0.448416 0.687287 0.860462
4 0.941582 0.741704 0.116836 0.516592
3 0.442952 0.718203 0.831581 0.536097
0 0.0198368 0.344407 0.0396736 0.688815
3 0.29837 0.372636 0.596741 0.732009
3 0.2245 0.724529 0.444344 0.542943
3 0.80399 0.269649 0.39202 0.539298
3 0.186595 0.809819 0.365937 0.380361
0 0.854165 0.703114 0.291669 0.593772
3 0.329455 0.0542216 0.658911 0.108443
3 0.175322 0.328693 0.350644 0.657387
0 0.00816401 0.573849 0.016328 0.852303
4 0.878381 0.633518 0.243238 0.732963
4 0.535883 0.472393 0.909171 0.916645
0 0.227037 0.816674 0.442378 0.351727
0 0.830714 0.255734 0.338572 0.493181
0 0.626749 0.120177 0.746503 0.240355
3 0.775229 0.259723 0.449543 0.519446
3 0.505413 0.0347475 0.962753 0.0694951
3 0.318928 0.0826271 0.637857 0.165254
0 0.329368 0.271251 0.60449 0.525726
4 0.828338 0.632534 0.343323 0.734932
3 0.217301 0.82297 0.43097 0.33607
3 0.262094 0.497871 0.515419 0.937218
2 0.735047 0.722035 0.52911 0.555929
4 0.854165 0.703114 0.291669 0.593772
0 0.678672 0.712619 0.423062 0.554725
0 0.807469 0.159197 0.385062 0.318393
3 0.610919 0.722267 0.77678 0.540111
3 0.0106295 0.722513 0.0212589 0.554974
4 0.834557 0.394873 0.330886 0.783153
3 0.0952419 0.330656 0.190484 0.661313
4 0.522875 0.0563168 0.951903 0.112634
0 0.282982 0.778998 0.556219 0.427171
3 0.870589 0.242289 0.258822 0.484577
3 0.227113 0.29571 0.444218 0.568036
3 0.0121364 0.792188 0.0242727 0.415623
4 0.734052 0.695023 0.490338 0.609954
3 0.477095 0.304146 0.671076 0.597203
4 0.35767 0.759737 0.605551 0.480525
3 0.545368 0.0638846 0.896947 0.127769
4 0.307548 0.277018 0.587248 0.534677
3 0.918402 0.523854 0.163196 0.933066
0 0.38316 0.682112 0.75011 0.607245
0 0.329455 0.0542216 0.658911 0.108443
3 0.807469 0.159197 0.385062 0.318393
3 0.940319 0.648886 0.119362 0.68916
3 0.00524657 0.54727 0.0104931 0.893784
3 0.017406 0.392158 0.0348119 0.69967
0 0.353852 0.511413 0.706519 0.946777
3 0.019042 0.803273 0.0380839 0.393455
3 0.248589 0.21693 0.497178 0.433859
3 0.829224 0.400911 0.341553 0.794989
0 0.665063 0.260388 0.669874 0.520775
4 0.275024 0.815708 0.543387 0.368584
3 0.024164 0.343506 0.048328 0.687012
3 0.0769316 0.838915 0.153749 0.317368
1 0.217301 0.82297 0.43097 0.33607
3 0.0593889 0.53973 0.118778 0.913899
4 0.484701 0.0366745 0.940305 0.0733491
3 0.0123877 0.43609 0.0247754 0.736616
4 0.579272 0.0813465 0.841455 0.162693
4 0.571083 0.739753 0.559889 0.520493
0 0.0121364 0.792188 0.0242727 0.415623
0 0.608397 0.504108 0.783207 0.991784
4 0.143358 0.832025 0.285699 0.335951
0 0.898176 0.490317 0.203648 0.952131
4 0.678672 0.712619 0.423062 0.554725
3 0.129274 0.358613 0.258547 0.717226
4 0.186595 0.809819 0.365937 0.380361
0 0.0106295 0.722513 0.0212589 0.554974
3 0.626749 0.120177 0.746503 0.240355
0 0.571083 0.739753 0.559889 0.520493
3 0.0720051 0.371556 0.14401 0.614312
3 0.601185 0.745428 0.503051 0.492372
4 0.25376 0.0860485 0.50752 0.172097
0 0.019042 0.803273 0.0380839 0.393455
3 0.665063 0.260388 0.669874 0.520775
4 0.0622189 0.611195 0.124438 0.764076
3 0.00816401 0.573849 0.016328 0.852303
4 0.0953485 0.827015 0.190697 0.345971
0 0.318928 0.0826271 0.637857 0.165254
4 0.019042 0.803273 0.0380839 0.393455
4 0.904317 0.520563 0.191366 0.958874
4 0.7048 0.503828 0.590399 0.992344
0 0.217202 0.458314 0.43006 0.854074
0 0.775229 0.259723 0.449543 0.519446
4 0.477095 0.304146 0.671076 0.597203
4 0.00524657 0.54727 0.0104931 0.893784
3 0.28956 0.287591 0.579119 0.575181
4 0.338349 0.418303 0.650077 0.832518
0 0.0952419 0.330656 0.190484 0.661313
0 0.940319 0.648886 0.119362 0.68916
4 0.0198368 0.344407 0.0396736 0.688815
4 0.017406 0.392158 0.0348119 0.69967
4 0.00816401 0.573849 0.016328 0.852303
4 0.0123877 0.43609 0.0247754 0.736616
4 0.217301 0.82297 0.43097 0.33607
4 0.0745065 0.845406 0.149013 0.305206
0 0.892624 0.250141 0.214752 0.46906
1 0.786801 0.262503 0.426398 0.50505
3 0.892624 0.250141 0.214752 0.46906
4 0.626749 0.120177 0.746503 0.240355
4 0.212311 0.40712 0.420582 0.752382
3 0.0953485 0.827015 0.190697 0.345971
4 0.188955 0.580479 0.376634 0.839043
4 0.262094 0.497871 0.515419 0.937218
0 0.870589 0.242289 0.258822 0.484577
4 0.0106295 0.722513 0.0212589 0.554974
4 0.0603112 0.376777 0.120622 0.605909
0 0.229033 0.30651 0.449667 0.596154
4 0.329455 0.0542216 0.658911 0.108443
4 0.0121364 0.792188 0.0242727 0.415623
0 0.186881 0.727521 0.371168 0.527042
0 0.176075 0.391364 0.349926 0.665851
3 0.73463 0.590497 0.529195 0.819006
4 0.0952419 0.330656 0.190484 0.661313
2 0.32659 0.750202 0.635237 0.487762
4 0.318928 0.0826271 0.637857 0.165254
0 0.771293 0.673091 0.454627 0.653817
0 0.477095 0.304146 0.671076 0.597203
4 0.807469 0.159197 0.385062 0.318393
0 0.0603112 0.376777 0.120622 0.605909
0 0.374489 0.752254 0.619691 0.495492
3 0.491927 0.236901 0.899612 0.473802
4 0.830714 0.255734 0.338572 0.493181
1 0.163026 0.846456 0.323724 0.289312
4 0.242767 0.750137 0.469135 0.47635
1 0.813451 0.719653 0.373097 0.560694
4 0.450296 0.25603 0.557532 0.49503
4 0.665063 0.260388 0.669874 0.520775
4 0.491927 0.236901 0.899612 0.473802
2 0.943371 0.73773 0.113258 0.52454
4 0.870589 0.242289 0.258822 0.484577
2 0.527998 0.741193 0.700185 0.493337
4 0.892624 0.250141 0.214752 0.46906
0 0.79367 0.372866 0.411561 0.724133
0 0.287713 0.421895 0.575426 0.831967
0 0.878381 0.633518 0.243238 0.732963
0 0.491927 0.236901 0.899612 0.473802
3 0.450296 0.25603 0.557532 0.49503
2 0.229614 0.755529 0.451936 0.466432
0 0.828338 0.632534 0.343323 0.734932
4 0.129274 0.358613 0.258547 0.717226
4 0.257752 0.22786 0.515505 0.455721
4 0.229033 0.30651 0.449667 0.596154
1 0.522182 0.752826 0.626558 0.478122
1 0.569124 0.27571 0.827132 0.538378
1 0.229614 0.755529 0.451936 0.466432
2 0.830714 0.255734 0.338572 0.493181
2 0.143358 0.832025 0.285699 0.335951
2 0.333648 0.269688 0.667296 0.539376
2 0.200549 0.419532 0.399575 0.742034
1 0.450296 0.25603 0.557532 0.49503
4 0.775229 0.259723 0.449543 0.519446
0 0.188955 0.580479 0.376634 0.839043
0 0.450296 0.25603 0.557532 0.49503
2 0.0953485 0.827015 0.190697 0.345971
2 0.200574 0.298145 0.396939 0.588637
0 0.0622189 0.611195 0.124438 0.764076
1 0.940885 0.699812 0.11823 0.592284
2 0.217301 0.82297 0.43097 0.33607
1 0.734578 0.717317 0.530844 0.565365
2 0.898176 0.490317 0.203648 0.952131
2 0.665331 0.279036 0.669338 0.558071
2 0.525177 0.274797 0.909006 0.549595
1 0.0745065 0.845406 0.149013 0.305206
4 0.165046 0.347178 0.328357 0.643803
2 0.0603112 0.376777 0.120622 0.605909
1 0.79367 0.372866 0.411561 0.724133
2 0.257752 0.22786 0.515505 0.455721
2 0.626749 0.120177 0.746503 0.240355
2 0.00585209 0.459865 0.0117042 0.700954
1 0.423202 0.730919 0.801725 0.530823
1 0.186595 0.809819 0.365937 0.380361
2 0.571083 0.739753 0.559889 0.520493
2 0.129274 0.358613 0.258547 0.717226
2 0.807469 0.159197 0.385062 0.318393
1 0.217448 0.400723 0.430198 0.728757
2 0.734052 0.695023 0.490338 0.609954
1 0.0121364 0.792188 0.0242727 0.415623
2 0.353852 0.511413 0.706519 0.946777
1 0.329368 0.271251 0.60449 0.525726
2 0.00816401 0.573849 0.016328 0.852303
1 0.892624 0.250141 0.214752 0.46906
2 0.0106295 0.722513 0.0212589 0.554974
1 0.227113 0.29571 0.444218 0.568036
1 0.188955 0.580479 0.376634 0.839043
2 0.186595 0.809819 0.365937 0.380361
2 0.019042 0.803273 0.0380839 0.393455
1 0.773578 0.50377 0.452845 0.992459
2 0.424631 0.750353 0.658325 0.499294
1 0.870589 0.242289 0.258822 0.484577
2 0.0952419 0.330656 0.190484 0.661313
2 0.485549 0.183287 0.806237 0.366573
2 0.0121364 0.792188 0.0242727 0.415623
2 0.0769316 0.838915 0.153749 0.317368
2 0.017406 0.392158 0.0348119 0.69967
2 0.810501 0.71345 0.378345 0.5731
1 0.918402 0.523854 0.163196 0.933066
2 0.940319 0.648886 0.119362 0.68916
2 0.0123877 0.43609 0.0247754 0.736616
2 0.40591 0.0465763 0.81182 0.0931526
2 0.773578 0.50377 0.452845 0.992459
2 0.38316 0.682112 0.75011 0.607245
2 0.275024 0.815708 0.543387 0.368584
2 0.479078 0.253307 0.621127 0.495088
2 0.024164 0.343506 0.048328 0.687012
2 0.892624 0.250141 0.214752 0.46906
0 0.257752 0.22786 0.515505 0.455721
1 0.520312 0.0439361 0.949992 0.0878721
1 0.165046 0.347178 0.328357 0.643803
1 0.0953485 0.827015 0.190697 0.345971
2 0.188955 0.580479 0.376634 0.839043
1 0.0615756 0.432577 0.123151 0.719977
2 0.775229 0.259723 0.449543 0.519446
1 0.87535 0.504194 0.249301 0.991613
2 0.25376 0.0860485 0.50752 0.172097
1 0.019042 0.803273 0.0380839 0.393455
2 0.535808 0.727825 0.928383 0.539764
2 0.870589 0.242289 0.258822 0.484577
0 0.129274 0.358613 0.258547 0.717226
2 0.51218 0.501835 0.974875 0.996329
1 0.626749 0.120177 0.746503 0.240355
1 0.836346 0.448904 0.327308 0.890533
2 0.836346 0.448904 0.327308 0.890533
1 0.473955 0.500825 0.891613 0.998351
2 0.579272 0.0813465 0.841455 0.162693
1 0.579272 0.0813465 0.841455 0.162693
1 0.327205 0.752904 0.640038 0.471311
1 0.298716 0.784515 0.573794 0.43097
2 0.0622189 0.611195 0.124438 0.764076
1 0.491927 0.236901 0.899612 0.473802
1 0.0106295 0.722513 0.0212589 0.554974
1 0.571083 0.739753 0.559889 0.520493
2 0.287713 0.421895 0.575426 0.831967
1 0.0622189 0.611195 0.124438 0.764076
1 0.807469 0.159197 0.385062 0.318393
1 0.464746 0.750286 0.680029 0.499428
1 0.649317 0.448416 0.687287 0.860462
1 0.00445046 0.483256 0.00890091 0.741594
1 0.00816401 0.573849 0.016328 0.852303
1 0.665063 0.260388 0.669874 0.520775
1 0.941582 0.741704 0.116836 0.516592
2 0.522875 0.0563168 0.951903 0.112634
1 0.329455 0.0542216 0.658911 0.108443
2 0.318928 0.0826271 0.637857 0.165254
1 0.129274 0.358613 0.258547 0.717226
1 0.0123877 0.43609 0.0247754 0.736616
1 0.318928 0.0826271 0.637857 0.165254
2 0.878381 0.633518 0.243238 0.732963
1 0.389638 0.0377668 0.779276 0.0755336
1 0.29837 0.372636 0.596741 0.732009
1 0.257752 0.22786 0.515505 0.455721
1 0.25376 0.0860485 0.50752 0.172097
2 0.791612 0.641391 0.416776 0.717218
1 0.017406 0.392158 0.0348119 0.69967
1 0.878381 0.633518 0.243238 0.732963
1 0.0198368 0.344407 0.0396736 0.688815
