3 0.959477 0.265945 0.0777126 0.331054
0 0.772377 0.756096 0.451858 0.467522
0 0.957019 0.254397 0.0859625 0.312799
0 0.45669 0.753542 0.695046 0.48515
0 0.582439 0.0393884 0.835122 0.0787768
0 0.594455 0.75674 0.638914 0.47428
1 0.957019 0.254397 0.0859625 0.312799
0 0.579156 0.738873 0.47285 0.50488
3 0.836755 0.725116 0.322409 0.549769
3 0.772354 0.50997 0.455291 0.98006
0 0.651493 0.209229 0.697013 0.418458
3 0.783444 0.742412 0.41425 0.515176
0 0.635993 0.076585 0.728015 0.15317
3 0.309359 0.278416 0.310676 0.543952
3 0.54428 0.503881 0.459498 0.992238
3 0.266125 0.779353 0.489287 0.441294
2 0.958591 0.25461 0.0828175 0.316144
3 0.897726 0.703366 0.204548 0.593268
3 0.433995 0.472451 0.134499 0.568534
0 0.682624 0.281666 0.634753 0.563331
3 0.354219 0.771705 0.48579 0.45659
3 0.788452 0.659161 0.423095 0.678244
3 0.431476 0.355775 0.445937 0.700602
0 0.265798 0.768749 0.519094 0.45185
3 0.48497 0.505941 0.308903 0.988119
4 0.62604 0.756186 0.537033 0.459653
4 0.758149 0.750232 0.424471 0.473267
3 0.178829 0.791307 0.340837 0.417386
3 0.925173 0.240295 0.149655 0.48059
3 0.94603 0.761117 0.10794 0.477767
3 0.529541 0.323238 0.444426 0.640673
3 0.171927 0.247159 0.340315 0.494318
3 0.40238 0.456054 0.0532658 0.366881
0 0.793116 0.212095 0.413767 0.424191
3 0.55176 0.751193 0.637676 0.497615
3 0.622172 0.501563 0.671587 0.996874
3 0.2737 0.460471 0.272651 0.902937
3 0.752664 0.754313 0.410693 0.46501
3 0.284498 0.412653 0.265431 0.669491
3 0.437977 0.59574 0.137756 0.736856
0 0.925173 0.240295 0.149655 0.48059
0 0.957544 0.42704 0.0849121 0.666556
3 0.0919745 0.496548 0.183949 0.993096
3 0.451937 0.755308 0.658785 0.489385
0 0.743335 0.241765 0.51333 0.483529
3 0.0801896 0.226503 0.160379 0.448256
3 0.102446 0.811387 0.203404 0.377226
3 0.850043 0.764787 0.299914 0.470426
0 0.00965389 0.626065 0.0193078 0.652722
3 0.743335 0.241765 0.51333 0.483529
3 0.673369 0.750512 0.424102 0.498976
0 0.402154 0.480422 0.0518131 0.279992
3 0.651493 0.209229 0.697013 0.418458
3 0.535814 0.694884 0.213479 0.547654
3 0.445548 0.624934 0.253541 0.691629
3 0.635993 0.076585 0.728015 0.15317
3 0.886014 0.554214 0.227971 0.876673
3 0.321499 0.37234 0.307158 0.74017
3 0.249745 0.493114 0.391196 0.986228
3 0.291895 0.780225 0.576041 0.429512
4 0.925173 0.240295 0.149655 0.48059
0 0.535814 0.694884 0.213479 0.547654
0 0.943563 0.214391 0.112874 0.428782
3 0.213215 0.5 0.297911 1
0 0.850043 0.764787 0.299914 0.470426
3 0.682624 0.281666 0.634753 0.563331
3 0.119645 0.73573 0.236993 0.488936
0 0.0579715 0.814898 0.115943 0.370205
3 0.943563 0.214391 0.112874 0.428782
3 0.570092 0.0416456 0.844517 0.0832912
3 0.699288 0.370396 0.601424 0.740793
3 0.955892 0.682272 0.0882153 0.626551
4 0.958591 0.25461 0.0828175 0.316144
3 0.154423 0.500863 0.291643 0.998273
3 0.335263 0.498235 0.226078 0.996471
3 0.954931 0.774574 0.0901377 0.450852
4 0.716421 0.288256 0.561784 0.573517
4 0.771743 0.744302 0.424461 0.511396
3 0.197 0.503874 0.196665 0.984575
3 0.285059 0.181921 0.570118 0.363843
4 0.582439 0.0393884 0.835122 0.0787768
0 0.153853 0.782599 0.30621 0.431593
3 0.198376 0.202794 0.396753 0.405588
3 0.299101 0.167942 0.292106 0.32842
0 0.0794053 0.210284 0.158811 0.415225
4 0.505096 0.751671 0.664869 0.472751
3 0.530117 0.73605 0.508348 0.510767
0 0.0140432 0.716711 0.0280865 0.566578
3 0.950159 0.592232 0.0996812 0.779236
3 0.0593019 0.370595 0.118604 0.74119
3 0.160676 0.777516 0.319086 0.441075
0 0.737937 0.335539 0.524126 0.669627
3 0.0845517 0.202812 0.169103 0.405624
3 0.957532 0.536836 0.0849369 0.883803
3 0.191838 0.733005 0.380783 0.506604
0 0.119645 0.73573 0.236993 0.488936
3 0.0154314 0.465019 0.0308628 0.870935
3 0.0137791 0.770568 0.0275583 0.458864
3 0.132838 0.63906 0.265676 0.686516
3 0.793116 0.212095 0.413767 0.424191
3 0.508065 0.262854 0.696727 0.525708
4 0.897726 0.703366 0.204548 0.593268
4 0.815793 0.773387 0.368414 0.452615
0 0.945428 0.773388 0.109144 0.453225
4 0.651493 0.209229 0.697013 0.418458
4 0.836755 0.725116 0.322409 0.549769
3 0.0791727 0.314099 0.158345 0.623522
0 0.10958 0.798824 0.21771 0.401478
3 0.76123 0.32125 0.477539 0.632563
4 0.354219 0.771705 0.48579 0.45659
3 0.0270424 0.802703 0.0540849 0.394594
0 0.0845517 0.202812 0.169103 0.405624
4 0.94603 0.761117 0.10794 0.477767
0 0.285059 0.181921 0.570118 0.363843
4 0.451937 0.755308 0.658785 0.489385
4 0.788452 0.659161 0.423095 0.678244
3 0.403706 0.58053 0.129395 0.802392
3 0.607122 0.550093 0.397597 0.881901
4 0.240044 0.771163 0.466974 0.438499
3 0.0200241 0.792595 0.0400482 0.41481
0 0.0200241 0.792595 0.0400482 0.41481
3 0.367915 0.726564 0.71898 0.536854
0 0.607122 0.550093 0.397597 0.881901
3 0.345645 0.532702 0.135021 0.634862
3 0.630613 0.748937 0.578388 0.478393
4 0.178829 0.791307 0.340837 0.417386
0 0.0741113 0.785402 0.148223 0.429195
4 0.943563 0.214391 0.112874 0.428782
4 0.55176 0.751193 0.637676 0.497615
4 0.635993 0.076585 0.728015 0.15317
3 0.607701 0.275314 0.515073 0.546826
4 0.955892 0.682272 0.0882153 0.626551
3 0.00965389 0.626065 0.0193078 0.652722
0 0.520341 0.0813277 0.754708 0.162655
0 0.955892 0.682272 0.0882153 0.626551
3 0.338413 0.216409 0.367252 0.426964
4 0.0270424 0.802703 0.0540849 0.394594
2 0.957544 0.42704 0.0849121 0.666556
0 0.0270424 0.802703 0.0540849 0.394594
4 0.673369 0.750512 0.424102 0.498976
0 0.94603 0.761117 0.10794 0.477767
2 0.328945 0.741643 0.655364 0.500525
0 0.445548 0.624934 0.253541 0.691629
4 0.065018 0.813298 0.130036 0.373404
3 0.0562931 0.701598 0.112586 0.399787
4 0.102446 0.811387 0.203404 0.377226
4 0.945428 0.773388 0.109144 0.453225
4 0.0793298 0.21921 0.15866 0.43842
0 0.636634 0.271262 0.516856 0.528664
0 0.774586 0.507395 0.450829 0.966451
4 0.743335 0.241765 0.51333 0.483529
0 0.0952705 0.203979 0.190541 0.407957
0 0.403706 0.58053 0.129395 0.802392
0 0.55176 0.751193 0.637676 0.497615
4 0.0845517 0.202812 0.169103 0.405624
0 0.369494 0.352355 0.426006 0.695153
4 0.760598 0.497868 0.478804 0.995736
4 0.0121273 0.671034 0.0242545 0.652164
3 0.333948 0.131686 0.495345 0.263372
4 0.950159 0.592232 0.0996812 0.779236
0 0.333948 0.131686 0.495345 0.263372
0 0.191838 0.733005 0.380783 0.506604
0 0.198376 0.202794 0.396753 0.405588
3 0.0614798 0.771778 0.12296 0.438895
4 0.793116 0.212095 0.413767 0.424191
3 0.520341 0.0813277 0.754708 0.162655
0 0.454615 0.134211 0.613984 0.268423
4 0.0200241 0.792595 0.0400482 0.41481
0 0.897726 0.703366 0.204548 0.593268
0 0.95277 0.519418 0.0944606 0.754203
4 0.0154314 0.465019 0.0308628 0.870935
4 0.957544 0.42704 0.0849121 0.666556
0 0.683947 0.5 0.619844 1
0 0.836755 0.725116 0.322409 0.549769
0 0.0788654 0.285549 0.157731 0.571099
0 0.385693 0.763034 0.585899 0.473932
4 0.535814 0.694884 0.213479 0.547654
4 0.48497 0.505941 0.308903 0.988119
2 0.508051 0.752974 0.629281 0.484074
3 0.229938 0.361355 0.184548 0.702227
4 0.661 0.49519 0.664436 0.99038
4 0.508065 0.262854 0.696727 0.525708
4 0.160676 0.777516 0.319086 0.441075
3 0.065018 0.813298 0.130036 0.373404
4 0.0614798 0.771778 0.12296 0.438895
0 0.437977 0.59574 0.137756 0.736856
0 0.0593019 0.370595 0.118604 0.74119
4 0.0593019 0.370595 0.118604 0.74119
0 0.338413 0.216409 0.367252 0.426964
4 0.0140432 0.716711 0.0280865 0.566578
0 0.783444 0.742412 0.41425 0.515176
0 0.0562931 0.701598 0.112586 0.399787
0 0.0154314 0.465019 0.0308628 0.870935
4 0.338413 0.216409 0.367252 0.426964
2 0.810958 0.520123 0.378083 0.910021
0 0.56212 0.281172 0.635716 0.562343
4 0.32787 0.328906 0.341886 0.639527
4 0.343624 0.771506 0.680394 0.439766
0 0.433995 0.472451 0.134499 0.568534
4 0.40238 0.456054 0.0532658 0.366881
4 0.437977 0.59574 0.137756 0.736856
3 0.0952705 0.203979 0.190541 0.407957
4 0.54428 0.503881 0.459498 0.992238
4 0.0952705 0.203979 0.190541 0.407957
4 0.636634 0.271262 0.516856 0.528664
0 0.48497 0.505941 0.308903 0.988119
4 0.433995 0.472451 0.134499 0.568534
0 0.171927 0.247159 0.340315 0.494318
3 0.454615 0.134211 0.613984 0.268423
4 0.00872445 0.567521 0.0174489 0.652756
0 0.673369 0.750512 0.424102 0.498976
4 0.418183 0.723244 0.734488 0.541575
4 0.699288 0.370396 0.601424 0.740793
4 0.0791727 0.314099 0.158345 0.623522
4 0.0562931 0.701598 0.112586 0.399787
1 0.505096 0.751671 0.664869 0.472751
4 0.886014 0.554214 0.227971 0.876673
0 0.206089 0.493313 0.400107 0.986627
4 0.607122 0.550093 0.397597 0.881901
4 0.119645 0.73573 0.236993 0.488936
4 0.445548 0.624934 0.253541 0.691629
4 0.171927 0.247159 0.340315 0.494318
2 0.403706 0.58053 0.129395 0.802392
0 0.788452 0.659161 0.423095 0.678244
0 0.178829 0.791307 0.340837 0.417386
2 0.237877 0.771324 0.467854 0.445949
2 0.773478 0.754236 0.442329 0.477814
4 0.191838 0.733005 0.380783 0.506604
0 0.309359 0.278416 0.310676 0.543952
0 0.299101 0.167942 0.292106 0.32842
2 0.76123 0.32125 0.477539 0.632563
1 0.773478 0.754236 0.442329 0.477814
4 0.333948 0.131686 0.495345 0.263372
2 0.433995 0.472451 0.134499 0.568534
0 0.8035 0.325304 0.392999 0.543989
2 0.369494 0.352355 0.426006 0.695153
4 0.520341 0.0813277 0.754708 0.162655
4 0.284498 0.412653 0.265431 0.669491
4 0.299101 0.167942 0.292106 0.32842
0 0.886014 0.554214 0.227971 0.876673
4 0.213215 0.5 0.297911 1
4 0.511481 0.288736 0.527358 0.563378
0 0.54428 0.503881 0.459498 0.992238
4 0.0805311 0.432523 0.161062 0.865046
4 0.229938 0.361355 0.184548 0.702227
4 0.403706 0.58053 0.129395 0.802392
4 0.101842 0.474039 0.202517 0.919976
4 0.296441 0.274539 0.286366 0.531081
2 0.62604 0.756186 0.537033 0.459653
2 0.0794267 0.232318 0.158853 0.461949
4 0.154423 0.500863 0.291643 0.998273
1 0.957532 0.536836 0.0849369 0.883803
2 0.437977 0.59574 0.137756 0.736856
2 0.333948 0.131686 0.495345 0.263372
2 0.402154 0.480422 0.0518131 0.279992
0 0.345645 0.532702 0.135021 0.634862
2 0.102446 0.811387 0.203404 0.377226
1 0.945428 0.773388 0.109144 0.453225
2 0.954931 0.774574 0.0901377 0.450852
2 0.95277 0.519418 0.0944606 0.754203
4 0.206089 0.493313 0.400107 0.986627
4 0.285059 0.181921 0.570118 0.363843
0 0.091903 0.25288 0.149528 0.495752
1 0.925173 0.240295 0.149655 0.48059
4 0.418356 0.342402 0.562111 0.672802
4 0.454615 0.134211 0.613984 0.268423
2 0.266928 0.484836 0.26383 0.969673
2 0.832306 0.332953 0.333846 0.511967
2 0.285059 0.181921 0.570118 0.363843
1 0.296441 0.274539 0.286366 0.531081
2 0.454615 0.134211 0.613984 0.268423
2 0.338413 0.216409 0.367252 0.426964
2 0.154423 0.500863 0.291643 0.998273
2 0.0895436 0.355624 0.152243 0.65752
2 0.065018 0.813298 0.130036 0.373404
4 0.198376 0.202794 0.396753 0.405588
4 0.197 0.503874 0.196665 0.984575
1 0.736332 0.279969 0.527336 0.551876
2 0.793116 0.212095 0.413767 0.424191
2 0.335263 0.498235 0.226078 0.996471
4 0.266928 0.484836 0.26383 0.969673
2 0.94603 0.761117 0.10794 0.477767
0 0.0805311 0.432523 0.161062 0.865046
2 0.0805024 0.4705 0.161005 0.941001
3 0.832306 0.332953 0.333846 0.511967
2 0.673369 0.750512 0.424102 0.498976
2 0.119645 0.73573 0.236993 0.488936
2 0.249745 0.493114 0.391196 0.986228
0 0.321499 0.37234 0.307158 0.74017
2 0.0582045 0.646339 0.116409 0.489772
2 0.526592 0.296927 0.673255 0.593854
2 0.699288 0.370396 0.601424 0.740793
2 0.00872445 0.567521 0.0174489 0.652756
1 0.765896 0.478019 0.468209 0.932914
0 0.266928 0.484836 0.26383 0.969673
4 0.345645 0.532702 0.135021 0.634862
1 0.299101 0.167942 0.292106 0.32842
2 0.213215 0.5 0.297911 1
2 0.607122 0.550093 0.397597 0.881901
1 0.091903 0.25288 0.149528 0.495752
3 0.959485 0.265934 0.0777222 0.331019
0 0.772397 0.756142 0.451798 0.46749
0 0.957016 0.254386 0.0859678 0.31284
0 0.582487 0.0393665 0.835027 0.078733
0 0.456803 0.753375 0.695044 0.485586
0 0.594501 0.756735 0.638639 0.474373
1 0.957016 0.254386 0.0859678 0.31284
0 0.579419 0.738862 0.471541 0.505032
3 0.772429 0.510085 0.455142 0.979831
3 0.836888 0.725124 0.322095 0.549752
3 0.783539 0.742378 0.414141 0.515244
0 0.651608 0.208413 0.696783 0.416826
3 0.308919 0.278546 0.309884 0.544311
3 0.577545 0.501605 0.621784 0.99679
0 0.636208 0.0763976 0.727584 0.152795
3 0.266817 0.779446 0.490684 0.441108
2 0.958588 0.254624 0.0828247 0.316087
3 0.897845 0.70344 0.20431 0.59312
3 0.433793 0.473201 0.132972 0.559369
3 0.355088 0.771843 0.487489 0.456314
3 0.788334 0.660581 0.423332 0.675544
0 0.68267 0.281379 0.634659 0.562759
3 0.433585 0.35632 0.440278 0.701495
3 0.483848 0.506773 0.302596 0.986453
4 0.625308 0.75622 0.538226 0.459603
0 0.265956 0.768712 0.519354 0.452012
4 0.75808 0.750269 0.424174 0.473241
3 0.178806 0.791421 0.340847 0.417157
3 0.926543 0.240035 0.146914 0.48007
3 0.946092 0.76121 0.107817 0.47758
3 0.530422 0.323939 0.442157 0.641882
3 0.402189 0.455095 0.0523226 0.362568
3 0.172249 0.247115 0.340961 0.49423
3 0.550874 0.751197 0.639533 0.497607
3 0.284364 0.416771 0.264537 0.65675
3 0.273288 0.459575 0.272313 0.900983
3 0.752696 0.754275 0.410605 0.46517
0 0.793348 0.212035 0.413304 0.42407
3 0.437694 0.596542 0.136155 0.724022
3 0.0919715 0.496267 0.183943 0.992534
3 0.451895 0.755375 0.659677 0.489249
3 0.0801956 0.226754 0.160391 0.448687
3 0.102503 0.811555 0.203495 0.37689
0 0.926543 0.240035 0.146914 0.48007
0 0.957545 0.426096 0.08491 0.664394
3 0.85013 0.764746 0.29974 0.470508
0 0.743305 0.241493 0.513391 0.482985
3 0.743305 0.241493 0.513391 0.482985
3 0.672821 0.750472 0.42539 0.499057
3 0.651608 0.208413 0.696783 0.416826
0 0.00971636 0.62623 0.0194327 0.651971
3 0.535521 0.69597 0.206918 0.544459
3 0.885893 0.554325 0.228214 0.876758
3 0.636208 0.0763976 0.727584 0.152795
0 0.401979 0.47892 0.0511511 0.27437
3 0.320714 0.372379 0.303485 0.740165
3 0.444902 0.629549 0.249041 0.681121
3 0.249729 0.493036 0.387915 0.986073
3 0.29338 0.780318 0.579045 0.429374
4 0.926543 0.240035 0.146914 0.48007
3 0.633751 0.5 0.674135 1
0 0.535521 0.69597 0.206918 0.544459
3 0.68267 0.281379 0.634659 0.562759
0 0.943886 0.214373 0.112228 0.428747
3 0.119543 0.735938 0.236823 0.489453
3 0.569973 0.0417566 0.844475 0.0835132
3 0.943886 0.214373 0.112228 0.428747
3 0.699436 0.370081 0.601128 0.740162
3 0.95588 0.683008 0.0882391 0.625176
4 0.958588 0.254624 0.0828247 0.316087
3 0.154548 0.500924 0.290736 0.998152
0 0.85013 0.764746 0.29974 0.470508
3 0.954953 0.774932 0.0900946 0.450136
3 0.335947 0.498153 0.222949 0.996307
4 0.771756 0.744249 0.424468 0.511502
0 0.0579811 0.815276 0.115962 0.369448
3 0.197538 0.502505 0.195286 0.981681
4 0.716558 0.287334 0.561303 0.571646
3 0.284906 0.182069 0.569813 0.364138
4 0.582487 0.0393665 0.835027 0.078733
3 0.198002 0.202701 0.396003 0.405402
3 0.298742 0.167419 0.291426 0.327283
0 0.153754 0.782652 0.305997 0.431365
4 0.504666 0.751706 0.66564 0.472621
3 0.530588 0.736058 0.506827 0.510859
3 0.950158 0.592953 0.0996843 0.777806
0 0.0794138 0.210532 0.158828 0.415636
3 0.0587313 0.37042 0.117463 0.740839
3 0.160542 0.777528 0.318819 0.441183
3 0.957551 0.536437 0.0848984 0.882837
3 0.0845623 0.202836 0.169125 0.405673
0 0.0141941 0.716547 0.0283882 0.566905
3 0.191563 0.73317 0.38029 0.506766
3 0.0153931 0.464885 0.0307861 0.868304
3 0.0139265 0.770512 0.0278529 0.458975
3 0.507842 0.262339 0.696448 0.524679
3 0.132558 0.641022 0.265115 0.682891
4 0.897845 0.70344 0.20431 0.59312
3 0.793348 0.212035 0.413304 0.42407
0 0.738099 0.333926 0.523802 0.666334
4 0.815853 0.773407 0.368294 0.452533
4 0.651608 0.208413 0.696783 0.416826
0 0.119543 0.735938 0.236823 0.489453
3 0.0791698 0.314301 0.15834 0.623762
4 0.836888 0.725124 0.322095 0.549752
3 0.761325 0.321095 0.47735 0.632194
0 0.945466 0.773521 0.109068 0.452958
3 0.0271128 0.802782 0.0542256 0.394436
4 0.355088 0.771843 0.487489 0.456314
4 0.946092 0.76121 0.107817 0.47758
4 0.451895 0.755375 0.659677 0.489249
3 0.403581 0.584196 0.126842 0.793563
4 0.788334 0.660581 0.423332 0.675544
3 0.607734 0.555338 0.394024 0.871484
0 0.109562 0.799049 0.217658 0.4009
4 0.239941 0.771193 0.466784 0.438441
3 0.0201431 0.792647 0.0402863 0.414706
0 0.0845623 0.202836 0.169125 0.405673
0 0.284906 0.182069 0.569813 0.364138
3 0.367867 0.726419 0.718539 0.537259
3 0.348963 0.534274 0.127777 0.617174
3 0.630614 0.748968 0.577482 0.478501
4 0.178806 0.791421 0.340847 0.417157
4 0.943886 0.214373 0.112228 0.428747
0 0.0201431 0.792647 0.0402863 0.414706
4 0.550874 0.751197 0.639533 0.497607
0 0.607734 0.555338 0.394024 0.871484
4 0.636208 0.0763976 0.727584 0.152795
3 0.607781 0.275239 0.513009 0.546623
4 0.95588 0.683008 0.0882391 0.625176
3 0.00971636 0.62623 0.0194327 0.651971
0 0.0740325 0.785517 0.148065 0.428966
3 0.338302 0.215886 0.367188 0.425771
4 0.0271128 0.802782 0.0542256 0.394436
2 0.957545 0.426096 0.08491 0.664394
4 0.672821 0.750472 0.42539 0.499057
0 0.95588 0.683008 0.0882391 0.625176
2 0.328902 0.741616 0.65532 0.50074
0 0.520235 0.0817873 0.754592 0.163575
4 0.0651111 0.813502 0.130222 0.372996
3 0.0562734 0.70167 0.112547 0.400172
4 0.102503 0.811555 0.203495 0.37689
4 0.945466 0.773521 0.109068 0.452958
0 0.0271128 0.802782 0.0542256 0.394436
4 0.079312 0.219462 0.158624 0.438924
0 0.946092 0.76121 0.107817 0.47758
0 0.444902 0.629549 0.249041 0.681121
4 0.743305 0.241493 0.513391 0.482985
4 0.0845623 0.202836 0.169125 0.405673
4 0.760771 0.497901 0.478459 0.995802
4 0.0122356 0.671146 0.0244713 0.651952
0 0.636804 0.271179 0.515818 0.528517
3 0.333714 0.131918 0.491752 0.263836
0 0.774607 0.508879 0.450786 0.963645
0 0.403581 0.584196 0.126842 0.793563
0 0.0954455 0.204051 0.190891 0.408103
4 0.950158 0.592953 0.0996843 0.777806
0 0.550874 0.751197 0.639533 0.497607
0 0.369323 0.353138 0.425901 0.696844
3 0.0614253 0.77184 0.122851 0.439081
4 0.793348 0.212035 0.413304 0.42407
3 0.520235 0.0817873 0.754592 0.163575
0 0.333714 0.131918 0.491752 0.263836
0 0.191563 0.73317 0.38029 0.506766
0 0.198002 0.202701 0.396003 0.405402
4 0.0201431 0.792647 0.0402863 0.414706
4 0.0153931 0.464885 0.0307861 0.868304
4 0.957545 0.426096 0.08491 0.664394
0 0.45424 0.134755 0.61316 0.269511
0 0.897845 0.70344 0.20431 0.59312
4 0.535521 0.69597 0.206918 0.544459
2 0.507783 0.752831 0.629627 0.484451
0 0.952765 0.519122 0.0944691 0.752352
4 0.507842 0.262339 0.696448 0.524679
4 0.661456 0.495269 0.663223 0.990538
4 0.483848 0.506773 0.302596 0.986453
3 0.229875 0.361506 0.18419 0.702666
4 0.160542 0.777528 0.318819 0.441183
3 0.0651111 0.813502 0.130222 0.372996
0 0.684509 0.5 0.618529 1
4 0.0614253 0.77184 0.122851 0.439081
0 0.836888 0.725124 0.322095 0.549752
0 0.0788205 0.285835 0.157641 0.571671
4 0.0587313 0.37042 0.117463 0.740839
0 0.38639 0.763184 0.588049 0.473632
4 0.0141941 0.716547 0.0283882 0.566905
4 0.338302 0.215886 0.367188 0.425771
0 0.437694 0.596542 0.136155 0.724022
2 0.811866 0.51979 0.376267 0.908777
0 0.0587313 0.37042 0.117463 0.740839
0 0.338302 0.215886 0.367188 0.425771
4 0.327562 0.329655 0.341377 0.641205
4 0.343945 0.771577 0.681053 0.439604
0 0.783539 0.742378 0.414141 0.515244
0 0.0153931 0.464885 0.0307861 0.868304
0 0.0562734 0.70167 0.112547 0.400172
4 0.402189 0.455095 0.0523226 0.362568
0 0.562258 0.280917 0.634879 0.561835
3 0.0954455 0.204051 0.190891 0.408103
4 0.437694 0.596542 0.136155 0.724022
4 0.0954455 0.204051 0.190891 0.408103
4 0.544423 0.504009 0.456631 0.991982
3 0.45424 0.134755 0.61316 0.269511
4 0.433793 0.473201 0.132972 0.559369
4 0.00875926 0.567861 0.0175185 0.651058
0 0.433793 0.473201 0.132972 0.559369
4 0.636804 0.271179 0.515818 0.528517
0 0.483848 0.506773 0.302596 0.986453
0 0.672821 0.750472 0.42539 0.499057
0 0.172249 0.247115 0.340961 0.49423
4 0.418597 0.723128 0.733626 0.541867
4 0.699436 0.370081 0.601128 0.740162
4 0.0791698 0.314301 0.15834 0.623762
4 0.0562734 0.70167 0.112547 0.400172
1 0.504666 0.751706 0.66564 0.472621
4 0.885893 0.554325 0.228214 0.876758
4 0.607734 0.555338 0.394024 0.871484
4 0.119543 0.735938 0.236823 0.489453
4 0.172249 0.247115 0.340961 0.49423
4 0.444902 0.629549 0.249041 0.681121
0 0.205469 0.493341 0.398326 0.986682
2 0.403581 0.584196 0.126842 0.793563
0 0.788334 0.660581 0.423332 0.675544
2 0.237748 0.771321 0.467614 0.446073
2 0.773488 0.754249 0.442272 0.477936
4 0.191563 0.73317 0.38029 0.506766
0 0.178806 0.791421 0.340847 0.417157
2 0.761325 0.321095 0.47735 0.632194
0 0.298742 0.167419 0.291426 0.327283
0 0.308919 0.278546 0.309884 0.544311
1 0.773488 0.754249 0.442272 0.477936
2 0.433793 0.473201 0.132972 0.559369
4 0.333714 0.131918 0.491752 0.263836
2 0.369323 0.353138 0.425901 0.696844
4 0.298742 0.167419 0.291426 0.327283
4 0.520235 0.0817873 0.754592 0.163575
4 0.284364 0.416771 0.264537 0.65675
4 0.213506 0.5 0.295214 1
4 0.512101 0.2889 0.525733 0.563658
0 0.803673 0.325478 0.392655 0.544025
4 0.0805407 0.432749 0.161081 0.865498
0 0.885893 0.554325 0.228214 0.876758
4 0.229875 0.361506 0.18419 0.702666
4 0.277484 0.302289 0.261389 0.600249
4 0.403581 0.584196 0.126842 0.793563
4 0.102014 0.473521 0.202716 0.91865
0 0.544423 0.504009 0.456631 0.991982
2 0.0794262 0.232869 0.158852 0.462984
2 0.625308 0.75622 0.538226 0.459603
4 0.154548 0.500924 0.290736 0.998152
1 0.957551 0.536437 0.0848984 0.882837
2 0.437694 0.596542 0.136155 0.724022
2 0.401979 0.47892 0.0511511 0.27437
2 0.333714 0.131918 0.491752 0.263836
2 0.102503 0.811555 0.203495 0.37689
1 0.945466 0.773521 0.109068 0.452958
2 0.952765 0.519122 0.0944691 0.752352
2 0.954953 0.774932 0.0900946 0.450136
4 0.284906 0.182069 0.569813 0.364138
4 0.205469 0.493341 0.398326 0.986682
0 0.348963 0.534274 0.127777 0.617174
4 0.0920521 0.253934 0.149676 0.497828
1 0.926543 0.240035 0.146914 0.48007
4 0.45424 0.134755 0.61316 0.269511
2 0.833892 0.332343 0.330635 0.510342
2 0.266866 0.484206 0.262384 0.968411
4 0.418391 0.343232 0.562365 0.674466
2 0.284906 0.182069 0.569813 0.364138
1 0.296133 0.274748 0.28581 0.531589
2 0.45424 0.134755 0.61316 0.269511
0 0.0920521 0.253934 0.149676 0.497828
2 0.154548 0.500924 0.290736 0.998152
2 0.338302 0.215886 0.367188 0.425771
2 0.0897402 0.355889 0.152275 0.657876
4 0.198002 0.202701 0.396003 0.405402
2 0.0651111 0.813502 0.130222 0.372996
2 0.335947 0.498153 0.222949 0.996307
4 0.197538 0.502505 0.195286 0.981681
1 0.690599 0.27061 0.556843 0.53796
4 0.266866 0.484206 0.262384 0.968411
2 0.793348 0.212035 0.413304 0.42407
2 0.946092 0.76121 0.107817 0.47758
1 0.761325 0.321095 0.47735 0.632194
3 0.833892 0.332343 0.330635 0.510342
2 0.0803159 0.469676 0.160632 0.939353
2 0.672821 0.750472 0.42539 0.499057
2 0.119543 0.735938 0.236823 0.489453
2 0.249729 0.493036 0.387915 0.986073
2 0.0580548 0.646257 0.11611 0.488072
2 0.699436 0.370081 0.601128 0.740162
2 0.526374 0.296722 0.671901 0.593443
4 0.348963 0.534274 0.127777 0.617174
2 0.00875926 0.567861 0.0175185 0.651058
1 0.766101 0.47767 0.467798 0.932044
1 0.298742 0.167419 0.291426 0.327283
0 0.0805407 0.432749 0.161081 0.865498
0 0.320714 0.372379 0.303485 0.740165
2 0.607734 0.555338 0.394024 0.871484
0 0.266866 0.484206 0.262384 0.968411
1 0.0920521 0.253934 0.149676 0.497828
