0 0.499415 0.547062 0.0707928 0.0911515
0 0.487339 0.550802 0.0950062 0.0938273
0 0.78679 0.758435 0.42642 0.480333
0 0.500731 0.480468 0.0697826 0.248091
0 0.524489 0.556779 0.112555 0.109152
0 0.274783 0.744894 0.512612 0.503248
0 0.504379 0.730909 0.160489 0.455893
0 0.804669 0.295314 0.390662 0.584665
0 0.590609 0.750795 0.283853 0.488208
0 0.382522 0.753212 0.507331 0.490658
4 0.499255 0.540795 0.070829 0.113006
0 0.516306 0.0281881 0.967389 0.0563761
0 0.108333 0.849554 0.216666 0.291305
1 0.499255 0.540795 0.070829 0.113006
0 0.797931 0.499708 0.404137 0.999415
0 0.608174 0.0542481 0.783652 0.108496
0 0.37093 0.0325843 0.738754 0.0651687
3 0.171614 0.451707 0.33952 0.899823
0 0.17457 0.745666 0.348068 0.494941
3 0.457897 0.5 0.772123 1
3 0.639927 0.5 0.720145 1
0 0.317836 0.354471 0.633803 0.708942
0 0.663004 0.113664 0.673991 0.227329
0 0.339131 0.721047 0.385969 0.554312
0 0.234421 0.144805 0.468843 0.289609
0 0.749674 0.256043 0.500651 0.501479
0 0.822966 0.60421 0.354068 0.791579
0 0.127313 0.759395 0.254626 0.468035
0 0.520239 0.541986 0.098226 0.129722
3 0.828306 0.512144 0.343389 0.975713
3 0.306732 0.5 0.613464 1
0 0.904234 0.767033 0.191531 0.465934
3 0.778359 0.281227 0.443283 0.562455
4 0.78679 0.758435 0.42642 0.480333
3 0.866992 0.735824 0.266016 0.528353
0 0.949375 0.75585 0.10125 0.488299
3 0.933689 0.747711 0.132622 0.504578
0 0.770409 0.079162 0.459183 0.158324
0 0.618807 0.243966 0.762386 0.487932
0 0.301672 0.251881 0.590152 0.503762
3 0.795218 0.738414 0.408466 0.523171
0 0.248996 0.689623 0.325478 0.620754
3 0.716306 0.0949306 0.567389 0.189861
4 0.325536 0.74668 0.511492 0.499632
3 0.240116 0.758721 0.425502 0.482558
3 0.94529 0.553233 0.109419 0.861201
3 0.479508 0.748266 0.321324 0.503468
0 0.464585 0.414842 0.144848 0.604863
3 0.60466 0.655 0.384452 0.648189
4 0.804669 0.295314 0.390662 0.584665
3 0.234421 0.144805 0.468843 0.289609
4 0.618807 0.243966 0.762386 0.487932
3 0.397335 0.74583 0.375782 0.508341
3 0.528471 0.48914 0.13843 0.405323
3 0.464585 0.414842 0.144848 0.604863
3 0.34702 0.377011 0.668728 0.754022
0 0.296641 0.559314 0.434565 0.881373
3 0.248996 0.689623 0.325478 0.620754
4 0.537434 0.0314957 0.925131 0.0629913
0 0.29607 0.0644333 0.59214 0.128867
3 0.241136 0.727708 0.474166 0.526761
4 0.749674 0.256043 0.500651 0.501479
4 0.500731 0.480468 0.0697826 0.248091
3 0.339131 0.721047 0.385969 0.554312
3 0.508802 0.0227171 0.940246 0.0454342
3 0.545133 0.746771 0.278677 0.506459
3 0.506834 0.288367 0.940311 0.576733
0 0.946287 0.660165 0.107426 0.674978
3 0.165539 0.235355 0.327985 0.450613
3 0.647814 0.741134 0.293282 0.517733
3 0.147238 0.735848 0.292695 0.469211
3 0.500731 0.480468 0.0697826 0.248091
4 0.822966 0.60421 0.354068 0.791579
0 0.506644 0.225792 0.93648 0.451583
3 0.0290531 0.275544 0.0581062 0.551087
4 0.774461 0.496841 0.451078 0.993682
3 0.826687 0.247875 0.346627 0.49331
3 0.305938 0.738495 0.347143 0.52301
3 0.29607 0.0644333 0.59214 0.128867
3 0.193038 0.806146 0.371597 0.387708
3 0.218897 0.208025 0.435638 0.416051
4 0.34702 0.377011 0.668728 0.754022
3 0.828395 0.754753 0.343211 0.490495
3 0.616089 0.719248 0.361524 0.461823
0 0.401987 0.165081 0.770598 0.330162
4 0.933689 0.747711 0.132622 0.504578
3 0.0305092 0.771504 0.0610183 0.456991
4 0.590609 0.750795 0.283853 0.488208
1 0.500731 0.480468 0.0697826 0.248091
4 0.218363 0.754906 0.433078 0.47874
3 0.713311 0.730023 0.573378 0.514585
4 0.66039 0.497351 0.679221 0.994702
3 0.945064 0.733986 0.109872 0.532028
3 0.0321021 0.814779 0.0642043 0.370441
3 0.755671 0.494839 0.488658 0.989678
3 0.520239 0.541986 0.098226 0.129722
3 0.296641 0.559314 0.434565 0.881373
3 0.618807 0.243966 0.762386 0.487932
3 0.0547179 0.273528 0.109436 0.547056
0 0.0229354 0.687192 0.0458707 0.619207
4 0.677842 0.746999 0.528543 0.493033
3 0.126364 0.830173 0.252728 0.339653
4 0.608174 0.0542481 0.783652 0.108496
3 0.050802 0.373687 0.101604 0.711586
3 0.32483 0.0359523 0.644179 0.0719046
0 0.669382 0.74814 0.493829 0.501804
3 0.925808 0.767218 0.148384 0.465564
0 0.447861 0.242999 0.679815 0.485999
3 0.939315 0.361263 0.121369 0.679366
3 0.0229354 0.687192 0.0458707 0.619207
4 0.158803 0.807121 0.31358 0.385757
0 0.175307 0.505064 0.34496 0.989873
4 0.356038 0.230184 0.655277 0.460368
4 0.487339 0.550802 0.0950062 0.0938273
3 0.135381 0.364674 0.270762 0.609042
3 0.290745 0.107038 0.58149 0.214076
3 0.0361617 0.432108 0.0723233 0.777062
4 0.121448 0.762194 0.242897 0.464698
3 0.216981 0.5 0.428558 1
4 0.866992 0.735824 0.266016 0.528353
4 0.945064 0.733986 0.109872 0.532028
3 0.439328 0.76082 0.397743 0.470437
4 0.401987 0.165081 0.770598 0.330162
4 0.504379 0.730909 0.160489 0.455893
1 0.833731 0.759346 0.332539 0.476722
3 0.411988 0.2297 0.627793 0.4594
0 0.60466 0.655 0.384452 0.648189
3 0.770409 0.079162 0.459183 0.158324
3 0.196048 0.2955 0.387254 0.585802
4 0.475389 0.125811 0.811915 0.251622
0 0.475389 0.125811 0.811915 0.251622
3 0.0284177 0.580729 0.0568353 0.805997
1 0.504379 0.730909 0.160489 0.455893
3 0.630911 0.0710135 0.738179 0.142027
4 0.506834 0.288367 0.940311 0.576733
1 0.115086 0.834491 0.229631 0.322361
4 0.742834 0.738968 0.404473 0.522063
4 0.171614 0.451707 0.33952 0.899823
1 0.168232 0.796297 0.334364 0.396622
0 0.939315 0.361263 0.121369 0.679366
4 0.647814 0.741134 0.293282 0.517733
3 0.584674 0.0414478 0.830651 0.0828955
3 0.301672 0.251881 0.590152 0.503762
2 0.315746 0.744877 0.449969 0.507219
4 0.253586 0.211268 0.502475 0.422535
3 0.931425 0.247564 0.137149 0.495129
2 0.499255 0.540795 0.070829 0.113006
4 0.770409 0.079162 0.459183 0.158324
4 0.448931 0.748805 0.527032 0.488089
0 0.253586 0.211268 0.502475 0.422535
3 0.325536 0.74668 0.511492 0.499632
0 0.405297 0.448689 0.658849 0.897377
4 0.925808 0.767218 0.148384 0.465564
4 0.305938 0.738495 0.347143 0.52301
4 0.663004 0.113664 0.673991 0.227329
3 0.523789 0.759549 0.300725 0.472339
0 0.933689 0.747711 0.132622 0.504578
4 0.457897 0.5 0.772123 1
0 0.931425 0.247564 0.137149 0.495129
0 0.126364 0.830173 0.252728 0.339653
0 0.0279921 0.800417 0.0559842 0.396299
0 0.528471 0.48914 0.13843 0.405323
4 0.0321021 0.814779 0.0642043 0.370441
4 0.415647 0.0381807 0.823855 0.0763615
0 0.290745 0.107038 0.58149 0.214076
4 0.397335 0.74583 0.375782 0.508341
4 0.0229354 0.687192 0.0458707 0.619207
3 0.501271 0.145101 0.848304 0.290202
4 0.464585 0.414842 0.144848 0.604863
4 0.248996 0.689623 0.325478 0.620754
4 0.931425 0.247564 0.137149 0.495129
4 0.0284177 0.580729 0.0568353 0.805997
3 0.68597 0.756583 0.406219 0.47451
4 0.479508 0.748266 0.321324 0.503468
4 0.123872 0.844211 0.246881 0.300699
4 0.234421 0.144805 0.468843 0.289609
4 0.23859 0.280974 0.470561 0.561949
0 0.944117 0.530133 0.111767 0.930055
4 0.306732 0.5 0.613464 1
4 0.216981 0.5 0.428558 1
0 0.0321021 0.814779 0.0642043 0.370441
3 0.104494 0.716054 0.208989 0.441805
4 0.528471 0.48914 0.13843 0.405323
4 0.94529 0.553233 0.109419 0.861201
0 0.866992 0.735824 0.266016 0.528353
0 0.0547179 0.273528 0.109436 0.547056
4 0.545133 0.746771 0.278677 0.506459
4 0.939315 0.361263 0.121369 0.679366
4 0.0361617 0.432108 0.0723233 0.777062
4 0.60466 0.655 0.384452 0.648189
0 0.306732 0.5 0.613464 1
0 0.696841 0.496325 0.606319 0.99265
0 0.0290531 0.275544 0.0581062 0.551087
1 0.677842 0.746999 0.528543 0.493033
4 0.050802 0.373687 0.101604 0.711586
0 0.050802 0.373687 0.101604 0.711586
0 0.0361617 0.432108 0.0723233 0.777062
4 0.524489 0.556779 0.112555 0.109152
0 0.0284177 0.580729 0.0568353 0.805997
4 0.339131 0.721047 0.385969 0.554312
4 0.135381 0.364674 0.270762 0.609042
4 0.296641 0.559314 0.434565 0.881373
4 0.520239 0.541986 0.098226 0.129722
4 0.523789 0.759549 0.300725 0.472339
1 0.231291 0.771259 0.451409 0.44421
4 0.0279921 0.800417 0.0559842 0.396299
4 0.0547179 0.273528 0.109436 0.547056
4 0.0290531 0.275544 0.0581062 0.551087
4 0.29607 0.0644333 0.59214 0.128867
4 0.290745 0.107038 0.58149 0.214076
0 0.207939 0.249774 0.410422 0.491014
2 0.487339 0.550802 0.0950062 0.0938273
1 0.339131 0.721047 0.385969 0.554312
3 0.499255 0.540795 0.070829 0.113006
0 0.104494 0.716054 0.208989 0.441805
3 0.524489 0.556779 0.112555 0.109152
4 0.132073 0.257529 0.264146 0.484126
0 0.545133 0.746771 0.278677 0.506459
0 0.397335 0.74583 0.375782 0.508341
0 0.535572 0.757944 0.349719 0.466587
0 0.479508 0.748266 0.321324 0.503468
3 0.415441 0.18472 0.825308 0.369441
2 0.807037 0.763265 0.385926 0.461375
2 0.11212 0.825414 0.224239 0.349172
0 0.150504 0.414116 0.299925 0.790465
2 0.41366 0.750914 0.528323 0.48408
0 0.796591 0.734546 0.406818 0.530908
0 0.647814 0.741134 0.293282 0.517733
2 0.710692 0.270406 0.578616 0.540813
3 0.504379 0.730909 0.160489 0.455893
1 0.925808 0.767218 0.148384 0.465564
3 0.111998 0.857547 0.223598 0.274655
0 0.240116 0.758721 0.425502 0.482558
1 0.363134 0.748486 0.529472 0.497665
0 0.305938 0.738495 0.347143 0.52301
2 0.296641 0.559314 0.434565 0.881373
2 0.504379 0.730909 0.160489 0.455893
2 0.240992 0.753043 0.476008 0.483158
1 0.579936 0.746523 0.368253 0.492143
0 0.193038 0.806146 0.371597 0.387708
1 0.296641 0.559314 0.434565 0.881373
2 0.925808 0.767218 0.148384 0.465564
2 0.797113 0.255523 0.405775 0.498759
2 0.590609 0.750795 0.283853 0.488208
2 0.939315 0.361263 0.121369 0.679366
2 0.524489 0.556779 0.112555 0.109152
2 0.520239 0.541986 0.098226 0.129722
2 0.22737 0.196703 0.45474 0.393407
2 0.545133 0.746771 0.278677 0.506459
0 0.135381 0.364674 0.270762 0.609042
2 0.742834 0.738968 0.404473 0.522063
2 0.933689 0.747711 0.132622 0.504578
2 0.535572 0.757944 0.349719 0.466587
2 0.0321021 0.814779 0.0642043 0.370441
2 0.944117 0.530133 0.111767 0.930055
1 0.439328 0.76082 0.397743 0.470437
1 0.949375 0.75585 0.10125 0.488299
3 0.487339 0.550802 0.0950062 0.0938273
2 0.647814 0.741134 0.293282 0.517733
1 0.770397 0.746255 0.459207 0.491348
0 0.521347 0.5 0.943281 1
1 0.523789 0.759549 0.300725 0.472339
2 0.397335 0.74583 0.375782 0.508341
2 0.207939 0.249774 0.410422 0.491014
1 0.405297 0.448689 0.658849 0.897377
1 0.171614 0.451707 0.33952 0.899823
2 0.770409 0.079162 0.459183 0.158324
2 0.0305092 0.771504 0.0610183 0.456991
2 0.931425 0.247564 0.137149 0.495129
2 0.479508 0.748266 0.321324 0.503468
1 0.235741 0.244972 0.460169 0.481665
2 0.193038 0.806146 0.371597 0.387708
1 0.322395 0.230168 0.62083 0.460335
2 0.727148 0.728517 0.545703 0.517738
1 0.797113 0.255523 0.405775 0.498759
2 0.832536 0.731761 0.334928 0.536477
2 0.182629 0.709956 0.36122 0.551722
1 0.611066 0.25567 0.777869 0.51134
0 0.132073 0.257529 0.264146 0.484126
1 0.0279921 0.800417 0.0559842 0.396299
2 0.356038 0.230184 0.655277 0.460368
2 0.32483 0.0359523 0.644179 0.0719046
2 0.622897 0.759245 0.453893 0.465211
2 0.234421 0.144805 0.468843 0.289609
1 0.306732 0.5 0.613464 1
2 0.216981 0.5 0.428558 1
1 0.121448 0.762194 0.242897 0.464698
2 0.464585 0.414842 0.144848 0.604863
2 0.946287 0.660165 0.107426 0.674978
2 0.132543 0.445953 0.265087 0.79939
1 0.487339 0.550802 0.0950062 0.0938273
2 0.305938 0.738495 0.347143 0.52301
1 0.152998 0.302497 0.304602 0.567576
2 0.0547179 0.273528 0.109436 0.547056
1 0.524489 0.556779 0.112555 0.109152
2 0.401987 0.165081 0.770598 0.330162
1 0.528471 0.48914 0.13843 0.405323
2 0.495861 0.248545 0.88157 0.49709
1 0.050802 0.373687 0.101604 0.711586
1 0.0241235 0.737746 0.048247 0.524507
0 0.499421 0.54707 0.0708065 0.0911666
0 0.487346 0.550818 0.094963 0.0938573
0 0.787146 0.75861 0.425708 0.479959
0 0.500736 0.480534 0.0697416 0.247973
0 0.524485 0.55683 0.112517 0.109162
0 0.274753 0.744928 0.51137 0.503271
0 0.503966 0.730699 0.160017 0.455504
0 0.80453 0.295201 0.39094 0.584347
0 0.590452 0.750815 0.283487 0.488169
4 0.499261 0.540797 0.0708281 0.112981
0 0.382542 0.753193 0.50574 0.490705
0 0.108408 0.849837 0.216815 0.290739
1 0.499261 0.540797 0.0708281 0.112981
0 0.516327 0.028107 0.967347 0.0562139
0 0.79813 0.499703 0.403739 0.999407
0 0.608159 0.054019 0.783683 0.108038
0 0.370712 0.0328197 0.738371 0.0656394
3 0.171182 0.451557 0.338671 0.899447
3 0.457196 0.499502 0.766369 0.999005
3 0.639701 0.5 0.720598 1
0 0.174071 0.745635 0.347078 0.495063
0 0.318188 0.348597 0.634241 0.697194
0 0.663053 0.112516 0.673895 0.225032
0 0.33932 0.721135 0.385452 0.554296
0 0.233946 0.145836 0.467891 0.291672
0 0.749544 0.256116 0.500912 0.501683
3 0.828334 0.512308 0.343332 0.975383
3 0.307154 0.5 0.614308 1
0 0.520242 0.54202 0.0981792 0.129695
0 0.823045 0.606318 0.35391 0.787365
0 0.1272 0.759419 0.254401 0.46802
3 0.778399 0.28092 0.443202 0.561841
0 0.904284 0.767203 0.191431 0.465594
3 0.866757 0.736142 0.266486 0.527717
4 0.787146 0.75861 0.425708 0.479959
3 0.933624 0.74787 0.132751 0.50426
3 0.795238 0.738862 0.40839 0.522277
0 0.949315 0.755937 0.10137 0.488127
3 0.71644 0.0949611 0.56712 0.189922
4 0.326414 0.746766 0.508198 0.499498
0 0.770509 0.0793324 0.458983 0.158665
0 0.618385 0.244199 0.76323 0.488398
0 0.249613 0.69409 0.316953 0.61182
0 0.302048 0.251055 0.590782 0.50211
3 0.240221 0.758777 0.425467 0.482446
3 0.945206 0.553161 0.109587 0.860797
3 0.479836 0.748526 0.320877 0.502948
3 0.602587 0.658119 0.377856 0.639867
4 0.80453 0.295201 0.39094 0.584347
3 0.233946 0.145836 0.467891 0.291672
3 0.397731 0.745976 0.375594 0.508048
4 0.618385 0.244199 0.76323 0.488398
3 0.528365 0.489734 0.137456 0.40103
0 0.464868 0.414891 0.144202 0.607919
3 0.464868 0.414891 0.144202 0.607919
3 0.249613 0.69409 0.316953 0.61182
4 0.537398 0.0314009 0.925203 0.0628018
3 0.34727 0.370585 0.66812 0.74117
0 0.297352 0.564038 0.432358 0.871924
3 0.240658 0.727804 0.47317 0.526899
4 0.500736 0.480534 0.0697416 0.247973
4 0.749544 0.256116 0.500912 0.501683
3 0.33932 0.721135 0.385452 0.554296
3 0.508926 0.0227004 0.939801 0.0454008
3 0.545092 0.747068 0.278879 0.505864
3 0.506202 0.288326 0.937901 0.576652
0 0.295907 0.0649749 0.591814 0.12995
3 0.165304 0.23536 0.327522 0.450244
3 0.647599 0.741236 0.293903 0.517527
3 0.500736 0.480534 0.0697416 0.247973
3 0.146646 0.735662 0.291523 0.468132
3 0.02917 0.275798 0.05834 0.551595
3 0.826579 0.247905 0.346841 0.49342
4 0.823045 0.606318 0.35391 0.787365
3 0.306097 0.738511 0.346974 0.522978
0 0.946206 0.660421 0.107589 0.674499
4 0.774535 0.496857 0.450929 0.993715
3 0.295907 0.0649749 0.591814 0.12995
0 0.506409 0.223907 0.935166 0.447813
3 0.192777 0.806266 0.37115 0.387468
3 0.218477 0.207822 0.434822 0.415644
3 0.828406 0.754748 0.343188 0.490505
4 0.34727 0.370585 0.66812 0.74117
3 0.0308155 0.771521 0.0616311 0.456957
4 0.590452 0.750815 0.283487 0.488169
3 0.615015 0.718985 0.358597 0.461074
1 0.500736 0.480534 0.0697416 0.247973
4 0.933624 0.74787 0.132751 0.50426
3 0.713486 0.729995 0.573028 0.514423
4 0.218073 0.755019 0.432527 0.478668
0 0.401301 0.165758 0.768591 0.331516
4 0.660536 0.497401 0.678927 0.994802
3 0.944635 0.733898 0.110729 0.532204
3 0.75571 0.494884 0.488579 0.989769
3 0.520242 0.54202 0.0981792 0.129695
3 0.0322666 0.815145 0.0645332 0.369711
3 0.297352 0.564038 0.432358 0.871924
3 0.0538495 0.27365 0.107699 0.547301
3 0.618385 0.244199 0.76323 0.488398
4 0.677476 0.747089 0.527291 0.492739
4 0.608159 0.054019 0.783683 0.108038
3 0.12633 0.830247 0.25266 0.339506
3 0.0512048 0.374353 0.10241 0.712747
3 0.324726 0.0362188 0.644025 0.0724377
3 0.939303 0.35811 0.121394 0.672279
3 0.925653 0.767508 0.148693 0.464984
3 0.0230827 0.687013 0.0461654 0.619779
4 0.158598 0.807314 0.313242 0.385372
0 0.0230827 0.687013 0.0461654 0.619779
3 0.135333 0.367259 0.270665 0.61399
4 0.487346 0.550818 0.094963 0.0938573
4 0.356302 0.230259 0.654492 0.460518
0 0.448175 0.242758 0.676515 0.485516
0 0.668757 0.748192 0.491982 0.501624
3 0.290512 0.107681 0.581024 0.215362
3 0.0363424 0.432163 0.0726849 0.776441
4 0.121038 0.762275 0.242076 0.464738
4 0.866757 0.736142 0.266486 0.527717
0 0.174646 0.505478 0.343629 0.989044
4 0.944635 0.733898 0.110729 0.532204
4 0.401301 0.165758 0.768591 0.331516
4 0.503966 0.730699 0.160017 0.455504
3 0.439582 0.760994 0.397058 0.470087
1 0.833702 0.759589 0.332597 0.476166
3 0.770509 0.0793324 0.458983 0.158665
3 0.412327 0.229638 0.625058 0.459275
3 0.195638 0.296156 0.386472 0.58711
4 0.474829 0.126688 0.808457 0.253376
0 0.501364 0.144673 0.84551 0.289346
3 0.0284995 0.580676 0.056999 0.805378
1 0.503966 0.730699 0.160017 0.455504
3 0.630976 0.0706386 0.738047 0.141277
1 0.115055 0.834735 0.229583 0.321886
0 0.602587 0.658119 0.377856 0.639867
4 0.506202 0.288326 0.937901 0.576652
4 0.742863 0.73921 0.405004 0.521581
4 0.171182 0.451557 0.338671 0.899447
1 0.167867 0.796818 0.333667 0.395596
4 0.647599 0.741236 0.293903 0.517527
3 0.584663 0.0413054 0.830673 0.0826108
3 0.302048 0.251055 0.590782 0.50211
4 0.253405 0.210693 0.502111 0.421386
2 0.316159 0.744887 0.448734 0.507287
3 0.931461 0.247105 0.137078 0.49421
0 0.939303 0.35811 0.121394 0.672279
4 0.770509 0.0793324 0.458983 0.158665
2 0.499261 0.540797 0.0708281 0.112981
4 0.449031 0.748828 0.526985 0.488023
4 0.925653 0.767508 0.148693 0.464984
4 0.306097 0.738511 0.346974 0.522978
4 0.663053 0.112516 0.673895 0.225032
3 0.523822 0.759815 0.300435 0.471756
4 0.457196 0.499502 0.766369 0.999005
0 0.253405 0.210693 0.502111 0.421386
0 0.405743 0.447813 0.655688 0.895626
4 0.0322666 0.815145 0.0645332 0.369711
0 0.933624 0.74787 0.132751 0.50426
4 0.415392 0.038452 0.82351 0.076904
4 0.397731 0.745976 0.375594 0.508048
4 0.0230827 0.687013 0.0461654 0.619779
3 0.501364 0.144673 0.84551 0.289346
0 0.931461 0.247105 0.137078 0.49421
0 0.12633 0.830247 0.25266 0.339506
0 0.528365 0.489734 0.137456 0.40103
0 0.0282556 0.800716 0.0565113 0.395617
4 0.464868 0.414891 0.144202 0.607919
4 0.249613 0.69409 0.316953 0.61182
4 0.931461 0.247105 0.137078 0.49421
0 0.290512 0.107681 0.581024 0.215362
4 0.0284995 0.580676 0.056999 0.805378
3 0.68579 0.756877 0.408289 0.473882
4 0.479836 0.748526 0.320877 0.502948
4 0.238426 0.281971 0.470313 0.563942
4 0.123599 0.844568 0.246337 0.300017
4 0.233946 0.145836 0.467891 0.291672
4 0.307154 0.5 0.614308 1
4 0.528365 0.489734 0.137456 0.40103
3 0.103982 0.714992 0.207963 0.438494
4 0.945206 0.553161 0.109587 0.860797
0 0.944096 0.530286 0.111808 0.928907
4 0.545092 0.747068 0.278879 0.505864
4 0.0363424 0.432163 0.0726849 0.776441
4 0.939303 0.35811 0.121394 0.672279
0 0.0322666 0.815145 0.0645332 0.369711
4 0.602587 0.658119 0.377856 0.639867
0 0.866757 0.736142 0.266486 0.527717
0 0.0538495 0.27365 0.107699 0.547301
0 0.270203 0.5 0.534085 1
3 0.363458 0.748503 0.527405 0.497662
1 0.677476 0.747089 0.527291 0.492739
4 0.0512048 0.374353 0.10241 0.712747
0 0.697077 0.496352 0.605847 0.992705
0 0.02917 0.275798 0.05834 0.551595
4 0.524485 0.55683 0.112517 0.109162
0 0.0512048 0.374353 0.10241 0.712747
0 0.0363424 0.432163 0.0726849 0.776441
4 0.135333 0.367259 0.270665 0.61399
4 0.329848 0.76746 0.370809 0.454668
4 0.297352 0.564038 0.432358 0.871924
4 0.520242 0.54202 0.0981792 0.129695
3 0.401301 0.165758 0.768591 0.331516
0 0.0284995 0.580676 0.056999 0.805378
4 0.523822 0.759815 0.300435 0.471756
1 0.231306 0.771313 0.451465 0.44413
4 0.0282556 0.800716 0.0565113 0.395617
4 0.0538495 0.27365 0.107699 0.547301
4 0.02917 0.275798 0.05834 0.551595
4 0.295907 0.0649749 0.591814 0.12995
4 0.290512 0.107681 0.581024 0.215362
2 0.487346 0.550818 0.094963 0.0938573
1 0.33932 0.721135 0.385452 0.554296
3 0.499261 0.540797 0.0708281 0.112981
3 0.524485 0.55683 0.112517 0.109162
0 0.207784 0.24986 0.410126 0.491067
0 0.103982 0.714992 0.207963 0.438494
4 0.132209 0.257991 0.264418 0.484888
0 0.545092 0.747068 0.278879 0.505864
0 0.397731 0.745976 0.375594 0.508048
0 0.536005 0.75815 0.349183 0.466183
2 0.807186 0.763541 0.385629 0.460828
2 0.11218 0.826001 0.224361 0.347999
0 0.479836 0.748526 0.320877 0.502948
0 0.150412 0.41439 0.299755 0.790658
2 0.413659 0.750937 0.527914 0.484031
2 0.710683 0.270194 0.578633 0.540388
3 0.503966 0.730699 0.160017 0.455504
1 0.925653 0.767508 0.148693 0.464984
3 0.111993 0.857948 0.223587 0.273882
0 0.796678 0.735026 0.406644 0.529948
0 0.647599 0.741236 0.293903 0.517527
1 0.363458 0.748503 0.527405 0.497662
2 0.297352 0.564038 0.432358 0.871924
2 0.503966 0.730699 0.160017 0.455504
2 0.240931 0.753144 0.475902 0.483114
0 0.240221 0.758777 0.425467 0.482446
1 0.579728 0.746555 0.368732 0.492047
1 0.297352 0.564038 0.432358 0.871924
0 0.306097 0.738511 0.346974 0.522978
2 0.925653 0.767508 0.148693 0.464984
2 0.796885 0.255566 0.40623 0.498933
2 0.590452 0.750815 0.283487 0.488169
0 0.192777 0.806266 0.37115 0.387468
2 0.939303 0.35811 0.121394 0.672279
2 0.524485 0.55683 0.112517 0.109162
2 0.520242 0.54202 0.0981792 0.129695
2 0.226354 0.1962 0.452708 0.3924
2 0.545092 0.747068 0.278879 0.505864
2 0.742863 0.73921 0.405004 0.521581
2 0.933624 0.74787 0.132751 0.50426
2 0.536005 0.75815 0.349183 0.466183
2 0.944096 0.530286 0.111808 0.928907
2 0.0322666 0.815145 0.0645332 0.369711
0 0.135333 0.367259 0.270665 0.61399
1 0.439582 0.760994 0.397058 0.470087
1 0.949315 0.755937 0.10137 0.488127
3 0.487346 0.550818 0.094963 0.0938573
2 0.647599 0.741236 0.293903 0.517527
1 0.770382 0.746386 0.459236 0.490915
1 0.523822 0.759815 0.300435 0.471756
2 0.397731 0.745976 0.375594 0.508048
2 0.207784 0.24986 0.410126 0.491067
1 0.405743 0.447813 0.655688 0.895626
0 0.5214 0.5 0.94178 1
1 0.171182 0.451557 0.338671 0.899447
2 0.770509 0.0793324 0.458983 0.158665
2 0.0308155 0.771521 0.0616311 0.456957
2 0.931461 0.247105 0.137078 0.49421
2 0.479836 0.748526 0.320877 0.502948
1 0.235688 0.244959 0.46012 0.48155
2 0.192777 0.806266 0.37115 0.387468
2 0.727088 0.72838 0.545824 0.517849
1 0.322662 0.230054 0.621147 0.460108
2 0.832485 0.732147 0.335031 0.535707
1 0.796885 0.255566 0.40623 0.498933
2 0.181774 0.710281 0.359525 0.551339
1 0.610981 0.255587 0.778039 0.511174
1 0.195638 0.296156 0.386472 0.58711
1 0.0282556 0.800716 0.0565113 0.395617
2 0.324726 0.0362188 0.644025 0.0724377
2 0.356302 0.230259 0.654492 0.460518
2 0.622329 0.75949 0.452146 0.464701
0 0.132209 0.257991 0.264418 0.484888
2 0.233946 0.145836 0.467891 0.291672
2 0.21474 0.5 0.424098 1
1 0.307154 0.5 0.614308 1
1 0.121038 0.762275 0.242076 0.464738
2 0.946206 0.660421 0.107589 0.674499
2 0.464868 0.414891 0.144202 0.607919
2 0.132511 0.445727 0.265022 0.797553
1 0.487346 0.550818 0.094963 0.0938573
2 0.306097 0.738511 0.346974 0.522978
2 0.0538495 0.27365 0.107699 0.547301
1 0.524485 0.55683 0.112517 0.109162
1 0.528365 0.489734 0.137456 0.40103
2 0.401301 0.165758 0.768591 0.331516
1 0.165304 0.23536 0.327522 0.450244
1 0.0512048 0.374353 0.10241 0.712747
2 0.494695 0.248474 0.87806 0.496948
1 0.0242387 0.737635 0.0484774 0.524731
2 0.663053 0.112516 0.673895 0.225032
