0 0.571872 0.698397 0.290455 0.359469
1 0.565539 0.701055 0.295989 0.379956
0 0.882708 0.50994 0.116528 0.079655
0 0.683847 0.721674 0.529295 0.364027
0 0.881844 0.456508 0.118725 0.185596
0 0.836688 0.786276 0.326625 0.422193
0 0.553123 0.755309 0.329625 0.418082
2 0.566463 0.70574 0.29576 0.365275
0 0.908921 0.509918 0.177949 0.0785465
4 0.565539 0.701055 0.295989 0.379956
0 0.0233107 0.260824 0.0466213 0.521647
0 0.252329 0.748901 0.396557 0.502199
3 0.629679 0.761157 0.420954 0.434548
0 0.540834 0.0283979 0.912686 0.0567958
0 0.573035 0.754138 0.316028 0.491725
4 0.629679 0.761157 0.420954 0.434548
0 0.205474 0.689873 0.395233 0.386969
3 0.528113 0.4388 0.417807 0.877599
0 0.894946 0.366987 0.144551 0.404234
0 0.350321 0.761451 0.595237 0.452579
0 0.894716 0.730514 0.191235 0.519568
3 0.911171 0.420493 0.177657 0.517935
2 0.683847 0.721674 0.529295 0.364027
3 0.87886 0.340527 0.165177 0.551001
0 0.187525 0.216406 0.37505 0.432812
3 0.731031 0.771528 0.511627 0.456945
3 0.829085 0.711092 0.242386 0.501017
0 0.399209 0.761348 0.444444 0.477303
3 0.692706 0.484907 0.537033 0.961865
2 0.882708 0.50994 0.116528 0.079655
3 0.199533 0.627531 0.393665 0.614511
0 0.396286 0.03444 0.784572 0.06888
0 0.508528 0.766055 0.362748 0.467891
3 0.81035 0.616376 0.270647 0.613608
3 0.894483 0.337568 0.211034 0.675136
0 0.0307073 0.29182 0.0614147 0.574416
3 0.882708 0.50994 0.116528 0.079655
3 0.913332 0.5312 0.173337 0.125425
0 0.66535 0.0348989 0.669301 0.0697978
3 0.163822 0.539586 0.325714 0.813052
0 0.483599 0.276616 0.815622 0.553231
4 0.573035 0.754138 0.316028 0.491725
3 0.602464 0.309655 0.752781 0.619311
3 0.277333 0.5 0.338013 1
3 0.572378 0.70957 0.282932 0.378298
3 0.20279 0.682024 0.391205 0.408124
3 0.738976 0.280452 0.522049 0.560904
3 0.33492 0.781102 0.352479 0.437796
3 0.247016 0.787456 0.396791 0.425087
4 0.882708 0.50994 0.116528 0.079655
3 0.832371 0.776228 0.331219 0.447544
3 0.479422 0.365522 0.522999 0.731044
3 0.808053 0.370969 0.383878 0.729259
0 0.4916 0.115823 0.884798 0.231647
4 0.683847 0.721674 0.529295 0.364027
3 0.894946 0.366987 0.144551 0.404234
3 0.909136 0.46244 0.170556 0.196628
3 0.352226 0.498718 0.351847 0.997436
3 0.387783 0.432048 0.544061 0.864095
0 0.913332 0.5312 0.173337 0.125425
3 0.635848 0.390677 0.620802 0.781354
3 0.919141 0.381386 0.161718 0.704869
0 0.778049 0.063907 0.443902 0.127814
4 0.881844 0.456508 0.118725 0.185596
3 0.882247 0.46087 0.120319 0.177384
3 0.916957 0.780082 0.166087 0.439836
3 0.709738 0.0649567 0.580523 0.129913
3 0.634286 0.0258744 0.731427 0.0517489
3 0.179924 0.721535 0.358893 0.550567
3 0.506397 0.0277028 0.949129 0.0554056
3 0.440473 0.777679 0.447376 0.444641
3 0.905783 0.730983 0.188433 0.538034
3 0.908921 0.509918 0.177949 0.0785465
3 0.203113 0.281517 0.356682 0.563035
3 0.681015 0.0460864 0.637969 0.0921727
3 0.585499 0.761983 0.352718 0.476033
3 0.319115 0.0340455 0.634341 0.068091
0 0.504774 0.185432 0.810513 0.370863
3 0.307023 0.471445 0.492507 0.942889
3 0.286759 0.790029 0.378185 0.419942
0 0.164636 0.764778 0.328176 0.456561
3 0.915206 0.471541 0.169588 0.246987
0 0.0813135 0.831389 0.162627 0.326069
3 0.172508 0.80896 0.324401 0.38208
0 0.100368 0.779787 0.200737 0.426465
3 0.34452 0.728102 0.249155 0.543797
4 0.553428 0.0272167 0.885405 0.0544334
4 0.731031 0.771528 0.511627 0.456945
3 0.213154 0.481577 0.398373 0.963153
0 0.829085 0.711092 0.242386 0.501017
0 0.895071 0.784279 0.209857 0.431442
0 0.257504 0.203241 0.515008 0.406482
1 0.837833 0.775879 0.324333 0.440013
4 0.832371 0.776228 0.331219 0.447544
3 0.721214 0.361237 0.557573 0.722473
3 0.265723 0.726895 0.335541 0.546209
3 0.302872 0.250992 0.559426 0.501983
0 0.199533 0.627531 0.393665 0.614511
0 0.0645602 0.428333 0.128694 0.826616
3 0.0218569 0.770397 0.0437139 0.459206
3 0.136017 0.446495 0.26915 0.872166
0 0.285533 0.0451367 0.571067 0.0902734
4 0.0225083 0.262156 0.0450167 0.51948
3 0.12759 0.834506 0.2532 0.330987
4 0.214478 0.748999 0.417685 0.493471
0 0.0365661 0.270112 0.0731322 0.540225
2 0.548232 0.759189 0.286475 0.481623
4 0.508528 0.766055 0.362748 0.467891
0 0.0238443 0.399778 0.0476887 0.778699
3 0.825211 0.160493 0.349578 0.320987
4 0.440473 0.777679 0.447376 0.444641
3 0.432458 0.773762 0.555637 0.437763
3 0.498052 0.277819 0.805323 0.555638
3 0.610703 0.452382 0.379732 0.904765
3 0.022494 0.494661 0.0449881 0.951134
4 0.66535 0.0348989 0.669301 0.0697978
4 0.33492 0.781102 0.352479 0.437796
3 0.0302771 0.812252 0.0605542 0.375497
4 0.87886 0.340527 0.165177 0.551001
3 0.0232556 0.654481 0.0465112 0.691037
4 0.187525 0.216406 0.37505 0.432812
0 0.911171 0.420493 0.177657 0.517935
3 0.42844 0.281555 0.553112 0.563109
4 0.553123 0.755309 0.329625 0.418082
0 0.194895 0.468604 0.379713 0.843182
0 0.534097 0.289351 0.5723 0.578702
4 0.894946 0.366987 0.144551 0.404234
4 0.547863 0.277357 0.834906 0.554715
4 0.916957 0.780082 0.166087 0.439836
0 0.122738 0.826589 0.244384 0.338361
2 0.881844 0.456508 0.118725 0.185596
2 0.837853 0.771129 0.324294 0.448986
3 0.508528 0.766055 0.362748 0.467891
4 0.778049 0.063907 0.443902 0.127814
0 0.916957 0.780082 0.166087 0.439836
4 0.528113 0.4388 0.417807 0.877599
0 0.919141 0.381386 0.161718 0.704869
3 0.683847 0.721674 0.529295 0.364027
4 0.419468 0.0323982 0.83187 0.0647964
0 0.603635 0.323432 0.502611 0.646863
0 0.825211 0.160493 0.349578 0.320987
3 0.0365661 0.270112 0.0731322 0.540225
4 0.163822 0.539586 0.325714 0.813052
3 0.306187 0.748233 0.537125 0.503535
0 0.87886 0.340527 0.165177 0.551001
4 0.905783 0.730983 0.188433 0.538034
1 0.141301 0.826264 0.278917 0.336124
0 0.551607 0.430113 0.47504 0.860226
4 0.731256 0.409579 0.533173 0.819159
0 0.909136 0.46244 0.170556 0.196628
3 0.141406 0.773137 0.281873 0.44323
4 0.247016 0.787456 0.396791 0.425087
3 0.504774 0.185432 0.810513 0.370863
3 0.603635 0.323432 0.502611 0.646863
4 0.919141 0.381386 0.161718 0.704869
4 0.629596 0.340436 0.740808 0.680872
1 0.683847 0.721674 0.529295 0.364027
1 0.882708 0.50994 0.116528 0.079655
4 0.4916 0.115823 0.884798 0.231647
3 0.523361 0.285944 0.534022 0.571887
0 0.144017 0.27219 0.281753 0.543678
0 0.0232556 0.654481 0.0465112 0.691037
3 0.248301 0.235259 0.402373 0.469992
4 0.100368 0.779787 0.200737 0.426465
0 0.636715 0.47117 0.527954 0.94234
3 0.257504 0.203241 0.515008 0.406482
4 0.554656 0.288617 0.590472 0.577235
0 0.728858 0.740448 0.539107 0.499089
4 0.286759 0.790029 0.378185 0.419942
3 0.144017 0.27219 0.281753 0.543678
0 0.440473 0.777679 0.447376 0.444641
3 0.0692732 0.488815 0.138546 0.905552
4 0.479422 0.365522 0.522999 0.731044
3 0.4916 0.115823 0.884798 0.231647
4 0.504774 0.185432 0.810513 0.370863
1 0.0225083 0.262156 0.0450167 0.51948
3 0.870175 0.780782 0.259649 0.438436
4 0.911171 0.420493 0.177657 0.517935
3 0.201727 0.800782 0.387016 0.398435
4 0.20279 0.682024 0.391205 0.408124
4 0.0302771 0.812252 0.0605542 0.375497
4 0.825211 0.160493 0.349578 0.320987
3 0.23681 0.759586 0.457714 0.458486
4 0.432458 0.773762 0.555637 0.437763
4 0.410752 0.270355 0.821503 0.540709
4 0.219333 0.242226 0.404013 0.484453
0 0.0224062 0.507396 0.0448123 0.96604
4 0.0232556 0.654481 0.0465112 0.691037
4 0.172508 0.80896 0.324401 0.38208
4 0.199533 0.627531 0.393665 0.614511
4 0.836092 0.732303 0.312223 0.520135
0 0.431027 0.261867 0.535959 0.523733
1 0.728858 0.740448 0.539107 0.499089
4 0.141406 0.773137 0.281873 0.44323
4 0.302872 0.250992 0.559426 0.501983
4 0.636715 0.47117 0.527954 0.94234
3 0.0233107 0.260824 0.0466213 0.521647
4 0.431027 0.261867 0.535959 0.523733
2 0.306187 0.748233 0.537125 0.503535
0 0.593443 0.671303 0.303049 0.470292
4 0.122738 0.826589 0.244384 0.338361
0 0.33492 0.781102 0.352479 0.437796
0 0.286759 0.790029 0.378185 0.419942
0 0.201727 0.800782 0.387016 0.398435
4 0.306187 0.748233 0.537125 0.503535
0 0.0236747 0.800795 0.0473493 0.39841
4 0.0365661 0.270112 0.0731322 0.540225
0 0.629596 0.340436 0.740808 0.680872
4 0.0218569 0.770397 0.0437139 0.459206
0 0.731256 0.409579 0.533173 0.819159
1 0.805225 0.715141 0.27866 0.552276
3 0.187525 0.216406 0.37505 0.432812
0 0.118022 0.433984 0.234054 0.867967
4 0.738976 0.280452 0.522049 0.560904
4 0.808053 0.370969 0.383878 0.729259
4 0.0692732 0.488815 0.138546 0.905552
4 0.307023 0.471445 0.492507 0.942889
0 0.247016 0.787456 0.396791 0.425087
0 0.0302771 0.812252 0.0605542 0.375497
4 0.387783 0.432048 0.544061 0.864095
4 0.0224062 0.507396 0.0448123 0.96604
0 0.34452 0.728102 0.249155 0.543797
4 0.593443 0.671303 0.303049 0.470292
4 0.913332 0.5312 0.173337 0.125425
1 0.186748 0.776324 0.36839 0.433518
1 0.0813135 0.831389 0.162627 0.326069
1 0.881844 0.456508 0.118725 0.185596
0 0.479422 0.365522 0.522999 0.731044
4 0.894483 0.337568 0.211034 0.675136
4 0.257504 0.203241 0.515008 0.406482
2 0.886972 0.730333 0.226056 0.517935
1 0.894946 0.366987 0.144551 0.404234
4 0.870175 0.780782 0.259649 0.438436
4 0.175115 0.285122 0.32224 0.570244
0 0.302872 0.250992 0.559426 0.501983
1 0.0307073 0.29182 0.0614147 0.574416
4 0.285533 0.0451367 0.571067 0.0902734
0 0.808053 0.370969 0.383878 0.729259
1 0.894716 0.730514 0.191235 0.519568
4 0.909136 0.46244 0.170556 0.196628
3 0.0307073 0.29182 0.0614147 0.574416
4 0.115053 0.27931 0.226147 0.558619
0 0.738976 0.280452 0.522049 0.560904
4 0.0813135 0.831389 0.162627 0.326069
4 0.908921 0.509918 0.177949 0.0785465
0 0.191748 0.251259 0.338874 0.501638
0 0.146928 0.824258 0.285034 0.351485
4 0.118022 0.433984 0.234054 0.867967
2 0.440473 0.777679 0.447376 0.444641
2 0.214544 0.721029 0.421093 0.451068
2 0.576469 0.440909 0.353581 0.881819
0 0.915206 0.471541 0.169588 0.246987
0 0.073933 0.541154 0.147866 0.902263
4 0.610703 0.452382 0.379732 0.904765
4 0.915206 0.471541 0.169588 0.246987
2 0.0645602 0.428333 0.128694 0.826616
4 0.0238443 0.399778 0.0476887 0.778699
3 0.100368 0.779787 0.200737 0.426465
4 0.0307073 0.29182 0.0614147 0.574416
2 0.265723 0.726895 0.335541 0.546209
0 0.894483 0.337568 0.211034 0.675136
2 0.141406 0.773137 0.281873 0.44323
4 0.199134 0.491872 0.388543 0.983744
0 0.307023 0.471445 0.492507 0.942889
1 0.593443 0.671303 0.303049 0.470292
1 0.118022 0.433984 0.234054 0.867967
0 0.387783 0.432048 0.544061 0.864095
0 0.248301 0.235259 0.402373 0.469992
2 0.12759 0.834506 0.2532 0.330987
2 0.0229316 0.259696 0.0458632 0.519392
1 0.399209 0.761348 0.444444 0.477303
1 0.115053 0.27931 0.226147 0.558619
3 0.0813135 0.831389 0.162627 0.326069
4 0.34452 0.728102 0.249155 0.543797
4 0.265723 0.726895 0.335541 0.546209
4 0.277333 0.5 0.338013 1
2 0.931883 0.34712 0.136235 0.659806
2 0.916957 0.780082 0.166087 0.439836
2 0.907013 0.704196 0.185975 0.470624
1 0.175115 0.285122 0.32224 0.570244
1 0.0238443 0.399778 0.0476887 0.778699
2 0.0307073 0.29182 0.0614147 0.574416
2 0.419956 0.769053 0.576304 0.420423
2 0.553123 0.755309 0.329625 0.418082
1 0.528113 0.4388 0.417807 0.877599
2 0.431027 0.261867 0.535959 0.523733
2 0.0365661 0.270112 0.0731322 0.540225
2 0.680262 0.487538 0.43533 0.958886
1 0.249387 0.756768 0.484314 0.462367
1 0.100368 0.779787 0.200737 0.426465
3 0.553123 0.755309 0.329625 0.418082
1 0.914932 0.757538 0.170136 0.484924
2 0.201727 0.800782 0.387016 0.398435
0 0.277333 0.5 0.338013 1
4 0.352226 0.498718 0.351847 0.997436
2 0.805225 0.715141 0.27866 0.552276
1 0.0365661 0.270112 0.0731322 0.540225
2 0.778049 0.063907 0.443902 0.127814
2 0.172508 0.80896 0.324401 0.38208
1 0.553123 0.755309 0.329625 0.418082
0 0.571883 0.698403 0.290487 0.359443
1 0.565543 0.701071 0.29597 0.379961
0 0.882729 0.509945 0.116582 0.0796432
0 0.683895 0.721704 0.529426 0.363931
0 0.881854 0.456544 0.118784 0.185499
0 0.836685 0.78631 0.32663 0.422161
2 0.566468 0.705764 0.295724 0.365289
0 0.554073 0.755271 0.327704 0.418007
0 0.908912 0.509944 0.177985 0.0785508
4 0.565543 0.701071 0.29597 0.379961
0 0.023306 0.260848 0.046612 0.521696
0 0.251496 0.749006 0.397536 0.501989
3 0.629946 0.761188 0.4215 0.434545
0 0.540717 0.0282189 0.913007 0.0564378
0 0.572972 0.754108 0.315878 0.491785
4 0.629946 0.761188 0.4215 0.434545
3 0.528024 0.438822 0.41863 0.877643
0 0.205442 0.688966 0.3952 0.383905
0 0.894932 0.366835 0.144586 0.404965
0 0.349296 0.761495 0.594352 0.452611
0 0.894713 0.730491 0.191201 0.519602
3 0.911169 0.420808 0.177651 0.518606
2 0.683895 0.721704 0.529426 0.363931
3 0.878845 0.340669 0.164754 0.55017
0 0.187847 0.215555 0.375693 0.43111
3 0.731086 0.771549 0.511398 0.456903
3 0.829151 0.711084 0.242202 0.500849
3 0.692302 0.484728 0.536048 0.961371
2 0.882729 0.509945 0.116582 0.0796432
0 0.398416 0.761387 0.444348 0.477227
3 0.199677 0.631428 0.393911 0.597358
3 0.810217 0.616408 0.270763 0.613447
3 0.894527 0.3377 0.210946 0.6754
0 0.396211 0.0344349 0.78454 0.0688699
3 0.882729 0.509945 0.116582 0.0796432
0 0.508838 0.766072 0.361955 0.467856
3 0.913305 0.531411 0.17339 0.125744
3 0.164829 0.540344 0.327726 0.805933
0 0.0307171 0.29248 0.0614341 0.575539
0 0.665084 0.0350581 0.669832 0.0701161
4 0.572972 0.754108 0.315878 0.491785
3 0.603142 0.309398 0.750477 0.618796
0 0.484019 0.274445 0.815212 0.548891
3 0.277091 0.5 0.338395 1
3 0.57237 0.709549 0.282944 0.378296
3 0.202835 0.680523 0.391336 0.403111
3 0.738877 0.27997 0.522246 0.559939
3 0.334575 0.781078 0.351098 0.437843
3 0.246601 0.787394 0.396107 0.425212
3 0.832376 0.776264 0.331196 0.447472
4 0.882729 0.509945 0.116582 0.0796432
3 0.479596 0.362622 0.523629 0.725243
3 0.808618 0.371325 0.382629 0.730177
4 0.683895 0.721704 0.529426 0.363931
3 0.894932 0.366835 0.144586 0.404965
3 0.909141 0.462546 0.170574 0.196611
3 0.352321 0.49841 0.350987 0.996821
3 0.387921 0.429798 0.543708 0.859596
3 0.91914 0.381187 0.161721 0.70452
3 0.635994 0.388913 0.616062 0.777827
4 0.881854 0.456544 0.118784 0.185499
0 0.491913 0.111101 0.884924 0.222201
3 0.882265 0.460882 0.120333 0.177324
3 0.709533 0.0650765 0.580935 0.130153
3 0.63425 0.0258106 0.731501 0.0516212
3 0.917127 0.780009 0.165747 0.439983
0 0.913305 0.531411 0.17339 0.125744
3 0.194508 0.456929 0.383758 0.88021
0 0.77803 0.063963 0.443941 0.127926
3 0.180644 0.724093 0.360331 0.545756
3 0.506138 0.0276835 0.949333 0.0553669
3 0.440679 0.777732 0.44654 0.444536
3 0.905782 0.731013 0.188436 0.537975
3 0.203379 0.281281 0.356791 0.562563
3 0.680708 0.0462357 0.638584 0.0924714
3 0.58543 0.761972 0.352483 0.476056
3 0.908912 0.509944 0.177985 0.0785508
3 0.318859 0.0340776 0.634179 0.0681552
3 0.30704 0.470214 0.493366 0.940428
3 0.286111 0.790011 0.37785 0.419978
3 0.915191 0.47166 0.169618 0.246858
0 0.505154 0.177379 0.810507 0.354759
0 0.164945 0.764796 0.328801 0.456537
3 0.17236 0.809102 0.324124 0.381796
3 0.344395 0.728099 0.249317 0.543803
0 0.0814594 0.831459 0.162919 0.325949
4 0.553625 0.0270353 0.885402 0.0540706
4 0.731086 0.771549 0.511398 0.456903
0 0.101061 0.779879 0.202123 0.426277
3 0.721234 0.361375 0.557532 0.72275
4 0.832376 0.776264 0.331196 0.447472
3 0.264503 0.726914 0.33793 0.546172
1 0.837832 0.77595 0.324337 0.439891
3 0.302475 0.250846 0.55818 0.501692
0 0.829151 0.711084 0.242202 0.500849
0 0.895594 0.78431 0.208813 0.43138
0 0.25724 0.201827 0.514481 0.403654
3 0.136876 0.446128 0.270877 0.871281
3 0.0220682 0.770469 0.0441363 0.459063
0 0.199677 0.631428 0.393911 0.597358
4 0.023306 0.260848 0.046612 0.521696
4 0.214388 0.74929 0.417587 0.493232
3 0.127605 0.834609 0.25322 0.330782
0 0.0645625 0.428312 0.128714 0.826338
0 0.285222 0.0451569 0.570443 0.0903138
2 0.548259 0.759191 0.286267 0.481619
4 0.508838 0.766072 0.361955 0.467856
0 0.0366905 0.270303 0.0733809 0.540605
3 0.825541 0.160232 0.348918 0.320465
4 0.440679 0.777732 0.44654 0.444536
0 0.602632 0.294384 0.794736 0.588767
3 0.43217 0.773844 0.556225 0.43779
3 0.498364 0.277023 0.804174 0.554046
3 0.610615 0.452426 0.379826 0.904852
0 0.0238483 0.399821 0.0476967 0.778579
3 0.0225532 0.494711 0.0451063 0.951121
4 0.665084 0.0350581 0.669832 0.0701161
4 0.334575 0.781078 0.351098 0.437843
3 0.0304272 0.812209 0.0608545 0.375583
4 0.878845 0.340669 0.164754 0.55017
3 0.0234322 0.654829 0.0468644 0.690343
4 0.187847 0.215555 0.375693 0.43111
4 0.554073 0.755271 0.327704 0.418007
3 0.428796 0.281289 0.552407 0.562577
4 0.894932 0.366835 0.144586 0.404965
0 0.19515 0.468568 0.380245 0.83825
4 0.548028 0.277237 0.834291 0.554474
0 0.911169 0.420808 0.177651 0.518606
4 0.917127 0.780009 0.165747 0.439983
0 0.535924 0.289458 0.568097 0.578917
2 0.837858 0.771043 0.324284 0.449228
2 0.881854 0.456544 0.118784 0.185499
4 0.77803 0.063963 0.443941 0.127926
3 0.508838 0.766072 0.361955 0.467856
4 0.528024 0.438822 0.41863 0.877643
3 0.683895 0.721704 0.529426 0.363931
0 0.122766 0.826813 0.244435 0.33796
4 0.419301 0.032467 0.831929 0.064934
3 0.0366905 0.270303 0.0733809 0.540605
4 0.164829 0.540344 0.327726 0.805933
0 0.917127 0.780009 0.165747 0.439983
3 0.304937 0.748327 0.536212 0.503346
0 0.91914 0.381187 0.161721 0.70452
4 0.905782 0.731013 0.188436 0.537975
1 0.141447 0.826564 0.279182 0.335589
0 0.825541 0.160232 0.348918 0.320465
3 0.141602 0.773153 0.282261 0.443242
4 0.73132 0.40972 0.532752 0.81944
4 0.246601 0.787394 0.396107 0.425212
0 0.878845 0.340669 0.164754 0.55017
3 0.505154 0.177379 0.810507 0.354759
0 0.551858 0.429461 0.475758 0.858922
4 0.91914 0.381187 0.161721 0.70452
4 0.629285 0.340837 0.741431 0.681675
3 0.603771 0.322088 0.499989 0.644175
1 0.683895 0.721704 0.529426 0.363931
0 0.909141 0.462546 0.170574 0.196611
4 0.491913 0.111101 0.884924 0.222201
1 0.882729 0.509945 0.116582 0.0796432
3 0.524276 0.285919 0.53229 0.571838
4 0.468715 0.225458 0.862961 0.450917
4 0.101061 0.779879 0.202123 0.426277
3 0.248337 0.235007 0.401742 0.469226
3 0.25724 0.201827 0.514481 0.403654
0 0.636069 0.471095 0.524959 0.942189
0 0.144495 0.272161 0.282681 0.543694
4 0.55615 0.28874 0.586383 0.57748
0 0.0234322 0.654829 0.0468644 0.690343
3 0.144495 0.272161 0.282681 0.543694
4 0.286111 0.790011 0.37785 0.419978
3 0.069655 0.48841 0.13931 0.903708
4 0.479596 0.362622 0.523629 0.725243
0 0.728911 0.740473 0.538938 0.499115
3 0.491913 0.111101 0.884924 0.222201
0 0.440679 0.777732 0.44654 0.444536
3 0.870391 0.780829 0.259218 0.438343
1 0.0225004 0.262187 0.0450008 0.519579
3 0.201281 0.800831 0.38607 0.398339
4 0.202835 0.680523 0.391336 0.403111
4 0.911169 0.420808 0.177651 0.518606
4 0.825541 0.160232 0.348918 0.320465
4 0.0304272 0.812209 0.0608545 0.375583
3 0.236693 0.759413 0.457509 0.458961
4 0.43217 0.773844 0.556225 0.43779
4 0.218933 0.241866 0.402837 0.483731
4 0.0234322 0.654829 0.0468644 0.690343
4 0.199677 0.631428 0.393911 0.597358
4 0.17236 0.809102 0.324124 0.381796
4 0.83608 0.732323 0.312148 0.52008
1 0.728911 0.740473 0.538938 0.499115
4 0.141602 0.773153 0.282261 0.443242
0 0.0225206 0.507524 0.0450413 0.965879
4 0.302475 0.250846 0.55818 0.501692
0 0.43166 0.261402 0.534575 0.522803
4 0.636069 0.471095 0.524959 0.942189
3 0.023306 0.260848 0.046612 0.521696
4 0.43166 0.261402 0.534575 0.522803
2 0.304937 0.748327 0.536212 0.503346
4 0.122766 0.826813 0.244435 0.33796
4 0.304937 0.748327 0.536212 0.503346
0 0.593477 0.671498 0.303098 0.470035
4 0.0366905 0.270303 0.0733809 0.540605
0 0.334575 0.781078 0.351098 0.437843
0 0.286111 0.790011 0.37785 0.419978
4 0.0220682 0.770469 0.0441363 0.459063
1 0.805241 0.715319 0.278144 0.552058
3 0.187847 0.215555 0.375693 0.43111
0 0.201281 0.800831 0.38607 0.398339
0 0.0238756 0.800867 0.0477513 0.398266
4 0.738877 0.27997 0.522246 0.559939
0 0.73132 0.40972 0.532752 0.81944
4 0.808618 0.371325 0.382629 0.730177
4 0.069655 0.48841 0.13931 0.903708
4 0.30704 0.470214 0.493366 0.940428
0 0.118616 0.434216 0.235242 0.868432
4 0.387921 0.429798 0.543708 0.859596
4 0.0225206 0.507524 0.0450413 0.965879
0 0.246601 0.787394 0.396107 0.425212
4 0.913305 0.531411 0.17339 0.125744
4 0.593477 0.671498 0.303098 0.470035
0 0.0304272 0.812209 0.0608545 0.375583
1 0.186822 0.77627 0.368536 0.433669
1 0.0814594 0.831459 0.162919 0.325949
0 0.344395 0.728099 0.249317 0.543803
1 0.881854 0.456544 0.118784 0.185499
4 0.894527 0.3377 0.210946 0.6754
4 0.25724 0.201827 0.514481 0.403654
2 0.886944 0.730318 0.226113 0.517969
0 0.479596 0.362622 0.523629 0.725243
1 0.894932 0.366835 0.144586 0.404965
4 0.870391 0.780829 0.259218 0.438343
4 0.175505 0.284973 0.322725 0.569947
0 0.302475 0.250846 0.55818 0.501692
1 0.0307171 0.29248 0.0614341 0.575539
4 0.285222 0.0451569 0.570443 0.0903138
1 0.894713 0.730491 0.191201 0.519602
4 0.909141 0.462546 0.170574 0.196611
3 0.0307171 0.29248 0.0614341 0.575539
4 0.115518 0.2794 0.227065 0.5588
0 0.808618 0.371325 0.382629 0.730177
4 0.0814594 0.831459 0.162919 0.325949
4 0.908912 0.509944 0.177985 0.0785508
0 0.738877 0.27997 0.522246 0.559939
2 0.440679 0.777732 0.44654 0.444536
4 0.118616 0.434216 0.235242 0.868432
2 0.576529 0.44092 0.354177 0.881839
2 0.21445 0.720432 0.421002 0.449177
0 0.191974 0.25112 0.338773 0.501185
4 0.194508 0.456929 0.383758 0.88021
0 0.147009 0.824388 0.285135 0.351225
4 0.610615 0.452426 0.379826 0.904852
4 0.915191 0.47166 0.169618 0.246858
0 0.915191 0.47166 0.169618 0.246858
4 0.0238483 0.399821 0.0476967 0.778579
3 0.101061 0.779879 0.202123 0.426277
2 0.0645625 0.428312 0.128714 0.826338
4 0.0307171 0.29248 0.0614341 0.575539
0 0.07441 0.543348 0.14882 0.897959
2 0.264503 0.726914 0.33793 0.546172
2 0.186822 0.77627 0.368536 0.433669
1 0.593477 0.671498 0.303098 0.470035
1 0.118616 0.434216 0.235242 0.868432
2 0.127605 0.834609 0.25322 0.330782
0 0.894527 0.3377 0.210946 0.6754
0 0.30704 0.470214 0.493366 0.940428
2 0.0229316 0.259717 0.0458632 0.519434
1 0.398416 0.761387 0.444348 0.477227
1 0.115518 0.2794 0.227065 0.5588
3 0.0814594 0.831459 0.162919 0.325949
0 0.387921 0.429798 0.543708 0.859596
0 0.248337 0.235007 0.401742 0.469226
4 0.344395 0.728099 0.249317 0.543803
4 0.277091 0.5 0.338395 1
2 0.931864 0.347007 0.136273 0.660018
2 0.917127 0.780009 0.165747 0.439983
2 0.907023 0.703504 0.185955 0.469155
1 0.175505 0.284973 0.322725 0.569947
1 0.0238483 0.399821 0.0476967 0.778579
2 0.0307171 0.29248 0.0614341 0.575539
2 0.419643 0.769086 0.576988 0.420355
2 0.43166 0.261402 0.534575 0.522803
1 0.528024 0.438822 0.41863 0.877643
2 0.679706 0.487608 0.434399 0.958761
1 0.249003 0.756682 0.483725 0.462652
2 0.0366905 0.270303 0.0733809 0.540605
1 0.101061 0.779879 0.202123 0.426277
3 0.554073 0.755271 0.327704 0.418007
1 0.915049 0.757637 0.169902 0.484727
4 0.352321 0.49841 0.350987 0.996821
2 0.805241 0.715319 0.278144 0.552058
2 0.17236 0.809102 0.324124 0.381796
1 0.0366905 0.270303 0.0733809 0.540605
1 0.554073 0.755271 0.327704 0.418007
2 0.77803 0.063963 0.443941 0.127926
2 0.728911 0.740473 0.538938 0.499115
0 0.277091 0.5 0.338395 1
2 0.344395 0.728099 0.249317 0.543803
1 0.187847 0.215555 0.375693 0.43111
4 0.810217 0.616408 0.270763 0.613447
2 0.334575 0.781078 0.351098 0.437843
