0 0.811492 0.767558 0.377016 0.457841
0 0.553578 0.516957 0.0438425 0.0625535
0 0.556799 0.45845 0.0432636 0.1971
0 0.553864 0.847862 0.434032 0.296449
0 0.872949 0.426686 0.151804 0.544402
0 0.524806 0.513983 0.0675547 0.0634297
0 0.574447 0.525784 0.0927872 0.0911986
0 0.580106 0.745072 0.413733 0.505045
3 0.770959 0.509836 0.397419 0.980328
0 0.561196 0.494135 0.0614733 0.387749
0 0.468844 0.850455 0.584713 0.287336
0 0.417193 0.761382 0.693549 0.458294
0 0.885347 0.510937 0.180946 0.720866
0 0.605488 0.745596 0.25404 0.480211
0 0.80985 0.645268 0.3803 0.689936
0 0.550869 0.585306 0.0623176 0.17779
0 0.247113 0.759003 0.47824 0.468605
0 0.530409 0.604832 0.086631 0.220008
0 0.739892 0.757879 0.464045 0.473294
0 0.643394 0.753775 0.363581 0.486873
0 0.57466 0.495427 0.0850948 0.261139
3 0.478013 0.645009 0.106092 0.358001
3 0.567048 0.384324 0.315424 0.768648
3 0.914705 0.726761 0.17059 0.528054
3 0.453211 0.620373 0.139402 0.542838
0 0.92612 0.782282 0.14776 0.435437
3 0.5089 0.530495 0.136002 0.535098
3 0.4983 0.389778 0.341898 0.779557
3 0.375614 0.518514 0.322131 0.949758
3 0.747356 0.380894 0.375203 0.72477
0 0.528735 0.461455 0.0804301 0.193914
3 0.942769 0.812909 0.114462 0.374182
3 0.295271 0.308494 0.311934 0.608373
3 0.623415 0.563199 0.236282 0.794965
3 0.299588 0.789514 0.552244 0.420972
3 0.528735 0.461455 0.0804301 0.193914
3 0.217202 0.783615 0.420312 0.432771
3 0.43578 0.828039 0.566393 0.343923
3 0.422292 0.361415 0.505645 0.72283
3 0.305017 0.518862 0.318123 0.962277
3 0.328535 0.377623 0.299649 0.755245
3 0.524806 0.513983 0.0675547 0.0634297
3 0.676098 0.376983 0.392454 0.718545
3 0.260835 0.377099 0.304408 0.708126
3 0.216369 0.318219 0.326923 0.616115
3 0.135489 0.329691 0.264471 0.619304
3 0.786261 0.349689 0.427478 0.699377
3 0.524754 0.386705 0.498573 0.773411
3 0.854737 0.384063 0.165813 0.638568
0 0.069508 0.818708 0.139016 0.351526
3 0.154649 0.727503 0.308753 0.512928
4 0.556799 0.45845 0.0432636 0.1971
3 0.353756 0.576352 0.257056 0.823461
3 0.69236 0.31165 0.615281 0.623301
0 0.883787 0.756627 0.232426 0.486746
4 0.553864 0.847862 0.434032 0.296449
3 0.232188 0.53396 0.355265 0.932079
3 0.341348 0.344167 0.401284 0.683047
3 0.795933 0.760824 0.386552 0.478353
3 0.749765 0.20949 0.50047 0.418981
0 0.632829 0.128304 0.734343 0.256609
3 0.152503 0.260003 0.305005 0.520005
0 0.0139778 0.424543 0.0279556 0.48444
3 0.234236 0.600045 0.452753 0.796719
4 0.81194 0.756628 0.37612 0.48164
3 0.236515 0.246532 0.47303 0.493063
4 0.942769 0.812909 0.114462 0.374182
3 0.926081 0.345798 0.147838 0.669367
3 0.733667 0.752774 0.462051 0.476185
3 0.867941 0.301411 0.264118 0.602822
3 0.854127 0.749183 0.291747 0.501634
3 0.580662 0.82618 0.436502 0.347641
3 0.122558 0.806848 0.244034 0.386304
0 0.457469 0.732972 0.185293 0.502603
3 0.92612 0.782282 0.14776 0.435437
3 0.576508 0.550774 0.098023 0.510446
0 0.576508 0.550774 0.098023 0.510446
4 0.553578 0.516957 0.0438425 0.0625535
3 0.898168 0.367574 0.203665 0.70702
3 0.530409 0.604832 0.086631 0.220008
3 0.367373 0.704702 0.258242 0.573608
0 0.69236 0.31165 0.615281 0.623301
4 0.914705 0.726761 0.17059 0.528054
0 0.47635 0.0312814 0.906469 0.0625628
3 0.922304 0.55584 0.155392 0.579909
3 0.643394 0.753775 0.363581 0.486873
0 0.0741503 0.126551 0.148301 0.253102
3 0.632829 0.128304 0.734343 0.256609
3 0.122349 0.22402 0.244698 0.437728
0 0.914705 0.726761 0.17059 0.528054
0 0.942769 0.812909 0.114462 0.374182
3 0.0866208 0.426422 0.173242 0.496628
3 0.590161 0.0317351 0.79188 0.0634702
3 0.663994 0.7657 0.341329 0.4686
3 0.867799 0.770246 0.264403 0.456649
0 0.854127 0.749183 0.291747 0.501634
3 0.452544 0.240075 0.584938 0.480149
1 0.813141 0.756099 0.373717 0.485457
0 0.367373 0.704702 0.258242 0.573608
3 0.0741503 0.126551 0.148301 0.253102
3 0.314989 0.0714921 0.629977 0.142984
3 0.51019 0.84533 0.506237 0.30934
0 0.0168077 0.561085 0.0336154 0.751205
0 0.014528 0.513274 0.029056 0.639823
3 0.417196 0.176826 0.600948 0.353652
3 0.925143 0.44497 0.149714 0.515392
3 0.288364 0.730127 0.539495 0.512527
3 0.122521 0.473128 0.232686 0.644432
3 0.620548 0.0492916 0.758903 0.0985831
0 0.793204 0.0976568 0.413592 0.195314
3 0.155135 0.523865 0.29226 0.798761
3 0.657668 0.362905 0.646897 0.72581
0 0.854737 0.384063 0.165813 0.638568
3 0.550869 0.585306 0.0623176 0.17779
4 0.854127 0.749183 0.291747 0.501634
0 0.105142 0.791203 0.210098 0.405397
3 0.356997 0.0573909 0.713995 0.114782
3 0.273444 0.181921 0.546887 0.363688
0 0.786374 0.521207 0.427252 0.956071
3 0.19753 0.762735 0.394407 0.457
0 0.620548 0.0492916 0.758903 0.0985831
3 0.0625701 0.345386 0.12514 0.650754
0 0.580662 0.82618 0.436502 0.347641
0 0.166712 0.780441 0.332569 0.425586
4 0.92612 0.782282 0.14776 0.435437
4 0.883787 0.756627 0.232426 0.486746
4 0.105142 0.791203 0.210098 0.405397
4 0.811578 0.604257 0.376843 0.774914
4 0.580662 0.82618 0.436502 0.347641
4 0.739892 0.757879 0.464045 0.473294
0 0.749765 0.20949 0.50047 0.418981
3 0.578414 0.768927 0.455754 0.445751
3 0.793204 0.0976568 0.413592 0.195314
0 0.478013 0.645009 0.106092 0.358001
0 0.394489 0.0437155 0.788978 0.087431
4 0.643394 0.753775 0.363581 0.486873
3 0.40793 0.0393915 0.815859 0.078783
0 0.657668 0.362905 0.646897 0.72581
3 0.0168077 0.561085 0.0336154 0.751205
4 0.580106 0.745072 0.413733 0.505045
3 0.239435 0.10852 0.47887 0.21704
0 0.080532 0.816288 0.161064 0.367424
3 0.457469 0.732972 0.185293 0.502603
4 0.663994 0.7657 0.341329 0.4686
3 0.0503979 0.385445 0.100796 0.597383
3 0.811578 0.604257 0.376843 0.774914
3 0.0199833 0.301086 0.0399667 0.602172
4 0.510404 0.760669 0.527042 0.461766
3 0.553578 0.516957 0.0438425 0.0625535
0 0.0226592 0.70425 0.0453185 0.591499
3 0.023618 0.767758 0.0472361 0.464485
3 0.561196 0.494135 0.0614733 0.387749
4 0.867344 0.426799 0.139117 0.543712
4 0.0328311 0.828824 0.0656621 0.342352
0 0.0279479 0.245544 0.0558958 0.491089
4 0.561196 0.494135 0.0614733 0.387749
4 0.481686 0.843836 0.54138 0.312328
0 0.925143 0.44497 0.149714 0.515392
0 0.758515 0.364378 0.386751 0.712407
3 0.0279479 0.245544 0.0558958 0.491089
3 0.0328311 0.828824 0.0656621 0.342352
3 0.0226592 0.70425 0.0453185 0.591499
4 0.217202 0.783615 0.420312 0.432771
4 0.393957 0.760743 0.718975 0.457895
4 0.166712 0.780441 0.332569 0.425586
0 0.314989 0.0714921 0.629977 0.142984
3 0.0471844 0.661586 0.0943688 0.517145
3 0.014528 0.513274 0.029056 0.639823
3 0.0139778 0.424543 0.0279556 0.48444
3 0.0792917 0.185552 0.158583 0.347698
3 0.1361 0.121596 0.2722 0.243193
4 0.299588 0.789514 0.552244 0.420972
4 0.0139778 0.424543 0.0279556 0.48444
4 0.080532 0.816288 0.161064 0.367424
2 0.553578 0.516957 0.0438425 0.0625535
3 0.57466 0.495427 0.0850948 0.261139
0 0.0195195 0.308004 0.0390391 0.616007
0 0.336333 0.728864 0.475224 0.516104
4 0.662831 0.282737 0.674338 0.565474
0 0.0596351 0.758579 0.11927 0.458822
2 0.457469 0.732972 0.185293 0.502603
1 0.556799 0.45845 0.0432636 0.1971
2 0.811492 0.767558 0.377016 0.457841
3 0.605488 0.745596 0.25404 0.480211
0 0.0279798 0.809832 0.0559596 0.380336
4 0.237628 0.758638 0.466737 0.46805
4 0.452544 0.240075 0.584938 0.480149
0 0.867941 0.301411 0.264118 0.602822
0 0.239435 0.10852 0.47887 0.21704
4 0.417196 0.176826 0.600948 0.353652
0 0.0328311 0.828824 0.0656621 0.342352
2 0.556799 0.45845 0.0432636 0.1971
3 0.516044 0.740479 0.513122 0.519042
3 0.872949 0.426686 0.151804 0.544402
4 0.122558 0.806848 0.244034 0.386304
3 0.384812 0.786722 0.688267 0.417982
4 0.531178 0.026994 0.821389 0.0539881
0 0.122558 0.806848 0.244034 0.386304
4 0.885347 0.510937 0.180946 0.720866
4 0.632829 0.128304 0.734343 0.256609
3 0.080532 0.816288 0.161064 0.367424
0 0.922304 0.55584 0.155392 0.579909
4 0.0741503 0.126551 0.148301 0.253102
0 0.289254 0.630262 0.382544 0.734528
4 0.711847 0.350657 0.576306 0.701314
3 0.574447 0.525784 0.0927872 0.0911986
3 0.0596351 0.758579 0.11927 0.458822
4 0.069508 0.818708 0.139016 0.351526
3 0.0417076 0.422503 0.0834152 0.416743
4 0.793204 0.0976568 0.413592 0.195314
4 0.0199833 0.301086 0.0399667 0.602172
4 0.475925 0.380418 0.491185 0.760835
4 0.26218 0.239662 0.52436 0.479325
0 0.417196 0.176826 0.600948 0.353652
1 0.550294 0.851915 0.444377 0.290921
3 0.105142 0.791203 0.210098 0.405397
1 0.159383 0.788757 0.313393 0.413566
3 0.896022 0.585205 0.207956 0.829589
2 0.561782 0.843997 0.430394 0.304214
4 0.620548 0.0492916 0.758903 0.0985831
4 0.0279479 0.245544 0.0558958 0.491089
4 0.0279798 0.809832 0.0559596 0.380336
4 0.749765 0.20949 0.50047 0.418981
0 0.663994 0.7657 0.341329 0.4686
4 0.568845 0.363456 0.671508 0.726912
0 0.1361 0.121596 0.2722 0.243193
0 0.299588 0.789514 0.552244 0.420972
3 0.069508 0.818708 0.139016 0.351526
0 0.0417076 0.422503 0.0834152 0.416743
2 0.530409 0.604832 0.086631 0.220008
1 0.550869 0.585306 0.0623176 0.17779
4 0.576508 0.550774 0.098023 0.510446
4 0.867941 0.301411 0.264118 0.602822
4 0.40793 0.0393915 0.815859 0.078783
4 0.0596351 0.758579 0.11927 0.458822
0 0.43578 0.828039 0.566393 0.343923
0 0.217202 0.783615 0.420312 0.432771
0 0.0471844 0.661586 0.0943688 0.517145
4 0.528735 0.461455 0.0804301 0.193914
4 0.0189967 0.620967 0.0379935 0.716079
0 0.475925 0.380418 0.491185 0.760835
0 0.236515 0.246532 0.47303 0.493063
4 0.315115 0.166113 0.582027 0.332226
0 0.5089 0.530495 0.136002 0.535098
4 0.014528 0.513274 0.029056 0.639823
2 0.237628 0.758638 0.466737 0.46805
2 0.393774 0.739103 0.734916 0.513726
0 0.452544 0.240075 0.584938 0.480149
2 0.336333 0.728864 0.475224 0.516104
1 0.553578 0.516957 0.0438425 0.0625535
4 0.295271 0.308494 0.311934 0.608373
0 0.453211 0.620373 0.139402 0.542838
2 0.516044 0.740479 0.513122 0.519042
0 0.926081 0.345798 0.147838 0.669367
0 0.372433 0.342569 0.460066 0.685138
1 0.872949 0.426686 0.151804 0.544402
4 0.372433 0.342569 0.460066 0.685138
4 0.524806 0.513983 0.0675547 0.0634297
4 0.0226592 0.70425 0.0453185 0.591499
4 0.187798 0.274089 0.375597 0.548178
3 0.556799 0.45845 0.0432636 0.1971
0 0.353756 0.576352 0.257056 0.823461
4 0.574447 0.525784 0.0927872 0.0911986
2 0.524806 0.513983 0.0675547 0.0634297
1 0.561196 0.494135 0.0614733 0.387749
4 0.758515 0.364378 0.386751 0.712407
2 0.216369 0.318219 0.326923 0.616115
0 0.224545 0.572272 0.446827 0.846642
3 0.0411116 0.556526 0.0822232 0.459348
4 0.20638 0.557346 0.41053 0.863846
4 0.4983 0.389778 0.341898 0.779557
4 0.457469 0.732972 0.185293 0.502603
4 0.858682 0.357374 0.200207 0.697759
4 0.367373 0.704702 0.258242 0.573608
4 0.5089 0.530495 0.136002 0.535098
2 0.295271 0.308494 0.311934 0.608373
4 0.926081 0.345798 0.147838 0.669367
4 0.122349 0.22402 0.244698 0.437728
4 0.0792917 0.185552 0.158583 0.347698
0 0.273444 0.181921 0.546887 0.363688
0 0.122349 0.22402 0.244698 0.437728
4 0.0503979 0.385445 0.100796 0.597383
2 0.613518 0.375131 0.673493 0.750262
0 0.295271 0.308494 0.311934 0.608373
4 0.1361 0.121596 0.2722 0.243193
2 0.57466 0.495427 0.0850948 0.261139
2 0.367373 0.704702 0.258242 0.573608
4 0.57466 0.495427 0.0850948 0.261139
2 0.92612 0.782282 0.14776 0.435437
4 0.922304 0.55584 0.155392 0.579909
2 0.236515 0.246532 0.47303 0.493063
2 0.942769 0.812909 0.114462 0.374182
4 0.314989 0.0714921 0.629977 0.142984
0 0.216369 0.318219 0.326923 0.616115
4 0.0471844 0.661586 0.0943688 0.517145
4 0.0396449 0.457878 0.0792898 0.377801
4 0.239435 0.10852 0.47887 0.21704
4 0.356997 0.0573909 0.713995 0.114782
2 0.550869 0.585306 0.0623176 0.17779
4 0.623415 0.563199 0.236282 0.794965
0 0.811541 0.76759 0.376919 0.45781
0 0.553598 0.516947 0.0438257 0.0625541
0 0.556814 0.458541 0.043232 0.196938
0 0.554007 0.84789 0.43363 0.296441
0 0.872884 0.426673 0.151619 0.544184
0 0.524813 0.51397 0.0675341 0.0634356
0 0.574467 0.525782 0.092765 0.091125
0 0.580056 0.745093 0.413575 0.505022
3 0.771014 0.509946 0.397153 0.980109
0 0.561225 0.494137 0.0614063 0.387584
0 0.469186 0.850447 0.583805 0.287387
0 0.885042 0.507106 0.180158 0.712848
0 0.417378 0.761319 0.69302 0.458444
0 0.604438 0.745469 0.252118 0.48013
0 0.809931 0.641755 0.380139 0.697093
0 0.550907 0.585344 0.0623014 0.177949
0 0.246999 0.759004 0.47796 0.468682
0 0.530418 0.605132 0.0866291 0.220625
0 0.739656 0.757876 0.464007 0.473406
0 0.642918 0.753763 0.36418 0.486992
0 0.574699 0.495679 0.0850363 0.261269
3 0.478036 0.645272 0.106187 0.358485
3 0.566961 0.384421 0.31507 0.768842
3 0.914584 0.726959 0.170831 0.527748
3 0.453385 0.620609 0.139016 0.542482
3 0.508938 0.530532 0.135823 0.534514
3 0.498338 0.389848 0.341422 0.779695
0 0.926129 0.782267 0.147743 0.435466
3 0.375888 0.518819 0.321496 0.948661
3 0.747513 0.381327 0.374871 0.725295
3 0.942796 0.812878 0.114408 0.374243
3 0.295429 0.30901 0.311278 0.609297
0 0.528733 0.461502 0.0803876 0.193765
3 0.623164 0.564445 0.235265 0.790957
3 0.298865 0.789773 0.550328 0.420455
3 0.528733 0.461502 0.0803876 0.193765
3 0.216734 0.783885 0.419103 0.43223
3 0.435995 0.828206 0.565342 0.343589
3 0.422533 0.361466 0.504692 0.722932
3 0.305012 0.519146 0.31773 0.961708
3 0.328471 0.377776 0.299496 0.755553
3 0.524813 0.51397 0.0675341 0.0634356
3 0.676089 0.377279 0.391592 0.718747
3 0.261099 0.377576 0.303342 0.708431
3 0.216379 0.318603 0.325957 0.616469
3 0.135346 0.330108 0.264252 0.619623
3 0.786453 0.349678 0.427094 0.699357
3 0.524912 0.386775 0.497825 0.77355
3 0.855141 0.384362 0.16475 0.637613
3 0.155004 0.727577 0.309461 0.512663
4 0.556814 0.458541 0.043232 0.196938
3 0.353748 0.578003 0.256661 0.820198
0 0.0694695 0.818664 0.138939 0.351627
3 0.692594 0.312298 0.614812 0.624597
4 0.554007 0.84789 0.43363 0.296441
3 0.232381 0.534483 0.354561 0.931034
3 0.341432 0.344652 0.401193 0.684025
3 0.79589 0.760809 0.386266 0.478382
3 0.749894 0.210327 0.500212 0.420653
0 0.88366 0.756606 0.23268 0.486788
3 0.15224 0.260285 0.30448 0.520569
0 0.633016 0.13046 0.733968 0.260919
3 0.234169 0.600728 0.45265 0.795542
3 0.236273 0.247145 0.472546 0.49429
4 0.812 0.756642 0.376 0.481713
4 0.942796 0.812878 0.114408 0.374243
3 0.926015 0.345941 0.14797 0.669524
3 0.733073 0.752777 0.462974 0.47617
3 0.86821 0.30145 0.263579 0.6029
3 0.85428 0.748947 0.291439 0.502106
3 0.580648 0.826199 0.436523 0.347602
3 0.122425 0.80693 0.24378 0.38614
3 0.926129 0.782267 0.147743 0.435466
0 0.0140524 0.425438 0.0281048 0.489093
3 0.576562 0.550803 0.097875 0.510117
4 0.553598 0.516947 0.0438257 0.0625541
3 0.898148 0.367646 0.203703 0.706921
0 0.4574 0.733019 0.186203 0.502716
3 0.530418 0.605132 0.0866291 0.220625
0 0.576562 0.550803 0.097875 0.510117
3 0.367403 0.704954 0.258051 0.573343
4 0.914584 0.726959 0.170831 0.527748
3 0.922308 0.555271 0.155384 0.578171
3 0.642918 0.753763 0.36418 0.486992
3 0.633016 0.13046 0.733968 0.260919
3 0.122266 0.224279 0.244532 0.437454
0 0.692594 0.312298 0.614812 0.624597
3 0.0867498 0.426642 0.1735 0.497411
0 0.476149 0.0313508 0.906087 0.0627015
3 0.590351 0.0319036 0.791539 0.0638072
3 0.664133 0.765712 0.340893 0.468576
3 0.867694 0.770252 0.264611 0.456706
0 0.0735292 0.126685 0.147058 0.25337
0 0.914584 0.726959 0.170831 0.527748
3 0.452613 0.241401 0.584608 0.482803
1 0.813184 0.756125 0.373633 0.485479
0 0.942796 0.812878 0.114408 0.374243
3 0.0735292 0.126685 0.147058 0.25337
3 0.314803 0.0725246 0.629606 0.145049
3 0.510511 0.84534 0.505302 0.309321
0 0.85428 0.748947 0.291439 0.502106
0 0.367403 0.704954 0.258051 0.573343
3 0.417237 0.177435 0.600196 0.35487
3 0.925058 0.444921 0.149884 0.514643
3 0.288606 0.730184 0.539869 0.512526
3 0.122553 0.473769 0.232758 0.644904
3 0.620664 0.0497442 0.758671 0.0994883
3 0.155123 0.523902 0.292044 0.79647
3 0.65795 0.36296 0.646259 0.725921
0 0.0168488 0.560591 0.0336975 0.75225
3 0.550907 0.585344 0.0623014 0.177949
4 0.85428 0.748947 0.291439 0.502106
0 0.0145904 0.513021 0.0291807 0.642018
3 0.356943 0.0580492 0.713886 0.116098
3 0.273381 0.182182 0.546763 0.364196
3 0.197541 0.762702 0.394443 0.457111
0 0.793338 0.0975948 0.413324 0.19519
3 0.0626816 0.34552 0.125363 0.650941
0 0.855141 0.384362 0.16475 0.637613
0 0.105137 0.79097 0.210094 0.405869
4 0.926129 0.782267 0.147743 0.435466
0 0.786716 0.52171 0.426568 0.955159
4 0.88366 0.756606 0.23268 0.486788
4 0.105137 0.79097 0.210094 0.405869
0 0.620664 0.0497442 0.758671 0.0994883
0 0.580648 0.826199 0.436523 0.347602
3 0.394522 0.0440616 0.789044 0.0881233
4 0.811657 0.603765 0.376687 0.775946
4 0.580648 0.826199 0.436523 0.347602
0 0.166754 0.780101 0.332665 0.426286
3 0.578267 0.769137 0.45568 0.445386
4 0.739656 0.757876 0.464007 0.473406
3 0.793338 0.0975948 0.413324 0.19519
4 0.642918 0.753763 0.36418 0.486992
0 0.749894 0.210327 0.500212 0.420653
0 0.478036 0.645272 0.106187 0.358485
3 0.0168488 0.560591 0.0336975 0.75225
4 0.580056 0.745093 0.413575 0.505022
0 0.394522 0.0440616 0.789044 0.0881233
3 0.238817 0.109282 0.477634 0.218564
0 0.0158519 0.374556 0.0317037 0.504751
0 0.65795 0.36296 0.646259 0.725921
3 0.4574 0.733019 0.186203 0.502716
4 0.664133 0.765712 0.340893 0.468576
3 0.0505262 0.385425 0.101052 0.598419
3 0.811657 0.603765 0.376687 0.775946
0 0.0804427 0.81635 0.160885 0.3673
3 0.0200383 0.300947 0.0400766 0.601895
3 0.553598 0.516947 0.0438257 0.0625541
4 0.510497 0.760402 0.526793 0.462311
3 0.0236648 0.767709 0.0473295 0.464581
4 0.867312 0.426791 0.139013 0.543496
3 0.561225 0.494137 0.0614063 0.387584
4 0.0328488 0.828778 0.0656976 0.342445
4 0.561225 0.494137 0.0614063 0.387584
4 0.482026 0.84385 0.540589 0.3123
0 0.0227022 0.704352 0.0454043 0.591296
3 0.0328488 0.828778 0.0656976 0.342445
3 0.0279242 0.244353 0.0558484 0.488707
0 0.0279242 0.244353 0.0558484 0.488707
3 0.0227022 0.704352 0.0454043 0.591296
0 0.758728 0.364387 0.386076 0.712484
0 0.925058 0.444921 0.149884 0.514643
4 0.394078 0.760789 0.718493 0.45783
4 0.216734 0.783885 0.419103 0.43223
4 0.166754 0.780101 0.332665 0.426286
3 0.0473001 0.661656 0.0946003 0.51517
3 0.0145904 0.513021 0.0291807 0.642018
3 0.0140524 0.425438 0.0281048 0.489093
3 0.0792022 0.184764 0.158404 0.345674
3 0.134889 0.121741 0.269778 0.243482
4 0.298865 0.789773 0.550328 0.420455
4 0.0140524 0.425438 0.0281048 0.489093
0 0.314803 0.0725246 0.629606 0.145049
4 0.0804427 0.81635 0.160885 0.3673
3 0.574699 0.495679 0.0850363 0.261269
2 0.553598 0.516947 0.0438257 0.0625541
4 0.663095 0.284186 0.67381 0.568373
3 0.604438 0.745469 0.252118 0.48013
4 0.237398 0.758647 0.466305 0.468097
2 0.4574 0.733019 0.186203 0.502716
2 0.811541 0.76759 0.376919 0.45781
1 0.556814 0.458541 0.043232 0.196938
4 0.452613 0.241401 0.584608 0.482803
0 0.356943 0.0580492 0.713886 0.116098
0 0.33625 0.728893 0.476623 0.516164
0 0.0196223 0.308096 0.0392446 0.616193
0 0.0597825 0.758614 0.119565 0.458791
4 0.417237 0.177435 0.600196 0.35487
0 0.0280156 0.809814 0.0560313 0.380371
2 0.556814 0.458541 0.043232 0.196938
0 0.86821 0.30145 0.263579 0.6029
0 0.238817 0.109282 0.477634 0.218564
3 0.515582 0.740561 0.513815 0.518878
3 0.872884 0.426673 0.151619 0.544184
4 0.122425 0.80693 0.24378 0.38614
3 0.38519 0.786898 0.687236 0.41771
4 0.531286 0.0271054 0.820692 0.0542108
4 0.885042 0.507106 0.180158 0.712848
3 0.0158519 0.374556 0.0317037 0.504751
0 0.0328488 0.828778 0.0656976 0.342445
3 0.0804427 0.81635 0.160885 0.3673
4 0.633016 0.13046 0.733968 0.260919
4 0.0735292 0.126685 0.147058 0.25337
4 0.712172 0.350665 0.575656 0.70133
3 0.574467 0.525782 0.092765 0.091125
3 0.0597825 0.758614 0.119565 0.458791
4 0.0694695 0.818664 0.138939 0.351627
0 0.122425 0.80693 0.24378 0.38614
3 0.0418542 0.422361 0.0837085 0.417315
4 0.793338 0.0975948 0.413324 0.19519
0 0.289169 0.631017 0.382599 0.733184
4 0.0200383 0.300947 0.0400766 0.601895
4 0.476191 0.38048 0.490482 0.76096
4 0.262028 0.240327 0.524055 0.480654
3 0.105137 0.79097 0.210094 0.405869
0 0.922308 0.555271 0.155384 0.578171
1 0.550537 0.851923 0.443811 0.290941
1 0.159172 0.78891 0.312926 0.413309
2 0.56187 0.844084 0.430185 0.304071
3 0.896044 0.58524 0.207913 0.82952
4 0.0158519 0.374556 0.0317037 0.504751
4 0.620664 0.0497442 0.758671 0.0994883
4 0.0279242 0.244353 0.0558484 0.488707
0 0.417237 0.177435 0.600196 0.35487
4 0.0280156 0.809814 0.0560313 0.380371
0 0.896044 0.58524 0.207913 0.82952
4 0.749894 0.210327 0.500212 0.420653
3 0.0694695 0.818664 0.138939 0.351627
4 0.56899 0.363931 0.67087 0.727862
2 0.530418 0.605132 0.0866291 0.220625
1 0.550907 0.585344 0.0623014 0.177949
0 0.664133 0.765712 0.340893 0.468576
0 0.298865 0.789773 0.550328 0.420455
0 0.134889 0.121741 0.269778 0.243482
4 0.576562 0.550803 0.097875 0.510117
0 0.0418542 0.422361 0.0837085 0.417315
4 0.86821 0.30145 0.263579 0.6029
4 0.407927 0.0395553 0.815853 0.0791105
4 0.0597825 0.758614 0.119565 0.458791
4 0.528733 0.461502 0.0803876 0.193765
4 0.0190423 0.620942 0.0380846 0.716204
4 0.314877 0.166312 0.581492 0.332625
4 0.0145904 0.513021 0.0291807 0.642018
0 0.435995 0.828206 0.565342 0.343589
0 0.216734 0.783885 0.419103 0.43223
0 0.0473001 0.661656 0.0946003 0.51517
2 0.237398 0.758647 0.466305 0.468097
2 0.393634 0.739257 0.734966 0.51344
0 0.476191 0.38048 0.490482 0.76096
0 0.236273 0.247145 0.472546 0.49429
2 0.33625 0.728893 0.476623 0.516164
0 0.508938 0.530532 0.135823 0.534514
1 0.553598 0.516947 0.0438257 0.0625541
4 0.295429 0.30901 0.311278 0.609297
2 0.515582 0.740561 0.513815 0.518878
0 0.452613 0.241401 0.584608 0.482803
1 0.872884 0.426673 0.151619 0.544184
4 0.372442 0.342754 0.459951 0.685507
4 0.524813 0.51397 0.0675341 0.0634356
4 0.0227022 0.704352 0.0454043 0.591296
3 0.556814 0.458541 0.043232 0.196938
0 0.453385 0.620609 0.139016 0.542482
4 0.187514 0.27467 0.375028 0.54934
4 0.574467 0.525782 0.092765 0.091125
0 0.926015 0.345941 0.14797 0.669524
2 0.524813 0.51397 0.0675341 0.0634356
1 0.561225 0.494137 0.0614063 0.387584
0 0.372442 0.342754 0.459951 0.685507
4 0.758728 0.364387 0.386076 0.712484
3 0.0412803 0.556148 0.0825605 0.462382
2 0.216379 0.318603 0.325957 0.616469
4 0.206197 0.557682 0.410144 0.863194
0 0.353748 0.578003 0.256661 0.820198
4 0.498338 0.389848 0.341422 0.779695
4 0.859252 0.357389 0.198616 0.697807
4 0.4574 0.733019 0.186203 0.502716
4 0.367403 0.704954 0.258051 0.573343
0 0.224438 0.57283 0.446518 0.84565
4 0.508938 0.530532 0.135823 0.534514
3 0.885042 0.507106 0.180158 0.712848
2 0.295429 0.30901 0.311278 0.609297
4 0.926015 0.345941 0.14797 0.669524
4 0.122266 0.224279 0.244532 0.437454
4 0.0792022 0.184764 0.158404 0.345674
4 0.0505262 0.385425 0.101052 0.598419
2 0.613668 0.375231 0.673039 0.750462
4 0.134889 0.121741 0.269778 0.243482
2 0.574699 0.495679 0.0850363 0.261269
2 0.367403 0.704954 0.258051 0.573343
4 0.574699 0.495679 0.0850363 0.261269
2 0.926129 0.782267 0.147743 0.435466
0 0.122266 0.224279 0.244532 0.437454
4 0.922308 0.555271 0.155384 0.578171
0 0.273381 0.182182 0.546763 0.364196
2 0.236273 0.247145 0.472546 0.49429
4 0.896044 0.58524 0.207913 0.82952
4 0.0473001 0.661656 0.0946003 0.51517
4 0.314803 0.0725246 0.629606 0.145049
2 0.942796 0.812878 0.114408 0.374243
