0 0.544453 0.733467 0.261623 0.375344
0 0.836817 0.646162 0.113955 0.248201
1 0.836817 0.646162 0.113955 0.248201
1 0.544253 0.711998 0.259672 0.410521
0 0.423802 0.727049 0.564405 0.388496
2 0.836817 0.646162 0.113955 0.248201
4 0.836817 0.646162 0.113955 0.248201
0 0.887464 0.659394 0.21835 0.306321
0 0.32164 0.763422 0.63284 0.473155
2 0.544108 0.737908 0.262999 0.37135
0 0.798341 0.660329 0.187055 0.286958
0 0.728816 0.647338 0.326304 0.257528
0 0.6025 0.74936 0.403319 0.419861
0 0.251407 0.705618 0.489574 0.364601
1 0.889494 0.747856 0.221012 0.504288
0 0.541664 0.775565 0.28211 0.448869
0 0.518747 0.0287366 0.961513 0.0574731
3 0.759047 0.421879 0.481906 0.814098
3 0.618781 0.739817 0.403475 0.422534
4 0.54671 0.775029 0.287236 0.449942
3 0.596188 0.454394 0.807624 0.897202
0 0.777625 0.628535 0.240131 0.337204
0 0.606234 0.0428826 0.787531 0.0857653
1 0.864844 0.650419 0.171647 0.288883
4 0.876421 0.753585 0.245615 0.470355
0 0.558392 0.284713 0.877958 0.560876
0 0.279482 0.658378 0.554663 0.28726
0 0.693695 0.537116 0.0712334 0.111225
3 0.202274 0.662053 0.402213 0.291618
0 0.374074 0.0340464 0.746635 0.0680928
3 0.54671 0.775029 0.287236 0.449942
3 0.881302 0.54166 0.237397 0.91668
4 0.547012 0.722942 0.257338 0.39668
3 0.840634 0.752142 0.294275 0.495716
0 0.647547 0.689612 0.0928977 0.42343
3 0.871486 0.393869 0.257029 0.762118
0 0.813249 0.55539 0.28089 0.508566
3 0.345201 0.763218 0.43075 0.473565
0 0.704851 0.498812 0.110347 0.326014
3 0.602981 0.775409 0.396802 0.449182
3 0.672026 0.620453 0.117905 0.185731
0 0.660982 0.0865986 0.678036 0.173197
3 0.89129 0.726191 0.21742 0.547619
0 0.233122 0.0884299 0.466243 0.17686
0 0.198785 0.752533 0.39632 0.484239
4 0.602981 0.775409 0.396802 0.449182
0 0.543808 0.676717 0.295115 0.474531
3 0.205811 0.43257 0.407527 0.860365
4 0.25542 0.658022 0.501788 0.281756
3 0.798797 0.745326 0.257285 0.509348
4 0.198785 0.752533 0.39632 0.484239
0 0.136623 0.731269 0.273246 0.408123
0 0.43614 0.277182 0.840717 0.554364
3 0.798341 0.660329 0.187055 0.286958
0 0.81668 0.283431 0.366641 0.550832
4 0.136001 0.760626 0.272001 0.470893
3 0.930886 0.739661 0.138228 0.520678
0 0.672026 0.620453 0.117905 0.185731
3 0.677266 0.772049 0.362175 0.455901
3 0.320535 0.5 0.641071 1
3 0.902177 0.75309 0.195646 0.49382
3 0.647547 0.689612 0.0928977 0.42343
0 0.778101 0.0647725 0.443799 0.129545
3 0.450017 0.766451 0.41975 0.467099
0 0.0900011 0.794155 0.179772 0.400078
3 0.724952 0.0854864 0.550095 0.170973
0 0.879771 0.747281 0.240458 0.505438
0 0.454917 0.338984 0.693337 0.677967
0 0.871486 0.393869 0.257029 0.762118
4 0.558392 0.284713 0.877958 0.560876
3 0.693695 0.537116 0.0712334 0.111225
3 0.542886 0.740534 0.264964 0.386708
3 0.813249 0.55539 0.28089 0.508566
3 0.232474 0.729942 0.461421 0.419895
3 0.172847 0.289847 0.344513 0.557167
4 0.345201 0.763218 0.43075 0.473565
0 0.664932 0.599835 0.164506 0.626723
3 0.769191 0.315112 0.461617 0.630224
3 0.235514 0.768228 0.423776 0.463545
3 0.233122 0.0884299 0.466243 0.17686
4 0.532442 0.0312849 0.928047 0.0625698
3 0.890445 0.680708 0.217475 0.426687
4 0.731392 0.287368 0.537216 0.564432
3 0.728816 0.647338 0.326304 0.257528
3 0.165113 0.815047 0.322864 0.369907
0 0.838649 0.712186 0.279285 0.409312
3 0.133098 0.837449 0.263121 0.325101
3 0.558392 0.284713 0.877958 0.560876
0 0.563477 0.466558 0.341042 0.933116
0 0.309507 0.289827 0.602026 0.579653
3 0.497986 0.46458 0.395172 0.904409
0 0.513631 0.487155 0.920899 0.97431
3 0.0304219 0.654555 0.0608438 0.66041
3 0.907469 0.505891 0.185062 0.988217
4 0.450017 0.766451 0.41975 0.467099
0 0.731392 0.287368 0.537216 0.564432
4 0.413971 0.771632 0.521885 0.42475
3 0.0335721 0.271769 0.0671442 0.543539
3 0.454917 0.338984 0.693337 0.677967
3 0.927805 0.754232 0.144391 0.491537
3 0.111759 0.662218 0.223121 0.283343
3 0.837994 0.619437 0.111218 0.298867
3 0.049347 0.28184 0.098694 0.56368
0 0.320535 0.5 0.641071 1
0 0.270668 0.776712 0.445945 0.443734
3 0.164595 0.758293 0.326923 0.470716
3 0.270668 0.776712 0.445945 0.443734
4 0.111759 0.662218 0.223121 0.283343
3 0.105669 0.257059 0.211338 0.514117
0 0.223655 0.287165 0.437647 0.557948
3 0.0457298 0.404859 0.0914595 0.800919
3 0.446187 0.465484 0.60164 0.930969
4 0.282325 0.757603 0.55969 0.470479
0 0.927805 0.754232 0.144391 0.491537
4 0.881302 0.54166 0.237397 0.91668
3 0.866396 0.281361 0.267208 0.542049
3 0.49718 0.0262141 0.933997 0.0524281
4 0.596188 0.454394 0.807624 0.897202
3 0.30323 0.0432954 0.606461 0.0865908
3 0.0171208 0.767208 0.0342416 0.465584
3 0.0306086 0.43763 0.0612171 0.840182
0 0.675628 0.464348 0.642991 0.924493
4 0.846073 0.725726 0.280607 0.548547
3 0.633325 0.0622081 0.733349 0.124416
4 0.930886 0.739661 0.138228 0.520678
4 0.304441 0.480462 0.604476 0.960924
3 0.563477 0.466558 0.341042 0.933116
2 0.53297 0.769892 0.268593 0.460215
3 0.325793 0.759434 0.632529 0.465498
0 0.678171 0.757824 0.433884 0.453276
0 0.27779 0.424973 0.54644 0.849945
0 0.294146 0.0625705 0.588292 0.125141
3 0.865028 0.672363 0.168662 0.306413
3 0.778101 0.0647725 0.443799 0.129545
2 0.728816 0.647338 0.326304 0.257528
2 0.887464 0.659394 0.21835 0.306321
3 0.118348 0.368531 0.236696 0.699044
0 0.446187 0.465484 0.60164 0.930969
4 0.235514 0.768228 0.423776 0.463545
3 0.664932 0.599835 0.164506 0.626723
3 0.559549 0.690382 0.227284 0.451647
0 0.497986 0.46458 0.395172 0.904409
0 0.924757 0.508913 0.150486 0.982173
4 0.871486 0.393869 0.257029 0.762118
3 0.027048 0.778766 0.0540959 0.442468
4 0.606234 0.0428826 0.787531 0.0857653
3 0.92021 0.368126 0.159579 0.703142
4 0.927805 0.754232 0.144391 0.491537
4 0.205255 0.432511 0.407936 0.858636
0 0.108264 0.783976 0.216527 0.432048
0 0.130609 0.844355 0.259141 0.301844
3 0.413971 0.771632 0.521885 0.42475
0 0.677266 0.772049 0.362175 0.455901
3 0.678171 0.757824 0.433884 0.453276
4 0.130609 0.844355 0.259141 0.301844
3 0.704851 0.498812 0.110347 0.326014
3 0.585786 0.0343522 0.828427 0.0687045
4 0.724952 0.0854864 0.550095 0.170973
4 0.165113 0.815047 0.322864 0.369907
4 0.387153 0.289713 0.690149 0.579427
0 0.813123 0.716252 0.154948 0.395979
0 0.930886 0.739661 0.138228 0.520678
4 0.396031 0.0361884 0.789683 0.0723768
3 0.667274 0.342086 0.665452 0.684171
2 0.6025 0.74936 0.403319 0.419861
0 0.0304219 0.654555 0.0608438 0.66041
0 0.881302 0.54166 0.237397 0.91668
0 0.450017 0.766451 0.41975 0.467099
4 0.778101 0.0647725 0.443799 0.129545
2 0.678171 0.757824 0.433884 0.453276
4 0.454643 0.492134 0.80669 0.984268
3 0.350773 0.295429 0.698153 0.590858
1 0.645836 0.74763 0.482022 0.430178
4 0.11791 0.476352 0.235819 0.875949
2 0.450017 0.766451 0.41975 0.467099
4 0.454561 0.245439 0.821413 0.490878
4 0.798797 0.745326 0.257285 0.509348
4 0.773421 0.454317 0.453158 0.903706
4 0.89129 0.726191 0.21742 0.547619
4 0.81668 0.283431 0.366641 0.550832
4 0.704851 0.498812 0.110347 0.326014
3 0.813123 0.716252 0.154948 0.395979
3 0.396031 0.0361884 0.789683 0.0723768
4 0.887464 0.659394 0.21835 0.306321
4 0.233122 0.0884299 0.466243 0.17686
0 0.0174462 0.784022 0.0348924 0.428133
1 0.173736 0.822596 0.342246 0.341353
4 0.563477 0.466558 0.341042 0.933116
3 0.227145 0.285185 0.454291 0.57037
4 0.677266 0.772049 0.362175 0.455901
4 0.728816 0.647338 0.326304 0.257528
0 0.0289521 0.481211 0.0579042 0.86172
4 0.027048 0.778766 0.0540959 0.442468
4 0.802546 0.759773 0.229282 0.480453
4 0.647547 0.689612 0.0928977 0.42343
0 0.798797 0.745326 0.257285 0.509348
4 0.813123 0.716252 0.154948 0.395979
4 0.250195 0.28414 0.486017 0.5578
1 0.798341 0.660329 0.187055 0.286958
3 0.108264 0.783976 0.216527 0.432048
4 0.678171 0.757824 0.433884 0.453276
0 0.92021 0.368126 0.159579 0.703142
0 0.027048 0.778766 0.0540959 0.442468
0 0.0457298 0.404859 0.0914595 0.800919
0 0.0335721 0.271769 0.0671442 0.543539
0 0.105669 0.257059 0.211338 0.514117
4 0.0292001 0.735244 0.0584003 0.529513
3 0.777625 0.628535 0.240131 0.337204
0 0.916505 0.725879 0.166989 0.548243
4 0.30323 0.0432954 0.606461 0.0865908
4 0.0306086 0.43763 0.0612171 0.840182
0 0.111759 0.662218 0.223121 0.283343
4 0.0900011 0.794155 0.179772 0.400078
4 0.0171208 0.767208 0.0342416 0.465584
1 0.130609 0.844355 0.259141 0.301844
4 0.108264 0.783976 0.216527 0.432048
4 0.0457298 0.404859 0.0914595 0.800919
0 0.846073 0.725726 0.280607 0.548547
3 0.0900011 0.794155 0.179772 0.400078
0 0.773421 0.454317 0.453158 0.903706
1 0.208141 0.75933 0.411352 0.465221
0 0.345201 0.763218 0.43075 0.473565
4 0.664932 0.599835 0.164506 0.626723
0 0.667274 0.342086 0.665452 0.684171
0 0.049347 0.28184 0.098694 0.56368
4 0.105669 0.257059 0.211338 0.514117
4 0.116577 0.290105 0.233154 0.557677
2 0.802546 0.759773 0.229282 0.480453
4 0.049347 0.28184 0.098694 0.56368
0 0.235514 0.768228 0.423776 0.463545
4 0.0335721 0.271769 0.0671442 0.543539
4 0.924757 0.508913 0.150486 0.982173
4 0.0281703 0.571926 0.0563406 0.722053
4 0.813249 0.55539 0.28089 0.508566
2 0.325793 0.759434 0.632529 0.465498
2 0.78365 0.651233 0.217688 0.268829
1 0.672026 0.620453 0.117905 0.185731
2 0.208141 0.75933 0.411352 0.465221
2 0.876421 0.753585 0.245615 0.470355
4 0.667274 0.342086 0.665452 0.684171
1 0.0900011 0.794155 0.179772 0.400078
4 0.92021 0.368126 0.159579 0.703142
2 0.880676 0.435632 0.238649 0.843281
0 0.802546 0.759773 0.229282 0.480453
4 0.838649 0.712186 0.279285 0.409312
3 0.454561 0.245439 0.821413 0.490878
4 0.172847 0.289847 0.344513 0.557167
1 0.813249 0.55539 0.28089 0.508566
2 0.693695 0.537116 0.0712334 0.111225
4 0.618781 0.739817 0.403475 0.422534
2 0.133098 0.837449 0.263121 0.325101
0 0.176418 0.425753 0.352092 0.842852
1 0.728816 0.647338 0.326304 0.257528
0 0.116577 0.290105 0.233154 0.557677
1 0.871486 0.393869 0.257029 0.762118
2 0.838649 0.712186 0.279285 0.409312
2 0.813123 0.716252 0.154948 0.395979
1 0.92637 0.739627 0.14726 0.520746
2 0.108264 0.783976 0.216527 0.432048
4 0.363868 0.719669 0.624555 0.51925
1 0.647547 0.689612 0.0928977 0.42343
2 0.667274 0.342086 0.665452 0.684171
4 0.693695 0.537116 0.0712334 0.111225
2 0.227145 0.285185 0.454291 0.57037
1 0.205811 0.43257 0.407527 0.860365
1 0.704851 0.498812 0.110347 0.326014
2 0.704851 0.498812 0.110347 0.326014
1 0.563477 0.466558 0.341042 0.933116
0 0.11791 0.476352 0.235819 0.875949
2 0.165113 0.815047 0.322864 0.369907
2 0.413971 0.771632 0.521885 0.42475
2 0.81668 0.283431 0.366641 0.550832
2 0.930886 0.739661 0.138228 0.520678
2 0.918131 0.757365 0.163739 0.485271
1 0.200365 0.289476 0.395353 0.575193
1 0.664932 0.599835 0.164506 0.626723
2 0.0900011 0.794155 0.179772 0.400078
1 0.287773 0.753166 0.568507 0.48214
1 0.533537 0.392082 0.910532 0.780451
0 0.173736 0.822596 0.342246 0.341353
2 0.664932 0.599835 0.164506 0.626723
2 0.907469 0.505891 0.185062 0.988217
1 0.446525 0.286356 0.656199 0.572712
1 0.693695 0.537116 0.0712334 0.111225
2 0.217513 0.427971 0.431158 0.855943
1 0.413971 0.771632 0.521885 0.42475
1 0.527211 0.284623 0.912213 0.569245
1 0.251407 0.705618 0.489574 0.364601
2 0.027048 0.778766 0.0540959 0.442468
2 0.778101 0.0647725 0.443799 0.129545
2 0.798797 0.745326 0.257285 0.509348
4 0.497986 0.46458 0.395172 0.904409
2 0.345201 0.763218 0.43075 0.473565
2 0.846073 0.725726 0.280607 0.548547
4 0.78365 0.651233 0.217688 0.268829
2 0.647547 0.689612 0.0928977 0.42343
1 0.517557 0.0272328 0.938722 0.0544657
2 0.513631 0.487155 0.920899 0.97431
2 0.478429 0.264433 0.765859 0.528141
2 0.0174462 0.784022 0.0348924 0.428133
0 0.544424 0.733534 0.261667 0.375213
0 0.836839 0.646176 0.11398 0.248142
1 0.836839 0.646176 0.11398 0.248142
1 0.544227 0.712056 0.259713 0.410421
0 0.42393 0.727098 0.564404 0.388462
2 0.836839 0.646176 0.11398 0.248142
4 0.836839 0.646176 0.11398 0.248142
0 0.887371 0.659411 0.218185 0.305931
0 0.321606 0.763434 0.632645 0.473132
2 0.544123 0.737958 0.262998 0.371257
0 0.798182 0.66062 0.187376 0.287475
0 0.729017 0.647382 0.325956 0.257504
0 0.204951 0.700835 0.407444 0.353118
0 0.602305 0.74942 0.40293 0.419773
1 0.889475 0.748051 0.221049 0.503899
0 0.541628 0.775582 0.282156 0.448836
0 0.518708 0.0285756 0.961614 0.0571512
3 0.75877 0.421423 0.48246 0.812758
3 0.618516 0.740093 0.403183 0.423017
4 0.5467 0.775066 0.287275 0.449867
3 0.594484 0.454616 0.811031 0.897645
0 0.777436 0.628672 0.240152 0.337279
1 0.863892 0.650471 0.169726 0.288336
0 0.60612 0.0428319 0.78776 0.0856638
4 0.876326 0.753805 0.245745 0.470093
3 0.202653 0.662069 0.402972 0.29153
0 0.279271 0.658564 0.554278 0.287555
0 0.557327 0.284863 0.879988 0.561311
0 0.693707 0.537139 0.0712427 0.111245
3 0.5467 0.775066 0.287275 0.449867
0 0.374104 0.0341082 0.746759 0.0682165
3 0.881372 0.542682 0.237257 0.914636
4 0.54703 0.722998 0.257341 0.396649
3 0.840596 0.752357 0.294123 0.495285
3 0.871916 0.393942 0.256169 0.761818
0 0.64753 0.689674 0.0928996 0.42356
3 0.345156 0.763035 0.432534 0.473931
0 0.812562 0.556432 0.279693 0.506371
3 0.602905 0.77541 0.396806 0.449179
3 0.671915 0.620845 0.118177 0.18642
0 0.704463 0.499314 0.109623 0.326052
0 0.66113 0.0858812 0.677741 0.171762
3 0.891195 0.726342 0.217611 0.547315
4 0.602905 0.77541 0.396806 0.449179
0 0.232945 0.0883107 0.46589 0.176621
3 0.20592 0.432552 0.407758 0.86007
4 0.255168 0.658103 0.50133 0.281822
3 0.798753 0.745443 0.257103 0.509114
4 0.199054 0.752581 0.396868 0.484226
0 0.543808 0.676639 0.295173 0.474663
0 0.136702 0.729872 0.273405 0.405219
3 0.798182 0.66062 0.187376 0.287475
4 0.136051 0.760658 0.272103 0.470977
3 0.931028 0.739816 0.137943 0.520367
3 0.677075 0.772033 0.362489 0.455934
0 0.436591 0.274644 0.841125 0.549287
3 0.320415 0.5 0.64083 1
3 0.902098 0.753266 0.195804 0.493469
3 0.64753 0.689674 0.0928996 0.42356
0 0.816573 0.283564 0.366853 0.551152
0 0.671915 0.620845 0.118177 0.18642
3 0.725044 0.085164 0.549913 0.170328
3 0.449365 0.766408 0.420924 0.467184
3 0.693707 0.537139 0.0712427 0.111245
3 0.812562 0.556432 0.279693 0.506371
3 0.542895 0.740549 0.264972 0.386645
0 0.778139 0.0645653 0.443722 0.129131
3 0.172649 0.289938 0.344115 0.557288
4 0.345156 0.763035 0.432534 0.473931
4 0.557327 0.284863 0.879988 0.561311
3 0.232458 0.729271 0.461394 0.418601
0 0.0901088 0.794428 0.17999 0.399527
0 0.454697 0.33732 0.688552 0.674641
0 0.879773 0.747526 0.240453 0.504948
0 0.871916 0.393942 0.256169 0.761818
3 0.769203 0.315133 0.461594 0.630266
3 0.232945 0.0883107 0.46589 0.176621
3 0.235659 0.768122 0.424307 0.463755
4 0.532655 0.0310866 0.928382 0.0621732
3 0.890357 0.679647 0.217271 0.424304
0 0.66369 0.600484 0.16204 0.625623
3 0.729017 0.647382 0.325956 0.257504
3 0.165564 0.814786 0.323747 0.370428
4 0.728483 0.287771 0.543035 0.565388
3 0.133132 0.837387 0.263199 0.325226
3 0.557327 0.284863 0.879988 0.561311
0 0.83844 0.712392 0.278717 0.409158
3 0.49919 0.464634 0.392999 0.904292
3 0.0307276 0.654857 0.0614553 0.659833
3 0.90759 0.505946 0.18482 0.988108
4 0.449365 0.766408 0.420924 0.467184
0 0.309532 0.289883 0.601922 0.579766
4 0.413219 0.77171 0.523313 0.42471
0 0.561797 0.466523 0.340516 0.933046
3 0.0334899 0.271869 0.0669798 0.543738
0 0.512745 0.487344 0.917006 0.974688
0 0.227245 0.776457 0.439959 0.444331
3 0.454697 0.33732 0.688552 0.674641
3 0.928081 0.754387 0.143838 0.491226
3 0.112144 0.662208 0.223888 0.283248
3 0.0489331 0.282016 0.0978661 0.564032
3 0.838011 0.619468 0.111238 0.298781
0 0.728483 0.287771 0.543035 0.565388
3 0.165038 0.758315 0.32781 0.470665
4 0.112144 0.662208 0.223888 0.283248
3 0.271419 0.776817 0.447978 0.443566
0 0.320415 0.5 0.64083 1
3 0.105221 0.257066 0.210441 0.514133
3 0.0454965 0.40536 0.090993 0.801862
3 0.446537 0.465411 0.599177 0.930822
4 0.282164 0.757543 0.559381 0.470362
0 0.223679 0.287267 0.437698 0.558085
4 0.881372 0.542682 0.237257 0.914636
3 0.497268 0.0262202 0.934175 0.0524403
3 0.866739 0.281486 0.266522 0.5423
3 0.303155 0.0433014 0.60631 0.0866028
3 0.0306753 0.437726 0.0613505 0.839888
3 0.0172258 0.767224 0.0344516 0.465552
4 0.846038 0.725913 0.280488 0.548174
0 0.928081 0.754387 0.143838 0.491226
4 0.594484 0.454616 0.811031 0.897645
3 0.633242 0.062118 0.733517 0.124236
4 0.931028 0.739816 0.137943 0.520367
0 0.671138 0.465217 0.651912 0.926309
4 0.304245 0.479815 0.604078 0.959631
3 0.561797 0.466523 0.340516 0.933046
2 0.532964 0.769901 0.26856 0.460198
3 0.325855 0.75958 0.632383 0.465232
3 0.864424 0.671631 0.167436 0.304706
3 0.778139 0.0645653 0.443722 0.129131
2 0.729017 0.647382 0.325956 0.257504
0 0.277487 0.425004 0.545862 0.850009
2 0.887371 0.659411 0.218185 0.305931
3 0.118339 0.372124 0.236678 0.705814
0 0.678052 0.75794 0.434296 0.453378
0 0.294056 0.0626287 0.588112 0.125257
4 0.235659 0.768122 0.424307 0.463755
3 0.66369 0.600484 0.16204 0.625623
3 0.559172 0.690372 0.227994 0.451687
4 0.871916 0.393942 0.256169 0.761818
0 0.446537 0.465411 0.599177 0.930822
3 0.0271162 0.778716 0.0542324 0.442568
4 0.60612 0.0428319 0.78776 0.0856638
3 0.920514 0.363272 0.158972 0.693474
0 0.924999 0.509007 0.150001 0.981986
4 0.205601 0.431939 0.408631 0.857123
0 0.49919 0.464634 0.392999 0.904292
4 0.928081 0.754387 0.143838 0.491226
3 0.413219 0.77171 0.523313 0.42471
3 0.678052 0.75794 0.434296 0.453378
4 0.130761 0.844393 0.259454 0.301773
3 0.704463 0.499314 0.109623 0.326052
0 0.108374 0.78396 0.216747 0.43208
0 0.130761 0.844393 0.259454 0.301773
3 0.585752 0.0342389 0.828495 0.0684778
0 0.677075 0.772033 0.362489 0.455934
4 0.725044 0.085164 0.549913 0.170328
4 0.165564 0.814786 0.323747 0.370428
4 0.387482 0.28977 0.689352 0.579539
4 0.395998 0.0362771 0.789753 0.0725542
3 0.667047 0.342303 0.665907 0.684606
2 0.602305 0.74942 0.40293 0.419773
4 0.778139 0.0645653 0.443722 0.129131
2 0.678052 0.75794 0.434296 0.453378
4 0.451768 0.492178 0.79791 0.984355
4 0.11839 0.475553 0.236779 0.874303
1 0.645763 0.747702 0.481901 0.430143
0 0.931028 0.739816 0.137943 0.520367
3 0.3509 0.295464 0.698189 0.590927
0 0.813263 0.71649 0.154644 0.395925
4 0.454575 0.240417 0.819558 0.480834
0 0.0307276 0.654857 0.0614553 0.659833
2 0.449365 0.766408 0.420924 0.467184
4 0.798753 0.745443 0.257103 0.509114
0 0.449365 0.766408 0.420924 0.467184
0 0.881372 0.542682 0.237257 0.914636
4 0.772257 0.453429 0.455486 0.901866
4 0.891195 0.726342 0.217611 0.547315
4 0.816573 0.283564 0.366853 0.551152
3 0.813263 0.71649 0.154644 0.395925
4 0.704463 0.499314 0.109623 0.326052
3 0.395998 0.0362771 0.789753 0.0725542
4 0.887371 0.659411 0.218185 0.305931
4 0.232945 0.0883107 0.46589 0.176621
4 0.561797 0.466523 0.340516 0.933046
1 0.174529 0.822309 0.343836 0.341931
4 0.677075 0.772033 0.362489 0.455934
3 0.226693 0.284753 0.453386 0.569505
4 0.729017 0.647382 0.325956 0.257504
4 0.0271162 0.778716 0.0542324 0.442568
4 0.802548 0.759939 0.229133 0.480121
0 0.0175361 0.784044 0.0350722 0.428036
0 0.0291011 0.481145 0.0582022 0.861362
4 0.64753 0.689674 0.0928996 0.42356
4 0.813263 0.71649 0.154644 0.395925
3 0.108374 0.78396 0.216747 0.43208
4 0.250217 0.284207 0.485957 0.557866
4 0.678052 0.75794 0.434296 0.453378
1 0.798182 0.66062 0.187376 0.287475
0 0.798753 0.745443 0.257103 0.509114
4 0.029527 0.735325 0.059054 0.52935
0 0.920514 0.363272 0.158972 0.693474
3 0.777436 0.628672 0.240152 0.337279
0 0.0271162 0.778716 0.0542324 0.442568
4 0.303155 0.0433014 0.60631 0.0866028
0 0.0454965 0.40536 0.090993 0.801862
4 0.0306753 0.437726 0.0613505 0.839888
0 0.105221 0.257066 0.210441 0.514133
0 0.0334899 0.271869 0.0669798 0.543738
4 0.0901088 0.794428 0.17999 0.399527
4 0.0172258 0.767224 0.0344516 0.465552
4 0.108374 0.78396 0.216747 0.43208
1 0.130761 0.844393 0.259454 0.301773
0 0.112144 0.662208 0.223888 0.283248
0 0.916549 0.725988 0.166902 0.548024
4 0.0454965 0.40536 0.090993 0.801862
3 0.0901088 0.794428 0.17999 0.399527
4 0.66369 0.600484 0.16204 0.625623
0 0.846038 0.725913 0.280488 0.548174
1 0.208338 0.759403 0.411721 0.465079
4 0.105221 0.257066 0.210441 0.514133
0 0.772257 0.453429 0.455486 0.901866
4 0.116555 0.290168 0.233111 0.557837
0 0.345156 0.763035 0.432534 0.473931
2 0.802548 0.759939 0.229133 0.480121
0 0.0489331 0.282016 0.0978661 0.564032
3 0.46175 0.265504 0.793629 0.531008
4 0.0489331 0.282016 0.0978661 0.564032
4 0.0334899 0.271869 0.0669798 0.543738
4 0.924999 0.509007 0.150001 0.981986
4 0.0283319 0.572479 0.0566639 0.72019
4 0.812562 0.556432 0.279693 0.506371
2 0.325855 0.75958 0.632383 0.465232
2 0.783549 0.651274 0.217912 0.268802
1 0.671915 0.620845 0.118177 0.18642
2 0.208338 0.759403 0.411721 0.465079
2 0.876326 0.753805 0.245745 0.470093
4 0.667047 0.342303 0.665907 0.684606
1 0.0901088 0.794428 0.17999 0.399527
4 0.920514 0.363272 0.158972 0.693474
2 0.880798 0.434242 0.238404 0.840323
4 0.83844 0.712392 0.278717 0.409158
4 0.172649 0.289938 0.344115 0.557288
0 0.802548 0.759939 0.229133 0.480121
1 0.812562 0.556432 0.279693 0.506371
2 0.693707 0.537139 0.0712427 0.111245
4 0.618516 0.740093 0.403183 0.423017
2 0.133132 0.837387 0.263199 0.325226
1 0.729017 0.647382 0.325956 0.257504
1 0.871916 0.393942 0.256169 0.761818
0 0.176404 0.426205 0.352066 0.84348
2 0.83844 0.712392 0.278717 0.409158
0 0.116555 0.290168 0.233111 0.557837
2 0.813263 0.71649 0.154644 0.395925
1 0.925934 0.739726 0.148132 0.520547
2 0.108374 0.78396 0.216747 0.43208
4 0.364271 0.719754 0.623734 0.519361
1 0.64753 0.689674 0.0928996 0.42356
2 0.667047 0.342303 0.665907 0.684606
4 0.693707 0.537139 0.0712427 0.111245
1 0.20592 0.432552 0.407758 0.86007
2 0.226693 0.284753 0.453386 0.569505
0 0.199359 0.798884 0.383848 0.402231
1 0.704463 0.499314 0.109623 0.326052
2 0.704463 0.499314 0.109623 0.326052
1 0.561797 0.466523 0.340516 0.933046
2 0.591992 0.289298 0.816017 0.578596
2 0.165564 0.814786 0.323747 0.370428
0 0.11839 0.475553 0.236779 0.874303
2 0.413219 0.77171 0.523313 0.42471
2 0.816573 0.283564 0.366853 0.551152
1 0.2004 0.289598 0.395409 0.575256
2 0.931028 0.739816 0.137943 0.520367
2 0.918245 0.757475 0.16351 0.48505
1 0.66369 0.600484 0.16204 0.625623
1 0.28771 0.753191 0.568353 0.48216
2 0.0901088 0.794428 0.17999 0.399527
1 0.533072 0.391753 0.911225 0.779844
2 0.66369 0.600484 0.16204 0.625623
2 0.90759 0.505946 0.18482 0.988108
1 0.447432 0.286471 0.653663 0.572943
1 0.693707 0.537139 0.0712427 0.111245
2 0.217607 0.427715 0.431341 0.855429
0 0.174529 0.822309 0.343836 0.341931
1 0.413219 0.77171 0.523313 0.42471
1 0.238148 0.661166 0.472076 0.292494
1 0.52685 0.284073 0.912559 0.568145
2 0.0271162 0.778716 0.0542324 0.442568
2 0.778139 0.0645653 0.443722 0.129131
2 0.798753 0.745443 0.257103 0.509114
4 0.49919 0.464634 0.392999 0.904292
2 0.345156 0.763035 0.432534 0.473931
2 0.846038 0.725913 0.280488 0.548174
4 0.783549 0.651274 0.217912 0.268802
2 0.64753 0.689674 0.0928996 0.42356
1 0.517509 0.027165 0.938778 0.0543301
2 0.512745 0.487344 0.917006 0.974688
2 0.0175361 0.784044 0.0350722 0.428036
2 0.474717 0.264383 0.754117 0.527643
1 0.0175361 0.784044 0.0350722 0.428036
