0 0.112579 0.582237 0.225157 0.120159
0 0.112475 0.552607 0.224949 0.178675
3 0.889158 0.307788 0.0748306 0.32921
0 0.119993 0.604681 0.239986 0.15383
0 0.893269 0.302915 0.0851921 0.297814
1 0.12099 0.581397 0.216072 0.110311
0 0.829187 0.793812 0.332258 0.391216
1 0.893269 0.302915 0.0851921 0.297814
0 0.117887 0.490625 0.227583 0.308626
1 0.112475 0.552607 0.224949 0.178675
0 0.913626 0.298096 0.127037 0.33142
0 0.890698 0.22745 0.0932312 0.454899
2 0.893269 0.302915 0.0851921 0.297814
3 0.912004 0.663197 0.175992 0.642641
0 0.492621 0.0258649 0.957941 0.0517298
4 0.23349 0.755947 0.428049 0.462249
0 0.379962 0.0220088 0.759924 0.0440176
0 0.418209 0.0497948 0.802904 0.0995896
2 0.112475 0.552607 0.224949 0.178675
4 0.149837 0.760542 0.272914 0.460001
0 0.121523 0.762659 0.243046 0.464671
3 0.762252 0.53885 0.278592 0.808255
3 0.121469 0.404848 0.242939 0.568339
0 0.890976 0.371073 0.093457 0.436266
0 0.936033 0.794523 0.127934 0.410953
3 0.328707 0.38195 0.477711 0.7639
3 0.140201 0.404279 0.280401 0.637404
0 0.236979 0.032096 0.473959 0.0641919
3 0.946751 0.732237 0.106499 0.426093
3 0.629445 0.0230533 0.74111 0.0461066
3 0.830542 0.765843 0.338916 0.459862
0 0.928693 0.242436 0.142615 0.472092
3 0.723246 0.41238 0.386019 0.824761
0 0.403855 0.775284 0.7684 0.421888
3 0.348188 0.339649 0.680421 0.679297
3 0.908664 0.311882 0.114091 0.357468
0 0.793777 0.235321 0.306791 0.470641
3 0.955264 0.54527 0.0894716 0.224664
3 0.182939 0.377451 0.337745 0.754902
3 0.520441 0.447153 0.519097 0.894306
0 0.660812 0.060769 0.678376 0.121538
3 0.396864 0.469627 0.329247 0.587677
4 0.831744 0.78153 0.336511 0.421047
3 0.928663 0.328296 0.142674 0.475339
4 0.116021 0.602016 0.232042 0.201141
0 0.702816 0.23634 0.594369 0.472679
3 0.472879 0.777117 0.645962 0.417391
3 0.613867 0.436813 0.452238 0.873625
3 0.210996 0.642571 0.421992 0.466137
3 0.67882 0.48144 0.27505 0.952102
4 0.893269 0.302915 0.0851921 0.297814
3 0.240056 0.343709 0.403407 0.687418
3 0.128873 0.316806 0.257746 0.633612
3 0.607464 0.779546 0.370315 0.440907
3 0.660812 0.060769 0.678376 0.121538
3 0.149837 0.760542 0.272914 0.460001
3 0.23349 0.755947 0.428049 0.462249
3 0.457897 0.365596 0.636154 0.731192
3 0.927622 0.430682 0.144755 0.34668
3 0.173117 0.473577 0.293932 0.544209
3 0.848814 0.402579 0.172952 0.504319
3 0.253228 0.465335 0.303515 0.569424
3 0.909185 0.230114 0.181631 0.460228
0 0.928663 0.328296 0.142674 0.475339
3 0.761359 0.22654 0.477282 0.45308
3 0.676756 0.258493 0.646487 0.516986
3 0.494324 0.625411 0.296684 0.593394
3 0.937995 0.796678 0.124011 0.406643
3 0.805413 0.683642 0.307156 0.626695
3 0.936106 0.773687 0.127788 0.439438
3 0.410098 0.834951 0.448566 0.330098
3 0.163509 0.828929 0.311073 0.342142
3 0.473526 0.481993 0.35006 0.888655
3 0.420651 0.448155 0.509444 0.89631
3 0.331242 0.551891 0.378017 0.62805
4 0.415697 0.773141 0.741427 0.422566
3 0.525435 0.802402 0.443483 0.395196
3 0.692901 0.779927 0.260885 0.440147
3 0.60975 0.473051 0.308877 0.943648
2 0.124233 0.609595 0.222085 0.154554
3 0.5733 0.628911 0.222255 0.581364
3 0.783261 0.120039 0.433478 0.240079
3 0.236979 0.032096 0.473959 0.0641919
3 0.418812 0.610295 0.360411 0.611809
3 0.683132 0.626295 0.265564 0.700709
0 0.0199922 0.41844 0.0399843 0.528696
3 0.240088 0.294335 0.480176 0.58867
0 0.0543211 0.42938 0.108642 0.475018
0 0.58489 0.0191394 0.75717 0.0382788
3 0.633457 0.62704 0.239343 0.622472
0 0.527056 0.0585559 0.762977 0.117112
0 0.783261 0.120039 0.433478 0.240079
0 0.937995 0.796678 0.124011 0.406643
2 0.162212 0.640096 0.302514 0.213664
0 0.615214 0.316373 0.685554 0.632746
3 0.615214 0.316373 0.685554 0.632746
3 0.265988 0.841335 0.416922 0.317329
3 0.241283 0.541129 0.361102 0.569826
3 0.817524 0.563638 0.258421 0.817251
3 0.553969 0.480399 0.301416 0.950483
0 0.57651 0.10795 0.731502 0.2159
3 0.340162 0.837614 0.389484 0.324773
3 0.314139 0.0246998 0.628278 0.0493996
4 0.890698 0.22745 0.0932312 0.454899
0 0.114863 0.828363 0.227243 0.334826
4 0.58489 0.0191394 0.75717 0.0382788
2 0.112795 0.75868 0.22559 0.479288
0 0.833655 0.533654 0.309113 0.91415
4 0.675255 0.77477 0.587481 0.420845
3 0.0678904 0.382892 0.135781 0.558639
4 0.121279 0.473261 0.223281 0.343307
3 0.0315204 0.780321 0.0630409 0.439357
3 0.0199922 0.41844 0.0399843 0.528696
3 0.349914 0.732989 0.647142 0.476956
0 0.833145 0.785893 0.333711 0.428213
3 0.509145 0.0255813 0.93299 0.0511626
4 0.57651 0.10795 0.731502 0.2159
4 0.418209 0.0497948 0.802904 0.0995896
3 0.57651 0.10795 0.731502 0.2159
3 0.817114 0.783697 0.317538 0.432606
0 0.927622 0.430682 0.144755 0.34668
4 0.676756 0.258493 0.646487 0.516986
4 0.112795 0.75868 0.22559 0.479288
3 0.379783 0.664219 0.495443 0.623147
3 0.0289728 0.790344 0.0579455 0.419312
4 0.937995 0.796678 0.124011 0.406643
3 0.251805 0.167438 0.50361 0.334876
3 0.890698 0.22745 0.0932312 0.454899
3 0.825923 0.541381 0.348154 0.899699
3 0.656917 0.754825 0.615401 0.484248
0 0.946751 0.732237 0.106499 0.426093
3 0.600721 0.678861 0.344249 0.635258
3 0.112795 0.75868 0.22559 0.479288
3 0.527056 0.0585559 0.762977 0.117112
4 0.660812 0.060769 0.678376 0.121538
0 0.910299 0.230481 0.179402 0.460961
3 0.685385 0.680101 0.361351 0.639798
3 0.043373 0.77418 0.086746 0.45164
3 0.269565 0.656199 0.518036 0.647906
3 0.126831 0.493311 0.235621 0.327247
3 0.162076 0.588794 0.309276 0.537442
4 0.527056 0.0585559 0.762977 0.117112
3 0.793777 0.235321 0.306791 0.470641
1 0.117887 0.490625 0.227583 0.308626
4 0.116495 0.54648 0.226104 0.191115
4 0.936106 0.773687 0.127788 0.439438
0 0.0192802 0.330043 0.0385604 0.624758
4 0.817114 0.783697 0.317538 0.432606
3 0.213414 0.227669 0.426827 0.455338
3 0.750953 0.31353 0.384243 0.62706
3 0.0192802 0.330043 0.0385604 0.624758
0 0.668957 0.78141 0.639042 0.434316
3 0.028437 0.275771 0.056874 0.551543
3 0.485566 0.67 0.381814 0.591664
4 0.509145 0.0255813 0.93299 0.0511626
4 0.946751 0.732237 0.106499 0.426093
4 0.615214 0.316373 0.685554 0.632746
0 0.124462 0.438974 0.248924 0.465113
3 0.0876383 0.310634 0.175277 0.621268
3 0.325157 0.128993 0.650315 0.257987
3 0.0729957 0.437894 0.145991 0.457971
0 0.339226 0.0669977 0.678453 0.133995
0 0.0729957 0.437894 0.145991 0.457971
0 0.430713 0.770942 0.530325 0.433552
4 0.525435 0.802402 0.443483 0.395196
3 0.114863 0.828363 0.227243 0.334826
4 0.793777 0.235321 0.306791 0.470641
4 0.607464 0.779546 0.370315 0.440907
0 0.0713995 0.806656 0.142697 0.383853
3 0.693017 0.786039 0.281108 0.398582
4 0.163509 0.828929 0.311073 0.342142
4 0.908147 0.309601 0.113278 0.316211
4 0.12099 0.581397 0.216072 0.110311
0 0.848814 0.402579 0.172952 0.504319
0 0.491478 0.748182 0.681221 0.483047
0 0.0289728 0.790344 0.0579455 0.419312
4 0.236979 0.032096 0.473959 0.0641919
3 0.116021 0.602016 0.232042 0.201141
4 0.663056 0.787206 0.296438 0.407359
4 0.0315204 0.780321 0.0630409 0.439357
4 0.14384 0.827194 0.281265 0.332696
0 0.440898 0.843676 0.45907 0.292682
4 0.0912352 0.784229 0.18247 0.431543
0 0.0912352 0.784229 0.18247 0.431543
0 0.750953 0.31353 0.384243 0.62706
4 0.423236 0.364059 0.653522 0.728117
0 0.213414 0.227669 0.426827 0.455338
3 0.34898 0.770633 0.476481 0.434885
3 0.275652 0.827515 0.47475 0.32023
4 0.314139 0.0246998 0.628278 0.0493996
3 0.478052 0.83275 0.451056 0.314585
4 0.692901 0.779927 0.260885 0.440147
0 0.162076 0.588794 0.309276 0.537442
0 0.551751 0.779501 0.470386 0.427164
0 0.607464 0.779546 0.370315 0.440907
4 0.413674 0.772732 0.459954 0.430159
0 0.144795 0.571098 0.283047 0.235767
0 0.489687 0.823399 0.451063 0.353201
2 0.848814 0.402579 0.172952 0.504319
3 0.405751 0.843492 0.456821 0.294096
4 0.783261 0.120039 0.433478 0.240079
1 0.890698 0.22745 0.0932312 0.454899
4 0.0289728 0.790344 0.0579455 0.419312
4 0.928693 0.242436 0.142615 0.472092
3 0.162212 0.640096 0.302514 0.213664
4 0.213414 0.227669 0.426827 0.455338
3 0.339226 0.0669977 0.678453 0.133995
0 0.663056 0.787206 0.296438 0.407359
4 0.30657 0.709708 0.613139 0.523012
3 0.0912352 0.784229 0.18247 0.431543
0 0.955264 0.54527 0.0894716 0.224664
0 0.30657 0.709708 0.613139 0.523012
4 0.339226 0.0669977 0.678453 0.133995
2 0.250209 0.741231 0.491276 0.464435
0 0.043373 0.77418 0.086746 0.45164
2 0.817524 0.563638 0.258421 0.817251
3 0.207756 0.843416 0.379269 0.29595
3 0.890976 0.371073 0.093457 0.436266
4 0.242059 0.17679 0.484118 0.353579
0 0.0315204 0.780321 0.0630409 0.439357
4 0.761359 0.22654 0.477282 0.45308
4 0.325157 0.128993 0.650315 0.257987
0 0.0678904 0.382892 0.135781 0.558639
0 0.410098 0.834951 0.448566 0.330098
4 0.043373 0.77418 0.086746 0.45164
4 0.0192802 0.330043 0.0385604 0.624758
4 0.890976 0.371073 0.093457 0.436266
3 0.117628 0.579454 0.235256 0.12246
0 0.028437 0.275771 0.056874 0.551543
2 0.890976 0.371073 0.093457 0.436266
4 0.955264 0.54527 0.0894716 0.224664
4 0.915504 0.342846 0.134398 0.307643
2 0.240088 0.294335 0.480176 0.58867
0 0.391437 0.585458 0.376188 0.622171
3 0.407703 0.0522936 0.815405 0.104587
4 0.410098 0.834951 0.448566 0.330098
4 0.0199922 0.41844 0.0399843 0.528696
4 0.028437 0.275771 0.056874 0.551543
0 0.140201 0.404279 0.280401 0.637404
2 0.915504 0.342846 0.134398 0.307643
4 0.444 0.841095 0.531754 0.289608
0 0.912004 0.663197 0.175992 0.642641
4 0.0713995 0.806656 0.142697 0.383853
0 0.325157 0.128993 0.650315 0.257987
4 0.475717 0.802505 0.54126 0.377752
4 0.340162 0.837614 0.389484 0.324773
1 0.225091 0.70104 0.450182 0.440272
4 0.817524 0.563638 0.258421 0.817251
2 0.117628 0.579454 0.235256 0.12246
4 0.341293 0.404273 0.489319 0.808546
0 0.354866 0.835238 0.4391 0.305063
4 0.124462 0.438974 0.248924 0.465113
0 0.242059 0.17679 0.484118 0.353579
0 0.175785 0.832979 0.332219 0.31872
4 0.225863 0.844001 0.39307 0.311998
4 0.471781 0.462021 0.511254 0.924042
0 0.379783 0.664219 0.495443 0.623147
4 0.317022 0.307731 0.634045 0.615461
1 0.750953 0.31353 0.384243 0.62706
4 0.927622 0.430682 0.144755 0.34668
3 0.0543211 0.42938 0.108642 0.475018
4 0.0729957 0.437894 0.145991 0.457971
4 0.207756 0.843416 0.379269 0.29595
0 0.195987 0.756672 0.375509 0.467247
4 0.551751 0.779501 0.470386 0.427164
4 0.910299 0.230481 0.179402 0.460961
2 0.908147 0.309601 0.113278 0.316211
1 0.908147 0.309601 0.113278 0.316211
4 0.825923 0.541381 0.348154 0.899699
3 0.144795 0.571098 0.283047 0.235767
2 0.143313 0.451707 0.282173 0.497975
4 0.613867 0.436813 0.452238 0.873625
1 0.119993 0.604681 0.239986 0.15383
4 0.912004 0.663197 0.175992 0.642641
4 0.928663 0.328296 0.142674 0.475339
4 0.194532 0.320704 0.389064 0.641409
2 0.423236 0.364059 0.653522 0.728117
0 0.275652 0.827515 0.47475 0.32023
1 0.14384 0.827194 0.281265 0.332696
2 0.162076 0.588794 0.309276 0.537442
0 0.494324 0.625411 0.296684 0.593394
4 0.354866 0.835238 0.4391 0.305063
4 0.5733 0.628911 0.222255 0.581364
0 0.187438 0.841405 0.345707 0.317191
0 0.340162 0.837614 0.389484 0.324773
0 0.692901 0.779927 0.260885 0.440147
4 0.0876383 0.310634 0.175277 0.621268
2 0.043373 0.77418 0.086746 0.45164
0 0.407141 0.478099 0.33239 0.614702
4 0.379783 0.664219 0.495443 0.623147
0 0.316942 0.353251 0.399452 0.706502
4 0.0678904 0.382892 0.135781 0.558639
2 0.159457 0.348922 0.318913 0.697845
0 0.5733 0.628911 0.222255 0.581364
4 0.275652 0.827515 0.47475 0.32023
2 0.149837 0.760542 0.272914 0.460001
0 0.265988 0.841335 0.416922 0.317329
0 0.485566 0.67 0.381814 0.591664
0 0.240056 0.343709 0.403407 0.687418
4 0.269565 0.656199 0.518036 0.647906
0 0.11259 0.58224 0.22518 0.120157
0 0.112481 0.552621 0.224961 0.178641
3 0.889159 0.307807 0.0748436 0.32918
0 0.119994 0.604667 0.239989 0.153869
0 0.893269 0.302905 0.0851891 0.297773
1 0.120998 0.581397 0.216089 0.110316
1 0.893269 0.302905 0.0851891 0.297773
0 0.829188 0.7939 0.332311 0.391061
0 0.117914 0.490651 0.227499 0.308555
1 0.112481 0.552621 0.224961 0.178641
0 0.913707 0.297797 0.127199 0.332121
0 0.89071 0.227422 0.0932556 0.454844
2 0.893269 0.302905 0.0851891 0.297773
3 0.912389 0.663379 0.175221 0.640959
0 0.492447 0.0257512 0.957681 0.0515024
4 0.233608 0.755953 0.428106 0.462197
0 0.379907 0.0219169 0.759814 0.0438339
4 0.150045 0.760559 0.273331 0.459908
2 0.112481 0.552621 0.224961 0.178641
3 0.762015 0.538556 0.278707 0.80724
0 0.418107 0.0498048 0.802822 0.0996096
0 0.121528 0.76269 0.243055 0.464617
3 0.121413 0.404347 0.242826 0.569064
0 0.89097 0.369468 0.093388 0.432966
3 0.329377 0.381573 0.476048 0.763145
0 0.936273 0.794686 0.127453 0.410628
3 0.140167 0.403881 0.280333 0.637819
3 0.946973 0.731661 0.106053 0.425202
0 0.236774 0.0321548 0.473548 0.0643096
3 0.62918 0.0231463 0.741641 0.0462926
3 0.830527 0.765809 0.338945 0.459959
3 0.72352 0.412057 0.3852 0.824113
0 0.928692 0.242115 0.142617 0.47267
3 0.347973 0.33917 0.679413 0.678341
3 0.90868 0.311738 0.114096 0.357513
3 0.955651 0.545081 0.0886986 0.223097
3 0.182988 0.377284 0.337325 0.754568
0 0.403702 0.7753 0.768773 0.421938
3 0.520567 0.44656 0.518527 0.89312
3 0.397065 0.470029 0.328659 0.588503
0 0.795525 0.235293 0.303046 0.470586
4 0.8317 0.781708 0.3366 0.42078
3 0.928686 0.327175 0.142628 0.4778
0 0.660604 0.0621124 0.678793 0.124225
4 0.11602 0.602026 0.232039 0.200988
3 0.471506 0.777121 0.64859 0.417439
3 0.21078 0.64266 0.421559 0.465799
3 0.614225 0.436252 0.451068 0.872505
3 0.67883 0.481195 0.274783 0.950822
4 0.893269 0.302905 0.0851891 0.297773
3 0.240161 0.343326 0.401649 0.686651
3 0.6059 0.779731 0.373119 0.440538
3 0.128735 0.316768 0.25747 0.633537
3 0.660604 0.0621124 0.678793 0.124225
0 0.702902 0.236567 0.594197 0.473133
3 0.233608 0.755953 0.428106 0.462197
3 0.150045 0.760559 0.273331 0.459908
3 0.457787 0.365447 0.635941 0.730893
3 0.927676 0.430566 0.144647 0.346333
3 0.173102 0.473678 0.293805 0.54387
3 0.848865 0.402479 0.172816 0.504038
3 0.253238 0.465596 0.302722 0.569233
3 0.909265 0.230059 0.181471 0.460118
3 0.761875 0.226991 0.476249 0.453982
3 0.494586 0.625561 0.295837 0.592782
3 0.67656 0.258834 0.646881 0.517668
3 0.804912 0.683774 0.306779 0.626552
3 0.938148 0.796911 0.123704 0.406177
3 0.93648 0.773645 0.127041 0.439693
3 0.409725 0.835024 0.451214 0.329952
0 0.928686 0.327175 0.142628 0.4778
3 0.163695 0.829571 0.311483 0.340859
3 0.473843 0.4816 0.34937 0.88841
3 0.421052 0.447771 0.508567 0.895543
3 0.331003 0.551921 0.378137 0.628554
4 0.415511 0.773128 0.74183 0.422611
3 0.692625 0.779908 0.261118 0.440184
3 0.524225 0.802981 0.445691 0.394039
3 0.610127 0.472623 0.307921 0.942449
2 0.124239 0.609587 0.2221 0.154601
3 0.573448 0.629049 0.221256 0.579759
3 0.783416 0.122382 0.433168 0.244764
3 0.236774 0.0321548 0.473548 0.0643096
3 0.419096 0.610398 0.3599 0.612158
3 0.68303 0.626696 0.265122 0.699702
3 0.239781 0.294412 0.479562 0.588825
3 0.633549 0.62727 0.238576 0.620823
0 0.0200068 0.418688 0.0400137 0.528109
2 0.162188 0.64015 0.302392 0.213903
3 0.61495 0.316563 0.686171 0.633126
0 0.0543063 0.429758 0.108613 0.474129
0 0.584668 0.0192237 0.75773 0.0384474
3 0.26601 0.841579 0.418683 0.316841
3 0.241059 0.541144 0.361091 0.570088
0 0.526646 0.0585909 0.763928 0.117182
0 0.783416 0.122382 0.433168 0.244764
3 0.817855 0.563708 0.257401 0.816857
3 0.554028 0.479887 0.301152 0.950084
0 0.938148 0.796911 0.123704 0.406177
0 0.61495 0.316563 0.686171 0.633126
3 0.339926 0.837731 0.392125 0.324538
3 0.314005 0.0246744 0.628011 0.0493488
0 0.576069 0.107746 0.732534 0.215491
4 0.89071 0.227422 0.0932556 0.454844
4 0.584668 0.0192237 0.75773 0.0384474
2 0.112727 0.758528 0.225453 0.47894
4 0.674237 0.774792 0.588959 0.42083
4 0.121287 0.473291 0.223206 0.3432
3 0.0679602 0.382149 0.13592 0.560196
3 0.0315421 0.780215 0.0630842 0.439569
0 0.114989 0.829551 0.22749 0.332512
3 0.0200068 0.418688 0.0400137 0.528109
0 0.833884 0.533707 0.307939 0.9142
3 0.349643 0.733291 0.646586 0.476578
3 0.508987 0.0255035 0.932728 0.0510071
4 0.576069 0.107746 0.732534 0.215491
4 0.418107 0.0498048 0.802822 0.0996096
3 0.576069 0.107746 0.732534 0.215491
3 0.816737 0.783641 0.317247 0.432717
4 0.67656 0.258834 0.646881 0.517668
3 0.380067 0.664423 0.494343 0.623074
3 0.0290396 0.790322 0.0580793 0.419355
4 0.112727 0.758528 0.225453 0.47894
3 0.251656 0.169112 0.503311 0.338223
0 0.83323 0.785957 0.33354 0.428087
4 0.938148 0.796911 0.123704 0.406177
0 0.927676 0.430566 0.144647 0.346333
3 0.89071 0.227422 0.0932556 0.454844
3 0.656846 0.754642 0.615066 0.484609
3 0.825991 0.541322 0.348017 0.899986
3 0.112727 0.758528 0.225453 0.47894
3 0.601122 0.679055 0.342694 0.634664
3 0.526646 0.0585909 0.763928 0.117182
4 0.660604 0.0621124 0.678793 0.124225
3 0.685431 0.680277 0.360176 0.639447
0 0.946973 0.731661 0.106053 0.425202
3 0.0434008 0.774148 0.0868016 0.451704
3 0.269417 0.656255 0.517797 0.647806
3 0.126803 0.493365 0.235584 0.327079
3 0.162012 0.589014 0.309176 0.53761
4 0.526646 0.0585909 0.763928 0.117182
0 0.910284 0.230444 0.179432 0.460887
3 0.795525 0.235293 0.303046 0.470586
1 0.117914 0.490651 0.227499 0.308555
4 0.116493 0.546525 0.226073 0.191013
4 0.93648 0.773645 0.127041 0.439693
4 0.816737 0.783641 0.317247 0.432717
3 0.213353 0.227854 0.426707 0.455708
3 0.751312 0.313525 0.383453 0.627051
3 0.0193529 0.329861 0.0387058 0.625003
3 0.0284958 0.275647 0.0569915 0.551294
0 0.0193529 0.329861 0.0387058 0.625003
3 0.485901 0.670161 0.380431 0.591451
4 0.508987 0.0255035 0.932728 0.0510071
0 0.668427 0.781358 0.639648 0.434398
4 0.946973 0.731661 0.106053 0.425202
4 0.61495 0.316563 0.686171 0.633126
3 0.0874222 0.310449 0.174844 0.620898
3 0.325117 0.130829 0.650233 0.261659
3 0.0731083 0.437914 0.146217 0.457948
0 0.124419 0.438945 0.248838 0.465048
4 0.524225 0.802981 0.445691 0.394039
3 0.114989 0.829551 0.22749 0.332512
4 0.795525 0.235293 0.303046 0.470586
0 0.339078 0.067305 0.678156 0.13461
4 0.6059 0.779731 0.373119 0.440538
0 0.0731083 0.437914 0.146217 0.457948
0 0.430476 0.770815 0.530189 0.433828
3 0.689431 0.785991 0.286203 0.398733
4 0.163695 0.829571 0.311483 0.340859
4 0.120998 0.581397 0.216089 0.110316
4 0.908184 0.309599 0.113336 0.316299
4 0.236774 0.0321548 0.473548 0.0643096
3 0.11602 0.602026 0.232039 0.200988
4 0.0315421 0.780215 0.0630842 0.439569
4 0.662552 0.78716 0.297484 0.407538
0 0.0714751 0.807134 0.142846 0.382935
4 0.144154 0.827985 0.281869 0.331155
0 0.848865 0.402479 0.172816 0.504038
0 0.491673 0.748211 0.68047 0.483037
0 0.0290396 0.790322 0.0580793 0.419355
4 0.0915027 0.784363 0.183005 0.431273
0 0.4408 0.843853 0.459962 0.29234
4 0.423242 0.36386 0.653221 0.72772
3 0.348777 0.770634 0.477467 0.434912
0 0.0915027 0.784363 0.183005 0.431273
3 0.275628 0.828624 0.475323 0.318137
0 0.751312 0.313525 0.383453 0.627051
4 0.314005 0.0246744 0.628011 0.0493488
3 0.478084 0.833356 0.450947 0.31336
0 0.213353 0.227854 0.426707 0.455708
4 0.692625 0.779908 0.261118 0.440184
4 0.413404 0.772653 0.460453 0.430309
4 0.783416 0.122382 0.433168 0.244764
3 0.405918 0.843587 0.457963 0.293903
4 0.0290396 0.790322 0.0580793 0.419355
3 0.339078 0.067305 0.678156 0.13461
4 0.213353 0.227854 0.426707 0.455708
4 0.928692 0.242115 0.142617 0.47267
2 0.848865 0.402479 0.172816 0.504038
1 0.89071 0.227422 0.0932556 0.454844
0 0.162012 0.589014 0.309176 0.53761
3 0.162188 0.64015 0.302392 0.213903
0 0.550072 0.779565 0.47342 0.426934
3 0.0915027 0.784363 0.183005 0.431273
4 0.306286 0.710176 0.612572 0.522187
0 0.6059 0.779731 0.373119 0.440538
0 0.144784 0.57109 0.283 0.235601
0 0.489144 0.82382 0.452467 0.352361
4 0.339078 0.067305 0.678156 0.13461
0 0.127498 0.821418 0.253712 0.357164
2 0.250029 0.741003 0.490861 0.464738
2 0.817855 0.563708 0.257401 0.816857
3 0.89097 0.369468 0.093388 0.432966
4 0.241689 0.177602 0.483377 0.355205
0 0.662552 0.78716 0.297484 0.407538
3 0.208152 0.843723 0.380071 0.295342
4 0.761875 0.226991 0.476249 0.453982
0 0.955651 0.545081 0.0886986 0.223097
4 0.325117 0.130829 0.650233 0.261659
0 0.306286 0.710176 0.612572 0.522187
4 0.0434008 0.774148 0.0868016 0.451704
0 0.0434008 0.774148 0.0868016 0.451704
4 0.0193529 0.329861 0.0387058 0.625003
0 0.0315421 0.780215 0.0630842 0.439569
4 0.89097 0.369468 0.093388 0.432966
3 0.11763 0.579478 0.235259 0.122448
2 0.89097 0.369468 0.093388 0.432966
0 0.0679602 0.382149 0.13592 0.560196
4 0.955651 0.545081 0.0886986 0.223097
0 0.409725 0.835024 0.451214 0.329952
4 0.915488 0.342911 0.134341 0.307244
2 0.239781 0.294412 0.479562 0.588825
3 0.407603 0.0523638 0.815206 0.104728
4 0.409725 0.835024 0.451214 0.329952
0 0.0284958 0.275647 0.0569915 0.551294
4 0.0200068 0.418688 0.0400137 0.528109
4 0.0284958 0.275647 0.0569915 0.551294
4 0.443774 0.841827 0.531502 0.288244
2 0.915488 0.342911 0.134341 0.307244
0 0.391615 0.585612 0.375807 0.622924
4 0.0714751 0.807134 0.142846 0.382935
4 0.475976 0.8035 0.540258 0.375616
0 0.140167 0.403881 0.280333 0.637819
4 0.339926 0.837731 0.392125 0.324538
1 0.224785 0.701103 0.449571 0.439853
4 0.817855 0.563708 0.257401 0.816857
4 0.341753 0.404082 0.488298 0.808165
2 0.11763 0.579478 0.235259 0.122448
0 0.912389 0.663379 0.175221 0.640959
4 0.124419 0.438945 0.248838 0.465048
0 0.325117 0.130829 0.650233 0.261659
4 0.471933 0.461486 0.510764 0.922973
4 0.226197 0.844411 0.393999 0.311178
4 0.31705 0.30724 0.6341 0.61448
0 0.354466 0.835584 0.441137 0.30446
1 0.751312 0.313525 0.383453 0.627051
4 0.927676 0.430566 0.144647 0.346333
0 0.241689 0.177602 0.483377 0.355205
0 0.176043 0.833421 0.332764 0.317863
0 0.380067 0.664423 0.494343 0.623074
3 0.0543063 0.429758 0.108613 0.474129
4 0.0731083 0.437914 0.146217 0.457948
4 0.208152 0.843723 0.380071 0.295342
4 0.550072 0.779565 0.47342 0.426934
4 0.910284 0.230444 0.179432 0.460887
2 0.908184 0.309599 0.113336 0.316299
1 0.908184 0.309599 0.113336 0.316299
0 0.196218 0.756724 0.37591 0.46724
4 0.825991 0.541322 0.348017 0.899986
3 0.144784 0.57109 0.283 0.235601
2 0.143227 0.451798 0.28211 0.497606
4 0.614225 0.436252 0.451068 0.872505
1 0.119994 0.604667 0.239989 0.153869
4 0.928686 0.327175 0.142628 0.4778
4 0.912389 0.663379 0.175221 0.640959
4 0.194183 0.320867 0.388367 0.641734
2 0.423242 0.36386 0.653221 0.72772
1 0.144154 0.827985 0.281869 0.331155
0 0.275628 0.828624 0.475323 0.318137
2 0.162012 0.589014 0.309176 0.53761
4 0.354466 0.835584 0.441137 0.30446
4 0.573448 0.629049 0.221256 0.579759
4 0.0874222 0.310449 0.174844 0.620898
2 0.0434008 0.774148 0.0868016 0.451704
0 0.494586 0.625561 0.295837 0.592782
4 0.380067 0.664423 0.494343 0.623074
0 0.187582 0.841855 0.346176 0.31629
2 0.159282 0.348988 0.318563 0.697977
4 0.0679602 0.382149 0.13592 0.560196
0 0.339926 0.837731 0.392125 0.324538
4 0.275628 0.828624 0.475323 0.318137
2 0.150045 0.760559 0.273331 0.459908
0 0.692625 0.779908 0.261118 0.440184
4 0.269417 0.656255 0.517797 0.647806
0 0.407397 0.478414 0.33187 0.615866
4 0.317369 0.35284 0.397466 0.705681
0 0.317369 0.35284 0.397466 0.705681
4 0.140167 0.403881 0.280333 0.637819
0 0.573448 0.629049 0.221256 0.579759
