0 0.913838 0.526621 0.172324 0.121257
3 0.908023 0.250726 0.0834747 0.383677
0 0.939614 0.529722 0.119293 0.122722
0 0.942076 0.457798 0.115849 0.264546
1 0.913838 0.526621 0.172324 0.121257
0 0.912011 0.458358 0.172035 0.263349
0 0.906339 0.243785 0.0913124 0.360353
0 0.906161 0.329021 0.0934853 0.553591
0 0.192636 0.715947 0.377863 0.356628
0 0.917968 0.367466 0.164065 0.494367
0 0.83306 0.730463 0.333879 0.532912
0 0.571447 0.765414 0.54804 0.450715
0 0.248525 0.76594 0.483611 0.460519
4 0.913335 0.529853 0.17333 0.116471
3 0.810605 0.361475 0.0854591 0.493766
3 0.803626 0.487757 0.060572 0.402435
0 0.190374 0.630968 0.372168 0.194356
3 0.852051 0.35447 0.203337 0.641741
2 0.913335 0.529853 0.17333 0.116471
0 0.784525 0.779285 0.260474 0.417513
0 0.414269 0.0470447 0.777147 0.0940894
3 0.835062 0.610842 0.329876 0.304182
3 0.196396 0.382732 0.387995 0.758826
3 0.711235 0.369533 0.496298 0.739066
4 0.935969 0.724421 0.128063 0.536289
0 0.693186 0.752364 0.563866 0.483271
0 0.466122 0.761877 0.648844 0.463241
0 0.350616 0.294518 0.536501 0.58013
0 0.929575 0.202082 0.14085 0.400462
1 0.942076 0.457798 0.115849 0.264546
0 0.941952 0.773955 0.116096 0.448783
0 0.753646 0.676973 0.442464 0.646053
3 0.827753 0.745935 0.344457 0.50813
3 0.188998 0.565415 0.376661 0.34282
3 0.917968 0.367466 0.164065 0.494367
0 0.206807 0.135815 0.413614 0.27163
3 0.925344 0.310307 0.149312 0.606326
3 0.654367 0.694508 0.459384 0.599654
3 0.661183 0.592044 0.291943 0.815912
3 0.802212 0.570839 0.142554 0.577535
0 0.803626 0.487757 0.060572 0.402435
3 0.189069 0.633489 0.372823 0.200057
0 0.927841 0.30559 0.144319 0.609742
3 0.764486 0.587517 0.119729 0.688006
0 0.309703 0.0553971 0.617235 0.110794
3 0.61657 0.303801 0.705242 0.607602
3 0.304648 0.499804 0.59504 0.999608
3 0.569079 0.387058 0.380488 0.757074
3 0.919489 0.209144 0.119528 0.418289
3 0.566137 0.18583 0.788227 0.371661
3 0.672103 0.769994 0.36996 0.460011
3 0.595444 0.768127 0.451717 0.463746
3 0.471727 0.512375 0.430896 0.97525
3 0.519883 0.0975601 0.858727 0.19512
3 0.600667 0.573206 0.320383 0.842766
3 0.753646 0.676973 0.442464 0.646053
3 0.642742 0.421735 0.287886 0.686641
0 0.381526 0.784848 0.673785 0.411425
3 0.470559 0.0430371 0.843461 0.0860742
3 0.206807 0.135815 0.413614 0.27163
3 0.266546 0.796151 0.507458 0.407699
3 0.943998 0.765497 0.112004 0.469006
3 0.939074 0.52807 0.121852 0.127956
1 0.906062 0.244352 0.091394 0.360925
0 0.201648 0.389955 0.392982 0.77991
0 0.919489 0.209144 0.119528 0.418289
3 0.405689 0.776601 0.58098 0.446799
0 0.188998 0.565415 0.376661 0.34282
3 0.7598 0.774018 0.293373 0.451965
1 0.906161 0.329021 0.0934853 0.553591
3 0.913963 0.741651 0.172073 0.516698
3 0.788752 0.742308 0.422495 0.50997
3 0.477611 0.323417 0.735816 0.646833
3 0.939413 0.731357 0.121173 0.53426
4 0.350616 0.294518 0.536501 0.58013
3 0.441982 0.368601 0.481094 0.737081
3 0.174871 0.816306 0.340121 0.367388
3 0.594038 0.650002 0.491599 0.6828
3 0.734579 0.565303 0.275213 0.836421
3 0.418327 0.496764 0.664535 0.993527
4 0.824438 0.770147 0.343939 0.450161
4 0.917968 0.367466 0.164065 0.494367
3 0.124537 0.831797 0.247179 0.336405
4 0.188909 0.764268 0.377 0.458471
0 0.0603087 0.839746 0.120144 0.318354
3 0.741165 0.237469 0.441966 0.474939
3 0.0240807 0.570787 0.0481615 0.777771
0 0.835062 0.610842 0.329876 0.304182
3 0.174681 0.283999 0.345908 0.548602
3 0.925874 0.191062 0.148252 0.382123
3 0.932657 0.236089 0.134687 0.460871
3 0.0415856 0.307809 0.0831712 0.615618
3 0.205215 0.7539 0.406764 0.475173
3 0.274161 0.0723917 0.548322 0.144783
0 0.0753756 0.828219 0.150751 0.343563
0 0.810605 0.361475 0.0854591 0.493766
3 0.0385699 0.382325 0.0771398 0.728992
3 0.651151 0.777678 0.425225 0.444644
0 0.879936 0.234647 0.146282 0.371037
0 0.121232 0.831049 0.239679 0.330919
0 0.519883 0.0975601 0.858727 0.19512
0 0.741165 0.237469 0.441966 0.474939
4 0.614599 0.761062 0.564788 0.465889
3 0.0301284 0.814775 0.0602567 0.370451
3 0.0240502 0.747827 0.0481005 0.504347
0 0.260285 0.494905 0.518465 0.98981
4 0.203437 0.374806 0.401373 0.749611
3 0.845077 0.764077 0.309846 0.471846
0 0.251908 0.0955785 0.503816 0.191157
2 0.8209 0.731081 0.3582 0.526769
0 0.663958 0.290296 0.604565 0.580592
4 0.190374 0.630968 0.372168 0.194356
4 0.906339 0.243785 0.0913124 0.360353
3 0.103973 0.280086 0.207947 0.560173
0 0.378411 0.500466 0.507087 0.999068
3 0.0302755 0.473389 0.0605509 0.706349
3 0.76321 0.386272 0.246108 0.712218
4 0.943998 0.765497 0.112004 0.469006
3 0.879936 0.234647 0.146282 0.371037
0 0.0302755 0.473389 0.0605509 0.706349
0 0.566137 0.18583 0.788227 0.371661
4 0.481571 0.0585808 0.918138 0.117162
0 0.734579 0.565303 0.275213 0.836421
4 0.443538 0.778042 0.678026 0.425856
3 0.919822 0.324669 0.118556 0.57143
1 0.921543 0.330077 0.152281 0.544814
0 0.943998 0.765497 0.112004 0.469006
3 0.31641 0.758632 0.627772 0.474819
4 0.595444 0.768127 0.451717 0.463746
3 0.764157 0.413603 0.0911665 0.532655
4 0.800193 0.769841 0.303418 0.460318
4 0.913963 0.741651 0.172073 0.516698
2 0.810605 0.361475 0.0854591 0.493766
3 0.767517 0.784308 0.234963 0.413235
2 0.906062 0.244352 0.091394 0.360925
3 0.158752 0.723725 0.317503 0.550101
0 0.0269915 0.793761 0.0539831 0.412478
4 0.672103 0.769994 0.36996 0.460011
0 0.0301284 0.814775 0.0602567 0.370451
4 0.467745 0.771742 0.61168 0.456517
3 0.140386 0.388548 0.280771 0.741468
3 0.449394 0.737148 0.659473 0.505849
4 0.942076 0.457798 0.115849 0.264546
4 0.321295 0.784766 0.520921 0.430467
4 0.519883 0.0975601 0.858727 0.19512
0 0.477634 0.496942 0.653982 0.986528
3 0.02097 0.675307 0.04194 0.649385
4 0.913484 0.470143 0.171358 0.238532
3 0.334682 0.0532938 0.668769 0.106588
0 0.0205145 0.62986 0.041029 0.737487
3 0.693186 0.752364 0.563866 0.483271
0 0.7598 0.774018 0.293373 0.451965
2 0.913484 0.470143 0.171358 0.238532
4 0.61657 0.303801 0.705242 0.607602
4 0.174871 0.816306 0.340121 0.367388
3 0.307772 0.299213 0.595973 0.590983
0 0.518846 0.768668 0.54891 0.462664
0 0.405689 0.776601 0.58098 0.446799
4 0.439852 0.290738 0.442679 0.565979
4 0.385242 0.501944 0.54028 0.996112
4 0.566137 0.18583 0.788227 0.371661
4 0.188998 0.565415 0.376661 0.34282
3 0.127198 0.302772 0.254396 0.588751
4 0.0301284 0.814775 0.0602567 0.370451
0 0.651151 0.777678 0.425225 0.444644
4 0.241247 0.809896 0.47026 0.380208
4 0.124537 0.831797 0.247179 0.336405
0 0.439852 0.290738 0.442679 0.565979
4 0.919489 0.209144 0.119528 0.418289
4 0.260285 0.494905 0.518465 0.98981
3 0.160963 0.522881 0.321925 0.473812
4 0.925344 0.310307 0.149312 0.606326
4 0.919822 0.324669 0.118556 0.57143
3 0.161553 0.226442 0.323105 0.452884
3 0.570696 0.738778 0.557767 0.496564
0 0.594038 0.650002 0.491599 0.6828
3 0.898222 0.27719 0.108107 0.422109
4 0.0753756 0.828219 0.150751 0.343563
4 0.206807 0.135815 0.413614 0.27163
2 0.753646 0.676973 0.442464 0.646053
4 0.697711 0.736495 0.53682 0.510722
3 0.0651767 0.820215 0.129768 0.359411
3 0.942203 0.471864 0.115594 0.242769
0 0.764486 0.587517 0.119729 0.688006
4 0.0941878 0.768624 0.188376 0.457681
0 0.190532 0.739348 0.379025 0.508486
0 0.802212 0.570839 0.142554 0.577535
0 0.167307 0.83875 0.331676 0.309498
4 0.477634 0.496942 0.653982 0.986528
0 0.103973 0.280086 0.207947 0.560173
4 0.767517 0.784308 0.234963 0.413235
4 0.332028 0.788807 0.624875 0.407449
2 0.852051 0.35447 0.203337 0.641741
3 0.0941878 0.768624 0.188376 0.457681
0 0.0385699 0.382325 0.0771398 0.728992
4 0.0361164 0.409717 0.0722327 0.715959
0 0.711235 0.369533 0.496298 0.739066
4 0.925874 0.191062 0.148252 0.382123
4 0.217285 0.264016 0.432374 0.528032
0 0.672103 0.769994 0.36996 0.460011
0 0.226126 0.292257 0.44135 0.574298
1 0.939074 0.52807 0.121852 0.127956
2 0.31641 0.758632 0.627772 0.474819
2 0.734579 0.565303 0.275213 0.836421
0 0.412827 0.304622 0.763825 0.609244
4 0.0603087 0.839746 0.120144 0.318354
0 0.913963 0.741651 0.172073 0.516698
4 0.334682 0.0532938 0.668769 0.106588
4 0.0269915 0.793761 0.0539831 0.412478
4 0.103973 0.280086 0.207947 0.560173
2 0.936927 0.528525 0.126147 0.125379
0 0.0415856 0.307809 0.0831712 0.615618
0 0.654367 0.694508 0.459384 0.599654
4 0.161553 0.226442 0.323105 0.452884
4 0.0469187 0.361827 0.0938374 0.723654
4 0.274161 0.0723917 0.548322 0.144783
4 0.160963 0.522881 0.321925 0.473812
4 0.136425 0.463764 0.27285 0.578041
4 0.0205145 0.62986 0.041029 0.737487
4 0.43815 0.320019 0.585011 0.63612
4 0.255603 0.745022 0.51094 0.492183
2 0.466122 0.761877 0.648844 0.463241
4 0.932657 0.236089 0.134687 0.460871
4 0.471727 0.512375 0.430896 0.97525
2 0.910161 0.33165 0.156702 0.549946
1 0.504601 0.769922 0.654179 0.435543
3 0.404866 0.293601 0.445564 0.574516
1 0.912011 0.458358 0.172035 0.263349
1 0.803626 0.487757 0.060572 0.402435
2 0.942076 0.457798 0.115849 0.264546
1 0.207902 0.815533 0.411319 0.351883
1 0.810605 0.361475 0.0854591 0.493766
0 0.600667 0.573206 0.320383 0.842766
2 0.906161 0.329021 0.0934853 0.553591
0 0.852051 0.35447 0.203337 0.641741
0 0.421818 0.542029 0.0468153 0.0434651
4 0.600667 0.573206 0.320383 0.842766
3 0.192636 0.715947 0.377863 0.356628
1 0.919489 0.209144 0.119528 0.418289
3 0.912083 0.530013 0.175834 0.118397
0 0.209688 0.813692 0.406198 0.372617
4 0.682703 0.588787 0.382213 0.808382
2 0.571447 0.765414 0.54804 0.450715
3 0.912011 0.458358 0.172035 0.263349
2 0.205215 0.7539 0.406764 0.475173
0 0.586484 0.374225 0.706938 0.74845
0 0.682703 0.588787 0.382213 0.808382
4 0.127198 0.302772 0.254396 0.588751
1 0.194809 0.377014 0.385424 0.754029
4 0.594038 0.650002 0.491599 0.6828
1 0.121232 0.831049 0.239679 0.330919
1 0.835791 0.726367 0.328417 0.537516
2 0.927841 0.30559 0.144319 0.609742
4 0.741165 0.237469 0.441966 0.474939
1 0.388309 0.784168 0.661034 0.409628
4 0.569079 0.387058 0.380488 0.757074
4 0.734579 0.565303 0.275213 0.836421
2 0.124537 0.831797 0.247179 0.336405
0 0.0941878 0.768624 0.188376 0.457681
2 0.0753756 0.828219 0.150751 0.343563
1 0.190152 0.72937 0.376982 0.383244
4 0.764486 0.587517 0.119729 0.688006
0 0.471727 0.512375 0.430896 0.97525
2 0.764157 0.413603 0.0911665 0.532655
2 0.161553 0.226442 0.323105 0.452884
4 0.76321 0.386272 0.246108 0.712218
4 0.51534 0.369746 0.523878 0.739492
2 0.941952 0.773955 0.116096 0.448783
2 0.51534 0.369746 0.523878 0.739492
2 0.711235 0.369533 0.496298 0.739066
2 0.30929 0.286963 0.613254 0.573926
2 0.682703 0.588787 0.382213 0.808382
2 0.167307 0.83875 0.331676 0.309498
4 0.753646 0.676973 0.442464 0.646053
2 0.802212 0.570839 0.142554 0.577535
1 0.602754 0.775111 0.444706 0.437827
1 0.189069 0.633489 0.372823 0.200057
1 0.226126 0.292257 0.44135 0.574298
2 0.803626 0.487757 0.060572 0.402435
2 0.943998 0.765497 0.112004 0.469006
4 0.764157 0.413603 0.0911665 0.532655
4 0.642742 0.421735 0.287886 0.686641
2 0.7598 0.774018 0.293373 0.451965
1 0.941952 0.773955 0.116096 0.448783
1 0.167307 0.83875 0.331676 0.309498
2 0.193855 0.631069 0.375659 0.20242
4 0.645348 0.602005 0.228404 0.79599
4 0.803626 0.487757 0.060572 0.402435
4 0.810605 0.361475 0.0854591 0.493766
1 0.404866 0.293601 0.445564 0.574516
1 0.0603087 0.839746 0.120144 0.318354
2 0.764486 0.587517 0.119729 0.688006
2 0.76321 0.386272 0.246108 0.712218
2 0.439852 0.290738 0.442679 0.565979
0 0.161553 0.226442 0.323105 0.452884
1 0.158752 0.723725 0.317503 0.550101
0 0.160963 0.522881 0.321925 0.473812
4 0.711235 0.369533 0.496298 0.739066
2 0.385242 0.501944 0.54028 0.996112
0 0.139137 0.407107 0.278274 0.678849
0 0.913902 0.526611 0.172196 0.121263
3 0.908022 0.250727 0.0834467 0.383672
0 0.939628 0.529727 0.119233 0.122701
0 0.942137 0.457806 0.115726 0.264488
1 0.913902 0.526611 0.172196 0.121263
0 0.912031 0.45838 0.172017 0.263276
0 0.906326 0.243812 0.091312 0.360349
0 0.906152 0.329074 0.0934517 0.553435
0 0.192798 0.723146 0.378261 0.371678
0 0.918038 0.367824 0.163925 0.493562
0 0.833085 0.730492 0.33383 0.532874
0 0.572277 0.765321 0.546152 0.450996
3 0.810548 0.361419 0.0852709 0.493844
4 0.913349 0.529826 0.173301 0.116529
0 0.24917 0.765827 0.48482 0.460724
3 0.803599 0.487176 0.0604622 0.400573
3 0.852117 0.354547 0.203137 0.641798
0 0.190371 0.630935 0.372198 0.194497
2 0.913349 0.529826 0.173301 0.116529
0 0.7845 0.779428 0.260439 0.417269
3 0.835649 0.61035 0.328703 0.303018
0 0.414501 0.0468753 0.776938 0.0937505
3 0.196424 0.382842 0.38805 0.758929
3 0.712584 0.369512 0.493505 0.739024
4 0.936058 0.724393 0.127884 0.536132
0 0.693435 0.752301 0.563239 0.483537
0 0.350724 0.294511 0.535826 0.580083
0 0.466071 0.76171 0.648908 0.463649
1 0.942137 0.457806 0.115726 0.264488
0 0.929591 0.202154 0.140817 0.400282
0 0.94193 0.773919 0.11614 0.448819
3 0.827792 0.745837 0.344377 0.508326
0 0.753572 0.678016 0.442213 0.643967
3 0.189046 0.557157 0.376787 0.359817
3 0.918038 0.367824 0.163925 0.493562
3 0.925516 0.310389 0.148969 0.606086
3 0.65545 0.695328 0.456717 0.598346
3 0.661429 0.593546 0.290126 0.812908
3 0.802545 0.570543 0.14166 0.575467
0 0.206741 0.134941 0.413481 0.269882
3 0.189107 0.633299 0.372864 0.200535
0 0.803599 0.487176 0.0604622 0.400573
3 0.764594 0.586949 0.118919 0.684709
0 0.927913 0.305728 0.144175 0.609489
3 0.61678 0.304155 0.704734 0.60831
0 0.309746 0.054966 0.617314 0.109932
3 0.304418 0.499813 0.594821 0.999626
3 0.57098 0.387505 0.376723 0.757423
3 0.919325 0.20915 0.119048 0.418301
3 0.566468 0.187611 0.787434 0.375221
3 0.672006 0.770006 0.370249 0.459989
3 0.595204 0.768131 0.4522 0.463738
3 0.47746 0.514531 0.415685 0.970939
3 0.519914 0.0978634 0.858614 0.195727
3 0.753572 0.678016 0.442213 0.643967
3 0.643527 0.422235 0.286247 0.685526
3 0.604999 0.58166 0.301295 0.825296
3 0.470611 0.0430366 0.843502 0.0860732
3 0.206741 0.134941 0.413481 0.269882
3 0.321478 0.784854 0.521802 0.430293
3 0.94399 0.765417 0.112019 0.469165
0 0.381401 0.78511 0.673217 0.410947
1 0.906054 0.244455 0.0913868 0.361122
3 0.93915 0.528063 0.1217 0.127958
3 0.759659 0.774034 0.293731 0.451932
1 0.906152 0.329074 0.0934517 0.553435
3 0.914186 0.741401 0.171628 0.517198
0 0.201713 0.39034 0.393062 0.78068
3 0.477635 0.324594 0.734784 0.649188
3 0.788721 0.742259 0.422558 0.510159
0 0.919325 0.20915 0.119048 0.418301
3 0.939441 0.731361 0.121119 0.534235
3 0.442913 0.37002 0.479054 0.739881
3 0.441185 0.774252 0.611434 0.451496
4 0.350724 0.294511 0.535826 0.580083
0 0.189046 0.557157 0.376787 0.359817
3 0.418723 0.496737 0.661349 0.993473
3 0.174971 0.816263 0.340303 0.367475
3 0.595204 0.652979 0.487071 0.677113
3 0.734733 0.566505 0.274462 0.834065
3 0.241333 0.809923 0.470386 0.380154
4 0.918038 0.367824 0.163925 0.493562
4 0.82439 0.77007 0.343885 0.450387
3 0.124638 0.831807 0.247367 0.336386
4 0.188934 0.764149 0.377044 0.459316
3 0.742306 0.237713 0.439519 0.475426
3 0.0242545 0.570932 0.048509 0.77996
3 0.174715 0.284317 0.345965 0.54931
3 0.925946 0.191034 0.148109 0.382068
0 0.0603536 0.83977 0.120227 0.31836
3 0.932669 0.236492 0.134661 0.461466
3 0.0414763 0.308501 0.0829526 0.617001
0 0.835649 0.61035 0.328703 0.303018
3 0.205295 0.753645 0.406894 0.475746
3 0.274262 0.0717965 0.548524 0.143593
3 0.651066 0.77772 0.425552 0.44456
3 0.0386344 0.382413 0.0772689 0.728945
0 0.0755085 0.828202 0.151017 0.343597
0 0.810548 0.361419 0.0852709 0.493844
3 0.0301724 0.814626 0.0603449 0.370748
4 0.615653 0.760978 0.562839 0.46618
3 0.0241775 0.747534 0.048355 0.504932
4 0.203345 0.37492 0.401184 0.74984
0 0.88024 0.23481 0.145615 0.371067
0 0.519914 0.0978634 0.858614 0.195727
3 0.845778 0.763954 0.308443 0.472091
0 0.121343 0.831069 0.239893 0.330989
0 0.742306 0.237713 0.439519 0.475426
2 0.820876 0.731135 0.358247 0.526747
4 0.906326 0.243812 0.091312 0.360349
0 0.260307 0.495215 0.518526 0.99043
4 0.190371 0.630935 0.372198 0.194497
3 0.103474 0.280424 0.206947 0.560848
3 0.0304439 0.47355 0.0608877 0.707792
3 0.763624 0.386246 0.244215 0.711406
0 0.251858 0.0951037 0.503717 0.190207
3 0.88024 0.23481 0.145615 0.371067
4 0.94399 0.765417 0.112019 0.469165
0 0.664135 0.290632 0.604137 0.581265
0 0.378433 0.500485 0.506212 0.99903
4 0.481604 0.0586993 0.918157 0.117399
4 0.443671 0.778133 0.677715 0.425701
3 0.919781 0.324768 0.118308 0.571167
0 0.0304439 0.47355 0.0608877 0.707792
1 0.921579 0.330123 0.152217 0.544748
3 0.316464 0.758626 0.627891 0.474746
0 0.566468 0.187611 0.787434 0.375221
0 0.734733 0.566505 0.274462 0.834065
4 0.595204 0.768131 0.4522 0.463738
3 0.764241 0.41362 0.0908128 0.53219
3 0.15866 0.722368 0.317321 0.55346
4 0.800126 0.769859 0.303329 0.460282
3 0.76757 0.784435 0.235139 0.413061
4 0.914186 0.741401 0.171628 0.517198
2 0.810548 0.361419 0.0852709 0.493844
2 0.906054 0.244455 0.0913868 0.361122
0 0.94399 0.765417 0.112019 0.469165
4 0.672006 0.770006 0.370249 0.459989
4 0.467411 0.771777 0.612452 0.456445
3 0.140266 0.388886 0.280532 0.741512
4 0.321478 0.784854 0.521802 0.430293
4 0.942137 0.457806 0.115726 0.264488
3 0.449396 0.7371 0.659335 0.506018
4 0.519914 0.0978634 0.858614 0.195727
0 0.0270675 0.793628 0.0541349 0.412745
0 0.0301724 0.814626 0.0603449 0.370748
3 0.0211261 0.675132 0.0422522 0.649736
3 0.334733 0.0529852 0.668851 0.10597
4 0.9135 0.470173 0.171359 0.238443
3 0.693435 0.752301 0.563239 0.483537
0 0.477923 0.49717 0.652902 0.986327
2 0.9135 0.470173 0.171359 0.238443
4 0.61678 0.304155 0.704734 0.60831
4 0.174971 0.816263 0.340303 0.367475
3 0.307662 0.29921 0.595691 0.590811
0 0.0206648 0.629614 0.0413296 0.738424
0 0.759659 0.774034 0.293731 0.451932
4 0.385613 0.502012 0.538723 0.995975
4 0.439601 0.290895 0.443588 0.566441
4 0.566468 0.187611 0.787434 0.375221
0 0.518309 0.768677 0.55009 0.462646
4 0.189046 0.557157 0.376787 0.359817
3 0.127045 0.304421 0.25409 0.592176
4 0.0301724 0.814626 0.0603449 0.370748
0 0.4055 0.776666 0.581392 0.446667
4 0.241333 0.809923 0.470386 0.380154
4 0.124638 0.831807 0.247367 0.336386
4 0.919325 0.20915 0.119048 0.418301
4 0.260307 0.495215 0.518526 0.99043
3 0.160884 0.521906 0.321769 0.478294
4 0.925516 0.310389 0.148969 0.606086
0 0.651066 0.77772 0.425552 0.44456
3 0.572104 0.738867 0.554385 0.496491
4 0.919781 0.324768 0.118308 0.571167
3 0.161694 0.226843 0.323388 0.453686
3 0.898232 0.277593 0.10806 0.422881
0 0.439601 0.290895 0.443588 0.566441
4 0.0755085 0.828202 0.151017 0.343597
4 0.206741 0.134941 0.413481 0.269882
4 0.697832 0.736511 0.536448 0.510869
0 0.595204 0.652979 0.487071 0.677113
2 0.753572 0.678016 0.442213 0.643967
3 0.0652239 0.820013 0.129858 0.359827
4 0.0940202 0.76853 0.18804 0.457873
3 0.942249 0.471887 0.115502 0.242663
4 0.477923 0.49717 0.652902 0.986327
4 0.76757 0.784435 0.235139 0.413061
0 0.764594 0.586949 0.118919 0.684709
0 0.802545 0.570543 0.14166 0.575467
4 0.332 0.789009 0.624802 0.407115
0 0.167322 0.838738 0.331702 0.309639
0 0.103474 0.280424 0.206947 0.560848
3 0.0940202 0.76853 0.18804 0.457873
2 0.852117 0.354547 0.203137 0.641798
4 0.0362902 0.409715 0.0725805 0.716236
0 0.0386344 0.382413 0.0772689 0.728945
4 0.925946 0.191034 0.148109 0.382068
4 0.217527 0.263981 0.432888 0.527961
0 0.712584 0.369512 0.493505 0.739024
1 0.93915 0.528063 0.1217 0.127958
2 0.316464 0.758626 0.627891 0.474746
2 0.734733 0.566505 0.274462 0.834065
4 0.0603536 0.83977 0.120227 0.31836
4 0.0270675 0.793628 0.0541349 0.412745
4 0.334733 0.0529852 0.668851 0.10597
4 0.103474 0.280424 0.206947 0.560848
0 0.672006 0.770006 0.370249 0.459989
2 0.937081 0.528507 0.125838 0.125397
0 0.226371 0.29235 0.441819 0.574289
0 0.412685 0.304852 0.763617 0.609703
4 0.161694 0.226843 0.323388 0.453686
4 0.0469129 0.362056 0.0938257 0.724112
0 0.914186 0.741401 0.171628 0.517198
0 0.0414763 0.308501 0.0829526 0.617001
0 0.65545 0.695328 0.456717 0.598346
4 0.274262 0.0717965 0.548524 0.143593
4 0.160884 0.521906 0.321769 0.478294
4 0.136613 0.462084 0.273225 0.581702
4 0.0206648 0.629614 0.0413296 0.738424
4 0.438394 0.3222 0.584736 0.640509
2 0.466071 0.76171 0.648908 0.463649
4 0.256117 0.744593 0.511987 0.493108
4 0.932669 0.236492 0.134661 0.461466
4 0.47746 0.514531 0.415685 0.970939
2 0.910155 0.331664 0.156672 0.549898
0 0.15866 0.722368 0.317321 0.55346
1 0.504772 0.769946 0.653807 0.435438
3 0.404655 0.293591 0.445635 0.57453
0 0.819973 0.761049 0.332435 0.477902
1 0.912031 0.45838 0.172017 0.263276
4 0.412685 0.304852 0.763617 0.609703
1 0.803599 0.487176 0.0604622 0.400573
2 0.942137 0.457806 0.115726 0.264488
1 0.207866 0.815504 0.411255 0.352098
1 0.810548 0.361419 0.0852709 0.493844
0 0.438394 0.3222 0.584736 0.640509
2 0.906152 0.329074 0.0934517 0.553435
0 0.604999 0.58166 0.301295 0.825296
4 0.604999 0.58166 0.301295 0.825296
0 0.421826 0.542029 0.0467998 0.0434591
0 0.852117 0.354547 0.203137 0.641798
3 0.912096 0.529981 0.175809 0.118475
1 0.919325 0.20915 0.119048 0.418301
4 0.682716 0.591015 0.380953 0.803987
2 0.572277 0.765321 0.546152 0.450996
3 0.912031 0.45838 0.172017 0.263276
2 0.205295 0.753645 0.406894 0.475746
4 0.595204 0.652979 0.487071 0.677113
4 0.127045 0.304421 0.25409 0.592176
1 0.194715 0.37712 0.385242 0.75424
0 0.20974 0.813668 0.406331 0.372664
1 0.121343 0.831069 0.239893 0.330989
1 0.836029 0.726346 0.327943 0.537392
2 0.927913 0.305728 0.144175 0.609489
0 0.682716 0.591015 0.380953 0.803987
0 0.586952 0.374591 0.705593 0.749182
4 0.742306 0.237713 0.439519 0.475426
1 0.388341 0.784515 0.660133 0.408951
4 0.734733 0.566505 0.274462 0.834065
2 0.124638 0.831807 0.247367 0.336386
4 0.57098 0.387505 0.376723 0.757423
2 0.0755085 0.828202 0.151017 0.343597
1 0.190254 0.736484 0.377193 0.398509
4 0.764594 0.586949 0.118919 0.684709
2 0.764241 0.41362 0.0908128 0.53219
2 0.161694 0.226843 0.323388 0.453686
4 0.763624 0.386246 0.244215 0.711406
0 0.0940202 0.76853 0.18804 0.457873
4 0.51608 0.371979 0.52245 0.743958
0 0.47746 0.514531 0.415685 0.970939
2 0.94193 0.773919 0.11614 0.448819
2 0.51608 0.371979 0.52245 0.743958
2 0.712584 0.369512 0.493505 0.739024
2 0.682716 0.591015 0.380953 0.803987
2 0.309262 0.286767 0.613032 0.573535
4 0.753572 0.678016 0.442213 0.643967
2 0.167322 0.838738 0.331702 0.309639
2 0.802545 0.570543 0.14166 0.575467
1 0.189107 0.633299 0.372864 0.200535
1 0.602531 0.775125 0.445194 0.437907
1 0.226371 0.29235 0.441819 0.574289
2 0.803599 0.487176 0.0604622 0.400573
2 0.94399 0.765417 0.112019 0.469165
4 0.764241 0.41362 0.0908128 0.53219
4 0.643527 0.422235 0.286247 0.685526
2 0.759659 0.774034 0.293731 0.451932
1 0.94193 0.773919 0.11614 0.448819
1 0.167322 0.838738 0.331702 0.309639
2 0.193912 0.631245 0.375727 0.203104
4 0.646138 0.606295 0.223233 0.787409
4 0.803599 0.487176 0.0604622 0.400573
4 0.810548 0.361419 0.0852709 0.493844
1 0.404655 0.293591 0.445635 0.57453
1 0.0603536 0.83977 0.120227 0.31836
2 0.764594 0.586949 0.118919 0.684709
2 0.763624 0.386246 0.244215 0.711406
2 0.439601 0.290895 0.443588 0.566441
1 0.15866 0.722368 0.317321 0.55346
4 0.712584 0.369512 0.493505 0.739024
2 0.385613 0.502012 0.538723 0.995975
