0 0.502412 0.654913 0.0750995 0.307142
1 0.501905 0.6533 0.0760829 0.3063
0 0.796515 0.772336 0.40697 0.443811
0 0.511917 0.699584 0.0887585 0.389647
0 0.0933198 0.268064 0.0275336 0.077527
0 0.595411 0.362369 0.0350527 0.0884252
0 0.242013 0.812345 0.479325 0.362424
2 0.501905 0.6533 0.0760829 0.3063
0 0.489873 0.667253 0.0962032 0.330245
0 0.564979 0.393903 0.0766108 0.159725
0 0.0949396 0.215391 0.0304236 0.197366
0 0.0967507 0.826681 0.193501 0.329715
4 0.502412 0.654913 0.0750995 0.307142
0 0.5517 0.743408 0.161125 0.480322
0 0.306997 0.74262 0.426955 0.504415
3 0.347239 0.746164 0.371721 0.507671
0 0.509358 0.59398 0.0718151 0.454491
0 0.135448 0.280537 0.0914757 0.120371
3 0.269997 0.345653 0.268046 0.691306
0 0.400488 0.737362 0.246868 0.525277
0 0.145965 0.818721 0.291149 0.347982
3 0.441098 0.400441 0.334869 0.769242
0 0.940657 0.795616 0.118687 0.408767
3 0.521257 0.558114 0.0910265 0.50175
1 0.511917 0.699584 0.0887585 0.389647
3 0.504456 0.481619 0.142282 0.577818
3 0.208669 0.344517 0.226456 0.605759
0 0.0943241 0.304417 0.0297347 0.12454
3 0.41643 0.47675 0.218694 0.567343
3 0.881371 0.58945 0.237258 0.806787
3 0.316184 0.419462 0.182651 0.519201
3 0.605833 0.759055 0.27311 0.48189
3 0.728893 0.331376 0.229819 0.596815
3 0.34813 0.356916 0.322138 0.708768
3 0.921391 0.529647 0.157219 0.787517
0 0.486859 0.720122 0.0991589 0.475293
3 0.547852 0.385221 0.184932 0.697605
3 0.427037 0.559919 0.172623 0.515819
3 0.225688 0.294946 0.451376 0.589893
0 0.654711 0.750568 0.375614 0.497112
0 0.326692 0.728194 0.282139 0.525699
3 0.798943 0.793164 0.401312 0.413673
3 0.654711 0.750568 0.375614 0.497112
3 0.157918 0.310132 0.315836 0.620265
3 0.835821 0.695497 0.328358 0.601243
0 0.285311 0.703249 0.252329 0.483832
3 0.253263 0.400961 0.194632 0.515311
0 0.181622 0.755315 0.362911 0.474844
3 0.673922 0.344665 0.150573 0.511763
3 0.647138 0.385256 0.134922 0.564022
3 0.782509 0.328543 0.311479 0.657086
3 0.597082 0.393467 0.135792 0.622107
3 0.656956 0.774224 0.334622 0.451552
3 0.599038 0.321731 0.600731 0.643463
3 0.176366 0.40626 0.114771 0.30829
0 0.629946 0.469148 0.0948456 0.314162
3 0.502412 0.654913 0.0750995 0.307142
3 0.0933198 0.268064 0.0275336 0.077527
3 0.922583 0.392612 0.154834 0.570174
4 0.5517 0.743408 0.161125 0.480322
3 0.0943241 0.304417 0.0297347 0.12454
3 0.720561 0.51341 0.214256 0.682955
3 0.815005 0.7586 0.36999 0.462225
3 0.64446 0.243732 0.559886 0.487465
3 0.543579 0.569729 0.109001 0.472573
3 0.385375 0.446722 0.145457 0.511772
3 0.860574 0.324957 0.242797 0.585294
3 0.239351 0.439152 0.0905363 0.289163
3 0.88132 0.433718 0.206298 0.625812
3 0.502412 0.346329 0.602022 0.692657
0 0.436451 0.721828 0.200998 0.442282
3 0.348587 0.321937 0.555093 0.643875
3 0.781488 0.546094 0.301579 0.881894
3 0.180483 0.476154 0.121273 0.206142
3 0.351175 0.461278 0.078135 0.299362
3 0.739343 0.246778 0.488258 0.493556
0 0.388966 0.494188 0.109983 0.372653
3 0.946685 0.80835 0.106631 0.3833
0 0.0223363 0.682542 0.0446727 0.548632
3 0.259203 0.735641 0.479917 0.515006
0 0.143304 0.322132 0.100247 0.15211
3 0.077598 0.199899 0.147613 0.393527
3 0.161713 0.328983 0.172596 0.548944
3 0.837917 0.194513 0.324165 0.389027
3 0.663795 0.45648 0.145369 0.425534
3 0.509358 0.59398 0.0718151 0.454491
4 0.517223 0.734552 0.100143 0.464529
4 0.777741 0.763255 0.444518 0.448652
0 0.427037 0.559919 0.172623 0.515819
0 0.593127 0.347931 0.0456652 0.311867
0 0.597377 0.417096 0.0450994 0.184235
3 0.566877 0.751147 0.205322 0.497707
3 0.807512 0.427741 0.298644 0.711698
3 0.0949396 0.215391 0.0304236 0.197366
3 0.21027 0.390133 0.165848 0.448809
3 0.388966 0.494188 0.109983 0.372653
0 0.100277 0.739097 0.200555 0.494535
3 0.603158 0.0546604 0.695934 0.109321
3 0.342179 0.480246 0.100605 0.23437
2 0.511917 0.699584 0.0887585 0.389647
3 0.462922 0.639409 0.124277 0.532496
3 0.0682871 0.450041 0.136574 0.399487
0 0.299043 0.468898 0.0855325 0.181966
3 0.685941 0.0796862 0.581772 0.159372
3 0.134794 0.824989 0.267611 0.350022
0 0.259978 0.823458 0.466637 0.353085
0 0.563357 0.12635 0.801523 0.2527
3 0.676687 0.389608 0.115603 0.49046
0 0.543579 0.569729 0.109001 0.472573
3 0.259978 0.823458 0.466637 0.353085
0 0.0632262 0.287704 0.0851119 0.153432
3 0.105823 0.459438 0.190865 0.266815
3 0.259211 0.465395 0.0668595 0.154153
3 0.143304 0.322132 0.100247 0.15211
0 0.0219216 0.538457 0.0438433 0.55017
0 0.0771355 0.108917 0.154271 0.217834
3 0.94685 0.49534 0.1063 0.602003
3 0.790428 0.0818419 0.419144 0.163684
3 0.792116 0.625117 0.415769 0.72054
3 0.507253 0.735023 0.246463 0.529955
3 0.942868 0.333116 0.114264 0.476249
4 0.835575 0.784211 0.328849 0.431577
0 0.0565641 0.757084 0.113128 0.466433
3 0.595411 0.362369 0.0350527 0.0884252
3 0.511917 0.699584 0.0887585 0.389647
3 0.564813 0.390273 0.0769 0.376194
3 0.248376 0.713658 0.269933 0.528963
2 0.0933198 0.268064 0.0275336 0.077527
0 0.946685 0.80835 0.106631 0.3833
3 0.930671 0.777916 0.138659 0.428354
3 0.296478 0.44753 0.0810893 0.27734
3 0.947974 0.577523 0.104052 0.428732
3 0.206916 0.206535 0.413831 0.41307
0 0.248376 0.713658 0.269933 0.528963
0 0.738366 0.741044 0.523269 0.506628
3 0.100277 0.739097 0.200555 0.494535
3 0.937552 0.731949 0.124896 0.450902
3 0.0771355 0.108917 0.154271 0.217834
3 0.474243 0.0774288 0.838157 0.154858
3 0.430868 0.751635 0.262099 0.496731
0 0.173034 0.389115 0.119645 0.365566
3 0.136218 0.173223 0.272437 0.346445
3 0.0452314 0.333566 0.0904628 0.534756
3 0.94328 0.25243 0.113439 0.439633
0 0.259211 0.465395 0.0668595 0.154153
3 0.285311 0.703249 0.252329 0.483832
3 0.303838 0.169658 0.607677 0.339317
0 0.462922 0.639409 0.124277 0.532496
3 0.558957 0.67852 0.172699 0.446935
3 0.335562 0.0970731 0.671124 0.194146
3 0.299043 0.468898 0.0855325 0.181966
3 0.629946 0.469148 0.0948456 0.314162
0 0.597082 0.393467 0.135792 0.622107
0 0.0329607 0.399714 0.0659215 0.551887
3 0.272381 0.237619 0.544763 0.475238
3 0.541784 0.11257 0.808042 0.225139
3 0.931157 0.14141 0.137687 0.28282
3 0.597377 0.417096 0.0450994 0.184235
3 0.0614393 0.226436 0.122879 0.444993
0 0.311028 0.123821 0.622057 0.247642
3 0.738366 0.741044 0.523269 0.506628
3 0.401192 0.627043 0.120625 0.512543
3 0.181622 0.755315 0.362911 0.474844
0 0.401192 0.627043 0.120625 0.512543
3 0.886539 0.0786767 0.226923 0.157353
0 0.580782 0.0778455 0.759371 0.155691
3 0.162327 0.715216 0.277948 0.549272
3 0.0223363 0.682542 0.0446727 0.548632
4 0.946685 0.80835 0.106631 0.3833
3 0.0591692 0.272207 0.097739 0.323185
3 0.635348 0.404999 0.0977026 0.453329
3 0.0632262 0.287704 0.0851119 0.153432
3 0.084682 0.68031 0.169364 0.513068
0 0.603158 0.0546604 0.695934 0.109321
0 0.521257 0.558114 0.0910265 0.50175
2 0.5517 0.743408 0.161125 0.480322
4 0.571087 0.740853 0.245018 0.518293
0 0.94328 0.25243 0.113439 0.439633
0 0.0400421 0.722386 0.0800842 0.547514
0 0.351175 0.461278 0.078135 0.299362
4 0.79673 0.805504 0.40097 0.388991
3 0.564979 0.393903 0.0766108 0.159725
0 0.886539 0.0786767 0.226923 0.157353
0 0.0449656 0.359596 0.0899313 0.536604
0 0.342179 0.480246 0.100605 0.23437
1 0.233773 0.818039 0.464774 0.347257
0 0.0539488 0.379958 0.107898 0.362046
0 0.673922 0.344665 0.150573 0.511763
0 0.835575 0.784211 0.328849 0.431577
1 0.306997 0.74262 0.426955 0.504415
0 0.453939 0.0659851 0.814789 0.13197
4 0.0500426 0.824434 0.100085 0.351133
0 0.272381 0.237619 0.544763 0.475238
0 0.077598 0.199899 0.147613 0.393527
4 0.0949396 0.215391 0.0304236 0.197366
0 0.647138 0.385256 0.134922 0.564022
4 0.0933198 0.268064 0.0275336 0.077527
3 0.133539 0.319315 0.109378 0.470066
3 0.400488 0.737362 0.246868 0.525277
4 0.241531 0.808769 0.476392 0.37026
0 0.084682 0.68031 0.169364 0.513068
0 0.394232 0.342504 0.591306 0.685008
2 0.436451 0.721828 0.200998 0.442282
2 0.0949396 0.215391 0.0304236 0.197366
0 0.296478 0.44753 0.0810893 0.27734
0 0.931157 0.14141 0.137687 0.28282
0 0.0458341 0.814298 0.0916682 0.367578
0 0.564813 0.390273 0.0769 0.376194
0 0.571087 0.740853 0.245018 0.518293
0 0.382487 0.0869107 0.764974 0.173821
3 0.0329607 0.399714 0.0659215 0.551887
4 0.299066 0.814564 0.418089 0.370871
0 0.032531 0.234108 0.0650619 0.468216
4 0.507253 0.735023 0.246463 0.529955
3 0.0219216 0.538457 0.0438433 0.55017
0 0.34813 0.356916 0.322138 0.708768
1 0.813577 0.768828 0.372846 0.45653
3 0.032531 0.234108 0.0650619 0.468216
3 0.489873 0.667253 0.0962032 0.330245
4 0.611604 0.755128 0.279094 0.476661
0 0.136218 0.173223 0.272437 0.346445
3 0.593127 0.347931 0.0456652 0.311867
4 0.134794 0.824989 0.267611 0.350022
0 0.480507 0.741404 0.160677 0.504495
0 0.94685 0.49534 0.1063 0.602003
0 0.942868 0.333116 0.114264 0.476249
0 0.0591692 0.272207 0.097739 0.323185
3 0.0605321 0.740059 0.121064 0.457955
4 0.208915 0.817603 0.412308 0.364794
4 0.430868 0.751635 0.262099 0.496731
4 0.940657 0.795616 0.118687 0.408767
3 0.436451 0.721828 0.200998 0.442282
0 0.709566 0.0730266 0.580868 0.146053
3 0.0426202 0.773176 0.0852405 0.447473
3 0.0559355 0.405728 0.111871 0.52842
0 0.790428 0.0818419 0.419144 0.163684
0 0.133539 0.319315 0.109378 0.470066
0 0.547852 0.385221 0.184932 0.697605
0 0.0682871 0.450041 0.136574 0.399487
3 0.135448 0.280537 0.0914757 0.120371
3 0.0539488 0.379958 0.107898 0.362046
4 0.563357 0.12635 0.801523 0.2527
4 0.942868 0.333116 0.114264 0.476249
4 0.266879 0.742393 0.491744 0.512242
0 0.0614393 0.226436 0.122879 0.444993
4 0.0967507 0.826681 0.193501 0.329715
4 0.593127 0.347931 0.0456652 0.311867
0 0.206916 0.206535 0.413831 0.41307
3 0.486859 0.720122 0.0991589 0.475293
0 0.161713 0.328983 0.172596 0.548944
3 0.0500426 0.824434 0.100085 0.351133
0 0.122267 0.305562 0.241342 0.611124
0 0.0500426 0.824434 0.100085 0.351133
4 0.944283 0.428641 0.111433 0.606311
3 0.647476 0.593045 0.215518 0.519551
4 0.595411 0.362369 0.0350527 0.0884252
4 0.580782 0.0778455 0.759371 0.155691
4 0.656956 0.774224 0.334622 0.451552
4 0.348587 0.321937 0.555093 0.643875
1 0.368887 0.746404 0.331615 0.507193
0 0.162327 0.715216 0.277948 0.549272
4 0.453939 0.0659851 0.814789 0.13197
4 0.0458341 0.814298 0.0916682 0.367578
2 0.595411 0.362369 0.0350527 0.0884252
2 0.306997 0.74262 0.426955 0.504415
4 0.546768 0.336645 0.595941 0.67329
0 0.286327 0.305855 0.538216 0.611711
4 0.931157 0.14141 0.137687 0.28282
4 0.597082 0.393467 0.135792 0.622107
4 0.077598 0.199899 0.147613 0.393527
0 0.269997 0.345653 0.268046 0.691306
4 0.547852 0.385221 0.184932 0.697605
0 0.21027 0.390133 0.165848 0.448809
4 0.603158 0.0546604 0.695934 0.109321
2 0.0539488 0.379958 0.107898 0.362046
2 0.390317 0.741643 0.289821 0.474363
4 0.509358 0.59398 0.0718151 0.454491
3 0.480507 0.741404 0.160677 0.504495
4 0.937552 0.731949 0.124896 0.450902
0 0.663795 0.45648 0.145369 0.425534
4 0.519921 0.66743 0.0993988 0.36936
0 0.180483 0.476154 0.121273 0.206142
4 0.886539 0.0786767 0.226923 0.157353
4 0.94328 0.25243 0.113439 0.439633
4 0.480507 0.741404 0.160677 0.504495
0 0.937552 0.731949 0.124896 0.450902
4 0.504519 0.716855 0.0739385 0.433681
4 0.790428 0.0818419 0.419144 0.163684
4 0.248282 0.287689 0.496564 0.575379
3 0.28183 0.809586 0.417312 0.380827
2 0.0943241 0.304417 0.0297347 0.12454
0 0.239351 0.439152 0.0905363 0.289163
4 0.335562 0.0970731 0.671124 0.194146
4 0.0771355 0.108917 0.154271 0.217834
0 0.208669 0.344517 0.226456 0.605759
4 0.0260825 0.677494 0.0521649 0.618214
1 0.0967507 0.826681 0.193501 0.329715
4 0.647138 0.385256 0.134922 0.564022
0 0.0624694 0.595145 0.124939 0.42717
2 0.285311 0.703249 0.252329 0.483832
0 0.502424 0.654897 0.0750857 0.307085
1 0.501918 0.653286 0.0760654 0.306249
0 0.796536 0.772408 0.406927 0.443706
0 0.511926 0.699741 0.0887821 0.389924
0 0.0933333 0.268049 0.0275481 0.0775036
0 0.595443 0.362201 0.0350964 0.0880794
0 0.241989 0.812436 0.479271 0.362294
2 0.501918 0.653286 0.0760654 0.306249
0 0.489863 0.667479 0.0961839 0.330691
0 0.565008 0.393863 0.076626 0.159637
0 0.0949541 0.215376 0.0304448 0.197331
0 0.0970645 0.826705 0.194129 0.329693
4 0.502424 0.654897 0.0750857 0.307085
0 0.551381 0.743421 0.160454 0.480249
0 0.306832 0.742593 0.427058 0.504418
3 0.347014 0.746182 0.372116 0.507635
3 0.269987 0.345662 0.267653 0.691324
0 0.509378 0.59395 0.07178 0.454264
0 0.135385 0.280474 0.0916246 0.120205
0 0.400418 0.737368 0.246913 0.525264
0 0.146025 0.818797 0.291277 0.347877
3 0.441149 0.400535 0.334721 0.769243
3 0.521303 0.558105 0.0910231 0.501678
1 0.511926 0.699741 0.0887821 0.389924
3 0.504302 0.481665 0.1427 0.577897
0 0.940674 0.795634 0.118652 0.408733
3 0.208694 0.344515 0.22611 0.605772
3 0.416417 0.476686 0.218475 0.566797
3 0.881179 0.58976 0.237641 0.80646
0 0.0943372 0.304458 0.0297605 0.124466
3 0.316753 0.419235 0.181169 0.516964
3 0.605867 0.759001 0.272947 0.481998
3 0.728874 0.331514 0.228616 0.595543
3 0.348203 0.356856 0.321799 0.708405
3 0.921424 0.529899 0.157152 0.787793
3 0.427063 0.559869 0.172423 0.515562
3 0.547559 0.385344 0.185287 0.69766
3 0.225646 0.295379 0.451293 0.590758
3 0.798968 0.793181 0.401263 0.413639
3 0.65385 0.750616 0.37384 0.497143
0 0.48686 0.720534 0.0991297 0.476093
3 0.157739 0.310241 0.315478 0.620483
3 0.83545 0.695739 0.329101 0.600886
3 0.253228 0.400725 0.194335 0.514459
0 0.326502 0.728193 0.281495 0.525525
0 0.65385 0.750616 0.37384 0.497143
3 0.674371 0.344775 0.149352 0.510616
3 0.647494 0.385207 0.13387 0.56329
3 0.597063 0.393538 0.135465 0.621734
3 0.782507 0.328518 0.311101 0.657035
0 0.285522 0.701053 0.250013 0.479113
3 0.656991 0.774155 0.334154 0.451691
0 0.181292 0.755499 0.362268 0.47454
3 0.599159 0.321678 0.599789 0.643357
3 0.176434 0.406255 0.114873 0.307831
3 0.502424 0.654897 0.0750857 0.307085
3 0.0933333 0.268049 0.0275481 0.0775036
3 0.922627 0.392726 0.154747 0.570294
0 0.630038 0.468822 0.0946464 0.313445
4 0.551381 0.743421 0.160454 0.480249
3 0.0943372 0.304458 0.0297605 0.124466
3 0.720632 0.512741 0.213635 0.680359
3 0.814908 0.758654 0.370185 0.462264
3 0.644735 0.244185 0.559032 0.48837
3 0.543594 0.569709 0.10909 0.472459
3 0.385388 0.446363 0.144906 0.510401
3 0.860738 0.325122 0.242408 0.585412
3 0.239783 0.439075 0.0897409 0.288564
3 0.881424 0.433836 0.206117 0.62575
3 0.50245 0.346441 0.601668 0.692882
3 0.348708 0.322067 0.554561 0.644135
3 0.78148 0.546182 0.301394 0.88138
3 0.180658 0.475827 0.121118 0.204822
3 0.351299 0.460944 0.0778277 0.29863
0 0.436118 0.722503 0.201616 0.443584
3 0.739485 0.247359 0.487894 0.494717
3 0.9467 0.808477 0.1066 0.383045
3 0.259317 0.735628 0.479769 0.515016
3 0.0775915 0.200117 0.14759 0.393827
3 0.161734 0.328939 0.172762 0.549372
3 0.838103 0.195119 0.323795 0.390238
3 0.664052 0.456716 0.144843 0.42386
3 0.509378 0.59395 0.07178 0.454264
0 0.388984 0.493765 0.109648 0.371713
4 0.777847 0.763265 0.444305 0.448714
4 0.517216 0.7346 0.10013 0.464539
0 0.0223286 0.682843 0.0446572 0.548111
0 0.14322 0.322152 0.10043 0.151942
3 0.566665 0.751174 0.204868 0.497652
3 0.807462 0.427893 0.298655 0.71159
3 0.0949541 0.215376 0.0304448 0.197331
3 0.210276 0.389985 0.1658 0.44858
3 0.388984 0.493765 0.109648 0.371713
3 0.603233 0.055219 0.695781 0.110438
3 0.342298 0.479837 0.100194 0.233049
0 0.427063 0.559869 0.172423 0.515562
3 0.46289 0.639542 0.124271 0.532629
2 0.511926 0.699741 0.0887821 0.389924
0 0.593188 0.347247 0.0456226 0.309924
3 0.0683087 0.450332 0.136617 0.399398
0 0.59743 0.416898 0.0451347 0.183805
3 0.686123 0.0803163 0.581289 0.160633
3 0.134884 0.825015 0.267797 0.349971
0 0.100183 0.739236 0.200366 0.494303
3 0.676906 0.389699 0.115254 0.490065
0 0.299146 0.46872 0.084991 0.180921
3 0.259983 0.823465 0.46641 0.353071
3 0.105858 0.45944 0.190759 0.266171
3 0.25943 0.465115 0.0664203 0.153262
3 0.14322 0.322152 0.10043 0.151942
0 0.259983 0.823465 0.46641 0.353071
0 0.563521 0.12803 0.801264 0.256061
3 0.946895 0.495854 0.106211 0.601448
0 0.543594 0.569709 0.10909 0.472459
3 0.79055 0.0822744 0.4189 0.164549
3 0.792563 0.625447 0.414874 0.719988
3 0.507211 0.734977 0.2464 0.530047
3 0.942893 0.333296 0.114214 0.476351
0 0.0632535 0.287747 0.0850707 0.153382
4 0.835595 0.78423 0.328811 0.431539
3 0.595443 0.362201 0.0350964 0.0880794
0 0.0218845 0.538803 0.043769 0.549165
3 0.564851 0.389704 0.0768879 0.374894
3 0.248623 0.713105 0.265834 0.527383
0 0.0767118 0.109261 0.153424 0.218522
3 0.511926 0.699741 0.0887821 0.389924
2 0.0933333 0.268049 0.0275481 0.0775036
3 0.930608 0.777936 0.138784 0.428397
0 0.0566256 0.757248 0.113251 0.466255
3 0.296634 0.447222 0.0804221 0.276609
3 0.948002 0.577809 0.103996 0.428012
3 0.206316 0.207188 0.412632 0.414375
0 0.9467 0.808477 0.1066 0.383045
3 0.100183 0.739236 0.200366 0.494303
3 0.937539 0.732078 0.124923 0.45088
3 0.0767118 0.109261 0.153424 0.218522
3 0.474226 0.0781266 0.837088 0.156253
3 0.430733 0.751506 0.262162 0.496987
3 0.135398 0.173753 0.270796 0.347506
3 0.0452095 0.333763 0.0904189 0.534615
0 0.248623 0.713105 0.265834 0.527383
3 0.943297 0.252786 0.113407 0.4408
0 0.738371 0.741075 0.523258 0.506626
3 0.285522 0.701053 0.250013 0.479113
0 0.173 0.389162 0.119937 0.365618
3 0.303567 0.171171 0.607134 0.342342
3 0.558984 0.679112 0.172716 0.44815
3 0.335095 0.097829 0.670189 0.195658
3 0.299146 0.46872 0.084991 0.180921
3 0.630038 0.468822 0.0946464 0.313445
0 0.25943 0.465115 0.0664203 0.153262
3 0.272023 0.238651 0.544046 0.477302
3 0.541833 0.113777 0.807467 0.227555
3 0.931371 0.141743 0.137258 0.283486
0 0.46289 0.639542 0.124271 0.532629
3 0.59743 0.416898 0.0451347 0.183805
0 0.0329022 0.400051 0.0658043 0.551152
0 0.597063 0.393538 0.135465 0.621734
0 0.558984 0.679112 0.172716 0.44815
3 0.0614579 0.226907 0.122916 0.445842
3 0.738371 0.741075 0.523258 0.506626
3 0.40127 0.626854 0.120061 0.511827
3 0.181292 0.755499 0.362268 0.47454
3 0.886817 0.0789585 0.226367 0.157917
3 0.162154 0.71529 0.276189 0.548888
0 0.310632 0.124787 0.621264 0.249573
3 0.0223286 0.682843 0.0446572 0.548111
3 0.0591872 0.272414 0.0977322 0.323662
4 0.9467 0.808477 0.1066 0.383045
0 0.40127 0.626854 0.120061 0.511827
3 0.635502 0.405035 0.0972395 0.452396
3 0.0847084 0.680547 0.169417 0.513282
3 0.0632535 0.287747 0.0850707 0.153382
0 0.580909 0.0792002 0.759296 0.1584
4 0.570902 0.74081 0.244861 0.518379
2 0.551381 0.743421 0.160454 0.480249
4 0.796753 0.805527 0.400914 0.388945
3 0.326502 0.728193 0.281495 0.525525
3 0.565008 0.393863 0.076626 0.159637
0 0.521303 0.558105 0.0910231 0.501678
1 0.233709 0.818164 0.464658 0.347076
0 0.603233 0.055219 0.695781 0.110438
0 0.943297 0.252786 0.113407 0.4408
1 0.306832 0.742593 0.427058 0.504418
0 0.351299 0.460944 0.0778277 0.29863
0 0.0401363 0.722368 0.0802725 0.547516
4 0.0502161 0.824484 0.100432 0.351032
4 0.0949541 0.215376 0.0304448 0.197331
0 0.342298 0.479837 0.100194 0.233049
4 0.0933333 0.268049 0.0275481 0.0775036
3 0.133518 0.319365 0.109471 0.470316
0 0.886817 0.0789585 0.226367 0.157917
3 0.400418 0.737368 0.246913 0.525264
4 0.24151 0.808875 0.476335 0.370094
0 0.0449277 0.359784 0.0898554 0.536312
0 0.0539528 0.380241 0.107906 0.361851
0 0.674371 0.344775 0.149352 0.510616
2 0.436118 0.722503 0.201616 0.443584
2 0.0949541 0.215376 0.0304448 0.197331
0 0.835595 0.78423 0.328811 0.431539
4 0.252051 0.743134 0.489703 0.508167
0 0.453795 0.0666092 0.814027 0.133218
0 0.0775915 0.200117 0.14759 0.393827
0 0.272023 0.238651 0.544046 0.477302
0 0.647494 0.385207 0.13387 0.56329
3 0.0329022 0.400051 0.0658043 0.551152
4 0.299187 0.814525 0.417535 0.370951
0 0.0847084 0.680547 0.169417 0.513282
0 0.394441 0.342624 0.590436 0.685248
3 0.0218845 0.538803 0.043769 0.549165
0 0.296634 0.447222 0.0804221 0.276609
4 0.507211 0.734977 0.2464 0.530047
3 0.0325606 0.234492 0.0651213 0.468985
0 0.931371 0.141743 0.137258 0.283486
1 0.813547 0.768874 0.372906 0.456509
0 0.0459922 0.814373 0.0919844 0.367483
0 0.564851 0.389704 0.0768879 0.374894
0 0.570902 0.74081 0.244861 0.518379
3 0.489863 0.667479 0.0961839 0.330691
0 0.382016 0.0875818 0.764032 0.175164
4 0.611602 0.755072 0.278921 0.47686
0 0.0325606 0.234492 0.0651213 0.468985
0 0.348203 0.356856 0.321799 0.708405
3 0.593188 0.347247 0.0456226 0.309924
4 0.134884 0.825015 0.267797 0.349971
3 0.0605391 0.740164 0.121078 0.458045
0 0.135398 0.173753 0.270796 0.347506
0 0.480209 0.741447 0.161139 0.504613
0 0.946895 0.495854 0.106211 0.601448
4 0.208795 0.817724 0.412074 0.364553
4 0.430733 0.751506 0.262162 0.496987
4 0.940674 0.795634 0.118652 0.408733
3 0.436118 0.722503 0.201616 0.443584
3 0.0427366 0.77324 0.0854732 0.447331
3 0.0559344 0.40611 0.111869 0.528078
0 0.942893 0.333296 0.114214 0.476351
0 0.0591872 0.272414 0.0977322 0.323662
3 0.135385 0.280474 0.0916246 0.120205
3 0.0539528 0.380241 0.107906 0.361851
0 0.709856 0.073603 0.580287 0.147206
4 0.563521 0.12803 0.801264 0.256061
4 0.942893 0.333296 0.114214 0.476351
0 0.79055 0.0822744 0.4189 0.164549
0 0.133518 0.319365 0.109471 0.470316
0 0.0683087 0.450332 0.136617 0.399398
4 0.0970645 0.826705 0.194129 0.329693
0 0.547559 0.385344 0.185287 0.69766
4 0.593188 0.347247 0.0456226 0.309924
3 0.48686 0.720534 0.0991297 0.476093
3 0.0502161 0.824484 0.100432 0.351032
0 0.0614579 0.226907 0.122916 0.445842
4 0.944326 0.428887 0.111349 0.606115
3 0.647595 0.592519 0.214612 0.517851
0 0.206316 0.207188 0.412632 0.414375
4 0.595443 0.362201 0.0350964 0.0880794
0 0.161734 0.328939 0.172762 0.549372
4 0.580909 0.0792002 0.759296 0.1584
0 0.122264 0.305755 0.240918 0.611509
4 0.656991 0.774155 0.334154 0.451691
0 0.0502161 0.824484 0.100432 0.351032
4 0.348708 0.322067 0.554561 0.644135
1 0.368681 0.746379 0.331979 0.507243
4 0.0459922 0.814373 0.0919844 0.367483
4 0.453795 0.0666092 0.814027 0.133218
2 0.595443 0.362201 0.0350964 0.0880794
4 0.546818 0.336651 0.595369 0.673301
2 0.306832 0.742593 0.427058 0.504418
4 0.931371 0.141743 0.137258 0.283486
4 0.597063 0.393538 0.135465 0.621734
0 0.162154 0.71529 0.276189 0.548888
4 0.0775915 0.200117 0.14759 0.393827
4 0.547559 0.385344 0.185287 0.69766
4 0.603233 0.055219 0.695781 0.110438
2 0.0539528 0.380241 0.107906 0.361851
4 0.509378 0.59395 0.07178 0.454264
3 0.480209 0.741447 0.161139 0.504613
2 0.389747 0.741766 0.290893 0.474525
0 0.286379 0.306046 0.53788 0.612093
4 0.937539 0.732078 0.124923 0.45088
4 0.519956 0.66747 0.0994642 0.369403
4 0.943297 0.252786 0.113407 0.4408
4 0.886817 0.0789585 0.226367 0.157917
0 0.269987 0.345662 0.267653 0.691324
0 0.210276 0.389985 0.1658 0.44858
4 0.480209 0.741447 0.161139 0.504613
4 0.504528 0.716971 0.0739196 0.433846
4 0.79055 0.0822744 0.4189 0.164549
4 0.24825 0.288068 0.496499 0.576135
3 0.281823 0.80962 0.416883 0.380761
0 0.664052 0.456716 0.144843 0.42386
2 0.0943372 0.304458 0.0297605 0.124466
0 0.180658 0.475827 0.121118 0.204822
0 0.937539 0.732078 0.124923 0.45088
4 0.335095 0.097829 0.670189 0.195658
4 0.0767118 0.109261 0.153424 0.218522
4 0.0261094 0.677609 0.0522189 0.618125
0 0.239783 0.439075 0.0897409 0.288564
1 0.0970645 0.826705 0.194129 0.329693
4 0.647494 0.385207 0.13387 0.56329
3 0.0624761 0.595502 0.124952 0.427526
