0 0.799477 0.571828 0.172496 0.0954926
0 0.858641 0.569534 0.282719 0.0951066
0 0.137781 0.558909 0.144106 0.0701797
0 0.800087 0.547803 0.163176 0.138066
0 0.946341 0.29191 0.102753 0.40912
0 0.138639 0.52775 0.142613 0.121464
0 0.8588 0.545937 0.2824 0.15682
0 0.944513 0.39178 0.106208 0.615527
0 0.801616 0.758422 0.193469 0.469192
1 0.946341 0.29191 0.102753 0.40912
0 0.0119909 0.556651 0.0239818 0.089701
0 0.817318 0.766044 0.365364 0.451323
0 0.176912 0.579674 0.209356 0.0979034
0 0.137651 0.634623 0.150531 0.210092
3 0.860514 0.410888 0.278972 0.526773
0 0.785254 0.716234 0.235665 0.401606
0 0.855443 0.753768 0.268393 0.451701
0 0.224098 0.8677 0.444399 0.247681
0 0.142316 0.470119 0.140655 0.246544
0 0.535285 0.0211892 0.92943 0.0423784
3 0.722179 0.410389 0.547001 0.789657
3 0.935731 0.368315 0.128539 0.547911
3 0.808291 0.380071 0.377489 0.681209
0 0.70347 0.742712 0.430726 0.486107
0 0.574869 0.762058 0.408308 0.454075
0 0.836332 0.474272 0.23049 0.352457
2 0.946341 0.29191 0.102753 0.40912
4 0.8588 0.545937 0.2824 0.15682
0 0.0107321 0.51802 0.0214643 0.135259
1 0.858641 0.569534 0.282719 0.0951066
0 0.016323 0.698508 0.032646 0.464982
4 0.946341 0.29191 0.102753 0.40912
3 0.141307 0.474918 0.154775 0.248688
0 0.413979 0.0387652 0.827958 0.0775305
0 0.657517 0.274738 0.684966 0.549475
1 0.802998 0.56574 0.167016 0.0942611
3 0.737737 0.303166 0.524526 0.606332
1 0.802811 0.544972 0.169179 0.150509
0 0.628707 0.0646712 0.742587 0.129342
0 0.217686 0.0808962 0.435372 0.161792
0 0.765151 0.783328 0.259904 0.404398
0 0.901597 0.288509 0.196806 0.577018
4 0.849929 0.757754 0.300142 0.466018
0 0.808761 0.502015 0.19865 0.336875
2 0.139072 0.55524 0.138946 0.0639234
3 0.180689 0.423879 0.272431 0.828775
3 0.610079 0.5 0.494805 1
3 0.836332 0.474272 0.23049 0.352457
3 0.127075 0.357726 0.175259 0.481659
1 0.138639 0.52775 0.142613 0.121464
0 0.838148 0.68388 0.323705 0.324877
0 0.946613 0.783538 0.106775 0.432925
3 0.590865 0.37418 0.809537 0.748361
0 0.60324 0.0330371 0.793519 0.0660742
3 0.618295 0.775446 0.361542 0.449109
0 0.860991 0.400131 0.278019 0.615954
3 0.945105 0.794893 0.10979 0.410213
2 0.802811 0.544972 0.169179 0.150509
3 0.395037 0.381948 0.541927 0.763897
3 0.60324 0.0330371 0.793519 0.0660742
4 0.140435 0.531006 0.144793 0.119428
2 0.8588 0.545937 0.2824 0.15682
3 0.710001 0.58722 0.358973 0.825561
0 0.455047 0.764293 0.608396 0.435822
3 0.0568494 0.406151 0.113699 0.382873
3 0.921029 0.25306 0.157941 0.506121
0 0.303938 0.0425052 0.607876 0.0850104
3 0.611878 0.511903 0.285833 0.969499
4 0.793759 0.775773 0.323133 0.448454
0 0.214634 0.758559 0.309252 0.451796
3 0.107093 0.558511 0.214186 0.0686422
3 0.217686 0.0808962 0.435372 0.161792
3 0.793759 0.775773 0.323133 0.448454
3 0.279303 0.460944 0.447952 0.921889
4 0.236445 0.760149 0.444959 0.465438
3 0.516413 0.5 0.515987 1
3 0.628707 0.0646712 0.742587 0.129342
0 0.737737 0.303166 0.524526 0.606332
3 0.808761 0.502015 0.19865 0.336875
4 0.657517 0.274738 0.684966 0.549475
0 0.783121 0.226558 0.433759 0.453117
3 0.217529 0.413847 0.435058 0.824089
3 0.783121 0.226558 0.433759 0.453117
3 0.357633 0.497613 0.596762 0.995226
4 0.214634 0.758559 0.309252 0.451796
3 0.119666 0.368179 0.239333 0.730031
1 0.836332 0.474272 0.23049 0.352457
4 0.138967 0.638574 0.159228 0.217016
0 0.0101881 0.396389 0.0203763 0.402706
3 0.946613 0.783538 0.106775 0.432925
3 0.350188 0.874104 0.405804 0.251792
3 0.9465 0.278165 0.102461 0.377086
3 0.855915 0.626683 0.28817 0.20948
3 0.328826 0.742798 0.602092 0.482052
3 0.507243 0.0216676 0.959286 0.0433352
3 0.70347 0.742712 0.430726 0.486107
3 0.751342 0.661468 0.289207 0.414923
3 0.344114 0.0372581 0.688228 0.0745163
4 0.60324 0.0330371 0.793519 0.0660742
3 0.563527 0.497244 0.717574 0.994489
0 0.291172 0.764396 0.50774 0.450801
0 0.518758 0.0974377 0.85856 0.194875
0 0.449094 0.128678 0.864379 0.257357
0 0.583373 0.328958 0.832493 0.657915
0 0.928182 0.570542 0.141979 0.104557
3 0.556394 0.814448 0.351728 0.371105
3 0.12682 0.252756 0.251325 0.487445
3 0.657517 0.274738 0.684966 0.549475
0 0.921029 0.25306 0.157941 0.506121
3 0.262108 0.866493 0.482252 0.267013
3 0.579744 0.697533 0.188242 0.541189
4 0.944513 0.39178 0.106208 0.615527
0 0.542433 0.157161 0.883977 0.314322
4 0.141307 0.474918 0.154775 0.248688
3 0.443179 0.309426 0.729344 0.618851
3 0.509938 0.590021 0.308811 0.791961
3 0.265697 0.750659 0.427199 0.451198
3 0.874156 0.550599 0.251688 0.146394
3 0.0380679 0.280609 0.0761357 0.561219
3 0.0331858 0.763297 0.0663717 0.473407
3 0.0119909 0.556651 0.0239818 0.089701
4 0.139072 0.55524 0.138946 0.0639234
3 0.593094 0.77727 0.38167 0.424844
3 0.46462 0.463949 0.485309 0.927899
4 0.628707 0.0646712 0.742587 0.129342
3 0.465992 0.914082 0.291027 0.171836
3 0.0498812 0.798487 0.0997624 0.403026
3 0.527181 0.893225 0.324624 0.213549
4 0.945105 0.794893 0.10979 0.410213
0 0.0206518 0.751625 0.0413035 0.49675
4 0.389878 0.763711 0.696564 0.437805
4 0.802811 0.544972 0.169179 0.150509
3 0.860844 0.568887 0.278312 0.09653
3 0.889896 0.757588 0.220209 0.472178
3 0.0206518 0.751625 0.0413035 0.49675
0 0.232501 0.871219 0.462774 0.257561
3 0.66006 0.705041 0.250319 0.542419
4 0.946613 0.783538 0.106775 0.432925
4 0.535285 0.0211892 0.92943 0.0423784
0 0.149054 0.766057 0.298107 0.467886
3 0.0604495 0.846039 0.120899 0.307923
3 0.0751029 0.316258 0.150206 0.601103
1 0.8588 0.545937 0.2824 0.15682
3 0.313276 0.270316 0.576599 0.540632
3 0.529894 0.750177 0.446673 0.466507
3 0.538882 0.484444 0.350076 0.968887
3 0.116914 0.260068 0.233827 0.520135
4 0.583373 0.328958 0.832493 0.657915
4 0.860514 0.410888 0.278972 0.526773
0 0.137465 0.870223 0.27493 0.259553
3 0.271527 0.0531318 0.543054 0.106264
0 0.107872 0.674486 0.215745 0.278031
3 0.430017 0.769627 0.619866 0.43274
3 0.475535 0.352818 0.567142 0.705637
3 0.016323 0.698508 0.032646 0.464982
2 0.853787 0.758845 0.292425 0.472422
4 0.74038 0.780155 0.252122 0.439691
3 0.901597 0.288509 0.196806 0.577018
0 0.107093 0.558511 0.214186 0.0686422
0 0.945105 0.794893 0.10979 0.410213
0 0.303604 0.860895 0.464359 0.268804
4 0.114981 0.76944 0.229962 0.461119
3 0.186024 0.870359 0.372047 0.259281
3 0.148093 0.304461 0.296185 0.608923
3 0.162769 0.229923 0.325538 0.459847
4 0.915853 0.760462 0.168293 0.465399
4 0.186024 0.870359 0.372047 0.259281
3 0.233774 0.243451 0.467548 0.486902
4 0.765151 0.783328 0.259904 0.404398
1 0.872729 0.416975 0.25398 0.659758
2 0.944513 0.39178 0.106208 0.615527
2 0.114981 0.76944 0.229962 0.461119
1 0.142316 0.470119 0.140655 0.246544
3 0.542433 0.157161 0.883977 0.314322
3 0.233342 0.71927 0.34185 0.373408
4 0.542433 0.157161 0.883977 0.314322
4 0.801616 0.758422 0.193469 0.469192
4 0.921029 0.25306 0.157941 0.506121
0 0.127075 0.357726 0.175259 0.481659
3 0.236538 0.629299 0.338206 0.461201
0 0.579744 0.697533 0.188242 0.541189
3 0.0144327 0.31535 0.0288654 0.572952
4 0.858641 0.569534 0.282719 0.0951066
4 0.574869 0.762058 0.408308 0.454075
2 0.138639 0.52775 0.142613 0.121464
0 0.53116 0.809394 0.335023 0.359206
4 0.449094 0.128678 0.864379 0.257357
1 0.139072 0.55524 0.138946 0.0639234
4 0.436133 0.0342199 0.872265 0.0684397
0 0.581526 0.783813 0.374913 0.432375
0 0.74038 0.780155 0.252122 0.439691
0 0.66006 0.705041 0.250319 0.542419
4 0.901597 0.288509 0.196806 0.577018
4 0.518758 0.0974377 0.85856 0.194875
4 0.783121 0.226558 0.433759 0.453117
4 0.627357 0.458923 0.72303 0.917846
3 0.518758 0.0974377 0.85856 0.194875
1 0.838148 0.68388 0.323705 0.324877
3 0.74038 0.780155 0.252122 0.439691
4 0.737737 0.303166 0.524526 0.606332
3 0.303604 0.860895 0.464359 0.268804
3 0.817706 0.754924 0.364588 0.462704
3 0.149054 0.766057 0.298107 0.467886
2 0.785254 0.716234 0.235665 0.401606
4 0.127075 0.357726 0.175259 0.481659
3 0.0756971 0.528803 0.151394 0.12635
0 0.458065 0.843837 0.332339 0.294108
2 0.107872 0.674486 0.215745 0.278031
3 0.0101881 0.396389 0.0203763 0.402706
4 0.217686 0.0808962 0.435372 0.161792
4 0.439912 0.197238 0.879823 0.394476
3 0.178291 0.537393 0.201721 0.143458
4 0.262108 0.866493 0.482252 0.267013
3 0.458065 0.843837 0.332339 0.294108
0 0.855915 0.626683 0.28817 0.20948
3 0.53116 0.809394 0.335023 0.359206
4 0.0101881 0.396389 0.0203763 0.402706
4 0.669918 0.750727 0.546566 0.481739
4 0.722334 0.484347 0.501432 0.968695
0 0.465992 0.914082 0.291027 0.171836
0 0.750155 0.414107 0.496909 0.828214
0 0.527181 0.893225 0.324624 0.213549
4 0.112399 0.872977 0.224797 0.254045
4 0.465992 0.914082 0.291027 0.171836
3 0.785254 0.716234 0.235665 0.401606
4 0.303938 0.0425052 0.607876 0.0850104
4 0.107872 0.674486 0.215745 0.278031
0 0.439912 0.197238 0.879823 0.394476
4 0.581526 0.783813 0.374913 0.432375
4 0.0604495 0.846039 0.120899 0.307923
4 0.350188 0.874104 0.405804 0.251792
3 0.439912 0.197238 0.879823 0.394476
4 0.016323 0.698508 0.032646 0.464982
4 0.836332 0.474272 0.23049 0.352457
0 0.0144327 0.31535 0.0288654 0.572952
4 0.855915 0.626683 0.28817 0.20948
0 0.116914 0.260068 0.233827 0.520135
4 0.228362 0.867455 0.453568 0.248752
4 0.0306062 0.293914 0.0612124 0.587828
4 0.168757 0.252758 0.331925 0.49802
4 0.527181 0.893225 0.324624 0.213549
2 0.778331 0.757766 0.28734 0.462893
2 0.176912 0.579674 0.209356 0.0979034
0 0.350188 0.874104 0.405804 0.251792
4 0.382962 0.272508 0.617006 0.545017
3 0.139072 0.55524 0.138946 0.0639234
4 0.116914 0.260068 0.233827 0.520135
4 0.131948 0.224838 0.263896 0.449677
0 0.915853 0.760462 0.168293 0.465399
0 0.0568494 0.406151 0.113699 0.382873
4 0.454262 0.805832 0.542912 0.356521
4 0.0144327 0.31535 0.0288654 0.572952
3 0.176912 0.579674 0.209356 0.0979034
4 0.0119909 0.556651 0.0239818 0.089701
0 0.509938 0.590021 0.308811 0.791961
4 0.0498812 0.798487 0.0997624 0.403026
4 0.0331858 0.763297 0.0663717 0.473407
2 0.214634 0.758559 0.309252 0.451796
4 0.458065 0.843837 0.332339 0.294108
4 0.119666 0.368179 0.239333 0.730031
0 0.168757 0.252758 0.331925 0.49802
1 0.140276 0.633029 0.140474 0.203852
2 0.855915 0.626683 0.28817 0.20948
4 0.802998 0.56574 0.167016 0.0942611
0 0.0380679 0.280609 0.0761357 0.561219
0 0.808291 0.380071 0.377489 0.681209
4 0.303604 0.860895 0.464359 0.268804
2 0.0107321 0.51802 0.0214643 0.135259
4 0.163666 0.397426 0.327332 0.794853
4 0.0206518 0.751625 0.0413035 0.49675
1 0.901597 0.288509 0.196806 0.577018
4 0.0913676 0.256904 0.182735 0.495369
1 0.944513 0.39178 0.106208 0.615527
0 0.363028 0.746059 0.701827 0.470156
2 0.140276 0.633029 0.140474 0.203852
1 0.107093 0.558511 0.214186 0.0686422
0 0.381066 0.25689 0.762131 0.51378
3 0.0107321 0.51802 0.0214643 0.135259
4 0.53116 0.809394 0.335023 0.359206
4 0.490305 0.488082 0.492885 0.976164
4 0.498774 0.412302 0.631457 0.824605
3 0.449094 0.128678 0.864379 0.257357
0 0.0751029 0.316258 0.150206 0.601103
2 0.0119909 0.556651 0.0239818 0.089701
4 0.248876 0.269461 0.48019 0.538921
4 0.579744 0.697533 0.188242 0.541189
2 0.574869 0.762058 0.408308 0.454075
4 0.0107321 0.51802 0.0214643 0.135259
1 0.0119909 0.556651 0.0239818 0.089701
1 0.0756971 0.528803 0.151394 0.12635
0 0.0604495 0.846039 0.120899 0.307923
4 0.610079 0.5 0.494805 1
0 0.611878 0.511903 0.285833 0.969499
1 0.593094 0.77727 0.38167 0.424844
0 0.627357 0.458923 0.72303 0.917846
1 0.204565 0.871365 0.408324 0.25727
4 0.0751029 0.316258 0.150206 0.601103
3 0.141564 0.533423 0.140903 0.110945
0 0.357633 0.497613 0.596762 0.995226
1 0.778331 0.757766 0.28734 0.462893
0 0.799479 0.571827 0.172505 0.0954849
0 0.858637 0.569519 0.282725 0.0951034
0 0.137791 0.558907 0.144115 0.0701866
0 0.800095 0.547809 0.163172 0.138024
0 0.946349 0.291852 0.102752 0.409032
0 0.138633 0.527796 0.142618 0.121332
0 0.858796 0.545934 0.282409 0.156752
0 0.944573 0.39173 0.106072 0.615417
0 0.801514 0.758419 0.193139 0.469276
1 0.946349 0.291852 0.102752 0.409032
0 0.012013 0.556603 0.024026 0.0896356
0 0.817277 0.766069 0.365445 0.451284
0 0.17689 0.579482 0.209327 0.0975143
3 0.86052 0.411124 0.278961 0.526475
0 0.137689 0.634542 0.150492 0.21003
0 0.785176 0.715383 0.235285 0.399874
0 0.855338 0.753534 0.268159 0.451257
0 0.224084 0.86766 0.44431 0.247774
0 0.142313 0.470281 0.140615 0.246036
0 0.535202 0.0211712 0.929596 0.0423424
3 0.724114 0.410162 0.543107 0.789077
3 0.935948 0.368377 0.128103 0.54706
3 0.809176 0.380019 0.375623 0.681445
0 0.703429 0.742705 0.430069 0.486256
0 0.574838 0.761994 0.409416 0.45439
4 0.858796 0.545934 0.282409 0.156752
2 0.946349 0.291852 0.102752 0.409032
0 0.835987 0.474411 0.229809 0.352219
1 0.858637 0.569519 0.282725 0.0951034
0 0.0107489 0.518116 0.0214979 0.135041
3 0.141379 0.475051 0.154589 0.248144
4 0.946349 0.291852 0.102752 0.409032
0 0.0163511 0.697575 0.0327022 0.462821
0 0.41393 0.038875 0.827861 0.0777501
0 0.65738 0.272305 0.685239 0.54461
1 0.802986 0.565729 0.167012 0.0942596
3 0.737369 0.302754 0.525263 0.605509
1 0.802802 0.544945 0.169191 0.150466
0 0.628559 0.0643412 0.742883 0.128682
0 0.217536 0.0806028 0.435072 0.161206
0 0.76481 0.783545 0.259258 0.404064
0 0.901968 0.28869 0.196065 0.57738
3 0.611798 0.5 0.488033 1
3 0.180527 0.423716 0.271154 0.826937
2 0.139069 0.555237 0.138947 0.0639253
4 0.850009 0.75723 0.299982 0.464963
3 0.835987 0.474411 0.229809 0.352219
3 0.127255 0.358747 0.174896 0.479445
1 0.138633 0.527796 0.142618 0.121332
0 0.808785 0.502048 0.198557 0.336456
3 0.590928 0.374283 0.809447 0.748566
3 0.618309 0.775499 0.361686 0.449003
0 0.838293 0.681701 0.323414 0.320578
0 0.603043 0.0329406 0.793913 0.0658811
0 0.946689 0.783615 0.106621 0.43277
3 0.945166 0.794895 0.109667 0.410211
0 0.861017 0.400254 0.277967 0.616256
2 0.802802 0.544945 0.169191 0.150466
3 0.396066 0.383358 0.538252 0.766717
3 0.603043 0.0329406 0.793913 0.0658811
4 0.140449 0.531046 0.14479 0.119288
3 0.709814 0.588995 0.357808 0.82201
2 0.858796 0.545934 0.282409 0.156752
3 0.0568203 0.407004 0.113641 0.381123
3 0.921285 0.252994 0.15743 0.505989
3 0.612762 0.513296 0.282856 0.965785
4 0.793157 0.775853 0.321985 0.448294
3 0.107091 0.558516 0.214183 0.0686087
3 0.217536 0.0806028 0.435072 0.161206
3 0.793157 0.775853 0.321985 0.448294
0 0.453307 0.764201 0.612455 0.435927
3 0.279228 0.460393 0.446527 0.920786
0 0.303703 0.0425069 0.607407 0.0850137
4 0.236379 0.760198 0.444685 0.46538
3 0.517019 0.5 0.51255 1
3 0.628559 0.0643412 0.742883 0.128682
0 0.214195 0.758393 0.308412 0.451541
4 0.65738 0.272305 0.685239 0.54461
3 0.808785 0.502048 0.198557 0.336456
3 0.216494 0.413823 0.432988 0.823743
3 0.782931 0.226822 0.434137 0.453643
3 0.358002 0.497604 0.595116 0.995209
4 0.214195 0.758393 0.308412 0.451541
1 0.835987 0.474411 0.229809 0.352219
3 0.119506 0.368087 0.239013 0.729635
4 0.138979 0.638345 0.159273 0.216648
3 0.350668 0.87433 0.405487 0.25134
0 0.737369 0.302754 0.525263 0.605509
3 0.946689 0.783615 0.106621 0.43277
3 0.946506 0.27821 0.102447 0.377179
0 0.782931 0.226822 0.434137 0.453643
3 0.856023 0.626586 0.287955 0.209358
3 0.329139 0.742897 0.602463 0.481862
0 0.0102064 0.397114 0.0204127 0.401214
3 0.507191 0.0216216 0.959355 0.0432433
3 0.703429 0.742705 0.430069 0.486256
3 0.344066 0.0373227 0.688133 0.0746453
3 0.751002 0.66081 0.289715 0.413319
4 0.603043 0.0329406 0.793913 0.0658811
3 0.563662 0.496356 0.714322 0.992713
3 0.498699 0.412854 0.626992 0.825708
3 0.556526 0.816046 0.352332 0.367908
0 0.519101 0.0944783 0.858998 0.188957
0 0.928225 0.570534 0.14187 0.104549
3 0.65738 0.272305 0.685239 0.54461
3 0.126462 0.253002 0.250638 0.487925
3 0.262209 0.866448 0.482082 0.267104
3 0.580327 0.697594 0.185412 0.537573
0 0.291326 0.764451 0.507916 0.450741
0 0.449657 0.126521 0.865067 0.253042
0 0.583147 0.329728 0.832981 0.659456
4 0.944573 0.39173 0.106072 0.615417
4 0.141379 0.475051 0.154589 0.248144
0 0.921285 0.252994 0.15743 0.505989
3 0.44341 0.310019 0.726982 0.620038
3 0.510055 0.594616 0.306875 0.781973
3 0.265827 0.750509 0.427319 0.450664
3 0.874739 0.55059 0.250523 0.146271
3 0.0382149 0.280587 0.0764297 0.561173
3 0.0331263 0.763304 0.0662526 0.473392
3 0.012013 0.556603 0.024026 0.0896356
0 0.542303 0.151892 0.884408 0.303785
4 0.139069 0.555237 0.138947 0.0639253
3 0.593266 0.777408 0.38146 0.424571
3 0.466093 0.914574 0.291917 0.170852
4 0.628559 0.0643412 0.742883 0.128682
3 0.464625 0.463459 0.483387 0.926918
3 0.0497462 0.798609 0.0994925 0.402782
3 0.527326 0.894672 0.325359 0.210655
4 0.945166 0.794895 0.109667 0.410211
4 0.389568 0.763637 0.697954 0.437915
4 0.802802 0.544945 0.169191 0.150466
3 0.860986 0.568855 0.278028 0.0964718
3 0.0206786 0.751635 0.0413572 0.496729
3 0.890222 0.757574 0.219556 0.472091
3 0.659996 0.705062 0.249133 0.541224
4 0.535202 0.0211712 0.929596 0.0423424
3 0.0602543 0.846049 0.120509 0.307901
4 0.946689 0.783615 0.106621 0.43277
3 0.0752079 0.316263 0.150416 0.60144
0 0.0206786 0.751635 0.0413572 0.496729
1 0.858796 0.545934 0.282409 0.156752
3 0.313373 0.270124 0.575267 0.540248
3 0.53945 0.483814 0.347495 0.967628
3 0.529693 0.75023 0.447518 0.46639
4 0.583147 0.329728 0.832981 0.659456
3 0.116729 0.259959 0.233458 0.519919
4 0.86052 0.411124 0.278961 0.526475
0 0.232512 0.871186 0.462727 0.257627
3 0.271125 0.0530874 0.54225 0.106175
0 0.148683 0.766082 0.297366 0.467835
3 0.428173 0.769584 0.624693 0.432893
3 0.0163511 0.697575 0.0327022 0.462821
4 0.740339 0.780166 0.252211 0.439668
2 0.853908 0.758667 0.292183 0.472112
3 0.901968 0.28869 0.196065 0.57738
0 0.137463 0.870245 0.274925 0.25951
0 0.10786 0.673143 0.21572 0.275403
3 0.18596 0.870362 0.371921 0.259276
4 0.114891 0.769469 0.229782 0.461061
3 0.162265 0.230016 0.32453 0.460033
3 0.147494 0.304555 0.294988 0.609111
3 0.233272 0.243573 0.466544 0.487146
0 0.945166 0.794895 0.109667 0.410211
4 0.916165 0.760489 0.167671 0.465396
4 0.18596 0.870362 0.371921 0.259276
0 0.107091 0.558516 0.214183 0.0686087
4 0.76481 0.783545 0.259258 0.404064
0 0.303806 0.861008 0.465004 0.26869
2 0.944573 0.39173 0.106072 0.615417
1 0.872883 0.417182 0.253674 0.660321
2 0.114891 0.769469 0.229782 0.461061
1 0.142313 0.470281 0.140615 0.246036
3 0.233055 0.717884 0.341065 0.370568
3 0.542303 0.151892 0.884408 0.303785
4 0.542303 0.151892 0.884408 0.303785
4 0.801514 0.758419 0.193139 0.469276
4 0.921285 0.252994 0.15743 0.505989
3 0.236377 0.628688 0.337234 0.4577
3 0.0144843 0.315381 0.0289686 0.573094
4 0.574838 0.761994 0.409416 0.45439
4 0.858637 0.569519 0.282725 0.0951034
2 0.138633 0.527796 0.142618 0.121332
0 0.127255 0.358747 0.174896 0.479445
0 0.580327 0.697594 0.185412 0.537573
4 0.449657 0.126521 0.865067 0.253042
4 0.435984 0.0342851 0.871968 0.0685702
1 0.139069 0.555237 0.138947 0.0639253
4 0.901968 0.28869 0.196065 0.57738
3 0.463587 0.315782 0.526789 0.631563
4 0.519101 0.0944783 0.858998 0.188957
4 0.782931 0.226822 0.434137 0.453643
0 0.531484 0.810519 0.336457 0.356865
0 0.659996 0.705062 0.249133 0.541224
4 0.628157 0.458269 0.721274 0.916537
1 0.838293 0.681701 0.323414 0.320578
0 0.581507 0.78413 0.375376 0.43174
3 0.740339 0.780166 0.252211 0.439668
0 0.740339 0.780166 0.252211 0.439668
3 0.519101 0.0944783 0.858998 0.188957
3 0.81771 0.754972 0.364581 0.462659
4 0.737369 0.302754 0.525263 0.605509
3 0.303806 0.861008 0.465004 0.26869
3 0.148683 0.766082 0.297366 0.467835
2 0.785176 0.715383 0.235285 0.399874
4 0.127255 0.358747 0.174896 0.479445
3 0.0754879 0.52884 0.150976 0.126228
3 0.0102064 0.397114 0.0204127 0.401214
2 0.10786 0.673143 0.21572 0.275403
4 0.439592 0.194673 0.879183 0.389346
4 0.217536 0.0806028 0.435072 0.161206
3 0.178284 0.537437 0.201701 0.143174
3 0.457166 0.844847 0.335926 0.292077
4 0.262209 0.866448 0.482082 0.267104
0 0.457166 0.844847 0.335926 0.292077
3 0.531484 0.810519 0.336457 0.356865
4 0.669927 0.750608 0.54622 0.482182
4 0.0102064 0.397114 0.0204127 0.401214
4 0.723442 0.483698 0.498543 0.967396
4 0.112463 0.873016 0.224925 0.253968
4 0.466093 0.914574 0.291917 0.170852
0 0.856023 0.626586 0.287955 0.209358
3 0.785176 0.715383 0.235285 0.399874
4 0.303703 0.0425069 0.607407 0.0850137
0 0.750412 0.414412 0.496413 0.828824
0 0.527326 0.894672 0.325359 0.210655
4 0.10786 0.673143 0.21572 0.275403
0 0.466093 0.914574 0.291917 0.170852
4 0.0602543 0.846049 0.120509 0.307901
4 0.350668 0.87433 0.405487 0.25134
4 0.581507 0.78413 0.375376 0.43174
3 0.439592 0.194673 0.879183 0.389346
4 0.0163511 0.697575 0.0327022 0.462821
4 0.835987 0.474411 0.229809 0.352219
0 0.439592 0.194673 0.879183 0.389346
4 0.856023 0.626586 0.287955 0.209358
4 0.22833 0.867422 0.453447 0.248841
4 0.168036 0.25296 0.330519 0.498248
4 0.0307844 0.293985 0.0615688 0.58797
0 0.0144843 0.315381 0.0289686 0.573094
4 0.527326 0.894672 0.325359 0.210655
2 0.777696 0.757756 0.286154 0.463003
2 0.17689 0.579482 0.209327 0.0975143
4 0.384038 0.272239 0.614121 0.544478
0 0.116729 0.259959 0.233458 0.519919
4 0.13142 0.224926 0.262839 0.449852
4 0.116729 0.259959 0.233458 0.519919
3 0.139069 0.555237 0.138947 0.0639253
0 0.350668 0.87433 0.405487 0.25134
4 0.452285 0.805978 0.548614 0.356216
4 0.0144843 0.315381 0.0289686 0.573094
3 0.17689 0.579482 0.209327 0.0975143
4 0.012013 0.556603 0.024026 0.0896356
4 0.0497462 0.798609 0.0994925 0.402782
4 0.0331263 0.763304 0.0662526 0.473392
4 0.457166 0.844847 0.335926 0.292077
2 0.214195 0.758393 0.308412 0.451541
0 0.916165 0.760489 0.167671 0.465396
4 0.119506 0.368087 0.239013 0.729635
0 0.0568203 0.407004 0.113641 0.381123
0 0.510055 0.594616 0.306875 0.781973
1 0.140276 0.632981 0.140483 0.203843
4 0.802986 0.565729 0.167012 0.0942596
4 0.303806 0.861008 0.465004 0.26869
2 0.856023 0.626586 0.287955 0.209358
4 0.162505 0.39728 0.325011 0.794559
2 0.0107489 0.518116 0.0214979 0.135041
4 0.0206786 0.751635 0.0413572 0.496729
1 0.901968 0.28869 0.196065 0.57738
0 0.168036 0.25296 0.330519 0.498248
4 0.0914127 0.257023 0.182825 0.495713
0 0.0382149 0.280587 0.0764297 0.561173
0 0.809176 0.380019 0.375623 0.681445
1 0.944573 0.39173 0.106072 0.615417
2 0.140276 0.632981 0.140483 0.203843
1 0.107091 0.558516 0.214183 0.0686087
3 0.0107489 0.518116 0.0214979 0.135041
4 0.531484 0.810519 0.336457 0.356865
4 0.490476 0.487233 0.490854 0.974465
4 0.498699 0.412854 0.626992 0.825708
0 0.380976 0.256547 0.761952 0.513094
3 0.449657 0.126521 0.865067 0.253042
2 0.012013 0.556603 0.024026 0.0896356
4 0.248621 0.269558 0.479565 0.539116
4 0.580327 0.697594 0.185412 0.537573
2 0.574838 0.761994 0.409416 0.45439
0 0.0752079 0.316263 0.150416 0.60144
4 0.0107489 0.518116 0.0214979 0.135041
1 0.012013 0.556603 0.024026 0.0896356
1 0.0754879 0.52884 0.150976 0.126228
4 0.611798 0.5 0.488033 1
3 0.14158 0.533442 0.140897 0.110875
0 0.0602543 0.846049 0.120509 0.307901
4 0.0752079 0.316263 0.150416 0.60144
1 0.593266 0.777408 0.38146 0.424571
0 0.612762 0.513296 0.282856 0.965785
1 0.204568 0.871372 0.408305 0.257256
1 0.777696 0.757756 0.286154 0.463003
0 0.628157 0.458269 0.721274 0.916537
4 0.463587 0.315782 0.526789 0.631563
