0 0.817421 0.759183 0.365157 0.442091
0 0.519336 0.760998 0.528658 0.461078
0 0.48927 0.0305014 0.924816 0.0610027
0 0.806412 0.282577 0.387176 0.556359
3 0.572437 0.5 0.72904 1
0 0.379185 0.7634 0.691231 0.457682
0 0.251187 0.769747 0.488366 0.452274
0 0.38052 0.0427559 0.758877 0.0855118
3 0.793563 0.510416 0.40374 0.979168
3 0.531458 0.34003 0.792444 0.680061
3 0.785052 0.355782 0.429897 0.692642
0 0.595092 0.267144 0.809817 0.534288
3 0.557219 0.762024 0.471992 0.475952
0 0.83699 0.433892 0.32602 0.858972
0 0.211682 0.137021 0.423365 0.274043
3 0.789475 0.767817 0.385873 0.464366
3 0.205795 0.38353 0.407874 0.76706
3 0.941198 0.797701 0.117604 0.404597
0 0.886317 0.272378 0.227366 0.543037
3 0.786234 0.253651 0.427531 0.507302
3 0.863947 0.292841 0.0767317 0.382789
3 0.853887 0.771571 0.292226 0.456858
3 0.652357 0.764241 0.446951 0.471518
3 0.211682 0.137021 0.423365 0.274043
0 0.158323 0.90216 0.315505 0.195679
3 0.701427 0.497246 0.597145 0.959005
0 0.941513 0.792444 0.116974 0.406738
3 0.675643 0.309948 0.57272 0.613867
0 0.583682 0.0678309 0.832636 0.135662
0 0.2944 0.05186 0.588801 0.10372
3 0.906977 0.488085 0.186046 0.976171
3 0.402419 0.488564 0.800984 0.977128
3 0.170863 0.228882 0.339616 0.438295
3 0.936547 0.686175 0.126906 0.572507
3 0.453583 0.765805 0.461786 0.468391
3 0.327967 0.836486 0.435081 0.327027
3 0.822652 0.782897 0.354696 0.434207
0 0.901117 0.463791 0.197766 0.927207
3 0.254573 0.890625 0.49779 0.21875
0 0.107539 0.894598 0.215079 0.210803
0 0.786846 0.509032 0.426307 0.934487
0 0.0723678 0.897773 0.144736 0.204454
0 0.396239 0.633159 0.720228 0.704483
0 0.224537 0.637748 0.434548 0.203689
0 0.454985 0.24386 0.872134 0.48772
3 0.741269 0.269551 0.517463 0.539102
0 0.73799 0.763392 0.52402 0.445256
3 0.51268 0.770122 0.557482 0.459756
3 0.216649 0.649344 0.424285 0.235689
3 0.583682 0.0678309 0.832636 0.135662
3 0.17855 0.899231 0.351804 0.201538
3 0.942383 0.781765 0.115234 0.401704
3 0.344207 0.743449 0.678978 0.483793
0 0.574655 0.76093 0.84733 0.454052
3 0.0308986 0.307733 0.0617973 0.615467
0 0.00983817 0.646344 0.0196763 0.707312
3 0.595092 0.267144 0.809817 0.534288
3 0.0292189 0.234911 0.0584378 0.469821
3 0.183006 0.771097 0.364927 0.457806
0 0.190508 0.742279 0.379637 0.392184
3 0.257511 0.729815 0.508683 0.405079
3 0.2944 0.05186 0.588801 0.10372
4 0.543781 0.294828 0.802407 0.589655
3 0.00983817 0.646344 0.0196763 0.707312
4 0.537418 0.0244286 0.905022 0.0488572
4 0.583682 0.0678309 0.832636 0.135662
3 0.0739586 0.228628 0.147917 0.457255
3 0.0139971 0.798297 0.0279943 0.403406
3 0.639109 0.742359 0.71693 0.482946
4 0.802421 0.763646 0.395157 0.441743
0 0.741269 0.269551 0.517463 0.539102
3 0.512425 0.0287872 0.937771 0.0575745
3 0.262338 0.862121 0.520897 0.266588
0 0.769306 0.168554 0.461389 0.337108
3 0.856043 0.493349 0.287914 0.964655
4 0.843911 0.499663 0.312178 0.952673
4 0.853887 0.771571 0.292226 0.456858
3 0.769306 0.168554 0.461389 0.337108
4 0.936547 0.686175 0.126906 0.572507
3 0.0240905 0.835333 0.048181 0.329335
3 0.846056 0.341262 0.307889 0.682524
4 0.569067 0.757946 0.854915 0.455994
4 0.901117 0.463791 0.197766 0.927207
3 0.282886 0.480449 0.56284 0.960899
3 0.442533 0.0458272 0.875025 0.0916544
0 0.268189 0.0791589 0.536379 0.158318
4 0.652357 0.764241 0.446951 0.471518
3 0.0096873 0.761276 0.0193746 0.477448
4 0.941198 0.797701 0.117604 0.404597
3 0.268189 0.0791589 0.536379 0.158318
0 0.90833 0.377722 0.183341 0.722337
4 0.413583 0.487322 0.809123 0.974645
0 0.00835232 0.703886 0.0167046 0.592229
0 0.196255 0.898764 0.377549 0.202472
3 0.217798 0.897732 0.423093 0.199755
3 0.00835232 0.703886 0.0167046 0.592229
4 0.557219 0.762024 0.471992 0.475952
4 0.942383 0.781765 0.115234 0.401704
4 0.459173 0.0381866 0.918347 0.0763731
3 0.0171701 0.479167 0.0343402 0.791026
4 0.734858 0.276662 0.530283 0.553324
0 0.451348 0.496439 0.902341 0.992878
4 0.587612 0.758832 0.587239 0.461768
0 0.731955 0.32872 0.536091 0.651492
3 0.886317 0.272378 0.227366 0.543037
4 0.327967 0.836486 0.435081 0.327027
3 0.265027 0.321578 0.521909 0.643155
3 0.925478 0.497037 0.149043 0.805225
4 0.158323 0.90216 0.315505 0.195679
0 0.941198 0.797701 0.117604 0.404597
4 0.572437 0.5 0.72904 1
4 0.451095 0.762951 0.605027 0.458458
3 0.396239 0.633159 0.720228 0.704483
4 0.412955 0.765504 0.422063 0.468991
0 0.187318 0.652867 0.37215 0.253583
4 0.668231 0.287685 0.663537 0.57537
0 0.0096873 0.761276 0.0193746 0.477448
3 0.0764418 0.743402 0.152884 0.415874
4 0.107539 0.894598 0.215079 0.210803
4 0.224537 0.637748 0.434548 0.203689
0 0.936547 0.686175 0.126906 0.572507
0 0.298451 0.228386 0.596903 0.456773
4 0.315449 0.76421 0.627364 0.460462
4 0.257511 0.729815 0.508683 0.405079
3 0.747692 0.725385 0.504615 0.509513
4 0.0723678 0.897773 0.144736 0.204454
4 0.785052 0.355782 0.429897 0.692642
0 0.0171701 0.479167 0.0343402 0.791026
1 0.785052 0.355782 0.429897 0.692642
0 0.0139971 0.798297 0.0279943 0.403406
1 0.187208 0.900618 0.370492 0.198764
4 0.298451 0.228386 0.596903 0.456773
4 0.90833 0.377722 0.183341 0.722337
3 0.244484 0.221309 0.488968 0.442618
4 0.237896 0.36602 0.471298 0.732041
0 0.853887 0.771571 0.292226 0.456858
4 0.254573 0.890625 0.49779 0.21875
4 0.196429 0.767032 0.391674 0.465937
4 0.396239 0.633159 0.720228 0.704483
3 0.0935772 0.801469 0.187154 0.397062
4 0.0935772 0.801469 0.187154 0.397062
3 0.120641 0.223564 0.241281 0.427732
3 0.125884 0.385705 0.251767 0.747549
4 0.196255 0.898764 0.377549 0.202472
4 0.211682 0.137021 0.423365 0.274043
4 0.0240905 0.835333 0.048181 0.329335
0 0.378639 0.271482 0.689223 0.542963
4 0.769306 0.168554 0.461389 0.337108
4 0.704134 0.753576 0.591733 0.455801
0 0.531458 0.34003 0.792444 0.680061
4 0.886317 0.272378 0.227366 0.543037
4 0.378639 0.271482 0.689223 0.542963
0 0.789475 0.767817 0.385873 0.464366
4 0.331307 0.0407554 0.658796 0.0815108
0 0.0240905 0.835333 0.048181 0.329335
4 0.0222708 0.431024 0.0445416 0.823742
4 0.925478 0.497037 0.149043 0.805225
0 0.0739586 0.228628 0.147917 0.457255
4 0.00983817 0.646344 0.0196763 0.707312
4 0.159452 0.218926 0.318905 0.437852
3 0.483143 0.705103 0.603826 0.559986
4 0.454985 0.24386 0.872134 0.48772
0 0.262338 0.862121 0.520897 0.266588
3 0.0667127 0.614487 0.133425 0.377825
0 0.557219 0.762024 0.471992 0.475952
4 0.739893 0.483653 0.37863 0.944258
0 0.254573 0.890625 0.49779 0.21875
4 0.0139971 0.798297 0.0279943 0.403406
3 0.0810117 0.422735 0.162023 0.819639
0 0.46886 0.766758 0.509839 0.466485
4 0.268189 0.0791589 0.536379 0.158318
4 0.846056 0.341262 0.307889 0.682524
4 0.0096873 0.761276 0.0193746 0.477448
4 0.0739586 0.228628 0.147917 0.457255
4 0.00835232 0.703886 0.0167046 0.592229
0 0.0935772 0.801469 0.187154 0.397062
4 0.0286537 0.36625 0.0573074 0.730909
3 0.0663288 0.497098 0.132658 0.624479
0 0.846056 0.341262 0.307889 0.682524
4 0.307069 0.322376 0.61192 0.644751
0 0.925478 0.497037 0.149043 0.805225
4 0.205291 0.28195 0.405485 0.563901
4 0.168832 0.384819 0.336759 0.76725
0 0.237992 0.27792 0.470465 0.555841
0 0.652357 0.764241 0.446951 0.471518
2 0.606184 0.329309 0.771449 0.658618
3 0.446877 0.288094 0.807697 0.576188
4 0.187318 0.652867 0.37215 0.253583
3 0.0723678 0.897773 0.144736 0.204454
0 0.0292189 0.234911 0.0584378 0.469821
3 0.107539 0.894598 0.215079 0.210803
3 0.382963 0.237479 0.756899 0.474957
4 0.0810117 0.422735 0.162023 0.819639
4 0.0292189 0.234911 0.0584378 0.469821
4 0.262338 0.862121 0.520897 0.266588
1 0.215445 0.718463 0.427419 0.348831
4 0.0667127 0.614487 0.133425 0.377825
2 0.379185 0.7634 0.691231 0.457682
0 0.0286537 0.36625 0.0573074 0.730909
4 0.0764418 0.743402 0.152884 0.415874
0 0.398443 0.370474 0.788409 0.740948
0 0.327967 0.836486 0.435081 0.327027
1 0.822652 0.782897 0.354696 0.434207
4 0.282886 0.480449 0.56284 0.960899
1 0.491004 0.762148 0.549003 0.45369
0 0.307069 0.322376 0.61192 0.644751
2 0.257511 0.729815 0.508683 0.405079
0 0.193352 0.216434 0.386346 0.432868
4 0.701427 0.497246 0.597145 0.959005
0 0.0764418 0.743402 0.152884 0.415874
2 0.490632 0.771546 0.546895 0.437712
2 0.818531 0.494033 0.362937 0.956688
1 0.793563 0.510416 0.40374 0.979168
1 0.941513 0.792444 0.116974 0.406738
1 0.196429 0.767032 0.391674 0.465937
2 0.942383 0.781765 0.115234 0.401704
3 0.489788 0.203067 0.866222 0.406134
4 0.123434 0.241121 0.246868 0.461767
0 0.282886 0.480449 0.56284 0.960899
1 0.552547 0.283572 0.753355 0.567145
2 0.704134 0.753576 0.591733 0.455801
0 0.120641 0.223564 0.241281 0.427732
2 0.153744 0.899314 0.306728 0.201372
2 0.90833 0.377722 0.183341 0.722337
2 0.32159 0.465682 0.642659 0.931364
4 0.0663288 0.497098 0.132658 0.624479
0 0.701427 0.497246 0.597145 0.959005
1 0.83699 0.433892 0.32602 0.858972
2 0.107539 0.894598 0.215079 0.210803
2 0.587612 0.758832 0.587239 0.461768
2 0.0810117 0.422735 0.162023 0.819639
1 0.886317 0.272378 0.227366 0.543037
0 0.0667127 0.614487 0.133425 0.377825
0 0.168832 0.384819 0.336759 0.76725
1 0.205795 0.38353 0.407874 0.76706
2 0.20828 0.768114 0.413676 0.463772
2 0.396239 0.633159 0.720228 0.704483
1 0.334053 0.772392 0.604183 0.441896
2 0.202726 0.424454 0.401403 0.848909
2 0.816682 0.760979 0.366637 0.43827
1 0.104307 0.770966 0.208613 0.458068
2 0.224537 0.637748 0.434548 0.203689
2 0.542211 0.267772 0.836237 0.535545
2 0.20605 0.231889 0.40456 0.457389
2 0.941198 0.797701 0.117604 0.404597
1 0.0723678 0.897773 0.144736 0.204454
2 0.483143 0.705103 0.603826 0.559986
2 0.668231 0.287685 0.663537 0.57537
2 0.769306 0.168554 0.461389 0.337108
1 0.903391 0.499627 0.193217 0.991291
2 0.734858 0.276662 0.530283 0.553324
1 0.216649 0.649344 0.424285 0.235689
1 0.262338 0.862121 0.520897 0.266588
2 0.217798 0.897732 0.423093 0.199755
1 0.90833 0.377722 0.183341 0.722337
1 0.936547 0.686175 0.126906 0.572507
1 0.20605 0.231889 0.40456 0.457389
2 0.447545 0.488607 0.886259 0.977213
2 0.853887 0.771571 0.292226 0.456858
2 0.412955 0.765504 0.422063 0.468991
1 0.675643 0.309948 0.57272 0.613867
1 0.0764418 0.743402 0.152884 0.415874
1 0.587612 0.758832 0.587239 0.461768
1 0.378639 0.271482 0.689223 0.542963
2 0.0222708 0.431024 0.0445416 0.823742
2 0.327967 0.836486 0.435081 0.327027
2 0.187318 0.652867 0.37215 0.253583
2 0.51272 0.761791 0.50745 0.476418
2 0.0663288 0.497098 0.132658 0.624479
2 0.262338 0.862121 0.520897 0.266588
2 0.298451 0.228386 0.596903 0.456773
1 0.5294 0.0264573 0.922822 0.0529146
1 0.0139971 0.798297 0.0279943 0.403406
2 0.00983817 0.646344 0.0196763 0.707312
2 0.0739586 0.228628 0.147917 0.457255
2 0.846056 0.341262 0.307889 0.682524
2 0.574655 0.76093 0.84733 0.454052
1 0.125884 0.385705 0.251767 0.747549
2 0.925478 0.497037 0.149043 0.805225
2 0.104307 0.770966 0.208613 0.458068
2 0.739893 0.483653 0.37863 0.944258
1 0.0667127 0.614487 0.133425 0.377825
1 0.0663288 0.497098 0.132658 0.624479
2 0.0667127 0.614487 0.133425 0.377825
2 0.789475 0.767817 0.385873 0.464366
2 0.0240905 0.835333 0.048181 0.329335
2 0.943119 0.646514 0.113761 0.600843
2 0.254573 0.890625 0.49779 0.21875
2 0.652357 0.764241 0.446951 0.471518
2 0.0292189 0.234911 0.0584378 0.469821
1 0.0240905 0.835333 0.048181 0.329335
2 0.0139971 0.798297 0.0279943 0.403406
2 0.674016 0.492647 0.639409 0.985294
2 0.211682 0.137021 0.423365 0.274043
1 0.569067 0.757946 0.854915 0.455994
2 0.0723678 0.897773 0.144736 0.204454
2 0.00835232 0.703886 0.0167046 0.592229
1 0.215635 0.899451 0.416562 0.201099
1 0.466627 0.23278 0.777173 0.46556
1 0.0810117 0.422735 0.162023 0.819639
0 0.817439 0.75916 0.365121 0.442029
0 0.519372 0.76092 0.528011 0.461176
0 0.489157 0.0305789 0.924717 0.0611577
3 0.571274 0.5 0.729297 1
0 0.807317 0.283029 0.385365 0.557201
0 0.379177 0.763381 0.691299 0.457726
0 0.251258 0.769782 0.488499 0.452377
3 0.793456 0.510662 0.402651 0.978676
0 0.380462 0.0430102 0.758809 0.0860204
3 0.530627 0.340377 0.792316 0.680755
3 0.785086 0.355326 0.429829 0.690946
3 0.556918 0.762208 0.472505 0.475583
0 0.413197 0.692489 0.710994 0.587717
0 0.59504 0.265987 0.80992 0.531975
3 0.789229 0.767928 0.38557 0.464144
3 0.205737 0.383596 0.407781 0.767193
3 0.941186 0.797698 0.117628 0.404603
0 0.211446 0.136381 0.422893 0.272761
0 0.838649 0.43282 0.322702 0.856328
3 0.786207 0.254019 0.427586 0.508038
3 0.863949 0.292733 0.076746 0.382577
0 0.80184 0.509152 0.396319 0.939805
3 0.854193 0.771572 0.291614 0.456857
3 0.652016 0.764403 0.446303 0.471193
0 0.887789 0.273289 0.224422 0.544938
3 0.211446 0.136381 0.422893 0.272761
3 0.701589 0.49729 0.596822 0.958873
3 0.674213 0.310152 0.570994 0.613695
3 0.402058 0.488526 0.800133 0.977052
3 0.906934 0.488182 0.186132 0.976364
3 0.170714 0.228848 0.339328 0.438181
0 0.15847 0.902148 0.315771 0.195704
0 0.941435 0.792559 0.117131 0.406625
3 0.936547 0.686942 0.126905 0.570831
0 0.583489 0.0671081 0.833023 0.134216
3 0.453165 0.765842 0.46328 0.468317
0 0.294153 0.051932 0.588305 0.103864
3 0.327167 0.83774 0.438141 0.324521
3 0.822765 0.782898 0.354469 0.434204
3 0.254921 0.891209 0.498518 0.217582
0 0.894923 0.496137 0.210153 0.980307
3 0.741108 0.268908 0.517783 0.537816
3 0.512211 0.770103 0.558205 0.459794
0 0.108043 0.894652 0.216086 0.210697
3 0.216491 0.649571 0.424004 0.235543
3 0.583489 0.0671081 0.833023 0.134216
0 0.0726358 0.897786 0.145272 0.204427
0 0.22444 0.637885 0.434327 0.203908
3 0.178681 0.899266 0.352054 0.201468
3 0.942325 0.781809 0.115349 0.401624
0 0.45493 0.242615 0.871468 0.485229
0 0.738488 0.763363 0.523025 0.445254
3 0.344601 0.743156 0.679776 0.484424
3 0.031106 0.307696 0.062212 0.615393
3 0.59504 0.265987 0.80992 0.531975
3 0.0293592 0.234916 0.0587183 0.469831
3 0.182839 0.771224 0.36457 0.457552
3 0.257546 0.729719 0.508773 0.405035
3 0.294153 0.051932 0.588305 0.103864
3 0.00994059 0.646722 0.0198812 0.706556
0 0.00994059 0.646722 0.0198812 0.706556
4 0.542643 0.294882 0.801217 0.589764
0 0.574768 0.760905 0.84703 0.453958
4 0.537493 0.0243314 0.90545 0.0486627
3 0.073799 0.228551 0.147598 0.457102
3 0.639166 0.742412 0.716741 0.48271
4 0.583489 0.0671081 0.833023 0.134216
3 0.0140652 0.798324 0.0281304 0.403353
0 0.190067 0.741076 0.378756 0.389482
4 0.80233 0.763608 0.395341 0.441826
3 0.512344 0.0287853 0.937824 0.0575707
3 0.262346 0.865455 0.520845 0.25982
0 0.741108 0.268908 0.517783 0.537816
3 0.85644 0.493385 0.28712 0.964646
4 0.844551 0.499776 0.310898 0.952508
3 0.769359 0.168574 0.461282 0.337148
4 0.854193 0.771572 0.291614 0.456857
4 0.936547 0.686942 0.126905 0.570831
3 0.0241318 0.835462 0.0482636 0.329075
0 0.769359 0.168574 0.461282 0.337148
3 0.846091 0.343229 0.307818 0.686458
4 0.568808 0.757964 0.855351 0.455811
3 0.282759 0.480329 0.562607 0.960659
4 0.901688 0.463574 0.196624 0.926731
3 0.442509 0.0462543 0.875123 0.0925086
3 0.00976945 0.761163 0.0195389 0.477674
4 0.652016 0.764403 0.446303 0.471193
4 0.941186 0.797698 0.117628 0.404603
3 0.267812 0.0792711 0.535623 0.158542
4 0.413234 0.487584 0.807975 0.975168
0 0.267812 0.0792711 0.535623 0.158542
0 0.908403 0.380713 0.183194 0.72838
3 0.00844148 0.703822 0.016883 0.592356
3 0.218176 0.897774 0.423784 0.199595
4 0.556918 0.762208 0.472505 0.475583
4 0.942325 0.781809 0.115349 0.401624
0 0.00844148 0.703822 0.016883 0.592356
0 0.196488 0.898802 0.378008 0.202396
4 0.459187 0.0385545 0.918374 0.077109
3 0.0172416 0.479385 0.0344833 0.789337
4 0.587193 0.758761 0.585141 0.461831
4 0.734685 0.277654 0.530631 0.555309
0 0.450625 0.496311 0.900932 0.992622
3 0.887789 0.273289 0.224422 0.544938
4 0.327167 0.83774 0.438141 0.324521
3 0.264879 0.321204 0.521685 0.642408
4 0.15847 0.902148 0.315771 0.195704
3 0.925532 0.49674 0.148936 0.805423
4 0.450574 0.762906 0.605736 0.458529
0 0.732699 0.32783 0.534602 0.649685
4 0.571274 0.5 0.729297 1
3 0.396003 0.627025 0.720613 0.716814
4 0.41228 0.765639 0.424449 0.468723
4 0.668133 0.287624 0.663734 0.575247
3 0.076406 0.74313 0.152812 0.415242
0 0.941186 0.797698 0.117628 0.404603
4 0.108043 0.894652 0.216086 0.210697
4 0.22444 0.637885 0.434327 0.203908
0 0.187012 0.653064 0.371562 0.253047
4 0.315449 0.764212 0.627352 0.460383
0 0.00976945 0.761163 0.0195389 0.477674
4 0.0726358 0.897786 0.145272 0.204427
3 0.748039 0.724226 0.503921 0.511831
4 0.257546 0.729719 0.508773 0.405035
4 0.785086 0.355326 0.429829 0.690946
4 0.297985 0.228173 0.59597 0.456346
1 0.785086 0.355326 0.429829 0.690946
0 0.936547 0.686942 0.126905 0.570831
1 0.18729 0.900594 0.370653 0.198813
4 0.908403 0.380713 0.183194 0.72838
3 0.243761 0.221153 0.487521 0.442306
4 0.237865 0.365691 0.471297 0.731383
0 0.297985 0.228173 0.59597 0.456346
0 0.0172416 0.479385 0.0344833 0.789337
4 0.396003 0.627025 0.720613 0.716814
4 0.254921 0.891209 0.498518 0.217582
4 0.196184 0.767052 0.391175 0.465895
0 0.0140652 0.798324 0.0281304 0.403353
0 0.854193 0.771572 0.291614 0.456857
3 0.0937133 0.801565 0.187427 0.396869
4 0.0937133 0.801565 0.187427 0.396869
3 0.120759 0.223487 0.241517 0.427609
3 0.125823 0.385955 0.251645 0.748006
4 0.196488 0.898802 0.378008 0.202396
4 0.211446 0.136381 0.422893 0.272761
4 0.0241318 0.835462 0.0482636 0.329075
4 0.769359 0.168574 0.461282 0.337148
4 0.704229 0.75352 0.591542 0.455847
4 0.887789 0.273289 0.224422 0.544938
4 0.378624 0.271253 0.688148 0.542507
4 0.331162 0.0408805 0.658568 0.081761
0 0.378624 0.271253 0.688148 0.542507
4 0.0223301 0.43079 0.0446601 0.822964
0 0.530627 0.340377 0.792316 0.680755
4 0.158768 0.218768 0.317537 0.437536
4 0.00994059 0.646722 0.0198812 0.706556
4 0.925532 0.49674 0.148936 0.805423
3 0.483729 0.7037 0.601562 0.56274
4 0.45493 0.242615 0.871468 0.485229
0 0.789229 0.767928 0.38557 0.464144
3 0.0666205 0.614574 0.133241 0.376951
0 0.0241318 0.835462 0.0482636 0.329075
0 0.073799 0.228551 0.147598 0.457102
4 0.739693 0.4845 0.377583 0.945367
4 0.0140652 0.798324 0.0281304 0.403353
3 0.0806478 0.422775 0.161296 0.819627
0 0.262346 0.865455 0.520845 0.25982
0 0.556918 0.762208 0.472505 0.475583
0 0.254921 0.891209 0.498518 0.217582
4 0.267812 0.0792711 0.535623 0.158542
4 0.846091 0.343229 0.307818 0.686458
0 0.468404 0.766816 0.511023 0.466368
4 0.00976945 0.761163 0.0195389 0.477674
4 0.073799 0.228551 0.147598 0.457102
4 0.00844148 0.703822 0.016883 0.592356
4 0.0287821 0.366272 0.0575641 0.730646
3 0.0659413 0.500214 0.131883 0.61712
0 0.0937133 0.801565 0.187427 0.396869
4 0.307061 0.322301 0.611941 0.644602
4 0.205229 0.281998 0.40537 0.563995
4 0.168708 0.385067 0.336522 0.767627
0 0.739693 0.4845 0.377583 0.945367
0 0.846091 0.343229 0.307818 0.686458
2 0.606086 0.328683 0.77075 0.657366
0 0.925532 0.49674 0.148936 0.805423
3 0.446783 0.288335 0.80656 0.57667
0 0.237936 0.277959 0.470419 0.555919
0 0.652016 0.764403 0.446303 0.471193
4 0.187012 0.653064 0.371562 0.253047
3 0.0726358 0.897786 0.145272 0.204427
3 0.108043 0.894652 0.216086 0.210697
3 0.382804 0.237284 0.75657 0.474567
4 0.0806478 0.422775 0.161296 0.819627
4 0.0293592 0.234916 0.0587183 0.469831
4 0.262346 0.865455 0.520845 0.25982
0 0.0293592 0.234916 0.0587183 0.469831
1 0.215283 0.716851 0.427115 0.345458
4 0.0666205 0.614574 0.133241 0.376951
2 0.379177 0.763381 0.691299 0.457726
4 0.076406 0.74313 0.152812 0.415242
0 0.0287821 0.366272 0.0575641 0.730646
4 0.282759 0.480329 0.562607 0.960659
1 0.822765 0.782898 0.354469 0.434204
0 0.398202 0.370855 0.787935 0.741709
0 0.327167 0.83774 0.438141 0.324521
2 0.257546 0.729719 0.508773 0.405035
1 0.490795 0.762207 0.549032 0.453517
0 0.307061 0.322301 0.611941 0.644602
4 0.701589 0.49729 0.596822 0.958873
2 0.818508 0.494039 0.362983 0.956656
2 0.489166 0.761971 0.557384 0.460327
1 0.793456 0.510662 0.402651 0.978676
0 0.19273 0.216302 0.385119 0.432604
1 0.941435 0.792559 0.117131 0.406625
0 0.076406 0.74313 0.152812 0.415242
1 0.196184 0.767052 0.391175 0.465895
2 0.942325 0.781809 0.115349 0.401624
3 0.489655 0.201347 0.864747 0.402695
4 0.123339 0.241032 0.246678 0.461582
1 0.552492 0.283591 0.752244 0.567182
2 0.704229 0.75352 0.591542 0.455847
0 0.282759 0.480329 0.562607 0.960659
2 0.908403 0.380713 0.183194 0.72838
2 0.15391 0.899365 0.307024 0.20127
2 0.321174 0.46564 0.641863 0.93128
4 0.0659413 0.500214 0.131883 0.61712
0 0.120759 0.223487 0.241517 0.427609
1 0.838649 0.43282 0.322702 0.856328
2 0.587193 0.758761 0.585141 0.461831
2 0.108043 0.894652 0.216086 0.210697
2 0.0806478 0.422775 0.161296 0.819627
0 0.701589 0.49729 0.596822 0.958873
1 0.887789 0.273289 0.224422 0.544938
2 0.208184 0.768099 0.413475 0.463802
1 0.205737 0.383596 0.407781 0.767193
2 0.396003 0.627025 0.720613 0.716814
0 0.0666205 0.614574 0.133241 0.376951
1 0.333688 0.772505 0.604573 0.441571
0 0.168708 0.385067 0.336522 0.767627
2 0.816672 0.760913 0.366656 0.43839
2 0.22444 0.637885 0.434327 0.203908
1 0.104222 0.770988 0.208444 0.458023
2 0.202546 0.424469 0.401074 0.848937
2 0.541985 0.267549 0.835843 0.535098
2 0.205992 0.231915 0.404447 0.457288
2 0.941186 0.797698 0.117628 0.404603
2 0.668133 0.287624 0.663734 0.575247
1 0.0726358 0.897786 0.145272 0.204427
2 0.769359 0.168574 0.461282 0.337148
1 0.903571 0.499648 0.192858 0.991388
2 0.734685 0.277654 0.530631 0.555309
1 0.216491 0.649571 0.424004 0.235543
1 0.262346 0.865455 0.520845 0.25982
2 0.218176 0.897774 0.423784 0.199595
1 0.936547 0.686942 0.126905 0.570831
1 0.205992 0.231915 0.404447 0.457288
1 0.908403 0.380713 0.183194 0.72838
2 0.447329 0.488528 0.885843 0.977057
2 0.854193 0.771572 0.291614 0.456857
2 0.41228 0.765639 0.424449 0.468723
1 0.674213 0.310152 0.570994 0.613695
1 0.076406 0.74313 0.152812 0.415242
1 0.587193 0.758761 0.585141 0.461831
1 0.378624 0.271253 0.688148 0.542507
2 0.0223301 0.43079 0.0446601 0.822964
2 0.327167 0.83774 0.438141 0.324521
2 0.187012 0.653064 0.371562 0.253047
2 0.512224 0.761918 0.508233 0.476165
2 0.0659413 0.500214 0.131883 0.61712
2 0.262346 0.865455 0.520845 0.25982
2 0.297985 0.228173 0.59597 0.456346
1 0.0140652 0.798324 0.0281304 0.403353
2 0.00994059 0.646722 0.0198812 0.706556
1 0.529381 0.026412 0.922918 0.0528239
2 0.073799 0.228551 0.147598 0.457102
2 0.846091 0.343229 0.307818 0.686458
2 0.574768 0.760905 0.84703 0.453958
1 0.125823 0.385955 0.251645 0.748006
2 0.925532 0.49674 0.148936 0.805423
2 0.739693 0.4845 0.377583 0.945367
1 0.0666205 0.614574 0.133241 0.376951
2 0.104222 0.770988 0.208444 0.458023
1 0.0659413 0.500214 0.131883 0.61712
2 0.0666205 0.614574 0.133241 0.376951
2 0.789229 0.767928 0.38557 0.464144
2 0.0241318 0.835462 0.0482636 0.329075
2 0.943147 0.647028 0.113706 0.599783
2 0.652016 0.764403 0.446303 0.471193
1 0.0241318 0.835462 0.0482636 0.329075
2 0.254921 0.891209 0.498518 0.217582
2 0.0293592 0.234916 0.0587183 0.469831
2 0.0140652 0.798324 0.0281304 0.403353
2 0.673668 0.492666 0.639878 0.985333
2 0.211446 0.136381 0.422893 0.272761
2 0.0726358 0.897786 0.145272 0.204427
1 0.568808 0.757964 0.855351 0.455811
2 0.00844148 0.703822 0.016883 0.592356
1 0.21608 0.899506 0.417341 0.200987
1 0.0806478 0.422775 0.161296 0.819627
1 0.466812 0.231511 0.776303 0.463021
