0 0.673782 0.567553 0.0692327 0.0905131
0 0.359258 0.771518 0.502983 0.436096
0 0.833371 0.776579 0.333259 0.4384
0 0.270713 0.773988 0.508295 0.4221
0 0.186232 0.777713 0.36946 0.418622
0 0.586089 0.0262337 0.827821 0.0524674
0 0.619844 0.763088 0.34901 0.462706
0 0.625228 0.0438689 0.749544 0.0877377
3 0.738811 0.494274 0.522379 0.988549
0 0.706985 0.301799 0.58603 0.603599
0 0.56078 0.752563 0.293262 0.463733
0 0.758276 0.764349 0.483448 0.451861
3 0.843052 0.5 0.313896 1
3 0.436483 0.485932 0.503941 0.971864
0 0.0960573 0.744359 0.192115 0.49641
3 0.649614 0.46385 0.663753 0.927701
3 0.637089 0.453646 0.165073 0.90292
3 0.734872 0.767971 0.514785 0.464058
0 0.127375 0.787148 0.254118 0.409217
3 0.848358 0.733853 0.303284 0.525933
3 0.206302 0.782213 0.394669 0.435574
3 0.944097 0.524791 0.111806 0.950418
3 0.768674 0.285119 0.462653 0.570238
3 0.598898 0.697887 0.177638 0.467496
0 0.81802 0.706599 0.363961 0.569498
0 0.675252 0.536779 0.0703739 0.100045
3 0.150487 0.787316 0.297675 0.425369
0 0.928915 0.775109 0.14217 0.449781
3 0.375684 0.742212 0.492768 0.482348
3 0.516826 0.492508 0.362339 0.985016
0 0.82697 0.287131 0.346061 0.574262
0 0.769518 0.0436234 0.460964 0.0872468
3 0.485913 0.628176 0.342411 0.734648
3 0.927836 0.776715 0.144328 0.44657
3 0.520316 0.776858 0.364971 0.446284
3 0.31632 0.305415 0.314057 0.585569
3 0.0953505 0.373716 0.190701 0.747432
3 0.783556 0.765115 0.432888 0.464779
3 0.423285 0.775745 0.4622 0.448511
4 0.614877 0.0323585 0.770246 0.064717
3 0.726858 0.0436289 0.546284 0.0872579
4 0.731155 0.774737 0.537689 0.437744
3 0.287725 0.784225 0.539774 0.431549
3 0.944549 0.628466 0.110902 0.572074
4 0.405713 0.772706 0.484198 0.43293
0 0.401948 0.099215 0.54615 0.19843
3 0.625228 0.0438689 0.749544 0.0877377
4 0.833187 0.776103 0.333625 0.439171
3 0.873074 0.768532 0.253852 0.462935
3 0.248777 0.33565 0.497554 0.6713
3 0.600399 0.771704 0.370604 0.456591
3 0.808433 0.635202 0.383134 0.589622
3 0.0981351 0.59014 0.19627 0.819721
4 0.307347 0.782943 0.550753 0.426705
0 0.479262 0.038784 0.63277 0.0775679
0 0.582025 0.150227 0.789019 0.300454
3 0.571243 0.0300518 0.827479 0.0601037
3 0.843408 0.28347 0.313184 0.56694
4 0.634556 0.775889 0.443682 0.428747
4 0.656557 0.0529893 0.686887 0.105979
3 0.56078 0.752563 0.293262 0.463733
3 0.370851 0.609219 0.454623 0.774433
3 0.82615 0.771396 0.3477 0.457207
3 0.937506 0.734986 0.124988 0.480854
0 0.0542014 0.657634 0.108403 0.65999
3 0.31804 0.506234 0.518144 0.971235
0 0.495165 0.752703 0.377752 0.465096
3 0.501195 0.419738 0.628695 0.839475
3 0.688541 0.300709 0.622918 0.601418
4 0.150487 0.787316 0.297675 0.425369
0 0.172323 0.705893 0.340224 0.560127
3 0.36034 0.169059 0.440705 0.338118
0 0.441894 0.0722327 0.562878 0.144465
3 0.305809 0.164757 0.611618 0.329514
0 0.0623178 0.157915 0.124636 0.31583
3 0.32756 0.502654 0.342024 0.994692
0 0.595043 0.285217 0.809914 0.570434
3 0.128855 0.452936 0.241765 0.781992
0 0.305809 0.164757 0.611618 0.329514
0 0.810067 0.5 0.379867 1
4 0.248692 0.78314 0.47839 0.433719
0 0.544384 0.767159 0.576133 0.436483
3 0.669109 0.536387 0.0670458 0.101301
4 0.520316 0.776858 0.364971 0.446284
3 0.451405 0.246725 0.575586 0.49345
3 0.495165 0.752703 0.377752 0.465096
3 0.917808 0.762499 0.164384 0.471832
4 0.810397 0.769215 0.377466 0.46157
4 0.423285 0.775745 0.4622 0.448511
3 0.0623178 0.157915 0.124636 0.31583
3 0.279513 0.352957 0.280168 0.694682
3 0.199872 0.189774 0.399743 0.379548
3 0.934157 0.375477 0.131687 0.750954
3 0.396944 0.364475 0.47097 0.728951
3 0.522362 0.284763 0.676614 0.569526
3 0.124797 0.628573 0.24856 0.736393
3 0.372238 0.240201 0.41512 0.464056
0 0.927836 0.776715 0.144328 0.44657
3 0.479262 0.038784 0.63277 0.0775679
3 0.292968 0.70735 0.550691 0.552857
4 0.927836 0.776715 0.144328 0.44657
3 0.233095 0.400364 0.196266 0.731132
3 0.401948 0.099215 0.54615 0.19843
3 0.201824 0.525955 0.207836 0.94809
4 0.51085 0.773965 0.632199 0.428599
3 0.0430193 0.251759 0.0860387 0.503519
4 0.675252 0.536779 0.0703739 0.100045
3 0.441894 0.0722327 0.562878 0.144465
0 0.789986 0.253046 0.420029 0.506092
4 0.205865 0.788675 0.405749 0.42265
4 0.773847 0.29475 0.452307 0.589501
3 0.260004 0.580797 0.493058 0.819296
3 0.533401 0.76323 0.524843 0.452305
3 0.0417108 0.4907 0.0834215 0.888571
1 0.226076 0.775294 0.440316 0.417173
0 0.934157 0.375477 0.131687 0.750954
4 0.769518 0.0436234 0.460964 0.0872468
3 0.0403476 0.387278 0.0806952 0.774555
3 0.0542014 0.657634 0.108403 0.65999
0 0.104107 0.780821 0.208213 0.438359
3 0.047031 0.547486 0.0940619 0.873286
3 0.619844 0.763088 0.34901 0.462706
0 0.873074 0.768532 0.253852 0.462935
3 0.0696064 0.469988 0.139213 0.81019
3 0.673782 0.567553 0.0692327 0.0905131
4 0.657399 0.299473 0.685203 0.598946
3 0.0774427 0.328344 0.154885 0.656687
0 0.047031 0.547486 0.0940619 0.873286
4 0.837863 0.5 0.324274 1
4 0.873074 0.768532 0.253852 0.462935
3 0.909568 0.287249 0.180863 0.574498
0 0.199872 0.189774 0.399743 0.379548
4 0.582025 0.150227 0.789019 0.300454
0 0.423285 0.775745 0.4622 0.448511
3 0.166198 0.518711 0.292985 0.962577
4 0.758196 0.468344 0.454249 0.936688
4 0.673782 0.567553 0.0692327 0.0905131
4 0.944097 0.524791 0.111806 0.950418
4 0.600399 0.771704 0.370604 0.456591
0 0.0417108 0.4907 0.0834215 0.888571
3 0.178237 0.658815 0.341519 0.662921
3 0.0907799 0.205299 0.18156 0.410598
0 0.520316 0.776858 0.364971 0.446284
0 0.0605039 0.786354 0.121008 0.411354
4 0.0960573 0.744359 0.192115 0.49641
4 0.0548568 0.785068 0.109714 0.429864
2 0.810222 0.748099 0.379555 0.482423
4 0.934157 0.375477 0.131687 0.750954
4 0.104107 0.780821 0.208213 0.438359
3 0.0822601 0.712355 0.16452 0.549868
4 0.917808 0.762499 0.164384 0.471832
4 0.637089 0.453646 0.165073 0.90292
4 0.937506 0.734986 0.124988 0.480854
0 0.909568 0.287249 0.180863 0.574498
4 0.0542014 0.657634 0.108403 0.65999
4 0.127375 0.787148 0.254118 0.409217
0 0.0907799 0.205299 0.18156 0.410598
0 0.0403476 0.387278 0.0806952 0.774555
1 0.146589 0.778934 0.292925 0.421568
0 0.292968 0.70735 0.550691 0.552857
4 0.0623178 0.157915 0.124636 0.31583
2 0.60486 0.76427 0.445059 0.452117
3 0.0548568 0.785068 0.109714 0.429864
4 0.479262 0.038784 0.63277 0.0775679
4 0.909568 0.287249 0.180863 0.574498
4 0.84849 0.300774 0.30302 0.601549
0 0.0430193 0.251759 0.0860387 0.503519
1 0.359258 0.771518 0.502983 0.436096
3 0.570543 0.197269 0.809368 0.394538
4 0.0430193 0.251759 0.0860387 0.503519
4 0.944549 0.628466 0.110902 0.572074
0 0.944097 0.524791 0.111806 0.950418
4 0.392625 0.212042 0.450961 0.410185
4 0.649614 0.46385 0.663753 0.927701
0 0.600399 0.771704 0.370604 0.456591
4 0.347805 0.254681 0.371835 0.495218
3 0.0605039 0.786354 0.121008 0.411354
3 0.104107 0.780821 0.208213 0.438359
4 0.36034 0.169059 0.440705 0.338118
4 0.56078 0.752563 0.293262 0.463733
4 0.487353 0.47949 0.515055 0.958979
0 0.810397 0.769215 0.377466 0.46157
4 0.0403476 0.387278 0.0806952 0.774555
0 0.0548568 0.785068 0.109714 0.429864
4 0.0417108 0.4907 0.0834215 0.888571
0 0.598898 0.697887 0.177638 0.467496
1 0.100289 0.787148 0.200579 0.412092
4 0.358798 0.726576 0.488251 0.511774
2 0.227064 0.753987 0.448985 0.475863
0 0.944549 0.628466 0.110902 0.572074
4 0.522362 0.284763 0.676614 0.569526
4 0.047031 0.547486 0.0940619 0.873286
4 0.172323 0.705893 0.340224 0.560127
4 0.403176 0.486015 0.471408 0.969895
4 0.81802 0.706599 0.363961 0.569498
4 0.401948 0.099215 0.54615 0.19843
4 0.0608649 0.74024 0.12173 0.503854
4 0.441894 0.0722327 0.562878 0.144465
4 0.451405 0.246725 0.575586 0.49345
4 0.305809 0.164757 0.611618 0.329514
2 0.495165 0.752703 0.377752 0.465096
0 0.372238 0.240201 0.41512 0.464056
4 0.248777 0.33565 0.497554 0.6713
4 0.0844372 0.636443 0.168874 0.727114
0 0.11063 0.657692 0.22126 0.675108
4 0.598898 0.697887 0.177638 0.467496
4 0.45032 0.16421 0.569241 0.328421
4 0.0774427 0.328344 0.154885 0.656687
1 0.619844 0.763088 0.34901 0.462706
3 0.180153 0.754313 0.35908 0.478702
3 0.500984 0.164216 0.675213 0.328431
4 0.273162 0.702793 0.523701 0.561248
2 0.669109 0.536387 0.0670458 0.101301
0 0.36034 0.169059 0.440705 0.338118
4 0.0907799 0.205299 0.18156 0.410598
2 0.300021 0.774079 0.564316 0.43993
4 0.199872 0.189774 0.399743 0.379548
4 0.42266 0.364467 0.52117 0.728934
4 0.124797 0.628573 0.24856 0.736393
2 0.172323 0.705893 0.340224 0.560127
3 0.684138 0.767618 0.529182 0.440149
0 0.31632 0.305415 0.314057 0.585569
4 0.495165 0.752703 0.377752 0.465096
0 0.485913 0.628176 0.342411 0.734648
4 0.516826 0.492508 0.362339 0.985016
4 0.334842 0.340885 0.346797 0.676759
4 0.0750383 0.571806 0.150077 0.856388
1 0.669608 0.558645 0.0660399 0.0791673
4 0.32756 0.502654 0.342024 0.994692
0 0.637089 0.453646 0.165073 0.90292
2 0.673782 0.567553 0.0692327 0.0905131
3 0.127375 0.787148 0.254118 0.409217
2 0.810617 0.49934 0.378766 0.998679
4 0.485913 0.628176 0.342411 0.734648
0 0.708841 0.769757 0.482774 0.460486
0 0.0774427 0.328344 0.154885 0.656687
4 0.279513 0.352957 0.280168 0.694682
0 0.248777 0.33565 0.497554 0.6713
2 0.298275 0.343349 0.282507 0.650683
4 0.0696064 0.469988 0.139213 0.81019
1 0.760361 0.764042 0.442374 0.46652
1 0.831198 0.777516 0.337604 0.441129
2 0.0953505 0.373716 0.190701 0.747432
0 0.370851 0.609219 0.454623 0.774433
0 0.501195 0.419738 0.628695 0.839475
2 0.406115 0.750697 0.47311 0.471171
1 0.919728 0.780453 0.160544 0.439094
2 0.233095 0.400364 0.196266 0.731132
4 0.0953505 0.373716 0.190701 0.747432
2 0.166198 0.518711 0.292985 0.962577
4 0.418727 0.648341 0.397616 0.698267
2 0.0981351 0.59014 0.19627 0.819721
0 0.621806 0.381247 0.738494 0.762495
2 0.273162 0.702793 0.523701 0.561248
4 0.201824 0.525955 0.207836 0.94809
2 0.140368 0.361676 0.25947 0.71647
0 0.279513 0.352957 0.280168 0.694682
0 0.738811 0.494274 0.522379 0.988549
2 0.935582 0.5 0.128836 1
4 0.233095 0.400364 0.196266 0.731132
0 0.150487 0.787316 0.297675 0.425369
2 0.522362 0.284763 0.676614 0.569526
4 0.166198 0.518711 0.292985 0.962577
2 0.927836 0.776715 0.144328 0.44657
4 0.31804 0.506234 0.518144 0.971235
2 0.56078 0.752563 0.293262 0.463733
2 0.485913 0.628176 0.342411 0.734648
1 0.56078 0.752563 0.293262 0.463733
1 0.82697 0.287131 0.346061 0.574262
2 0.125435 0.716212 0.250869 0.542688
2 0.253317 0.502841 0.383764 0.994319
2 0.278209 0.511306 0.258792 0.977387
0 0.0953505 0.373716 0.190701 0.747432
1 0.684138 0.767618 0.529182 0.440149
1 0.754582 0.309129 0.490836 0.618259
2 0.734872 0.767971 0.514785 0.464058
0 0.478357 0.26979 0.605217 0.53958
2 0.934157 0.375477 0.131687 0.750954
2 0.340708 0.519838 0.486801 0.949158
2 0.436483 0.485932 0.503941 0.971864
2 0.908397 0.778343 0.183206 0.443313
4 0.260004 0.580797 0.493058 0.819296
2 0.36034 0.169059 0.440705 0.338118
0 0.45032 0.16421 0.569241 0.328421
2 0.248777 0.33565 0.497554 0.6713
4 0.128855 0.452936 0.241765 0.781992
2 0.873074 0.768532 0.253852 0.462935
2 0.0548568 0.785068 0.109714 0.429864
2 0.0774427 0.328344 0.154885 0.656687
1 0.494798 0.779596 0.529858 0.440807
0 0.0981351 0.59014 0.19627 0.819721
2 0.769518 0.0436234 0.460964 0.0872468
2 0.479262 0.038784 0.63277 0.0775679
2 0.201824 0.525955 0.207836 0.94809
2 0.0605039 0.786354 0.121008 0.411354
2 0.260004 0.580797 0.493058 0.819296
2 0.706985 0.301799 0.58603 0.603599
0 0.516826 0.492508 0.362339 0.985016
2 0.0696064 0.469988 0.139213 0.81019
2 0.451405 0.246725 0.575586 0.49345
0 0.673791 0.566996 0.0690964 0.0893044
0 0.359107 0.771545 0.502987 0.436013
0 0.833389 0.776614 0.333222 0.438329
0 0.270667 0.773982 0.508138 0.422117
0 0.186276 0.777709 0.36955 0.418601
0 0.586114 0.0260805 0.827773 0.052161
0 0.619959 0.763035 0.346703 0.462635
0 0.624541 0.0433365 0.750918 0.086673
3 0.738801 0.494117 0.522399 0.988233
3 0.843059 0.5 0.313881 1
0 0.560621 0.752397 0.293052 0.463392
0 0.706821 0.301609 0.586358 0.603218
3 0.436794 0.485471 0.504163 0.970941
3 0.650225 0.462742 0.663113 0.925484
0 0.758427 0.764357 0.483147 0.451788
0 0.0964256 0.744604 0.192851 0.49604
3 0.637291 0.452953 0.164693 0.901681
3 0.735088 0.767969 0.514217 0.464063
3 0.848629 0.734615 0.302742 0.524513
3 0.206411 0.782213 0.394994 0.435575
0 0.128524 0.787139 0.256422 0.409274
3 0.944163 0.525363 0.111674 0.949274
3 0.768882 0.285333 0.462235 0.570665
3 0.599719 0.697181 0.175904 0.465902
3 0.150738 0.78728 0.298195 0.425441
0 0.818005 0.708752 0.36399 0.565228
3 0.375593 0.742182 0.492604 0.482539
3 0.51706 0.492307 0.361901 0.984615
0 0.675251 0.536743 0.0703159 0.0999644
3 0.485778 0.628969 0.342444 0.732938
3 0.92795 0.776764 0.1441 0.446472
0 0.92892 0.775158 0.142159 0.449684
3 0.519696 0.776846 0.364907 0.446309
3 0.316333 0.304857 0.31399 0.584304
0 0.82777 0.287316 0.34446 0.574631
3 0.0952692 0.373765 0.190538 0.74753
0 0.769568 0.0439032 0.460865 0.0878064
3 0.783357 0.765112 0.433286 0.46481
3 0.726442 0.0437627 0.547116 0.0875254
3 0.42314 0.775727 0.461973 0.448546
4 0.614375 0.0319526 0.771251 0.0639052
4 0.731318 0.774733 0.537364 0.437707
3 0.944644 0.627868 0.110711 0.567994
3 0.287573 0.78426 0.539989 0.43148
4 0.40552 0.772711 0.483504 0.432907
4 0.833166 0.776134 0.333669 0.439106
3 0.624541 0.0433365 0.750918 0.086673
3 0.87363 0.768529 0.252739 0.462942
3 0.249606 0.334905 0.499212 0.669811
3 0.599999 0.771647 0.37065 0.456706
3 0.808584 0.636995 0.382833 0.580286
3 0.098054 0.590715 0.196108 0.81857
4 0.307128 0.782959 0.551019 0.426721
0 0.402527 0.0994385 0.544421 0.198877
3 0.843629 0.283813 0.312742 0.567626
4 0.634917 0.775804 0.443761 0.428868
0 0.47921 0.038996 0.632665 0.0779919
3 0.588807 0.0246293 0.822385 0.0492585
4 0.655808 0.0525023 0.688383 0.105005
3 0.560621 0.752397 0.293052 0.463392
0 0.581735 0.148164 0.788164 0.296328
3 0.371025 0.610508 0.45434 0.771928
3 0.826174 0.771374 0.347652 0.457252
3 0.937519 0.734923 0.124963 0.48063
3 0.318032 0.506596 0.518195 0.97069
0 0.0543767 0.657761 0.108753 0.659943
3 0.689995 0.300587 0.62001 0.601173
3 0.50125 0.418613 0.628267 0.837225
4 0.150738 0.78728 0.298195 0.425441
3 0.360686 0.164969 0.438648 0.329938
0 0.494704 0.752681 0.377495 0.465123
3 0.305914 0.164618 0.611828 0.329237
3 0.327545 0.502692 0.341681 0.994616
0 0.172467 0.706026 0.340533 0.559964
3 0.127518 0.562321 0.243331 0.875358
3 0.14076 0.361631 0.259596 0.71609
4 0.248708 0.783146 0.47852 0.433707
3 0.669127 0.536348 0.067025 0.101218
4 0.519696 0.776846 0.364907 0.446309
0 0.810099 0.5 0.379801 1
0 0.441796 0.0727279 0.562488 0.145456
3 0.451298 0.246425 0.575307 0.492851
3 0.494704 0.752681 0.377495 0.465123
0 0.0622716 0.157867 0.124543 0.315735
3 0.917758 0.762553 0.164483 0.471798
0 0.305914 0.164618 0.611828 0.329237
0 0.543851 0.767057 0.576969 0.436664
0 0.595237 0.284923 0.809526 0.569846
4 0.42314 0.775727 0.461973 0.448546
4 0.810566 0.769203 0.377064 0.461593
3 0.0622716 0.157867 0.124543 0.315735
3 0.280063 0.352895 0.280089 0.69425
3 0.199499 0.18957 0.398998 0.379139
3 0.934094 0.375518 0.131812 0.751037
3 0.397216 0.364577 0.471273 0.729154
3 0.521186 0.283206 0.673716 0.566412
3 0.372446 0.240422 0.415503 0.464461
3 0.29286 0.707529 0.55069 0.552545
3 0.47921 0.038996 0.632665 0.0779919
4 0.92795 0.776764 0.1441 0.446472
0 0.92795 0.776764 0.1441 0.446472
3 0.201896 0.526163 0.207468 0.947675
3 0.23336 0.400334 0.196279 0.731401
3 0.402527 0.0994385 0.544421 0.198877
4 0.510352 0.773857 0.632526 0.428761
3 0.0429768 0.251624 0.0859537 0.503249
4 0.675251 0.536743 0.0703159 0.0999644
3 0.441796 0.0727279 0.562488 0.145456
4 0.205954 0.788679 0.405943 0.422642
4 0.774735 0.294883 0.450529 0.589766
3 0.53251 0.763157 0.524334 0.452414
3 0.259911 0.581531 0.492733 0.818014
3 0.0417173 0.491005 0.0834346 0.888492
0 0.790236 0.253645 0.419528 0.507291
1 0.226185 0.775295 0.440524 0.417155
4 0.769568 0.0439032 0.460865 0.0878064
3 0.0403224 0.387277 0.0806448 0.774554
3 0.0543767 0.657761 0.108753 0.659943
3 0.0470464 0.54747 0.0940928 0.873746
3 0.619959 0.763035 0.346703 0.462635
3 0.0695353 0.470376 0.139071 0.810158
3 0.673791 0.566996 0.0690964 0.0893044
0 0.934094 0.375518 0.131812 0.751037
3 0.0773707 0.328128 0.154741 0.656255
4 0.656873 0.299135 0.686253 0.598271
4 0.837527 0.5 0.324945 1
0 0.104527 0.780796 0.209054 0.438407
0 0.87363 0.768529 0.252739 0.462942
4 0.87363 0.768529 0.252739 0.462942
3 0.909825 0.288002 0.180351 0.576003
0 0.0470464 0.54747 0.0940928 0.873746
4 0.581735 0.148164 0.788164 0.296328
3 0.166142 0.518998 0.292691 0.962004
4 0.673791 0.566996 0.0690964 0.0893044
4 0.757383 0.467488 0.455391 0.934977
4 0.944163 0.525363 0.111674 0.949274
0 0.199499 0.18957 0.398998 0.379139
4 0.599999 0.771647 0.37065 0.456706
3 0.178156 0.659103 0.341348 0.662581
0 0.42314 0.775727 0.461973 0.448546
3 0.0905471 0.205095 0.181094 0.410189
4 0.0549877 0.785002 0.109975 0.429996
4 0.0964256 0.744604 0.192851 0.49604
0 0.0417173 0.491005 0.0834346 0.888492
2 0.810233 0.748112 0.379534 0.482392
4 0.934094 0.375518 0.131812 0.751037
4 0.104527 0.780796 0.209054 0.438407
0 0.519696 0.776846 0.364907 0.446309
3 0.0824402 0.712567 0.16488 0.549574
0 0.0605005 0.786344 0.121001 0.411411
4 0.917758 0.762553 0.164483 0.471798
4 0.637291 0.452953 0.164693 0.901681
4 0.937519 0.734923 0.124963 0.48063
4 0.128524 0.787139 0.256422 0.409274
4 0.0543767 0.657761 0.108753 0.659943
1 0.146843 0.778885 0.293433 0.421625
4 0.0622716 0.157867 0.124543 0.315735
3 0.0549877 0.785002 0.109975 0.429996
2 0.604645 0.764174 0.444645 0.452207
0 0.909825 0.288002 0.180351 0.576003
0 0.0905471 0.205095 0.181094 0.410189
3 0.110715 0.657765 0.22143 0.675169
0 0.0403224 0.387277 0.0806448 0.774554
4 0.47921 0.038996 0.632665 0.0779919
4 0.909825 0.288002 0.180351 0.576003
0 0.29286 0.707529 0.55069 0.552545
4 0.848427 0.300662 0.303145 0.601324
1 0.359107 0.771545 0.502987 0.436013
3 0.570213 0.198288 0.808666 0.396575
4 0.650225 0.462742 0.663113 0.925484
4 0.944644 0.627868 0.110711 0.567994
4 0.392794 0.211831 0.451285 0.409658
4 0.0429768 0.251624 0.0859537 0.503249
0 0.0429768 0.251624 0.0859537 0.503249
4 0.348013 0.254819 0.372227 0.495339
3 0.0605005 0.786344 0.121001 0.411411
3 0.104527 0.780796 0.209054 0.438407
4 0.360686 0.164969 0.438648 0.329938
4 0.560621 0.752397 0.293052 0.463392
4 0.488141 0.478681 0.515306 0.957362
0 0.944163 0.525363 0.111674 0.949274
0 0.599999 0.771647 0.37065 0.456706
4 0.0403224 0.387277 0.0806448 0.774554
4 0.0417173 0.491005 0.0834346 0.888492
1 0.101923 0.787148 0.203846 0.412135
4 0.358528 0.726545 0.488677 0.511859
4 0.521186 0.283206 0.673716 0.566412
2 0.227147 0.753991 0.449168 0.475938
4 0.0470464 0.54747 0.0940928 0.873746
0 0.810566 0.769203 0.377064 0.461593
0 0.0549877 0.785002 0.109975 0.429996
0 0.599719 0.697181 0.175904 0.465902
4 0.172467 0.706026 0.340533 0.559964
4 0.403373 0.485843 0.471562 0.969327
0 0.944644 0.627868 0.110711 0.567994
4 0.818005 0.708752 0.36399 0.565228
4 0.402527 0.0994385 0.544421 0.198877
4 0.0608476 0.740353 0.121695 0.503584
4 0.441796 0.0727279 0.562488 0.145456
4 0.451298 0.246425 0.575307 0.492851
4 0.305914 0.164618 0.611828 0.329237
2 0.494704 0.752681 0.377495 0.465123
4 0.249606 0.334905 0.499212 0.669811
4 0.448951 0.163907 0.566517 0.327813
4 0.0844346 0.636525 0.168869 0.726951
0 0.372446 0.240422 0.415503 0.464461
4 0.599719 0.697181 0.175904 0.465902
4 0.0773707 0.328128 0.154741 0.656255
3 0.180258 0.754407 0.359301 0.478598
3 0.50009 0.163984 0.673299 0.327968
1 0.619959 0.763035 0.346703 0.462635
0 0.110715 0.657765 0.22143 0.675169
4 0.272984 0.703 0.523352 0.560913
2 0.669127 0.536348 0.067025 0.101218
4 0.0905471 0.205095 0.181094 0.410189
2 0.299896 0.774088 0.564456 0.439961
4 0.422962 0.364183 0.521589 0.728366
4 0.199499 0.18957 0.398998 0.379139
4 0.124759 0.628893 0.248497 0.735866
0 0.360686 0.164969 0.438648 0.329938
2 0.172467 0.706026 0.340533 0.559964
3 0.684504 0.767513 0.529446 0.440254
4 0.494704 0.752681 0.377495 0.465123
4 0.51706 0.492307 0.361901 0.984615
0 0.316333 0.304857 0.31399 0.584304
4 0.334948 0.341133 0.346926 0.677316
0 0.485778 0.628969 0.342444 0.732938
4 0.0749886 0.572084 0.149977 0.855833
4 0.327545 0.502692 0.341681 0.994616
1 0.669611 0.558492 0.0659981 0.0788335
2 0.673791 0.566996 0.0690964 0.0893044
3 0.128524 0.787139 0.256422 0.409274
2 0.810584 0.499361 0.378833 0.998722
0 0.637291 0.452953 0.164693 0.901681
4 0.485778 0.628969 0.342444 0.732938
4 0.280063 0.352895 0.280089 0.69425
2 0.298241 0.343438 0.282336 0.651275
4 0.0695353 0.470376 0.139071 0.810158
1 0.760214 0.764032 0.441825 0.466488
1 0.832018 0.778698 0.335965 0.442604
0 0.708989 0.769726 0.482009 0.460549
2 0.0952692 0.373765 0.190538 0.74753
0 0.0773707 0.328128 0.154741 0.656255
0 0.249606 0.334905 0.499212 0.669811
2 0.406198 0.750715 0.47235 0.471324
2 0.23336 0.400334 0.196279 0.731401
4 0.0952692 0.373765 0.190538 0.74753
1 0.919876 0.780529 0.160247 0.438942
4 0.418648 0.649195 0.397746 0.696563
0 0.371025 0.610508 0.45434 0.771928
2 0.166142 0.518998 0.292691 0.962004
2 0.098054 0.590715 0.196108 0.81857
0 0.50125 0.418613 0.628267 0.837225
4 0.201896 0.526163 0.207468 0.947675
2 0.272984 0.703 0.523352 0.560913
2 0.14076 0.361631 0.259596 0.71609
0 0.622699 0.37793 0.736296 0.75586
0 0.280063 0.352895 0.280089 0.69425
4 0.23336 0.400334 0.196279 0.731401
2 0.935492 0.5 0.129016 1
2 0.521186 0.283206 0.673716 0.566412
0 0.738801 0.494117 0.522399 0.988233
4 0.166142 0.518998 0.292691 0.962004
2 0.92795 0.776764 0.1441 0.446472
4 0.318032 0.506596 0.518195 0.97069
2 0.560621 0.752397 0.293052 0.463392
2 0.485778 0.628969 0.342444 0.732938
0 0.150738 0.78728 0.298195 0.425441
1 0.560621 0.752397 0.293052 0.463392
2 0.27809 0.511406 0.25835 0.977187
1 0.82777 0.287316 0.34446 0.574631
2 0.125598 0.716386 0.251195 0.542454
2 0.253309 0.502935 0.383303 0.994131
1 0.754745 0.309049 0.49051 0.618098
2 0.735088 0.767969 0.514217 0.464063
1 0.684504 0.767513 0.529446 0.440254
2 0.934094 0.375518 0.131812 0.751037
2 0.340796 0.520634 0.486728 0.947691
2 0.436794 0.485471 0.504163 0.970941
0 0.0952692 0.373765 0.190538 0.74753
0 0.477884 0.268845 0.604203 0.537689
4 0.259911 0.581531 0.492733 0.818014
2 0.908374 0.778397 0.183253 0.443205
2 0.360686 0.164969 0.438648 0.329938
2 0.249606 0.334905 0.499212 0.669811
4 0.128929 0.453434 0.241616 0.781466
0 0.448951 0.163907 0.566517 0.327813
2 0.87363 0.768529 0.252739 0.462942
2 0.0549877 0.785002 0.109975 0.429996
2 0.0773707 0.328128 0.154741 0.656255
1 0.493649 0.779521 0.528677 0.440958
2 0.47921 0.038996 0.632665 0.0779919
2 0.769568 0.0439032 0.460865 0.0878064
2 0.201896 0.526163 0.207468 0.947675
2 0.706821 0.301609 0.586358 0.603218
2 0.0605005 0.786344 0.121001 0.411411
2 0.259911 0.581531 0.492733 0.818014
0 0.098054 0.590715 0.196108 0.81857
2 0.0695353 0.470376 0.139071 0.810158
2 0.599999 0.771647 0.37065 0.456706
