0 0.77954 0.759626 0.44092 0.465473
0 0.544578 0.509094 0.0412889 0.0578752
0 0.516797 0.505639 0.0541699 0.0493018
0 0.545291 0.459592 0.0435785 0.178679
0 0.515375 0.455181 0.0551437 0.163647
0 0.832671 0.776427 0.334657 0.447147
1 0.779015 0.765549 0.44197 0.449855
0 0.596903 0.732101 0.347748 0.535798
0 0.692274 0.744135 0.48185 0.511731
0 0.38123 0.757296 0.720246 0.481012
0 0.547134 0.500827 0.0762447 0.399458
0 0.52708 0.571653 0.0807528 0.174047
0 0.251138 0.750243 0.490005 0.478279
0 0.550993 0.587852 0.0584648 0.204406
0 0.580413 0.541196 0.109337 0.138838
0 0.0593176 0.803104 0.118297 0.38355
0 0.548381 0.776607 0.437978 0.436966
0 0.927306 0.781307 0.145389 0.437386
0 0.518801 0.473469 0.080501 0.356596
3 0.800791 0.657099 0.398418 0.685802
0 0.173984 0.746196 0.345418 0.489012
0 0.483008 0.548197 0.106184 0.165291
3 0.0895998 0.311754 0.1792 0.619327
3 0.848272 0.562256 0.303456 0.875487
3 0.777661 0.560013 0.444679 0.879975
3 0.934079 0.810838 0.131843 0.378324
3 0.278385 0.373829 0.268057 0.661273
0 0.648756 0.767137 0.374818 0.453476
0 0.748493 0.6879 0.459946 0.624199
3 0.20982 0.367367 0.309266 0.70146
3 0.228539 0.767631 0.447079 0.464738
3 0.4713 0.552127 0.0999333 0.367216
0 0.0252111 0.677276 0.0504222 0.589969
3 0.113018 0.500003 0.226037 0.599855
0 0.0185231 0.631613 0.0370462 0.528768
0 0.330978 0.690186 0.588866 0.615636
0 0.109353 0.788535 0.216812 0.414189
3 0.867982 0.771116 0.264036 0.457768
3 0.850821 0.371026 0.298359 0.730621
3 0.14956 0.43949 0.290605 0.710694
4 0.78123 0.765103 0.43754 0.457726
3 0.204875 0.470747 0.22143 0.652716
3 0.33937 0.37184 0.258538 0.617302
4 0.692274 0.744135 0.48185 0.511731
3 0.929132 0.788388 0.141736 0.423224
3 0.406244 0.588568 0.241516 0.670698
3 0.778756 0.772507 0.440514 0.443766
3 0.874466 0.470118 0.251068 0.899666
3 0.436884 0.387777 0.333096 0.726105
3 0.158914 0.355788 0.317829 0.711577
3 0.523218 0.392703 0.286075 0.733924
3 0.516797 0.505639 0.0541699 0.0493018
3 0.518801 0.473469 0.080501 0.356596
3 0.122057 0.607819 0.244115 0.582772
3 0.231125 0.334546 0.46225 0.669092
3 0.60723 0.407556 0.264525 0.698796
3 0.369361 0.578271 0.256635 0.719576
3 0.368435 0.3365 0.631728 0.673
3 0.2691 0.468173 0.212944 0.594171
4 0.574034 0.74129 0.393719 0.496486
3 0.483008 0.548197 0.106184 0.165291
3 0.132019 0.527505 0.263275 0.477314
3 0.34586 0.745569 0.458214 0.508861
3 0.44503 0.76369 0.569075 0.47262
3 0.439904 0.452648 0.243547 0.596241
3 0.518862 0.348404 0.542015 0.696808
3 0.0949292 0.187599 0.189858 0.375198
3 0.29089 0.307434 0.581779 0.614869
3 0.628837 0.756198 0.36267 0.487605
3 0.664535 0.386302 0.232588 0.660697
3 0.147336 0.783946 0.283545 0.432109
3 0.346099 0.460076 0.197548 0.575608
3 0.831573 0.109944 0.336854 0.219887
3 0.567759 0.463325 0.191268 0.606509
3 0.382685 0.461975 0.242643 0.598468
3 0.772463 0.360428 0.261903 0.694768
3 0.111926 0.799488 0.221554 0.401025
3 0.324887 0.559603 0.221511 0.635811
0 0.18252 0.579996 0.199603 0.540603
0 0.0802434 0.786803 0.160487 0.426394
3 0.330978 0.690186 0.588866 0.615636
3 0.853981 0.260265 0.292038 0.520531
3 0.531054 0.447498 0.168338 0.581009
3 0.927652 0.627982 0.144695 0.697456
4 0.867982 0.771116 0.264036 0.457768
4 0.369749 0.758442 0.726271 0.480009
3 0.550993 0.587852 0.0584648 0.204406
3 0.691491 0.330384 0.511492 0.660768
3 0.777673 0.499249 0.351627 0.835419
3 0.515375 0.455181 0.0551437 0.163647
0 0.893482 0.780626 0.213035 0.425963
3 0.798304 0.142935 0.403391 0.285869
3 0.625461 0.60397 0.197582 0.662276
3 0.33326 0.653962 0.329709 0.6452
4 0.921651 0.783276 0.156697 0.433449
3 0.365509 0.735357 0.729705 0.513281
3 0.431246 0.0601451 0.769329 0.12029
3 0.148604 0.266166 0.297208 0.532333
2 0.78123 0.765103 0.43754 0.457726
3 0.268275 0.540421 0.177008 0.512139
3 0.52708 0.571653 0.0807528 0.174047
3 0.536274 0.774054 0.445946 0.451891
3 0.719508 0.613287 0.322907 0.773426
3 0.944531 0.271846 0.110938 0.480028
3 0.615301 0.468958 0.204687 0.6167
0 0.0132767 0.507751 0.0265534 0.550513
3 0.167684 0.747033 0.333182 0.489829
3 0.0735946 0.130681 0.147189 0.261363
3 0.671488 0.183593 0.653737 0.367186
0 0.0526619 0.714249 0.105324 0.47419
0 0.0299564 0.790621 0.0599128 0.418758
3 0.893482 0.780626 0.213035 0.425963
0 0.573943 0.587944 0.11163 0.581561
3 0.573943 0.587944 0.11163 0.581561
0 0.887115 0.0768323 0.225769 0.153665
3 0.272262 0.63083 0.235785 0.632862
3 0.77472 0.303612 0.432162 0.607225
3 0.692274 0.744135 0.48185 0.511731
4 0.934079 0.810838 0.131843 0.378324
3 0.941361 0.396982 0.117278 0.675055
3 0.574666 0.560731 0.0948679 0.389277
3 0.547134 0.500827 0.0762447 0.399458
3 0.0287497 0.270454 0.0574994 0.540908
3 0.596903 0.732101 0.347748 0.535798
3 0.804385 0.766056 0.391231 0.467888
3 0.911731 0.151296 0.176538 0.302591
3 0.213957 0.51345 0.129933 0.435273
0 0.574666 0.560731 0.0948679 0.389277
0 0.0735946 0.130681 0.147189 0.261363
3 0.544578 0.509094 0.0412889 0.0578752
3 0.232597 0.124133 0.465194 0.248267
3 0.574428 0.121091 0.693607 0.242182
3 0.0420399 0.206389 0.0840799 0.412779
3 0.674045 0.664381 0.291815 0.669945
3 0.132384 0.126338 0.264768 0.252676
3 0.347645 0.0896128 0.69529 0.179226
1 0.539487 0.778142 0.448598 0.440175
3 0.887115 0.0768323 0.225769 0.153665
3 0.529431 0.0864112 0.686292 0.172822
0 0.867982 0.771116 0.264036 0.457768
3 0.254969 0.710734 0.496302 0.554248
0 0.121616 0.700065 0.242409 0.574212
4 0.628837 0.756198 0.36267 0.487605
3 0.0208186 0.316697 0.0416372 0.633393
0 0.213957 0.51345 0.129933 0.435273
4 0.648756 0.767137 0.374818 0.453476
4 0.515375 0.455181 0.0551437 0.163647
3 0.153904 0.654617 0.305854 0.681401
0 0.013861 0.425529 0.0277221 0.528074
0 0.934079 0.810838 0.131843 0.378324
3 0.0545589 0.457971 0.109118 0.606711
0 0.831573 0.109944 0.336854 0.219887
3 0.0252111 0.677276 0.0504222 0.589969
4 0.0355901 0.795681 0.0711803 0.408637
0 0.149671 0.529224 0.236654 0.472047
0 0.927652 0.627982 0.144695 0.697456
0 0.33326 0.653962 0.329709 0.6452
0 0.0355901 0.795681 0.0711803 0.408637
4 0.482287 0.771113 0.570113 0.448511
3 0.580413 0.541196 0.109337 0.138838
3 0.065924 0.369767 0.131848 0.722376
3 0.0509973 0.569853 0.101995 0.481274
4 0.545291 0.459592 0.0435785 0.178679
3 0.0185231 0.631613 0.0370462 0.528768
3 0.0355901 0.795681 0.0711803 0.408637
0 0.944531 0.271846 0.110938 0.480028
3 0.18252 0.579996 0.199603 0.540603
0 0.237799 0.655285 0.457804 0.676303
0 0.529431 0.0864112 0.686292 0.172822
3 0.013861 0.425529 0.0277221 0.528074
4 0.800791 0.657099 0.398418 0.685802
4 0.536274 0.774054 0.445946 0.451891
0 0.628837 0.756198 0.36267 0.487605
4 0.19016 0.789861 0.366361 0.420278
3 0.0270978 0.761883 0.0541955 0.476235
0 0.911731 0.151296 0.176538 0.302591
3 0.0560045 0.731117 0.112009 0.516836
0 0.798304 0.142935 0.403391 0.285869
0 0.431246 0.0601451 0.769329 0.12029
4 0.254969 0.710734 0.496302 0.554248
4 0.927652 0.627982 0.144695 0.697456
0 0.324887 0.559603 0.221511 0.635811
4 0.34586 0.745569 0.458214 0.508861
3 0.545291 0.459592 0.0435785 0.178679
4 0.262612 0.748595 0.493261 0.502811
2 0.374595 0.731722 0.69272 0.526899
3 0.0132767 0.507751 0.0265534 0.550513
0 0.0287497 0.270454 0.0574994 0.540908
4 0.0802434 0.786803 0.160487 0.426394
3 0.0503155 0.66206 0.100631 0.422376
0 0.574428 0.121091 0.693607 0.242182
4 0.516797 0.505639 0.0541699 0.0493018
0 0.108463 0.138236 0.216926 0.276472
0 0.369361 0.578271 0.256635 0.719576
4 0.0735946 0.130681 0.147189 0.261363
0 0.232597 0.124133 0.465194 0.248267
0 0.4713 0.552127 0.0999333 0.367216
3 0.0802434 0.786803 0.160487 0.426394
4 0.111926 0.799488 0.221554 0.401025
0 0.0420399 0.206389 0.0840799 0.412779
2 0.545291 0.459592 0.0435785 0.178679
4 0.0593176 0.803104 0.118297 0.38355
0 0.406244 0.588568 0.241516 0.670698
4 0.544578 0.509094 0.0412889 0.0578752
0 0.484634 0.77381 0.514275 0.45238
0 0.941361 0.396982 0.117278 0.675055
3 0.0593176 0.803104 0.118297 0.38355
4 0.0287497 0.270454 0.0574994 0.540908
4 0.518801 0.473469 0.080501 0.356596
4 0.013861 0.425529 0.0277221 0.528074
0 0.347645 0.0896128 0.69529 0.179226
4 0.0299564 0.790621 0.0599128 0.418758
4 0.0132767 0.507751 0.0265534 0.550513
0 0.0208186 0.316697 0.0416372 0.633393
0 0.0895998 0.311754 0.1792 0.619327
4 0.0420399 0.206389 0.0840799 0.412779
0 0.158914 0.355788 0.317829 0.711577
4 0.887115 0.0768323 0.225769 0.153665
3 0.648756 0.767137 0.374818 0.453476
0 0.268275 0.540421 0.177008 0.512139
4 0.0208186 0.316697 0.0416372 0.633393
0 0.382685 0.461975 0.242643 0.598468
0 0.0949292 0.187599 0.189858 0.375198
0 0.625461 0.60397 0.197582 0.662276
3 0.753756 0.704211 0.484964 0.585639
4 0.911731 0.151296 0.176538 0.302591
0 0.747523 0.182566 0.504954 0.365132
4 0.547134 0.500827 0.0762447 0.399458
4 0.0252111 0.677276 0.0504222 0.589969
4 0.145024 0.770517 0.287807 0.443838
4 0.336455 0.662062 0.653803 0.665102
4 0.941361 0.396982 0.117278 0.675055
2 0.781765 0.635706 0.436469 0.71721
4 0.413894 0.0526232 0.768733 0.105246
1 0.157794 0.780408 0.309578 0.426792
4 0.753756 0.704211 0.484964 0.585639
4 0.0185231 0.631613 0.0370462 0.528768
4 0.518862 0.348404 0.542015 0.696808
4 0.18252 0.579996 0.199603 0.540603
4 0.944531 0.271846 0.110938 0.480028
2 0.18252 0.579996 0.199603 0.540603
4 0.221763 0.777336 0.434922 0.435077
0 0.19016 0.789861 0.366361 0.420278
4 0.848272 0.562256 0.303456 0.875487
0 0.863532 0.380833 0.272936 0.757571
0 0.399976 0.389189 0.298919 0.653841
1 0.233225 0.748414 0.461243 0.49168
2 0.515375 0.455181 0.0551437 0.163647
2 0.52708 0.571653 0.0807528 0.174047
4 0.29089 0.307434 0.581779 0.614869
2 0.544578 0.509094 0.0412889 0.0578752
0 0.674045 0.664381 0.291815 0.669945
0 0.334256 0.310808 0.610013 0.621616
4 0.12689 0.676551 0.253245 0.611695
4 0.831573 0.109944 0.336854 0.219887
0 0.346099 0.460076 0.197548 0.575608
4 0.529431 0.0864112 0.686292 0.172822
0 0.201931 0.34589 0.403862 0.691781
1 0.832671 0.776427 0.334657 0.447147
0 0.60723 0.407556 0.264525 0.698796
4 0.52708 0.571653 0.0807528 0.174047
0 0.474026 0.35359 0.548587 0.707179
0 0.397435 0.752435 0.52327 0.49513
4 0.138575 0.342306 0.27715 0.684613
0 0.84522 0.284413 0.309559 0.568826
4 0.691491 0.330384 0.511492 0.660768
0 0.148604 0.266166 0.297208 0.532333
4 0.108463 0.138236 0.216926 0.276472
4 0.791324 0.532001 0.417351 0.935998
2 0.254969 0.710734 0.496302 0.554248
4 0.574428 0.121091 0.693607 0.242182
1 0.547134 0.500827 0.0762447 0.399458
0 0.531054 0.447498 0.168338 0.581009
2 0.382685 0.461975 0.242643 0.598468
2 0.305223 0.640075 0.315671 0.67952
4 0.175203 0.331497 0.350406 0.662994
4 0.399976 0.389189 0.298919 0.653841
4 0.368435 0.3365 0.631728 0.673
0 0.0509973 0.569853 0.101995 0.481274
4 0.671488 0.183593 0.653737 0.367186
0 0.772463 0.360428 0.261903 0.694768
2 0.516797 0.505639 0.0541699 0.0493018
1 0.425142 0.755042 0.653687 0.472296
0 0.33937 0.37184 0.258538 0.617302
0 0.439904 0.452648 0.243547 0.596241
2 0.944531 0.271846 0.110938 0.480028
4 0.347645 0.0896128 0.69529 0.179226
4 0.573943 0.587944 0.11163 0.581561
4 0.139561 0.565623 0.267321 0.516333
4 0.0526619 0.714249 0.105324 0.47419
0 0.791324 0.532001 0.417351 0.935998
2 0.138575 0.342306 0.27715 0.684613
4 0.439904 0.452648 0.243547 0.596241
4 0.33937 0.37184 0.258538 0.617302
0 0.278385 0.373829 0.268057 0.661273
4 0.292452 0.114626 0.584904 0.229251
2 0.272262 0.63083 0.235785 0.632862
0 0.272262 0.63083 0.235785 0.632862
2 0.149671 0.529224 0.236654 0.472047
4 0.0805514 0.195637 0.161103 0.387174
0 0.77962 0.759644 0.44076 0.465457
0 0.544607 0.50908 0.0412713 0.0578477
0 0.516853 0.505637 0.054232 0.0493037
0 0.54533 0.459699 0.043497 0.178356
0 0.515429 0.455273 0.0552109 0.163473
1 0.779099 0.76557 0.441801 0.449944
0 0.832566 0.776421 0.334868 0.447157
0 0.596847 0.732245 0.348004 0.53551
0 0.69184 0.744142 0.481139 0.511716
0 0.381452 0.757213 0.7203 0.481227
0 0.547243 0.500951 0.0760248 0.39965
0 0.527241 0.571594 0.0809992 0.173955
0 0.550996 0.587405 0.0584213 0.203499
0 0.580341 0.54022 0.109046 0.136716
0 0.251053 0.750265 0.489759 0.478248
0 0.0594465 0.803287 0.118562 0.383176
0 0.548648 0.776558 0.437513 0.437098
3 0.800692 0.657815 0.398616 0.68437
0 0.927199 0.781257 0.145602 0.437487
0 0.518792 0.473599 0.080439 0.356734
0 0.17395 0.746057 0.345364 0.489293
3 0.848095 0.562598 0.303809 0.874805
3 0.0896879 0.312071 0.179376 0.620002
0 0.48311 0.547123 0.106103 0.163068
3 0.777911 0.560388 0.444178 0.879224
3 0.934102 0.81091 0.131795 0.37818
3 0.278438 0.374022 0.267296 0.660721
3 0.209892 0.367566 0.308674 0.701447
3 0.228478 0.768146 0.446873 0.463708
3 0.471381 0.551684 0.0997713 0.365984
0 0.649053 0.767169 0.374997 0.453485
3 0.113045 0.500889 0.226089 0.596305
0 0.74827 0.688143 0.459617 0.623713
0 0.0253516 0.677646 0.0507032 0.589331
3 0.867929 0.771091 0.264143 0.457817
3 0.149618 0.440042 0.290179 0.710279
3 0.850855 0.370594 0.298291 0.72989
4 0.781324 0.765131 0.437351 0.457705
0 0.0185934 0.631802 0.0371868 0.527441
0 0.331395 0.690459 0.589308 0.615222
3 0.204815 0.470982 0.220352 0.651953
0 0.109309 0.788752 0.216743 0.413736
3 0.929128 0.788422 0.141745 0.423157
3 0.339523 0.371931 0.257671 0.616441
3 0.40635 0.588325 0.241133 0.669219
4 0.69184 0.744142 0.481139 0.511716
3 0.874637 0.470002 0.250727 0.899531
3 0.43724 0.388192 0.331924 0.725341
3 0.15888 0.356042 0.31776 0.712083
3 0.778769 0.772505 0.440446 0.443812
3 0.523486 0.393142 0.285056 0.732921
3 0.516853 0.505637 0.054232 0.0493037
3 0.518792 0.473599 0.080439 0.356734
3 0.122072 0.606589 0.244145 0.579914
3 0.230999 0.334614 0.461998 0.669228
3 0.607362 0.407851 0.263643 0.697791
3 0.369536 0.577347 0.255711 0.716651
3 0.368466 0.336869 0.631192 0.673738
3 0.269123 0.468373 0.211852 0.593501
4 0.574079 0.741204 0.393712 0.49662
3 0.48311 0.547123 0.106103 0.163068
3 0.132005 0.527657 0.263152 0.477342
3 0.444955 0.763734 0.5695 0.472533
3 0.345876 0.745628 0.457797 0.508744
3 0.439957 0.452798 0.2433 0.59598
3 0.518973 0.348338 0.541401 0.696675
3 0.0950285 0.188723 0.190057 0.377447
3 0.290722 0.307567 0.581445 0.615134
3 0.628979 0.756114 0.36244 0.487772
3 0.66473 0.386529 0.231408 0.659811
3 0.147233 0.784404 0.283424 0.431192
3 0.346167 0.460079 0.196467 0.57486
3 0.831927 0.10984 0.336147 0.219679
3 0.567836 0.463358 0.190611 0.605884
3 0.38268 0.461982 0.242214 0.597905
3 0.772407 0.360059 0.260935 0.693792
3 0.111929 0.799722 0.221596 0.400555
3 0.324829 0.559179 0.220561 0.633993
3 0.854141 0.260064 0.291717 0.520127
3 0.331395 0.690459 0.589308 0.615222
0 0.182674 0.578679 0.198203 0.537797
3 0.531201 0.447679 0.167923 0.580749
3 0.927532 0.628534 0.144935 0.696149
0 0.0804383 0.786892 0.160877 0.426215
4 0.369875 0.758384 0.726412 0.48015
4 0.867929 0.771091 0.264143 0.457817
3 0.692482 0.329974 0.508942 0.659948
3 0.550996 0.587405 0.0584213 0.203499
3 0.777533 0.498688 0.350762 0.833572
3 0.515429 0.455273 0.0552109 0.163473
3 0.798785 0.143171 0.402429 0.286343
3 0.625269 0.603574 0.196976 0.661222
3 0.33359 0.654099 0.32855 0.644537
3 0.365583 0.735437 0.729859 0.513273
4 0.921588 0.783264 0.156823 0.433472
3 0.430956 0.0606914 0.76818 0.121383
3 0.148644 0.267314 0.297289 0.534629
0 0.893233 0.780679 0.213535 0.425972
3 0.268155 0.540274 0.176416 0.511265
2 0.781324 0.765131 0.437351 0.457705
3 0.536274 0.773968 0.446113 0.452065
3 0.527241 0.571594 0.0809992 0.173955
3 0.719217 0.613488 0.321622 0.773025
3 0.944614 0.272113 0.110771 0.480674
3 0.615253 0.468793 0.204122 0.615573
3 0.167809 0.746878 0.333447 0.490219
3 0.0736263 0.130654 0.147253 0.261308
3 0.671693 0.184754 0.653447 0.369507
3 0.893233 0.780679 0.213535 0.425972
3 0.272039 0.630521 0.234551 0.631685
0 0.0132599 0.507738 0.0265198 0.548385
3 0.775482 0.303157 0.430395 0.606314
3 0.574036 0.587927 0.111381 0.581447
3 0.69184 0.744142 0.481139 0.511716
4 0.934102 0.81091 0.131795 0.37818
3 0.941512 0.397031 0.116976 0.674979
3 0.574692 0.560638 0.094754 0.388586
3 0.547243 0.500951 0.0760248 0.39965
0 0.052684 0.714193 0.105368 0.473943
3 0.0286819 0.27062 0.0573639 0.54124
0 0.0300606 0.790646 0.0601212 0.418708
0 0.574036 0.587927 0.111381 0.581447
0 0.887235 0.0766662 0.225529 0.153332
3 0.596847 0.732245 0.348004 0.53551
3 0.804385 0.766071 0.391231 0.467857
3 0.911661 0.151451 0.176678 0.302902
3 0.214119 0.512512 0.128773 0.433093
3 0.544607 0.50908 0.0412713 0.0578477
3 0.232178 0.124774 0.464355 0.249549
3 0.574254 0.1224 0.692715 0.244801
3 0.0419752 0.206779 0.0839504 0.413559
3 0.673524 0.664493 0.290676 0.66983
3 0.13242 0.12652 0.264841 0.253039
0 0.574692 0.560638 0.094754 0.388586
0 0.0736263 0.130654 0.147253 0.261308
3 0.346981 0.0902542 0.693961 0.180508
1 0.539574 0.778134 0.448525 0.440264
3 0.887235 0.0766662 0.225529 0.153332
3 0.529038 0.0874225 0.685071 0.174845
3 0.254742 0.710891 0.49578 0.554071
4 0.628979 0.756114 0.36244 0.487772
0 0.867929 0.771091 0.264143 0.457817
3 0.0207449 0.316626 0.0414899 0.633251
4 0.649053 0.767169 0.374997 0.453485
4 0.515429 0.455273 0.0552109 0.163473
3 0.153833 0.654671 0.305695 0.681544
0 0.121842 0.699597 0.242872 0.57544
0 0.214119 0.512512 0.128773 0.433093
3 0.0545221 0.457983 0.109044 0.602933
3 0.0253516 0.677646 0.0507032 0.589331
4 0.0356892 0.795676 0.0713785 0.408647
0 0.0138173 0.425965 0.0276346 0.525807
0 0.934102 0.81091 0.131795 0.37818
4 0.489886 0.776306 0.540325 0.443622
0 0.150075 0.529337 0.235608 0.472127
3 0.580341 0.54022 0.109046 0.136716
0 0.831927 0.10984 0.336147 0.219679
0 0.927532 0.628534 0.144935 0.696149
3 0.0658913 0.369939 0.131783 0.722413
0 0.33359 0.654099 0.32855 0.644537
3 0.050965 0.568016 0.10193 0.476361
4 0.54533 0.459699 0.043497 0.178356
0 0.0356892 0.795676 0.0713785 0.408647
3 0.0185934 0.631802 0.0371868 0.527441
3 0.0356892 0.795676 0.0713785 0.408647
3 0.182674 0.578679 0.198203 0.537797
3 0.0138173 0.425965 0.0276346 0.525807
4 0.800692 0.657815 0.398616 0.68437
4 0.18991 0.790437 0.365918 0.419126
0 0.944614 0.272113 0.110771 0.480674
3 0.0272144 0.761848 0.0544289 0.476305
0 0.237677 0.655385 0.457362 0.676275
0 0.529038 0.0874225 0.685071 0.174845
3 0.0560419 0.731065 0.112084 0.51715
4 0.254742 0.710891 0.49578 0.554071
4 0.927532 0.628534 0.144935 0.696149
0 0.628979 0.756114 0.36244 0.487772
0 0.911661 0.151451 0.176678 0.302902
4 0.345876 0.745628 0.457797 0.508744
3 0.54533 0.459699 0.043497 0.178356
4 0.262577 0.748768 0.493096 0.502464
3 0.0132599 0.507738 0.0265198 0.548385
0 0.798785 0.143171 0.402429 0.286343
0 0.430956 0.0606914 0.76818 0.121383
2 0.375212 0.731783 0.692476 0.526798
0 0.324829 0.559179 0.220561 0.633993
4 0.0804383 0.786892 0.160877 0.426215
3 0.0503221 0.661177 0.100644 0.420214
4 0.516853 0.505637 0.054232 0.0493037
0 0.0286819 0.27062 0.0573639 0.54124
4 0.0736263 0.130654 0.147253 0.261308
0 0.574254 0.1224 0.692715 0.244801
3 0.0804383 0.786892 0.160877 0.426215
0 0.108499 0.13829 0.216998 0.27658
0 0.369536 0.577347 0.255711 0.716651
4 0.111929 0.799722 0.221596 0.400555
4 0.0594465 0.803287 0.118562 0.383176
2 0.54533 0.459699 0.043497 0.178356
0 0.232178 0.124774 0.464355 0.249549
0 0.471381 0.551684 0.0997713 0.365984
4 0.444955 0.763734 0.5695 0.472533
0 0.0419752 0.206779 0.0839504 0.413559
0 0.40635 0.588325 0.241133 0.669219
4 0.544607 0.50908 0.0412713 0.0578477
3 0.0594465 0.803287 0.118562 0.383176
4 0.518792 0.473599 0.080439 0.356734
4 0.0286819 0.27062 0.0573639 0.54124
4 0.0138173 0.425965 0.0276346 0.525807
0 0.484444 0.773807 0.514887 0.452387
4 0.0300606 0.790646 0.0601212 0.418708
4 0.0132599 0.507738 0.0265198 0.548385
0 0.941512 0.397031 0.116976 0.674979
4 0.0419752 0.206779 0.0839504 0.413559
3 0.649053 0.767169 0.374997 0.453485
0 0.346981 0.0902542 0.693961 0.180508
4 0.887235 0.0766662 0.225529 0.153332
0 0.0207449 0.316626 0.0414899 0.633251
4 0.0207449 0.316626 0.0414899 0.633251
0 0.0896879 0.312071 0.179376 0.620002
0 0.15888 0.356042 0.31776 0.712083
0 0.268155 0.540274 0.176416 0.511265
3 0.753617 0.704065 0.485198 0.585882
4 0.911661 0.151451 0.176678 0.302902
4 0.547243 0.500951 0.0760248 0.39965
0 0.38268 0.461982 0.242214 0.597905
4 0.0253516 0.677646 0.0507032 0.589331
4 0.144916 0.770535 0.287603 0.443818
0 0.0950285 0.188723 0.190057 0.377447
4 0.336629 0.662394 0.654272 0.664624
4 0.941512 0.397031 0.116976 0.674979
0 0.625269 0.603574 0.196976 0.661222
2 0.782073 0.636114 0.435853 0.716494
4 0.413523 0.0530314 0.76764 0.106063
1 0.157433 0.780886 0.308875 0.425815
4 0.753617 0.704065 0.485198 0.585882
4 0.0185934 0.631802 0.0371868 0.527441
0 0.74802 0.183089 0.50396 0.366178
4 0.182674 0.578679 0.198203 0.537797
4 0.518973 0.348338 0.541401 0.696675
4 0.944614 0.272113 0.110771 0.480674
4 0.221443 0.777855 0.43428 0.43403
2 0.182674 0.578679 0.198203 0.537797
4 0.848095 0.562598 0.303809 0.874805
1 0.233204 0.748352 0.461209 0.491864
2 0.527241 0.571594 0.0809992 0.173955
4 0.290722 0.307567 0.581445 0.615134
2 0.515429 0.455273 0.0552109 0.163473
2 0.544607 0.50908 0.0412713 0.0578477
4 0.126984 0.676534 0.253419 0.611353
4 0.831927 0.10984 0.336147 0.219679
0 0.18991 0.790437 0.365918 0.419126
4 0.529038 0.0874225 0.685071 0.174845
0 0.400128 0.389419 0.298293 0.653335
0 0.863523 0.380738 0.272954 0.757572
1 0.832566 0.776421 0.334868 0.447157
4 0.527241 0.571594 0.0809992 0.173955
0 0.334226 0.311179 0.60962 0.622359
0 0.673524 0.664493 0.290676 0.66983
0 0.346167 0.460079 0.196467 0.57486
4 0.1386 0.34267 0.277201 0.685341
0 0.201879 0.345924 0.403758 0.691848
0 0.607362 0.407851 0.263643 0.697791
4 0.692482 0.329974 0.508942 0.659948
4 0.108499 0.13829 0.216998 0.27658
0 0.474055 0.353641 0.548246 0.707282
4 0.791453 0.532141 0.417095 0.935718
0 0.397652 0.752501 0.523218 0.494998
0 0.845409 0.284138 0.309181 0.568276
1 0.547243 0.500951 0.0760248 0.39965
2 0.254742 0.710891 0.49578 0.554071
4 0.574254 0.1224 0.692715 0.244801
2 0.38268 0.461982 0.242214 0.597905
4 0.175194 0.331716 0.350387 0.663432
0 0.148644 0.267314 0.297289 0.534629
2 0.305234 0.640233 0.314553 0.67894
4 0.400128 0.389419 0.298293 0.653335
0 0.531201 0.447679 0.167923 0.580749
4 0.368466 0.336869 0.631192 0.673738
4 0.671693 0.184754 0.653447 0.369507
2 0.516853 0.505637 0.054232 0.0493037
0 0.050965 0.568016 0.10193 0.476361
1 0.425764 0.755038 0.652749 0.472274
4 0.139456 0.565137 0.267137 0.515367
4 0.574036 0.587927 0.111381 0.581447
4 0.346981 0.0902542 0.693961 0.180508
2 0.944614 0.272113 0.110771 0.480674
0 0.772407 0.360059 0.260935 0.693792
2 0.1386 0.34267 0.277201 0.685341
4 0.052684 0.714193 0.105368 0.473943
4 0.439957 0.452798 0.2433 0.59598
4 0.339523 0.371931 0.257671 0.616441
4 0.29181 0.115296 0.58362 0.230592
2 0.150075 0.529337 0.235608 0.472127
4 0.0805616 0.19635 0.161123 0.388628
2 0.272039 0.630521 0.234551 0.631685
0 0.339523 0.371931 0.257671 0.616441
0 0.439957 0.452798 0.2433 0.59598
4 0.210168 0.652962 0.407586 0.681902
4 0.278438 0.374022 0.267296 0.660721
2 0.324829 0.559179 0.220561 0.633993
