0 0.565681 0.728083 0.868638 0.445707
0 0.759589 0.747689 0.480822 0.474853
0 0.546996 0.611986 0.906008 0.324509
0 0.68649 0.636773 0.627021 0.316127
0 0.63024 0.656375 0.739519 0.412156
0 0.479849 0.640632 0.666608 0.259794
0 0.464808 0.757822 0.678245 0.480332
4 0.692135 0.649949 0.61573 0.29024
0 0.792729 0.681155 0.414543 0.351818
4 0.63024 0.656375 0.739519 0.412156
4 0.694729 0.74258 0.610543 0.467884
0 0.824995 0.76291 0.350011 0.47418
4 0.784102 0.753411 0.431796 0.4786
3 0.767357 0.495015 0.465286 0.965722
0 0.611591 0.46058 0.776819 0.781203
3 0.826312 0.749793 0.347376 0.500413
0 0.37665 0.0464453 0.75242 0.0928906
3 0.876626 0.741189 0.246748 0.517622
3 0.21102 0.502882 0.416603 0.994235
3 0.586613 0.415364 0.819976 0.77825
4 0.570653 0.742734 0.858695 0.480472
4 0.792729 0.681155 0.414543 0.351818
0 0.343902 0.753169 0.665407 0.493662
3 0.231337 0.759228 0.43018 0.481544
3 0.477142 0.470376 0.852397 0.929607
3 0.761859 0.791108 0.476282 0.417785
0 0.833392 0.526632 0.333216 0.946736
3 0.692135 0.649949 0.61573 0.29024
3 0.437355 0.754781 0.569291 0.490437
3 0.606362 0.759964 0.787277 0.480072
0 0.471901 0.0339059 0.895338 0.0678117
3 0.154817 0.764807 0.307895 0.470386
0 0.223071 0.0809754 0.446142 0.161951
3 0.63024 0.656375 0.739519 0.412156
3 0.305052 0.762367 0.599552 0.475267
3 0.558974 0.639214 0.809821 0.265246
3 0.176336 0.52396 0.352673 0.925392
4 0.569368 0.631705 0.808533 0.281599
3 0.678686 0.329826 0.642628 0.649715
3 0.935938 0.766716 0.128123 0.466568
0 0.51968 0.0629417 0.956653 0.125883
3 0.194934 0.750929 0.387199 0.487487
3 0.305305 0.502497 0.610611 0.995007
3 0.49665 0.0354561 0.920789 0.0709122
3 0.948982 0.649054 0.102036 0.488218
3 0.833392 0.526632 0.333216 0.946736
4 0.609955 0.421416 0.77392 0.741722
3 0.928199 0.757894 0.143602 0.484212
0 0.851455 0.27315 0.29709 0.525212
3 0.821509 0.134277 0.356982 0.268555
3 0.223071 0.0809754 0.446142 0.161951
4 0.499621 0.474367 0.897201 0.937112
0 0.733253 0.42987 0.532997 0.814867
3 0.413112 0.399524 0.660056 0.7943
0 0.176336 0.52396 0.352673 0.925392
4 0.400117 0.754305 0.701135 0.469576
0 0.861541 0.0970185 0.276917 0.194037
3 0.305135 0.0503082 0.61027 0.100616
4 0.775603 0.503277 0.448795 0.993447
0 0.661493 0.505914 0.677013 0.988173
3 0.539494 0.748364 0.896967 0.478174
0 0.366296 0.72087 0.514276 0.443794
4 0.357888 0.752811 0.578256 0.494377
4 0.733253 0.42987 0.532997 0.814867
3 0.792729 0.681155 0.414543 0.351818
3 0.0347358 0.757864 0.0694716 0.484273
4 0.497138 0.757319 0.658017 0.485363
4 0.876626 0.741189 0.246748 0.517622
0 0.241082 0.754409 0.464398 0.471246
3 0.040015 0.265929 0.08003 0.531859
3 0.694729 0.74258 0.610543 0.467884
3 0.575158 0.0932443 0.849683 0.186489
3 0.743698 0.18575 0.512604 0.3715
4 0.928199 0.757894 0.143602 0.484212
3 0.932392 0.422877 0.135217 0.780274
3 0.11983 0.25966 0.23966 0.51932
0 0.284796 0.0611525 0.569592 0.122305
3 0.0289542 0.624005 0.0579084 0.741964
4 0.521488 0.0753584 0.957024 0.150717
0 0.495577 0.489402 0.762559 0.963089
3 0.0313488 0.492719 0.0626975 0.980179
3 0.51968 0.0629417 0.956653 0.125883
3 0.847901 0.289878 0.304197 0.579757
3 0.0731802 0.607976 0.14636 0.739455
4 0.288973 0.733957 0.577875 0.499629
4 0.935938 0.766716 0.128123 0.466568
3 0.0357873 0.789851 0.0715746 0.420298
4 0.231337 0.759228 0.43018 0.481544
4 0.366296 0.72087 0.514276 0.443794
3 0.416579 0.660499 0.525756 0.312871
4 0.844815 0.420664 0.310371 0.824948
3 0.784484 0.285234 0.431032 0.553962
3 0.930143 0.572279 0.139714 0.834665
0 0.6611 0.762413 0.6778 0.475174
3 0.366296 0.72087 0.514276 0.443794
3 0.913623 0.728889 0.172754 0.447747
4 0.806178 0.760788 0.387643 0.478424
0 0.929131 0.76285 0.141739 0.474301
4 0.846544 0.759902 0.306912 0.480196
3 0.661493 0.505914 0.677013 0.988173
1 0.642429 0.738475 0.715142 0.476154
3 0.867042 0.202402 0.265916 0.404804
4 0.52482 0.0447962 0.920615 0.0895925
0 0.386045 0.353013 0.639596 0.702187
4 0.154817 0.764807 0.307895 0.470386
4 0.670734 0.761795 0.658533 0.476411
3 0.0869992 0.5124 0.173998 0.9752
1 0.591651 0.616061 0.81335 0.33883
3 0.116914 0.747654 0.233828 0.490856
3 0.861541 0.0970185 0.276917 0.194037
4 0.272029 0.499134 0.544058 0.998269
3 0.199712 0.265559 0.390519 0.514059
3 0.0904828 0.767195 0.180966 0.465611
3 0.900817 0.265972 0.198366 0.510988
0 0.821509 0.134277 0.356982 0.268555
4 0.21102 0.502882 0.416603 0.994235
0 0.0250849 0.586114 0.0501697 0.744861
0 0.416579 0.660499 0.525756 0.312871
0 0.0888744 0.768774 0.177749 0.462453
4 0.0904828 0.767195 0.180966 0.465611
4 0.832259 0.274723 0.335482 0.533064
4 0.150754 0.492585 0.301508 0.98517
4 0.0357873 0.789851 0.0715746 0.420298
3 0.851294 0.421921 0.297411 0.829221
0 0.0350161 0.775512 0.0700322 0.448977
3 0.416526 0.281754 0.629093 0.559506
4 0.194934 0.750929 0.387199 0.487487
3 0.364809 0.754406 0.65439 0.471539
3 0.50118 0.239379 0.910661 0.478758
3 0.0239305 0.466512 0.047861 0.899076
3 0.652066 0.200585 0.695867 0.40117
0 0.948982 0.649054 0.102036 0.488218
4 0.395801 0.0513658 0.791234 0.102732
4 0.386045 0.353013 0.639596 0.702187
0 0.743698 0.18575 0.512604 0.3715
4 0.116914 0.747654 0.233828 0.490856
4 0.223071 0.0809754 0.446142 0.161951
0 0.876626 0.741189 0.246748 0.517622
3 0.605988 0.155667 0.788024 0.311334
0 0.0200852 0.483476 0.0401704 0.817768
4 0.454474 0.652744 0.614594 0.285186
1 0.743852 0.753711 0.512295 0.46955
0 0.900817 0.265972 0.198366 0.510988
0 0.362534 0.5 0.706433 1
3 0.590108 0.292275 0.819785 0.584551
4 0.948982 0.649054 0.102036 0.488218
0 0.0357873 0.789851 0.0715746 0.420298
4 0.661493 0.505914 0.677013 0.988173
0 0.575158 0.0932443 0.849683 0.186489
3 0.298953 0.293264 0.547301 0.584033
0 0.935938 0.766716 0.128123 0.466568
4 0.913623 0.728889 0.172754 0.447747
0 0.272029 0.499134 0.544058 0.998269
4 0.102941 0.498398 0.205882 0.97272
0 0.806178 0.760788 0.387643 0.478424
0 0.437355 0.754781 0.569291 0.490437
0 0.040015 0.265929 0.08003 0.531859
0 0.11983 0.25966 0.23966 0.51932
0 0.652066 0.200585 0.695867 0.40117
4 0.934161 0.471664 0.131678 0.859587
4 0.0350161 0.775512 0.0700322 0.448977
4 0.0289542 0.624005 0.0579084 0.741964
0 0.930143 0.572279 0.139714 0.834665
4 0.11983 0.25966 0.23966 0.51932
4 0.284796 0.0611525 0.569592 0.122305
0 0.0380224 0.711422 0.0760448 0.577155
4 0.0313488 0.492719 0.0626975 0.980179
0 0.913623 0.728889 0.172754 0.447747
3 0.251382 0.251909 0.502764 0.503818
0 0.140796 0.759054 0.281593 0.478957
4 0.362534 0.5 0.706433 1
0 0.932392 0.422877 0.135217 0.780274
0 0.0731802 0.607976 0.14636 0.739455
4 0.312239 0.277429 0.508449 0.541972
0 0.606362 0.759964 0.787277 0.480072
0 0.489192 0.282839 0.86969 0.565679
0 0.312239 0.277429 0.508449 0.541972
0 0.0313488 0.492719 0.0626975 0.980179
4 0.545801 0.275471 0.873829 0.550943
4 0.040015 0.265929 0.08003 0.531859
4 0.0239305 0.466512 0.047861 0.899076
1 0.218367 0.751956 0.424451 0.476559
4 0.900817 0.265972 0.198366 0.510988
2 0.838278 0.259402 0.323445 0.5125
4 0.0731802 0.607976 0.14636 0.739455
4 0.861541 0.0970185 0.276917 0.194037
3 0.0943234 0.256623 0.188647 0.496623
0 0.605988 0.155667 0.788024 0.311334
0 0.867042 0.202402 0.265916 0.404804
2 0.913623 0.728889 0.172754 0.447747
0 0.231577 0.265459 0.450457 0.514424
1 0.784484 0.285234 0.431032 0.553962
0 0.851294 0.421921 0.297411 0.829221
4 0.605988 0.155667 0.788024 0.311334
4 0.231577 0.265459 0.450457 0.514424
2 0.216553 0.750219 0.423718 0.48765
0 0.102941 0.498398 0.205882 0.97272
0 0.437867 0.278451 0.617532 0.556902
4 0.652066 0.200585 0.695867 0.40117
1 0.846544 0.759902 0.306912 0.480196
4 0.0380224 0.711422 0.0760448 0.577155
1 0.68649 0.636773 0.627021 0.316127
4 0.867042 0.202402 0.265916 0.404804
4 0.437867 0.278451 0.617532 0.556902
4 0.678686 0.329826 0.642628 0.649715
4 0.0943234 0.256623 0.188647 0.496623
2 0.479716 0.319441 0.700281 0.638882
1 0.926167 0.766301 0.147666 0.467398
2 0.343902 0.753169 0.665407 0.493662
4 0.821509 0.134277 0.356982 0.268555
0 0.366249 0.25621 0.678536 0.512421
4 0.743698 0.18575 0.512604 0.3715
0 0.784484 0.285234 0.431032 0.553962
2 0.570653 0.742734 0.858695 0.480472
0 0.529352 0.371455 0.887259 0.73721
2 0.929131 0.76285 0.141739 0.474301
1 0.678686 0.329826 0.642628 0.649715
1 0.529352 0.371455 0.887259 0.73721
2 0.116914 0.747654 0.233828 0.490856
1 0.838278 0.259402 0.323445 0.5125
2 0.308165 0.262093 0.61633 0.524186
2 0.0731802 0.607976 0.14636 0.739455
1 0.386511 0.274059 0.597203 0.542683
2 0.102941 0.498398 0.205882 0.97272
1 0.237109 0.281439 0.465742 0.557163
4 0.765018 0.255489 0.469965 0.506032
2 0.605988 0.155667 0.788024 0.311334
2 0.68649 0.636773 0.627021 0.316127
4 0.169636 0.257032 0.33758 0.491266
2 0.489192 0.282839 0.86969 0.565679
0 0.21102 0.502882 0.416603 0.994235
2 0.190867 0.248343 0.381734 0.496687
2 0.900817 0.265972 0.198366 0.510988
2 0.366296 0.72087 0.514276 0.443794
1 0.21102 0.502882 0.416603 0.994235
1 0.792729 0.681155 0.414543 0.351818
2 0.679111 0.263434 0.641779 0.526868
0 0.0943234 0.256623 0.188647 0.496623
2 0.932392 0.422877 0.135217 0.780274
2 0.867042 0.202402 0.265916 0.404804
2 0.0904828 0.767195 0.180966 0.465611
2 0.805257 0.762014 0.389487 0.475972
4 0.366249 0.25621 0.678536 0.512421
2 0.176336 0.52396 0.352673 0.925392
1 0.479849 0.640632 0.666608 0.259794
2 0.778694 0.49907 0.442611 0.968878
0 0.169636 0.257032 0.33758 0.491266
2 0.416579 0.660499 0.525756 0.312871
1 0.913623 0.728889 0.172754 0.447747
2 0.861541 0.0970185 0.276917 0.194037
2 0.935938 0.766716 0.128123 0.466568
2 0.529352 0.371455 0.887259 0.73721
1 0.479716 0.319441 0.700281 0.638882
2 0.0289542 0.624005 0.0579084 0.741964
2 0.743698 0.18575 0.512604 0.3715
2 0.652066 0.200585 0.695867 0.40117
1 0.140796 0.759054 0.281593 0.478957
2 0.040015 0.265929 0.08003 0.531859
1 0.948982 0.649054 0.102036 0.488218
2 0.11983 0.25966 0.23966 0.51932
1 0.784911 0.447388 0.428826 0.880439
0 0.678686 0.329826 0.642628 0.649715
2 0.0943234 0.256623 0.188647 0.496623
2 0.575158 0.0932443 0.849683 0.186489
2 0.541304 0.756575 0.728618 0.486851
2 0.930143 0.572279 0.139714 0.834665
2 0.386511 0.274059 0.597203 0.542683
2 0.70786 0.745319 0.584279 0.470396
1 0.0869992 0.5124 0.173998 0.9752
2 0.0357873 0.789851 0.0715746 0.420298
1 0.900817 0.265972 0.198366 0.510988
2 0.765018 0.255489 0.469965 0.506032
2 0.154817 0.764807 0.307895 0.470386
1 0.0731802 0.607976 0.14636 0.739455
1 0.0894646 0.298616 0.178929 0.565609
2 0.236775 0.49284 0.473521 0.985681
2 0.876626 0.741189 0.246748 0.517622
2 0.948982 0.649054 0.102036 0.488218
2 0.3553 0.5 0.7106 1
1 0.5144 0.759182 0.761803 0.479787
2 0.653252 0.422067 0.684285 0.793662
1 0.867042 0.202402 0.265916 0.404804
2 0.792729 0.681155 0.414543 0.351818
1 0.307445 0.754831 0.59843 0.469581
1 0.287364 0.503048 0.570133 0.993903
1 0.160485 0.271873 0.319652 0.53305
1 0.932392 0.422877 0.135217 0.780274
1 0.376559 0.495898 0.739709 0.980615
2 0.0380224 0.711422 0.0760448 0.577155
1 0.0350161 0.775512 0.0700322 0.448977
2 0.0350161 0.775512 0.0700322 0.448977
2 0.458735 0.0407467 0.917471 0.0814935
1 0.550315 0.0782398 0.883974 0.15648
2 0.0200852 0.483476 0.0401704 0.817768
1 0.0888744 0.768774 0.177749 0.462453
2 0.247902 0.762815 0.477211 0.47437
2 0.670734 0.761795 0.658533 0.476411
2 0.470192 0.486266 0.867439 0.963746
2 0.851294 0.421921 0.297411 0.829221
1 0.176336 0.52396 0.352673 0.925392
0 0.565888 0.727996 0.868223 0.443996
0 0.759524 0.747939 0.480953 0.4741
0 0.546962 0.612419 0.906076 0.323513
0 0.687275 0.637105 0.625449 0.312203
0 0.631047 0.655621 0.737906 0.394346
0 0.480286 0.640689 0.667247 0.259588
0 0.464942 0.757842 0.678031 0.480341
4 0.692095 0.649632 0.61581 0.287992
4 0.631047 0.655621 0.737906 0.394346
0 0.792594 0.678335 0.414812 0.345005
4 0.694548 0.743275 0.610904 0.467307
4 0.784002 0.753618 0.431997 0.478037
0 0.825013 0.763109 0.349975 0.473782
3 0.767223 0.492499 0.465553 0.960693
3 0.82612 0.749952 0.34776 0.500096
0 0.60955 0.458653 0.780901 0.77807
3 0.876423 0.741237 0.247154 0.517527
0 0.376593 0.0465471 0.75237 0.0930941
3 0.210927 0.502904 0.416384 0.994193
3 0.584972 0.415191 0.823192 0.77802
4 0.570657 0.742944 0.858686 0.479754
4 0.792594 0.678335 0.414812 0.345005
3 0.231366 0.759337 0.430155 0.481326
3 0.477431 0.467867 0.851146 0.924325
3 0.762104 0.791256 0.475792 0.417488
0 0.344405 0.753225 0.666173 0.49355
3 0.692095 0.649632 0.61581 0.287992
0 0.833392 0.526641 0.333216 0.946718
3 0.437016 0.754849 0.570549 0.490302
3 0.606297 0.760052 0.787405 0.479895
3 0.154804 0.764853 0.307853 0.470294
3 0.631047 0.655621 0.737906 0.394346
0 0.471621 0.0340292 0.894581 0.0680583
0 0.222857 0.0811314 0.445714 0.162263
3 0.305288 0.762507 0.599979 0.474985
3 0.559122 0.639386 0.809943 0.264722
3 0.175861 0.52464 0.351721 0.924262
4 0.569581 0.632032 0.808289 0.280881
3 0.679233 0.330804 0.641534 0.651649
3 0.935958 0.76693 0.128084 0.466139
3 0.194689 0.750928 0.386693 0.487597
3 0.304938 0.502516 0.609875 0.994969
0 0.519504 0.0633248 0.956933 0.12665
3 0.496405 0.0355921 0.920383 0.0711842
3 0.949272 0.64799 0.101456 0.485476
3 0.833392 0.526641 0.333216 0.946718
3 0.928124 0.758045 0.143753 0.483911
4 0.606594 0.420822 0.780559 0.742651
3 0.822577 0.135995 0.354846 0.271989
3 0.222857 0.0811314 0.445714 0.162263
0 0.851892 0.273325 0.296215 0.525706
4 0.499866 0.472451 0.895996 0.932995
3 0.413796 0.399184 0.658494 0.793508
0 0.730382 0.428315 0.538688 0.81225
4 0.400564 0.754318 0.702854 0.469529
3 0.304948 0.0502751 0.609895 0.10055
0 0.175861 0.52464 0.351721 0.924262
4 0.77549 0.503283 0.449019 0.993434
0 0.861666 0.0976924 0.276668 0.195385
3 0.539513 0.748558 0.897631 0.477707
3 0.792594 0.678335 0.414812 0.345005
4 0.357734 0.752875 0.579192 0.494249
4 0.730382 0.428315 0.538688 0.81225
3 0.0348062 0.757827 0.0696124 0.484346
0 0.660712 0.505967 0.678576 0.988066
0 0.367402 0.720369 0.513344 0.442385
4 0.496946 0.757349 0.659543 0.485303
4 0.876423 0.741237 0.247154 0.517527
3 0.0401169 0.265761 0.0802337 0.531521
3 0.694548 0.743275 0.610904 0.467307
3 0.575077 0.0933565 0.849847 0.186713
3 0.744931 0.188334 0.510138 0.376669
4 0.928124 0.758045 0.143753 0.483911
3 0.932486 0.422715 0.135028 0.779625
3 0.119706 0.259043 0.239411 0.518085
3 0.0289854 0.624403 0.0579708 0.741287
4 0.521319 0.0756991 0.957362 0.151398
0 0.24106 0.75451 0.464307 0.471082
3 0.0313301 0.491721 0.0626603 0.977807
3 0.519504 0.0633248 0.956933 0.12665
3 0.848428 0.290039 0.303143 0.580078
3 0.0731473 0.611638 0.146295 0.732562
0 0.284483 0.0612085 0.568967 0.122417
0 0.495293 0.487822 0.759879 0.959326
4 0.289237 0.734027 0.578247 0.499603
4 0.935958 0.76693 0.128084 0.466139
3 0.0358725 0.789874 0.0717451 0.420251
4 0.367402 0.720369 0.513344 0.442385
4 0.231366 0.759337 0.430155 0.481326
3 0.416956 0.660069 0.526597 0.311626
4 0.845037 0.42028 0.309927 0.824387
3 0.785481 0.285624 0.429038 0.554735
3 0.930265 0.571125 0.139471 0.833162
3 0.367402 0.720369 0.513344 0.442385
3 0.913495 0.728595 0.17301 0.446665
4 0.806446 0.761075 0.387109 0.47785
1 0.642407 0.739141 0.715187 0.475337
4 0.846527 0.760048 0.306946 0.479904
0 0.660526 0.762641 0.678949 0.474718
3 0.660712 0.505967 0.678576 0.988066
3 0.867188 0.20241 0.265623 0.40482
4 0.524702 0.0450223 0.920695 0.0900447
0 0.928836 0.76302 0.142328 0.47396
4 0.154804 0.764853 0.307853 0.470294
4 0.670681 0.761884 0.658638 0.476231
1 0.592067 0.616398 0.812412 0.336756
3 0.0872107 0.512316 0.174421 0.975367
3 0.116686 0.747618 0.233371 0.491155
3 0.861666 0.0976924 0.276668 0.195385
0 0.386588 0.352496 0.63771 0.701081
3 0.199635 0.265426 0.390403 0.513749
4 0.271878 0.499248 0.543756 0.998496
3 0.090482 0.767278 0.180964 0.465444
3 0.900841 0.266789 0.198318 0.512715
4 0.210927 0.502904 0.416384 0.994193
0 0.822577 0.135995 0.354846 0.271989
4 0.833862 0.274834 0.332276 0.533344
4 0.090482 0.767278 0.180964 0.465444
4 0.150626 0.49267 0.301252 0.98534
4 0.0358725 0.789874 0.0717451 0.420251
3 0.851414 0.421621 0.297172 0.828778
0 0.0250678 0.587178 0.0501355 0.742496
4 0.194689 0.750928 0.386693 0.487597
3 0.417142 0.281726 0.627391 0.559123
0 0.416956 0.660069 0.526597 0.311626
3 0.364555 0.75444 0.654676 0.471501
0 0.0888801 0.768843 0.17776 0.462313
3 0.500646 0.23846 0.909859 0.476921
3 0.0238431 0.465965 0.0476861 0.897515
0 0.035117 0.775492 0.0702339 0.449016
3 0.652557 0.202576 0.694887 0.405151
4 0.395662 0.0515055 0.791186 0.103011
4 0.386588 0.352496 0.63771 0.701081
4 0.116686 0.747618 0.233371 0.491155
0 0.949272 0.64799 0.101456 0.485476
4 0.222857 0.0811314 0.445714 0.162263
3 0.606074 0.156639 0.787852 0.313279
4 0.454481 0.652232 0.614508 0.283962
1 0.7433 0.754242 0.5134 0.469033
0 0.744931 0.188334 0.510138 0.376669
0 0.876423 0.741237 0.247154 0.517527
0 0.020008 0.483917 0.040016 0.81472
3 0.590161 0.292665 0.819679 0.58533
4 0.949272 0.64799 0.101456 0.485476
0 0.900841 0.266789 0.198318 0.512715
0 0.362584 0.5 0.70583 1
4 0.660712 0.505967 0.678576 0.988066
3 0.298859 0.29322 0.546773 0.583915
0 0.0358725 0.789874 0.0717451 0.420251
0 0.575077 0.0933565 0.849847 0.186713
4 0.913495 0.728595 0.17301 0.446665
0 0.935958 0.76693 0.128084 0.466139
4 0.102962 0.498623 0.205925 0.972448
0 0.271878 0.499248 0.543756 0.998496
4 0.934288 0.470167 0.131424 0.856038
4 0.035117 0.775492 0.0702339 0.449016
4 0.119706 0.259043 0.239411 0.518085
4 0.0289854 0.624403 0.0579708 0.741287
0 0.806446 0.761075 0.387109 0.47785
0 0.437016 0.754849 0.570549 0.490302
4 0.284483 0.0612085 0.568967 0.122417
4 0.0313301 0.491721 0.0626603 0.977807
0 0.119706 0.259043 0.239411 0.518085
0 0.0401169 0.265761 0.0802337 0.531521
3 0.250461 0.251663 0.500923 0.503325
0 0.930265 0.571125 0.139471 0.833162
0 0.652557 0.202576 0.694887 0.405151
4 0.362584 0.5 0.70583 1
4 0.312075 0.277539 0.508424 0.542124
0 0.0380287 0.711466 0.0760574 0.577067
0 0.913495 0.728595 0.17301 0.446665
0 0.140698 0.75908 0.281395 0.478907
0 0.932486 0.422715 0.135028 0.779625
0 0.0731473 0.611638 0.146295 0.732562
4 0.545773 0.275405 0.87349 0.55081
4 0.0238431 0.465965 0.0476861 0.897515
4 0.0401169 0.265761 0.0802337 0.531521
0 0.312075 0.277539 0.508424 0.542124
0 0.606297 0.760052 0.787405 0.479895
4 0.900841 0.266789 0.198318 0.512715
2 0.839839 0.25948 0.320323 0.512431
4 0.0731473 0.611638 0.146295 0.732562
0 0.488259 0.282797 0.867863 0.565593
1 0.21833 0.752053 0.424336 0.476423
0 0.0313301 0.491721 0.0626603 0.977807
4 0.861666 0.0976924 0.276668 0.195385
3 0.0944898 0.255988 0.18898 0.495109
2 0.913495 0.728595 0.17301 0.446665
0 0.23153 0.265422 0.450401 0.514243
1 0.785481 0.285624 0.429038 0.554735
0 0.606074 0.156639 0.787852 0.313279
0 0.867188 0.20241 0.265623 0.40482
4 0.23153 0.265422 0.450401 0.514243
4 0.606074 0.156639 0.787852 0.313279
2 0.216525 0.750239 0.423645 0.487724
0 0.851414 0.421621 0.297172 0.828778
4 0.652557 0.202576 0.694887 0.405151
1 0.846527 0.760048 0.306946 0.479904
4 0.0380287 0.711466 0.0760574 0.577067
1 0.687275 0.637105 0.625449 0.312203
0 0.43799 0.278441 0.61625 0.556882
0 0.102962 0.498623 0.205925 0.972448
4 0.867188 0.20241 0.265623 0.40482
4 0.43799 0.278441 0.61625 0.556882
4 0.679233 0.330804 0.641534 0.651649
4 0.0944898 0.255988 0.18898 0.495109
2 0.478585 0.319027 0.697027 0.638055
1 0.926121 0.766455 0.147758 0.467089
2 0.344405 0.753225 0.666173 0.49355
4 0.822577 0.135995 0.354846 0.271989
4 0.744931 0.188334 0.510138 0.376669
2 0.570657 0.742944 0.858686 0.479754
2 0.928836 0.76302 0.142328 0.47396
1 0.679233 0.330804 0.641534 0.651649
0 0.366372 0.256378 0.67804 0.512756
0 0.785481 0.285624 0.429038 0.554735
0 0.529148 0.371264 0.886336 0.736688
1 0.529148 0.371264 0.886336 0.736688
1 0.839839 0.25948 0.320323 0.512431
2 0.116686 0.747618 0.233371 0.491155
2 0.306768 0.262047 0.613536 0.524095
2 0.0731473 0.611638 0.146295 0.732562
4 0.767456 0.255566 0.465088 0.506003
2 0.102962 0.498623 0.205925 0.972448
1 0.386919 0.274063 0.595456 0.542476
1 0.237062 0.281684 0.465705 0.557556
2 0.606074 0.156639 0.787852 0.313279
2 0.687275 0.637105 0.625449 0.312203
4 0.169587 0.256687 0.33746 0.490525
2 0.488259 0.282797 0.867863 0.565593
2 0.900841 0.266789 0.198318 0.512715
2 0.189746 0.247258 0.379492 0.494517
1 0.792594 0.678335 0.414812 0.345005
1 0.210927 0.502904 0.416384 0.994193
2 0.367402 0.720369 0.513344 0.442385
0 0.210927 0.502904 0.416384 0.994193
2 0.679908 0.26357 0.640184 0.52714
2 0.932486 0.422715 0.135028 0.779625
2 0.867188 0.20241 0.265623 0.40482
0 0.0944898 0.255988 0.18898 0.495109
2 0.805205 0.762219 0.389589 0.475562
2 0.090482 0.767278 0.180964 0.465444
4 0.366372 0.256378 0.67804 0.512756
1 0.480286 0.640689 0.667247 0.259588
2 0.175861 0.52464 0.351721 0.924262
2 0.778836 0.497546 0.442327 0.965721
2 0.416956 0.660069 0.526597 0.311626
1 0.913495 0.728595 0.17301 0.446665
0 0.169587 0.256687 0.33746 0.490525
2 0.861666 0.0976924 0.276668 0.195385
2 0.529148 0.371264 0.886336 0.736688
2 0.935958 0.76693 0.128084 0.466139
1 0.478585 0.319027 0.697027 0.638055
2 0.0289854 0.624403 0.0579708 0.741287
2 0.744931 0.188334 0.510138 0.376669
2 0.652557 0.202576 0.694887 0.405151
1 0.140698 0.75908 0.281395 0.478907
2 0.0401169 0.265761 0.0802337 0.531521
1 0.949272 0.64799 0.101456 0.485476
2 0.119706 0.259043 0.239411 0.518085
1 0.785191 0.446151 0.428243 0.877866
2 0.0944898 0.255988 0.18898 0.495109
0 0.679233 0.330804 0.641534 0.651649
2 0.575077 0.0933565 0.849847 0.186713
2 0.54141 0.756586 0.729558 0.486828
2 0.930265 0.571125 0.139471 0.833162
2 0.707827 0.745618 0.584346 0.469614
1 0.0872107 0.512316 0.174421 0.975367
2 0.386919 0.274063 0.595456 0.542476
1 0.900841 0.266789 0.198318 0.512715
2 0.0358725 0.789874 0.0717451 0.420251
2 0.154804 0.764853 0.307853 0.470294
2 0.767456 0.255566 0.465088 0.506003
1 0.0731473 0.611638 0.146295 0.732562
1 0.0895912 0.297931 0.179182 0.56416
2 0.236548 0.492929 0.473087 0.985857
2 0.876423 0.741237 0.247154 0.517527
2 0.949272 0.64799 0.101456 0.485476
2 0.354902 0.5 0.709805 1
1 0.514846 0.75922 0.762053 0.479768
2 0.65216 0.421747 0.686398 0.792188
1 0.867188 0.20241 0.265623 0.40482
2 0.792594 0.678335 0.414812 0.345005
1 0.307752 0.75489 0.598935 0.469469
1 0.287187 0.503079 0.569739 0.993842
1 0.160489 0.27192 0.319648 0.53301
1 0.932486 0.422715 0.135028 0.779625
2 0.0380287 0.711466 0.0760574 0.577067
1 0.37602 0.493513 0.738048 0.975757
1 0.035117 0.775492 0.0702339 0.449016
2 0.035117 0.775492 0.0702339 0.449016
2 0.458424 0.040913 0.916847 0.0818261
1 0.550168 0.0785484 0.884129 0.157097
2 0.020008 0.483917 0.040016 0.81472
2 0.248095 0.762989 0.477568 0.474022
1 0.0888801 0.768843 0.17776 0.462313
2 0.670681 0.761884 0.658638 0.476231
2 0.470454 0.48459 0.866203 0.96025
2 0.851414 0.421621 0.297172 0.828778
1 0.175861 0.52464 0.351721 0.924262
