3 0.889532 0.306893 0.0750305 0.328497
0 0.83201 0.795089 0.335979 0.389811
0 0.893341 0.302762 0.0852184 0.298076
1 0.893341 0.302762 0.0852184 0.298076
0 0.915014 0.293827 0.1292 0.337059
2 0.893341 0.302762 0.0852184 0.298076
0 0.891783 0.226816 0.0927801 0.453631
3 0.912175 0.618493 0.17565 0.732862
0 0.492916 0.0277005 0.962622 0.055401
0 0.418736 0.049401 0.806959 0.0988019
0 0.375083 0.0231229 0.750165 0.0462457
3 0.761059 0.532188 0.265938 0.816929
0 0.41062 0.774883 0.747471 0.421577
0 0.890437 0.374195 0.0928347 0.443683
0 0.908151 0.797929 0.183699 0.404142
3 0.343034 0.417753 0.497462 0.835506
3 0.909056 0.312452 0.114233 0.371619
3 0.93209 0.739058 0.135819 0.471258
0 0.237135 0.0343695 0.47427 0.0687389
3 0.712254 0.39386 0.414639 0.78772
0 0.92862 0.236931 0.142761 0.473863
3 0.83103 0.766003 0.33794 0.457711
4 0.831807 0.791769 0.336387 0.405944
3 0.63551 0.0297969 0.718493 0.0595937
3 0.497749 0.777484 0.58156 0.417256
0 0.669208 0.150638 0.661585 0.301277
3 0.942717 0.546745 0.114566 0.328202
3 0.525491 0.430444 0.519063 0.860887
4 0.893341 0.302762 0.0852184 0.298076
3 0.926979 0.312731 0.146042 0.54612
3 0.154944 0.27013 0.309888 0.54026
0 0.878785 0.783293 0.242431 0.433413
3 0.138073 0.344934 0.276145 0.533186
3 0.125526 0.259342 0.251052 0.518683
3 0.414502 0.463825 0.295893 0.43856
3 0.179669 0.320721 0.335359 0.641443
3 0.353751 0.346714 0.690862 0.693428
3 0.111385 0.347695 0.22277 0.452228
3 0.614125 0.42355 0.46675 0.8471
0 0.734733 0.23499 0.432881 0.469979
3 0.845851 0.395116 0.178112 0.493247
3 0.469997 0.812295 0.410501 0.37541
3 0.612048 0.776701 0.36967 0.446598
3 0.680915 0.480285 0.262854 0.914649
0 0.709371 0.236432 0.581257 0.472864
3 0.360635 0.447712 0.308791 0.517313
3 0.921328 0.802618 0.157344 0.394764
3 0.106783 0.399696 0.213566 0.468102
3 0.539798 0.788326 0.430841 0.423348
3 0.669208 0.150638 0.661585 0.301277
3 0.925976 0.396009 0.148048 0.462118
0 0.712181 0.793736 0.225012 0.394208
3 0.234547 0.279522 0.469094 0.559044
3 0.514013 0.354685 0.674893 0.70937
3 0.910754 0.229434 0.178491 0.458868
3 0.465319 0.460117 0.358686 0.886311
4 0.419209 0.773557 0.724099 0.424856
0 0.0133164 0.656798 0.0266327 0.686403
3 0.684625 0.253269 0.63075 0.506538
3 0.613635 0.458456 0.294672 0.907729
0 0.622173 0.30642 0.668882 0.612841
3 0.622173 0.30642 0.668882 0.612841
3 0.415533 0.476232 0.357145 0.672234
3 0.0996666 0.50905 0.199333 0.469685
3 0.795819 0.690797 0.278703 0.618407
3 0.770216 0.230094 0.459569 0.460188
3 0.39853 0.809544 0.365786 0.380912
3 0.424034 0.450145 0.510201 0.90029
3 0.270169 0.444643 0.299956 0.553347
3 0.569015 0.609984 0.214168 0.500614
3 0.633413 0.622481 0.226431 0.575948
3 0.237135 0.0343695 0.47427 0.0687389
0 0.587091 0.0222506 0.746202 0.0445013
3 0.159903 0.433609 0.289694 0.589162
0 0.527822 0.0619465 0.768532 0.123893
3 0.691199 0.638236 0.232479 0.671636
3 0.783401 0.169057 0.433198 0.338113
0 0.911273 0.230002 0.177455 0.460003
3 0.805173 0.563941 0.275899 0.829181
3 0.291653 0.819859 0.340894 0.360282
3 0.547938 0.46617 0.304333 0.915424
3 0.475154 0.619942 0.313634 0.521143
0 0.783401 0.169057 0.433198 0.338113
0 0.00956782 0.560183 0.0191356 0.556393
3 0.222014 0.820188 0.368809 0.359624
0 0.579389 0.227432 0.730501 0.454864
0 0.921328 0.802618 0.157344 0.394764
3 0.246407 0.187621 0.492814 0.375242
3 0.579389 0.227432 0.730501 0.454864
0 0.291272 0.0292008 0.582543 0.0584016
3 0.292354 0.572031 0.318464 0.60186
3 0.215544 0.759501 0.423387 0.459152
3 0.0976607 0.6874 0.195321 0.612375
3 0.143994 0.815442 0.279104 0.369115
3 0.196531 0.661627 0.386193 0.641741
3 0.369752 0.575753 0.310651 0.539729
3 0.699972 0.782872 0.264641 0.434256
3 0.108437 0.823565 0.216874 0.35287
3 0.0200833 0.758637 0.0401666 0.482726
3 0.313552 0.0257865 0.627103 0.0515731
4 0.921328 0.802618 0.157344 0.394764
3 0.805899 0.35617 0.262845 0.492857
3 0.0278219 0.800197 0.0556439 0.399606
4 0.891783 0.226816 0.0927801 0.453631
0 0.925976 0.396009 0.148048 0.462118
4 0.587091 0.0222506 0.746202 0.0445013
4 0.418736 0.049401 0.806959 0.0988019
3 0.572542 0.683132 0.385022 0.624871
3 0.454196 0.756997 0.739613 0.482891
3 0.204184 0.545585 0.311643 0.645289
4 0.712181 0.793736 0.225012 0.394208
0 0.0102475 0.462349 0.0204951 0.60467
3 0.509037 0.02719 0.936414 0.0543799
3 0.891783 0.226816 0.0927801 0.453631
3 0.421743 0.733059 0.538537 0.478304
3 0.527822 0.0619465 0.768532 0.123893
3 0.292629 0.768962 0.515185 0.430586
3 0.420244 0.603571 0.347207 0.52731
4 0.579389 0.227432 0.730501 0.454864
0 0.449315 0.776496 0.515104 0.420389
4 0.908151 0.797929 0.183699 0.404142
0 0.714593 0.77722 0.546461 0.415551
0 0.121235 0.846136 0.240506 0.295612
4 0.684625 0.253269 0.63075 0.506538
0 0.831278 0.525835 0.308182 0.926386
4 0.669208 0.150638 0.661585 0.301277
3 0.0238854 0.258487 0.0477708 0.516974
4 0.527822 0.0619465 0.768532 0.123893
3 0.313995 0.143215 0.62799 0.28643
3 0.121235 0.846136 0.240506 0.295612
3 0.35171 0.65338 0.436043 0.648037
3 0.204983 0.231197 0.409967 0.462395
4 0.215544 0.759501 0.423387 0.459152
3 0.878785 0.783293 0.242431 0.433413
0 0.0630201 0.835778 0.12604 0.327938
3 0.468318 0.669891 0.414396 0.576574
3 0.908151 0.797929 0.183699 0.404142
3 0.0839235 0.264046 0.167847 0.528093
3 0.134381 0.757812 0.266973 0.47291
4 0.878785 0.783293 0.242431 0.433413
3 0.73107 0.295642 0.425299 0.591284
4 0.714593 0.77722 0.546461 0.415551
3 0.140339 0.619542 0.280678 0.682891
3 0.0114658 0.606532 0.0229317 0.708069
3 0.0626563 0.32497 0.125313 0.47609
0 0.0708943 0.813979 0.141789 0.372042
4 0.539798 0.788326 0.430841 0.423348
3 0.691815 0.689237 0.299216 0.621526
4 0.93209 0.739058 0.135819 0.471258
3 0.0171063 0.700927 0.0342126 0.598146
0 0.93209 0.739058 0.135819 0.471258
0 0.0146669 0.289722 0.0293339 0.574409
0 0.327828 0.0663075 0.655656 0.132615
4 0.622173 0.30642 0.668882 0.612841
3 0.0102475 0.462349 0.0204951 0.60467
4 0.134381 0.757812 0.266973 0.47291
4 0.492916 0.0277005 0.962622 0.055401
3 0.0522655 0.400419 0.104531 0.436647
3 0.489182 0.805837 0.458071 0.3701
3 0.0472174 0.690049 0.0944347 0.425787
3 0.0146669 0.289722 0.0293339 0.574409
3 0.0112499 0.359693 0.0224998 0.551038
0 0.845851 0.395116 0.178112 0.493247
4 0.121235 0.846136 0.240506 0.295612
4 0.699972 0.782872 0.264641 0.434256
4 0.0133164 0.656798 0.0266327 0.686403
4 0.908837 0.307776 0.114397 0.314743
4 0.422737 0.769017 0.501348 0.420613
3 0.274185 0.650865 0.414194 0.659512
4 0.612048 0.776701 0.36967 0.446598
4 0.0278219 0.800197 0.0556439 0.399606
0 0.420366 0.584878 0.318196 0.518621
3 0.0458061 0.594033 0.0916121 0.395717
0 0.0171063 0.700927 0.0342126 0.598146
4 0.734733 0.23499 0.432881 0.469979
0 0.0112499 0.359693 0.0224998 0.551038
4 0.237135 0.0343695 0.47427 0.0687389
4 0.292629 0.768962 0.515185 0.430586
3 0.275708 0.811382 0.372591 0.365774
4 0.0200833 0.758637 0.0401666 0.482726
4 0.428726 0.361703 0.652155 0.723405
4 0.0708943 0.813979 0.141789 0.372042
3 0.0471262 0.506657 0.0942523 0.329178
3 0.630364 0.763488 0.656718 0.473025
0 0.134381 0.757812 0.266973 0.47291
4 0.0171063 0.700927 0.0342126 0.598146
3 0.327828 0.0663075 0.655656 0.132615
4 0.0557361 0.772527 0.111472 0.454947
4 0.92862 0.236931 0.142761 0.473863
4 0.0667178 0.839186 0.13304 0.321628
3 0.0557361 0.772527 0.111472 0.454947
4 0.143994 0.815442 0.279104 0.369115
3 0.415356 0.811841 0.446241 0.358641
3 0.0708943 0.813979 0.141789 0.372042
4 0.345973 0.0230892 0.691946 0.0461783
3 0.165136 0.822828 0.325492 0.334815
0 0.108437 0.823565 0.216874 0.35287
0 0.204983 0.231197 0.409967 0.462395
4 0.204983 0.231197 0.409967 0.462395
4 0.783401 0.169057 0.433198 0.338113
3 0.0667178 0.839186 0.13304 0.321628
4 0.890437 0.374195 0.0928347 0.443683
0 0.394696 0.664631 0.476602 0.607804
0 0.0278219 0.800197 0.0556439 0.399606
4 0.0146669 0.289722 0.0293339 0.574409
4 0.469997 0.812295 0.410501 0.37541
4 0.327828 0.0663075 0.655656 0.132615
4 0.23129 0.186976 0.462581 0.373951
4 0.0112499 0.359693 0.0224998 0.551038
4 0.313995 0.143215 0.62799 0.28643
0 0.942717 0.546745 0.114566 0.328202
3 0.890437 0.374195 0.0928347 0.443683
0 0.0217672 0.79257 0.0435344 0.41486
4 0.39853 0.809544 0.365786 0.380912
0 0.630364 0.763488 0.656718 0.473025
1 0.891783 0.226816 0.0927801 0.453631
0 0.539798 0.788326 0.430841 0.423348
4 0.00956782 0.560183 0.0191356 0.556393
0 0.313995 0.143215 0.62799 0.28643
2 0.916266 0.339811 0.133959 0.358088
3 0.40371 0.0516755 0.807421 0.103351
4 0.0238854 0.258487 0.0477708 0.516974
3 0.348965 0.803095 0.364509 0.38261
4 0.942717 0.546745 0.114566 0.328202
4 0.242389 0.687689 0.456457 0.577728
4 0.108437 0.823565 0.216874 0.35287
4 0.0102475 0.462349 0.0204951 0.60467
2 0.845851 0.395116 0.178112 0.493247
4 0.448867 0.819617 0.463414 0.341869
4 0.165136 0.822828 0.325492 0.334815
4 0.805173 0.563941 0.275899 0.829181
4 0.925976 0.396009 0.148048 0.462118
4 0.377904 0.714274 0.533395 0.511474
0 0.469997 0.812295 0.410501 0.37541
0 0.242389 0.687689 0.456457 0.577728
4 0.343034 0.417753 0.497462 0.835506
4 0.291653 0.819859 0.340894 0.360282
4 0.222014 0.820188 0.368809 0.359624
0 0.612048 0.776701 0.36967 0.446598
2 0.28999 0.285678 0.579981 0.571355
0 0.699972 0.782872 0.264641 0.434256
4 0.475877 0.451084 0.50751 0.902168
1 0.831108 0.762523 0.337784 0.449547
0 0.468318 0.669891 0.414396 0.576574
4 0.327815 0.319466 0.655631 0.638931
0 0.0238854 0.258487 0.0477708 0.516974
2 0.831278 0.525835 0.308182 0.926386
0 0.475154 0.619942 0.313634 0.521143
2 0.184962 0.27183 0.369925 0.543661
0 0.572542 0.683132 0.385022 0.624871
0 0.30773 0.777003 0.471892 0.418648
2 0.890437 0.374195 0.0928347 0.443683
0 0.912175 0.618493 0.17565 0.732862
0 0.221715 0.766131 0.427425 0.444138
1 0.908837 0.307776 0.114397 0.314743
1 0.73107 0.295642 0.425299 0.591284
4 0.912175 0.618493 0.17565 0.732862
4 0.911273 0.230002 0.177455 0.460003
0 0.0626563 0.32497 0.125313 0.47609
0 0.23129 0.186976 0.462581 0.373951
0 0.143994 0.815442 0.279104 0.369115
0 0.805899 0.35617 0.262845 0.492857
0 0.111385 0.347695 0.22277 0.452228
4 0.234547 0.279522 0.469094 0.559044
4 0.151763 0.673883 0.303526 0.629805
0 0.0976607 0.6874 0.195321 0.612375
4 0.614125 0.42355 0.46675 0.8471
0 0.0501916 0.755329 0.100383 0.489341
0 0.795819 0.690797 0.278703 0.618407
2 0.342286 0.356715 0.629101 0.71343
0 0.421799 0.479049 0.300561 0.478513
0 0.31474 0.366086 0.411753 0.732172
0 0.0458061 0.594033 0.0916121 0.395717
4 0.378054 0.802307 0.427042 0.368374
2 0.242389 0.687689 0.456457 0.577728
4 0.58009 0.778989 0.415729 0.425942
0 0.23775 0.326467 0.400084 0.639121
0 0.58009 0.778989 0.415729 0.425942
4 0.23775 0.326467 0.400084 0.639121
4 0.0839235 0.264046 0.167847 0.528093
0 0.39853 0.809544 0.365786 0.380912
0 0.153083 0.323523 0.306166 0.632118
2 0.454196 0.756997 0.739613 0.482891
0 0.569015 0.609984 0.214168 0.500614
2 0.831108 0.762523 0.337784 0.449547
4 0.630364 0.763488 0.656718 0.473025
0 0.369752 0.575753 0.310651 0.539729
0 0.633413 0.622481 0.226431 0.575948
4 0.421799 0.479049 0.300561 0.478513
4 0.153083 0.323523 0.306166 0.632118
4 0.569015 0.609984 0.214168 0.500614
0 0.169132 0.820253 0.32914 0.347902
4 0.401296 0.572238 0.328932 0.509597
3 0.712181 0.793736 0.225012 0.394208
4 0.275708 0.811382 0.372591 0.365774
4 0.0626563 0.32497 0.125313 0.47609
2 0.292354 0.572031 0.318464 0.60186
4 0.360635 0.447712 0.308791 0.517313
0 0.222014 0.820188 0.368809 0.359624
0 0.393928 0.801449 0.411594 0.382288
3 0.889536 0.306898 0.0750351 0.328473
0 0.832003 0.795156 0.335993 0.389724
0 0.89334 0.302743 0.085218 0.298058
1 0.89334 0.302743 0.085218 0.298058
2 0.89334 0.302743 0.085218 0.298058
0 0.9151 0.293288 0.129388 0.338193
0 0.891787 0.226772 0.0927994 0.453545
3 0.91241 0.618288 0.17518 0.732714
0 0.492776 0.0275626 0.962457 0.0551251
0 0.418672 0.0494144 0.806978 0.0988287
3 0.760863 0.532192 0.266005 0.816349
0 0.374858 0.0230232 0.749717 0.0460463
0 0.410538 0.774924 0.747952 0.421555
0 0.890433 0.373803 0.0927862 0.442858
0 0.90913 0.798058 0.18174 0.403884
3 0.343487 0.41753 0.496342 0.83506
3 0.909091 0.312252 0.11429 0.371932
3 0.932212 0.738928 0.135577 0.471108
3 0.831018 0.76599 0.337965 0.45779
3 0.712731 0.393762 0.413245 0.787524
4 0.831813 0.791839 0.336373 0.405813
3 0.63536 0.0298353 0.718535 0.0596706
0 0.236832 0.0344934 0.473664 0.0689869
0 0.928615 0.236871 0.142769 0.473742
3 0.496338 0.777499 0.584489 0.417252
3 0.942912 0.546245 0.114176 0.326703
3 0.525565 0.430148 0.51816 0.860295
4 0.89334 0.302743 0.085218 0.298058
3 0.926995 0.311255 0.14601 0.548937
0 0.66916 0.153597 0.661679 0.307195
3 0.1547 0.270185 0.309399 0.54037
3 0.138016 0.344394 0.276032 0.534811
3 0.125391 0.259257 0.250782 0.518514
3 0.353388 0.34637 0.689488 0.69274
3 0.179766 0.320404 0.334742 0.640807
3 0.414426 0.463944 0.295888 0.440557
3 0.111333 0.347053 0.222667 0.453866
3 0.614483 0.42319 0.464981 0.846379
0 0.879207 0.783313 0.241586 0.433375
3 0.845899 0.395268 0.177999 0.493526
3 0.469721 0.812812 0.411317 0.374375
3 0.610965 0.776787 0.371647 0.446425
3 0.68091 0.480142 0.262617 0.91415
0 0.736675 0.234956 0.428556 0.469912
3 0.36039 0.447897 0.308201 0.518088
3 0.921817 0.802754 0.156367 0.394492
3 0.1067 0.399597 0.2134 0.468457
3 0.538638 0.788717 0.432706 0.422566
3 0.66916 0.153597 0.661679 0.307195
3 0.925992 0.39488 0.148015 0.463407
0 0.709521 0.236482 0.580957 0.472964
3 0.233875 0.279551 0.46775 0.559102
3 0.513391 0.354642 0.67484 0.709285
3 0.465666 0.459591 0.358099 0.885976
3 0.910762 0.229354 0.178476 0.458709
4 0.419126 0.773526 0.724596 0.424788
0 0.710672 0.793733 0.227056 0.394303
3 0.684562 0.253439 0.630877 0.506878
3 0.613903 0.458115 0.293914 0.90729
3 0.415775 0.475836 0.357027 0.673688
3 0.622089 0.306629 0.669072 0.613258
3 0.0995909 0.509243 0.199182 0.469317
3 0.795411 0.690986 0.278088 0.618028
3 0.770754 0.230189 0.458492 0.460379
0 0.013409 0.656635 0.0268179 0.68673
3 0.424427 0.449807 0.509214 0.899614
3 0.398455 0.810125 0.366944 0.379749
3 0.270232 0.444871 0.298831 0.553156
3 0.569227 0.609735 0.213304 0.498868
3 0.633462 0.622602 0.225776 0.574507
3 0.236832 0.0344934 0.473664 0.0689869
0 0.622089 0.306629 0.669072 0.613258
3 0.159841 0.433819 0.289553 0.589508
3 0.691142 0.638531 0.232184 0.670874
3 0.783628 0.171018 0.432745 0.342035
3 0.80536 0.563997 0.275279 0.828909
3 0.291496 0.820563 0.342635 0.358874
0 0.587011 0.0222968 0.746476 0.0445937
3 0.475573 0.619834 0.312588 0.519911
3 0.548032 0.465553 0.304156 0.915253
0 0.527402 0.0619368 0.76937 0.123874
0 0.911249 0.229944 0.177501 0.459889
3 0.22226 0.820951 0.369804 0.358099
0 0.783628 0.171018 0.432745 0.342035
3 0.245824 0.189187 0.491647 0.378374
3 0.579142 0.225579 0.731068 0.451157
0 0.00958522 0.560359 0.0191704 0.556265
3 0.292401 0.572335 0.317685 0.601969
0 0.579142 0.225579 0.731068 0.451157
3 0.215604 0.759453 0.423452 0.4594
3 0.0976069 0.687612 0.195214 0.611999
3 0.144192 0.815931 0.279521 0.368137
0 0.921817 0.802754 0.156367 0.394492
3 0.151749 0.674075 0.303497 0.62956
3 0.369635 0.57613 0.310323 0.540136
3 0.699868 0.782834 0.264448 0.434333
0 0.290929 0.0292233 0.581859 0.0584466
3 0.0201753 0.758428 0.0403506 0.483145
3 0.108596 0.823829 0.217191 0.352342
3 0.313335 0.0257648 0.62667 0.0515296
3 0.0278194 0.800171 0.0556387 0.399657
3 0.805946 0.356149 0.262749 0.493276
4 0.921817 0.802754 0.156367 0.394492
4 0.587011 0.0222968 0.746476 0.0445937
4 0.891787 0.226772 0.0927994 0.453545
4 0.418672 0.0494144 0.806978 0.0988287
3 0.204342 0.545747 0.311101 0.645048
3 0.572859 0.683261 0.383751 0.624137
3 0.454181 0.756953 0.739975 0.48282
4 0.710672 0.793733 0.227056 0.394303
0 0.925992 0.39488 0.148015 0.463407
3 0.508888 0.0270797 0.936234 0.0541594
3 0.891787 0.226772 0.0927994 0.453545
3 0.527402 0.0619368 0.76937 0.123874
3 0.421753 0.733171 0.537708 0.478006
3 0.4205 0.60367 0.346769 0.526639
3 0.292968 0.768914 0.514308 0.430427
4 0.579142 0.225579 0.731068 0.451157
0 0.0102429 0.462455 0.0204857 0.603982
4 0.90913 0.798058 0.18174 0.403884
0 0.449074 0.776499 0.514908 0.420414
4 0.684562 0.253439 0.630877 0.506878
4 0.66916 0.153597 0.661679 0.307195
0 0.713275 0.777209 0.549089 0.415587
0 0.121177 0.846337 0.240379 0.29523
0 0.831332 0.525613 0.307569 0.926937
3 0.313596 0.145365 0.627192 0.290729
3 0.0239269 0.258372 0.0478538 0.516743
4 0.527402 0.0619368 0.76937 0.123874
3 0.121177 0.846337 0.240379 0.29523
3 0.204566 0.231146 0.409132 0.462292
3 0.352144 0.653504 0.434967 0.647391
3 0.242479 0.687869 0.456251 0.57741
4 0.215604 0.759453 0.423452 0.4594
3 0.879207 0.783313 0.241586 0.433375
3 0.46861 0.669935 0.413139 0.575855
3 0.90913 0.798058 0.18174 0.403884
3 0.0837798 0.263803 0.16756 0.527606
3 0.134287 0.75763 0.266781 0.473348
3 0.731947 0.29569 0.423461 0.59138
4 0.713275 0.777209 0.549089 0.415587
4 0.879207 0.783313 0.241586 0.433375
3 0.0115177 0.606548 0.0230355 0.708832
3 0.0627003 0.32385 0.125401 0.477928
4 0.538638 0.788717 0.432706 0.422566
0 0.0630145 0.835939 0.126029 0.327643
3 0.691947 0.689429 0.298519 0.621142
4 0.932212 0.738928 0.135577 0.471108
3 0.0172079 0.700625 0.0344158 0.59875
0 0.071002 0.814142 0.142004 0.371716
4 0.622089 0.306629 0.669072 0.613258
3 0.0102429 0.462455 0.0204857 0.603982
0 0.932212 0.738928 0.135577 0.471108
4 0.134287 0.75763 0.266781 0.473348
0 0.0146904 0.289515 0.0293807 0.574463
4 0.492776 0.0275626 0.962457 0.0551251
3 0.052302 0.400347 0.104604 0.436933
3 0.0472531 0.69029 0.0945061 0.426808
0 0.327358 0.0666719 0.654716 0.133344
3 0.489229 0.806956 0.456979 0.367793
3 0.0146904 0.289515 0.0293807 0.574463
3 0.011238 0.359862 0.022476 0.550426
4 0.121177 0.846337 0.240379 0.29523
4 0.699868 0.782834 0.264448 0.434333
4 0.013409 0.656635 0.0268179 0.68673
4 0.908895 0.307731 0.114509 0.314902
4 0.422305 0.768919 0.501224 0.420466
4 0.610965 0.776787 0.371647 0.446425
0 0.845899 0.395268 0.177999 0.493526
4 0.0278194 0.800171 0.0556387 0.399657
3 0.0458256 0.593973 0.0916513 0.395401
4 0.736675 0.234956 0.428556 0.469912
4 0.236832 0.0344934 0.473664 0.0689869
4 0.292968 0.768914 0.514308 0.430427
4 0.0201753 0.758428 0.0403506 0.483145
3 0.275325 0.812467 0.374802 0.363431
0 0.420523 0.585218 0.317949 0.518752
4 0.428683 0.361575 0.651863 0.72315
4 0.071002 0.814142 0.142004 0.371716
3 0.047152 0.506809 0.094304 0.328917
0 0.0172079 0.700625 0.0344158 0.59875
3 0.630211 0.763423 0.656802 0.473155
0 0.011238 0.359862 0.022476 0.550426
4 0.0172079 0.700625 0.0344158 0.59875
3 0.327358 0.0666719 0.654716 0.133344
4 0.0557284 0.77256 0.111457 0.454881
4 0.928615 0.236871 0.142769 0.473742
4 0.0666599 0.839428 0.132917 0.321144
3 0.0557284 0.77256 0.111457 0.454881
4 0.144192 0.815931 0.279521 0.368137
0 0.134287 0.75763 0.266781 0.473348
3 0.415239 0.812882 0.44641 0.356509
3 0.071002 0.814142 0.142004 0.371716
4 0.345714 0.0230268 0.691427 0.0460537
3 0.165086 0.823451 0.325367 0.333611
4 0.204566 0.231146 0.409132 0.462292
4 0.783628 0.171018 0.432745 0.342035
3 0.0666599 0.839428 0.132917 0.321144
4 0.890433 0.373803 0.0927862 0.442858
3 0.206917 0.633049 0.359377 0.670491
0 0.108596 0.823829 0.217191 0.352342
0 0.204566 0.231146 0.409132 0.462292
4 0.0146904 0.289515 0.0293807 0.574463
4 0.327358 0.0666719 0.654716 0.133344
4 0.469721 0.812812 0.411317 0.374375
4 0.230415 0.187483 0.460829 0.374966
4 0.011238 0.359862 0.022476 0.550426
4 0.313596 0.145365 0.627192 0.290729
3 0.890433 0.373803 0.0927862 0.442858
0 0.394899 0.66475 0.47561 0.60705
0 0.0278194 0.800171 0.0556387 0.399657
4 0.398455 0.810125 0.366944 0.379749
1 0.891787 0.226772 0.0927994 0.453545
3 0.403557 0.0517589 0.807115 0.103518
4 0.00958522 0.560359 0.0191704 0.556265
0 0.942912 0.546245 0.114176 0.326703
2 0.916296 0.339816 0.134006 0.358089
4 0.0239269 0.258372 0.0478538 0.516743
4 0.942912 0.546245 0.114176 0.326703
0 0.021814 0.792519 0.0436281 0.414961
3 0.348929 0.804062 0.365704 0.380539
4 0.242479 0.687869 0.456251 0.57741
4 0.108596 0.823829 0.217191 0.352342
0 0.630211 0.763423 0.656802 0.473155
4 0.0102429 0.462455 0.0204857 0.603982
0 0.538638 0.788717 0.432706 0.422566
4 0.448745 0.820666 0.463129 0.339734
4 0.165086 0.823451 0.325367 0.333611
2 0.845899 0.395268 0.177999 0.493526
0 0.313596 0.145365 0.627192 0.290729
4 0.80536 0.563997 0.275279 0.828909
4 0.925992 0.39488 0.148015 0.463407
4 0.377815 0.714515 0.531971 0.510773
4 0.343487 0.41753 0.496342 0.83506
4 0.291496 0.820563 0.342635 0.358874
4 0.22226 0.820951 0.369804 0.358099
0 0.469721 0.812812 0.411317 0.374375
2 0.289545 0.285484 0.57909 0.570969
4 0.476084 0.450711 0.506792 0.901423
0 0.242479 0.687869 0.456251 0.57741
1 0.831096 0.762513 0.337809 0.449602
4 0.327612 0.319042 0.655223 0.638085
2 0.831332 0.525613 0.307569 0.926937
0 0.610965 0.776787 0.371647 0.446425
2 0.18452 0.27189 0.36904 0.54378
0 0.699868 0.782834 0.264448 0.434333
0 0.46861 0.669935 0.413139 0.575855
2 0.890433 0.373803 0.0927862 0.442858
0 0.0239269 0.258372 0.0478538 0.516743
0 0.475573 0.619834 0.312588 0.519911
1 0.908895 0.307731 0.114509 0.314902
0 0.572859 0.683261 0.383751 0.624137
0 0.308265 0.777036 0.470848 0.418621
1 0.731947 0.29569 0.423461 0.59138
4 0.911249 0.229944 0.177501 0.459889
4 0.91241 0.618288 0.17518 0.732714
0 0.91241 0.618288 0.17518 0.732714
0 0.221836 0.766076 0.427614 0.44433
4 0.233875 0.279551 0.46775 0.559102
4 0.151749 0.674075 0.303497 0.62956
0 0.0627003 0.32385 0.125401 0.477928
0 0.230415 0.187483 0.460829 0.374966
4 0.614483 0.42319 0.464981 0.846379
0 0.144192 0.815931 0.279521 0.368137
0 0.805946 0.356149 0.262749 0.493276
2 0.342177 0.356504 0.628854 0.713008
0 0.111333 0.347053 0.222667 0.453866
0 0.0962233 0.612246 0.192447 0.519083
4 0.377811 0.802913 0.427681 0.367207
0 0.0502152 0.755239 0.10043 0.489523
0 0.795411 0.690986 0.278088 0.618028
2 0.242479 0.687869 0.456251 0.57741
0 0.315066 0.365528 0.409471 0.731055
4 0.578732 0.779048 0.418303 0.425818
0 0.42185 0.479144 0.300533 0.480953
0 0.0458256 0.593973 0.0916513 0.395401
4 0.237766 0.326814 0.398196 0.636306
4 0.0837798 0.263803 0.16756 0.527606
0 0.237766 0.326814 0.398196 0.636306
2 0.454181 0.756953 0.739975 0.48282
4 0.630211 0.763423 0.656802 0.473155
0 0.578732 0.779048 0.418303 0.425818
3 0.710672 0.793733 0.227056 0.394303
4 0.42185 0.479144 0.300533 0.480953
2 0.831096 0.762513 0.337809 0.449602
4 0.153019 0.3236 0.306038 0.632221
4 0.569227 0.609735 0.213304 0.498868
0 0.398455 0.810125 0.366944 0.379749
4 0.401335 0.572787 0.328828 0.510425
0 0.153019 0.3236 0.306038 0.632221
4 0.275325 0.812467 0.374802 0.363431
0 0.569227 0.609735 0.213304 0.498868
4 0.0627003 0.32385 0.125401 0.477928
0 0.369635 0.57613 0.310323 0.540136
0 0.633462 0.622602 0.225776 0.574507
4 0.36039 0.447897 0.308201 0.518088
0 0.169317 0.82096 0.329499 0.346294
2 0.292401 0.572335 0.317685 0.601969
4 0.46861 0.669935 0.413139 0.575855
1 0.831332 0.525613 0.307569 0.926937
