0 0.500109 0.534885 0.0412278 0.0484714
0 0.475539 0.515681 0.102076 0.148823
0 0.732286 0.757962 0.535428 0.475293
0 0.532356 0.0357448 0.935288 0.0714896
0 0.451175 0.64895 0.148741 0.448604
0 0.68358 0.253488 0.632839 0.506976
0 0.526656 0.271696 0.945934 0.543393
0 0.53366 0.612926 0.119654 0.349566
0 0.354594 0.754232 0.591724 0.484762
0 0.824361 0.253298 0.351277 0.506201
0 0.574188 0.061276 0.851624 0.122552
0 0.375584 0.0310428 0.751169 0.0620856
3 0.785267 0.268127 0.429467 0.536253
0 0.613408 0.181028 0.773185 0.362056
3 0.168885 0.5 0.336507 1
0 0.174392 0.769948 0.346774 0.445421
3 0.912622 0.481707 0.174755 0.663812
4 0.68358 0.253488 0.632839 0.506976
3 0.198706 0.379278 0.393494 0.758556
3 0.549137 0.476386 0.860556 0.952773
0 0.809853 0.502037 0.380294 0.995927
3 0.940278 0.396073 0.119445 0.768849
3 0.116787 0.46885 0.232305 0.91027
3 0.90243 0.740021 0.195139 0.519958
0 0.26166 0.755763 0.493764 0.4787
3 0.947218 0.407696 0.105564 0.483398
3 0.865996 0.75919 0.268009 0.476095
0 0.558192 0.736752 0.727147 0.526496
0 0.500629 0.433799 0.751024 0.867599
0 0.84159 0.766782 0.31682 0.466435
0 0.21973 0.124475 0.43946 0.248949
3 0.721266 0.74515 0.542393 0.5097
3 0.842042 0.747889 0.315917 0.504221
4 0.706633 0.755281 0.586498 0.47565
4 0.535663 0.292411 0.925401 0.584823
3 0.713382 0.121398 0.573236 0.242795
0 0.422856 0.683435 0.324756 0.619972
3 0.462658 0.503061 0.172139 0.259499
3 0.76048 0.49823 0.479041 0.996459
3 0.835008 0.44788 0.329983 0.877563
3 0.934632 0.761856 0.130737 0.476287
0 0.0963708 0.83161 0.192742 0.325002
3 0.253841 0.710988 0.484544 0.549151
3 0.20887 0.784644 0.368321 0.430712
3 0.264082 0.760046 0.333104 0.479908
0 0.443764 0.723222 0.261932 0.529177
4 0.574188 0.061276 0.851624 0.122552
0 0.119795 0.79642 0.238972 0.396017
3 0.174606 0.232917 0.347421 0.446018
0 0.295745 0.0461081 0.591489 0.0922163
4 0.532356 0.0357448 0.935288 0.0714896
4 0.806817 0.246191 0.386366 0.487489
3 0.21973 0.124475 0.43946 0.248949
3 0.426655 0.739536 0.34938 0.520927
0 0.462658 0.503061 0.172139 0.259499
0 0.767359 0.074201 0.465282 0.148402
3 0.49345 0.744371 0.321231 0.511257
0 0.94512 0.719413 0.10976 0.379496
0 0.374535 0.289473 0.685004 0.578946
3 0.658371 0.297441 0.683257 0.594881
3 0.842933 0.245836 0.314133 0.491542
3 0.29924 0.5 0.580383 1
3 0.0249696 0.771353 0.0499392 0.457294
0 0.120553 0.711769 0.237688 0.560157
3 0.0374563 0.247234 0.0749126 0.494468
3 0.937152 0.761261 0.125696 0.477479
3 0.149479 0.805103 0.288313 0.389794
3 0.132627 0.624997 0.264137 0.74103
3 0.948874 0.516266 0.102251 0.190027
0 0.646245 0.687539 0.389897 0.616604
3 0.69224 0.733971 0.615519 0.510938
3 0.361136 0.736277 0.340809 0.527445
3 0.93653 0.28215 0.12694 0.548587
3 0.147907 0.227745 0.295815 0.45549
3 0.154565 0.76094 0.30599 0.465004
3 0.475539 0.515681 0.102076 0.148823
3 0.450935 0.442462 0.197258 0.853491
4 0.864689 0.489419 0.270622 0.953647
3 0.100741 0.697248 0.198863 0.571216
3 0.397162 0.469248 0.70594 0.938497
3 0.26663 0.33429 0.526942 0.66832
4 0.797599 0.765042 0.404801 0.463768
4 0.613408 0.181028 0.773185 0.362056
3 0.665769 0.523797 0.666329 0.952405
3 0.295745 0.0461081 0.591489 0.0922163
3 0.94512 0.719413 0.10976 0.379496
3 0.515966 0.0270158 0.947492 0.0540316
3 0.580219 0.737535 0.351429 0.52493
0 0.912622 0.481707 0.174755 0.663812
4 0.662975 0.492474 0.674051 0.984947
3 0.0219361 0.664161 0.0438722 0.669382
3 0.787619 0.753813 0.424762 0.477544
0 0.713382 0.121398 0.573236 0.242795
0 0.021409 0.567981 0.0428179 0.559135
0 0.372675 0.450989 0.732445 0.901978
3 0.915223 0.243985 0.169555 0.487971
0 0.662975 0.492474 0.674051 0.984947
3 0.0299431 0.31942 0.0598863 0.577019
4 0.243049 0.756064 0.468395 0.476509
3 0.0315537 0.817262 0.0631075 0.365476
4 0.500629 0.433799 0.751024 0.867599
3 0.320368 0.586047 0.421327 0.827905
0 0.864689 0.489419 0.270622 0.953647
4 0.807541 0.492277 0.384919 0.984555
3 0.574188 0.061276 0.851624 0.122552
3 0.443764 0.723222 0.261932 0.529177
0 0.528194 0.727501 0.335012 0.529299
3 0.565127 0.267899 0.869746 0.535798
3 0.613408 0.181028 0.773185 0.362056
0 0.0244269 0.399998 0.0488538 0.525982
0 0.219421 0.236861 0.428261 0.462428
4 0.154565 0.76094 0.30599 0.465004
0 0.932456 0.770478 0.135088 0.459043
0 0.280409 0.0919245 0.560817 0.183849
3 0.407985 0.763403 0.474665 0.464332
4 0.512338 0.21965 0.932263 0.439299
3 0.222639 0.256564 0.438412 0.512977
3 0.0256613 0.710263 0.0513226 0.579474
4 0.387713 0.750355 0.558589 0.483804
4 0.934632 0.761856 0.130737 0.476287
0 0.915223 0.243985 0.169555 0.487971
4 0.865996 0.75919 0.268009 0.476095
3 0.0502412 0.403403 0.100482 0.531107
3 0.0244269 0.399998 0.0488538 0.525982
0 0.450935 0.442462 0.197258 0.853491
4 0.915223 0.243985 0.169555 0.487971
0 0.320368 0.586047 0.421327 0.827905
3 0.767359 0.074201 0.465282 0.148402
4 0.912622 0.481707 0.174755 0.663812
4 0.475539 0.515681 0.102076 0.148823
3 0.0685226 0.278296 0.137045 0.502098
3 0.375584 0.0310428 0.751169 0.0620856
0 0.0210345 0.644162 0.042069 0.693397
4 0.237432 0.235053 0.473617 0.470105
0 0.948874 0.516266 0.102251 0.190027
3 0.371765 0.267077 0.667699 0.534155
4 0.947218 0.407696 0.105564 0.483398
4 0.90243 0.740021 0.195139 0.519958
4 0.842042 0.747889 0.315917 0.504221
0 0.93653 0.28215 0.12694 0.548587
3 0.53366 0.612926 0.119654 0.349566
3 0.280409 0.0919245 0.560817 0.183849
3 0.524257 0.407323 0.201777 0.685903
4 0.149479 0.805103 0.288313 0.389794
4 0.374535 0.289473 0.685004 0.578946
4 0.94512 0.719413 0.10976 0.379496
3 0.528194 0.727501 0.335012 0.529299
3 0.021409 0.567981 0.0428179 0.559135
4 0.930838 0.768466 0.138324 0.463067
4 0.375584 0.0310428 0.751169 0.0620856
4 0.372675 0.450989 0.732445 0.901978
2 0.422856 0.683435 0.324756 0.619972
4 0.656313 0.736932 0.486471 0.526136
1 0.684252 0.755641 0.580895 0.472709
4 0.93653 0.28215 0.12694 0.548587
4 0.426655 0.739536 0.34938 0.520927
4 0.771211 0.747862 0.455983 0.504277
1 0.859067 0.762588 0.281866 0.474824
3 0.0729041 0.739007 0.145808 0.511335
0 0.524257 0.407323 0.201777 0.685903
4 0.492771 0.761632 0.600379 0.463765
4 0.116787 0.46885 0.232305 0.91027
4 0.20887 0.784644 0.368321 0.430712
0 0.279275 0.255498 0.553605 0.510997
4 0.60955 0.762886 0.510338 0.459293
4 0.462658 0.503061 0.172139 0.259499
4 0.264082 0.760046 0.333104 0.479908
4 0.163849 0.35006 0.326467 0.692726
4 0.948874 0.516266 0.102251 0.190027
3 0.248591 0.771152 0.381776 0.456239
3 0.129397 0.266369 0.258794 0.513599
4 0.49345 0.744371 0.321231 0.511257
0 0.934632 0.761856 0.130737 0.476287
4 0.767359 0.074201 0.465282 0.148402
0 0.3975 0.23724 0.789991 0.474479
4 0.21973 0.124475 0.43946 0.248949
3 0.451175 0.64895 0.148741 0.448604
1 0.143297 0.789764 0.281889 0.410035
4 0.0299431 0.31942 0.0598863 0.577019
4 0.17327 0.175825 0.346541 0.346294
3 0.646245 0.687539 0.389897 0.616604
4 0.321564 0.742482 0.315383 0.515037
3 0.112393 0.802301 0.224335 0.385577
0 0.625012 0.760866 0.519081 0.466067
0 0.842042 0.747889 0.315917 0.504221
1 0.204435 0.773835 0.403614 0.439703
4 0.0315537 0.817262 0.0631075 0.365476
4 0.0729041 0.739007 0.145808 0.511335
0 0.0315537 0.817262 0.0631075 0.365476
0 0.0258815 0.799141 0.051763 0.401718
4 0.0244269 0.399998 0.0488538 0.525982
0 0.947218 0.407696 0.105564 0.483398
4 0.580219 0.737535 0.351429 0.52493
0 0.0299431 0.31942 0.0598863 0.577019
4 0.0685226 0.278296 0.137045 0.502098
4 0.713382 0.121398 0.573236 0.242795
4 0.528194 0.727501 0.335012 0.529299
0 0.90243 0.740021 0.195139 0.519958
4 0.119795 0.79642 0.238972 0.396017
4 0.646245 0.687539 0.389897 0.616604
4 0.53366 0.612926 0.119654 0.349566
3 0.0507003 0.600812 0.101401 0.373664
4 0.33806 0.764746 0.407508 0.460877
3 0.422856 0.683435 0.324756 0.619972
4 0.451175 0.64895 0.148741 0.448604
0 0.0256613 0.710263 0.0513226 0.579474
0 0.0729041 0.739007 0.145808 0.511335
1 0.79957 0.759508 0.400859 0.470921
3 0.715721 0.246126 0.568558 0.492253
2 0.528194 0.727501 0.335012 0.529299
2 0.443764 0.723222 0.261932 0.529177
0 0.147907 0.227745 0.295815 0.45549
4 0.940278 0.396073 0.119445 0.768849
4 0.422856 0.683435 0.324756 0.619972
4 0.280409 0.0919245 0.560817 0.183849
4 0.168885 0.5 0.336507 1
4 0.147907 0.227745 0.295815 0.45549
2 0.340339 0.694898 0.53053 0.59165
3 0.49036 0.732221 0.770613 0.535558
0 0.0374563 0.247234 0.0749126 0.494468
4 0.295745 0.0461081 0.591489 0.0922163
3 0.340339 0.694898 0.53053 0.59165
4 0.0502412 0.403403 0.100482 0.531107
0 0.771211 0.747862 0.455983 0.504277
1 0.558192 0.736752 0.727147 0.526496
4 0.169675 0.244375 0.337953 0.488749
0 0.137242 0.232824 0.274484 0.441351
4 0.524257 0.407323 0.201777 0.685903
0 0.580219 0.737535 0.351429 0.52493
4 0.120553 0.711769 0.237688 0.560157
0 0.0502412 0.403403 0.100482 0.531107
4 0.0256613 0.710263 0.0513226 0.579474
4 0.340339 0.694898 0.53053 0.59165
0 0.0507003 0.600812 0.101401 0.373664
4 0.0219361 0.664161 0.0438722 0.669382
4 0.26663 0.33429 0.526942 0.66832
4 0.0258815 0.799141 0.051763 0.401718
4 0.0374563 0.247234 0.0749126 0.494468
1 0.0963708 0.83161 0.192742 0.325002
2 0.423464 0.756394 0.585322 0.486044
4 0.443764 0.723222 0.261932 0.529177
4 0.274002 0.5 0.547057 1
0 0.656313 0.736932 0.486471 0.526136
0 0.116787 0.46885 0.232305 0.91027
4 0.320368 0.586047 0.421327 0.827905
2 0.53366 0.612926 0.119654 0.349566
4 0.49036 0.732221 0.770613 0.535558
2 0.258179 0.75114 0.486795 0.478873
0 0.940278 0.396073 0.119445 0.768849
4 0.021409 0.567981 0.0428179 0.559135
1 0.806817 0.246191 0.386366 0.487489
2 0.558192 0.736752 0.727147 0.526496
2 0.475539 0.515681 0.102076 0.148823
1 0.443764 0.723222 0.261932 0.529177
2 0.691891 0.733959 0.519937 0.522603
1 0.353087 0.749247 0.5974 0.483678
1 0.198706 0.379278 0.393494 0.758556
4 0.0963708 0.83161 0.192742 0.325002
4 0.132627 0.624997 0.264137 0.74103
4 0.450935 0.442462 0.197258 0.853491
1 0.715721 0.246126 0.568558 0.492253
0 0.274002 0.5 0.547057 1
0 0.426655 0.739536 0.34938 0.520927
2 0.797599 0.765042 0.404801 0.463768
0 0.49345 0.744371 0.321231 0.511257
2 0.462658 0.503061 0.172139 0.259499
2 0.120553 0.711769 0.237688 0.560157
2 0.105748 0.814852 0.211495 0.370296
2 0.451175 0.64895 0.148741 0.448604
1 0.937152 0.761261 0.125696 0.477479
0 0.264082 0.760046 0.333104 0.479908
0 0.321564 0.742482 0.315383 0.515037
2 0.450935 0.442462 0.197258 0.853491
0 0.0685226 0.278296 0.137045 0.502098
2 0.940278 0.396073 0.119445 0.768849
0 0.300221 0.768672 0.345324 0.456264
0 0.132627 0.624997 0.264137 0.74103
2 0.646245 0.687539 0.389897 0.616604
4 0.0507003 0.600812 0.101401 0.373664
2 0.0507003 0.600812 0.101401 0.373664
2 0.154565 0.76094 0.30599 0.465004
2 0.93653 0.28215 0.12694 0.548587
2 0.932456 0.770478 0.135088 0.459043
1 0.535663 0.292411 0.925401 0.584823
3 0.60955 0.762886 0.510338 0.459293
1 0.475539 0.515681 0.102076 0.148823
2 0.17327 0.175825 0.346541 0.346294
2 0.94512 0.719413 0.10976 0.379496
2 0.0729041 0.739007 0.145808 0.511335
2 0.426655 0.739536 0.34938 0.520927
0 0.17327 0.175825 0.346541 0.346294
2 0.49345 0.744371 0.321231 0.511257
0 0.20887 0.784644 0.368321 0.430712
1 0.462658 0.503061 0.172139 0.259499
2 0.196517 0.232438 0.393033 0.464877
2 0.274002 0.5 0.547057 1
2 0.934632 0.761856 0.130737 0.476287
2 0.806817 0.246191 0.386366 0.487489
1 0.300221 0.768672 0.345324 0.456264
2 0.665769 0.523797 0.666329 0.952405
0 0.500124 0.53491 0.0412286 0.0484542
0 0.475521 0.515814 0.10222 0.148823
0 0.733259 0.758027 0.533483 0.475244
0 0.451251 0.648745 0.14883 0.448138
0 0.532035 0.0353883 0.935929 0.0707766
0 0.682243 0.253655 0.635515 0.50731
0 0.526586 0.27089 0.945821 0.54178
0 0.534256 0.612554 0.118313 0.348043
0 0.354603 0.754236 0.592125 0.484849
0 0.824319 0.253796 0.351362 0.507055
0 0.574181 0.060801 0.851638 0.121602
3 0.785219 0.268079 0.429562 0.536158
0 0.375571 0.0311594 0.751143 0.0623187
3 0.168583 0.5 0.335941 1
0 0.613467 0.175874 0.773066 0.351748
3 0.915927 0.481561 0.168147 0.637728
3 0.198598 0.380204 0.393275 0.760407
4 0.682243 0.253655 0.635515 0.50731
0 0.174401 0.769924 0.346786 0.445456
3 0.548691 0.477887 0.860518 0.955774
3 0.940337 0.394687 0.119325 0.765007
3 0.116575 0.468463 0.231924 0.908783
3 0.90231 0.739873 0.195381 0.520254
3 0.947233 0.408848 0.105533 0.475629
0 0.809736 0.502111 0.380528 0.995777
0 0.261718 0.755792 0.493752 0.478709
3 0.867275 0.759492 0.26545 0.474971
3 0.721159 0.745054 0.542645 0.509892
0 0.499389 0.434675 0.748337 0.86935
0 0.557971 0.735833 0.724 0.528333
3 0.841921 0.747839 0.316157 0.504323
0 0.841669 0.766845 0.316661 0.46631
0 0.219415 0.124643 0.43883 0.249286
4 0.706738 0.755319 0.586266 0.475522
3 0.713427 0.12025 0.573146 0.2405
4 0.535366 0.292619 0.925851 0.585239
3 0.462698 0.503555 0.172557 0.260686
0 0.422769 0.683776 0.326045 0.619341
3 0.835156 0.447992 0.329688 0.877493
3 0.761169 0.49825 0.477661 0.9965
3 0.93461 0.76176 0.13078 0.47648
3 0.208882 0.784592 0.367829 0.430815
3 0.253896 0.7112 0.484352 0.54881
3 0.264386 0.75991 0.332692 0.48018
3 0.174551 0.232918 0.347288 0.445891
4 0.574181 0.060801 0.851638 0.121602
0 0.0963676 0.831165 0.192735 0.325885
4 0.532035 0.0353883 0.935929 0.0707766
3 0.219415 0.124643 0.43883 0.249286
4 0.806547 0.246488 0.386906 0.487975
3 0.42679 0.739522 0.350112 0.520957
0 0.444363 0.72319 0.261196 0.529407
0 0.295423 0.0462671 0.590847 0.0925343
0 0.119844 0.795584 0.239058 0.397693
3 0.493517 0.744459 0.321931 0.511082
0 0.462698 0.503555 0.172557 0.260686
0 0.767549 0.0739546 0.464903 0.147909
0 0.945121 0.715904 0.109758 0.370949
3 0.656344 0.299006 0.687311 0.598012
3 0.843077 0.246408 0.313847 0.492554
3 0.299418 0.5 0.580586 1
3 0.025239 0.771313 0.050478 0.457374
0 0.374805 0.28968 0.684505 0.579359
3 0.0372804 0.247381 0.0745608 0.494763
3 0.149548 0.805037 0.288286 0.389925
3 0.937182 0.761528 0.125637 0.476943
0 0.120512 0.71197 0.237614 0.559967
3 0.132376 0.62859 0.263662 0.733967
3 0.94882 0.517073 0.102361 0.186141
3 0.692618 0.733797 0.614763 0.511406
3 0.361476 0.736183 0.341237 0.527634
3 0.146335 0.22753 0.292671 0.455061
3 0.936584 0.28262 0.126831 0.549184
0 0.644326 0.688394 0.382882 0.614881
3 0.15454 0.761074 0.305918 0.46485
3 0.475521 0.515814 0.10222 0.148823
3 0.45094 0.442177 0.197885 0.854762
3 0.26661 0.335521 0.526898 0.670598
3 0.10054 0.697348 0.198452 0.57029
4 0.865805 0.489114 0.26839 0.951271
3 0.397602 0.469535 0.705382 0.939071
4 0.797646 0.765142 0.404707 0.463663
3 0.667053 0.523056 0.663639 0.953889
3 0.295423 0.0462671 0.590847 0.0925343
4 0.613467 0.175874 0.773066 0.351748
3 0.515982 0.0269206 0.947296 0.0538412
4 0.661129 0.493346 0.677742 0.986692
3 0.580062 0.737628 0.352584 0.524745
3 0.945121 0.715904 0.109758 0.370949
3 0.02212 0.664089 0.04424 0.669704
3 0.78803 0.754072 0.423941 0.477229
0 0.915927 0.481561 0.168147 0.637728
3 0.915356 0.24396 0.169287 0.48792
4 0.243054 0.756157 0.468291 0.476389
3 0.0299265 0.319689 0.0598529 0.576599
4 0.499389 0.434675 0.748337 0.86935
3 0.0316305 0.81696 0.063261 0.36608
3 0.320416 0.586061 0.421563 0.827878
0 0.0214198 0.567962 0.0428395 0.553877
0 0.713427 0.12025 0.573146 0.2405
0 0.37297 0.452177 0.732862 0.904354
4 0.80754 0.492386 0.384921 0.984771
0 0.530939 0.366005 0.929161 0.73201
3 0.444363 0.72319 0.261196 0.529407
3 0.574181 0.060801 0.851638 0.121602
3 0.613467 0.175874 0.773066 0.351748
0 0.661129 0.493346 0.677742 0.986692
3 0.564885 0.267136 0.87023 0.534271
4 0.15454 0.761074 0.305918 0.46485
0 0.865805 0.489114 0.26839 0.951271
0 0.526628 0.727259 0.32701 0.529665
3 0.40854 0.763502 0.475948 0.464132
0 0.0244083 0.400361 0.0488166 0.52212
3 0.222665 0.256868 0.438469 0.513395
4 0.512427 0.215664 0.93038 0.431329
0 0.21951 0.236917 0.428432 0.462339
3 0.0259473 0.710119 0.0518946 0.579762
4 0.387833 0.750377 0.558717 0.48377
0 0.932388 0.770486 0.135223 0.459027
4 0.93461 0.76176 0.13078 0.47648
0 0.280014 0.0923367 0.560028 0.184673
3 0.0500565 0.40431 0.100113 0.525974
4 0.867275 0.759492 0.26545 0.474971
3 0.0244083 0.400361 0.0488166 0.52212
4 0.915356 0.24396 0.169287 0.48792
3 0.767549 0.0739546 0.464903 0.147909
4 0.475521 0.515814 0.10222 0.148823
0 0.915356 0.24396 0.169287 0.48792
4 0.915927 0.481561 0.168147 0.637728
3 0.067718 0.278604 0.135436 0.502056
3 0.375571 0.0311594 0.751143 0.0623187
0 0.45094 0.442177 0.197885 0.854762
4 0.237914 0.235029 0.474559 0.470057
0 0.320416 0.586061 0.421563 0.827878
4 0.947233 0.408848 0.105533 0.475629
3 0.371986 0.267131 0.666849 0.534263
4 0.90231 0.739873 0.195381 0.520254
4 0.841921 0.747839 0.316157 0.504323
3 0.534256 0.612554 0.118313 0.348043
0 0.94882 0.517073 0.102361 0.186141
0 0.0211184 0.644482 0.0422369 0.692401
3 0.280014 0.0923367 0.560028 0.184673
3 0.52431 0.408022 0.201658 0.687084
4 0.149548 0.805037 0.288286 0.389925
4 0.374805 0.28968 0.684505 0.579359
3 0.526628 0.727259 0.32701 0.529665
4 0.945121 0.715904 0.109758 0.370949
3 0.0214198 0.567962 0.0428395 0.553877
4 0.930825 0.768514 0.13835 0.462973
0 0.936584 0.28262 0.126831 0.549184
4 0.37297 0.452177 0.732862 0.904354
2 0.422769 0.683776 0.326045 0.619341
4 0.375571 0.0311594 0.751143 0.0623187
4 0.656254 0.736872 0.488144 0.526255
1 0.683959 0.755819 0.5802 0.472285
4 0.936584 0.28262 0.126831 0.549184
4 0.42679 0.739522 0.350112 0.520957
4 0.771287 0.747786 0.455825 0.504429
3 0.0729772 0.739151 0.145954 0.51117
1 0.858941 0.76261 0.282119 0.474779
4 0.491344 0.761856 0.597374 0.463367
4 0.116575 0.468463 0.231924 0.908783
4 0.462698 0.503555 0.172557 0.260686
4 0.208882 0.784592 0.367829 0.430815
4 0.608684 0.763178 0.509215 0.458779
4 0.264386 0.75991 0.332692 0.48018
0 0.52431 0.408022 0.201658 0.687084
4 0.94882 0.517073 0.102361 0.186141
4 0.163646 0.350817 0.326081 0.694011
3 0.249026 0.771087 0.38093 0.45653
4 0.493517 0.744459 0.321931 0.511082
3 0.129263 0.266805 0.258526 0.51435
4 0.767549 0.0739546 0.464903 0.147909
0 0.279411 0.255576 0.553848 0.511152
3 0.451251 0.648745 0.14883 0.448138
4 0.397839 0.236953 0.790684 0.473907
4 0.219415 0.124643 0.43883 0.249286
3 0.644326 0.688394 0.382882 0.614881
1 0.1433 0.789736 0.281823 0.41015
4 0.172699 0.175706 0.345398 0.345558
4 0.0299265 0.319689 0.0598529 0.576599
4 0.32184 0.742307 0.31556 0.515386
3 0.112412 0.801931 0.224363 0.386333
0 0.93461 0.76176 0.13078 0.47648
4 0.0316305 0.81696 0.063261 0.36608
0 0.397839 0.236953 0.790684 0.473907
4 0.0729772 0.739151 0.145954 0.51117
1 0.204429 0.773718 0.403527 0.439969
4 0.0244083 0.400361 0.0488166 0.52212
0 0.62469 0.761202 0.519207 0.46538
0 0.841921 0.747839 0.316157 0.504323
4 0.580062 0.737628 0.352584 0.524745
0 0.0316305 0.81696 0.063261 0.36608
4 0.067718 0.278604 0.135436 0.502056
0 0.0260189 0.799019 0.0520379 0.401963
4 0.713427 0.12025 0.573146 0.2405
4 0.526628 0.727259 0.32701 0.529665
0 0.947233 0.408848 0.105533 0.475629
4 0.119844 0.795584 0.239058 0.397693
0 0.0299265 0.319689 0.0598529 0.576599
4 0.534256 0.612554 0.118313 0.348043
3 0.050622 0.600182 0.101244 0.372236
4 0.644326 0.688394 0.382882 0.614881
4 0.338824 0.764754 0.409011 0.460886
3 0.422769 0.683776 0.326045 0.619341
4 0.451251 0.648745 0.14883 0.448138
3 0.714193 0.246284 0.571614 0.492568
0 0.90231 0.739873 0.195381 0.520254
1 0.799535 0.759571 0.400929 0.470798
2 0.526628 0.727259 0.32701 0.529665
4 0.940337 0.394687 0.119325 0.765007
2 0.444363 0.72319 0.261196 0.529407
4 0.422769 0.683776 0.326045 0.619341
4 0.280014 0.0923367 0.560028 0.184673
4 0.146335 0.22753 0.292671 0.455061
0 0.0259473 0.710119 0.0518946 0.579762
4 0.168583 0.5 0.335941 1
2 0.34072 0.694976 0.531107 0.591532
0 0.0729772 0.739151 0.145954 0.51117
3 0.489338 0.731793 0.767592 0.536414
4 0.295423 0.0462671 0.590847 0.0925343
0 0.146335 0.22753 0.292671 0.455061
3 0.34072 0.694976 0.531107 0.591532
0 0.0372804 0.247381 0.0745608 0.494763
4 0.0500565 0.40431 0.100113 0.525974
4 0.52431 0.408022 0.201658 0.687084
1 0.557971 0.735833 0.724 0.528333
4 0.169563 0.244597 0.337722 0.489194
0 0.771287 0.747786 0.455825 0.504429
4 0.120512 0.71197 0.237614 0.559967
0 0.137264 0.232688 0.274528 0.441033
4 0.0259473 0.710119 0.0518946 0.579762
4 0.34072 0.694976 0.531107 0.591532
4 0.02212 0.664089 0.04424 0.669704
0 0.580062 0.737628 0.352584 0.524745
4 0.26661 0.335521 0.526898 0.670598
4 0.0260189 0.799019 0.0520379 0.401963
0 0.0500565 0.40431 0.100113 0.525974
4 0.0372804 0.247381 0.0745608 0.494763
0 0.050622 0.600182 0.101244 0.372236
1 0.0963676 0.831165 0.192735 0.325885
2 0.423167 0.756394 0.584719 0.486091
4 0.444363 0.72319 0.261196 0.529407
4 0.274055 0.5 0.547171 1
4 0.320416 0.586061 0.421563 0.827878
2 0.534256 0.612554 0.118313 0.348043
4 0.489338 0.731793 0.767592 0.536414
2 0.258298 0.751118 0.486895 0.478918
4 0.0214198 0.567962 0.0428395 0.553877
0 0.656254 0.736872 0.488144 0.526255
0 0.116575 0.468463 0.231924 0.908783
2 0.557971 0.735833 0.724 0.528333
1 0.806547 0.246488 0.386906 0.487975
2 0.475521 0.515814 0.10222 0.148823
0 0.940337 0.394687 0.119325 0.765007
1 0.444363 0.72319 0.261196 0.529407
2 0.691494 0.733563 0.519405 0.523537
1 0.353239 0.749257 0.597653 0.483677
1 0.198598 0.380204 0.393275 0.760407
4 0.0963676 0.831165 0.192735 0.325885
4 0.45094 0.442177 0.197885 0.854762
4 0.132376 0.62859 0.263662 0.733967
1 0.714193 0.246284 0.571614 0.492568
2 0.797646 0.765142 0.404707 0.463663
0 0.274055 0.5 0.547171 1
0 0.42679 0.739522 0.350112 0.520957
2 0.462698 0.503555 0.172557 0.260686
0 0.493517 0.744459 0.321931 0.511082
2 0.120512 0.71197 0.237614 0.559967
2 0.451251 0.648745 0.14883 0.448138
2 0.105764 0.814319 0.211528 0.371362
1 0.937182 0.761528 0.125637 0.476943
2 0.45094 0.442177 0.197885 0.854762
2 0.940337 0.394687 0.119325 0.765007
4 0.050622 0.600182 0.101244 0.372236
2 0.644326 0.688394 0.382882 0.614881
0 0.264386 0.75991 0.332692 0.48018
2 0.050622 0.600182 0.101244 0.372236
0 0.32184 0.742307 0.31556 0.515386
0 0.067718 0.278604 0.135436 0.502056
2 0.15454 0.761074 0.305918 0.46485
0 0.300639 0.76863 0.345738 0.456453
2 0.936584 0.28262 0.126831 0.549184
0 0.132376 0.62859 0.263662 0.733967
2 0.932388 0.770486 0.135223 0.459027
1 0.535366 0.292619 0.925851 0.585239
3 0.608684 0.763178 0.509215 0.458779
1 0.475521 0.515814 0.10222 0.148823
2 0.172699 0.175706 0.345398 0.345558
2 0.945121 0.715904 0.109758 0.370949
2 0.0729772 0.739151 0.145954 0.51117
2 0.42679 0.739522 0.350112 0.520957
2 0.493517 0.744459 0.321931 0.511082
1 0.462698 0.503555 0.172557 0.260686
2 0.196499 0.232314 0.392999 0.464627
0 0.172699 0.175706 0.345398 0.345558
2 0.806547 0.246488 0.386906 0.487975
2 0.93461 0.76176 0.13078 0.47648
2 0.274055 0.5 0.547171 1
0 0.208882 0.784592 0.367829 0.430815
