0 0.50242 0.654205 0.0750223 0.309299
1 0.501914 0.652867 0.075881 0.307217
0 0.796349 0.771537 0.407301 0.446144
0 0.511664 0.690373 0.0878879 0.373117
0 0.0932169 0.268569 0.0272793 0.0780216
0 0.595506 0.360933 0.0350014 0.0859923
2 0.501914 0.652867 0.075881 0.307217
0 0.24168 0.803436 0.47461 0.368301
0 0.564356 0.391691 0.0765047 0.155093
0 0.490129 0.666847 0.0950735 0.331277
0 0.0947724 0.215874 0.0301972 0.198161
0 0.106679 0.820846 0.212794 0.336769
0 0.169497 0.812245 0.337415 0.356337
4 0.50242 0.654205 0.0750223 0.309299
0 0.546717 0.742314 0.152405 0.480394
0 0.306301 0.746105 0.424901 0.494861
0 0.508408 0.592562 0.0686355 0.442687
3 0.340202 0.74721 0.381529 0.505581
0 0.136267 0.2815 0.0907503 0.12156
3 0.269866 0.346755 0.262966 0.693509
3 0.442137 0.398782 0.329334 0.760158
1 0.511664 0.690373 0.0878879 0.373117
0 0.940572 0.794218 0.118856 0.411564
3 0.522017 0.55742 0.0873983 0.500004
3 0.507685 0.477868 0.13168 0.566427
3 0.41631 0.462585 0.211972 0.531769
0 0.0942151 0.304765 0.029405 0.122681
3 0.208182 0.347623 0.223544 0.6055
3 0.604192 0.754957 0.273514 0.490087
3 0.882066 0.590123 0.235868 0.806152
3 0.50242 0.654205 0.0750223 0.309299
3 0.349589 0.349689 0.3148 0.691492
3 0.644497 0.750646 0.355439 0.498709
3 0.729611 0.330109 0.228286 0.595644
3 0.922803 0.529646 0.154393 0.787549
3 0.436089 0.549336 0.148299 0.493561
0 0.383562 0.735585 0.265323 0.52883
3 0.549746 0.384261 0.176081 0.687908
3 0.323692 0.415029 0.166094 0.488836
3 0.225706 0.297496 0.451411 0.594991
3 0.79887 0.789477 0.401146 0.421046
3 0.158177 0.310267 0.316354 0.620534
0 0.644497 0.750646 0.355439 0.498709
3 0.835784 0.6975 0.328432 0.598426
0 0.324878 0.727858 0.298973 0.53876
3 0.594891 0.394794 0.135351 0.622697
3 0.253771 0.399618 0.184232 0.49517
3 0.675383 0.34481 0.147135 0.508926
0 0.630331 0.466433 0.0924298 0.308734
3 0.782281 0.327045 0.312339 0.65409
3 0.176956 0.40263 0.113402 0.296739
3 0.648189 0.383103 0.130678 0.560607
3 0.662047 0.772428 0.341316 0.455144
3 0.599819 0.320001 0.60055 0.640002
2 0.511664 0.690373 0.0878879 0.373117
3 0.0932169 0.268569 0.0272793 0.0780216
3 0.0942151 0.304765 0.029405 0.122681
3 0.923061 0.39285 0.153878 0.571328
4 0.511664 0.690373 0.0878879 0.373117
0 0.390162 0.488186 0.105883 0.358347
3 0.721778 0.503608 0.20569 0.646802
3 0.708287 0.248246 0.507266 0.496492
3 0.861381 0.325306 0.242864 0.586344
3 0.881253 0.433115 0.208518 0.628185
4 0.546717 0.742314 0.152405 0.480394
3 0.244496 0.440682 0.0794964 0.285839
3 0.503312 0.345023 0.603812 0.690047
0 0.432622 0.723016 0.208212 0.444903
3 0.38615 0.435486 0.13708 0.480266
3 0.34816 0.320322 0.559095 0.640644
3 0.782326 0.547734 0.299068 0.875548
3 0.255341 0.737573 0.48214 0.512202
0 0.597382 0.409805 0.0447325 0.16874
3 0.946538 0.808655 0.106923 0.382691
0 0.0222245 0.68559 0.0444489 0.526698
4 0.787287 0.765271 0.425425 0.442585
3 0.35241 0.456044 0.0786445 0.287471
0 0.436089 0.549336 0.148299 0.493561
3 0.180057 0.471739 0.121608 0.197628
3 0.563253 0.742282 0.198912 0.482039
0 0.100085 0.742645 0.200171 0.487979
3 0.390162 0.488186 0.105883 0.358347
3 0.835683 0.195062 0.328635 0.390123
0 0.592941 0.346924 0.0460033 0.305072
0 0.144473 0.320818 0.0988161 0.14828
3 0.0765721 0.198998 0.149851 0.392685
3 0.161544 0.330872 0.172243 0.549485
3 0.665448 0.459227 0.139503 0.401932
3 0.807564 0.422898 0.30027 0.707823
3 0.603331 0.0534981 0.697999 0.106996
3 0.545029 0.559911 0.103382 0.451007
3 0.210063 0.390617 0.163828 0.444681
3 0.26226 0.818634 0.466502 0.362733
3 0.0687019 0.453319 0.137404 0.382537
3 0.0947724 0.215874 0.0301972 0.198161
3 0.144473 0.320818 0.0988161 0.14828
3 0.686251 0.076535 0.582844 0.15307
3 0.511664 0.690373 0.0878879 0.373117
3 0.132987 0.824434 0.26406 0.351132
0 0.29645 0.468563 0.0867671 0.184708
3 0.10615 0.457499 0.190882 0.259147
0 0.563272 0.121856 0.804365 0.243712
0 0.0213973 0.535107 0.0427947 0.513992
3 0.508237 0.729604 0.25543 0.540792
3 0.677132 0.392152 0.114009 0.482724
0 0.0629548 0.289666 0.0852464 0.157108
3 0.508408 0.592562 0.0686355 0.442687
3 0.476521 0.611263 0.0872171 0.467453
0 0.0797381 0.104268 0.159476 0.208535
3 0.775768 0.223063 0.448464 0.446125
3 0.341972 0.473253 0.104505 0.22394
3 0.789911 0.0804621 0.420178 0.160924
3 0.928784 0.793149 0.142432 0.413701
4 0.83559 0.78234 0.328821 0.435321
0 0.0263532 0.677064 0.0527064 0.617787
3 0.792069 0.625885 0.415862 0.720122
3 0.94729 0.493788 0.105419 0.602044
3 0.943099 0.334178 0.113802 0.476899
0 0.545029 0.559911 0.103382 0.451007
0 0.26226 0.818634 0.466502 0.362733
2 0.0932169 0.268569 0.0272793 0.0780216
3 0.294808 0.449709 0.0762263 0.279733
3 0.563835 0.382381 0.0760895 0.359692
3 0.241285 0.714712 0.303559 0.542174
0 0.0580097 0.754871 0.116019 0.470693
3 0.258861 0.462056 0.0660826 0.148555
3 0.595506 0.360933 0.0350014 0.0859923
0 0.522017 0.55742 0.0873983 0.500004
0 0.558689 0.665672 0.170465 0.409358
0 0.258861 0.462056 0.0660826 0.148555
0 0.739074 0.741103 0.521851 0.507272
3 0.209013 0.199602 0.418026 0.399204
3 0.948174 0.579834 0.103651 0.427996
3 0.100085 0.742645 0.200171 0.487979
3 0.0797381 0.104268 0.159476 0.208535
0 0.174127 0.38875 0.117136 0.362777
0 0.946538 0.808655 0.106923 0.382691
3 0.475001 0.0795919 0.842411 0.159184
3 0.139392 0.165006 0.278784 0.330012
0 0.476521 0.611263 0.0872171 0.467453
3 0.93806 0.733639 0.123881 0.445407
3 0.434242 0.741864 0.267652 0.516272
3 0.0452173 0.335259 0.0904346 0.537683
3 0.943205 0.254655 0.11359 0.439729
3 0.305173 0.164679 0.610346 0.329359
3 0.383562 0.735585 0.265323 0.52883
3 0.337059 0.0974216 0.674117 0.194843
0 0.594891 0.394794 0.135351 0.622697
3 0.541962 0.113268 0.812277 0.226536
3 0.27396 0.23149 0.54792 0.462981
3 0.29645 0.468563 0.0867671 0.184708
0 0.03239 0.399331 0.0647801 0.539326
0 0.181677 0.73571 0.363353 0.505603
3 0.558689 0.665672 0.170465 0.409358
0 0.241285 0.714712 0.303559 0.542174
3 0.929458 0.141374 0.141083 0.282749
3 0.630331 0.466433 0.0924298 0.308734
3 0.597382 0.409805 0.0447325 0.16874
3 0.739074 0.741103 0.521851 0.507272
0 0.312685 0.122714 0.62537 0.245428
3 0.0616586 0.221932 0.123317 0.435928
3 0.399552 0.614626 0.110423 0.487043
0 0.35241 0.456044 0.0786445 0.287471
4 0.946538 0.808655 0.106923 0.382691
3 0.882234 0.0781323 0.235533 0.156265
0 0.563835 0.382381 0.0760895 0.359692
3 0.175988 0.754792 0.351633 0.475725
4 0.571226 0.737293 0.249453 0.525415
3 0.0629548 0.289666 0.0852464 0.157108
0 0.399552 0.614626 0.110423 0.487043
0 0.581457 0.075477 0.761876 0.150954
3 0.0589823 0.270476 0.0976609 0.317922
0 0.341972 0.473253 0.104505 0.22394
3 0.564356 0.391691 0.0765047 0.155093
2 0.546717 0.742314 0.152405 0.480394
3 0.0222245 0.68559 0.0444489 0.526698
1 0.231435 0.816926 0.460133 0.349025
3 0.198682 0.816346 0.392349 0.367308
0 0.603331 0.0534981 0.697999 0.106996
0 0.0857781 0.672896 0.171556 0.48967
0 0.943205 0.254655 0.11359 0.439729
3 0.636003 0.406818 0.0942477 0.445874
0 0.0447289 0.35955 0.0894578 0.537983
1 0.306301 0.746105 0.424901 0.494861
0 0.0537855 0.382231 0.107571 0.362897
3 0.0857781 0.672896 0.171556 0.48967
4 0.796966 0.805156 0.399925 0.389687
0 0.882234 0.0781323 0.235533 0.156265
0 0.45395 0.0687324 0.819726 0.137465
0 0.041986 0.721757 0.083972 0.547698
3 0.133674 0.320505 0.109104 0.469542
4 0.0947724 0.215874 0.0301972 0.198161
2 0.0947724 0.215874 0.0301972 0.198161
4 0.0521352 0.8235 0.10427 0.353
0 0.27396 0.23149 0.54792 0.462981
4 0.0932169 0.268569 0.0272793 0.0780216
0 0.675383 0.34481 0.147135 0.508926
0 0.0765721 0.198998 0.149851 0.392685
0 0.394077 0.339654 0.591502 0.679308
0 0.83559 0.78234 0.328821 0.435321
0 0.349589 0.349689 0.3148 0.691492
0 0.571226 0.737293 0.249453 0.525415
4 0.251171 0.746654 0.489784 0.499978
0 0.294808 0.449709 0.0762263 0.279733
0 0.929458 0.141374 0.141083 0.282749
2 0.432622 0.723016 0.208212 0.444903
4 0.508237 0.729604 0.25543 0.540792
4 0.609818 0.753218 0.280697 0.483449
0 0.384698 0.088933 0.769395 0.177866
3 0.490129 0.666847 0.0950735 0.331277
3 0.0263532 0.677064 0.0527064 0.617787
0 0.648189 0.383103 0.130678 0.560607
0 0.0327264 0.231091 0.0654527 0.462181
3 0.03239 0.399331 0.0647801 0.539326
3 0.0213973 0.535107 0.0427947 0.513992
1 0.813781 0.768432 0.372438 0.459799
3 0.0327264 0.231091 0.0654527 0.462181
0 0.0483792 0.814533 0.0967584 0.366145
4 0.307391 0.805984 0.410008 0.388033
0 0.476492 0.741046 0.173025 0.504918
0 0.139392 0.165006 0.278784 0.330012
0 0.94729 0.493788 0.105419 0.602044
0 0.132987 0.824434 0.26406 0.351132
4 0.132987 0.824434 0.26406 0.351132
0 0.549746 0.384261 0.176081 0.687908
0 0.943099 0.334178 0.113802 0.476899
3 0.0557194 0.404886 0.111439 0.524216
0 0.0589823 0.270476 0.0976609 0.317922
4 0.249131 0.819586 0.476166 0.354999
3 0.592941 0.346924 0.0460033 0.305072
4 0.940572 0.794218 0.118856 0.411564
4 0.198682 0.816346 0.392349 0.367308
3 0.0537855 0.382231 0.107571 0.362897
0 0.0687019 0.453319 0.137404 0.382537
3 0.0616369 0.738393 0.123274 0.448061
0 0.708876 0.070059 0.582248 0.140118
0 0.789911 0.0804621 0.420178 0.160924
3 0.136267 0.2815 0.0907503 0.12156
3 0.0449564 0.774482 0.0899128 0.443819
4 0.434242 0.741864 0.267652 0.516272
4 0.563272 0.121856 0.804365 0.243712
0 0.161544 0.330872 0.172243 0.549485
0 0.133674 0.320505 0.109104 0.469542
4 0.943099 0.334178 0.113802 0.476899
0 0.209013 0.199602 0.418026 0.399204
4 0.0957424 0.825903 0.191485 0.330754
0 0.0616586 0.221932 0.123317 0.435928
4 0.662047 0.772428 0.341316 0.455144
3 0.0521352 0.8235 0.10427 0.353
3 0.648635 0.576259 0.206183 0.48039
0 0.121886 0.30487 0.243773 0.609741
4 0.944939 0.427816 0.110121 0.602683
2 0.39306 0.741775 0.284619 0.475883
3 0.432622 0.723016 0.208212 0.444903
4 0.581457 0.075477 0.761876 0.150954
4 0.592941 0.346924 0.0460033 0.305072
0 0.0521352 0.8235 0.10427 0.353
4 0.34816 0.320322 0.559095 0.640644
0 0.210063 0.390617 0.163828 0.444681
4 0.45395 0.0687324 0.819726 0.137465
0 0.285766 0.304747 0.540719 0.609494
4 0.0483792 0.814533 0.0967584 0.366145
0 0.665448 0.459227 0.139503 0.401932
4 0.595506 0.360933 0.0350014 0.0859923
0 0.244496 0.440682 0.0794964 0.285839
2 0.595506 0.360933 0.0350014 0.0859923
0 0.269866 0.346755 0.262966 0.693509
4 0.929458 0.141374 0.141083 0.282749
4 0.547675 0.334945 0.595996 0.66989
4 0.0765721 0.198998 0.149851 0.392685
4 0.549746 0.384261 0.176081 0.687908
4 0.603331 0.0534981 0.697999 0.106996
2 0.306301 0.746105 0.424901 0.494861
4 0.93806 0.733639 0.123881 0.445407
4 0.594891 0.394794 0.135351 0.622697
0 0.180057 0.471739 0.121608 0.197628
3 0.284667 0.796109 0.426919 0.407782
4 0.943205 0.254655 0.11359 0.439729
1 0.508408 0.592562 0.0686355 0.442687
4 0.882234 0.0781323 0.235533 0.156265
0 0.93806 0.733639 0.123881 0.445407
3 0.476492 0.741046 0.173025 0.504918
2 0.0537855 0.382231 0.107571 0.362897
4 0.248297 0.28685 0.496594 0.5737
2 0.0942151 0.304765 0.029405 0.122681
4 0.508408 0.592562 0.0686355 0.442687
0 0.208182 0.347623 0.223544 0.6055
4 0.789911 0.0804621 0.420178 0.160924
4 0.476492 0.741046 0.173025 0.504918
0 0.0626348 0.587466 0.12527 0.391923
4 0.337059 0.0974216 0.674117 0.194843
4 0.0797381 0.104268 0.159476 0.208535
0 0.508237 0.729604 0.25543 0.540792
0 0.434242 0.741864 0.267652 0.516272
1 0.0957424 0.825903 0.191485 0.330754
3 0.0626348 0.587466 0.12527 0.391923
4 0.432622 0.723016 0.208212 0.444903
4 0.762905 0.692106 0.47419 0.589855
4 0.0263532 0.677064 0.0527064 0.617787
4 0.648189 0.383103 0.130678 0.560607
0 0.502431 0.654195 0.0750072 0.309236
1 0.501928 0.652862 0.0758638 0.307167
0 0.796368 0.771609 0.407263 0.446049
0 0.511671 0.690428 0.0879021 0.37317
0 0.0932311 0.268557 0.0272901 0.0779962
0 0.595539 0.360772 0.0350405 0.0856567
2 0.501928 0.652862 0.0758638 0.307167
0 0.241645 0.803588 0.474562 0.368046
0 0.564384 0.391664 0.0765125 0.155036
0 0.490118 0.667056 0.0950552 0.331686
0 0.0947874 0.215862 0.0302146 0.198125
0 0.107095 0.820825 0.21363 0.336838
4 0.502431 0.654195 0.0750072 0.309236
0 0.169342 0.812308 0.337114 0.356272
0 0.546451 0.742324 0.151845 0.48031
0 0.306192 0.746096 0.424855 0.494848
3 0.340094 0.74722 0.381648 0.50556
0 0.50842 0.592527 0.0685856 0.44242
3 0.269842 0.34676 0.262554 0.69352
0 0.136203 0.281427 0.0908835 0.121365
3 0.44219 0.39886 0.3292 0.760135
1 0.511671 0.690428 0.0879021 0.37317
3 0.522054 0.557385 0.0873824 0.499897
3 0.507551 0.477905 0.132031 0.566458
3 0.416289 0.462412 0.211756 0.531054
0 0.940572 0.794245 0.118855 0.411509
3 0.208229 0.347634 0.223167 0.6055
0 0.0942282 0.304806 0.029427 0.122602
3 0.604237 0.754913 0.273372 0.490173
3 0.881834 0.590424 0.236331 0.805851
3 0.502431 0.654195 0.0750072 0.309236
3 0.349684 0.349592 0.314404 0.691055
3 0.643389 0.750661 0.353174 0.498678
3 0.729576 0.33023 0.227088 0.594294
3 0.436084 0.549109 0.148166 0.492989
3 0.922829 0.529917 0.154342 0.78792
3 0.549455 0.384362 0.17649 0.687973
3 0.324439 0.41464 0.16424 0.486646
3 0.225666 0.297897 0.451332 0.595794
0 0.383586 0.735594 0.265099 0.528812
3 0.79889 0.789597 0.401099 0.420807
3 0.157996 0.310381 0.315991 0.620762
3 0.835356 0.697735 0.329289 0.598076
3 0.594879 0.394843 0.135096 0.622348
3 0.253796 0.399293 0.183751 0.494133
3 0.675834 0.344905 0.14584 0.5077
3 0.782289 0.326989 0.311938 0.653979
0 0.643389 0.750661 0.353174 0.498678
3 0.17703 0.402586 0.113485 0.296149
0 0.324846 0.727916 0.298296 0.538603
3 0.648563 0.383041 0.12958 0.55981
3 0.662064 0.772371 0.340876 0.455258
3 0.59993 0.319928 0.599608 0.639856
0 0.630453 0.466054 0.0921944 0.307921
2 0.511671 0.690428 0.0879021 0.37317
3 0.0932311 0.268557 0.0272901 0.0779962
3 0.0942282 0.304806 0.029427 0.122602
3 0.923094 0.392965 0.153811 0.571501
4 0.511671 0.690428 0.0879021 0.37317
3 0.721807 0.502797 0.20504 0.643822
3 0.708592 0.248855 0.506622 0.49771
3 0.861512 0.325446 0.242558 0.58651
3 0.881329 0.433218 0.208418 0.628216
4 0.546451 0.742324 0.151845 0.48031
3 0.244921 0.440535 0.0787403 0.285135
0 0.390193 0.487673 0.105587 0.35725
3 0.503338 0.345119 0.603433 0.690239
3 0.386161 0.435069 0.136593 0.478897
3 0.348279 0.320432 0.558585 0.640865
3 0.782315 0.547793 0.298815 0.874969
3 0.255412 0.737562 0.482015 0.51223
0 0.432559 0.723412 0.208292 0.44564
3 0.94654 0.808799 0.106919 0.382402
4 0.787372 0.765283 0.425256 0.442665
3 0.352526 0.455662 0.0783444 0.286651
0 0.597432 0.409632 0.0447529 0.168369
3 0.180199 0.471449 0.121511 0.196532
3 0.563049 0.742542 0.19849 0.482408
3 0.390193 0.487673 0.105587 0.35725
3 0.835851 0.195701 0.328299 0.391401
0 0.0222054 0.685902 0.0444108 0.526086
3 0.076565 0.199221 0.149832 0.392984
3 0.161569 0.330842 0.172375 0.549893
3 0.665741 0.459401 0.13886 0.400411
0 0.436084 0.549109 0.148166 0.492989
0 0.100012 0.742757 0.200025 0.487806
3 0.807517 0.42296 0.300301 0.707714
3 0.603406 0.0540185 0.697868 0.108037
0 0.144392 0.320838 0.0989891 0.1481
0 0.593006 0.346215 0.045957 0.303029
3 0.545047 0.559817 0.103458 0.450738
3 0.210096 0.390448 0.163755 0.444403
3 0.262303 0.818611 0.466252 0.362779
3 0.0687197 0.453579 0.137439 0.382383
3 0.0947874 0.215862 0.0302146 0.198125
3 0.144392 0.320838 0.0989891 0.1481
3 0.686421 0.0771098 0.582379 0.15422
3 0.133087 0.824448 0.264268 0.351104
3 0.106166 0.457513 0.190826 0.258633
3 0.511671 0.690428 0.0879021 0.37317
3 0.508152 0.72956 0.255249 0.54088
3 0.677351 0.392259 0.1136 0.482211
0 0.296534 0.468272 0.0862249 0.183499
3 0.476514 0.611072 0.0871279 0.466867
3 0.50842 0.592527 0.0685856 0.44242
3 0.77588 0.223736 0.448239 0.447473
0 0.563442 0.123406 0.804114 0.246813
3 0.342101 0.472784 0.104062 0.222503
3 0.790036 0.0808758 0.419928 0.161752
3 0.928699 0.793146 0.142603 0.413707
4 0.835575 0.782365 0.32885 0.435271
0 0.0213532 0.535443 0.0427064 0.512913
3 0.792572 0.626217 0.414856 0.71956
3 0.947329 0.494325 0.105342 0.601606
3 0.943117 0.334341 0.113765 0.477014
0 0.0629804 0.289762 0.0852075 0.157161
3 0.294946 0.449359 0.0755781 0.278928
2 0.0932311 0.268557 0.0272901 0.0779962
0 0.0792846 0.104602 0.158569 0.209203
3 0.563872 0.381828 0.0760764 0.358397
3 0.241323 0.714535 0.299665 0.541247
0 0.0263657 0.677199 0.0527314 0.617647
3 0.259086 0.461723 0.0656549 0.147573
3 0.595539 0.360772 0.0350405 0.0856567
0 0.545047 0.559817 0.103458 0.450738
0 0.262303 0.818611 0.466252 0.362779
0 0.0580582 0.755006 0.116116 0.470562
3 0.208443 0.200273 0.416887 0.400547
3 0.948201 0.580165 0.103598 0.427305
0 0.522054 0.557385 0.0873824 0.499897
3 0.0792846 0.104602 0.158569 0.209203
3 0.100012 0.742757 0.200025 0.487806
0 0.558715 0.66617 0.170446 0.410428
3 0.474961 0.0803073 0.841365 0.160615
3 0.138566 0.165548 0.277133 0.331097
0 0.259086 0.461723 0.0656549 0.147573
3 0.938045 0.733781 0.123911 0.445388
3 0.045193 0.335463 0.090386 0.537591
3 0.434122 0.741801 0.267561 0.516398
3 0.943212 0.255009 0.113576 0.44094
0 0.739086 0.741135 0.521828 0.507287
0 0.174107 0.388794 0.117382 0.362799
0 0.94654 0.808799 0.106919 0.382402
3 0.304935 0.166183 0.609871 0.332367
0 0.476514 0.611072 0.0871279 0.466867
3 0.383586 0.735594 0.265099 0.528812
3 0.336625 0.0981458 0.67325 0.196292
3 0.542019 0.114432 0.811708 0.228863
3 0.273637 0.232588 0.547274 0.465175
3 0.296534 0.468272 0.0862249 0.183499
3 0.558715 0.66617 0.170446 0.410428
3 0.929666 0.14172 0.140668 0.28344
3 0.630453 0.466054 0.0921944 0.307921
3 0.597432 0.409632 0.0447529 0.168369
3 0.739086 0.741135 0.521828 0.507287
0 0.594879 0.394843 0.135096 0.622348
3 0.39966 0.61396 0.109931 0.485298
0 0.180871 0.735785 0.361743 0.505469
0 0.0323274 0.399676 0.0646548 0.538558
3 0.0616757 0.222413 0.123351 0.436796
0 0.241323 0.714535 0.299665 0.541247
4 0.94654 0.808799 0.106919 0.382402
3 0.882521 0.0784063 0.234958 0.156813
0 0.312326 0.123664 0.624651 0.247328
3 0.175561 0.754911 0.350796 0.475548
3 0.0629804 0.289762 0.0852075 0.157161
4 0.571074 0.737261 0.249277 0.525479
3 0.0589965 0.270724 0.097661 0.318497
3 0.564384 0.391664 0.0765125 0.155036
0 0.352526 0.455662 0.0783444 0.286651
2 0.546451 0.742324 0.151845 0.48031
3 0.0222054 0.685902 0.0444108 0.526086
1 0.231302 0.817047 0.45988 0.34886
3 0.198463 0.816459 0.391922 0.367082
0 0.39966 0.61396 0.109931 0.485298
0 0.563872 0.381828 0.0760764 0.358397
0 0.581584 0.0767526 0.761813 0.153505
0 0.342101 0.472784 0.104062 0.222503
3 0.636205 0.40684 0.0937088 0.444848
1 0.306192 0.746096 0.424855 0.494848
3 0.0858035 0.673174 0.171607 0.489963
4 0.796986 0.805274 0.399862 0.389451
0 0.603406 0.0540185 0.697868 0.108037
0 0.0858035 0.673174 0.171607 0.489963
0 0.943212 0.255009 0.113576 0.44094
3 0.133651 0.320556 0.109181 0.469776
0 0.0446868 0.359745 0.0893736 0.537684
4 0.0523017 0.823538 0.104603 0.352923
4 0.0947874 0.215862 0.0302146 0.198125
2 0.0947874 0.215862 0.0302146 0.198125
4 0.0932311 0.268557 0.0272901 0.0779962
0 0.0537893 0.382563 0.107579 0.362858
0 0.882521 0.0784063 0.234958 0.156813
0 0.45379 0.0693628 0.818964 0.138726
0 0.0420688 0.721731 0.0841375 0.547718
4 0.251211 0.746438 0.489782 0.500478
0 0.273637 0.232588 0.547274 0.465175
0 0.675834 0.344905 0.14584 0.5077
4 0.609824 0.753194 0.280581 0.483595
3 0.490118 0.667056 0.0950552 0.331686
4 0.508152 0.72956 0.255249 0.54088
2 0.432559 0.723412 0.208292 0.44564
0 0.076565 0.199221 0.149832 0.392984
0 0.624879 0.461092 0.11351 0.256614
3 0.0263657 0.677199 0.0527314 0.617647
0 0.39428 0.33975 0.590652 0.6795
0 0.835575 0.782365 0.32885 0.435271
0 0.349684 0.349592 0.314404 0.691055
0 0.294946 0.449359 0.0755781 0.278928
0 0.571074 0.737261 0.249277 0.525479
0 0.929666 0.14172 0.140668 0.28344
3 0.0323274 0.399676 0.0646548 0.538558
3 0.0213532 0.535443 0.0427064 0.512913
3 0.0327573 0.231483 0.0655147 0.462966
1 0.813725 0.768478 0.37255 0.459794
4 0.307611 0.805937 0.409268 0.388126
0 0.384249 0.0895587 0.768498 0.179117
0 0.648563 0.383041 0.12958 0.55981
0 0.0327573 0.231483 0.0655147 0.462966
4 0.133087 0.824448 0.264268 0.351104
0 0.0485516 0.814593 0.0971032 0.366087
0 0.476298 0.741104 0.1732 0.504959
3 0.0557173 0.405237 0.111435 0.523894
3 0.593006 0.346215 0.045957 0.303029
4 0.249121 0.819653 0.476074 0.354956
4 0.940572 0.794245 0.118855 0.411509
4 0.198463 0.816459 0.391922 0.367082
3 0.0537893 0.382563 0.107579 0.362858
0 0.138566 0.165548 0.277133 0.331097
0 0.947329 0.494325 0.105342 0.601606
0 0.133087 0.824448 0.264268 0.351104
3 0.0616278 0.73852 0.123256 0.448209
0 0.549455 0.384362 0.17649 0.687973
0 0.943117 0.334341 0.113765 0.477014
0 0.0589965 0.270724 0.097661 0.318497
3 0.136203 0.281427 0.0908835 0.121365
3 0.0450629 0.774525 0.0901258 0.443724
0 0.0687197 0.453579 0.137439 0.382383
4 0.434122 0.741801 0.267561 0.516398
3 0.624879 0.461092 0.11351 0.256614
4 0.563442 0.123406 0.804114 0.246813
0 0.709179 0.0705753 0.581643 0.141151
4 0.943117 0.334341 0.113765 0.477014
0 0.790036 0.0808758 0.419928 0.161752
4 0.096057 0.825929 0.192114 0.330734
4 0.662064 0.772371 0.340876 0.455258
3 0.0523017 0.823538 0.104603 0.352923
0 0.161569 0.330842 0.172375 0.549893
0 0.133651 0.320556 0.109181 0.469776
3 0.648791 0.575578 0.205147 0.478505
4 0.944977 0.428062 0.110045 0.602546
0 0.208443 0.200273 0.416887 0.400547
2 0.392653 0.741881 0.285377 0.475982
0 0.0616757 0.222413 0.123351 0.436796
3 0.432559 0.723412 0.208292 0.44564
4 0.581584 0.0767526 0.761813 0.153505
4 0.593006 0.346215 0.045957 0.303029
0 0.121768 0.305052 0.243536 0.610105
4 0.348279 0.320432 0.558585 0.640865
0 0.0523017 0.823538 0.104603 0.352923
4 0.45379 0.0693628 0.818964 0.138726
4 0.0485516 0.814593 0.0971032 0.366087
4 0.595539 0.360772 0.0350405 0.0856567
2 0.595539 0.360772 0.0350405 0.0856567
4 0.929666 0.14172 0.140668 0.28344
4 0.547718 0.334945 0.595418 0.669889
0 0.210096 0.390448 0.163755 0.444403
4 0.076565 0.199221 0.149832 0.392984
0 0.285812 0.304922 0.540409 0.609844
0 0.665741 0.459401 0.13886 0.400411
4 0.549455 0.384362 0.17649 0.687973
4 0.603406 0.0540185 0.697868 0.108037
4 0.938045 0.733781 0.123911 0.445388
2 0.306192 0.746096 0.424855 0.494848
0 0.244921 0.440535 0.0787403 0.285135
4 0.594879 0.394843 0.135096 0.622348
0 0.269842 0.34676 0.262554 0.69352
3 0.284689 0.79613 0.426519 0.407741
4 0.943212 0.255009 0.113576 0.44094
4 0.882521 0.0784063 0.234958 0.156813
1 0.50842 0.592527 0.0685856 0.44242
3 0.476298 0.741104 0.1732 0.504959
4 0.248267 0.287195 0.496534 0.57439
2 0.0537893 0.382563 0.107579 0.362858
4 0.50842 0.592527 0.0685856 0.44242
2 0.0942282 0.304806 0.029427 0.122602
4 0.790036 0.0808758 0.419928 0.161752
0 0.180199 0.471449 0.121511 0.196532
4 0.476298 0.741104 0.1732 0.504959
4 0.336625 0.0981458 0.67325 0.196292
0 0.938045 0.733781 0.123911 0.445388
4 0.0792846 0.104602 0.158569 0.209203
0 0.208229 0.347634 0.223167 0.6055
1 0.096057 0.825929 0.192114 0.330734
0 0.0626358 0.587804 0.125272 0.392343
3 0.0626358 0.587804 0.125272 0.392343
4 0.432559 0.723412 0.208292 0.44564
0 0.508152 0.72956 0.255249 0.54088
0 0.434122 0.741801 0.267561 0.516398
4 0.763588 0.692319 0.472824 0.589574
