0 0.89379 0.416229 0.147262 0.560792
0 0.792231 0.778678 0.415538 0.434569
0 0.498223 0.589857 0.0348845 0.16868
0 0.53414 0.679463 0.0957922 0.330277
0 0.877513 0.559744 0.240138 0.839417
0 0.605363 0.754846 0.238043 0.464712
0 0.258979 0.775322 0.493316 0.430255
0 0.50063 0.609134 0.0418991 0.196095
0 0.664064 0.760287 0.349701 0.464754
0 0.780424 0.553145 0.439152 0.8552
3 0.81734 0.572587 0.304269 0.854826
3 0.777312 0.451652 0.378211 0.810738
3 0.447247 0.425255 0.257684 0.672768
0 0.477132 0.602441 0.075691 0.208563
3 0.345516 0.351386 0.338299 0.702771
3 0.532853 0.433289 0.187003 0.60826
3 0.409391 0.433407 0.194135 0.593242
3 0.862586 0.528127 0.223083 0.773581
0 0.180112 0.768799 0.359027 0.44256
3 0.910446 0.355725 0.179109 0.702993
3 0.616969 0.426132 0.204496 0.665639
3 0.297064 0.355783 0.217857 0.699067
3 0.496096 0.372431 0.390886 0.744862
3 0.871435 0.416644 0.199639 0.553494
3 0.69822 0.433995 0.251216 0.839292
0 0.309092 0.462578 0.0529175 0.29287
3 0.360341 0.41105 0.18739 0.51059
3 0.425796 0.36402 0.425445 0.72804
3 0.139191 0.357642 0.278382 0.661608
0 0.074598 0.810162 0.149196 0.369221
3 0.931575 0.820793 0.136849 0.358415
0 0.503102 0.533336 0.0452184 0.292581
3 0.214677 0.347879 0.429355 0.695759
3 0.251397 0.343486 0.139516 0.607677
0 0.537831 0.627896 0.0791995 0.306833
3 0.492795 0.515362 0.0977886 0.4259
0 0.912822 0.809019 0.174356 0.381963
0 0.31624 0.739604 0.386058 0.511984
3 0.58025 0.443576 0.158947 0.573188
3 0.709085 0.585051 0.264572 0.827513
3 0.109582 0.431087 0.219164 0.684921
3 0.408031 0.732062 0.146224 0.523077
3 0.798596 0.650235 0.394744 0.685204
3 0.341841 0.475354 0.066174 0.319624
3 0.398168 0.565986 0.0921423 0.392568
3 0.90557 0.586686 0.188859 0.826628
3 0.782083 0.762528 0.429604 0.474944
3 0.31624 0.739604 0.386058 0.511984
3 0.208532 0.465594 0.0514997 0.208378
3 0.647225 0.753076 0.307082 0.493848
3 0.113106 0.543231 0.20592 0.471112
3 0.591059 0.381293 0.38025 0.762585
3 0.438117 0.524136 0.109973 0.435287
3 0.652424 0.343871 0.695151 0.687742
0 0.341841 0.475354 0.066174 0.319624
3 0.522408 0.755334 0.347638 0.489333
3 0.407435 0.472924 0.0638461 0.32237
0 0.438117 0.524136 0.109973 0.435287
0 0.0160624 0.660727 0.0321247 0.648466
0 0.584203 0.481018 0.0892136 0.349283
3 0.912822 0.809019 0.174356 0.381963
3 0.401779 0.762416 0.321354 0.475167
0 0.408031 0.732062 0.146224 0.523077
4 0.820731 0.548697 0.358539 0.862723
0 0.578216 0.573277 0.0949181 0.405539
3 0.244422 0.778947 0.476452 0.442106
3 0.209225 0.457108 0.0574017 0.298898
3 0.503102 0.533336 0.0452184 0.292581
3 0.646639 0.131454 0.706722 0.262908
3 0.323665 0.436384 0.121751 0.51055
0 0.206826 0.513226 0.0522047 0.114789
3 0.578216 0.573277 0.0949181 0.405539
3 0.208208 0.382321 0.0765495 0.420609
3 0.102117 0.714018 0.204234 0.541015
3 0.309092 0.462578 0.0529175 0.29287
0 0.912082 0.434246 0.175836 0.545021
0 0.308599 0.438292 0.0484315 0.157662
3 0.730943 0.385935 0.467507 0.77187
3 0.81223 0.348928 0.375541 0.697857
0 0.0103422 0.583618 0.0206845 0.523813
3 0.308599 0.438292 0.0484315 0.157662
0 0.42016 0.0372708 0.840321 0.0745415
0 0.407435 0.472924 0.0638461 0.32237
0 0.315383 0.723969 0.244544 0.535823
0 0.545151 0.575905 0.070461 0.387072
3 0.452262 0.305251 0.570875 0.610501
3 0.343618 0.46774 0.0769317 0.211547
3 0.617986 0.529122 0.13587 0.476481
3 0.582445 0.717084 0.112716 0.551957
0 0.521554 0.0249476 0.858462 0.0498953
3 0.644432 0.0433571 0.711135 0.0867143
3 0.238442 0.46413 0.0625864 0.209364
3 0.120735 0.810784 0.240395 0.378431
0 0.467986 0.586818 0.0764515 0.413291
0 0.120124 0.798879 0.239747 0.393065
3 0.555893 0.491388 0.0743409 0.372396
3 0.318611 0.76666 0.396833 0.466681
3 0.545151 0.575905 0.070461 0.387072
4 0.605363 0.754846 0.238043 0.464712
3 0.16243 0.794915 0.314255 0.410169
3 0.467986 0.586818 0.0764515 0.413291
4 0.777047 0.771988 0.445907 0.441701
3 0.252495 0.458839 0.0410238 0.287599
0 0.582445 0.717084 0.112716 0.551957
0 0.0234174 0.712943 0.0468349 0.574114
3 0.603239 0.0242578 0.742696 0.0485157
3 0.37165 0.20764 0.536878 0.415281
0 0.252495 0.458839 0.0410238 0.287599
3 0.537831 0.627896 0.0791995 0.306833
3 0.499504 0.580045 0.0377211 0.193681
0 0.343618 0.46774 0.0769317 0.211547
3 0.931884 0.239905 0.136231 0.474425
0 0.833563 0.770092 0.332875 0.459816
0 0.379296 0.0576268 0.758591 0.115254
3 0.318154 0.270764 0.554543 0.541528
0 0.798596 0.650235 0.394744 0.685204
3 0.601791 0.753995 0.215249 0.479106
0 0.555893 0.491388 0.0743409 0.372396
0 0.102358 0.140528 0.204716 0.281057
3 0.584203 0.481018 0.0892136 0.349283
3 0.611903 0.652576 0.174884 0.574619
4 0.899343 0.417844 0.16061 0.553378
0 0.0921138 0.805609 0.184228 0.388783
3 0.315383 0.723969 0.244544 0.535823
4 0.664064 0.760287 0.349701 0.464754
3 0.303989 0.431654 0.0801657 0.485864
3 0.250449 0.685574 0.205669 0.460571
0 0.231868 0.522928 0.105886 0.119267
3 0.772939 0.323758 0.454121 0.647516
0 0.704757 0.340675 0.590487 0.68135
3 0.251282 0.385838 0.052952 0.403584
3 0.102358 0.140528 0.204716 0.281057
0 0.646639 0.131454 0.706722 0.262908
3 0.270892 0.173662 0.541783 0.347323
4 0.931575 0.820793 0.136849 0.358415
4 0.521069 0.753022 0.485082 0.471305
3 0.125492 0.266249 0.250984 0.526946
0 0.931884 0.239905 0.136231 0.474425
2 0.498223 0.589857 0.0348845 0.16868
3 0.47564 0.588544 0.0732348 0.21603
4 0.499504 0.580045 0.0377211 0.193681
0 0.326869 0.185194 0.653737 0.370388
3 0.206826 0.513226 0.0522047 0.114789
2 0.894798 0.413481 0.149948 0.546165
0 0.931575 0.820793 0.136849 0.358415
3 0.346342 0.101004 0.692684 0.202008
3 0.142761 0.728752 0.283523 0.51809
3 0.514022 0.774789 0.436971 0.450421
0 0.398168 0.565986 0.0921423 0.392568
4 0.833563 0.770092 0.332875 0.459816
0 0.346342 0.101004 0.692684 0.202008
0 0.907018 0.363284 0.185965 0.694135
3 0.84 0.15599 0.320001 0.31198
0 0.250449 0.685574 0.205669 0.460571
4 0.647225 0.753076 0.307082 0.493848
3 0.0220612 0.274682 0.0441223 0.549365
3 0.197551 0.742359 0.365667 0.492274
0 0.0523361 0.759599 0.104672 0.457358
4 0.90557 0.586686 0.188859 0.826628
0 0.0108477 0.481825 0.0216953 0.546783
4 0.50063 0.609134 0.0418991 0.196095
0 0.644432 0.0433571 0.711135 0.0867143
3 0.0108477 0.481825 0.0216953 0.546783
0 0.492795 0.515362 0.0977886 0.4259
0 0.84 0.15599 0.320001 0.31198
4 0.56525 0.0229364 0.797984 0.0458727
4 0.0371055 0.823317 0.0742109 0.353366
3 0.379296 0.0576268 0.758591 0.115254
4 0.26284 0.755419 0.488786 0.484892
3 0.082897 0.317715 0.165794 0.619145
3 0.482975 0.0310415 0.902138 0.062083
3 0.0127029 0.612727 0.0254057 0.679689
3 0.0368128 0.231227 0.0736255 0.462453
3 0.231868 0.522928 0.105886 0.119267
3 0.0142937 0.37044 0.0285874 0.626783
3 0.0534047 0.52489 0.106809 0.457098
3 0.0103422 0.583618 0.0206845 0.523813
3 0.0189768 0.302237 0.0379536 0.604474
0 0.102117 0.714018 0.204234 0.541015
4 0.217264 0.786274 0.418339 0.427453
0 0.644281 0.361043 0.666235 0.722086
4 0.0918812 0.784541 0.183496 0.418647
0 0.934922 0.346859 0.130156 0.682807
0 0.209225 0.457108 0.0574017 0.298898
0 0.521069 0.753022 0.485082 0.471305
0 0.596542 0.748904 0.305447 0.502193
4 0.452262 0.305251 0.570875 0.610501
0 0.90557 0.586686 0.188859 0.826628
3 0.0499972 0.697908 0.0999944 0.517568
3 0.826114 0.778962 0.347772 0.442077
3 0.0234174 0.712943 0.0468349 0.574114
3 0.0283817 0.76645 0.0567634 0.4671
0 0.75981 0.355269 0.480381 0.708766
0 0.208532 0.465594 0.0514997 0.208378
4 0.180112 0.768799 0.359027 0.44256
3 0.721298 0.702106 0.410523 0.595788
4 0.318611 0.76666 0.396833 0.466681
3 0.188891 0.14554 0.377783 0.29108
3 0.0631811 0.411643 0.126362 0.742344
1 0.82207 0.782574 0.35586 0.434852
3 0.664064 0.760287 0.349701 0.464754
4 0.401779 0.762416 0.321354 0.475167
0 0.315965 0.367527 0.300055 0.735054
0 0.721298 0.702106 0.410523 0.595788
0 0.238442 0.46413 0.0625864 0.209364
4 0.912822 0.809019 0.174356 0.381963
0 0.0344352 0.800302 0.0688705 0.399395
0 0.188891 0.14554 0.377783 0.29108
0 0.125492 0.266249 0.250984 0.526946
3 0.0371055 0.823317 0.0742109 0.353366
1 0.499504 0.580045 0.0377211 0.193681
0 0.0371055 0.823317 0.0742109 0.353366
4 0.522408 0.755334 0.347638 0.489333
4 0.120735 0.810784 0.240395 0.378431
3 0.53414 0.679463 0.0957922 0.330277
0 0.420291 0.228405 0.581001 0.456811
3 0.50063 0.609134 0.0418991 0.196095
2 0.792231 0.778678 0.415538 0.434569
0 0.58025 0.443576 0.158947 0.573188
3 0.0475904 0.604258 0.0951809 0.404137
2 0.50063 0.609134 0.0418991 0.196095
1 0.503102 0.533336 0.0452184 0.292581
4 0.420291 0.228405 0.581001 0.456811
4 0.53414 0.679463 0.0957922 0.330277
0 0.297064 0.355783 0.217857 0.699067
0 0.0368128 0.231227 0.0736255 0.462453
0 0.318611 0.76666 0.396833 0.466681
4 0.0160624 0.660727 0.0321247 0.648466
3 0.609206 0.769831 0.299323 0.45048
4 0.688082 0.361872 0.623836 0.723743
4 0.42016 0.0372708 0.840321 0.0745415
2 0.862586 0.528127 0.223083 0.773581
4 0.239691 0.333613 0.479383 0.667225
4 0.0234174 0.712943 0.0468349 0.574114
3 0.0918812 0.784541 0.183496 0.418647
4 0.352339 0.778915 0.368425 0.438914
0 0.766241 0.762583 0.444665 0.474834
4 0.594208 0.322725 0.651217 0.645451
1 0.199159 0.790659 0.392978 0.407967
1 0.50063 0.609134 0.0418991 0.196095
1 0.892631 0.418013 0.147262 0.549265
0 0.848781 0.426979 0.245502 0.57936
4 0.379296 0.0576268 0.758591 0.115254
2 0.275494 0.738198 0.44919 0.513195
4 0.102358 0.140528 0.204716 0.281057
2 0.53414 0.679463 0.0957922 0.330277
4 0.0283817 0.76645 0.0567634 0.4671
4 0.0368128 0.231227 0.0736255 0.462453
3 0.0910652 0.206213 0.18213 0.40251
0 0.378578 0.352213 0.395884 0.704425
2 0.841442 0.5919 0.283816 0.794191
4 0.644432 0.0433571 0.711135 0.0867143
0 0.251397 0.343486 0.139516 0.607677
3 0.77629 0.555101 0.44742 0.857416
0 0.214677 0.347879 0.429355 0.695759
0 0.0142937 0.37044 0.0285874 0.626783
4 0.646639 0.131454 0.706722 0.262908
4 0.0142937 0.37044 0.0285874 0.626783
4 0.0220612 0.274682 0.0441223 0.549365
0 0.251282 0.385838 0.052952 0.403584
4 0.0108477 0.481825 0.0216953 0.546783
4 0.0523361 0.759599 0.104672 0.457358
4 0.81223 0.348928 0.375541 0.697857
4 0.0189768 0.302237 0.0379536 0.604474
4 0.503102 0.533336 0.0452184 0.292581
4 0.772939 0.323758 0.454121 0.647516
0 0.318154 0.270764 0.554543 0.541528
3 0.13163 0.125873 0.263261 0.251746
0 0.401779 0.762416 0.321354 0.475167
0 0.0220612 0.274682 0.0441223 0.549365
0 0.323665 0.436384 0.121751 0.51055
4 0.877513 0.559744 0.240138 0.839417
4 0.931884 0.239905 0.136231 0.474425
2 0.197551 0.742359 0.365667 0.492274
0 0.552657 0.372835 0.385157 0.745671
0 0.482568 0.328571 0.601333 0.657142
0 0.611903 0.652576 0.174884 0.574619
4 0.58025 0.443576 0.158947 0.573188
4 0.0103422 0.583618 0.0206845 0.523813
4 0.346342 0.101004 0.692684 0.202008
4 0.496096 0.372431 0.390886 0.744862
0 0.303989 0.431654 0.0801657 0.485864
2 0.912822 0.809019 0.174356 0.381963
4 0.318154 0.270764 0.554543 0.541528
4 0.84 0.15599 0.320001 0.31198
4 0.798596 0.650235 0.394744 0.685204
2 0.584203 0.481018 0.0892136 0.349283
0 0.617986 0.529122 0.13587 0.476481
4 0.378578 0.352213 0.395884 0.704425
4 0.297064 0.355783 0.217857 0.699067
0 0.522408 0.755334 0.347638 0.489333
1 0.769936 0.758181 0.453233 0.470567
0 0.13163 0.125873 0.263261 0.251746
4 0.907018 0.363284 0.185965 0.694135
2 0.605363 0.754846 0.238043 0.464712
4 0.120521 0.314363 0.241043 0.613317
2 0.315383 0.723969 0.244544 0.535823
2 0.341841 0.475354 0.066174 0.319624
0 0.142761 0.728752 0.283523 0.51809
2 0.438117 0.524136 0.109973 0.435287
0 0.893791 0.416233 0.14722 0.560678
0 0.792316 0.778739 0.415368 0.434509
0 0.49825 0.589824 0.0348792 0.16854
0 0.878343 0.559583 0.238144 0.838979
0 0.534172 0.679714 0.0957821 0.330657
0 0.605284 0.754892 0.237803 0.464728
0 0.258703 0.775357 0.492531 0.430185
0 0.500681 0.609242 0.0419349 0.196206
0 0.664464 0.760333 0.350489 0.464836
3 0.817702 0.57288 0.303277 0.85424
3 0.777336 0.451775 0.377976 0.810187
0 0.780432 0.553091 0.439136 0.85521
3 0.44731 0.426218 0.257062 0.670445
0 0.477137 0.602516 0.0756954 0.208746
3 0.345753 0.351435 0.337381 0.70287
3 0.533136 0.43421 0.185883 0.605905
3 0.409588 0.434138 0.193065 0.59007
3 0.86282 0.526858 0.222445 0.771025
3 0.910432 0.355795 0.179136 0.702804
3 0.616983 0.42718 0.203272 0.663762
3 0.296971 0.355886 0.216871 0.698953
0 0.180101 0.768722 0.359017 0.442742
3 0.49629 0.37251 0.389867 0.745019
3 0.871438 0.416636 0.199521 0.553381
3 0.698188 0.434196 0.250839 0.838755
3 0.360945 0.411604 0.185675 0.506539
3 0.425959 0.364084 0.424374 0.728168
0 0.309154 0.462446 0.0528684 0.292658
3 0.139174 0.357628 0.278348 0.661729
3 0.931429 0.820812 0.137142 0.358376
3 0.214473 0.347948 0.428946 0.695896
0 0.0748086 0.81034 0.149617 0.368881
3 0.251331 0.343607 0.139222 0.607563
0 0.503135 0.53324 0.0452072 0.292322
3 0.492941 0.515267 0.097533 0.425544
0 0.537878 0.627761 0.0791759 0.306525
3 0.580431 0.444235 0.157653 0.571798
3 0.109575 0.431984 0.219149 0.683068
0 0.912341 0.808952 0.175318 0.382097
3 0.70857 0.585455 0.263339 0.825148
3 0.407813 0.732151 0.146491 0.523256
3 0.80011 0.652145 0.391629 0.681346
0 0.316319 0.739567 0.385529 0.512034
3 0.341957 0.475442 0.0659172 0.319835
3 0.398402 0.56567 0.0916331 0.391929
3 0.904995 0.585736 0.19001 0.828527
3 0.316319 0.739567 0.385529 0.512034
3 0.782077 0.762555 0.429565 0.47489
3 0.20851 0.465648 0.0513665 0.208252
3 0.64755 0.753036 0.307594 0.493929
3 0.113466 0.543529 0.205223 0.467833
3 0.591233 0.381455 0.379854 0.76291
3 0.438119 0.523929 0.109747 0.434806
3 0.653166 0.344546 0.693668 0.689092
3 0.522061 0.755322 0.347949 0.489355
3 0.40752 0.472795 0.0636132 0.322103
3 0.912341 0.808952 0.175318 0.382097
3 0.401531 0.762402 0.321831 0.475197
0 0.341957 0.475442 0.0659172 0.319835
4 0.820828 0.548618 0.358344 0.862822
0 0.438119 0.523929 0.109747 0.434806
0 0.584384 0.481103 0.0888077 0.349292
0 0.016113 0.660715 0.0322259 0.64853
3 0.244407 0.778969 0.476288 0.442063
3 0.209237 0.457113 0.05733 0.298937
3 0.503135 0.53324 0.0452072 0.292322
3 0.647012 0.134495 0.705976 0.268991
3 0.324011 0.436684 0.120704 0.509225
0 0.578443 0.572911 0.0944109 0.404366
0 0.407813 0.732151 0.146491 0.523256
3 0.578443 0.572911 0.0944109 0.404366
3 0.208241 0.382331 0.0765115 0.420341
3 0.10203 0.714077 0.204059 0.540925
3 0.309154 0.462446 0.0528684 0.292658
0 0.206799 0.513386 0.0520368 0.114442
3 0.731163 0.385997 0.466813 0.771995
3 0.813073 0.348885 0.373854 0.697769
3 0.308649 0.438232 0.0483809 0.157311
0 0.912094 0.434125 0.175811 0.545006
0 0.308649 0.438232 0.0483809 0.157311
3 0.452189 0.306078 0.57078 0.612156
3 0.343706 0.467664 0.0767758 0.211276
3 0.582489 0.717081 0.112377 0.551848
0 0.0103733 0.584019 0.0207467 0.522688
3 0.618038 0.528864 0.134847 0.475047
0 0.40752 0.472795 0.0636132 0.322103
0 0.420039 0.0374013 0.840078 0.0748025
0 0.315444 0.724019 0.244253 0.535824
3 0.644625 0.0438283 0.71075 0.0876566
3 0.238427 0.464255 0.0626267 0.209219
0 0.545255 0.575741 0.0703578 0.38661
3 0.120827 0.810879 0.240608 0.378243
3 0.556017 0.491303 0.0742029 0.372095
0 0.521003 0.0250533 0.858996 0.0501065
3 0.318546 0.766666 0.396734 0.466668
3 0.545255 0.575741 0.0703578 0.38661
4 0.605284 0.754892 0.237803 0.464728
3 0.162552 0.795058 0.314487 0.409883
3 0.467986 0.586832 0.0763487 0.413234
4 0.77699 0.772025 0.446019 0.441679
3 0.252525 0.458933 0.0410773 0.287854
0 0.467986 0.586832 0.0763487 0.413234
0 0.120305 0.79903 0.240123 0.392782
3 0.371132 0.209175 0.537327 0.418351
3 0.603331 0.0244417 0.742094 0.0488834
3 0.537878 0.627761 0.0791759 0.306525
3 0.499532 0.579997 0.0377113 0.19357
0 0.582489 0.717081 0.112377 0.551848
0 0.0234922 0.712716 0.0469844 0.574568
3 0.931925 0.240658 0.136149 0.475893
3 0.3175 0.272342 0.555113 0.544684
0 0.252525 0.458933 0.0410773 0.287854
3 0.60149 0.754032 0.214712 0.479179
4 0.89935 0.417772 0.160561 0.553251
3 0.611718 0.652175 0.173653 0.573119
3 0.584384 0.481103 0.0888077 0.349292
0 0.343706 0.467664 0.0767758 0.211276
3 0.315444 0.724019 0.244253 0.535824
0 0.80011 0.652145 0.391629 0.681346
0 0.833511 0.770091 0.332978 0.459817
0 0.379255 0.0580105 0.758511 0.116021
3 0.150544 0.767707 0.300925 0.447411
0 0.556017 0.491303 0.0742029 0.372095
0 0.102235 0.140459 0.20447 0.280917
4 0.664464 0.760333 0.350489 0.464836
0 0.0922379 0.805716 0.184476 0.388568
3 0.304115 0.431948 0.0798052 0.485537
3 0.250385 0.685543 0.205691 0.460257
3 0.773066 0.324673 0.453869 0.649345
3 0.251348 0.386066 0.0529201 0.403462
3 0.102235 0.140459 0.20447 0.280917
0 0.231887 0.522797 0.10576 0.118665
3 0.270525 0.173676 0.541051 0.347352
4 0.931429 0.820812 0.137142 0.358376
4 0.520088 0.753091 0.486936 0.471167
3 0.125378 0.266294 0.250757 0.526886
3 0.475641 0.588475 0.0732094 0.215877
0 0.70536 0.34094 0.58928 0.681881
2 0.49825 0.589824 0.0348792 0.16854
4 0.499532 0.579997 0.0377113 0.19357
3 0.206799 0.513386 0.0520368 0.114442
3 0.346331 0.102033 0.692662 0.204066
2 0.894779 0.413479 0.149882 0.546042
0 0.647012 0.134495 0.705976 0.268991
0 0.931925 0.240658 0.136149 0.475893
3 0.5136 0.774787 0.437562 0.450425
0 0.326713 0.185689 0.653427 0.371379
0 0.931429 0.820812 0.137142 0.358376
4 0.833511 0.770091 0.332978 0.459817
3 0.841001 0.156345 0.317997 0.31269
4 0.64755 0.753036 0.307594 0.493929
0 0.398402 0.56567 0.0916331 0.391929
3 0.0221461 0.274806 0.0442921 0.549613
3 0.196737 0.742285 0.363116 0.492151
0 0.907038 0.363246 0.185924 0.693957
4 0.904995 0.585736 0.19001 0.828527
0 0.346331 0.102033 0.692662 0.204066
4 0.500681 0.609242 0.0419349 0.196206
3 0.0108649 0.48261 0.0217299 0.545088
0 0.250385 0.685543 0.205691 0.460257
3 0.379255 0.0580105 0.758511 0.116021
4 0.262622 0.755538 0.487871 0.484657
4 0.564987 0.0230692 0.797674 0.0461384
4 0.037219 0.823402 0.0744379 0.353196
0 0.0523326 0.759526 0.104665 0.457594
3 0.482437 0.0311526 0.902515 0.0623051
3 0.0127466 0.612934 0.0254933 0.679026
3 0.0829812 0.31792 0.165962 0.619625
0 0.0108649 0.48261 0.0217299 0.545088
0 0.644625 0.0438283 0.71075 0.0876566
3 0.0369822 0.230884 0.0739643 0.461768
0 0.492941 0.515267 0.097533 0.425544
3 0.231887 0.522797 0.10576 0.118665
3 0.0143023 0.370753 0.0286046 0.626545
0 0.841001 0.156345 0.317997 0.31269
3 0.0533294 0.525546 0.106659 0.455374
3 0.0103733 0.584019 0.0207467 0.522688
3 0.0190105 0.30239 0.038021 0.604781
4 0.217335 0.786316 0.418443 0.427368
4 0.0920133 0.784599 0.183765 0.418561
4 0.452189 0.306078 0.57078 0.612156
3 0.0499747 0.697839 0.0999494 0.51733
0 0.644351 0.361053 0.665755 0.722107
0 0.10203 0.714077 0.204059 0.540925
3 0.0234922 0.712716 0.0469844 0.574568
3 0.826116 0.778991 0.347767 0.442018
0 0.934819 0.346824 0.130362 0.682723
3 0.0284883 0.766349 0.0569765 0.467303
0 0.209237 0.457113 0.05733 0.298937
0 0.520088 0.753091 0.486936 0.471167
4 0.180101 0.768722 0.359017 0.442742
0 0.596444 0.748846 0.305534 0.502307
3 0.720535 0.702223 0.408378 0.595555
4 0.318546 0.766666 0.396734 0.466668
3 0.063096 0.412065 0.126192 0.742736
0 0.904995 0.585736 0.19001 0.828527
3 0.188679 0.14565 0.377357 0.2913
1 0.822136 0.782608 0.355728 0.434784
3 0.664464 0.760333 0.350489 0.464836
4 0.401531 0.762402 0.321831 0.475197
0 0.20851 0.465648 0.0513665 0.208252
0 0.760531 0.355316 0.478938 0.708773
4 0.912341 0.808952 0.175318 0.382097
0 0.720535 0.702223 0.408378 0.595555
0 0.315945 0.367664 0.299003 0.735327
3 0.037219 0.823402 0.0744379 0.353196
0 0.238427 0.464255 0.0626267 0.209219
1 0.499532 0.579997 0.0377113 0.19357
4 0.522061 0.755322 0.347949 0.489355
4 0.120827 0.810879 0.240608 0.378243
0 0.125378 0.266294 0.250757 0.526886
3 0.534172 0.679714 0.0957821 0.330657
0 0.0345703 0.800345 0.0691405 0.399311
0 0.188679 0.14565 0.377357 0.2913
3 0.500681 0.609242 0.0419349 0.196206
2 0.792316 0.778739 0.415368 0.434509
3 0.0475607 0.604306 0.0951215 0.403383
0 0.037219 0.823402 0.0744379 0.353196
2 0.500681 0.609242 0.0419349 0.196206
1 0.503135 0.53324 0.0452072 0.292322
4 0.419991 0.229827 0.58083 0.459654
4 0.534172 0.679714 0.0957821 0.330657
0 0.419991 0.229827 0.58083 0.459654
0 0.580431 0.444235 0.157653 0.571798
4 0.016113 0.660715 0.0322259 0.64853
3 0.609177 0.769844 0.299305 0.450564
4 0.689162 0.361891 0.621676 0.723783
4 0.420039 0.0374013 0.840078 0.0748025
4 0.239616 0.333964 0.479231 0.667928
0 0.296971 0.355886 0.216871 0.698953
2 0.86282 0.526858 0.222445 0.771025
4 0.0234922 0.712716 0.0469844 0.574568
0 0.0369822 0.230884 0.0739643 0.461768
0 0.318546 0.766666 0.396734 0.466668
3 0.0920133 0.784599 0.183765 0.418561
4 0.35215 0.778907 0.36875 0.4389
4 0.594102 0.323791 0.650513 0.647583
1 0.892631 0.417983 0.147234 0.549253
1 0.199371 0.790781 0.39339 0.407756
1 0.500681 0.609242 0.0419349 0.196206
4 0.379255 0.0580105 0.758511 0.116021
0 0.766317 0.762575 0.444958 0.47485
2 0.275549 0.738143 0.448354 0.513278
4 0.102235 0.140459 0.20447 0.280917
4 0.0284883 0.766349 0.0569765 0.467303
4 0.0369822 0.230884 0.0739643 0.461768
2 0.534172 0.679714 0.0957821 0.330657
3 0.0908439 0.204967 0.181688 0.399879
0 0.849415 0.427052 0.244221 0.579391
2 0.841816 0.593374 0.282943 0.79114
4 0.644625 0.0438283 0.71075 0.0876566
3 0.77623 0.555001 0.447541 0.857511
0 0.378818 0.352178 0.394956 0.704356
4 0.0143023 0.370753 0.0286046 0.626545
4 0.647012 0.134495 0.705976 0.268991
4 0.0221461 0.274806 0.0442921 0.549613
4 0.0108649 0.48261 0.0217299 0.545088
4 0.0523326 0.759526 0.104665 0.457594
4 0.813073 0.348885 0.373854 0.697769
0 0.251331 0.343607 0.139222 0.607563
0 0.214473 0.347948 0.428946 0.695896
4 0.0190105 0.30239 0.038021 0.604781
0 0.0143023 0.370753 0.0286046 0.626545
4 0.503135 0.53324 0.0452072 0.292322
4 0.773066 0.324673 0.453869 0.649345
3 0.131318 0.125858 0.262637 0.251716
0 0.251348 0.386066 0.0529201 0.403462
4 0.878343 0.559583 0.238144 0.838979
0 0.3175 0.272342 0.555113 0.544684
0 0.401531 0.762402 0.321831 0.475197
0 0.324011 0.436684 0.120704 0.509225
4 0.931925 0.240658 0.136149 0.475893
0 0.0221461 0.274806 0.0442921 0.549613
2 0.196737 0.742285 0.363116 0.492151
4 0.580431 0.444235 0.157653 0.571798
4 0.0103733 0.584019 0.0207467 0.522688
4 0.346331 0.102033 0.692662 0.204066
4 0.49629 0.37251 0.389867 0.745019
2 0.912341 0.808952 0.175318 0.382097
4 0.3175 0.272342 0.555113 0.544684
4 0.841001 0.156345 0.317997 0.31269
4 0.80011 0.652145 0.391629 0.681346
2 0.584384 0.481103 0.0888077 0.349292
0 0.611718 0.652175 0.173653 0.573119
0 0.552801 0.372943 0.384426 0.745886
0 0.482572 0.329095 0.601275 0.65819
0 0.304115 0.431948 0.0798052 0.485537
4 0.378818 0.352178 0.394956 0.704356
4 0.296971 0.355886 0.216871 0.698953
0 0.618038 0.528864 0.134847 0.475047
1 0.769825 0.7582 0.453412 0.4706
4 0.907038 0.363246 0.185924 0.693957
2 0.605284 0.754892 0.237803 0.464728
4 0.12044 0.314636 0.24088 0.613902
2 0.315444 0.724019 0.244253 0.535824
0 0.522061 0.755322 0.347949 0.489355
2 0.341957 0.475442 0.0659172 0.319835
0 0.131318 0.125858 0.262637 0.251716
2 0.438119 0.523929 0.109747 0.434806
4 0.206799 0.513386 0.0520368 0.114442
