0 0.788625 0.758014 0.422749 0.465513
0 0.545782 0.595243 0.104273 0.145344
1 0.545782 0.595243 0.104273 0.145344
2 0.545782 0.595243 0.104273 0.145344
0 0.530482 0.427936 0.295432 0.839022
0 0.55539 0.581413 0.128047 0.199012
0 0.663893 0.748448 0.360256 0.455252
0 0.468284 0.355542 0.43458 0.705084
4 0.545782 0.595243 0.104273 0.145344
0 0.607205 0.602872 0.236341 0.152708
1 0.786214 0.761963 0.427571 0.452318
4 0.611886 0.760249 0.360516 0.463928
0 0.451207 0.754834 0.321132 0.484724
4 0.222932 0.573658 0.438024 0.80962
0 0.243684 0.554764 0.484508 0.847877
0 0.611755 0.739478 0.294699 0.430619
4 0.79041 0.764192 0.41918 0.453469
3 0.794659 0.5109 0.410682 0.978201
4 0.238089 0.765136 0.466527 0.454244
1 0.530482 0.427936 0.295432 0.839022
0 0.427544 0.764898 0.58426 0.455199
0 0.364434 0.600195 0.497561 0.792403
2 0.451207 0.754834 0.321132 0.484724
3 0.342802 0.465685 0.613211 0.912784
0 0.205124 0.761427 0.408397 0.459214
0 0.787092 0.50829 0.425817 0.981
3 0.46461 0.357996 0.425487 0.70977
3 0.803028 0.768033 0.393944 0.463934
3 0.94328 0.782018 0.11344 0.435965
4 0.530482 0.427936 0.295432 0.839022
3 0.463506 0.50373 0.438423 0.992541
3 0.54571 0.458922 0.275659 0.874144
3 0.938995 0.771076 0.122009 0.457849
3 0.432982 0.744059 0.323774 0.462712
3 0.893491 0.767345 0.213019 0.465311
3 0.608473 0.766888 0.369684 0.466225
0 0.217006 0.529137 0.426414 0.66183
3 0.2191 0.827107 0.422345 0.345787
3 0.205124 0.761427 0.408397 0.459214
3 0.268039 0.423243 0.536077 0.846485
4 0.332277 0.758135 0.643536 0.474759
3 0.936914 0.519037 0.126172 0.900502
3 0.678972 0.766034 0.364783 0.467931
3 0.661907 0.765348 0.457475 0.450323
3 0.538688 0.762243 0.444316 0.475513
4 0.451207 0.754834 0.321132 0.484724
3 0.917266 0.744785 0.165469 0.491622
4 0.917266 0.744785 0.165469 0.491622
3 0.871459 0.338668 0.257082 0.677335
4 0.531832 0.765883 0.483889 0.45063
3 0.218828 0.524767 0.431745 0.65173
3 0.131785 0.830846 0.260757 0.338308
4 0.464494 0.347958 0.436565 0.679288
3 0.292696 0.78307 0.474892 0.43386
3 0.787915 0.23503 0.42417 0.470059
3 0.364434 0.600195 0.497561 0.792403
3 0.428607 0.772307 0.507388 0.455386
3 0.703409 0.368454 0.480395 0.72246
3 0.172753 0.322886 0.345507 0.645773
3 0.587205 0.511087 0.351216 0.977826
4 0.938995 0.771076 0.122009 0.457849
3 0.0927603 0.11774 0.185521 0.23548
3 0.668701 0.157019 0.662597 0.314038
4 0.807729 0.766678 0.37714 0.466643
3 0.347558 0.223309 0.695117 0.446619
0 0.616053 0.111938 0.764225 0.223877
0 0.380532 0.140344 0.690318 0.280689
4 0.94328 0.782018 0.11344 0.435965
4 0.893491 0.767345 0.213019 0.465311
0 0.00966455 0.652939 0.0193291 0.679301
0 0.876719 0.147802 0.246563 0.295605
3 0.903175 0.380413 0.193649 0.73685
0 0.937952 0.766394 0.124096 0.467212
3 0.566787 0.291334 0.602674 0.582668
4 0.216334 0.486656 0.426722 0.562391
3 0.624026 0.0942835 0.751947 0.188567
0 0.820661 0.76806 0.358677 0.463881
3 0.749287 0.28897 0.501426 0.57794
0 0.582695 0.243659 0.698018 0.487319
3 0.575661 0.478872 0.498464 0.942705
0 0.749287 0.28897 0.501426 0.57794
3 0.93101 0.365347 0.137979 0.625154
0 0.0585238 0.794776 0.117048 0.402925
0 0.0927603 0.11774 0.185521 0.23548
4 0.678972 0.766034 0.364783 0.467931
4 0.30453 0.526128 0.599977 0.925507
3 0.0340823 0.488796 0.0681646 0.83798
3 0.380532 0.140344 0.690318 0.280689
3 0.648129 0.51065 0.60492 0.978699
4 0.794659 0.5109 0.410682 0.978201
3 0.54785 0.569543 0.107054 0.195139
0 0.0167084 0.785942 0.0334169 0.428117
4 0.463506 0.50373 0.438423 0.992541
0 0.00954577 0.711577 0.0190915 0.576846
3 0.0120517 0.771014 0.0241034 0.457973
3 0.14691 0.244912 0.29382 0.489824
3 0.876719 0.147802 0.246563 0.295605
4 0.292696 0.78307 0.474892 0.43386
3 0.012333 0.588901 0.024666 0.742762
3 0.880938 0.511149 0.238124 0.977702
0 0.347558 0.223309 0.695117 0.446619
0 0.430813 0.194541 0.507159 0.389081
3 0.906085 0.299967 0.18783 0.599934
4 0.431427 0.774354 0.5941 0.436774
4 0.0642992 0.779629 0.128598 0.434852
4 0.93987 0.580554 0.120261 0.749961
2 0.427544 0.764898 0.58426 0.455199
3 0.0242307 0.783048 0.0484613 0.433904
3 0.150932 0.527687 0.301865 0.656409
0 0.787915 0.23503 0.42417 0.470059
0 0.893491 0.767345 0.213019 0.465311
3 0.119332 0.2076 0.238664 0.415201
0 0.668701 0.157019 0.662597 0.314038
3 0.0210757 0.53698 0.0421515 0.768678
3 0.477954 0.775602 0.529658 0.43916
3 0.209909 0.423887 0.419066 0.43644
0 0.917266 0.744785 0.165469 0.491622
4 0.55539 0.581413 0.128047 0.199012
3 0.125922 0.354674 0.251844 0.70716
3 0.00966455 0.652939 0.0193291 0.679301
0 0.0840473 0.788441 0.168095 0.423118
0 0.893462 0.465306 0.213076 0.906257
4 0.0242307 0.783048 0.0484613 0.433904
3 0.0735104 0.758075 0.147021 0.433291
3 0.0336804 0.325503 0.0673607 0.651007
2 0.611755 0.739478 0.294699 0.430619
3 0.607205 0.602872 0.236341 0.152708
0 0.44905 0.5015 0.442104 0.991898
4 0.428607 0.772307 0.507388 0.455386
0 0.899422 0.35052 0.201155 0.670732
3 0.788873 0.770405 0.421575 0.444065
3 0.0459661 0.225959 0.0919322 0.451918
3 0.173095 0.132869 0.34619 0.265738
0 0.0337079 0.386983 0.0674157 0.773966
0 0.0242307 0.783048 0.0484613 0.433904
3 0.582695 0.243659 0.698018 0.487319
3 0.791825 0.337319 0.398969 0.641857
4 0.576464 0.764776 0.389718 0.470448
4 0.364434 0.600195 0.497561 0.792403
0 0.825664 0.340402 0.348672 0.680415
0 0.94328 0.782018 0.11344 0.435965
3 0.110414 0.471269 0.220828 0.557163
3 0.105594 0.126958 0.211187 0.253916
0 0.93987 0.580554 0.120261 0.749961
4 0.116559 0.577811 0.233118 0.702457
0 0.172753 0.322886 0.345507 0.645773
0 0.485828 0.24418 0.493696 0.488361
0 0.139533 0.827441 0.276796 0.33696
3 0.372069 0.301069 0.561755 0.602139
0 0.012333 0.588901 0.024666 0.742762
0 0.0394731 0.450195 0.0789463 0.805501
3 0.0840473 0.788441 0.168095 0.423118
3 0.383566 0.745843 0.591803 0.500153
4 0.0167084 0.785942 0.0334169 0.428117
4 0.0840473 0.788441 0.168095 0.423118
0 0.906085 0.299967 0.18783 0.599934
0 0.173095 0.132869 0.34619 0.265738
3 0.00954577 0.711577 0.0190915 0.576846
0 0.0459661 0.225959 0.0919322 0.451918
4 0.202024 0.828184 0.385005 0.343632
0 0.105594 0.126958 0.211187 0.253916
4 0.131785 0.830846 0.260757 0.338308
4 0.0394731 0.450195 0.0789463 0.805501
0 0.322185 0.777909 0.607282 0.429953
0 0.268039 0.423243 0.536077 0.846485
3 0.116559 0.577811 0.233118 0.702457
3 0.485828 0.24418 0.493696 0.488361
0 0.534755 0.308994 0.466833 0.602458
0 0.514593 0.50584 0.456681 0.988321
1 0.607205 0.602872 0.236341 0.152708
1 0.219476 0.517498 0.430057 0.637478
0 0.678972 0.766034 0.364783 0.467931
0 0.576464 0.764776 0.389718 0.470448
0 0.0735104 0.758075 0.147021 0.433291
2 0.230925 0.46215 0.461849 0.89341
0 0.926858 0.343208 0.146283 0.637123
2 0.787919 0.755021 0.424162 0.470557
3 0.204183 0.391433 0.408367 0.638615
4 0.00966455 0.652939 0.0193291 0.679301
4 0.0337079 0.386983 0.0674157 0.773966
3 0.0585238 0.794776 0.117048 0.402925
3 0.0737696 0.387933 0.147539 0.775866
4 0.110414 0.471269 0.220828 0.557163
2 0.791021 0.502035 0.417958 0.981137
4 0.0927603 0.11774 0.185521 0.23548
4 0.880938 0.511149 0.238124 0.977702
3 0.430813 0.194541 0.507159 0.389081
4 0.587205 0.511087 0.351216 0.977826
4 0.713957 0.30747 0.572087 0.61494
4 0.876719 0.147802 0.246563 0.295605
0 0.14691 0.244912 0.29382 0.489824
3 0.620113 0.732576 0.276894 0.534848
3 0.0938077 0.276135 0.187615 0.55227
0 0.0210757 0.53698 0.0421515 0.768678
2 0.364434 0.600195 0.497561 0.792403
0 0.587205 0.511087 0.351216 0.977826
4 0.336565 0.408507 0.64031 0.817014
4 0.0459661 0.225959 0.0919322 0.451918
3 0.0772752 0.440534 0.15455 0.776457
4 0.012333 0.588901 0.024666 0.742762
0 0.357496 0.776725 0.480988 0.446549
3 0.553522 0.596878 0.125352 0.146831
4 0.93101 0.365347 0.137979 0.625154
0 0.668206 0.343361 0.626392 0.686722
0 0.850103 0.484301 0.299794 0.927719
4 0.668701 0.157019 0.662597 0.314038
4 0.00954577 0.711577 0.0190915 0.576846
0 0.534315 0.770896 0.444812 0.449685
4 0.0210757 0.53698 0.0421515 0.768678
1 0.427544 0.764898 0.58426 0.455199
0 0.218507 0.823675 0.425599 0.343851
0 0.479108 0.766066 0.522505 0.467869
4 0.372069 0.301069 0.561755 0.602139
2 0.419951 0.5 0.431701 1
4 0.534755 0.308994 0.466833 0.602458
4 0.172753 0.322886 0.345507 0.645773
1 0.20803 0.832057 0.407556 0.325995
4 0.380532 0.140344 0.690318 0.280689
0 0.348882 0.502169 0.626027 0.978704
4 0.347558 0.223309 0.695117 0.446619
4 0.906085 0.299967 0.18783 0.599934
4 0.787915 0.23503 0.42417 0.470059
1 0.451207 0.754834 0.321132 0.484724
4 0.624627 0.0956133 0.70384 0.191227
0 0.209909 0.423887 0.419066 0.43644
2 0.172753 0.322886 0.345507 0.645773
1 0.211977 0.404517 0.423955 0.568223
1 0.217444 0.764647 0.431382 0.459661
4 0.607205 0.602872 0.236341 0.152708
0 0.119332 0.2076 0.238664 0.415201
4 0.173095 0.132869 0.34619 0.265738
4 0.903175 0.380413 0.193649 0.73685
1 0.468284 0.355542 0.43458 0.705084
4 0.582695 0.243659 0.698018 0.487319
2 0.514593 0.50584 0.456681 0.988321
4 0.105594 0.126958 0.211187 0.253916
4 0.14691 0.244912 0.29382 0.489824
2 0.825664 0.340402 0.348672 0.680415
2 0.244379 0.758822 0.475472 0.464507
4 0.610755 0.336299 0.65318 0.672597
4 0.648129 0.51065 0.60492 0.978699
2 0.678972 0.766034 0.364783 0.467931
2 0.926858 0.343208 0.146283 0.637123
2 0.218023 0.442502 0.425542 0.658006
0 0.0938077 0.276135 0.187615 0.55227
2 0.336565 0.408507 0.64031 0.817014
2 0.465033 0.344001 0.437528 0.672524
4 0.0772752 0.440534 0.15455 0.776457
4 0.150932 0.527687 0.301865 0.656409
4 0.871459 0.338668 0.257082 0.677335
4 0.0938077 0.276135 0.187615 0.55227
1 0.663893 0.748448 0.360256 0.455252
0 0.372069 0.301069 0.561755 0.602139
4 0.119332 0.2076 0.238664 0.415201
1 0.937952 0.766394 0.124096 0.467212
2 0.131785 0.830846 0.260757 0.338308
2 0.576464 0.764776 0.389718 0.470448
4 0.430813 0.194541 0.507159 0.389081
2 0.899422 0.35052 0.201155 0.670732
2 0.28389 0.203298 0.56778 0.406596
1 0.364434 0.600195 0.497561 0.792403
2 0.0840473 0.788441 0.168095 0.423118
1 0.908764 0.760746 0.182473 0.44272
0 0.239387 0.800549 0.447491 0.398902
2 0.795471 0.76704 0.384616 0.465921
0 0.116559 0.577811 0.233118 0.702457
2 0.202024 0.828184 0.385005 0.343632
2 0.30453 0.526128 0.599977 0.925507
2 0.938995 0.771076 0.122009 0.457849
1 0.320298 0.488874 0.62954 0.925588
2 0.430813 0.194541 0.507159 0.389081
2 0.607205 0.602872 0.236341 0.152708
2 0.876719 0.147802 0.246563 0.295605
2 0.702805 0.343961 0.59439 0.687922
1 0.534315 0.770896 0.444812 0.449685
2 0.380532 0.140344 0.690318 0.280689
4 0.204183 0.391433 0.408367 0.638615
2 0.94328 0.782018 0.11344 0.435965
2 0.531832 0.765883 0.483889 0.45063
4 0.575661 0.478872 0.498464 0.942705
2 0.749287 0.28897 0.501426 0.57794
2 0.575661 0.478872 0.498464 0.942705
3 0.243684 0.554764 0.484508 0.847877
2 0.173095 0.132869 0.34619 0.265738
2 0.14691 0.244912 0.29382 0.489824
1 0.608106 0.765918 0.365094 0.451838
2 0.906085 0.299967 0.18783 0.599934
2 0.372069 0.301069 0.561755 0.602139
2 0.485828 0.24418 0.493696 0.488361
0 0.110414 0.471269 0.220828 0.557163
4 0.485828 0.24418 0.493696 0.488361
2 0.908764 0.760746 0.182473 0.44272
1 0.55539 0.581413 0.128047 0.199012
4 0.703409 0.368454 0.480395 0.72246
2 0.893462 0.465306 0.213076 0.906257
0 0.579999 0.401286 0.56167 0.802572
0 0.125922 0.354674 0.251844 0.70716
2 0.0938077 0.276135 0.187615 0.55227
2 0.534755 0.308994 0.466833 0.602458
4 0.0737696 0.387933 0.147539 0.775866
0 0.78867 0.758022 0.42266 0.465464
0 0.545775 0.595242 0.104255 0.145364
1 0.545775 0.595242 0.104255 0.145364
2 0.545775 0.595242 0.104255 0.145364
0 0.531825 0.427651 0.292395 0.838345
0 0.555411 0.581324 0.128009 0.198712
0 0.663266 0.748354 0.359018 0.454971
0 0.468345 0.3553 0.434354 0.704558
4 0.545775 0.595242 0.104255 0.145364
0 0.607033 0.602836 0.235968 0.152714
1 0.786274 0.761932 0.427452 0.452362
4 0.611598 0.76026 0.361131 0.463868
0 0.451137 0.754923 0.320869 0.484681
4 0.222434 0.573692 0.437046 0.809296
0 0.241907 0.554633 0.480978 0.847762
4 0.79048 0.764249 0.419041 0.453416
0 0.611529 0.739479 0.294575 0.430522
3 0.794694 0.510876 0.410612 0.978248
4 0.237639 0.765236 0.465474 0.45412
1 0.531825 0.427651 0.292395 0.838345
0 0.427323 0.765029 0.584242 0.45491
2 0.451137 0.754923 0.320869 0.484681
3 0.342675 0.465465 0.612168 0.912267
0 0.366649 0.602473 0.491844 0.787876
3 0.802953 0.768028 0.394095 0.463945
3 0.943319 0.782097 0.113362 0.435806
3 0.46471 0.357629 0.424913 0.708985
4 0.531825 0.427651 0.292395 0.838345
0 0.205125 0.761479 0.408403 0.459379
0 0.787177 0.508327 0.425645 0.981196
3 0.463573 0.503737 0.437913 0.992525
3 0.545866 0.458569 0.27491 0.872918
3 0.939002 0.771067 0.121996 0.457866
3 0.43272 0.743986 0.324299 0.462433
3 0.893589 0.767334 0.212822 0.465331
3 0.608285 0.766939 0.36979 0.466122
3 0.205125 0.761479 0.408403 0.459379
3 0.219072 0.82746 0.422436 0.345081
3 0.267477 0.423138 0.534955 0.846275
0 0.216923 0.528435 0.426252 0.660205
4 0.332214 0.75804 0.642909 0.475044
3 0.936881 0.519408 0.126237 0.90069
3 0.678865 0.766004 0.364957 0.467992
3 0.662149 0.765365 0.458429 0.450296
3 0.538576 0.762294 0.444173 0.475412
3 0.917087 0.744769 0.165825 0.49191
4 0.451137 0.754923 0.320869 0.484681
4 0.917087 0.744769 0.165825 0.49191
3 0.871324 0.338328 0.257353 0.676656
3 0.218654 0.523966 0.431382 0.649884
4 0.531808 0.765925 0.483589 0.450581
3 0.132336 0.83134 0.261875 0.337319
4 0.464572 0.347937 0.436091 0.679202
3 0.292859 0.783222 0.476154 0.433555
3 0.787891 0.233914 0.424218 0.467828
3 0.366649 0.602473 0.491844 0.787876
3 0.428346 0.77239 0.508439 0.45522
3 0.172911 0.323424 0.345822 0.646847
3 0.704015 0.369003 0.478164 0.723578
3 0.586569 0.511006 0.349723 0.977987
4 0.939002 0.771067 0.121996 0.457866
3 0.0925933 0.117764 0.185187 0.235529
3 0.668925 0.157279 0.66215 0.314559
3 0.347073 0.225276 0.694146 0.450552
4 0.807641 0.766661 0.377318 0.466678
4 0.943319 0.782097 0.113362 0.435806
4 0.893589 0.767334 0.212822 0.465331
0 0.616215 0.112158 0.763756 0.224316
0 0.380541 0.141767 0.689092 0.283535
3 0.903187 0.380466 0.193626 0.737021
3 0.566522 0.291117 0.602257 0.582233
4 0.216287 0.487289 0.426666 0.563594
3 0.624032 0.0945619 0.751936 0.189124
0 0.876664 0.147541 0.246672 0.295082
0 0.00983415 0.65267 0.0196683 0.67986
3 0.749452 0.287871 0.501097 0.575741
3 0.575533 0.4788 0.497133 0.942625
3 0.931018 0.365553 0.137963 0.625069
0 0.93793 0.766374 0.124141 0.467253
0 0.820599 0.768065 0.358803 0.463871
4 0.678865 0.766004 0.364957 0.467992
3 0.0343442 0.488527 0.0686884 0.83725
0 0.582897 0.242883 0.696966 0.485765
3 0.380541 0.141767 0.689092 0.283535
0 0.749452 0.287871 0.501097 0.575741
4 0.303752 0.526383 0.598164 0.925001
0 0.0925933 0.117764 0.185187 0.235529
3 0.647694 0.510669 0.603525 0.978663
0 0.058515 0.79505 0.11703 0.402367
4 0.794694 0.510876 0.410612 0.978248
3 0.547814 0.569604 0.10695 0.19493
4 0.463573 0.503737 0.437913 0.992525
3 0.14698 0.245852 0.293961 0.491705
3 0.0122311 0.770989 0.0244622 0.458022
3 0.876664 0.147541 0.246672 0.295082
4 0.292859 0.783222 0.476154 0.433555
3 0.0125703 0.588667 0.0251405 0.743109
3 0.880694 0.51118 0.238612 0.977641
3 0.906101 0.299365 0.187797 0.59873
0 0.01689 0.785999 0.03378 0.428003
4 0.431183 0.774508 0.593766 0.436496
4 0.0642308 0.779679 0.128462 0.434731
4 0.939804 0.580943 0.120392 0.750122
3 0.151156 0.526864 0.302312 0.654544
2 0.427323 0.765029 0.584242 0.45491
3 0.0243708 0.783061 0.0487415 0.433878
0 0.00969793 0.711254 0.0193959 0.577493
0 0.347073 0.225276 0.694146 0.450552
0 0.431044 0.194844 0.50575 0.389688
3 0.119211 0.208907 0.238423 0.417814
3 0.0214144 0.536749 0.0428289 0.768358
3 0.210094 0.424352 0.419434 0.437257
3 0.47772 0.77568 0.529266 0.439041
0 0.787891 0.233914 0.424218 0.467828
4 0.555411 0.581324 0.128009 0.198712
0 0.893589 0.767334 0.212822 0.465331
3 0.126133 0.355435 0.252266 0.70851
3 0.00983415 0.65267 0.0196683 0.67986
0 0.668925 0.157279 0.66215 0.314559
0 0.917087 0.744769 0.165825 0.49191
4 0.0243708 0.783061 0.0487415 0.433878
3 0.0737766 0.757972 0.147553 0.433017
3 0.0337125 0.325446 0.0674249 0.650892
0 0.0839926 0.788605 0.167985 0.42279
3 0.607033 0.602836 0.235968 0.152714
2 0.611529 0.739479 0.294575 0.430522
0 0.893444 0.465304 0.213111 0.90611
4 0.428346 0.77239 0.508439 0.45522
3 0.0458828 0.226029 0.0917655 0.452059
3 0.172743 0.133154 0.345486 0.266308
3 0.788927 0.770444 0.421423 0.444155
0 0.463573 0.503737 0.437913 0.992525
3 0.582897 0.242883 0.696966 0.485765
3 0.791964 0.337513 0.39852 0.642261
4 0.57617 0.764846 0.390057 0.470308
4 0.366649 0.602473 0.491844 0.787876
0 0.899443 0.350477 0.201114 0.670711
0 0.0338118 0.386644 0.0676237 0.773287
3 0.111102 0.471453 0.222203 0.557215
0 0.0243708 0.783061 0.0487415 0.433878
3 0.105497 0.127051 0.210995 0.254101
4 0.116885 0.576592 0.23377 0.70087
3 0.372888 0.301468 0.55994 0.602937
0 0.943319 0.782097 0.113362 0.435806
0 0.825877 0.340014 0.348245 0.679625
0 0.939804 0.580943 0.120392 0.750122
0 0.172911 0.323424 0.345822 0.646847
0 0.140665 0.82872 0.279052 0.334424
3 0.384577 0.745293 0.588538 0.50136
0 0.485999 0.243607 0.492694 0.487214
3 0.0839926 0.788605 0.167985 0.42279
0 0.0125703 0.588667 0.0251405 0.743109
0 0.0397586 0.450064 0.0795172 0.804033
4 0.01689 0.785999 0.03378 0.428003
4 0.0839926 0.788605 0.167985 0.42279
3 0.00969793 0.711254 0.0193959 0.577493
4 0.202453 0.828539 0.386044 0.342922
0 0.906101 0.299365 0.187797 0.59873
0 0.172743 0.133154 0.345486 0.266308
3 0.591831 0.769002 0.368917 0.451448
4 0.132336 0.83134 0.261875 0.337319
4 0.0397586 0.450064 0.0795172 0.804033
0 0.0458828 0.226029 0.0917655 0.452059
3 0.116885 0.576592 0.23377 0.70087
3 0.485999 0.243607 0.492694 0.487214
0 0.105497 0.127051 0.210995 0.254101
1 0.607033 0.602836 0.235968 0.152714
0 0.267477 0.423138 0.534955 0.846275
0 0.322392 0.778187 0.607535 0.429409
1 0.219408 0.518437 0.429905 0.639146
0 0.533978 0.308937 0.464954 0.602363
0 0.678865 0.766004 0.364957 0.467992
2 0.230647 0.461729 0.461294 0.892421
2 0.787993 0.755042 0.424015 0.470422
3 0.204325 0.392085 0.40865 0.637565
0 0.57617 0.764846 0.390057 0.470308
4 0.00983415 0.65267 0.0196683 0.67986
0 0.0737766 0.757972 0.147553 0.433017
0 0.926982 0.343039 0.146035 0.636652
4 0.0338118 0.386644 0.0676237 0.773287
3 0.058515 0.79505 0.11703 0.402367
4 0.111102 0.471453 0.222203 0.557215
3 0.0737019 0.388005 0.147404 0.77601
2 0.79109 0.502063 0.417819 0.981222
4 0.0925933 0.117764 0.185187 0.235529
4 0.880694 0.51118 0.238612 0.977641
3 0.431044 0.194844 0.50575 0.389688
4 0.586569 0.511006 0.349723 0.977987
4 0.876664 0.147541 0.246672 0.295082
4 0.714231 0.306634 0.571539 0.613268
3 0.619471 0.732779 0.275582 0.534441
3 0.0936747 0.277353 0.187349 0.554706
2 0.366649 0.602473 0.491844 0.787876
4 0.336595 0.40853 0.639012 0.81706
3 0.0774815 0.440592 0.154963 0.775007
4 0.0458828 0.226029 0.0917655 0.452059
0 0.14698 0.245852 0.293961 0.491705
4 0.0125703 0.588667 0.0251405 0.743109
0 0.0214144 0.536749 0.0428289 0.768358
0 0.586569 0.511006 0.349723 0.977987
3 0.553532 0.596864 0.125336 0.146805
4 0.931018 0.365553 0.137963 0.625069
4 0.668925 0.157279 0.66215 0.314559
4 0.00969793 0.711254 0.0193959 0.577493
0 0.357588 0.77682 0.482929 0.446359
4 0.0214144 0.536749 0.0428289 0.768358
1 0.427323 0.765029 0.584242 0.45491
4 0.372888 0.301468 0.55994 0.602937
2 0.420484 0.5 0.429277 1
0 0.668261 0.343448 0.625968 0.686896
0 0.53424 0.770956 0.444447 0.44959
0 0.850278 0.484483 0.299444 0.927786
4 0.533978 0.308937 0.464954 0.602363
0 0.218399 0.824531 0.425309 0.342092
4 0.172911 0.323424 0.345822 0.646847
0 0.478946 0.76614 0.522398 0.467719
1 0.208161 0.832827 0.407829 0.324474
4 0.380541 0.141767 0.689092 0.283535
4 0.347073 0.225276 0.694146 0.450552
4 0.906101 0.299365 0.187797 0.59873
4 0.787891 0.233914 0.424218 0.467828
0 0.349124 0.502362 0.624443 0.978512
4 0.624839 0.0958336 0.703405 0.191667
1 0.451137 0.754923 0.320869 0.484681
0 0.210094 0.424352 0.419434 0.437257
1 0.217253 0.764695 0.430996 0.459595
1 0.212017 0.405011 0.424034 0.568229
2 0.172911 0.323424 0.345822 0.646847
4 0.607033 0.602836 0.235968 0.152714
4 0.172743 0.133154 0.345486 0.266308
4 0.903187 0.380466 0.193626 0.737021
1 0.468345 0.3553 0.434354 0.704558
4 0.582897 0.242883 0.696966 0.485765
2 0.513826 0.505854 0.456303 0.988293
0 0.119211 0.208907 0.238423 0.417814
4 0.105497 0.127051 0.210995 0.254101
4 0.14698 0.245852 0.293961 0.491705
2 0.244297 0.758967 0.47514 0.464274
2 0.825877 0.340014 0.348245 0.679625
4 0.6107 0.336404 0.652381 0.672808
4 0.647694 0.510669 0.603525 0.978663
2 0.217996 0.442844 0.425558 0.65809
2 0.678865 0.766004 0.364957 0.467992
2 0.926982 0.343039 0.146035 0.636652
2 0.465065 0.343973 0.437351 0.672467
4 0.0774815 0.440592 0.154963 0.775007
2 0.336595 0.40853 0.639012 0.81706
4 0.151156 0.526864 0.302312 0.654544
4 0.871324 0.338328 0.257353 0.676656
4 0.0936747 0.277353 0.187349 0.554706
1 0.663266 0.748354 0.359018 0.454971
0 0.0936747 0.277353 0.187349 0.554706
4 0.119211 0.208907 0.238423 0.417814
1 0.93793 0.766374 0.124141 0.467253
2 0.132336 0.83134 0.261875 0.337319
0 0.372888 0.301468 0.55994 0.602937
2 0.57617 0.764846 0.390057 0.470308
4 0.431044 0.194844 0.50575 0.389688
2 0.899443 0.350477 0.201114 0.670711
1 0.366649 0.602473 0.491844 0.787876
2 0.283184 0.204954 0.566367 0.409908
2 0.0839926 0.788605 0.167985 0.42279
1 0.908691 0.760647 0.182617 0.44257
2 0.202453 0.828539 0.386044 0.342922
2 0.79542 0.767003 0.384591 0.465994
2 0.303752 0.526383 0.598164 0.925001
2 0.939002 0.771067 0.121996 0.457866
0 0.239154 0.801147 0.447222 0.397706
1 0.319964 0.488507 0.628882 0.924666
2 0.431044 0.194844 0.50575 0.389688
0 0.116885 0.576592 0.23377 0.70087
2 0.607033 0.602836 0.235968 0.152714
2 0.876664 0.147541 0.246672 0.295082
2 0.702972 0.343853 0.594056 0.687707
1 0.53424 0.770956 0.444447 0.44959
2 0.380541 0.141767 0.689092 0.283535
4 0.204325 0.392085 0.40865 0.637565
2 0.943319 0.782097 0.113362 0.435806
4 0.575533 0.4788 0.497133 0.942625
2 0.531808 0.765925 0.483589 0.450581
2 0.575533 0.4788 0.497133 0.942625
2 0.749452 0.287871 0.501097 0.575741
3 0.241907 0.554633 0.480978 0.847762
2 0.14698 0.245852 0.293961 0.491705
2 0.172743 0.133154 0.345486 0.266308
1 0.60798 0.765923 0.365166 0.451867
2 0.906101 0.299365 0.187797 0.59873
2 0.372888 0.301468 0.55994 0.602937
2 0.485999 0.243607 0.492694 0.487214
4 0.485999 0.243607 0.492694 0.487214
2 0.908691 0.760647 0.182617 0.44257
0 0.111102 0.471453 0.222203 0.557215
1 0.555411 0.581324 0.128009 0.198712
4 0.704015 0.369003 0.478164 0.723578
2 0.893444 0.465304 0.213111 0.90611
2 0.533978 0.308937 0.464954 0.602363
4 0.0737019 0.388005 0.147404 0.77601
2 0.0936747 0.277353 0.187349 0.554706
1 0.140665 0.82872 0.279052 0.334424
0 0.126133 0.355435 0.252266 0.70851
