0 0.500098 0.552222 0.0704836 0.0802477
0 0.580814 0.642237 0.235799 0.257811
0 0.782953 0.759256 0.434093 0.460737
0 0.635615 0.751317 0.40349 0.471254
0 0.336649 0.297378 0.469457 0.581325
0 0.500786 0.53251 0.0726997 0.123519
0 0.485931 0.57273 0.111993 0.120317
0 0.386627 0.46498 0.325173 0.862377
0 0.533564 0.732824 0.47905 0.428618
3 0.532699 0.539571 0.245677 0.920857
0 0.836143 0.397538 0.327715 0.788716
0 0.161341 0.748701 0.322681 0.39855
3 0.832165 0.504622 0.33567 0.990755
3 0.399923 0.503811 0.5644 0.992378
3 0.672081 0.509298 0.647638 0.966708
3 0.818941 0.725195 0.362119 0.529166
0 0.485551 0.0460816 0.925321 0.0921632
0 0.322848 0.503572 0.486316 0.992856
0 0.306077 0.0435206 0.612154 0.0870413
0 0.279469 0.766983 0.543747 0.458959
0 0.157963 0.637546 0.314859 0.187537
0 0.119331 0.698427 0.238661 0.292211
0 0.385539 0.757476 0.760234 0.468457
3 0.782198 0.762974 0.427644 0.474052
0 0.714885 0.738779 0.550645 0.498702
0 0.155475 0.838381 0.308617 0.323238
3 0.386627 0.46498 0.325173 0.862377
3 0.193212 0.396651 0.380344 0.775422
0 0.22663 0.0893014 0.453259 0.178603
4 0.295316 0.290032 0.549518 0.56111
4 0.386627 0.46498 0.325173 0.862377
3 0.896214 0.762454 0.207572 0.475092
0 0.0778625 0.853666 0.155524 0.292669
0 0.844988 0.773926 0.310025 0.452148
4 0.765691 0.7632 0.468265 0.450798
0 0.396135 0.0633527 0.79227 0.126705
3 0.605594 0.750069 0.434153 0.499861
0 0.224572 0.819883 0.437918 0.358764
4 0.476789 0.751437 0.687012 0.461076
3 0.408446 0.762302 0.688946 0.475396
3 0.848849 0.762676 0.302302 0.474648
3 0.428203 0.391278 0.528959 0.758081
0 0.847333 0.106108 0.305334 0.212216
3 0.505719 0.0393885 0.952603 0.0787771
3 0.373308 0.504983 0.389155 0.990034
3 0.0127158 0.646679 0.0254316 0.693105
3 0.940396 0.34052 0.119208 0.646976
3 0.287247 0.493108 0.563968 0.985532
3 0.942411 0.526216 0.115178 0.947567
3 0.945041 0.748242 0.109918 0.4875
0 0.0127158 0.646679 0.0254316 0.693105
4 0.157963 0.637546 0.314859 0.187537
3 0.22663 0.0893014 0.453259 0.178603
3 0.510126 0.754213 0.589372 0.491575
3 0.940984 0.772225 0.118032 0.45555
3 0.297986 0.791781 0.578793 0.416437
3 0.192367 0.816321 0.378624 0.367359
3 0.833342 0.216899 0.333316 0.428111
4 0.617279 0.753705 0.388058 0.469032
0 0.805563 0.491285 0.388874 0.98257
4 0.380923 0.323285 0.38421 0.630111
0 0.935676 0.779301 0.128647 0.441398
0 0.0953997 0.840198 0.190799 0.319604
3 0.118261 0.360898 0.235885 0.638248
3 0.675539 0.591347 0.454761 0.797641
0 0.279538 0.661712 0.55012 0.648179
0 0.015642 0.574879 0.031284 0.654353
4 0.782198 0.762974 0.427644 0.474052
3 0.597592 0.398829 0.729964 0.750815
3 0.825133 0.146959 0.349733 0.293919
3 0.380923 0.323285 0.38421 0.630111
3 0.173424 0.29824 0.343082 0.567834
4 0.500786 0.53251 0.0726997 0.123519
0 0.569052 0.0816984 0.861896 0.163397
0 0.141472 0.380077 0.279783 0.737885
3 0.287432 0.2999 0.558412 0.596731
4 0.533564 0.732824 0.47905 0.428618
3 0.015642 0.574879 0.031284 0.654353
3 0.157963 0.637546 0.314859 0.187537
3 0.531108 0.554998 0.136413 0.199325
4 0.500098 0.552222 0.0704836 0.0802477
0 0.835935 0.280744 0.32813 0.546507
0 0.10241 0.38237 0.20482 0.680981
3 0.0164003 0.768718 0.0328007 0.462564
4 0.408446 0.762302 0.688946 0.475396
0 0.532699 0.539571 0.245677 0.920857
0 0.33843 0.530838 0.67188 0.916298
3 0.161341 0.748701 0.322681 0.39855
3 0.860858 0.19246 0.278284 0.384919
4 0.848849 0.762676 0.302302 0.474648
0 0.809446 0.763981 0.380059 0.472038
4 0.161341 0.748701 0.322681 0.39855
3 0.760313 0.765135 0.473119 0.44997
4 0.218138 0.819337 0.424378 0.361325
4 0.119331 0.698427 0.238661 0.292211
3 0.100817 0.294964 0.201633 0.589927
3 0.144299 0.833956 0.287787 0.332088
3 0.950855 0.648197 0.0982902 0.557908
3 0.46649 0.296598 0.820037 0.593195
3 0.290325 0.0541411 0.58065 0.108282
3 0.279538 0.661712 0.55012 0.648179
4 0.373308 0.504983 0.389155 0.990034
0 0.698964 0.763914 0.388997 0.451676
4 0.783124 0.48987 0.433753 0.97974
3 0.393284 0.713821 0.767516 0.543161
3 0.130928 0.282132 0.261857 0.564263
3 0.847333 0.106108 0.305334 0.212216
4 0.249091 0.75102 0.486295 0.48838
4 0.510126 0.754213 0.589372 0.491575
0 0.940984 0.772225 0.118032 0.45555
4 0.144299 0.833956 0.287787 0.332088
0 0.896214 0.762454 0.207572 0.475092
0 0.0240632 0.436244 0.0481263 0.67933
3 0.0272243 0.816616 0.0544485 0.366768
4 0.896214 0.762454 0.207572 0.475092
0 0.917778 0.229029 0.164444 0.433605
0 0.273186 0.0780861 0.546371 0.156172
4 0.297986 0.791781 0.578793 0.416437
4 0.940984 0.772225 0.118032 0.45555
4 0.2863 0.498011 0.563863 0.987985
4 0.605594 0.750069 0.434153 0.499861
3 0.917778 0.229029 0.164444 0.433605
3 0.55018 0.0611163 0.89964 0.122233
0 0.477431 0.430913 0.121646 0.36638
0 0.0144979 0.719504 0.0289959 0.560993
3 0.249091 0.75102 0.486295 0.48838
0 0.945687 0.716558 0.108627 0.522223
0 0.116466 0.314372 0.232932 0.628743
4 0.521547 0.0438765 0.956906 0.0877531
3 0.837574 0.304041 0.324853 0.604675
4 0.836143 0.397538 0.327715 0.788716
0 0.255604 0.29013 0.499302 0.560582
3 0.273186 0.0780861 0.546371 0.156172
4 0.532699 0.539571 0.245677 0.920857
3 0.2114 0.310899 0.4228 0.621798
0 0.672081 0.509298 0.647638 0.966708
0 0.284485 0.430293 0.566494 0.852651
4 0.141472 0.380077 0.279783 0.737885
4 0.399923 0.503811 0.5644 0.992378
3 0.0844142 0.820164 0.16876 0.359673
2 0.383097 0.764312 0.749261 0.461781
3 0.0240632 0.436244 0.0481263 0.67933
4 0.935676 0.779301 0.128647 0.441398
4 0.10241 0.38237 0.20482 0.680981
0 0.619113 0.18326 0.761775 0.366519
0 0.940396 0.34052 0.119208 0.646976
0 0.0272243 0.816616 0.0544485 0.366768
4 0.0272243 0.816616 0.0544485 0.366768
0 0.0194861 0.798055 0.0389722 0.403891
0 0.510126 0.754213 0.589372 0.491575
3 0.396135 0.0633527 0.79227 0.126705
3 0.119331 0.698427 0.238661 0.292211
3 0.816875 0.249364 0.36625 0.498727
0 0.825133 0.146959 0.349733 0.293919
1 0.500098 0.552222 0.0704836 0.0802477
0 0.816875 0.249364 0.36625 0.498727
4 0.0953997 0.840198 0.190799 0.319604
3 0.500786 0.53251 0.0726997 0.123519
4 0.22663 0.0893014 0.453259 0.178603
4 0.0127158 0.646679 0.0254316 0.693105
4 0.279538 0.661712 0.55012 0.648179
4 0.569052 0.0816984 0.861896 0.163397
0 0.860858 0.19246 0.278284 0.384919
0 0.531108 0.554998 0.136413 0.199325
3 0.617279 0.753705 0.388058 0.469032
4 0.107206 0.771553 0.214411 0.456894
4 0.015642 0.574879 0.031284 0.654353
3 0.717695 0.388246 0.56461 0.713758
3 0.476789 0.751437 0.687012 0.461076
4 0.837604 0.285889 0.324792 0.556965
4 0.830388 0.775148 0.339224 0.446805
4 0.428203 0.391278 0.528959 0.758081
0 0.428203 0.391278 0.528959 0.758081
0 0.478373 0.35003 0.889723 0.700059
0 0.733812 0.75944 0.489242 0.481121
0 0.347468 0.769793 0.605409 0.460413
4 0.0240632 0.436244 0.0481263 0.67933
4 0.940396 0.34052 0.119208 0.646976
4 0.936677 0.571393 0.126646 0.853933
4 0.116466 0.314372 0.232932 0.628743
0 0.843351 0.556526 0.313298 0.873022
0 0.605594 0.750069 0.434153 0.499861
3 0.500098 0.552222 0.0704836 0.0802477
0 0.107206 0.771553 0.214411 0.456894
4 0.273186 0.0780861 0.546371 0.156172
4 0.306077 0.0435206 0.612154 0.0870413
3 0.619113 0.18326 0.761775 0.366519
4 0.130928 0.282132 0.261857 0.564263
0 0.66312 0.252215 0.673759 0.50443
4 0.598985 0.505195 0.64331 0.98961
4 0.0194861 0.798055 0.0389722 0.403891
4 0.580814 0.642237 0.235799 0.257811
4 0.860858 0.19246 0.278284 0.384919
0 0.130928 0.282132 0.261857 0.564263
4 0.917778 0.229029 0.164444 0.433605
3 0.477431 0.430913 0.121646 0.36638
4 0.945687 0.716558 0.108627 0.522223
4 0.675539 0.591347 0.454761 0.797641
4 0.0778625 0.853666 0.155524 0.292669
0 0.675539 0.591347 0.454761 0.797641
4 0.847333 0.106108 0.305334 0.212216
4 0.393284 0.713821 0.767516 0.543161
4 0.223448 0.412517 0.439718 0.818203
4 0.2114 0.310899 0.4228 0.621798
1 0.209469 0.821413 0.4156 0.35412
4 0.0144979 0.719504 0.0289959 0.560993
3 0.66312 0.252215 0.673759 0.50443
3 0.580814 0.642237 0.235799 0.257811
4 0.619113 0.18326 0.761775 0.366519
2 0.580814 0.642237 0.235799 0.257811
3 0.107206 0.771553 0.214411 0.456894
4 0.485931 0.57273 0.111993 0.120317
4 0.478373 0.35003 0.889723 0.700059
3 0.533564 0.732824 0.47905 0.428618
4 0.843351 0.556526 0.313298 0.873022
2 0.835982 0.279299 0.328036 0.54946
4 0.396135 0.0633527 0.79227 0.126705
4 0.477431 0.430913 0.121646 0.36638
0 0.936677 0.571393 0.126646 0.853933
2 0.617279 0.753705 0.388058 0.469032
4 0.672692 0.29316 0.654616 0.586321
4 0.531108 0.554998 0.136413 0.199325
4 0.162492 0.303386 0.32161 0.569223
2 0.269778 0.757913 0.525935 0.469547
0 0.162492 0.303386 0.32161 0.569223
1 0.844988 0.773926 0.310025 0.452148
2 0.778946 0.763559 0.442108 0.452488
2 0.500098 0.552222 0.0704836 0.0802477
1 0.831453 0.267496 0.337093 0.529762
1 0.3443 0.288416 0.455749 0.552235
0 0.399923 0.503811 0.5644 0.992378
2 0.917778 0.229029 0.164444 0.433605
1 0.533564 0.732824 0.47905 0.428618
1 0.185527 0.63688 0.365045 0.191366
2 0.500786 0.53251 0.0726997 0.123519
2 0.375137 0.509858 0.746843 0.95637
2 0.191775 0.382752 0.376575 0.761954
1 0.778946 0.763559 0.442108 0.452488
2 0.0953997 0.840198 0.190799 0.319604
1 0.935676 0.779301 0.128647 0.441398
2 0.940396 0.34052 0.119208 0.646976
4 0.825133 0.146959 0.349733 0.293919
2 0.314315 0.305702 0.55851 0.611405
3 0.485931 0.57273 0.111993 0.120317
2 0.533564 0.732824 0.47905 0.428618
2 0.733812 0.75944 0.489242 0.481121
2 0.144299 0.833956 0.287787 0.332088
2 0.219966 0.278674 0.439932 0.557348
2 0.933269 0.776452 0.133462 0.447095
4 0.777732 0.282817 0.444537 0.565634
4 0.597592 0.398829 0.729964 0.750815
2 0.45949 0.336668 0.654817 0.668521
1 0.191775 0.382752 0.376575 0.761954
1 0.178916 0.759076 0.356446 0.481409
2 0.940984 0.772225 0.118032 0.45555
2 0.192367 0.816321 0.378624 0.367359
1 0.657953 0.315015 0.684095 0.620659
2 0.532699 0.539571 0.245677 0.920857
1 0.641679 0.742741 0.392342 0.46426
2 0.816875 0.249364 0.36625 0.498727
1 0.714885 0.738779 0.550645 0.498702
1 0.698964 0.763914 0.388997 0.451676
2 0.11467 0.637979 0.228944 0.183306
1 0.155475 0.838381 0.308617 0.323238
2 0.279538 0.661712 0.55012 0.648179
1 0.255604 0.29013 0.499302 0.560582
2 0.66312 0.252215 0.673759 0.50443
2 0.578346 0.340961 0.830969 0.681922
2 0.0144979 0.719504 0.0289959 0.560993
2 0.847333 0.106108 0.305334 0.212216
1 0.500786 0.53251 0.0726997 0.123519
0 0.597592 0.398829 0.729964 0.750815
1 0.456145 0.759971 0.70521 0.460679
2 0.510126 0.754213 0.589372 0.491575
2 0.945687 0.716558 0.108627 0.522223
2 0.714885 0.738779 0.550645 0.498702
1 0.276741 0.397692 0.545967 0.786493
2 0.605594 0.750069 0.434153 0.499861
2 0.258713 0.414653 0.50846 0.829305
2 0.598985 0.505195 0.64331 0.98961
2 0.191549 0.63567 0.375762 0.197958
2 0.942411 0.526216 0.115178 0.947567
1 0.832165 0.504622 0.33567 0.990755
2 0.0272243 0.816616 0.0544485 0.366768
2 0.178916 0.759076 0.356446 0.481409
1 0.0194861 0.798055 0.0389722 0.403891
2 0.130928 0.282132 0.261857 0.564263
2 0.848849 0.762676 0.302302 0.474648
2 0.485931 0.57273 0.111993 0.120317
2 0.477431 0.430913 0.121646 0.36638
2 0.860858 0.19246 0.278284 0.384919
1 0.917778 0.229029 0.164444 0.433605
0 0.193212 0.396651 0.380344 0.775422
2 0.396135 0.0633527 0.79227 0.126705
2 0.619113 0.18326 0.761775 0.366519
2 0.100817 0.294964 0.201633 0.589927
1 0.860858 0.19246 0.278284 0.384919
2 0.387406 0.285791 0.387799 0.546651
1 0.0778625 0.853666 0.155524 0.292669
2 0.118261 0.360898 0.235885 0.638248
0 0.500107 0.552222 0.0704977 0.0802402
0 0.580583 0.641731 0.235308 0.256784
0 0.783107 0.759277 0.433786 0.46069
0 0.635656 0.751353 0.403362 0.4712
0 0.336967 0.297463 0.468853 0.581518
0 0.500796 0.532506 0.0727051 0.123491
0 0.485954 0.57265 0.111848 0.120168
0 0.386596 0.464484 0.32522 0.860513
0 0.534621 0.732467 0.476635 0.42795
3 0.532653 0.539831 0.245257 0.920337
0 0.836171 0.39751 0.327658 0.788666
3 0.832191 0.504623 0.335619 0.990755
3 0.399432 0.50386 0.565434 0.99228
0 0.161256 0.748039 0.322513 0.397088
3 0.671579 0.509187 0.648126 0.966847
3 0.819197 0.725284 0.361605 0.529012
0 0.485402 0.0464989 0.9249 0.0929978
0 0.323384 0.50356 0.485221 0.99288
0 0.30603 0.0435902 0.612061 0.0871803
0 0.279434 0.767014 0.54369 0.458973
0 0.157752 0.637593 0.314449 0.187473
0 0.119543 0.697813 0.239086 0.290911
0 0.385556 0.757488 0.760006 0.468509
3 0.782365 0.76287 0.427106 0.474261
3 0.386596 0.464484 0.32522 0.860513
3 0.193066 0.396962 0.380052 0.775868
0 0.155371 0.838342 0.308405 0.323317
0 0.714612 0.738747 0.550343 0.498737
0 0.22642 0.0893904 0.452841 0.178781
4 0.295448 0.290016 0.549252 0.561132
4 0.386596 0.464484 0.32522 0.860513
3 0.896313 0.762381 0.207373 0.475237
4 0.765632 0.763208 0.468353 0.450781
0 0.0779051 0.853628 0.155603 0.292743
3 0.605293 0.749992 0.434766 0.500017
4 0.476907 0.751452 0.686804 0.460943
0 0.845082 0.773974 0.309836 0.452053
3 0.40838 0.762322 0.688623 0.475355
0 0.395744 0.0637578 0.791487 0.127516
0 0.2242 0.819843 0.437232 0.358915
3 0.849044 0.762648 0.301912 0.474704
3 0.427485 0.391895 0.530412 0.75909
3 0.505595 0.0398005 0.952362 0.079601
3 0.373086 0.504965 0.389637 0.990069
3 0.0128364 0.646682 0.0256727 0.692651
3 0.940428 0.338982 0.119144 0.643613
3 0.287263 0.493044 0.563922 0.98537
0 0.847347 0.105881 0.305306 0.211762
3 0.942509 0.526506 0.114982 0.946988
3 0.94493 0.748285 0.110139 0.487303
4 0.157752 0.637593 0.314449 0.187473
3 0.22642 0.0893904 0.452841 0.178781
3 0.509995 0.754194 0.589789 0.491612
3 0.94111 0.772211 0.11778 0.455579
0 0.0128364 0.646682 0.0256727 0.692651
3 0.297982 0.791737 0.578753 0.416526
3 0.192146 0.816255 0.378183 0.367489
3 0.833304 0.21565 0.333393 0.425692
4 0.617404 0.753711 0.387854 0.469022
4 0.380822 0.324159 0.384466 0.631842
3 0.675838 0.588381 0.456204 0.80364
3 0.118263 0.361496 0.235895 0.63867
0 0.805541 0.491346 0.388917 0.982692
0 0.935904 0.779357 0.128192 0.441286
0 0.279534 0.66637 0.550104 0.638685
0 0.0955034 0.840095 0.191007 0.319811
3 0.825071 0.146522 0.349859 0.293045
4 0.782365 0.76287 0.427106 0.474261
3 0.173408 0.298465 0.34309 0.568389
3 0.597873 0.39893 0.724562 0.75046
3 0.380822 0.324159 0.384466 0.631842
0 0.0157161 0.575206 0.0314321 0.65222
4 0.500796 0.532506 0.0727051 0.123491
4 0.534621 0.732467 0.476635 0.42795
3 0.0157161 0.575206 0.0314321 0.65222
3 0.28748 0.299773 0.558275 0.596467
3 0.530987 0.554752 0.136181 0.198754
3 0.157752 0.637593 0.314449 0.187473
0 0.140774 0.380123 0.278395 0.737406
0 0.569431 0.0822152 0.861138 0.16443
4 0.500107 0.552222 0.0704977 0.0802402
3 0.0166273 0.768672 0.0332545 0.462655
4 0.40838 0.762322 0.688623 0.475355
3 0.161256 0.748039 0.322513 0.397088
3 0.860929 0.192443 0.278143 0.384886
0 0.101879 0.382471 0.203758 0.679844
4 0.849044 0.762648 0.301912 0.474704
0 0.835967 0.280929 0.328065 0.547075
4 0.161256 0.748039 0.322513 0.397088
0 0.338538 0.531809 0.672136 0.914408
0 0.532653 0.539831 0.245257 0.920337
3 0.760284 0.765088 0.472986 0.450204
4 0.119543 0.697813 0.239086 0.290911
4 0.217847 0.819236 0.423826 0.361529
3 0.100458 0.29518 0.200916 0.590361
3 0.144281 0.833925 0.287734 0.33215
3 0.95094 0.64793 0.0981203 0.556709
3 0.466203 0.297473 0.819275 0.594946
0 0.809676 0.763868 0.379483 0.472265
3 0.290124 0.054142 0.580248 0.108284
3 0.279534 0.66637 0.550104 0.638685
4 0.373086 0.504965 0.389637 0.990069
3 0.393158 0.713832 0.767356 0.543137
3 0.130247 0.282074 0.260494 0.564149
4 0.783042 0.489961 0.433915 0.979922
3 0.847347 0.105881 0.305306 0.211762
4 0.509995 0.754194 0.589789 0.491612
4 0.248976 0.751104 0.486135 0.488256
0 0.696882 0.763891 0.3844 0.451841
4 0.144281 0.833925 0.287734 0.33215
3 0.0273863 0.816457 0.0547726 0.367086
4 0.896313 0.762381 0.207373 0.475237
0 0.94111 0.772211 0.11778 0.455579
0 0.0238771 0.436005 0.0477542 0.67715
4 0.297982 0.791737 0.578753 0.416526
0 0.896313 0.762381 0.207373 0.475237
4 0.94111 0.772211 0.11778 0.455579
4 0.286332 0.497352 0.563789 0.986679
4 0.605293 0.749992 0.434766 0.500017
0 0.917924 0.229068 0.164152 0.43396
0 0.272972 0.078175 0.545944 0.15635
3 0.917924 0.229068 0.164152 0.43396
3 0.550504 0.0618164 0.898992 0.123633
3 0.248976 0.751104 0.486135 0.488256
3 0.837576 0.304463 0.324848 0.605441
4 0.521523 0.0443145 0.956954 0.0886291
4 0.836171 0.39751 0.327658 0.788666
3 0.272972 0.078175 0.545944 0.15635
4 0.532653 0.539831 0.245257 0.920337
0 0.477384 0.430566 0.121699 0.366966
0 0.014645 0.719526 0.0292901 0.560948
0 0.116395 0.314711 0.232789 0.629422
0 0.945604 0.716488 0.108791 0.522209
3 0.211133 0.310516 0.422267 0.621032
0 0.255523 0.290232 0.499165 0.560867
4 0.140774 0.380123 0.278395 0.737406
4 0.399432 0.50386 0.565434 0.99228
3 0.0846052 0.819926 0.16914 0.360147
3 0.0238771 0.436005 0.0477542 0.67715
2 0.383049 0.764346 0.749208 0.461752
0 0.671579 0.509187 0.648126 0.966847
4 0.935904 0.779357 0.128192 0.441286
4 0.101879 0.382471 0.203758 0.679844
0 0.284474 0.429274 0.566478 0.850625
4 0.0273863 0.816457 0.0547726 0.367086
3 0.395744 0.0637578 0.791487 0.127516
3 0.119543 0.697813 0.239086 0.290911
3 0.816797 0.248479 0.366406 0.496957
0 0.619585 0.182158 0.76083 0.364317
4 0.0955034 0.840095 0.191007 0.319811
1 0.500107 0.552222 0.0704977 0.0802402
0 0.940428 0.338982 0.119144 0.643613
0 0.0273863 0.816457 0.0547726 0.367086
0 0.509995 0.754194 0.589789 0.491612
0 0.0196899 0.798035 0.0393798 0.40393
3 0.500796 0.532506 0.0727051 0.123491
4 0.22642 0.0893904 0.452841 0.178781
4 0.0128364 0.646682 0.0256727 0.692651
0 0.825071 0.146522 0.349859 0.293045
4 0.279534 0.66637 0.550104 0.638685
0 0.816797 0.248479 0.366406 0.496957
4 0.569431 0.0822152 0.861138 0.16443
3 0.617404 0.753711 0.387854 0.469022
4 0.107712 0.7716 0.215425 0.4568
4 0.0157161 0.575206 0.0314321 0.65222
3 0.719947 0.388835 0.560105 0.713932
0 0.860929 0.192443 0.278143 0.384886
0 0.530987 0.554752 0.136181 0.198754
3 0.476907 0.751452 0.686804 0.460943
4 0.830416 0.775242 0.339169 0.446682
4 0.837588 0.2861 0.324825 0.557523
4 0.427485 0.391895 0.530412 0.75909
0 0.188517 0.399159 0.372678 0.785128
4 0.188517 0.399159 0.372678 0.785128
4 0.0238771 0.436005 0.0477542 0.67715
0 0.427485 0.391895 0.530412 0.75909
0 0.733714 0.759333 0.488177 0.481333
4 0.940428 0.338982 0.119144 0.643613
4 0.942509 0.526506 0.114982 0.946988
0 0.478213 0.350223 0.888461 0.700446
0 0.347346 0.769824 0.605172 0.460353
4 0.116395 0.314711 0.232789 0.629422
3 0.500107 0.552222 0.0704977 0.0802402
4 0.272972 0.078175 0.545944 0.15635
4 0.30603 0.0435902 0.612061 0.0871803
3 0.619585 0.182158 0.76083 0.364317
0 0.605293 0.749992 0.434766 0.500017
4 0.130247 0.282074 0.260494 0.564149
4 0.0196899 0.798035 0.0393798 0.40393
0 0.843351 0.557749 0.313299 0.870633
4 0.597976 0.505061 0.645414 0.989878
0 0.107712 0.7716 0.215425 0.4568
4 0.580583 0.641731 0.235308 0.256784
4 0.860929 0.192443 0.278143 0.384886
3 0.477384 0.430566 0.121699 0.366966
4 0.917924 0.229068 0.164152 0.43396
4 0.945604 0.716488 0.108791 0.522209
4 0.0779051 0.853628 0.155603 0.292743
4 0.675838 0.588381 0.456204 0.80364
0 0.663569 0.251183 0.672861 0.502367
4 0.847347 0.105881 0.305306 0.211762
4 0.393158 0.713832 0.767356 0.543137
0 0.130247 0.282074 0.260494 0.564149
4 0.211133 0.310516 0.422267 0.621032
0 0.675838 0.588381 0.456204 0.80364
3 0.663569 0.251183 0.672861 0.502367
4 0.014645 0.719526 0.0292901 0.560948
1 0.209201 0.821427 0.415069 0.354157
3 0.580583 0.641731 0.235308 0.256784
3 0.107712 0.7716 0.215425 0.4568
4 0.619585 0.182158 0.76083 0.364317
4 0.485954 0.57265 0.111848 0.120168
2 0.580583 0.641731 0.235308 0.256784
4 0.478213 0.350223 0.888461 0.700446
3 0.534621 0.732467 0.476635 0.42795
4 0.843351 0.557749 0.313299 0.870633
2 0.835999 0.279172 0.328003 0.549301
4 0.477384 0.430566 0.121699 0.366966
4 0.395744 0.0637578 0.791487 0.127516
4 0.672814 0.293517 0.654372 0.587033
2 0.617404 0.753711 0.387854 0.469022
4 0.530987 0.554752 0.136181 0.198754
4 0.162286 0.303971 0.32123 0.569932
0 0.936757 0.571732 0.126486 0.852291
2 0.269907 0.757863 0.526183 0.469677
2 0.779012 0.763539 0.441977 0.452639
1 0.845082 0.773974 0.309836 0.452053
0 0.162286 0.303971 0.32123 0.569932
2 0.500107 0.552222 0.0704977 0.0802402
1 0.344558 0.288432 0.455231 0.552357
1 0.83133 0.267504 0.33734 0.529825
2 0.917924 0.229068 0.164152 0.43396
1 0.534621 0.732467 0.476635 0.42795
0 0.399432 0.50386 0.565434 0.99228
1 0.185452 0.636905 0.36493 0.191289
2 0.500796 0.532506 0.0727051 0.123491
2 0.375104 0.509922 0.746841 0.956234
2 0.191601 0.382859 0.376221 0.761923
1 0.779012 0.763539 0.441977 0.452639
2 0.0955034 0.840095 0.191007 0.319811
1 0.935904 0.779357 0.128192 0.441286
4 0.825071 0.146522 0.349859 0.293045
2 0.940428 0.338982 0.119144 0.643613
3 0.485954 0.57265 0.111848 0.120168
2 0.314374 0.305743 0.557977 0.611485
2 0.534621 0.732467 0.476635 0.42795
2 0.733714 0.759333 0.488177 0.481333
2 0.144281 0.833925 0.287734 0.33215
2 0.219629 0.278155 0.439258 0.556311
2 0.933795 0.776521 0.13241 0.446958
4 0.777703 0.282077 0.444593 0.564154
4 0.597873 0.39893 0.724562 0.75046
2 0.459611 0.337305 0.653468 0.669489
1 0.191601 0.382859 0.376221 0.761923
1 0.178817 0.759267 0.356257 0.481095
2 0.94111 0.772211 0.11778 0.455579
1 0.659635 0.315228 0.680731 0.62109
2 0.192146 0.816255 0.378183 0.367489
2 0.532653 0.539831 0.245257 0.920337
1 0.557274 0.339139 0.784849 0.672436
1 0.641655 0.742784 0.392342 0.464315
1 0.714612 0.738747 0.550343 0.498737
2 0.816797 0.248479 0.366406 0.496957
1 0.696882 0.763891 0.3844 0.451841
2 0.114734 0.638009 0.229073 0.183222
2 0.279534 0.66637 0.550104 0.638685
1 0.155371 0.838342 0.308405 0.323317
1 0.255523 0.290232 0.499165 0.560867
2 0.663569 0.251183 0.672861 0.502367
2 0.57897 0.340962 0.829609 0.681924
1 0.500796 0.532506 0.0727051 0.123491
2 0.014645 0.719526 0.0292901 0.560948
2 0.847347 0.105881 0.305306 0.211762
1 0.456057 0.759918 0.705507 0.460879
2 0.509995 0.754194 0.589789 0.491612
2 0.945604 0.716488 0.108791 0.522209
2 0.714612 0.738747 0.550343 0.498737
0 0.597873 0.39893 0.724562 0.75046
2 0.605293 0.749992 0.434766 0.500017
1 0.276614 0.397892 0.545753 0.786813
2 0.258278 0.41472 0.507638 0.829439
2 0.597976 0.505061 0.645414 0.989878
2 0.191477 0.635616 0.375625 0.197724
2 0.942509 0.526506 0.114982 0.946988
1 0.832191 0.504623 0.335619 0.990755
2 0.0273863 0.816457 0.0547726 0.367086
2 0.178817 0.759267 0.356257 0.481095
1 0.0196899 0.798035 0.0393798 0.40393
2 0.485954 0.57265 0.111848 0.120168
2 0.849044 0.762648 0.301912 0.474704
2 0.130247 0.282074 0.260494 0.564149
2 0.477384 0.430566 0.121699 0.366966
2 0.860929 0.192443 0.278143 0.384886
1 0.917924 0.229068 0.164152 0.43396
2 0.395744 0.0637578 0.791487 0.127516
2 0.619585 0.182158 0.76083 0.364317
2 0.100458 0.29518 0.200916 0.590361
1 0.860929 0.192443 0.278143 0.384886
2 0.387317 0.286011 0.387922 0.54708
1 0.0779051 0.853628 0.155603 0.292743
