0 0.572518 0.69779 0.290875 0.361031
0 0.835186 0.50688 0.106913 0.0765347
1 0.566424 0.699723 0.29606 0.382712
0 0.693256 0.720124 0.548096 0.36713
0 0.834605 0.453009 0.111217 0.182593
0 0.866648 0.506275 0.176605 0.0778156
0 0.391528 0.517958 0.092935 0.0598864
0 0.53381 0.757584 0.368963 0.425489
2 0.567049 0.705381 0.295474 0.366107
0 0.837342 0.781469 0.325317 0.431098
0 0.362719 0.631633 0.151055 0.253117
0 0.0228795 0.260219 0.045759 0.520438
0 0.385104 0.601719 0.117813 0.181894
0 0.84627 0.399648 0.136194 0.322546
3 0.641381 0.759266 0.447827 0.437642
0 0.836266 0.61116 0.127371 0.279507
0 0.419716 0.67728 0.182507 0.392939
0 0.293205 0.745322 0.54761 0.509355
4 0.566424 0.699723 0.29606 0.382712
0 0.5748 0.751096 0.325959 0.497808
3 0.539891 0.438478 0.401828 0.876957
3 0.458627 0.440349 0.502692 0.880698
0 0.540219 0.0292086 0.906137 0.0584173
0 0.393209 0.468344 0.0925444 0.177444
4 0.641381 0.759266 0.447827 0.437642
1 0.835186 0.50688 0.106913 0.0765347
0 0.854967 0.702948 0.162805 0.466208
2 0.835186 0.50688 0.106913 0.0765347
3 0.889943 0.460971 0.220114 0.810102
3 0.388807 0.384803 0.323928 0.769606
0 0.218713 0.696481 0.422165 0.404198
3 0.781468 0.583375 0.230931 0.548193
0 0.136669 0.232953 0.273339 0.465906
0 0.405735 0.743949 0.586614 0.512101
2 0.693256 0.720124 0.548096 0.36713
3 0.879631 0.677573 0.240737 0.431458
0 0.0299632 0.282208 0.0599263 0.559022
0 0.648476 0.0359549 0.703047 0.0719098
3 0.733109 0.769741 0.512463 0.460519
3 0.84627 0.399648 0.136194 0.322546
2 0.834605 0.453009 0.111217 0.182593
0 0.505131 0.767411 0.379369 0.465178
4 0.835186 0.50688 0.106913 0.0765347
3 0.835186 0.50688 0.106913 0.0765347
3 0.79487 0.682074 0.207946 0.452519
0 0.860845 0.46067 0.161355 0.177525
3 0.173021 0.549379 0.344237 0.871382
4 0.834605 0.453009 0.111217 0.182593
0 0.879631 0.677573 0.240737 0.431458
0 0.393584 0.0361614 0.776502 0.0723227
3 0.211846 0.668411 0.417801 0.626863
1 0.834605 0.453009 0.111217 0.182593
3 0.575588 0.707577 0.280754 0.379695
3 0.216636 0.487506 0.408021 0.975011
4 0.5748 0.751096 0.325959 0.497808
3 0.890015 0.33942 0.219971 0.655177
3 0.339326 0.782784 0.466525 0.434431
3 0.674641 0.465852 0.512714 0.930807
3 0.261231 0.790221 0.436185 0.419558
1 0.854967 0.702948 0.162805 0.466208
3 0.763203 0.278734 0.473594 0.557468
3 0.892105 0.602519 0.215791 0.331027
3 0.616681 0.341641 0.730434 0.683281
0 0.470806 0.281902 0.755987 0.563805
3 0.832689 0.773987 0.331258 0.452027
3 0.889958 0.584643 0.219455 0.46033
3 0.908628 0.755778 0.182744 0.488445
3 0.294056 0.44364 0.347763 0.887279
0 0.923983 0.765464 0.152034 0.469072
4 0.223352 0.751751 0.433598 0.488504
3 0.503497 0.0279146 0.940288 0.0558292
3 0.880881 0.415567 0.198636 0.382421
3 0.201933 0.28485 0.356903 0.569699
3 0.916866 0.777107 0.166268 0.445786
3 0.425175 0.779723 0.511126 0.440553
3 0.849024 0.355908 0.301952 0.680883
3 0.850175 0.734802 0.299651 0.522691
0 0.186521 0.7498 0.371691 0.49131
3 0.718872 0.0840702 0.562256 0.16814
3 0.834605 0.453009 0.111217 0.182593
0 0.786672 0.075662 0.426657 0.151324
0 0.468908 0.181092 0.830264 0.362185
0 0.106822 0.776265 0.213645 0.43372
3 0.629929 0.0313149 0.740142 0.0626298
3 0.391528 0.517958 0.092935 0.0598864
0 0.884749 0.775955 0.230502 0.447882
3 0.186521 0.7498 0.371691 0.49131
3 0.579848 0.761098 0.367705 0.477804
0 0.211846 0.668411 0.417801 0.626863
3 0.317938 0.0383293 0.627793 0.0766585
0 0.0725005 0.445131 0.144722 0.868575
3 0.393209 0.468344 0.0925444 0.177444
3 0.193049 0.809319 0.359569 0.381361
0 0.678699 0.0645862 0.642601 0.129172
4 0.693256 0.720124 0.548096 0.36713
3 0.288846 0.253168 0.530754 0.506335
3 0.303027 0.790458 0.492156 0.41459
4 0.425175 0.779723 0.511126 0.440553
0 0.609651 0.352723 0.507898 0.705447
3 0.218713 0.696481 0.422165 0.404198
3 0.903163 0.530046 0.193674 0.64734
4 0.339326 0.782784 0.466525 0.434431
0 0.880881 0.415567 0.198636 0.382421
4 0.629929 0.0313149 0.740142 0.0626298
0 0.591648 0.3178 0.801534 0.635599
3 0.388163 0.492663 0.0938723 0.237905
4 0.832689 0.773987 0.331258 0.452027
4 0.733109 0.769741 0.512463 0.460519
0 0.252099 0.244611 0.504199 0.489221
4 0.393209 0.468344 0.0925444 0.177444
4 0.505131 0.767411 0.379369 0.465178
3 0.549417 0.2866 0.820532 0.5732
3 0.134135 0.468393 0.26576 0.916714
3 0.430193 0.296768 0.545665 0.593536
1 0.385104 0.601719 0.117813 0.181894
0 0.0726141 0.808902 0.145228 0.371783
3 0.131248 0.827014 0.25865 0.345971
0 0.0247306 0.406903 0.0494612 0.796322
0 0.833668 0.342847 0.139542 0.474629
0 0.709703 0.735688 0.580593 0.517675
0 0.387555 0.527547 0.0830302 0.0287898
3 0.842488 0.168601 0.315024 0.337202
4 0.0228795 0.260219 0.045759 0.520438
4 0.503497 0.0279146 0.940288 0.0558292
3 0.833668 0.342847 0.139542 0.474629
3 0.0229384 0.496622 0.0458768 0.959934
3 0.0223736 0.771735 0.0447472 0.45653
4 0.391528 0.517958 0.092935 0.0598864
0 0.28077 0.0653791 0.56154 0.130758
3 0.56781 0.28955 0.569863 0.5791
0 0.173021 0.549379 0.344237 0.871382
3 0.91464 0.434973 0.17072 0.687222
4 0.136669 0.232953 0.273339 0.465906
3 0.410923 0.773956 0.594855 0.436111
0 0.388163 0.492663 0.0938723 0.237905
3 0.616492 0.66854 0.331448 0.45556
4 0.53381 0.757584 0.368963 0.425489
0 0.596837 0.296425 0.62424 0.592849
3 0.28077 0.0653791 0.56154 0.130758
3 0.854967 0.702948 0.162805 0.466208
4 0.916866 0.777107 0.166268 0.445786
0 0.616492 0.66854 0.331448 0.45556
4 0.173021 0.549379 0.344237 0.871382
3 0.0296199 0.802684 0.0592397 0.394631
3 0.0220914 0.685935 0.0441828 0.62813
3 0.938866 0.314709 0.122268 0.581714
4 0.303027 0.790458 0.492156 0.41459
0 0.91464 0.434973 0.17072 0.687222
3 0.397513 0.268536 0.792838 0.537073
0 0.916866 0.777107 0.166268 0.445786
3 0.786672 0.075662 0.426657 0.151324
3 0.0358472 0.269883 0.0716944 0.539766
3 0.505131 0.767411 0.379369 0.465178
2 0.549351 0.756857 0.297315 0.486285
4 0.84627 0.399648 0.136194 0.322546
3 0.709703 0.735688 0.580593 0.517675
3 0.242184 0.237523 0.4 0.475046
0 0.654648 0.421428 0.608587 0.842856
3 0.248749 0.337976 0.438864 0.675953
0 0.842488 0.168601 0.315024 0.337202
4 0.106822 0.776265 0.213645 0.43372
1 0.838425 0.770853 0.32315 0.449918
4 0.549417 0.2866 0.820532 0.5732
0 0.146714 0.273361 0.286255 0.54494
3 0.468908 0.181092 0.830264 0.362185
1 0.151049 0.82106 0.293782 0.348833
4 0.908628 0.755778 0.182744 0.488445
1 0.84627 0.399648 0.136194 0.322546
4 0.261231 0.790221 0.436185 0.419558
4 0.786672 0.075662 0.426657 0.151324
4 0.643737 0.343343 0.712525 0.686687
1 0.393209 0.468344 0.0925444 0.177444
4 0.393584 0.0361614 0.776502 0.0723227
0 0.938866 0.314709 0.122268 0.581714
4 0.468908 0.181092 0.830264 0.362185
0 0.232549 0.784196 0.443902 0.41409
4 0.880881 0.415567 0.198636 0.382421
3 0.693256 0.720124 0.548096 0.36713
4 0.410923 0.773956 0.594855 0.436111
3 0.860845 0.46067 0.161355 0.177525
3 0.146714 0.273361 0.286255 0.54494
2 0.850162 0.736081 0.299675 0.508296
1 0.693256 0.720124 0.548096 0.36713
0 0.105784 0.47101 0.211568 0.922244
4 0.539891 0.438478 0.401828 0.876957
0 0.425175 0.779723 0.511126 0.440553
1 0.391528 0.517958 0.092935 0.0598864
4 0.56781 0.28955 0.569863 0.5791
2 0.836266 0.61116 0.127371 0.279507
4 0.193049 0.809319 0.359569 0.381361
1 0.0221839 0.261427 0.0443677 0.5185
0 0.554762 0.432541 0.477151 0.865082
0 0.0220914 0.685935 0.0441828 0.62813
4 0.0296199 0.802684 0.0592397 0.394631
3 0.220565 0.80175 0.416581 0.396499
4 0.718872 0.0840702 0.562256 0.16814
2 0.362719 0.631633 0.151055 0.253117
0 0.484446 0.283427 0.536137 0.566855
0 0.790605 0.730322 0.357413 0.530261
3 0.0889723 0.682998 0.177945 0.617226
4 0.397513 0.268536 0.792838 0.537073
4 0.214423 0.240211 0.391479 0.480422
3 0.425152 0.581542 0.164074 0.415451
4 0.833668 0.342847 0.139542 0.474629
0 0.332779 0.783972 0.5494 0.407572
0 0.0229949 0.512474 0.0459897 0.958171
0 0.0242464 0.795517 0.0484929 0.408966
4 0.0889723 0.682998 0.177945 0.617226
0 0.131248 0.827014 0.25865 0.345971
4 0.709703 0.735688 0.580593 0.517675
4 0.288846 0.253168 0.530754 0.506335
4 0.0358472 0.269883 0.0716944 0.539766
4 0.0220914 0.685935 0.0441828 0.62813
0 0.79487 0.682074 0.207946 0.452519
2 0.293205 0.745322 0.54761 0.509355
4 0.147642 0.770797 0.293825 0.448563
1 0.79487 0.682074 0.207946 0.452519
2 0.790605 0.730322 0.357413 0.530261
4 0.842488 0.168601 0.315024 0.337202
4 0.654648 0.421428 0.608587 0.842856
4 0.100343 0.500326 0.200685 0.946149
0 0.388807 0.384803 0.323928 0.769606
4 0.431913 0.276578 0.526385 0.553155
3 0.0228795 0.260219 0.045759 0.520438
4 0.388163 0.492663 0.0938723 0.237905
0 0.892105 0.602519 0.215791 0.331027
1 0.616492 0.66854 0.331448 0.45556
4 0.0223736 0.771735 0.0447472 0.45653
4 0.761518 0.344778 0.476965 0.689557
0 0.317024 0.323441 0.508349 0.646882
0 0.0296199 0.802684 0.0592397 0.394631
2 0.220937 0.721413 0.434603 0.439199
3 0.790605 0.730322 0.357413 0.530261
4 0.388807 0.384803 0.323928 0.769606
3 0.0725005 0.445131 0.144722 0.868575
0 0.339326 0.782784 0.466525 0.434431
2 0.866648 0.506275 0.176605 0.0778156
4 0.362719 0.631633 0.151055 0.253117
3 0.136669 0.232953 0.273339 0.465906
4 0.889943 0.460971 0.220114 0.810102
4 0.0229949 0.512474 0.0459897 0.958171
3 0.866648 0.506275 0.176605 0.0778156
4 0.131248 0.827014 0.25865 0.345971
4 0.91464 0.434973 0.17072 0.687222
4 0.317024 0.323441 0.508349 0.646882
1 0.0305464 0.269791 0.0610927 0.532444
4 0.458627 0.440349 0.502692 0.880698
0 0.458627 0.440349 0.502692 0.880698
3 0.362719 0.631633 0.151055 0.253117
1 0.0726141 0.808902 0.145228 0.371783
0 0.357349 0.254108 0.68192 0.508216
4 0.220952 0.482486 0.425972 0.964971
1 0.709703 0.735688 0.580593 0.517675
1 0.405735 0.743949 0.586614 0.512101
4 0.849024 0.355908 0.301952 0.680883
4 0.860845 0.46067 0.161355 0.177525
1 0.790605 0.730322 0.357413 0.530261
4 0.176122 0.28815 0.32435 0.5763
4 0.890015 0.33942 0.219971 0.655177
4 0.836266 0.61116 0.127371 0.279507
2 0.616492 0.66854 0.331448 0.45556
4 0.937679 0.360982 0.124642 0.650702
0 0.0889723 0.682998 0.177945 0.617226
2 0.390052 0.519307 0.0928657 0.0755481
1 0.202753 0.770529 0.399262 0.447332
3 0.108784 0.784347 0.217387 0.423553
0 0.761466 0.360961 0.477068 0.721922
0 0.903163 0.530046 0.193674 0.64734
2 0.57773 0.440264 0.347518 0.880528
3 0.385104 0.601719 0.117813 0.181894
0 0.261231 0.790221 0.436185 0.419558
4 0.28077 0.0653791 0.56154 0.130758
0 0.212614 0.240835 0.356427 0.478438
4 0.118086 0.279456 0.232211 0.558911
0 0.890015 0.33942 0.219971 0.655177
0 0.849024 0.355908 0.301952 0.680883
0 0.733109 0.769741 0.512463 0.460519
4 0.0726141 0.808902 0.145228 0.371783
4 0.385104 0.601719 0.117813 0.181894
4 0.879631 0.677573 0.240737 0.431458
3 0.0726141 0.808902 0.145228 0.371783
2 0.393209 0.468344 0.0925444 0.177444
2 0.388163 0.492663 0.0938723 0.237905
2 0.0725005 0.445131 0.144722 0.868575
2 0.91464 0.434973 0.17072 0.687222
3 0.836266 0.61116 0.127371 0.279507
0 0.425152 0.581542 0.164074 0.415451
2 0.0233502 0.266924 0.0467003 0.527937
1 0.118086 0.279456 0.232211 0.558911
2 0.131248 0.827014 0.25865 0.345971
2 0.425175 0.779723 0.511126 0.440553
4 0.0247306 0.406903 0.0494612 0.796322
1 0.125137 0.434992 0.248606 0.869984
4 0.790605 0.730322 0.357413 0.530261
4 0.892105 0.602519 0.215791 0.331027
0 0.220952 0.482486 0.425972 0.964971
4 0.616492 0.66854 0.331448 0.45556
2 0.709703 0.735688 0.580593 0.517675
2 0.53381 0.757584 0.368963 0.425489
0 0.781468 0.583375 0.230931 0.548193
0 0.572526 0.697799 0.290904 0.360988
0 0.835201 0.50687 0.106933 0.0765386
1 0.566426 0.699746 0.296043 0.382706
0 0.693399 0.720175 0.54838 0.367029
0 0.83461 0.453046 0.11124 0.182473
0 0.86667 0.50627 0.17663 0.077825
0 0.39154 0.517962 0.0929545 0.0599038
0 0.534677 0.757572 0.367213 0.42544
2 0.567052 0.705413 0.295437 0.366118
0 0.837312 0.781488 0.325376 0.43111
0 0.361109 0.632295 0.154318 0.254399
0 0.0228673 0.260235 0.0457345 0.520469
0 0.385113 0.601868 0.117938 0.182107
3 0.642455 0.759295 0.44998 0.437594
0 0.846152 0.399672 0.135979 0.32265
0 0.836331 0.611594 0.127405 0.280413
0 0.419683 0.677293 0.1823 0.392984
4 0.566426 0.699746 0.296043 0.382706
0 0.292528 0.745378 0.546667 0.509244
3 0.539766 0.438497 0.402628 0.876994
0 0.5747 0.751085 0.325798 0.497831
3 0.458753 0.439614 0.502617 0.879227
0 0.540109 0.0290094 0.906497 0.0580188
0 0.39322 0.46837 0.092568 0.177572
4 0.642455 0.759295 0.44998 0.437594
1 0.835201 0.50687 0.106933 0.0765386
2 0.835201 0.50687 0.106933 0.0765386
3 0.889921 0.461761 0.220157 0.811055
0 0.855185 0.70333 0.163326 0.46704
3 0.38911 0.384592 0.327767 0.769185
0 0.218678 0.695817 0.422133 0.402464
3 0.781237 0.583409 0.230923 0.549002
0 0.137016 0.232525 0.274031 0.46505
2 0.693399 0.720175 0.54838 0.367029
0 0.405345 0.743921 0.587379 0.512159
3 0.879616 0.678016 0.240768 0.432236
3 0.733303 0.769777 0.511988 0.460446
3 0.846152 0.399672 0.135979 0.32265
0 0.648382 0.0358608 0.703235 0.0717215
0 0.0299696 0.282451 0.0599392 0.559424
2 0.83461 0.453046 0.11124 0.182473
3 0.835201 0.50687 0.106933 0.0765386
4 0.835201 0.50687 0.106933 0.0765386
0 0.505391 0.76743 0.378681 0.465139
3 0.794948 0.682403 0.207753 0.452948
3 0.173471 0.550549 0.345132 0.868111
4 0.83461 0.453046 0.11124 0.182473
3 0.211826 0.672022 0.417723 0.617824
0 0.860858 0.46071 0.161364 0.177388
1 0.83461 0.453046 0.11124 0.182473
0 0.879616 0.678016 0.240768 0.432236
3 0.575571 0.70758 0.280793 0.379649
0 0.393629 0.0360955 0.776403 0.0721909
3 0.216902 0.487504 0.408402 0.975008
4 0.5747 0.751085 0.325798 0.497831
3 0.890056 0.33947 0.219887 0.655327
3 0.33904 0.782673 0.465192 0.434654
3 0.673746 0.465831 0.510936 0.930837
3 0.260756 0.790099 0.435419 0.419801
1 0.855185 0.70333 0.163326 0.46704
3 0.892051 0.602479 0.215899 0.330143
3 0.763151 0.278172 0.473698 0.556344
3 0.617067 0.340963 0.728641 0.681926
3 0.832713 0.774044 0.331163 0.451912
0 0.471066 0.280869 0.755408 0.561737
3 0.908501 0.755918 0.182997 0.488163
3 0.889942 0.585393 0.219477 0.461253
3 0.293553 0.443862 0.349686 0.887724
4 0.223265 0.751925 0.433486 0.488456
3 0.503284 0.0278491 0.940347 0.0556982
3 0.880838 0.415756 0.198561 0.382739
3 0.202105 0.28454 0.356998 0.569079
3 0.917025 0.777044 0.165949 0.445913
3 0.425379 0.779701 0.510443 0.440599
3 0.849642 0.35615 0.300717 0.681593
0 0.923902 0.765481 0.152196 0.469038
3 0.850226 0.734892 0.299547 0.522604
3 0.71877 0.0840084 0.56246 0.168017
3 0.83461 0.453046 0.11124 0.182473
3 0.629995 0.031151 0.740011 0.062302
0 0.186836 0.749938 0.372329 0.491321
3 0.39154 0.517962 0.0929545 0.0599038
3 0.186836 0.749938 0.372329 0.491321
0 0.78669 0.0755815 0.42662 0.151163
0 0.469476 0.173823 0.830694 0.347645
0 0.107403 0.77629 0.214806 0.433668
3 0.579737 0.761089 0.367429 0.477822
0 0.884723 0.775979 0.230554 0.447938
3 0.317771 0.0383173 0.627557 0.0766345
0 0.211826 0.672022 0.417723 0.617824
3 0.39322 0.46837 0.092568 0.177572
3 0.192499 0.809424 0.358423 0.381152
4 0.693399 0.720175 0.54838 0.367029
3 0.302245 0.790402 0.490709 0.414735
3 0.288947 0.253231 0.53059 0.506463
0 0.0729315 0.445257 0.145593 0.868712
4 0.425379 0.779701 0.510443 0.440599
3 0.218678 0.695817 0.422133 0.402464
3 0.903018 0.530978 0.193963 0.645723
4 0.33904 0.782673 0.465192 0.434654
0 0.60949 0.350464 0.505327 0.700928
0 0.678531 0.0644655 0.642939 0.128931
4 0.629995 0.031151 0.740011 0.062302
3 0.388164 0.493022 0.0938646 0.238688
4 0.832713 0.774044 0.331163 0.451912
4 0.733303 0.769777 0.511988 0.460446
0 0.880838 0.415756 0.198561 0.382739
4 0.39322 0.46837 0.092568 0.177572
3 0.134645 0.468299 0.266781 0.916465
3 0.549701 0.286702 0.819409 0.573404
4 0.505391 0.76743 0.378681 0.465139
0 0.591774 0.318052 0.801157 0.636105
3 0.430577 0.296525 0.544778 0.59305
1 0.385113 0.601868 0.117938 0.182107
0 0.251933 0.244226 0.503866 0.488453
3 0.131319 0.827041 0.258784 0.345917
0 0.0728067 0.808894 0.145613 0.37181
3 0.842734 0.167942 0.314533 0.335884
4 0.0228673 0.260235 0.0457345 0.520469
4 0.503284 0.0278491 0.940347 0.0556982
0 0.387557 0.527564 0.0830387 0.0287655
0 0.024736 0.406937 0.0494721 0.796274
0 0.833463 0.343456 0.138875 0.473626
0 0.709715 0.735642 0.58057 0.517904
3 0.833463 0.343456 0.138875 0.473626
3 0.0230222 0.496666 0.0460445 0.960106
4 0.39154 0.517962 0.0929545 0.0599038
3 0.0226102 0.771769 0.0452203 0.456463
3 0.56882 0.289657 0.566659 0.579313
3 0.914504 0.435056 0.170992 0.686936
4 0.137016 0.232525 0.274031 0.46505
3 0.410826 0.773991 0.595022 0.436175
0 0.280506 0.0652855 0.561011 0.130571
0 0.173471 0.550549 0.345132 0.868111
3 0.616619 0.66865 0.331589 0.455404
4 0.534677 0.757572 0.367213 0.42544
3 0.280506 0.0652855 0.561011 0.130571
3 0.855185 0.70333 0.163326 0.46704
0 0.388164 0.493022 0.0938646 0.238688
4 0.173471 0.550549 0.345132 0.868111
4 0.917025 0.777044 0.165949 0.445913
3 0.0298082 0.802577 0.0596164 0.394845
3 0.93894 0.314214 0.122119 0.58068
3 0.0222728 0.68605 0.0445456 0.6279
4 0.302245 0.790402 0.490709 0.414735
0 0.616619 0.66865 0.331589 0.455404
3 0.78669 0.0755815 0.42662 0.151163
3 0.397939 0.268655 0.793574 0.53731
3 0.0359122 0.270022 0.0718243 0.540045
3 0.505391 0.76743 0.378681 0.465139
2 0.549348 0.756858 0.297135 0.486284
4 0.846152 0.399672 0.135979 0.32265
3 0.709715 0.735642 0.58057 0.517904
3 0.242146 0.23723 0.399425 0.474461
0 0.551154 0.288806 0.541785 0.577612
0 0.914504 0.435056 0.170992 0.686936
0 0.917025 0.777044 0.165949 0.445913
3 0.248807 0.335714 0.438484 0.671427
4 0.107403 0.77629 0.214806 0.433668
4 0.549701 0.286702 0.819409 0.573404
1 0.838401 0.770857 0.323197 0.449963
0 0.654383 0.420259 0.605171 0.840518
3 0.469476 0.173823 0.830694 0.347645
4 0.908501 0.755918 0.182997 0.488163
1 0.151198 0.821282 0.294026 0.348472
0 0.842734 0.167942 0.314533 0.335884
4 0.260756 0.790099 0.435419 0.419801
1 0.846152 0.399672 0.135979 0.32265
4 0.78669 0.0755815 0.42662 0.151163
4 0.643482 0.34383 0.713036 0.687661
0 0.14728 0.27335 0.287318 0.544959
4 0.469476 0.173823 0.830694 0.347645
1 0.39322 0.46837 0.092568 0.177572
4 0.393629 0.0360955 0.776403 0.0721909
3 0.693399 0.720175 0.54838 0.367029
4 0.880838 0.415756 0.198561 0.382739
3 0.860858 0.46071 0.161364 0.177388
4 0.410826 0.773991 0.595022 0.436175
3 0.14728 0.27335 0.287318 0.544959
0 0.23238 0.784097 0.443571 0.414375
0 0.93894 0.314214 0.122119 0.58068
1 0.693399 0.720175 0.54838 0.367029
2 0.850236 0.736128 0.299529 0.508332
4 0.539766 0.438497 0.402628 0.876994
1 0.39154 0.517962 0.0929545 0.0599038
4 0.56882 0.289657 0.566659 0.579313
2 0.836331 0.611594 0.127405 0.280413
4 0.192499 0.809424 0.358423 0.381152
0 0.106474 0.470891 0.212949 0.921683
1 0.0221726 0.261445 0.0443451 0.518575
0 0.425379 0.779701 0.510443 0.440599
4 0.0298082 0.802577 0.0596164 0.394845
3 0.220137 0.801774 0.415617 0.396452
4 0.71877 0.0840084 0.56246 0.168017
0 0.554889 0.432118 0.477782 0.864236
2 0.361109 0.632295 0.154318 0.254399
0 0.0222728 0.68605 0.0445456 0.6279
3 0.0896927 0.686306 0.179385 0.610729
4 0.397939 0.268655 0.793574 0.53731
4 0.214214 0.239943 0.390705 0.479886
3 0.425184 0.58129 0.164195 0.415269
0 0.790792 0.730477 0.356857 0.530018
4 0.833463 0.343456 0.138875 0.473626
4 0.0896927 0.686306 0.179385 0.610729
4 0.709715 0.735642 0.58057 0.517904
4 0.288947 0.253231 0.53059 0.506463
4 0.0359122 0.270022 0.0718243 0.540045
4 0.0222728 0.68605 0.0445456 0.6279
0 0.331914 0.783985 0.547537 0.407592
2 0.292528 0.745378 0.546667 0.509244
1 0.794948 0.682403 0.207753 0.452948
2 0.790792 0.730477 0.356857 0.530018
4 0.842734 0.167942 0.314533 0.335884
0 0.0231276 0.512632 0.0462552 0.957935
0 0.0244901 0.795557 0.0489803 0.408886
0 0.131319 0.827041 0.258784 0.345917
4 0.492453 0.374242 0.504413 0.748483
4 0.654383 0.420259 0.605171 0.840518
4 0.101161 0.500438 0.202322 0.945793
0 0.794948 0.682403 0.207753 0.452948
4 0.432581 0.276365 0.52485 0.55273
3 0.0228673 0.260235 0.0457345 0.520469
4 0.388164 0.493022 0.0938646 0.238688
0 0.38911 0.384592 0.327767 0.769185
1 0.616619 0.66865 0.331589 0.455404
4 0.0226102 0.771769 0.0452203 0.456463
4 0.761754 0.344984 0.476492 0.689968
0 0.892051 0.602479 0.215899 0.330143
2 0.220901 0.720916 0.434616 0.438065
3 0.790792 0.730477 0.356857 0.530018
4 0.38911 0.384592 0.327767 0.769185
3 0.0729315 0.445257 0.145593 0.868712
0 0.316893 0.321794 0.508169 0.643588
0 0.0298082 0.802577 0.0596164 0.394845
4 0.361109 0.632295 0.154318 0.254399
3 0.137016 0.232525 0.274031 0.46505
4 0.889921 0.461761 0.220157 0.811055
2 0.86667 0.50627 0.17663 0.077825
0 0.432581 0.276365 0.52485 0.55273
0 0.33904 0.782673 0.465192 0.434654
3 0.86667 0.50627 0.17663 0.077825
4 0.0231276 0.512632 0.0462552 0.957935
4 0.131319 0.827041 0.258784 0.345917
4 0.914504 0.435056 0.170992 0.686936
4 0.316893 0.321794 0.508169 0.643588
1 0.0305757 0.269848 0.0611513 0.532601
3 0.361109 0.632295 0.154318 0.254399
0 0.458753 0.439614 0.502617 0.879227
1 0.0728067 0.808894 0.145613 0.37181
4 0.220918 0.482237 0.426074 0.964474
1 0.709715 0.735642 0.58057 0.517904
1 0.405345 0.743921 0.587379 0.512159
4 0.860858 0.46071 0.161364 0.177388
4 0.849642 0.35615 0.300717 0.681593
0 0.357705 0.254225 0.682277 0.50845
4 0.176521 0.287996 0.324968 0.575993
1 0.790792 0.730477 0.356857 0.530018
4 0.836331 0.611594 0.127405 0.280413
4 0.890056 0.33947 0.219887 0.655327
2 0.616619 0.66865 0.331589 0.455404
4 0.93769 0.360926 0.124619 0.650503
2 0.390056 0.519341 0.0928447 0.0756054
3 0.109237 0.784359 0.218294 0.42354
1 0.202653 0.770505 0.399052 0.44743
0 0.0896927 0.686306 0.179385 0.610729
2 0.577726 0.440273 0.348045 0.880546
0 0.761763 0.361103 0.476474 0.722205
3 0.385113 0.601868 0.117938 0.182107
4 0.280506 0.0652855 0.561011 0.130571
0 0.903018 0.530978 0.193963 0.645723
4 0.118772 0.279501 0.233558 0.559003
0 0.260756 0.790099 0.435419 0.419801
0 0.212688 0.240704 0.356211 0.47802
4 0.385113 0.601868 0.117938 0.182107
4 0.0728067 0.808894 0.145613 0.37181
4 0.879616 0.678016 0.240768 0.432236
3 0.0728067 0.808894 0.145613 0.37181
0 0.890056 0.33947 0.219887 0.655327
0 0.849642 0.35615 0.300717 0.681593
2 0.39322 0.46837 0.092568 0.177572
0 0.733303 0.769777 0.511988 0.460446
2 0.388164 0.493022 0.0938646 0.238688
2 0.0729315 0.445257 0.145593 0.868712
3 0.836331 0.611594 0.127405 0.280413
2 0.914504 0.435056 0.170992 0.686936
2 0.0233491 0.266959 0.0466982 0.52792
1 0.118772 0.279501 0.233558 0.559003
2 0.131319 0.827041 0.258784 0.345917
2 0.425379 0.779701 0.510443 0.440599
4 0.024736 0.406937 0.0494721 0.796274
1 0.125868 0.435715 0.250057 0.87143
0 0.425184 0.58129 0.164195 0.415269
4 0.790792 0.730477 0.356857 0.530018
4 0.892051 0.602479 0.215899 0.330143
4 0.616619 0.66865 0.331589 0.455404
2 0.709715 0.735642 0.58057 0.517904
4 0.86667 0.50627 0.17663 0.077825
2 0.534677 0.757572 0.367213 0.42544
2 0.93769 0.360926 0.124619 0.650503
4 0.903018 0.530978 0.193963 0.645723
