3 0.961055 0.279373 0.0743786 0.341748
0 0.835481 0.784245 0.329038 0.420011
0 0.956825 0.264699 0.0863496 0.312846
1 0.956825 0.264699 0.0863496 0.312846
0 0.526975 0.765172 0.932384 0.445125
0 0.812209 0.668833 0.375378 0.620944
0 0.169561 0.890528 0.336679 0.218943
0 0.517176 0.0353997 0.965649 0.0707995
0 0.373405 0.773634 0.722627 0.430925
3 0.535845 0.574819 0.927968 0.815272
3 0.815901 0.533529 0.367303 0.851772
0 0.958564 0.35178 0.0828724 0.492623
0 0.266533 0.777139 0.523472 0.434663
0 0.376098 0.0490813 0.752196 0.0981627
0 0.623237 0.141057 0.753526 0.282114
4 0.838223 0.783945 0.323555 0.415927
3 0.182645 0.466817 0.360351 0.933633
3 0.745105 0.677946 0.509791 0.607689
3 0.13986 0.430387 0.279719 0.860774
0 0.68153 0.769186 0.63694 0.440088
0 0.19615 0.792632 0.389877 0.414736
0 0.236325 0.892016 0.459515 0.215968
3 0.399856 0.724126 0.763176 0.470807
3 0.15485 0.554356 0.309699 0.891288
0 0.230986 0.177835 0.461973 0.355669
3 0.833679 0.787417 0.332641 0.425165
0 0.910187 0.799322 0.179626 0.399486
3 0.326172 0.796368 0.488903 0.407264
3 0.182146 0.271023 0.362053 0.519913
0 0.928001 0.767867 0.143997 0.464266
3 0.408495 0.607907 0.815949 0.761522
3 0.546311 0.770026 0.606266 0.459948
3 0.5871 0.340364 0.825801 0.680727
3 0.953156 0.46717 0.0936871 0.590218
3 0.912935 0.80239 0.174131 0.395219
3 0.477848 0.455822 0.888841 0.911645
3 0.770855 0.374996 0.45829 0.749992
3 0.599878 0.0799287 0.800243 0.159857
3 0.280242 0.450416 0.552352 0.900832
0 0.599878 0.0799287 0.800243 0.159857
0 0.00675487 0.636011 0.0135097 0.727978
3 0.230986 0.177835 0.461973 0.355669
0 0.804702 0.212145 0.390596 0.42429
3 0.938347 0.225664 0.123306 0.451328
3 0.272736 0.870911 0.520354 0.258178
4 0.531223 0.765139 0.899196 0.446289
3 0.196653 0.886192 0.384049 0.227616
3 0.751071 0.235495 0.497858 0.47099
3 0.389448 0.770629 0.597108 0.458743
3 0.180013 0.770868 0.357871 0.453237
3 0.394565 0.327737 0.730174 0.655474
3 0.857665 0.578906 0.282449 0.822639
3 0.692506 0.771927 0.539638 0.456147
0 0.135555 0.858778 0.271045 0.282444
0 0.853931 0.608265 0.287728 0.740853
3 0.623237 0.141057 0.753526 0.282114
3 0.937427 0.66816 0.125146 0.613558
0 0.0080507 0.692746 0.0161014 0.614509
0 0.414618 0.241474 0.800059 0.482948
3 0.754896 0.503674 0.490209 0.959471
3 0.0664651 0.253346 0.13293 0.506693
0 0.684175 0.282231 0.63165 0.564462
0 0.404202 0.67914 0.808404 0.613488
0 0.946832 0.217242 0.106336 0.434485
3 0.512661 0.0271685 0.970682 0.054337
4 0.623237 0.141057 0.753526 0.282114
4 0.57495 0.065574 0.850099 0.131148
3 0.946713 0.761943 0.106574 0.4576
2 0.958316 0.266076 0.0833672 0.313934
3 0.302672 0.0500842 0.605344 0.100168
4 0.912935 0.80239 0.174131 0.395219
3 0.0698049 0.761989 0.13961 0.47248
3 0.53628 0.766455 0.926534 0.444963
3 0.547604 0.0482713 0.897869 0.0965425
3 0.655275 0.506165 0.656584 0.98767
3 0.0268992 0.248452 0.0537984 0.496905
3 0.804702 0.212145 0.390596 0.42429
0 0.546801 0.292229 0.906398 0.584457
3 0.684175 0.282231 0.63165 0.564462
4 0.583467 0.456082 0.785522 0.886342
4 0.525392 0.04114 0.949217 0.0822801
3 0.0235468 0.40224 0.0470936 0.80448
3 0.00671014 0.575327 0.0134203 0.813088
3 0.0645223 0.637982 0.129045 0.724035
0 0.751071 0.235495 0.497858 0.47099
4 0.546801 0.292229 0.906398 0.584457
3 0.68153 0.769186 0.63694 0.440088
4 0.353029 0.770588 0.523307 0.458824
1 0.206352 0.890109 0.407833 0.219781
3 0.0125316 0.432453 0.0250633 0.837576
4 0.546311 0.770026 0.606266 0.459948
4 0.958316 0.266076 0.0833672 0.313934
3 0.958564 0.35178 0.0828724 0.492623
4 0.938347 0.225664 0.123306 0.451328
3 0.0148287 0.791777 0.0296575 0.416445
4 0.387078 0.774003 0.738551 0.427473
4 0.928001 0.767867 0.143997 0.464266
3 0.900186 0.78376 0.199629 0.430276
4 0.68153 0.769186 0.63694 0.440088
0 0.375956 0.294769 0.689692 0.589429
3 0.267945 0.767388 0.524405 0.448194
4 0.801315 0.776696 0.392415 0.446608
0 0.0148287 0.791777 0.0296575 0.416445
3 0.296618 0.0811438 0.593235 0.162288
0 0.296618 0.0811438 0.593235 0.162288
0 0.953156 0.46717 0.0936871 0.590218
4 0.196653 0.886192 0.384049 0.227616
3 0.010431 0.753607 0.0208621 0.492786
3 0.410058 0.0599834 0.820116 0.119967
4 0.745105 0.677946 0.509791 0.607689
0 0.583467 0.456082 0.785522 0.886342
3 0.828689 0.718143 0.342622 0.525799
0 0.474567 0.772179 0.676345 0.455642
3 0.0733096 0.425048 0.146619 0.828363
4 0.535845 0.574819 0.927968 0.815272
4 0.692506 0.771927 0.539638 0.456147
4 0.958564 0.35178 0.0828724 0.492623
0 0.821319 0.537316 0.313166 0.904635
0 0.341811 0.44669 0.683623 0.884216
3 0.0281747 0.825572 0.0563493 0.348857
0 0.1261 0.77967 0.2522 0.44066
0 0.477535 0.140912 0.866244 0.281825
3 0.106258 0.26258 0.212516 0.501321
0 0.010431 0.753607 0.0208621 0.492786
3 0.852233 0.386873 0.295533 0.57737
4 0.404202 0.67914 0.808404 0.613488
1 0.839278 0.767316 0.321444 0.445123
0 0.0075994 0.467202 0.0151988 0.815785
4 0.429588 0.0526692 0.859176 0.105338
0 0.515783 0.581901 0.962465 0.795535
4 0.900186 0.78376 0.199629 0.430276
4 0.394565 0.327737 0.730174 0.655474
0 0.0281747 0.825572 0.0563493 0.348857
4 0.341811 0.44669 0.683623 0.884216
3 0.0080507 0.692746 0.0161014 0.614509
4 0.267945 0.767388 0.524405 0.448194
4 0.0125316 0.432453 0.0250633 0.837576
0 0.937427 0.66816 0.125146 0.613558
4 0.136438 0.883028 0.272864 0.233944
0 0.852233 0.386873 0.295533 0.57737
3 0.263568 0.285496 0.510328 0.569008
4 0.1261 0.77967 0.2522 0.44066
4 0.00675487 0.636011 0.0135097 0.727978
3 0.136438 0.883028 0.272864 0.233944
2 0.958564 0.35178 0.0828724 0.492623
4 0.684175 0.282231 0.63165 0.564462
4 0.754896 0.503674 0.490209 0.959471
0 0.0664651 0.253346 0.13293 0.506693
4 0.272736 0.870911 0.520354 0.258178
4 0.953156 0.46717 0.0936871 0.590218
3 0.1261 0.77967 0.2522 0.44066
4 0.327135 0.0460765 0.651441 0.0921529
4 0.230986 0.177835 0.461973 0.355669
0 0.733334 0.415918 0.51207 0.750339
4 0.234465 0.499251 0.463911 0.977299
3 0.904979 0.38214 0.18927 0.550754
4 0.853931 0.608265 0.287728 0.740853
4 0.751071 0.235495 0.497858 0.47099
1 0.957625 0.348951 0.0847492 0.47772
1 0.222734 0.790272 0.442852 0.419457
0 0.639692 0.361845 0.720616 0.72369
0 0.0235468 0.40224 0.0470936 0.80448
4 0.316342 0.286167 0.601151 0.566961
4 0.0235468 0.40224 0.0470936 0.80448
4 0.639692 0.361845 0.720616 0.72369
4 0.0698049 0.761989 0.13961 0.47248
0 0.236288 0.275828 0.459582 0.540441
4 0.937427 0.66816 0.125146 0.613558
4 0.804702 0.212145 0.390596 0.42429
4 0.0664651 0.253346 0.13293 0.506693
0 0.353029 0.770588 0.523307 0.458824
4 0.821319 0.537316 0.313166 0.904635
4 0.0281747 0.825572 0.0563493 0.348857
3 0.10989 0.388169 0.21978 0.739318
0 0.801315 0.776696 0.392415 0.446608
0 0.0268992 0.248452 0.0537984 0.496905
3 0.477535 0.140912 0.866244 0.281825
2 0.24244 0.768445 0.477069 0.446097
2 0.852233 0.386873 0.295533 0.57737
2 0.850918 0.544673 0.298164 0.884399
4 0.176663 0.26798 0.353326 0.535959
4 0.296618 0.0811438 0.593235 0.162288
2 0.37378 0.767823 0.723277 0.450286
4 0.0273105 0.301609 0.0546211 0.603218
4 0.13986 0.430387 0.279719 0.860774
4 0.180013 0.770868 0.357871 0.453237
4 0.0080507 0.692746 0.0161014 0.614509
4 0.0733096 0.425048 0.146619 0.828363
4 0.414618 0.241474 0.800059 0.482948
0 0.692506 0.771927 0.539638 0.456147
4 0.15485 0.554356 0.309699 0.891288
2 0.835481 0.784245 0.329038 0.420011
1 0.812209 0.668833 0.375378 0.620944
4 0.106258 0.26258 0.212516 0.501321
0 0.0698049 0.761989 0.13961 0.47248
2 0.953156 0.46717 0.0936871 0.590218
4 0.477535 0.140912 0.866244 0.281825
3 0.451087 0.283809 0.901901 0.567619
1 0.136438 0.883028 0.272864 0.233944
4 0.10989 0.388169 0.21978 0.739318
4 0.0645223 0.637982 0.129045 0.724035
2 0.167633 0.884588 0.333934 0.230823
1 0.442846 0.768 0.755844 0.438044
4 0.0148287 0.791777 0.0296575 0.416445
2 0.510701 0.769452 0.744571 0.436097
0 0.234465 0.499251 0.463911 0.977299
0 0.272736 0.870911 0.520354 0.258178
2 0.518593 0.360629 0.911405 0.721258
4 0.852233 0.386873 0.295533 0.57737
2 0.910187 0.799322 0.179626 0.399486
4 0.010431 0.753607 0.0208621 0.492786
2 0.404202 0.67914 0.808404 0.613488
2 0.176663 0.26798 0.353326 0.535959
2 0.796099 0.449442 0.407803 0.775854
2 0.236325 0.892016 0.459515 0.215968
2 0.417202 0.466111 0.783093 0.932222
1 0.938347 0.225664 0.123306 0.451328
1 0.910187 0.799322 0.179626 0.399486
1 0.672652 0.776888 0.6503 0.446223
4 0.210989 0.309225 0.414058 0.61845
2 0.372835 0.30224 0.741489 0.60448
2 0.804702 0.212145 0.390596 0.42429
0 0.176663 0.26798 0.353326 0.535959
1 0.324207 0.779552 0.628761 0.42913
2 0.00675487 0.636011 0.0135097 0.727978
2 0.546311 0.770026 0.606266 0.459948
4 0.770855 0.374996 0.45829 0.749992
0 0.106258 0.26258 0.212516 0.501321
2 0.261446 0.281612 0.504431 0.557362
1 0.1261 0.77967 0.2522 0.44066
2 0.389448 0.770629 0.597108 0.458743
0 0.904979 0.38214 0.18927 0.550754
2 0.187087 0.5 0.36998 1
2 0.519905 0.128242 0.877913 0.256485
0 0.15485 0.554356 0.309699 0.891288
1 0.492504 0.336059 0.884039 0.672118
2 0.904979 0.38214 0.18927 0.550754
2 0.937427 0.66816 0.125146 0.613558
2 0.0281747 0.825572 0.0563493 0.348857
2 0.583467 0.456082 0.785522 0.886342
1 0.439066 0.290732 0.693915 0.581465
2 0.0148287 0.791777 0.0296575 0.416445
2 0.928001 0.767867 0.143997 0.464266
1 0.640958 0.378236 0.715883 0.756472
2 0.0235468 0.40224 0.0470936 0.80448
1 0.182645 0.466817 0.360351 0.933633
2 0.801315 0.776696 0.392415 0.446608
2 0.132401 0.5 0.264541 1
2 0.10989 0.388169 0.21978 0.739318
2 0.692506 0.771927 0.539638 0.456147
2 0.0733096 0.425048 0.146619 0.828363
1 0.210989 0.309225 0.414058 0.61845
2 0.812209 0.668833 0.375378 0.620944
2 0.264232 0.5 0.521752 1
2 0.1261 0.77967 0.2522 0.44066
1 0.0148287 0.791777 0.0296575 0.416445
1 0.0698049 0.761989 0.13961 0.47248
2 0.0273105 0.301609 0.0546211 0.603218
0 0.10989 0.388169 0.21978 0.739318
2 0.106258 0.26258 0.212516 0.501321
1 0.527321 0.0294283 0.945358 0.0588566
1 0.928001 0.767867 0.143997 0.464266
2 0.0664651 0.253346 0.13293 0.506693
2 0.0698049 0.761989 0.13961 0.47248
1 0.770855 0.374996 0.45829 0.749992
1 0.316342 0.286167 0.601151 0.566961
1 0.804702 0.212145 0.390596 0.42429
2 0.0080507 0.692746 0.0161014 0.614509
1 0.106258 0.26258 0.212516 0.501321
1 0.546311 0.770026 0.606266 0.459948
1 0.010431 0.753607 0.0208621 0.492786
2 0.0075994 0.467202 0.0151988 0.815785
2 0.737339 0.331211 0.525323 0.662421
2 0.326172 0.796368 0.488903 0.407264
1 0.599878 0.0799287 0.800243 0.159857
2 0.751071 0.235495 0.497858 0.47099
0 0.13986 0.430387 0.279719 0.860774
2 0.135555 0.858778 0.271045 0.282444
1 0.10989 0.388169 0.21978 0.739318
1 0.0281747 0.825572 0.0563493 0.348857
2 0.230986 0.177835 0.461973 0.355669
2 0.272736 0.870911 0.520354 0.258178
0 0.0645223 0.637982 0.129045 0.724035
2 0.010431 0.753607 0.0208621 0.492786
1 0.0733096 0.425048 0.146619 0.828363
2 0.938347 0.225664 0.123306 0.451328
1 0.515783 0.581901 0.962465 0.795535
1 0.13986 0.430387 0.279719 0.860774
1 0.547604 0.0482713 0.897869 0.0965425
1 0.692506 0.771927 0.539638 0.456147
1 0.376098 0.0490813 0.752196 0.0981627
2 0.429588 0.0526692 0.859176 0.105338
1 0.505032 0.135133 0.913689 0.270265
4 0.904979 0.38214 0.18927 0.550754
0 0.0733096 0.425048 0.146619 0.828363
2 0.599878 0.0799287 0.800243 0.159857
2 0.327135 0.0460765 0.651441 0.0921529
2 0.68153 0.769186 0.63694 0.440088
1 0.815901 0.533529 0.367303 0.851772
2 0.491348 0.0328499 0.954176 0.0656999
3 0.961059 0.279361 0.0743946 0.341666
0 0.835488 0.784261 0.329025 0.419961
0 0.956829 0.264642 0.0863411 0.312783
1 0.956829 0.264642 0.0863411 0.312783
0 0.526982 0.765161 0.932654 0.445206
0 0.812207 0.668756 0.375384 0.620981
0 0.169424 0.890549 0.336402 0.218901
0 0.51718 0.0354786 0.96564 0.0709571
0 0.373294 0.773773 0.722226 0.430551
3 0.535979 0.576147 0.927688 0.812582
3 0.815995 0.534391 0.36711 0.853827
0 0.958554 0.351732 0.0828924 0.492276
0 0.266519 0.7772 0.523423 0.434471
0 0.376149 0.0494383 0.752298 0.0988766
4 0.838208 0.78396 0.323584 0.415881
3 0.182437 0.466402 0.359943 0.932804
0 0.623 0.140099 0.754 0.280198
3 0.746111 0.678729 0.507778 0.606071
3 0.139569 0.429829 0.279138 0.859658
0 0.682197 0.769189 0.635606 0.440081
3 0.39977 0.724005 0.763041 0.471712
0 0.195951 0.792725 0.389487 0.41455
3 0.154534 0.55492 0.309068 0.89016
0 0.236385 0.892003 0.459695 0.215995
3 0.833642 0.787336 0.332715 0.425329
3 0.326954 0.795161 0.489696 0.409678
0 0.230867 0.177834 0.461733 0.355668
3 0.182042 0.270807 0.361867 0.519394
3 0.408785 0.608106 0.816491 0.761019
3 0.545956 0.770068 0.607056 0.459864
0 0.910897 0.799346 0.178205 0.399395
3 0.587035 0.340162 0.82593 0.680325
3 0.95319 0.466536 0.0936193 0.587316
3 0.47768 0.456079 0.888099 0.912157
3 0.913414 0.802389 0.173172 0.395221
3 0.599714 0.0798751 0.800572 0.15975
3 0.771427 0.374981 0.457146 0.749963
0 0.928119 0.767953 0.143761 0.464095
3 0.279059 0.448554 0.549853 0.897108
3 0.230867 0.177834 0.461733 0.355668
0 0.599714 0.0798751 0.800572 0.15975
0 0.00679672 0.63572 0.0135934 0.728561
3 0.938579 0.22561 0.122842 0.451219
3 0.273196 0.869858 0.52106 0.260285
4 0.531229 0.765139 0.89989 0.446189
3 0.196614 0.886269 0.383885 0.227463
0 0.80466 0.212111 0.390679 0.424222
3 0.750964 0.235366 0.498072 0.470731
3 0.389487 0.770797 0.59786 0.458407
3 0.179728 0.770931 0.357325 0.453121
3 0.858257 0.580945 0.280834 0.818873
3 0.394474 0.327243 0.729326 0.654487
3 0.691899 0.771915 0.541503 0.45617
3 0.623 0.140099 0.754 0.280198
0 0.855456 0.618295 0.284297 0.7205
3 0.937554 0.668146 0.124892 0.61161
0 0.135402 0.858702 0.270732 0.282597
3 0.0661453 0.253306 0.132291 0.506613
3 0.512645 0.0272329 0.970619 0.0544658
3 0.75537 0.504188 0.489252 0.958408
4 0.623 0.140099 0.754 0.280198
0 0.00812708 0.692442 0.0162542 0.615117
4 0.574896 0.0656132 0.850208 0.131226
3 0.946672 0.761889 0.106655 0.457611
0 0.414831 0.239845 0.799692 0.479689
0 0.683898 0.282116 0.632204 0.564232
0 0.946838 0.217231 0.106325 0.434461
0 0.4041 0.67861 0.8082 0.614481
3 0.302549 0.0500326 0.605099 0.100065
2 0.958312 0.266069 0.0833767 0.31381
4 0.913414 0.802389 0.173172 0.395221
3 0.536307 0.76643 0.926529 0.444981
3 0.0696883 0.762003 0.139377 0.47245
3 0.547673 0.0483746 0.897762 0.0967493
3 0.655043 0.506244 0.657282 0.987512
3 0.0269966 0.24845 0.0539932 0.4969
3 0.80466 0.212111 0.390679 0.424222
3 0.683898 0.282116 0.632204 0.564232
4 0.58357 0.457865 0.785489 0.889718
0 0.546792 0.289966 0.906417 0.579932
4 0.525416 0.0412526 0.949167 0.0825052
3 0.0236482 0.402089 0.0472963 0.804177
3 0.00673874 0.575343 0.0134775 0.812821
3 0.0644703 0.637733 0.128941 0.724534
4 0.546792 0.289966 0.906417 0.579932
3 0.682197 0.769189 0.635606 0.440081
0 0.750964 0.235366 0.498072 0.470731
4 0.353397 0.770694 0.524232 0.458611
4 0.545956 0.770068 0.607056 0.459864
1 0.206374 0.890118 0.407861 0.219764
3 0.012566 0.431944 0.0251321 0.836017
4 0.958312 0.266069 0.0833767 0.31381
3 0.958554 0.351732 0.0828924 0.492276
3 0.0149167 0.791813 0.0298334 0.416373
4 0.938579 0.22561 0.122842 0.451219
4 0.387049 0.774196 0.738107 0.427013
3 0.900799 0.783831 0.198403 0.430026
4 0.928119 0.767953 0.143761 0.464095
4 0.682197 0.769189 0.635606 0.440081
3 0.267951 0.767356 0.524387 0.448227
4 0.801051 0.776619 0.392929 0.446762
3 0.296431 0.0810869 0.592862 0.162174
3 0.0105112 0.753501 0.0210224 0.492999
3 0.410012 0.0606994 0.820023 0.121399
4 0.196614 0.886269 0.383885 0.227463
0 0.37663 0.294886 0.687624 0.589535
4 0.746111 0.678729 0.507778 0.606071
0 0.0149167 0.791813 0.0298334 0.416373
3 0.828572 0.716973 0.342856 0.528043
0 0.95319 0.466536 0.0936193 0.587316
0 0.296431 0.0810869 0.592862 0.162174
4 0.691899 0.771915 0.541503 0.45617
4 0.535979 0.576147 0.927688 0.812582
3 0.0730468 0.424427 0.146094 0.826798
0 0.58357 0.457865 0.785489 0.889718
4 0.958554 0.351732 0.0828924 0.492276
0 0.474561 0.772257 0.676309 0.455485
3 0.0281931 0.825568 0.0563862 0.348863
0 0.824006 0.538038 0.305765 0.90279
3 0.10639 0.262432 0.212779 0.500968
3 0.85223 0.386812 0.29554 0.577284
0 0.340568 0.444556 0.681137 0.87783
4 0.4041 0.67861 0.8082 0.614481
0 0.125826 0.779813 0.251653 0.440373
0 0.478152 0.140167 0.865985 0.280334
1 0.839264 0.767321 0.321473 0.444992
0 0.0105112 0.753501 0.0210224 0.492999
4 0.429497 0.0533304 0.858993 0.106661
4 0.900799 0.783831 0.198403 0.430026
0 0.00761866 0.46685 0.0152373 0.814543
4 0.394474 0.327243 0.729326 0.654487
4 0.340568 0.444556 0.681137 0.87783
3 0.00812708 0.692442 0.0162542 0.615117
0 0.5158 0.581921 0.962544 0.795524
4 0.267951 0.767356 0.524387 0.448227
4 0.012566 0.431944 0.0251321 0.836017
4 0.136282 0.883128 0.272545 0.233744
3 0.263613 0.285493 0.51026 0.568805
0 0.0281931 0.825568 0.0563862 0.348863
4 0.125826 0.779813 0.251653 0.440373
4 0.00679672 0.63572 0.0135934 0.728561
3 0.136282 0.883128 0.272545 0.233744
0 0.937554 0.668146 0.124892 0.61161
0 0.85223 0.386812 0.29554 0.577284
2 0.958554 0.351732 0.0828924 0.492276
4 0.683898 0.282116 0.632204 0.564232
4 0.75537 0.504188 0.489252 0.958408
4 0.273196 0.869858 0.52106 0.260285
4 0.95319 0.466536 0.0936193 0.587316
3 0.125826 0.779813 0.251653 0.440373
4 0.327071 0.046206 0.651365 0.092412
0 0.0661453 0.253306 0.132291 0.506613
4 0.230867 0.177834 0.461733 0.355668
4 0.234187 0.499462 0.463404 0.976848
4 0.855456 0.618295 0.284297 0.7205
3 0.905173 0.381984 0.188859 0.550575
4 0.750964 0.235366 0.498072 0.470731
1 0.957631 0.348591 0.0847371 0.476904
0 0.733669 0.417405 0.51133 0.753071
1 0.22275 0.789374 0.44289 0.421252
4 0.316287 0.285735 0.600145 0.565908
4 0.0236482 0.402089 0.0472963 0.804177
4 0.639626 0.361893 0.720747 0.723786
4 0.0696883 0.762003 0.139377 0.47245
0 0.639626 0.361893 0.720747 0.723786
4 0.937554 0.668146 0.124892 0.61161
0 0.0236482 0.402089 0.0472963 0.804177
4 0.80466 0.212111 0.390679 0.424222
0 0.236234 0.275602 0.459474 0.539735
4 0.0661453 0.253306 0.132291 0.506613
4 0.824006 0.538038 0.305765 0.90279
4 0.0281931 0.825568 0.0563862 0.348863
3 0.109436 0.388139 0.218872 0.739231
0 0.353397 0.770694 0.524232 0.458611
0 0.801051 0.776619 0.392929 0.446762
3 0.478152 0.140167 0.865985 0.280334
0 0.0269966 0.24845 0.0539932 0.4969
2 0.24232 0.768456 0.476894 0.446052
2 0.85223 0.386812 0.29554 0.577284
2 0.851122 0.544635 0.297757 0.884631
4 0.175895 0.267742 0.35179 0.535484
4 0.296431 0.0810869 0.592862 0.162174
2 0.373664 0.767824 0.722644 0.450305
4 0.0274522 0.301907 0.0549043 0.603813
4 0.139569 0.429829 0.279138 0.859658
4 0.179728 0.770931 0.357325 0.453121
4 0.00812708 0.692442 0.0162542 0.615117
4 0.0730468 0.424427 0.146094 0.826798
4 0.414831 0.239845 0.799692 0.479689
4 0.154534 0.55492 0.309068 0.89016
2 0.835488 0.784261 0.329025 0.419961
1 0.812207 0.668756 0.375384 0.620981
4 0.10639 0.262432 0.212779 0.500968
0 0.691899 0.771915 0.541503 0.45617
4 0.478152 0.140167 0.865985 0.280334
2 0.95319 0.466536 0.0936193 0.587316
3 0.450769 0.282874 0.901196 0.565748
1 0.136282 0.883128 0.272545 0.233744
0 0.0696883 0.762003 0.139377 0.47245
4 0.109436 0.388139 0.218872 0.739231
4 0.0644703 0.637733 0.128941 0.724534
2 0.167459 0.884636 0.33357 0.230728
1 0.443396 0.768093 0.754454 0.437764
4 0.0149167 0.791813 0.0298334 0.416373
2 0.510719 0.769482 0.745662 0.435994
2 0.518603 0.36069 0.911385 0.721379
4 0.85223 0.386812 0.29554 0.577284
4 0.0105112 0.753501 0.0210224 0.492999
2 0.910897 0.799346 0.178205 0.399395
2 0.4041 0.67861 0.8082 0.614481
2 0.175895 0.267742 0.35179 0.535484
0 0.234187 0.499462 0.463404 0.976848
0 0.273196 0.869858 0.52106 0.260285
2 0.796234 0.450052 0.407532 0.776694
2 0.236385 0.892003 0.459695 0.215995
2 0.417013 0.466254 0.782391 0.932507
1 0.910897 0.799346 0.178205 0.399395
1 0.938579 0.22561 0.122842 0.451219
1 0.671213 0.776887 0.653233 0.446225
4 0.210914 0.309567 0.413905 0.619059
2 0.372609 0.302003 0.74091 0.604006
2 0.80466 0.212111 0.390679 0.424222
1 0.324457 0.779654 0.629197 0.428921
2 0.00679672 0.63572 0.0135934 0.728561
4 0.771427 0.374981 0.457146 0.749963
2 0.545956 0.770068 0.607056 0.459864
0 0.175895 0.267742 0.35179 0.535484
1 0.125826 0.779813 0.251653 0.440373
2 0.261537 0.281477 0.504489 0.556859
0 0.10639 0.262432 0.212779 0.500968
2 0.389487 0.770797 0.59786 0.458407
2 0.186697 0.5 0.369205 1
2 0.520433 0.127427 0.877708 0.254853
2 0.905173 0.381984 0.188859 0.550575
1 0.492646 0.336033 0.883823 0.672066
2 0.937554 0.668146 0.124892 0.61161
0 0.905173 0.381984 0.188859 0.550575
2 0.0281931 0.825568 0.0563862 0.348863
0 0.154534 0.55492 0.309068 0.89016
2 0.58357 0.457865 0.785489 0.889718
1 0.439311 0.290163 0.692647 0.580326
2 0.0149167 0.791813 0.0298334 0.416373
2 0.928119 0.767953 0.143761 0.464095
1 0.641223 0.37834 0.715297 0.756681
2 0.0236482 0.402089 0.0472963 0.804177
1 0.182437 0.466402 0.359943 0.932804
2 0.801051 0.776619 0.392929 0.446762
2 0.132156 0.5 0.264065 1
2 0.109436 0.388139 0.218872 0.739231
2 0.691899 0.771915 0.541503 0.45617
2 0.0730468 0.424427 0.146094 0.826798
2 0.812207 0.668756 0.375384 0.620981
1 0.210914 0.309567 0.413905 0.619059
2 0.263176 0.5 0.51966 1
2 0.125826 0.779813 0.251653 0.440373
1 0.0149167 0.791813 0.0298334 0.416373
1 0.0696883 0.762003 0.139377 0.47245
2 0.0274522 0.301907 0.0549043 0.603813
1 0.928119 0.767953 0.143761 0.464095
2 0.10639 0.262432 0.212779 0.500968
1 0.527287 0.0294764 0.945426 0.0589527
2 0.0661453 0.253306 0.132291 0.506613
2 0.0696883 0.762003 0.139377 0.47245
0 0.109436 0.388139 0.218872 0.739231
1 0.771427 0.374981 0.457146 0.749963
1 0.316287 0.285735 0.600145 0.565908
1 0.80466 0.212111 0.390679 0.424222
1 0.10639 0.262432 0.212779 0.500968
2 0.00812708 0.692442 0.0162542 0.615117
1 0.545956 0.770068 0.607056 0.459864
1 0.0105112 0.753501 0.0210224 0.492999
2 0.00761866 0.46685 0.0152373 0.814543
2 0.737242 0.331099 0.525516 0.662199
2 0.326954 0.795161 0.489696 0.409678
1 0.599714 0.0798751 0.800572 0.15975
2 0.750964 0.235366 0.498072 0.470731
1 0.109436 0.388139 0.218872 0.739231
2 0.135402 0.858702 0.270732 0.282597
1 0.0281931 0.825568 0.0563862 0.348863
2 0.273196 0.869858 0.52106 0.260285
2 0.230867 0.177834 0.461733 0.355668
0 0.139569 0.429829 0.279138 0.859658
2 0.0105112 0.753501 0.0210224 0.492999
1 0.0730468 0.424427 0.146094 0.826798
0 0.0644703 0.637733 0.128941 0.724534
2 0.938579 0.22561 0.122842 0.451219
1 0.5158 0.581921 0.962544 0.795524
1 0.547673 0.0483746 0.897762 0.0967493
1 0.139569 0.429829 0.279138 0.859658
1 0.691899 0.771915 0.541503 0.45617
1 0.376149 0.0494383 0.752298 0.0988766
2 0.449452 0.0408762 0.898903 0.0817524
1 0.50522 0.132894 0.913461 0.265788
4 0.905173 0.381984 0.188859 0.550575
0 0.0730468 0.424427 0.146094 0.826798
2 0.599714 0.0798751 0.800572 0.15975
2 0.682197 0.769189 0.635606 0.440081
2 0.327071 0.046206 0.651365 0.092412
1 0.815995 0.534391 0.36711 0.853827
1 0.855456 0.618295 0.284297 0.7205
