0 0.500333 0.740227 0.299367 0.326449
0 0.395451 0.584732 0.0941623 0.116057
0 0.390714 0.553918 0.0878079 0.0796472
1 0.50181 0.734419 0.294645 0.338277
0 0.815411 0.783331 0.369178 0.425279
0 0.598639 0.353653 0.0440952 0.0733459
0 0.0955456 0.272127 0.0289519 0.0841428
0 0.393172 0.559323 0.0872406 0.160129
0 0.394516 0.492775 0.078396 0.245039
0 0.616361 0.752667 0.549372 0.351149
0 0.387767 0.531383 0.085264 0.121222
0 0.0891069 0.832993 0.177952 0.319615
0 0.640246 0.383159 0.0648758 0.139385
2 0.502334 0.742236 0.295474 0.312878
0 0.134087 0.283272 0.0840405 0.114349
0 0.179917 0.791258 0.352078 0.398848
0 0.0974851 0.219344 0.0334469 0.198152
3 0.560352 0.785589 0.433003 0.405539
0 0.262027 0.427349 0.0455584 0.0602868
0 0.449859 0.679062 0.18468 0.410801
3 0.509274 0.779765 0.320841 0.44047
0 0.502396 0.669814 0.312779 0.435843
0 0.605851 0.396036 0.0588819 0.136509
0 0.682741 0.450101 0.0914784 0.292439
0 0.299523 0.474794 0.076488 0.156958
0 0.240705 0.729172 0.399279 0.440917
3 0.41684 0.561068 0.138302 0.517145
0 0.934746 0.798731 0.130508 0.402537
0 0.390454 0.525909 0.0832972 0.439313
0 0.697964 0.762301 0.604073 0.464572
3 0.273408 0.336911 0.24501 0.673822
3 0.500829 0.758435 0.301351 0.367115
0 0.573015 0.358119 0.0770525 0.096335
4 0.509274 0.779765 0.320841 0.44047
0 0.492479 0.780071 0.276894 0.439858
0 0.118388 0.814337 0.235589 0.358306
0 0.0965084 0.310072 0.0313939 0.101839
4 0.50181 0.734419 0.294645 0.338277
3 0.522098 0.574606 0.114933 0.543752
0 0.598193 0.320504 0.0446632 0.226071
0 0.637145 0.408129 0.0842864 0.126385
3 0.670545 0.356453 0.184405 0.605861
3 0.91864 0.479804 0.162719 0.767534
3 0.731459 0.33826 0.261291 0.665674
3 0.206711 0.348388 0.217348 0.600277
3 0.445825 0.388431 0.302443 0.707009
3 0.876709 0.563121 0.246582 0.813141
3 0.22025 0.74101 0.431367 0.508672
3 0.151602 0.297292 0.303203 0.594584
3 0.358039 0.33438 0.265314 0.660283
3 0.709947 0.417324 0.174631 0.511658
1 0.395451 0.584732 0.0941623 0.116057
3 0.410162 0.439512 0.193319 0.499706
3 0.916685 0.365033 0.166631 0.619237
3 0.184741 0.370531 0.11364 0.195737
3 0.339416 0.408759 0.131685 0.473345
3 0.262027 0.427349 0.0455584 0.0602868
0 0.170666 0.391237 0.125122 0.352095
0 0.570958 0.594997 0.134423 0.527527
3 0.491471 0.467105 0.163079 0.540012
3 0.883655 0.407879 0.227401 0.666465
3 0.213445 0.434482 0.0888598 0.0992908
3 0.784895 0.34109 0.322414 0.68218
3 0.55367 0.382083 0.159585 0.645069
4 0.560352 0.785589 0.433003 0.405539
3 0.271228 0.519033 0.0935986 0.202145
3 0.0965084 0.310072 0.0313939 0.101839
3 0.833928 0.695153 0.332144 0.584342
3 0.230822 0.377483 0.111564 0.40041
3 0.497872 0.337568 0.574837 0.675137
3 0.811965 0.411986 0.30321 0.740978
0 0.419959 0.611872 0.126786 0.476459
0 0.141816 0.318778 0.0927226 0.116684
3 0.866065 0.311625 0.265691 0.608299
3 0.814261 0.56462 0.333221 0.833456
3 0.27902 0.385499 0.107507 0.433421
3 0.245465 0.27658 0.489459 0.54963
3 0.341127 0.31692 0.526546 0.633841
0 0.258663 0.380338 0.0412846 0.147545
3 0.215987 0.786423 0.390325 0.427154
3 0.258663 0.380338 0.0412846 0.147545
3 0.494067 0.614208 0.272799 0.53756
3 0.602023 0.374361 0.0966783 0.565927
3 0.606697 0.321525 0.575894 0.64305
3 0.644018 0.377479 0.116556 0.577751
0 0.602023 0.374361 0.0966783 0.565927
3 0.713525 0.263771 0.504103 0.527541
3 0.82667 0.173385 0.346661 0.346771
3 0.710004 0.462597 0.141007 0.352899
0 0.068987 0.0632985 0.137974 0.126597
3 0.107292 0.424386 0.190332 0.208945
3 0.0955456 0.272127 0.0289519 0.0841428
3 0.0831383 0.440532 0.106738 0.293619
3 0.170666 0.391237 0.125122 0.352095
3 0.386288 0.437746 0.115781 0.504714
3 0.156223 0.340513 0.174125 0.554556
3 0.943907 0.447504 0.112185 0.570684
4 0.815617 0.810162 0.368766 0.373094
3 0.367862 0.482665 0.0793001 0.351961
3 0.942219 0.806646 0.115562 0.386708
3 0.571277 0.386515 0.0799002 0.362645
3 0.608944 0.048495 0.681721 0.09699
0 0.184741 0.370531 0.11364 0.195737
3 0.0897636 0.196951 0.179527 0.393331
3 0.95056 0.562509 0.0988806 0.324155
3 0.690841 0.0674563 0.602672 0.134913
3 0.776079 0.543811 0.27498 0.691733
2 0.0955456 0.272127 0.0289519 0.0841428
3 0.141816 0.318778 0.0927226 0.116684
3 0.786784 0.074147 0.426431 0.148294
3 0.293211 0.431281 0.0561354 0.241785
3 0.809945 0.82057 0.37464 0.358859
3 0.775943 0.207755 0.448115 0.415511
3 0.482188 0.0807126 0.858471 0.161425
3 0.936928 0.72084 0.126143 0.390369
3 0.640246 0.383159 0.0648758 0.139385
0 0.0191084 0.664476 0.0382169 0.56181
3 0.674091 0.421306 0.120147 0.430055
3 0.941095 0.298222 0.11781 0.459509
0 0.0236862 0.424193 0.0473724 0.531754
0 0.0178002 0.549757 0.0356005 0.572526
2 0.483689 0.779254 0.31078 0.441493
3 0.933984 0.782647 0.132031 0.406635
0 0.367862 0.482665 0.0793001 0.351961
0 0.271228 0.519033 0.0935986 0.202145
0 0.0682327 0.728393 0.136465 0.402693
3 0.586664 0.0739818 0.764928 0.147964
3 0.394516 0.492775 0.078396 0.245039
3 0.682741 0.450101 0.0914784 0.292439
3 0.148324 0.801853 0.292175 0.396295
0 0.562177 0.103204 0.824456 0.206408
3 0.284328 0.135338 0.568656 0.270676
3 0.0974851 0.219344 0.0334469 0.198152
3 0.112756 0.750343 0.225513 0.470623
3 0.390454 0.525909 0.0832972 0.439313
3 0.0191084 0.664476 0.0382169 0.56181
0 0.267765 0.757798 0.52873 0.476508
0 0.942219 0.806646 0.115562 0.386708
4 0.942219 0.806646 0.115562 0.386708
0 0.644018 0.377479 0.116556 0.577751
3 0.068987 0.0632985 0.137974 0.126597
0 0.670945 0.456654 0.117391 0.192703
3 0.939614 0.227062 0.120771 0.378327
3 0.038574 0.320568 0.0771479 0.544157
3 0.677081 0.74227 0.645839 0.502882
3 0.598193 0.320504 0.0446632 0.226071
3 0.817951 0.771965 0.364098 0.442579
0 0.215987 0.786423 0.390325 0.427154
0 0.293211 0.431281 0.0561354 0.241785
0 0.0267131 0.210176 0.0534261 0.420352
0 0.337088 0.530192 0.182389 0.15915
0 0.300731 0.0673304 0.601462 0.134661
3 0.605851 0.396036 0.0588819 0.136509
3 0.299613 0.081495 0.599226 0.16299
3 0.562177 0.103204 0.824456 0.206408
0 0.358039 0.33438 0.265314 0.660283
3 0.387356 0.067699 0.774712 0.135398
3 0.570958 0.594997 0.134423 0.527527
3 0.598639 0.353653 0.0440952 0.0733459
3 0.120695 0.109481 0.241391 0.218962
0 0.284328 0.135338 0.568656 0.270676
0 0.690841 0.0674563 0.602672 0.134913
3 0.405836 0.787719 0.30971 0.424562
3 0.911997 0.13292 0.176006 0.26584
0 0.156223 0.340513 0.174125 0.554556
3 0.154322 0.700343 0.29253 0.573538
3 0.573015 0.358119 0.0770525 0.096335
0 0.0386325 0.810152 0.077265 0.379696
3 0.0611945 0.329697 0.093117 0.232659
0 0.131737 0.308813 0.10737 0.427685
0 0.038574 0.320568 0.0771479 0.544157
1 0.393172 0.559323 0.0872406 0.160129
3 0.299523 0.474794 0.076488 0.156958
0 0.586664 0.0739818 0.764928 0.147964
0 0.939614 0.227062 0.120771 0.378327
0 0.870097 0.0682823 0.259806 0.136565
3 0.870097 0.0682823 0.259806 0.136565
3 0.0178002 0.549757 0.0356005 0.572526
0 0.941095 0.298222 0.11781 0.459509
3 0.63823 0.407649 0.0737536 0.393568
1 0.502396 0.669814 0.312779 0.435843
0 0.482188 0.0807126 0.858471 0.161425
0 0.608944 0.048495 0.681721 0.09699
3 0.0548372 0.294884 0.109068 0.386822
3 0.337088 0.530192 0.182389 0.15915
0 0.0354668 0.72236 0.0709336 0.550669
0 0.0897636 0.196951 0.179527 0.393331
0 0.30501 0.342358 0.286515 0.684717
0 0.230822 0.377483 0.111564 0.40041
3 0.0399239 0.76856 0.0798478 0.462318
3 0.0630698 0.232919 0.12614 0.457272
0 0.63823 0.407649 0.0737536 0.393568
4 0.213058 0.756601 0.421481 0.474409
0 0.417493 0.776523 0.449363 0.429935
0 0.911997 0.13292 0.176006 0.26584
0 0.405836 0.787719 0.30971 0.424562
1 0.815608 0.786995 0.368784 0.422714
0 0.341127 0.31692 0.526546 0.633841
0 0.120695 0.109481 0.241391 0.218962
3 0.0236862 0.424193 0.0473724 0.531754
3 0.0682327 0.728393 0.136465 0.402693
3 0.0267131 0.210176 0.0534261 0.420352
0 0.0630698 0.232919 0.12614 0.457272
3 0.0942375 0.639832 0.188475 0.444763
4 0.417493 0.776523 0.449363 0.429935
4 0.394516 0.492775 0.078396 0.245039
0 0.213445 0.434482 0.0888598 0.0992908
4 0.0415873 0.82051 0.0831746 0.35898
4 0.0955456 0.272127 0.0289519 0.0841428
3 0.0415873 0.82051 0.0831746 0.35898
0 0.786784 0.074147 0.426431 0.148294
4 0.939638 0.792622 0.120725 0.414755
1 0.394516 0.492775 0.078396 0.245039
0 0.121717 0.27481 0.243434 0.54962
0 0.107292 0.424386 0.190332 0.208945
0 0.943907 0.447504 0.112185 0.570684
2 0.0974851 0.219344 0.0334469 0.198152
0 0.810857 0.694496 0.378287 0.584973
3 0.131737 0.308813 0.10737 0.427685
0 0.452058 0.339064 0.558462 0.678127
0 0.793183 0.813596 0.399202 0.372808
4 0.666982 0.75595 0.640566 0.390368
4 0.0974851 0.219344 0.0334469 0.198152
0 0.0415873 0.82051 0.0831746 0.35898
3 0.504377 0.674253 0.325933 0.422336
3 0.795076 0.643497 0.337087 0.628612
0 0.551821 0.329603 0.567863 0.659205
4 0.215987 0.786423 0.390325 0.427154
0 0.163235 0.802649 0.317633 0.394701
4 0.941095 0.298222 0.11781 0.459509
0 0.0611945 0.329697 0.093117 0.232659
0 0.55367 0.382083 0.159585 0.645069
3 0.0548119 0.397264 0.109624 0.326987
4 0.598639 0.353653 0.0440952 0.0733459
1 0.145535 0.806083 0.287934 0.372073
2 0.616361 0.752667 0.549372 0.351149
0 0.936928 0.72084 0.126143 0.390369
0 0.571277 0.386515 0.0799002 0.362645
0 0.0831383 0.440532 0.106738 0.293619
3 0.417493 0.776523 0.449363 0.429935
4 0.598193 0.320504 0.0446632 0.226071
2 0.393172 0.559323 0.0872406 0.160129
4 0.562177 0.103204 0.824456 0.206408
4 0.551821 0.329603 0.567863 0.659205
1 0.71796 0.751701 0.562532 0.478458
4 0.341127 0.31692 0.526546 0.633841
4 0.163235 0.802649 0.317633 0.394701
0 0.206711 0.348388 0.217348 0.600277
3 0.71807 0.531638 0.164342 0.329692
3 0.637145 0.408129 0.0842864 0.126385
2 0.225531 0.760359 0.438849 0.479282
2 0.405836 0.787719 0.30971 0.424562
4 0.10474 0.836572 0.208584 0.308835
4 0.602023 0.374361 0.0966783 0.565927
4 0.405836 0.787719 0.30971 0.424562
0 0.674091 0.421306 0.120147 0.430055
3 0.134087 0.283272 0.0840405 0.114349
3 0.670945 0.456654 0.117391 0.192703
0 0.154322 0.700343 0.29253 0.573538
0 0.0548119 0.397264 0.109624 0.326987
4 0.911997 0.13292 0.176006 0.26584
0 0.225426 0.282652 0.450853 0.562413
2 0.0965084 0.310072 0.0313939 0.101839
4 0.0386325 0.810152 0.077265 0.379696
0 0.27902 0.385499 0.107507 0.433421
3 0.65785 0.702762 0.425024 0.594475
0 0.0942375 0.639832 0.188475 0.444763
4 0.943907 0.447504 0.112185 0.570684
0 0.445825 0.388431 0.302443 0.707009
0 0.775943 0.207755 0.448115 0.415511
3 0.744157 0.701371 0.511686 0.592247
0 0.670545 0.356453 0.184405 0.605861
4 0.45583 0.0742675 0.824696 0.148535
4 0.786784 0.074147 0.426431 0.148294
4 0.245465 0.27658 0.489459 0.54963
2 0.809137 0.760293 0.381726 0.451921
4 0.870097 0.0682823 0.259806 0.136565
4 0.936928 0.72084 0.126143 0.390369
4 0.393172 0.559323 0.0872406 0.160129
4 0.939614 0.227062 0.120771 0.378327
4 0.151602 0.297292 0.303203 0.594584
2 0.502396 0.669814 0.312779 0.435843
3 0.393172 0.559323 0.0872406 0.160129
4 0.068987 0.0632985 0.137974 0.126597
0 0.82667 0.173385 0.346661 0.346771
2 0.570958 0.594997 0.134423 0.527527
1 0.0891069 0.832993 0.177952 0.319615
4 0.124766 0.819077 0.247374 0.361845
0 0.713525 0.263771 0.504103 0.527541
2 0.598639 0.353653 0.0440952 0.0733459
4 0.452058 0.339064 0.558462 0.678127
4 0.608944 0.048495 0.681721 0.09699
0 0.0548372 0.294884 0.109068 0.386822
2 0.134087 0.283272 0.0840405 0.114349
2 0.154322 0.700343 0.29253 0.573538
4 0.30501 0.342358 0.286515 0.684717
4 0.022761 0.677652 0.045522 0.6163
4 0.0897636 0.196951 0.179527 0.393331
2 0.387767 0.531383 0.085264 0.121222
4 0.690841 0.0674563 0.602672 0.134913
0 0.500332 0.740232 0.299376 0.326455
0 0.395467 0.584848 0.094188 0.116226
0 0.39071 0.553927 0.0877846 0.0796383
1 0.501816 0.734437 0.294648 0.338272
0 0.81544 0.78346 0.36912 0.425044
0 0.598688 0.353532 0.0440935 0.0730822
0 0.0955631 0.272124 0.0289752 0.0841231
0 0.393191 0.559376 0.0872526 0.160226
0 0.39457 0.493002 0.078342 0.245165
0 0.61626 0.752746 0.549175 0.351107
0 0.387766 0.531404 0.0852377 0.121173
0 0.089377 0.83305 0.178498 0.319545
0 0.64061 0.382378 0.0642686 0.137784
2 0.50234 0.742264 0.295469 0.312866
0 0.13406 0.283243 0.0841376 0.114264
0 0.179713 0.791467 0.351709 0.398448
0 0.0975056 0.219356 0.0334745 0.198119
3 0.560701 0.785687 0.433669 0.405387
0 0.262059 0.427295 0.0455818 0.0601783
0 0.449819 0.679068 0.184559 0.410754
3 0.509231 0.779806 0.320728 0.440388
0 0.502386 0.669805 0.312759 0.43582
0 0.605896 0.395994 0.0588702 0.136322
0 0.683077 0.449337 0.0907104 0.290783
3 0.416909 0.561127 0.138111 0.517135
0 0.299642 0.474386 0.0761632 0.156168
0 0.24135 0.728791 0.397912 0.440074
0 0.934755 0.798807 0.13049 0.402386
3 0.27336 0.336813 0.244454 0.673626
3 0.50083 0.758443 0.301369 0.36715
0 0.39053 0.526152 0.0832551 0.439716
0 0.698448 0.762332 0.603105 0.464578
4 0.509231 0.779806 0.320728 0.440388
0 0.573034 0.357917 0.0770354 0.0959082
0 0.492433 0.780079 0.276848 0.439842
0 0.118362 0.814466 0.235549 0.358095
4 0.501816 0.734437 0.294648 0.338272
3 0.522247 0.574531 0.11478 0.543509
0 0.0965271 0.310125 0.031433 0.101774
0 0.598249 0.320098 0.044632 0.224604
3 0.670673 0.356717 0.183688 0.605133
3 0.918601 0.479755 0.162797 0.767191
0 0.637457 0.408056 0.0839037 0.12583
3 0.731525 0.338443 0.260525 0.665254
3 0.206745 0.348353 0.216862 0.599953
3 0.445975 0.388559 0.301927 0.706534
3 0.876577 0.563362 0.246845 0.812731
3 0.220216 0.740999 0.431195 0.508748
3 0.151369 0.297395 0.302738 0.594791
3 0.709936 0.417309 0.174113 0.510743
3 0.358246 0.334301 0.264452 0.659584
3 0.410123 0.43945 0.19308 0.498877
1 0.395467 0.584848 0.094188 0.116226
3 0.916685 0.365079 0.166629 0.619517
3 0.184845 0.370433 0.113563 0.195148
3 0.339945 0.408502 0.130144 0.471525
3 0.262059 0.427295 0.0455818 0.0601783
3 0.491686 0.467035 0.162648 0.539566
3 0.883735 0.40794 0.227088 0.666166
3 0.213509 0.4344 0.0887672 0.0991015
3 0.784928 0.341178 0.322145 0.682356
4 0.560701 0.785687 0.433669 0.405387
3 0.553553 0.382174 0.159512 0.644746
0 0.571062 0.59483 0.134116 0.526968
0 0.170688 0.39111 0.125202 0.351802
3 0.271228 0.518988 0.0934065 0.201981
3 0.0965271 0.310125 0.031433 0.101774
3 0.833857 0.69534 0.332286 0.584077
3 0.231005 0.377183 0.111128 0.399852
3 0.49794 0.337671 0.574409 0.675342
3 0.811901 0.411948 0.303121 0.740626
3 0.866206 0.311809 0.265195 0.608363
3 0.814353 0.564588 0.332789 0.83271
3 0.279161 0.385133 0.106956 0.432377
3 0.245554 0.277033 0.489026 0.550505
3 0.341227 0.317006 0.525837 0.634012
0 0.419985 0.611973 0.126712 0.476338
3 0.215955 0.78666 0.389753 0.42668
0 0.141764 0.318841 0.0928208 0.11653
3 0.258695 0.379934 0.0412991 0.146574
3 0.494079 0.614322 0.272753 0.537338
3 0.602012 0.374367 0.0963958 0.565438
3 0.60688 0.321664 0.575362 0.643329
3 0.644224 0.37757 0.115777 0.577307
0 0.258695 0.379934 0.0412991 0.146574
3 0.713688 0.264511 0.503736 0.529023
0 0.602012 0.374367 0.0963958 0.565438
3 0.826868 0.173772 0.346265 0.347544
3 0.710099 0.462431 0.140497 0.352122
3 0.107183 0.424344 0.190454 0.208614
3 0.0955631 0.272124 0.0289752 0.0841231
3 0.0831584 0.440682 0.106812 0.293478
3 0.170688 0.39111 0.125202 0.351802
3 0.15627 0.340461 0.174064 0.554712
3 0.943955 0.447818 0.11209 0.569233
3 0.386296 0.437706 0.115636 0.503901
4 0.815652 0.810216 0.368696 0.373011
3 0.367794 0.482617 0.0791547 0.351776
3 0.942237 0.806751 0.115527 0.386498
0 0.0684886 0.0635954 0.136977 0.127191
3 0.571303 0.385861 0.0798474 0.361013
3 0.609073 0.0489303 0.681555 0.0978605
3 0.0896714 0.197308 0.179343 0.394057
3 0.950632 0.562347 0.0987358 0.322951
3 0.690947 0.0679734 0.602361 0.135947
3 0.776065 0.543294 0.274752 0.689893
2 0.0955631 0.272124 0.0289752 0.0841231
0 0.184845 0.370433 0.113563 0.195148
3 0.141764 0.318841 0.0928208 0.11653
3 0.786847 0.0745014 0.426307 0.149003
3 0.293378 0.430564 0.0557398 0.240259
3 0.809954 0.820585 0.374569 0.358829
3 0.776008 0.208336 0.447983 0.416673
3 0.48218 0.0816326 0.85786 0.163265
3 0.64061 0.382378 0.0642686 0.137784
3 0.936902 0.72073 0.126196 0.390187
3 0.674362 0.421126 0.119479 0.429152
3 0.941076 0.298367 0.117849 0.459955
0 0.112541 0.750418 0.225082 0.470341
2 0.48364 0.779267 0.310762 0.441466
3 0.933969 0.782706 0.132061 0.406592
0 0.0191222 0.665003 0.0382444 0.560428
3 0.586793 0.0750083 0.764736 0.150017
0 0.0236805 0.424415 0.0473611 0.530903
0 0.0177996 0.550056 0.0355991 0.571021
3 0.39457 0.493002 0.078342 0.245165
3 0.683077 0.449337 0.0907104 0.290783
3 0.148248 0.802187 0.292047 0.395626
3 0.284134 0.136597 0.568268 0.273194
3 0.112541 0.750418 0.225082 0.470341
3 0.39053 0.526152 0.0832551 0.439716
3 0.0975056 0.219356 0.0334745 0.198119
0 0.367794 0.482617 0.0791547 0.351776
3 0.0191222 0.665003 0.0382444 0.560428
0 0.271228 0.518988 0.0934065 0.201981
0 0.0682879 0.72789 0.136576 0.401475
4 0.942237 0.806751 0.115527 0.386498
0 0.562352 0.10443 0.824077 0.208859
3 0.0684886 0.0635954 0.136977 0.127191
3 0.939625 0.227152 0.120751 0.379213
3 0.0385876 0.320763 0.0771752 0.544154
3 0.817991 0.772008 0.364017 0.442683
3 0.677119 0.742272 0.645761 0.502946
3 0.598249 0.320098 0.044632 0.224604
0 0.942237 0.806751 0.115527 0.386498
0 0.267358 0.757772 0.527902 0.476678
0 0.644224 0.37757 0.115777 0.577307
3 0.605896 0.395994 0.0588702 0.136322
0 0.671515 0.45579 0.1161 0.190134
3 0.29938 0.0820213 0.598761 0.164043
3 0.562352 0.10443 0.824077 0.208859
0 0.215955 0.78666 0.389753 0.42668
0 0.293378 0.430564 0.0557398 0.240259
0 0.337241 0.53024 0.18207 0.159038
0 0.0266958 0.210826 0.0533917 0.421651
3 0.386945 0.0682119 0.773891 0.136424
3 0.571062 0.59483 0.134116 0.526968
0 0.300374 0.0676844 0.600748 0.135369
3 0.598688 0.353532 0.0440935 0.0730822
0 0.358246 0.334301 0.264452 0.659584
3 0.12005 0.110457 0.240099 0.220915
3 0.405762 0.788022 0.309139 0.423956
3 0.912269 0.133124 0.175461 0.266248
3 0.154267 0.700308 0.292286 0.573331
3 0.573034 0.357917 0.0770354 0.0959082
3 0.0611936 0.330073 0.0931325 0.233329
0 0.284134 0.136597 0.568268 0.273194
0 0.690947 0.0679734 0.602361 0.135947
0 0.15627 0.340461 0.174064 0.554712
3 0.299642 0.474386 0.0761632 0.156168
1 0.393191 0.559376 0.0872526 0.160226
3 0.870327 0.0685128 0.259346 0.137026
3 0.0177996 0.550056 0.0355991 0.571021
0 0.0386943 0.810204 0.0773887 0.379593
3 0.638568 0.407259 0.0730076 0.392088
0 0.131743 0.308885 0.107382 0.427793
1 0.502386 0.669805 0.312759 0.43582
0 0.0385876 0.320763 0.0771752 0.544154
3 0.0548048 0.295397 0.10915 0.38798
0 0.586793 0.0750083 0.764736 0.150017
0 0.939625 0.227152 0.120751 0.379213
0 0.870327 0.0685128 0.259346 0.137026
3 0.337241 0.53024 0.18207 0.159038
0 0.941076 0.298367 0.117849 0.459955
0 0.48218 0.0816326 0.85786 0.163265
3 0.0400148 0.768563 0.0800296 0.462393
0 0.609073 0.0489303 0.681555 0.0978605
3 0.0629939 0.233595 0.125988 0.458609
4 0.212971 0.756566 0.421316 0.47454
0 0.0355137 0.722414 0.0710274 0.550611
0 0.0896714 0.197308 0.179343 0.394057
0 0.305105 0.342165 0.285747 0.684329
0 0.231005 0.377183 0.111128 0.399852
0 0.638568 0.407259 0.0730076 0.392088
1 0.815641 0.787078 0.368718 0.422538
0 0.417945 0.776549 0.448551 0.430001
3 0.0236805 0.424415 0.0473611 0.530903
0 0.912269 0.133124 0.175461 0.266248
3 0.0682879 0.72789 0.136576 0.401475
3 0.0266958 0.210826 0.0533917 0.421651
3 0.118362 0.814466 0.235549 0.358095
0 0.405762 0.788022 0.309139 0.423956
3 0.0942507 0.639084 0.188501 0.442693
4 0.417945 0.776549 0.448551 0.430001
0 0.341227 0.317006 0.525837 0.634012
4 0.39457 0.493002 0.078342 0.245165
0 0.12005 0.110457 0.240099 0.220915
4 0.0416689 0.820587 0.0833378 0.358825
3 0.0416689 0.820587 0.0833378 0.358825
4 0.0955631 0.272124 0.0289752 0.0841231
4 0.939633 0.792724 0.120734 0.414551
0 0.0629939 0.233595 0.125988 0.458609
1 0.39457 0.493002 0.078342 0.245165
2 0.0975056 0.219356 0.0334745 0.198119
3 0.131743 0.308885 0.107382 0.427793
0 0.213509 0.4344 0.0887672 0.0991015
0 0.786847 0.0745014 0.426307 0.149003
4 0.0975056 0.219356 0.0334745 0.198119
4 0.666694 0.756114 0.639981 0.390185
0 0.12162 0.275112 0.243239 0.550225
0 0.943955 0.447818 0.11209 0.569233
0 0.107183 0.424344 0.190454 0.208614
0 0.810915 0.694729 0.378169 0.584668
0 0.452102 0.339136 0.557899 0.678272
3 0.504341 0.674262 0.325929 0.422273
3 0.795006 0.643645 0.336539 0.627339
0 0.793208 0.813639 0.399049 0.372722
4 0.215955 0.78666 0.389753 0.42668
0 0.0416689 0.820587 0.0833378 0.358825
4 0.941076 0.298367 0.117849 0.459955
3 0.0548154 0.397442 0.109631 0.326978
0 0.551922 0.32967 0.567359 0.659339
4 0.598688 0.353532 0.0440935 0.0730822
0 0.163132 0.802978 0.317454 0.394044
0 0.0611936 0.330073 0.0931325 0.233329
1 0.145401 0.80637 0.287683 0.371536
2 0.61626 0.752746 0.549175 0.351107
0 0.553553 0.382174 0.159512 0.644746
3 0.417945 0.776549 0.448551 0.430001
4 0.598249 0.320098 0.044632 0.224604
4 0.562352 0.10443 0.824077 0.208859
2 0.393191 0.559376 0.0872526 0.160226
1 0.718181 0.751916 0.562057 0.478036
4 0.551922 0.32967 0.567359 0.659339
4 0.341227 0.317006 0.525837 0.634012
4 0.163132 0.802978 0.317454 0.394044
3 0.717994 0.530925 0.163429 0.327369
0 0.571303 0.385861 0.0798474 0.361013
3 0.637457 0.408056 0.0839037 0.12583
0 0.936902 0.72073 0.126196 0.390187
0 0.0831584 0.440682 0.106812 0.293478
2 0.225509 0.760328 0.438722 0.479343
2 0.405762 0.788022 0.309139 0.423956
4 0.10492 0.836452 0.208947 0.309122
4 0.602012 0.374367 0.0963958 0.565438
4 0.405762 0.788022 0.309139 0.423956
0 0.206745 0.348353 0.216862 0.599953
3 0.13406 0.283243 0.0841376 0.114264
3 0.671515 0.45579 0.1161 0.190134
4 0.912269 0.133124 0.175461 0.266248
2 0.0965271 0.310125 0.031433 0.101774
3 0.657582 0.702818 0.422158 0.594363
4 0.0386943 0.810204 0.0773887 0.379593
0 0.674362 0.421126 0.119479 0.429152
4 0.943955 0.447818 0.11209 0.569233
3 0.744791 0.70151 0.510419 0.592064
4 0.455758 0.0750679 0.824118 0.150136
4 0.786847 0.0745014 0.426307 0.149003
0 0.154267 0.700308 0.292286 0.573331
4 0.245554 0.277033 0.489026 0.550505
0 0.0548154 0.397442 0.109631 0.326978
0 0.225369 0.283176 0.450739 0.56343
2 0.809191 0.760318 0.381617 0.451947
4 0.870327 0.0685128 0.259346 0.137026
4 0.936902 0.72073 0.126196 0.390187
0 0.0942507 0.639084 0.188501 0.442693
4 0.393191 0.559376 0.0872526 0.160226
0 0.279161 0.385133 0.106956 0.432377
4 0.939625 0.227152 0.120751 0.379213
0 0.445975 0.388559 0.301927 0.706534
0 0.776008 0.208336 0.447983 0.416673
4 0.151369 0.297395 0.302738 0.594791
2 0.502386 0.669805 0.312759 0.43582
0 0.670673 0.356717 0.183688 0.605133
3 0.393191 0.559376 0.0872526 0.160226
4 0.0684886 0.0635954 0.136977 0.127191
2 0.571062 0.59483 0.134116 0.526968
1 0.089377 0.83305 0.178498 0.319545
4 0.124735 0.819173 0.247329 0.361653
2 0.598688 0.353532 0.0440935 0.0730822
4 0.452102 0.339136 0.557899 0.678272
4 0.609073 0.0489303 0.681555 0.0978605
2 0.13406 0.283243 0.0841376 0.114264
2 0.154267 0.700308 0.292286 0.573331
0 0.826868 0.173772 0.346265 0.347544
0 0.713688 0.264511 0.503736 0.529023
4 0.305105 0.342165 0.285747 0.684329
4 0.0227789 0.677833 0.0455577 0.616086
4 0.0896714 0.197308 0.179343 0.394057
0 0.0548048 0.295397 0.10915 0.38798
