0 0.732885 0.769748 0.53423 0.443521
0 0.765047 0.492725 0.469907 0.974642
0 0.525472 0.0320235 0.940617 0.0640471
0 0.820879 0.777105 0.358243 0.433893
4 0.731131 0.492035 0.537739 0.976617
4 0.725547 0.76325 0.548906 0.445138
0 0.0710777 0.822427 0.142155 0.355145
0 0.299447 0.767062 0.58762 0.450133
0 0.459323 0.290555 0.420358 0.573277
3 0.840262 0.646131 0.319475 0.677037
3 0.854219 0.743151 0.291561 0.513697
0 0.361082 0.0352552 0.722165 0.0705104
3 0.731106 0.758659 0.532566 0.482681
3 0.937737 0.813133 0.124526 0.373733
0 0.349005 0.528218 0.682723 0.880158
3 0.334164 0.5 0.668327 1
0 0.125913 0.811932 0.251826 0.376136
3 0.238151 0.5 0.476303 1
0 0.222245 0.131438 0.444489 0.262875
4 0.459323 0.290555 0.420358 0.573277
3 0.829861 0.222124 0.340278 0.444247
3 0.724683 0.490638 0.550635 0.977781
3 0.654471 0.757641 0.374452 0.484719
3 0.222245 0.131438 0.444489 0.262875
3 0.811782 0.128833 0.376437 0.257666
3 0.933639 0.505462 0.132721 0.989077
0 0.835071 0.438787 0.329859 0.876561
3 0.165695 0.802296 0.330765 0.395407
3 0.628893 0.429786 0.711987 0.853623
3 0.256148 0.739555 0.511337 0.484269
3 0.13025 0.500508 0.2605 0.998984
4 0.829833 0.503704 0.340334 0.992592
3 0.162168 0.592223 0.323026 0.772868
3 0.317652 0.767112 0.522273 0.465777
3 0.126136 0.819053 0.252273 0.361894
3 0.463434 0.758379 0.477804 0.483242
3 0.131886 0.738062 0.263772 0.468592
3 0.828868 0.785528 0.342265 0.428944
3 0.128422 0.63977 0.256843 0.650785
4 0.360081 0.752015 0.70682 0.458592
0 0.0101115 0.671452 0.0202231 0.648322
3 0.547153 0.758152 0.347939 0.483695
0 0.0899733 0.817726 0.179947 0.364548
3 0.238551 0.782476 0.477102 0.435049
0 0.413502 0.750499 0.664117 0.458391
0 0.837739 0.103687 0.324522 0.207374
3 0.36926 0.629272 0.654719 0.682078
3 0.34077 0.305726 0.651908 0.611453
3 0.94027 0.690166 0.11946 0.595435
0 0.350538 0.299892 0.635665 0.599783
3 0.93392 0.391697 0.132159 0.780514
4 0.350538 0.299892 0.635665 0.599783
3 0.158087 0.21624 0.316174 0.432481
3 0.50989 0.0244806 0.98022 0.0489613
3 0.316925 0.0348006 0.632169 0.0696011
3 0.0188453 0.769691 0.0376906 0.460619
3 0.184582 0.19537 0.368732 0.390741
4 0.525472 0.0320235 0.940617 0.0640471
3 0.934944 0.825614 0.130112 0.344456
3 0.0367184 0.285042 0.0734367 0.570083
4 0.835755 0.295072 0.32849 0.579349
3 0.0445914 0.238633 0.0891827 0.477266
4 0.937737 0.813133 0.124526 0.373733
4 0.830549 0.67129 0.338902 0.643247
3 0.0252498 0.80088 0.0504997 0.398239
3 0.754347 0.258991 0.491307 0.517982
0 0.183908 0.769514 0.367307 0.451299
4 0.854219 0.743151 0.291561 0.513697
4 0.351983 0.762735 0.550793 0.474529
4 0.628893 0.429786 0.711987 0.853623
3 0.0101115 0.671452 0.0202231 0.648322
3 0.0289784 0.810977 0.0579567 0.378045
3 0.501097 0.300631 0.337363 0.596223
3 0.837739 0.103687 0.324522 0.207374
4 0.752485 0.756917 0.495029 0.486166
3 0.903371 0.233385 0.193259 0.466769
4 0.197832 0.791952 0.38989 0.416095
4 0.521653 0.50095 0.474785 0.998099
0 0.264719 0.0635158 0.529438 0.127032
3 0.580915 0.150095 0.838171 0.30019
3 0.910162 0.829725 0.179676 0.329309
3 0.199292 0.280971 0.393857 0.561943
3 0.264719 0.0635158 0.529438 0.127032
4 0.654471 0.757641 0.374452 0.484719
3 0.467227 0.75248 0.699063 0.459029
3 0.0138493 0.46053 0.0276985 0.796801
3 0.0243751 0.364633 0.0487501 0.729267
3 0.834537 0.353758 0.330925 0.707517
3 0.617552 0.291533 0.764896 0.583066
0 0.0252498 0.80088 0.0504997 0.398239
4 0.335582 0.5 0.669667 1
0 0.0834272 0.770732 0.166854 0.434539
3 0.803416 0.503197 0.393168 0.993606
0 0.351983 0.762735 0.550793 0.474529
0 0.62067 0.630648 0.621911 0.719507
3 0.523476 0.760462 0.414392 0.473975
4 0.824135 0.784603 0.35173 0.424714
3 0.544596 0.0467979 0.90014 0.0935958
3 0.620522 0.219944 0.758956 0.439887
0 0.754347 0.258991 0.491307 0.517982
0 0.628893 0.429786 0.711987 0.853623
4 0.361082 0.0352552 0.722165 0.0705104
0 0.452921 0.5 0.434692 1
4 0.463434 0.758379 0.477804 0.483242
3 0.0146772 0.713958 0.0293544 0.572083
3 0.00997079 0.571634 0.0199416 0.686768
3 0.68875 0.76429 0.510098 0.471421
2 0.299447 0.767062 0.58762 0.450133
4 0.94027 0.690166 0.11946 0.595435
4 0.934944 0.825614 0.130112 0.344456
0 0.580915 0.150095 0.838171 0.30019
3 0.0616095 0.703554 0.123219 0.452526
4 0.0289784 0.810977 0.0579567 0.378045
0 0.460608 0.689161 0.628835 0.573526
0 0.934944 0.825614 0.130112 0.344456
0 0.752485 0.756917 0.495029 0.486166
4 0.36926 0.629272 0.654719 0.682078
4 0.580915 0.150095 0.838171 0.30019
4 0.126136 0.819053 0.252273 0.361894
0 0.620522 0.219944 0.758956 0.439887
0 0.811782 0.128833 0.376437 0.257666
0 0.131886 0.738062 0.263772 0.468592
3 0.510132 0.348122 0.920079 0.696245
0 0.00997079 0.571634 0.0199416 0.686768
0 0.830549 0.67129 0.338902 0.643247
0 0.94027 0.690166 0.11946 0.595435
0 0.463434 0.758379 0.477804 0.483242
0 0.0146772 0.713958 0.0293544 0.572083
4 0.27504 0.774003 0.536506 0.451994
3 0.183908 0.769514 0.367307 0.451299
0 0.834995 0.286691 0.33001 0.563045
4 0.222245 0.131438 0.444489 0.262875
4 0.910162 0.829725 0.179676 0.329309
4 0.617552 0.291533 0.764896 0.583066
4 0.933639 0.505462 0.132721 0.989077
4 0.172021 0.195192 0.344041 0.390384
1 0.828868 0.785528 0.342265 0.428944
4 0.247082 0.219132 0.494165 0.438264
0 0.0289784 0.810977 0.0579567 0.378045
3 0.071598 0.548109 0.143196 0.803276
3 0.521653 0.50095 0.474785 0.998099
0 0.0188453 0.769691 0.0376906 0.460619
0 0.937737 0.813133 0.124526 0.373733
4 0.523476 0.760462 0.414392 0.473975
4 0.547153 0.758152 0.347939 0.483695
0 0.510132 0.348122 0.920079 0.696245
3 0.0571153 0.624427 0.114231 0.563033
0 0.854219 0.743151 0.291561 0.513697
4 0.238151 0.5 0.476303 1
4 0.93392 0.391697 0.132159 0.780514
3 0.352537 0.759868 0.705075 0.46129
4 0.620522 0.219944 0.758956 0.439887
4 0.264719 0.0635158 0.529438 0.127032
4 0.0138493 0.46053 0.0276985 0.796801
0 0.0138493 0.46053 0.0276985 0.796801
1 0.208281 0.787647 0.41413 0.414947
0 0.547153 0.758152 0.347939 0.483695
4 0.837739 0.103687 0.324522 0.207374
4 0.534575 0.350705 0.909662 0.701411
4 0.0101115 0.671452 0.0202231 0.648322
4 0.158087 0.21624 0.316174 0.432481
3 0.126078 0.207616 0.252156 0.395204
0 0.910162 0.829725 0.179676 0.329309
0 0.903371 0.233385 0.193259 0.466769
0 0.93392 0.391697 0.132159 0.780514
3 0.0834272 0.770732 0.166854 0.434539
0 0.158087 0.21624 0.316174 0.432481
4 0.161872 0.810491 0.323744 0.375758
4 0.0243751 0.364633 0.0487501 0.729267
4 0.0834272 0.770732 0.166854 0.434539
0 0.523476 0.760462 0.414392 0.473975
4 0.460608 0.689161 0.628835 0.573526
4 0.0252498 0.80088 0.0504997 0.398239
4 0.903371 0.233385 0.193259 0.466769
3 0.106363 0.446155 0.212726 0.878342
1 0.725851 0.762695 0.548298 0.459052
4 0.126078 0.207616 0.252156 0.395204
0 0.621761 0.758066 0.332123 0.483867
4 0.256148 0.739555 0.511337 0.484269
4 0.00997079 0.571634 0.0199416 0.686768
2 0.722166 0.758657 0.555669 0.443254
4 0.859492 0.217036 0.281016 0.434071
1 0.834537 0.353758 0.330925 0.707517
0 0.859492 0.217036 0.281016 0.434071
4 0.685103 0.271544 0.629795 0.543088
0 0.617552 0.291533 0.764896 0.583066
4 0.0146772 0.713958 0.0293544 0.572083
4 0.0188453 0.769691 0.0376906 0.460619
0 0.0445914 0.238633 0.0891827 0.477266
0 0.0616095 0.703554 0.123219 0.452526
0 0.0243751 0.364633 0.0487501 0.729267
4 0.0367184 0.285042 0.0734367 0.570083
4 0.199292 0.280971 0.393857 0.561943
3 0.247082 0.219132 0.494165 0.438264
4 0.0445914 0.238633 0.0891827 0.477266
4 0.150917 0.5 0.301557 1
4 0.62067 0.630648 0.621911 0.719507
0 0.933639 0.505462 0.132721 0.989077
0 0.247082 0.219132 0.494165 0.438264
1 0.554893 0.307082 0.801034 0.614164
4 0.0710777 0.822427 0.142155 0.355145
2 0.167524 0.772023 0.335048 0.442238
1 0.934944 0.825614 0.130112 0.344456
3 0.62067 0.630648 0.621911 0.719507
4 0.106363 0.446155 0.212726 0.878342
4 0.131886 0.738062 0.263772 0.468592
1 0.196829 0.5 0.389575 1
2 0.397404 0.309917 0.566419 0.619834
2 0.131886 0.738062 0.263772 0.468592
4 0.2932 0.251049 0.583789 0.502097
0 0.238551 0.782476 0.477102 0.435049
4 0.162168 0.592223 0.323026 0.772868
2 0.0899733 0.817726 0.179947 0.364548
4 0.811782 0.128833 0.376437 0.257666
4 0.0616095 0.703554 0.123219 0.452526
0 0.0367184 0.285042 0.0734367 0.570083
2 0.910162 0.829725 0.179676 0.329309
2 0.934944 0.825614 0.130112 0.344456
0 0.126078 0.207616 0.252156 0.395204
2 0.903371 0.233385 0.193259 0.466769
2 0.0616095 0.703554 0.123219 0.452526
1 0.35621 0.750522 0.671607 0.45316
2 0.238151 0.5 0.476303 1
0 0.172021 0.195192 0.344041 0.390384
2 0.621761 0.758066 0.332123 0.483867
2 0.349005 0.528218 0.682723 0.880158
4 0.071598 0.548109 0.143196 0.803276
1 0.628893 0.429786 0.711987 0.853623
1 0.500114 0.285803 0.346804 0.56026
2 0.937737 0.813133 0.124526 0.373733
2 0.834995 0.286691 0.33001 0.563045
2 0.93392 0.391697 0.132159 0.780514
1 0.910162 0.829725 0.179676 0.329309
1 0.338269 0.297882 0.656796 0.595764
2 0.0834272 0.770732 0.166854 0.434539
4 0.0571153 0.624427 0.114231 0.563033
0 0.238151 0.5 0.476303 1
4 0.128422 0.63977 0.256843 0.650785
3 0.0710777 0.822427 0.142155 0.355145
2 0.448732 0.336308 0.848509 0.672617
0 0.165695 0.802296 0.330765 0.395407
1 0.202644 0.229996 0.400632 0.457108
1 0.161872 0.810491 0.323744 0.375758
2 0.467227 0.75248 0.699063 0.459029
2 0.801138 0.760409 0.397725 0.455189
2 0.172021 0.195192 0.344041 0.390384
2 0.940429 0.666764 0.119143 0.619954
2 0.837739 0.103687 0.324522 0.207374
2 0.500114 0.285803 0.346804 0.56026
2 0.547153 0.758152 0.347939 0.483695
2 0.331768 0.260123 0.661907 0.520245
2 0.162168 0.592223 0.323026 0.772868
2 0.620522 0.219944 0.758956 0.439887
1 0.903371 0.233385 0.193259 0.466769
2 0.578022 0.756365 0.565744 0.450584
2 0.933639 0.505462 0.132721 0.989077
2 0.0289784 0.810977 0.0579567 0.378045
1 0.729131 0.408641 0.541738 0.809909
2 0.765047 0.492725 0.469907 0.974642
2 0.247082 0.219132 0.494165 0.438264
2 0.0571153 0.624427 0.114231 0.563033
0 0.2932 0.251049 0.583789 0.502097
1 0.807779 0.260543 0.384442 0.517085
1 0.331049 0.5 0.661779 1
2 0.463434 0.758379 0.477804 0.483242
2 0.128422 0.63977 0.256843 0.650785
2 0.0101115 0.671452 0.0202231 0.648322
1 0.0616095 0.703554 0.123219 0.452526
1 0.523476 0.760462 0.414392 0.473975
2 0.158087 0.21624 0.316174 0.432481
1 0.94027 0.690166 0.11946 0.595435
1 0.256148 0.739555 0.511337 0.484269
2 0.859492 0.217036 0.281016 0.434071
2 0.071598 0.548109 0.143196 0.803276
2 0.106363 0.446155 0.212726 0.878342
1 0.448732 0.336308 0.848509 0.672617
1 0.0710777 0.822427 0.142155 0.355145
2 0.0445914 0.238633 0.0891827 0.477266
1 0.933639 0.505462 0.132721 0.989077
1 0.150917 0.5 0.301557 1
2 0.663601 0.493951 0.672799 0.984723
1 0.93392 0.391697 0.132159 0.780514
1 0.854219 0.743151 0.291561 0.513697
2 0.351983 0.762735 0.550793 0.474529
2 0.0146772 0.713958 0.0293544 0.572083
1 0.0834272 0.770732 0.166854 0.434539
1 0.106363 0.446155 0.212726 0.878342
2 0.834438 0.507484 0.331124 0.985031
2 0.0252498 0.80088 0.0504997 0.398239
2 0.754347 0.258991 0.491307 0.517982
0 0.0571153 0.624427 0.114231 0.563033
2 0.521653 0.50095 0.474785 0.998099
2 0.580915 0.150095 0.838171 0.30019
2 0.0188453 0.769691 0.0376906 0.460619
2 0.403973 0.0351245 0.803413 0.0702491
1 0.131886 0.738062 0.263772 0.468592
2 0.554893 0.307082 0.801034 0.614164
2 0.150917 0.5 0.301557 1
0 0.128422 0.63977 0.256843 0.650785
2 0.238551 0.782476 0.477102 0.435049
0 0.732891 0.769732 0.534219 0.443565
0 0.764938 0.492986 0.470124 0.974123
0 0.525346 0.0322753 0.940968 0.0645506
4 0.731118 0.492174 0.537763 0.976241
0 0.820971 0.777093 0.358058 0.433899
4 0.725572 0.763251 0.548855 0.445145
0 0.0711907 0.82228 0.142381 0.35544
0 0.299226 0.767047 0.587084 0.450298
3 0.84032 0.646622 0.31936 0.676072
0 0.459432 0.290693 0.420161 0.573486
3 0.854001 0.743447 0.291997 0.513107
3 0.731087 0.758594 0.532615 0.482812
0 0.360921 0.0352896 0.721841 0.0705791
3 0.93776 0.813172 0.12448 0.373657
3 0.334155 0.5 0.668311 1
3 0.237731 0.5 0.475463 1
0 0.349032 0.528461 0.682372 0.879845
0 0.125388 0.811869 0.250776 0.376262
4 0.459432 0.290693 0.420161 0.573486
3 0.829974 0.221845 0.340053 0.44369
0 0.222145 0.131205 0.444289 0.26241
3 0.724752 0.490729 0.550496 0.977749
3 0.65473 0.757652 0.374771 0.484696
3 0.222145 0.131205 0.444289 0.26241
3 0.812262 0.129961 0.375475 0.259921
3 0.933591 0.505531 0.132819 0.988939
3 0.165342 0.80213 0.330058 0.395741
3 0.628938 0.427879 0.709611 0.849612
0 0.835064 0.437908 0.329871 0.874654
3 0.255719 0.740083 0.510487 0.483643
3 0.130136 0.500539 0.260271 0.998922
3 0.384927 0.760413 0.574627 0.479174
3 0.161268 0.596638 0.321228 0.764277
4 0.829948 0.503763 0.340104 0.992474
3 0.274207 0.77407 0.534755 0.45186
3 0.125947 0.818931 0.251893 0.362137
3 0.131844 0.738779 0.263687 0.467985
3 0.828848 0.785681 0.342303 0.428637
3 0.128343 0.641459 0.256685 0.646569
4 0.360248 0.752035 0.706124 0.458571
3 0.54756 0.758165 0.347002 0.48367
0 0.0899974 0.817559 0.179995 0.364882
0 0.010195 0.671733 0.02039 0.647927
3 0.940179 0.690465 0.119643 0.594817
3 0.37013 0.628886 0.65252 0.682884
3 0.341146 0.305941 0.65114 0.611881
0 0.414691 0.750495 0.66046 0.458349
0 0.838077 0.104114 0.323846 0.208227
3 0.933855 0.391665 0.13229 0.780243
4 0.350829 0.300003 0.635093 0.600006
3 0.158328 0.216151 0.316655 0.432302
0 0.350829 0.300003 0.635093 0.600006
3 0.509778 0.0245708 0.980444 0.0491416
3 0.184076 0.195193 0.367742 0.390385
3 0.316801 0.0347532 0.632005 0.0695063
3 0.0190068 0.769639 0.0380135 0.460721
4 0.525346 0.0322753 0.940968 0.0645506
3 0.934892 0.825793 0.130216 0.344007
3 0.0370403 0.285016 0.0740805 0.570031
3 0.0450555 0.238438 0.0901111 0.476876
4 0.835761 0.294612 0.328477 0.578487
4 0.93776 0.813172 0.12448 0.373657
3 0.0253791 0.800835 0.0507581 0.39833
4 0.830535 0.671769 0.338931 0.642244
3 0.756842 0.258653 0.486316 0.517305
4 0.854001 0.743447 0.291997 0.513107
4 0.352294 0.762735 0.54938 0.474531
3 0.010195 0.671733 0.02039 0.647927
4 0.628938 0.427879 0.709611 0.849612
0 0.183586 0.769446 0.366656 0.451554
3 0.0290797 0.810881 0.0581595 0.378239
3 0.501012 0.300731 0.337448 0.596406
3 0.838077 0.104114 0.323846 0.208227
4 0.752475 0.756862 0.49505 0.486276
4 0.519827 0.500957 0.469776 0.998086
4 0.197425 0.791823 0.38909 0.416354
3 0.903082 0.233625 0.193836 0.46725
3 0.581111 0.15556 0.837777 0.31112
0 0.264495 0.0634513 0.52899 0.126903
3 0.909902 0.830144 0.180196 0.328358
3 0.199051 0.28102 0.393393 0.56204
4 0.65473 0.757652 0.374771 0.484696
3 0.264495 0.0634513 0.52899 0.126903
3 0.468224 0.752463 0.694331 0.458973
3 0.0137832 0.460205 0.0275664 0.792787
3 0.0243367 0.36381 0.0486734 0.72762
3 0.834641 0.353625 0.330717 0.707249
3 0.804976 0.503256 0.390048 0.993488
4 0.335851 0.5 0.669134 1
3 0.619074 0.290537 0.761853 0.581073
3 0.523748 0.760519 0.413559 0.474184
3 0.544681 0.0473783 0.900064 0.0947565
4 0.824152 0.784664 0.351697 0.424513
0 0.0836471 0.770834 0.167294 0.434843
0 0.0253791 0.800835 0.0507581 0.39833
4 0.360921 0.0352896 0.721841 0.0705791
0 0.620365 0.63012 0.620556 0.720569
0 0.352294 0.762735 0.54938 0.474531
3 0.0148274 0.714079 0.0296549 0.571843
4 0.464341 0.758369 0.475507 0.483262
3 0.00996293 0.572622 0.0199259 0.684159
3 0.689184 0.76428 0.509413 0.47144
0 0.756842 0.258653 0.486316 0.517305
0 0.453211 0.5 0.434102 1
4 0.940179 0.690465 0.119643 0.594817
2 0.299226 0.767047 0.587084 0.450298
0 0.628938 0.427879 0.709611 0.849612
4 0.934892 0.825793 0.130216 0.344007
3 0.0616394 0.704067 0.123279 0.451558
4 0.0290797 0.810881 0.0581595 0.378239
4 0.37013 0.628886 0.65252 0.682884
4 0.125947 0.818931 0.251893 0.362137
3 0.51032 0.348174 0.919607 0.696347
4 0.581111 0.15556 0.837777 0.31112
0 0.461265 0.688877 0.624493 0.574111
0 0.934892 0.825793 0.130216 0.344007
0 0.752475 0.756862 0.49505 0.486276
0 0.581111 0.15556 0.837777 0.31112
0 0.131844 0.738779 0.263687 0.467985
4 0.274207 0.77407 0.534755 0.45186
0 0.00996293 0.572622 0.0199259 0.684159
0 0.830535 0.671769 0.338931 0.642244
0 0.812262 0.129961 0.375475 0.259921
3 0.183586 0.769446 0.366656 0.451554
0 0.620904 0.222347 0.758192 0.444694
4 0.171234 0.194895 0.342467 0.389789
4 0.222145 0.131205 0.444289 0.26241
4 0.909902 0.830144 0.180196 0.328358
4 0.619074 0.290537 0.761853 0.581073
1 0.828848 0.785681 0.342303 0.428637
4 0.933591 0.505531 0.132819 0.988939
0 0.940179 0.690465 0.119643 0.594817
0 0.464341 0.758369 0.475507 0.483262
4 0.246846 0.218791 0.493691 0.437583
0 0.0148274 0.714079 0.0296549 0.571843
0 0.834984 0.285727 0.330031 0.561056
3 0.0711817 0.549192 0.142363 0.795868
3 0.519827 0.500957 0.469776 0.998086
4 0.523748 0.760519 0.413559 0.474184
0 0.0290797 0.810881 0.0581595 0.378239
4 0.54756 0.758165 0.347002 0.48367
3 0.0569536 0.624462 0.113907 0.559768
0 0.93776 0.813172 0.12448 0.373657
0 0.0190068 0.769639 0.0380135 0.460721
4 0.237731 0.5 0.475463 1
3 0.352467 0.759902 0.704935 0.461379
4 0.933855 0.391665 0.13229 0.780243
0 0.51032 0.348174 0.919607 0.696347
0 0.854001 0.743447 0.291997 0.513107
4 0.264495 0.0634513 0.52899 0.126903
4 0.0137832 0.460205 0.0275664 0.792787
1 0.208162 0.787688 0.41388 0.414988
4 0.838077 0.104114 0.323846 0.208227
4 0.535119 0.350757 0.908758 0.701515
0 0.0137832 0.460205 0.0275664 0.792787
4 0.010195 0.671733 0.02039 0.647927
4 0.158328 0.216151 0.316655 0.432302
3 0.126456 0.207492 0.252913 0.39493
0 0.54756 0.758165 0.347002 0.48367
3 0.0836471 0.770834 0.167294 0.434843
4 0.161311 0.810462 0.322621 0.375917
4 0.0243367 0.36381 0.0486734 0.72762
4 0.0836471 0.770834 0.167294 0.434843
0 0.903082 0.233625 0.193836 0.46725
0 0.909902 0.830144 0.180196 0.328358
4 0.461265 0.688877 0.624493 0.574111
4 0.0253791 0.800835 0.0507581 0.39833
0 0.933855 0.391665 0.13229 0.780243
4 0.903082 0.233625 0.193836 0.46725
0 0.158328 0.216151 0.316655 0.432302
3 0.106565 0.445538 0.213129 0.877151
1 0.725896 0.762658 0.548208 0.459159
0 0.523748 0.760519 0.413559 0.474184
4 0.126456 0.207492 0.252913 0.39493
4 0.255719 0.740083 0.510487 0.483643
4 0.00996293 0.572622 0.0199259 0.684159
2 0.722307 0.758695 0.555387 0.443193
4 0.859649 0.217463 0.280702 0.434925
1 0.834641 0.353625 0.330717 0.707249
4 0.686649 0.271489 0.626702 0.542978
0 0.622065 0.758087 0.331873 0.483827
4 0.0190068 0.769639 0.0380135 0.460721
4 0.0148274 0.714079 0.0296549 0.571843
0 0.859649 0.217463 0.280702 0.434925
4 0.0370403 0.285016 0.0740805 0.570031
4 0.199051 0.28102 0.393393 0.56204
3 0.246846 0.218791 0.493691 0.437583
0 0.0616394 0.704067 0.123279 0.451558
4 0.0450555 0.238438 0.0901111 0.476876
0 0.0450555 0.238438 0.0901111 0.476876
0 0.0243367 0.36381 0.0486734 0.72762
4 0.151021 0.5 0.301779 1
4 0.620365 0.63012 0.620556 0.720569
1 0.555352 0.307364 0.797366 0.614727
4 0.0711907 0.82228 0.142381 0.35544
2 0.166924 0.772061 0.333848 0.442347
0 0.933591 0.505531 0.132819 0.988939
0 0.246846 0.218791 0.493691 0.437583
1 0.934892 0.825793 0.130216 0.344007
3 0.620365 0.63012 0.620556 0.720569
4 0.106565 0.445538 0.213129 0.877151
4 0.131844 0.738779 0.263687 0.467985
1 0.19665 0.5 0.389241 1
2 0.397981 0.309618 0.564691 0.619235
2 0.131844 0.738779 0.263687 0.467985
4 0.293343 0.251037 0.584117 0.502074
4 0.161268 0.596638 0.321228 0.764277
0 0.23795 0.782472 0.475899 0.435057
2 0.0899974 0.817559 0.179995 0.364882
4 0.812262 0.129961 0.375475 0.259921
4 0.0616394 0.704067 0.123279 0.451558
2 0.909902 0.830144 0.180196 0.328358
2 0.934892 0.825793 0.130216 0.344007
2 0.903082 0.233625 0.193836 0.46725
0 0.126456 0.207492 0.252913 0.39493
0 0.0370403 0.285016 0.0740805 0.570031
2 0.0616394 0.704067 0.123279 0.451558
1 0.356242 0.750516 0.671357 0.453253
2 0.237731 0.5 0.475463 1
2 0.349032 0.528461 0.682372 0.879845
2 0.622065 0.758087 0.331873 0.483827
4 0.0711817 0.549192 0.142363 0.795868
1 0.628938 0.427879 0.709611 0.849612
0 0.171234 0.194895 0.342467 0.389789
1 0.500261 0.286005 0.346391 0.560643
2 0.834984 0.285727 0.330031 0.561056
2 0.93776 0.813172 0.12448 0.373657
2 0.933855 0.391665 0.13229 0.780243
1 0.909902 0.830144 0.180196 0.328358
1 0.338324 0.298044 0.656711 0.596089
2 0.0836471 0.770834 0.167294 0.434843
4 0.0569536 0.624462 0.113907 0.559768
4 0.128343 0.641459 0.256685 0.646569
3 0.0711907 0.82228 0.142381 0.35544
2 0.448532 0.33616 0.847332 0.67232
0 0.237731 0.5 0.475463 1
1 0.202469 0.229925 0.400318 0.456634
0 0.165342 0.80213 0.330058 0.395741
1 0.161311 0.810462 0.322621 0.375917
2 0.468224 0.752463 0.694331 0.458973
2 0.801053 0.760432 0.397894 0.45507
2 0.171234 0.194895 0.342467 0.389789
2 0.838077 0.104114 0.323846 0.208227
2 0.940375 0.666731 0.11925 0.619657
2 0.500261 0.286005 0.346391 0.560643
2 0.54756 0.758165 0.347002 0.48367
2 0.331749 0.260017 0.661904 0.520034
2 0.161268 0.596638 0.321228 0.764277
2 0.620904 0.222347 0.758192 0.444694
1 0.903082 0.233625 0.193836 0.46725
2 0.577111 0.756384 0.562861 0.450507
2 0.933591 0.505531 0.132819 0.988939
2 0.0290797 0.810881 0.0581595 0.378239
1 0.733282 0.406299 0.533436 0.805312
2 0.764938 0.492986 0.470124 0.974123
1 0.810551 0.26054 0.378898 0.516976
2 0.0569536 0.624462 0.113907 0.559768
2 0.246846 0.218791 0.493691 0.437583
2 0.464341 0.758369 0.475507 0.483262
1 0.331066 0.5 0.661846 1
2 0.128343 0.641459 0.256685 0.646569
0 0.293343 0.251037 0.584117 0.502074
2 0.010195 0.671733 0.02039 0.647927
1 0.0616394 0.704067 0.123279 0.451558
1 0.523748 0.760519 0.413559 0.474184
1 0.940179 0.690465 0.119643 0.594817
1 0.255719 0.740083 0.510487 0.483643
2 0.158328 0.216151 0.316655 0.432302
2 0.859649 0.217463 0.280702 0.434925
2 0.0711817 0.549192 0.142363 0.795868
2 0.106565 0.445538 0.213129 0.877151
1 0.448532 0.33616 0.847332 0.67232
1 0.0711907 0.82228 0.142381 0.35544
2 0.0450555 0.238438 0.0901111 0.476876
1 0.933591 0.505531 0.132819 0.988939
1 0.854001 0.743447 0.291997 0.513107
1 0.933855 0.391665 0.13229 0.780243
1 0.151021 0.5 0.301779 1
2 0.663477 0.493988 0.673047 0.984813
2 0.352294 0.762735 0.54938 0.474531
1 0.0836471 0.770834 0.167294 0.434843
2 0.0148274 0.714079 0.0296549 0.571843
1 0.106565 0.445538 0.213129 0.877151
2 0.834444 0.507556 0.331111 0.984887
2 0.0253791 0.800835 0.0507581 0.39833
2 0.756842 0.258653 0.486316 0.517305
2 0.519827 0.500957 0.469776 0.998086
2 0.581111 0.15556 0.837777 0.31112
1 0.131844 0.738779 0.263687 0.467985
2 0.555352 0.307364 0.797366 0.614727
2 0.0190068 0.769639 0.0380135 0.460721
2 0.403744 0.0352942 0.803126 0.0705885
2 0.23795 0.782472 0.475899 0.435057
0 0.0569536 0.624462 0.113907 0.559768
2 0.151021 0.5 0.301779 1
2 0.222145 0.131205 0.444289 0.26241
2 0.0370403 0.285016 0.0740805 0.570031
1 0.859649 0.217463 0.280702 0.434925
0 0.128343 0.641459 0.256685 0.646569
2 0.00996293 0.572622 0.0199259 0.684159
