0 0.497682 0.645804 0.245798 0.419425
0 0.0914824 0.738954 0.153796 0.324745
0 0.796368 0.547313 0.117077 0.0634888
1 0.496686 0.649126 0.250932 0.435974
1 0.0915276 0.732946 0.155348 0.335006
0 0.798455 0.536572 0.110874 0.0905625
4 0.0915276 0.732946 0.155348 0.335006
0 0.810315 0.574778 0.149833 0.12428
0 0.796991 0.555776 0.112675 0.0907452
0 0.799716 0.479738 0.109041 0.199755
2 0.0893796 0.736797 0.155254 0.321008
0 0.441772 0.676834 0.369457 0.454471
0 0.832051 0.75987 0.335897 0.480259
0 0.0918267 0.6701 0.15658 0.443283
0 0.550542 0.701036 0.390939 0.473942
0 0.147183 0.752615 0.248952 0.378639
3 0.09551 0.772234 0.169445 0.394872
3 0.778738 0.241863 0.0161053 0.0614603
2 0.495755 0.651837 0.255955 0.429904
0 0.861682 0.715221 0.276636 0.400792
0 0.466107 0.0220189 0.890127 0.0440378
3 0.0857926 0.728652 0.171585 0.354919
0 0.0941213 0.701783 0.188243 0.442525
3 0.129304 0.722838 0.256704 0.392261
0 0.0809605 0.75712 0.161921 0.405585
4 0.52033 0.722042 0.306115 0.526736
3 0.863582 0.386155 0.229497 0.748071
3 0.545335 0.714804 0.391823 0.486138
0 0.342963 0.020175 0.681965 0.04035
4 0.496323 0.65692 0.255992 0.413418
1 0.799716 0.479738 0.109041 0.199755
0 0.46923 0.741473 0.281804 0.517054
0 0.0701148 0.654554 0.14023 0.531031
3 0.155444 0.805185 0.274052 0.389629
3 0.630943 0.459122 0.244127 0.493031
3 0.800923 0.489943 0.113299 0.209304
3 0.684573 0.873276 0.220836 0.253448
3 0.557325 0.75208 0.325396 0.495839
3 0.935899 0.466609 0.128202 0.800776
4 0.814643 0.753946 0.370714 0.47957
4 0.111346 0.793934 0.208466 0.412133
0 0.368995 0.195955 0.694208 0.39191
3 0.115231 0.456657 0.230463 0.88737
3 0.281816 0.733478 0.551264 0.533044
3 0.111346 0.793934 0.208466 0.412133
3 0.70169 0.567933 0.186368 0.40717
0 0.799374 0.443848 0.105387 0.398963
4 0.798455 0.536572 0.110874 0.0905625
0 0.584328 0.0291181 0.770304 0.0582363
3 0.548832 0.518272 0.34146 0.775045
1 0.796991 0.555776 0.112675 0.0907452
0 0.0869125 0.750027 0.173825 0.499947
0 0.503624 0.483044 0.291036 0.756797
0 0.281816 0.733478 0.551264 0.533044
3 0.644719 0.757916 0.298913 0.481679
3 0.758528 0.318438 0.482943 0.636876
3 0.608813 0.814569 0.322447 0.370862
3 0.65888 0.314045 0.635685 0.628089
0 0.240289 0.0583486 0.480579 0.116697
4 0.46923 0.741473 0.281804 0.517054
3 0.592103 0.334491 0.321496 0.668983
0 0.437222 0.82048 0.28281 0.35904
3 0.864535 0.474926 0.27093 0.949851
3 0.510198 0.708322 0.308091 0.583356
3 0.838667 0.493991 0.18339 0.69438
3 0.940507 0.775132 0.118985 0.449737
3 0.831172 0.766807 0.332617 0.466386
0 0.47961 0.716811 0.288585 0.523874
3 0.092937 0.672388 0.172844 0.442593
2 0.0869125 0.750027 0.173825 0.499947
4 0.155444 0.805185 0.274052 0.389629
4 0.799716 0.479738 0.109041 0.199755
3 0.351424 0.466043 0.469322 0.932086
3 0.533655 0.678018 0.317705 0.458202
3 0.797509 0.369803 0.108298 0.481397
3 0.46923 0.741473 0.281804 0.517054
3 0.642869 0.0550777 0.714262 0.110155
3 0.927862 0.760871 0.144276 0.43585
3 0.261153 0.439993 0.416978 0.879986
3 0.797287 0.763534 0.358028 0.467406
3 0.715708 0.13115 0.568583 0.2623
3 0.180724 0.739222 0.361447 0.506498
3 0.584328 0.0291181 0.770304 0.0582363
3 0.692966 0.749735 0.608269 0.484086
3 0.899658 0.747577 0.200685 0.504845
4 0.557325 0.75208 0.325396 0.495839
3 0.0909727 0.577524 0.177439 0.639812
3 0.665614 0.0854718 0.668772 0.170944
3 0.122764 0.247271 0.245527 0.494541
3 0.365144 0.786424 0.386649 0.416531
3 0.797177 0.537427 0.116553 0.094987
3 0.780219 0.785323 0.313205 0.429353
0 0.234683 0.731616 0.374035 0.522472
3 0.239839 0.817644 0.265318 0.364711
3 0.905152 0.699281 0.189696 0.384509
3 0.212651 0.834691 0.229583 0.330618
3 0.275519 0.32319 0.510775 0.646381
0 0.269264 0.621608 0.181699 0.319963
0 0.515012 0.602526 0.28318 0.534582
3 0.799374 0.443848 0.105387 0.398963
3 0.481412 0.021521 0.892343 0.0430421
0 0.874094 0.775217 0.251811 0.449567
3 0.183992 0.382639 0.357904 0.765279
3 0.240289 0.0583486 0.480579 0.116697
3 0.564533 0.321624 0.50597 0.643247
3 0.267272 0.865914 0.224675 0.268171
0 0.665614 0.0854718 0.668772 0.170944
3 0.253648 0.243642 0.486991 0.487285
0 0.642869 0.0550777 0.714262 0.110155
3 0.771877 0.391663 0.0825131 0.413561
3 0.892758 0.316821 0.214483 0.633642
3 0.437222 0.82048 0.28281 0.35904
0 0.0892437 0.74024 0.161888 0.51952
3 0.243616 0.802976 0.407136 0.38987
3 0.443229 0.452837 0.508478 0.905675
3 0.246961 0.468839 0.255091 0.937678
0 0.761155 0.168364 0.477691 0.336729
3 0.414625 0.701073 0.422319 0.448411
3 0.812063 0.314204 0.132432 0.58216
3 0.36673 0.883374 0.290975 0.233252
3 0.0289717 0.570946 0.0579434 0.651129
3 0.874094 0.775217 0.251811 0.449567
3 0.497331 0.317713 0.80417 0.635427
3 0.761155 0.168364 0.477691 0.336729
3 0.435668 0.279019 0.570778 0.558037
0 0.304958 0.0419213 0.609917 0.0838426
3 0.342963 0.020175 0.681965 0.04035
0 0.93877 0.790005 0.122459 0.419991
0 0.715708 0.13115 0.568583 0.2623
0 0.0909727 0.577524 0.177439 0.639812
2 0.799716 0.479738 0.109041 0.199755
4 0.515694 0.0237164 0.885323 0.0474328
0 0.981761 0.248777 0.0364779 0.497554
4 0.0869125 0.750027 0.173825 0.499947
4 0.608813 0.814569 0.322447 0.370862
4 0.437222 0.82048 0.28281 0.35904
0 0.955882 0.30766 0.0882352 0.612775
3 0.0216506 0.453338 0.0433011 0.832409
2 0.861682 0.715221 0.276636 0.400792
0 0.447404 0.274102 0.747509 0.548203
3 0.0701148 0.654554 0.14023 0.531031
0 0.963375 0.216638 0.0732506 0.433275
1 0.798455 0.536572 0.110874 0.0905625
3 0.719772 0.540768 0.258425 0.137503
1 0.147183 0.752615 0.248952 0.378639
4 0.684573 0.873276 0.220836 0.253448
0 0.838667 0.493991 0.18339 0.69438
3 0.810315 0.574778 0.149833 0.12428
0 0.56745 0.336803 0.74857 0.673606
3 0.47961 0.716811 0.288585 0.523874
0 0.212651 0.834691 0.229583 0.330618
0 0.0289717 0.570946 0.0579434 0.651129
3 0.304958 0.0419213 0.609917 0.0838426
2 0.46923 0.741473 0.281804 0.517054
3 0.0225054 0.275519 0.0450109 0.551039
4 0.780219 0.785323 0.313205 0.429353
3 0.847521 0.7332 0.304958 0.421106
4 0.620052 0.0365119 0.759896 0.0730237
4 0.940507 0.775132 0.118985 0.449737
0 0.816712 0.113519 0.366576 0.227038
3 0.0198858 0.37162 0.0397716 0.743241
4 0.092937 0.672388 0.172844 0.442593
2 0.0809605 0.75712 0.161921 0.405585
2 0.147183 0.752615 0.248952 0.378639
4 0.93877 0.790005 0.122459 0.419991
3 0.702128 0.311153 0.316941 0.622306
3 0.0784383 0.45842 0.156877 0.887819
0 0.916887 0.727973 0.166226 0.371352
4 0.810315 0.574778 0.149833 0.12428
0 0.36673 0.883374 0.290975 0.233252
3 0.963375 0.216638 0.0732506 0.433275
3 0.269264 0.621608 0.181699 0.319963
3 0.134183 0.249093 0.268365 0.498186
3 0.816712 0.113519 0.366576 0.227038
0 0.267272 0.865914 0.224675 0.268171
3 0.515012 0.602526 0.28318 0.534582
3 0.536162 0.349279 0.385423 0.698557
0 0.443229 0.452837 0.508478 0.905675
3 0.081687 0.305226 0.163374 0.610453
4 0.378076 0.0199187 0.754008 0.0398373
0 0.243616 0.802976 0.407136 0.38987
0 0.940507 0.775132 0.118985 0.449737
4 0.414625 0.701073 0.422319 0.448411
4 0.838667 0.493991 0.18339 0.69438
1 0.550542 0.701036 0.390939 0.473942
2 0.798455 0.536572 0.110874 0.0905625
4 0.447404 0.274102 0.747509 0.548203
4 0.36673 0.883374 0.290975 0.233252
4 0.368995 0.195955 0.694208 0.39191
2 0.437222 0.82048 0.28281 0.35904
3 0.340142 0.497036 0.23551 0.940857
3 0.981761 0.248777 0.0364779 0.497554
3 0.423977 0.197862 0.693898 0.395724
4 0.240289 0.0583486 0.480579 0.116697
3 0.955882 0.30766 0.0882352 0.612775
4 0.874094 0.775217 0.251811 0.449567
0 0.0216506 0.453338 0.0433011 0.832409
1 0.799374 0.443848 0.105387 0.398963
4 0.365144 0.786424 0.386649 0.416531
0 0.943993 0.383539 0.112014 0.767079
4 0.644719 0.757916 0.298913 0.481679
4 0.799374 0.443848 0.105387 0.398963
3 0.866265 0.669949 0.267469 0.421266
4 0.899658 0.747577 0.200685 0.504845
4 0.831172 0.766807 0.332617 0.466386
0 0.239839 0.817644 0.265318 0.364711
4 0.873585 0.456687 0.252829 0.905316
4 0.665614 0.0854718 0.668772 0.170944
4 0.935899 0.466609 0.128202 0.800776
4 0.761155 0.168364 0.477691 0.336729
0 0.675343 0.753279 0.595205 0.484497
4 0.679774 0.755158 0.608845 0.46372
1 0.214934 0.750611 0.410156 0.498778
4 0.304958 0.0419213 0.609917 0.0838426
4 0.486002 0.436272 0.406671 0.871547
0 0.365144 0.786424 0.386649 0.416531
4 0.0809605 0.75712 0.161921 0.405585
0 0.780219 0.785323 0.313205 0.429353
4 0.458595 0.285448 0.565841 0.570896
4 0.796991 0.555776 0.112675 0.0907452
0 0.851005 0.765656 0.29799 0.468688
3 0.372811 0.241307 0.504463 0.482614
4 0.905152 0.699281 0.189696 0.384509
3 0.644673 0.720287 0.450808 0.427391
4 0.56745 0.336803 0.74857 0.673606
0 0.0198858 0.37162 0.0397716 0.743241
0 0.812063 0.314204 0.132432 0.58216
4 0.32741 0.244763 0.510978 0.489527
4 0.0225054 0.275519 0.0450109 0.551039
4 0.0198858 0.37162 0.0397716 0.743241
0 0.608813 0.814569 0.322447 0.370862
4 0.281816 0.733478 0.551264 0.533044
2 0.365144 0.786424 0.386649 0.416531
4 0.134183 0.249093 0.268365 0.498186
0 0.684573 0.873276 0.220836 0.253448
4 0.816712 0.113519 0.366576 0.227038
4 0.267272 0.865914 0.224675 0.268171
0 0.134183 0.249093 0.268365 0.498186
0 0.899658 0.747577 0.200685 0.504845
0 0.53416 0.436016 0.371727 0.872031
4 0.0784383 0.45842 0.156877 0.887819
0 0.644719 0.757916 0.298913 0.481679
2 0.36673 0.883374 0.290975 0.233252
4 0.0909727 0.577524 0.177439 0.639812
0 0.788952 0.28496 0.422096 0.56992
2 0.0954902 0.78215 0.162131 0.4357
4 0.212651 0.834691 0.229583 0.330618
2 0.414625 0.701073 0.422319 0.448411
0 0.458595 0.285448 0.565841 0.570896
0 0.797509 0.369803 0.108298 0.481397
3 0.29659 0.200156 0.593179 0.400313
3 0.796991 0.555776 0.112675 0.0907452
4 0.715708 0.13115 0.568583 0.2623
0 0.0225054 0.275519 0.0450109 0.551039
4 0.239085 0.21034 0.478169 0.42068
1 0.644673 0.720287 0.450808 0.427391
4 0.0216506 0.453338 0.0433011 0.832409
4 0.409486 0.418004 0.496656 0.836008
4 0.115231 0.456657 0.230463 0.88737
1 0.860813 0.691762 0.278375 0.361851
4 0.963375 0.216638 0.0732506 0.433275
0 0.115231 0.456657 0.230463 0.88737
0 0.187191 0.810581 0.277913 0.375286
2 0.796991 0.555776 0.112675 0.0907452
4 0.788952 0.28496 0.422096 0.56992
4 0.860813 0.691762 0.278375 0.361851
1 0.193137 0.79664 0.32196 0.406721
0 0.122764 0.247271 0.245527 0.494541
1 0.829387 0.760397 0.341225 0.479206
3 0.0892437 0.74024 0.161888 0.51952
4 0.0892437 0.74024 0.161888 0.51952
1 0.810315 0.574778 0.149833 0.12428
4 0.129304 0.722838 0.256704 0.392261
4 0.955882 0.30766 0.0882352 0.612775
4 0.564533 0.321624 0.50597 0.643247
1 0.092937 0.672388 0.172844 0.442593
4 0.515012 0.602526 0.28318 0.534582
4 0.081687 0.305226 0.163374 0.610453
4 0.536162 0.349279 0.385423 0.698557
0 0.18724 0.701714 0.318483 0.501682
4 0.183992 0.382639 0.357904 0.765279
0 0.699695 0.306715 0.595185 0.61343
4 0.981761 0.248777 0.0364779 0.497554
0 0.864535 0.474926 0.27093 0.949851
4 0.0289717 0.570946 0.0579434 0.651129
3 0.0941213 0.701783 0.188243 0.442525
2 0.286415 0.746923 0.549798 0.506154
0 0.382709 0.369506 0.49607 0.739012
4 0.122764 0.247271 0.245527 0.494541
4 0.699695 0.306715 0.595185 0.61343
3 0.0869125 0.750027 0.173825 0.499947
4 0.860821 0.324947 0.227876 0.649893
4 0.239839 0.817644 0.265318 0.364711
2 0.144663 0.678774 0.289326 0.459327
0 0.860821 0.324947 0.227876 0.649893
0 0.144663 0.678774 0.289326 0.459327
2 0.167638 0.249733 0.322526 0.499466
4 0.275519 0.32319 0.510775 0.646381
2 0.547508 0.433441 0.357241 0.866881
0 0.644673 0.720287 0.450808 0.427391
0 0.497694 0.645813 0.245784 0.419359
0 0.0914753 0.738959 0.153816 0.324736
0 0.796376 0.547315 0.117092 0.0634748
1 0.496664 0.649126 0.250972 0.435884
1 0.0915215 0.732997 0.155365 0.334923
0 0.798455 0.53657 0.110858 0.0905412
4 0.0915215 0.732997 0.155365 0.334923
0 0.810808 0.575028 0.150773 0.124765
0 0.796992 0.555847 0.112672 0.0908799
0 0.799732 0.479804 0.109001 0.199622
2 0.0893703 0.736841 0.155258 0.32098
0 0.442093 0.676838 0.368776 0.454375
0 0.832222 0.759848 0.335557 0.480305
0 0.0918284 0.670132 0.156565 0.443192
0 0.550817 0.700904 0.391462 0.473631
3 0.778734 0.241861 0.0160875 0.0614595
3 0.0954673 0.772259 0.169383 0.394849
0 0.147038 0.752718 0.248714 0.378541
2 0.495772 0.651838 0.255965 0.429812
0 0.861765 0.713027 0.27647 0.396403
0 0.466298 0.0219804 0.890515 0.0439607
3 0.085806 0.728675 0.171612 0.354795
3 0.129306 0.722888 0.256742 0.392398
0 0.0941269 0.701818 0.188254 0.442458
0 0.080968 0.757146 0.161936 0.405678
4 0.520224 0.722034 0.305818 0.526764
3 0.863653 0.386025 0.229307 0.747679
3 0.5453 0.714717 0.391722 0.485922
0 0.342744 0.020214 0.681556 0.040428
4 0.49634 0.65692 0.255996 0.413329
1 0.799732 0.479804 0.109001 0.199622
3 0.155241 0.805153 0.273766 0.389695
3 0.631084 0.459212 0.243463 0.492454
3 0.800957 0.490073 0.113251 0.209204
0 0.0701165 0.654602 0.140233 0.53076
0 0.46917 0.74159 0.281547 0.516819
3 0.684613 0.872702 0.220615 0.254595
3 0.557381 0.75185 0.324971 0.4963
3 0.935867 0.465863 0.128266 0.799512
4 0.814581 0.753986 0.370838 0.479618
4 0.111221 0.793935 0.208228 0.41213
3 0.11499 0.456584 0.229981 0.887606
3 0.28181 0.733479 0.551392 0.533041
3 0.111221 0.793935 0.208228 0.41213
0 0.369182 0.194705 0.694379 0.389409
3 0.70181 0.567968 0.185328 0.40676
4 0.798455 0.53657 0.110858 0.0905412
3 0.548776 0.520281 0.341044 0.770704
1 0.796992 0.555847 0.112672 0.0908799
0 0.7994 0.443934 0.105343 0.399161
3 0.645108 0.757905 0.29797 0.481806
3 0.759062 0.318969 0.481875 0.637937
0 0.584646 0.0293702 0.769305 0.0587404
3 0.60898 0.814218 0.322024 0.371565
3 0.65938 0.314232 0.634174 0.628464
0 0.0868738 0.750045 0.173748 0.499909
0 0.28181 0.733479 0.551392 0.533041
0 0.503682 0.482795 0.290979 0.757162
4 0.46917 0.74159 0.281547 0.516819
3 0.592722 0.334167 0.319676 0.668335
0 0.240523 0.0581151 0.481046 0.11623
3 0.864541 0.47345 0.270918 0.946901
3 0.51022 0.70833 0.307549 0.583341
3 0.838864 0.493971 0.183671 0.694679
3 0.940571 0.774905 0.118857 0.450189
0 0.437181 0.820667 0.282562 0.358666
3 0.831051 0.766754 0.332716 0.466491
3 0.0929384 0.672444 0.172836 0.442459
4 0.155241 0.805153 0.273766 0.389695
4 0.799732 0.479804 0.109001 0.199622
3 0.352037 0.465157 0.466548 0.930313
2 0.0868738 0.750045 0.173748 0.499909
3 0.533623 0.678016 0.317656 0.458125
3 0.79756 0.369954 0.108232 0.481324
0 0.479681 0.716815 0.28846 0.523943
3 0.46917 0.74159 0.281547 0.516819
3 0.927745 0.760234 0.14451 0.433559
3 0.262247 0.439174 0.413729 0.878349
3 0.643198 0.0558488 0.713604 0.111698
3 0.797165 0.763558 0.35791 0.467473
3 0.715906 0.131586 0.568188 0.263173
3 0.18069 0.739404 0.36138 0.5069
3 0.693041 0.749785 0.608146 0.48411
3 0.584646 0.0293702 0.769305 0.0587404
4 0.557381 0.75185 0.324971 0.4963
3 0.899833 0.747081 0.200334 0.505839
3 0.1226 0.247752 0.2452 0.495505
3 0.0908753 0.580477 0.177164 0.633784
3 0.665876 0.0865001 0.668248 0.173
3 0.365347 0.786318 0.386284 0.416885
3 0.797188 0.53744 0.11653 0.094988
3 0.780059 0.785313 0.313006 0.429374
3 0.23997 0.817563 0.265025 0.364874
3 0.904717 0.698883 0.190566 0.383474
3 0.212807 0.835145 0.228755 0.32971
0 0.234485 0.73161 0.372789 0.522506
3 0.276337 0.322897 0.508497 0.645794
3 0.7994 0.443934 0.105343 0.399161
3 0.481246 0.0214974 0.892587 0.0429948
0 0.270908 0.619902 0.177966 0.316096
3 0.183734 0.383089 0.357264 0.766178
3 0.240523 0.0581151 0.481046 0.11623
3 0.565271 0.321431 0.502414 0.642863
0 0.514893 0.602822 0.282843 0.53386
3 0.267501 0.866959 0.224135 0.266081
3 0.253609 0.243729 0.486637 0.487459
3 0.771825 0.391716 0.0822544 0.413389
0 0.874142 0.775228 0.251716 0.449544
3 0.89241 0.317423 0.21518 0.634847
3 0.437181 0.820667 0.282562 0.358666
3 0.243936 0.802915 0.407753 0.390141
0 0.36978 0.270051 0.734899 0.540103
3 0.247529 0.467691 0.25294 0.935382
3 0.443131 0.452724 0.506662 0.905447
0 0.665876 0.0865001 0.668248 0.173
3 0.414775 0.701029 0.421963 0.448103
0 0.643198 0.0558488 0.713604 0.111698
3 0.812047 0.314395 0.131923 0.581553
3 0.36682 0.883975 0.290581 0.232051
0 0.0892404 0.74034 0.161871 0.51932
0 0.761328 0.167767 0.477344 0.335533
3 0.0289298 0.571222 0.0578597 0.650084
3 0.874142 0.775228 0.251716 0.449544
3 0.497754 0.318999 0.802712 0.637998
3 0.761328 0.167767 0.477344 0.335533
3 0.436191 0.278838 0.568528 0.557676
3 0.342744 0.020214 0.681556 0.040428
2 0.799732 0.479804 0.109001 0.199622
4 0.515557 0.0237339 0.885384 0.0474678
4 0.60898 0.814218 0.322024 0.371565
4 0.0868738 0.750045 0.173748 0.499909
4 0.437181 0.820667 0.282562 0.358666
0 0.304994 0.0417936 0.609988 0.0835872
3 0.0216107 0.453147 0.0432215 0.831883
2 0.861765 0.713027 0.27647 0.396403
0 0.0908753 0.580477 0.177164 0.633784
0 0.938767 0.790082 0.122465 0.419836
0 0.715906 0.131586 0.568188 0.263173
3 0.0701165 0.654602 0.140233 0.53076
3 0.719803 0.540705 0.258217 0.137241
1 0.798455 0.53657 0.110858 0.0905412
0 0.98159 0.250321 0.0368193 0.500643
4 0.684613 0.872702 0.220615 0.254595
1 0.147038 0.752718 0.248714 0.378541
0 0.95528 0.308604 0.0894397 0.614489
3 0.810808 0.575028 0.150773 0.124765
0 0.963106 0.216765 0.0737884 0.43353
3 0.479681 0.716815 0.28846 0.523943
0 0.838864 0.493971 0.183671 0.694679
0 0.56816 0.336881 0.746384 0.673763
3 0.304994 0.0417936 0.609988 0.0835872
0 0.212807 0.835145 0.228755 0.32971
0 0.0289298 0.571222 0.0578597 0.650084
2 0.46917 0.74159 0.281547 0.516819
3 0.0225132 0.275542 0.0450264 0.551084
4 0.780059 0.785313 0.313006 0.429374
3 0.847672 0.72956 0.304656 0.413889
4 0.620296 0.0368657 0.759165 0.0737314
4 0.940571 0.774905 0.118857 0.450189
3 0.0198755 0.371475 0.0397511 0.74295
3 0.702933 0.311041 0.313445 0.622082
4 0.938767 0.790082 0.122465 0.419836
4 0.0929384 0.672444 0.172836 0.442459
2 0.080968 0.757146 0.161936 0.405678
3 0.0826648 0.495438 0.16533 0.844689
2 0.147038 0.752718 0.248714 0.378541
4 0.810808 0.575028 0.150773 0.124765
0 0.817558 0.113026 0.364884 0.226052
3 0.963106 0.216765 0.0737884 0.43353
3 0.270908 0.619902 0.177966 0.316096
3 0.134327 0.249323 0.268654 0.498645
0 0.91666 0.727012 0.166681 0.368021
3 0.817558 0.113026 0.364884 0.226052
3 0.514893 0.602822 0.282843 0.53386
3 0.53666 0.348861 0.383864 0.697722
3 0.0815809 0.305772 0.163162 0.611545
0 0.36682 0.883975 0.290581 0.232051
4 0.377762 0.0199611 0.753462 0.0399223
0 0.267501 0.866959 0.224135 0.266081
0 0.443131 0.452724 0.506662 0.905447
4 0.414775 0.701029 0.421963 0.448103
4 0.838864 0.493971 0.183671 0.694679
1 0.550817 0.700904 0.391462 0.473631
2 0.798455 0.53657 0.110858 0.0905412
4 0.447489 0.276464 0.747772 0.552927
4 0.36682 0.883975 0.290581 0.232051
0 0.243936 0.802915 0.407753 0.390141
0 0.940571 0.774905 0.118857 0.450189
4 0.369182 0.194705 0.694379 0.389409
2 0.437181 0.820667 0.282562 0.358666
3 0.3403 0.497104 0.231379 0.937319
3 0.98159 0.250321 0.0368193 0.500643
3 0.424098 0.199223 0.694761 0.398445
4 0.240523 0.0581151 0.481046 0.11623
3 0.95528 0.308604 0.0894397 0.614489
4 0.874142 0.775228 0.251716 0.449544
1 0.7994 0.443934 0.105343 0.399161
4 0.365347 0.786318 0.386284 0.416885
0 0.0216107 0.453147 0.0432215 0.831883
4 0.645108 0.757905 0.29797 0.481806
4 0.7994 0.443934 0.105343 0.399161
3 0.866274 0.669176 0.267453 0.41968
4 0.899833 0.747081 0.200334 0.505839
4 0.831051 0.766754 0.332716 0.466491
3 0.362746 0.260611 0.725492 0.521221
0 0.943865 0.382321 0.11227 0.764642
4 0.873591 0.455694 0.252817 0.903259
4 0.935867 0.465863 0.128266 0.799512
4 0.665876 0.0865001 0.668248 0.173
4 0.679819 0.755201 0.608599 0.463764
4 0.761328 0.167767 0.477344 0.335533
0 0.23997 0.817563 0.265025 0.364874
4 0.304994 0.0417936 0.609988 0.0835872
1 0.214963 0.750536 0.410427 0.498928
4 0.485852 0.436258 0.405667 0.871585
4 0.080968 0.757146 0.161936 0.405678
0 0.675483 0.753332 0.595372 0.484568
4 0.459148 0.285614 0.564168 0.571228
0 0.365347 0.786318 0.386284 0.416885
4 0.796992 0.555847 0.112672 0.0908799
4 0.904717 0.698883 0.190566 0.383474
3 0.375173 0.241134 0.498294 0.482267
3 0.644663 0.720167 0.450889 0.42708
0 0.780059 0.785313 0.313006 0.429374
4 0.56816 0.336881 0.746384 0.673763
4 0.330011 0.244583 0.504629 0.489166
0 0.850952 0.765571 0.298096 0.468858
4 0.0225132 0.275542 0.0450264 0.551084
4 0.0198755 0.371475 0.0397511 0.74295
0 0.0198755 0.371475 0.0397511 0.74295
4 0.28181 0.733479 0.551392 0.533041
0 0.812047 0.314395 0.131923 0.581553
4 0.134327 0.249323 0.268654 0.498645
2 0.365347 0.786318 0.386284 0.416885
4 0.817558 0.113026 0.364884 0.226052
4 0.267501 0.866959 0.224135 0.266081
4 0.078261 0.458335 0.156522 0.888067
0 0.60898 0.814218 0.322024 0.371565
4 0.0908753 0.580477 0.177164 0.633784
2 0.36682 0.883975 0.290581 0.232051
0 0.684613 0.872702 0.220615 0.254595
4 0.212807 0.835145 0.228755 0.32971
2 0.0954572 0.782155 0.16207 0.43569
0 0.134327 0.249323 0.268654 0.498645
0 0.899833 0.747081 0.200334 0.505839
2 0.414775 0.701029 0.421963 0.448103
0 0.534159 0.43603 0.371059 0.87206
3 0.297081 0.198985 0.594162 0.39797
3 0.796992 0.555847 0.112672 0.0908799
0 0.645108 0.757905 0.29797 0.481806
4 0.715906 0.131586 0.568188 0.263173
1 0.644663 0.720167 0.450889 0.42708
4 0.239471 0.210053 0.478942 0.420106
4 0.0216107 0.453147 0.0432215 0.831883
0 0.789401 0.285688 0.421199 0.571375
0 0.459148 0.285614 0.564168 0.571228
0 0.79756 0.369954 0.108232 0.481324
4 0.40962 0.416623 0.494526 0.833246
0 0.0225132 0.275542 0.0450264 0.551084
4 0.11499 0.456584 0.229981 0.887606
1 0.860946 0.691191 0.278108 0.36057
4 0.963106 0.216765 0.0737884 0.43353
4 0.789401 0.285688 0.421199 0.571375
2 0.796992 0.555847 0.112672 0.0908799
4 0.860946 0.691191 0.278108 0.36057
1 0.829339 0.760379 0.341321 0.479243
1 0.19302 0.796624 0.321668 0.406752
0 0.11499 0.456584 0.229981 0.887606
4 0.0892404 0.74034 0.161871 0.51932
3 0.0892404 0.74034 0.161871 0.51932
1 0.810808 0.575028 0.150773 0.124765
0 0.187144 0.81057 0.277387 0.375596
4 0.129306 0.722888 0.256742 0.392398
4 0.95528 0.308604 0.0894397 0.614489
0 0.1226 0.247752 0.2452 0.495505
4 0.565271 0.321431 0.502414 0.642863
1 0.0929384 0.672444 0.172836 0.442459
4 0.514893 0.602822 0.282843 0.53386
4 0.0815809 0.305772 0.163162 0.611545
4 0.53666 0.348861 0.383864 0.697722
4 0.183734 0.383089 0.357264 0.766178
0 0.187381 0.702069 0.317706 0.501155
4 0.98159 0.250321 0.0368193 0.500643
4 0.0289298 0.571222 0.0578597 0.650084
3 0.0941269 0.701818 0.188254 0.442458
2 0.286356 0.746954 0.549753 0.506091
0 0.700268 0.307171 0.593527 0.614342
4 0.1226 0.247752 0.2452 0.495505
0 0.864541 0.47345 0.270918 0.946901
4 0.700268 0.307171 0.593527 0.614342
3 0.0868738 0.750045 0.173748 0.499909
4 0.860852 0.325099 0.227461 0.650198
0 0.383789 0.366342 0.492711 0.732683
4 0.23997 0.817563 0.265025 0.364874
2 0.1446 0.678968 0.2892 0.459021
4 0.276337 0.322897 0.508497 0.645794
2 0.167364 0.250266 0.321968 0.500533
2 0.547492 0.433473 0.356792 0.866946
0 0.860852 0.325099 0.227461 0.650198
0 0.1446 0.678968 0.2892 0.459021
