0 0.773731 0.685901 0.452539 0.612424
0 0.83249 0.709254 0.33502 0.576093
0 0.542194 0.748479 0.518198 0.487954
0 0.429617 0.747477 0.676335 0.497414
0 0.404328 0.544488 0.0663705 0.140359
0 0.44316 0.684517 0.21044 0.378809
0 0.385879 0.662537 0.18671 0.342934
0 0.433631 0.552693 0.0694892 0.149254
0 0.480312 0.595249 0.117394 0.284064
4 0.767907 0.686434 0.464185 0.611172
3 0.798051 0.722638 0.403899 0.554723
0 0.531602 0.0329954 0.924006 0.0659908
0 0.503012 0.542997 0.0504038 0.0653002
3 0.760956 0.505504 0.478088 0.973686
0 0.671502 0.73922 0.559896 0.505867
3 0.845178 0.742027 0.309644 0.515947
3 0.881179 0.694661 0.237642 0.610677
3 0.575439 0.501536 0.839074 0.982366
0 0.367754 0.0477173 0.728916 0.0954345
3 0.223 0.5 0.441258 1
3 0.941069 0.750396 0.117861 0.499207
0 0.701884 0.74718 0.422799 0.468619
0 0.763519 0.511259 0.472963 0.959369
0 0.0729078 0.824499 0.145816 0.351001
0 0.213989 0.106184 0.427978 0.212368
3 0.763248 0.725231 0.470844 0.52581
0 0.219009 0.736025 0.426928 0.513107
3 0.256014 0.688249 0.363503 0.536528
4 0.542194 0.748479 0.518198 0.487954
0 0.156331 0.818451 0.312279 0.363097
0 0.557667 0.509523 0.481347 0.980954
3 0.942324 0.690304 0.115353 0.616755
0 0.318218 0.741077 0.606678 0.509623
3 0.340537 0.502448 0.618672 0.995104
3 0.109239 0.593683 0.211747 0.269388
3 0.218224 0.342359 0.433072 0.681661
3 0.180606 0.286407 0.359709 0.56206
3 0.213989 0.106184 0.427978 0.212368
0 0.35759 0.268319 0.559243 0.523488
3 0.589167 0.737745 0.455441 0.52451
3 0.891476 0.513732 0.217049 0.972536
3 0.265054 0.789131 0.517075 0.421738
0 0.0112626 0.658098 0.0225253 0.683804
3 0.147524 0.403519 0.293815 0.79966
3 0.385221 0.469244 0.239684 0.915008
3 0.953707 0.737943 0.0925867 0.524114
3 0.202836 0.608095 0.380837 0.306616
3 0.689655 0.719503 0.416698 0.560994
0 0.81816 0.0719389 0.363681 0.143878
3 0.423173 0.753828 0.659786 0.492345
3 0.428277 0.58267 0.11102 0.42602
4 0.760956 0.505504 0.478088 0.973686
3 0.777371 0.0938837 0.445258 0.187767
0 0.953707 0.737943 0.0925867 0.524114
0 0.703221 0.10313 0.593558 0.206259
3 0.933175 0.538416 0.133651 0.88391
4 0.437611 0.762146 0.676795 0.45698
3 0.187144 0.807819 0.369699 0.384363
4 0.942324 0.690304 0.115353 0.616755
3 0.802526 0.295846 0.394948 0.591693
4 0.941069 0.750396 0.117861 0.499207
0 0.619995 0.0666667 0.76001 0.133333
4 0.671502 0.73922 0.559896 0.505867
0 0.25529 0.26077 0.494383 0.514037
3 0.0839553 0.234218 0.167911 0.468436
4 0.809829 0.737488 0.380342 0.525023
3 0.0254427 0.23881 0.0508853 0.47762
4 0.412443 0.262405 0.463822 0.508002
3 0.664828 0.0903056 0.670344 0.180611
3 0.468282 0.507458 0.324555 0.985083
3 0.511981 0.03055 0.942023 0.0611
3 0.848283 0.257425 0.303435 0.51485
4 0.881179 0.694661 0.237642 0.610677
3 0.433631 0.552693 0.0694892 0.149254
4 0.180606 0.286407 0.359709 0.56206
3 0.404328 0.544488 0.0663705 0.140359
3 0.810706 0.680257 0.378588 0.617153
0 0.428277 0.58267 0.11102 0.42602
0 0.777371 0.0938837 0.445258 0.187767
3 0.19373 0.740892 0.386733 0.516117
4 0.218224 0.342359 0.433072 0.681661
3 0.582201 0.0439436 0.835598 0.0878871
3 0.702401 0.688981 0.56085 0.594547
0 0.82271 0.285175 0.35458 0.552292
3 0.0110602 0.809192 0.0221204 0.381616
3 0.313181 0.0412904 0.623614 0.0825808
3 0.00756265 0.774052 0.0151253 0.451897
3 0.0112626 0.658098 0.0225253 0.683804
3 0.0220911 0.378133 0.0441822 0.748449
3 0.291258 0.429259 0.576688 0.851632
0 0.262531 0.794039 0.517296 0.39586
4 0.953707 0.737943 0.0925867 0.524114
4 0.338389 0.285596 0.60208 0.56754
3 0.61803 0.74677 0.396442 0.49731
4 0.527968 0.0340728 0.938769 0.0681456
4 0.206525 0.808651 0.406167 0.382698
4 0.369658 0.501833 0.564289 0.996333
3 0.0187005 0.813253 0.0374009 0.373494
4 0.689655 0.719503 0.416698 0.560994
4 0.265054 0.789131 0.517075 0.421738
3 0.31951 0.284822 0.633712 0.566756
4 0.937302 0.777995 0.125396 0.444009
3 0.480312 0.595249 0.117394 0.284064
4 0.468282 0.507458 0.324555 0.985083
2 0.318218 0.741077 0.606678 0.509623
3 0.0481192 0.624267 0.0962384 0.33746
3 0.937302 0.777995 0.125396 0.444009
0 0.00846187 0.712274 0.0169237 0.575452
3 0.400425 0.737843 0.733364 0.518615
0 0.468282 0.507458 0.324555 0.985083
0 0.52508 0.74329 0.534274 0.513421
0 0.445436 0.502519 0.779993 0.994961
4 0.589167 0.737745 0.455441 0.52451
3 0.81816 0.0719389 0.363681 0.143878
0 0.942324 0.690304 0.115353 0.616755
4 0.701884 0.74718 0.422799 0.468619
3 0.0623595 0.740669 0.124719 0.518662
0 0.25481 0.0645291 0.509621 0.129058
0 0.00756265 0.774052 0.0151253 0.451897
4 0.575439 0.501536 0.839074 0.982366
3 0.92618 0.25888 0.14764 0.51776
3 0.385879 0.662537 0.18671 0.342934
4 0.842544 0.418152 0.314911 0.815188
3 0.542341 0.675677 0.552586 0.618647
4 0.470188 0.748802 0.610113 0.502397
0 0.0110602 0.809192 0.0221204 0.381616
0 0.369658 0.501833 0.564289 0.996333
3 0.25481 0.0645291 0.509621 0.129058
4 0.274416 0.738382 0.531385 0.514426
3 0.842544 0.418152 0.314911 0.815188
4 0.897208 0.508981 0.205583 0.982038
3 0.44316 0.684517 0.21044 0.378809
4 0.619995 0.0666667 0.76001 0.133333
4 0.149779 0.819544 0.299395 0.360912
3 0.274416 0.738382 0.531385 0.514426
3 0.0158869 0.464498 0.0317737 0.885508
0 0.0187005 0.813253 0.0374009 0.373494
3 0.557667 0.509523 0.481347 0.980954
3 0.443556 0.276384 0.887113 0.543301
3 0.00846187 0.712274 0.0169237 0.575452
1 0.21033 0.801528 0.417538 0.387451
3 0.683266 0.297353 0.632049 0.589289
0 0.790903 0.728263 0.418193 0.543475
3 0.50664 0.710069 0.465905 0.484779
4 0.0187005 0.813253 0.0374009 0.373494
4 0.480312 0.595249 0.117394 0.284064
4 0.223 0.5 0.441258 1
4 0.428277 0.58267 0.11102 0.42602
4 0.0882827 0.820948 0.176565 0.358104
3 0.148347 0.232308 0.296694 0.464616
4 0.348674 0.764383 0.5914 0.471234
4 0.44316 0.684517 0.21044 0.378809
4 0.399207 0.0439727 0.791256 0.0879455
4 0.385879 0.662537 0.18671 0.342934
4 0.933175 0.538416 0.133651 0.88391
0 0.937302 0.777995 0.125396 0.444009
0 0.92618 0.25888 0.14764 0.51776
4 0.433631 0.552693 0.0694892 0.149254
1 0.83249 0.709254 0.33502 0.576093
4 0.25529 0.26077 0.494383 0.514037
0 0.941069 0.750396 0.117861 0.499207
4 0.291258 0.429259 0.576688 0.851632
4 0.445436 0.502519 0.779993 0.994961
0 0.385221 0.469244 0.239684 0.915008
3 0.515082 0.763969 0.540029 0.457612
0 0.348674 0.764383 0.5914 0.471234
0 0.891476 0.513732 0.217049 0.972536
4 0.0220911 0.378133 0.0441822 0.748449
4 0.213989 0.106184 0.427978 0.212368
0 0.0220911 0.378133 0.0441822 0.748449
4 0.557667 0.509523 0.481347 0.980954
0 0.933175 0.538416 0.133651 0.88391
0 0.212544 0.636149 0.404729 0.390343
0 0.109239 0.593683 0.211747 0.269388
0 0.23752 0.491501 0.465539 0.981326
1 0.773731 0.685901 0.452539 0.612424
4 0.197616 0.749075 0.393685 0.494892
4 0.81816 0.0719389 0.363681 0.143878
4 0.113781 0.289802 0.227562 0.549357
4 0.385221 0.469244 0.239684 0.915008
4 0.0709815 0.776889 0.141963 0.446222
4 0.92618 0.25888 0.14764 0.51776
0 0.0158869 0.464498 0.0317737 0.885508
3 0.0597171 0.435225 0.119434 0.845182
4 0.148347 0.232308 0.296694 0.464616
4 0.404328 0.544488 0.0663705 0.140359
4 0.439279 0.264166 0.656389 0.519342
0 0.0839553 0.234218 0.167911 0.468436
3 0.113781 0.289802 0.227562 0.549357
4 0.703221 0.10313 0.593558 0.206259
4 0.82271 0.285175 0.35458 0.552292
4 0.00846187 0.712274 0.0169237 0.575452
4 0.0839553 0.234218 0.167911 0.468436
0 0.842544 0.418152 0.314911 0.815188
4 0.0158869 0.464498 0.0317737 0.885508
4 0.0110602 0.809192 0.0221204 0.381616
2 0.385879 0.662537 0.18671 0.342934
4 0.0112626 0.658098 0.0225253 0.683804
4 0.00756265 0.774052 0.0151253 0.451897
4 0.25481 0.0645291 0.509621 0.129058
4 0.848283 0.257425 0.303435 0.51485
3 0.0757854 0.819134 0.151571 0.361732
0 0.743655 0.2998 0.51269 0.590104
4 0.777371 0.0938837 0.445258 0.187767
3 0.588088 0.314918 0.817261 0.629835
0 0.848283 0.257425 0.303435 0.51485
0 0.293276 0.5 0.585347 1
4 0.256014 0.688249 0.363503 0.536528
0 0.575439 0.501536 0.839074 0.982366
4 0.293276 0.5 0.585347 1
4 0.202836 0.608095 0.380837 0.306616
4 0.0245517 0.261549 0.0491034 0.523098
0 0.17645 0.247998 0.351135 0.473853
4 0.109239 0.593683 0.211747 0.269388
2 0.44316 0.684517 0.21044 0.378809
2 0.775058 0.686608 0.449883 0.613943
0 0.498005 0.227492 0.92881 0.454983
0 0.881179 0.694661 0.237642 0.610677
0 0.0254427 0.23881 0.0508853 0.47762
2 0.225443 0.743211 0.445904 0.510619
0 0.0507098 0.715872 0.10142 0.48665
1 0.942324 0.690304 0.115353 0.616755
3 0.412443 0.262405 0.463822 0.508002
0 0.0481192 0.624267 0.0962384 0.33746
2 0.50664 0.710069 0.465905 0.484779
2 0.657595 0.258531 0.684809 0.517062
4 0.683266 0.297353 0.632049 0.589289
3 0.472781 0.180514 0.945563 0.361027
1 0.463209 0.753089 0.627324 0.470324
2 0.433631 0.552693 0.0694892 0.149254
2 0.460508 0.744516 0.624373 0.502504
0 0.113781 0.289802 0.227562 0.549357
4 0.147524 0.403519 0.293815 0.79966
0 0.689655 0.719503 0.416698 0.560994
0 0.206525 0.808651 0.406167 0.382698
2 0.542341 0.675677 0.552586 0.618647
2 0.943085 0.768263 0.11383 0.463475
4 0.472781 0.180514 0.945563 0.361027
2 0.202836 0.608095 0.380837 0.306616
3 0.701884 0.74718 0.422799 0.468619
2 0.404328 0.544488 0.0663705 0.140359
2 0.0882827 0.820948 0.176565 0.358104
1 0.624467 0.737398 0.429346 0.496855
2 0.109239 0.593683 0.211747 0.269388
4 0.0507098 0.715872 0.10142 0.48665
2 0.149779 0.819544 0.299395 0.360912
2 0.759252 0.272628 0.481497 0.545256
4 0.759252 0.272628 0.481497 0.545256
2 0.0481192 0.624267 0.0962384 0.33746
2 0.23752 0.491501 0.465539 0.981326
2 0.333709 0.259635 0.605978 0.519269
1 0.443556 0.276384 0.887113 0.543301
4 0.0481192 0.624267 0.0962384 0.33746
1 0.335513 0.743602 0.663773 0.495079
1 0.743655 0.2998 0.51269 0.590104
1 0.156331 0.818451 0.312279 0.363097
4 0.588088 0.314918 0.817261 0.629835
2 0.82271 0.285175 0.35458 0.552292
4 0.0597171 0.435225 0.119434 0.845182
2 0.941069 0.750396 0.117861 0.499207
0 0.218224 0.342359 0.433072 0.681661
1 0.937302 0.777995 0.125396 0.444009
2 0.526018 0.26604 0.907569 0.53208
1 0.953707 0.737943 0.0925867 0.524114
1 0.0729078 0.824499 0.145816 0.351001
1 0.44316 0.684517 0.21044 0.378809
2 0.428277 0.58267 0.11102 0.42602
2 0.589167 0.737745 0.455441 0.52451
2 0.0507098 0.715872 0.10142 0.48665
2 0.256014 0.688249 0.363503 0.536528
2 0.439279 0.264166 0.656389 0.519342
2 0.148347 0.232308 0.296694 0.464616
2 0.936241 0.474441 0.127518 0.918546
2 0.0112626 0.658098 0.0225253 0.683804
2 0.81816 0.0719389 0.363681 0.143878
1 0.212558 0.464277 0.420837 0.928554
1 0.161781 0.738242 0.323375 0.515534
1 0.385879 0.662537 0.18671 0.342934
2 0.897208 0.508981 0.205583 0.982038
2 0.206982 0.254053 0.408075 0.498015
1 0.206982 0.254053 0.408075 0.498015
2 0.689655 0.719503 0.416698 0.560994
1 0.202836 0.608095 0.380837 0.306616
2 0.0187005 0.813253 0.0374009 0.373494
0 0.443556 0.276384 0.887113 0.543301
1 0.0481192 0.624267 0.0962384 0.33746
2 0.480312 0.595249 0.117394 0.284064
1 0.82271 0.285175 0.35458 0.552292
1 0.764159 0.501729 0.471682 0.985908
2 0.557667 0.509523 0.481347 0.980954
2 0.92618 0.25888 0.14764 0.51776
2 0.00846187 0.712274 0.0169237 0.575452
1 0.933175 0.538416 0.133651 0.88391
2 0.94784 0.644342 0.104319 0.652049
1 0.0507098 0.715872 0.10142 0.48665
2 0.0110602 0.809192 0.0221204 0.381616
2 0.348674 0.764383 0.5914 0.471234
1 0.657595 0.258531 0.684809 0.517062
1 0.50664 0.710069 0.465905 0.484779
2 0.206525 0.808651 0.406167 0.382698
0 0.773733 0.685881 0.452533 0.612414
0 0.832432 0.709106 0.335136 0.576455
0 0.542264 0.748499 0.518445 0.487882
0 0.429525 0.747449 0.677044 0.497524
0 0.404349 0.544001 0.0661991 0.139143
0 0.443315 0.683787 0.210788 0.377316
0 0.385898 0.661507 0.186055 0.34081
0 0.433684 0.552363 0.0692086 0.148308
0 0.480309 0.595323 0.117669 0.284085
4 0.767927 0.686482 0.464146 0.611144
3 0.797976 0.723087 0.404048 0.553825
0 0.531407 0.0331546 0.924344 0.0663091
0 0.503025 0.542997 0.0503946 0.0652819
3 0.761039 0.505492 0.477923 0.973633
3 0.845375 0.74154 0.30925 0.516921
3 0.881035 0.694679 0.237929 0.610643
0 0.671615 0.739335 0.559758 0.50562
3 0.575339 0.501704 0.839272 0.982334
0 0.367428 0.0479267 0.72843 0.0958534
3 0.222895 0.5 0.441076 1
3 0.941066 0.750276 0.117868 0.499448
3 0.763287 0.725622 0.470798 0.525137
0 0.763532 0.51074 0.472936 0.960462
0 0.0729842 0.82447 0.145968 0.351059
0 0.213913 0.106094 0.427825 0.212189
3 0.257837 0.688659 0.359494 0.535337
0 0.219037 0.736047 0.427062 0.513208
4 0.542264 0.748499 0.518445 0.487882
3 0.942093 0.690321 0.115815 0.6165
0 0.557917 0.509414 0.481414 0.981172
0 0.156123 0.818441 0.311844 0.363117
3 0.341206 0.502467 0.617095 0.995066
0 0.318595 0.741062 0.607382 0.509668
3 0.108752 0.594222 0.210866 0.270361
3 0.218148 0.341406 0.432931 0.679692
3 0.180369 0.286148 0.359239 0.561479
3 0.213913 0.106094 0.427825 0.212189
3 0.588555 0.73767 0.457316 0.52466
3 0.264906 0.789208 0.51676 0.421585
3 0.891448 0.513751 0.217105 0.972498
0 0.358412 0.268348 0.557701 0.523568
3 0.14695 0.403461 0.292695 0.799423
0 0.0113684 0.658582 0.0227367 0.682835
3 0.390005 0.468094 0.227328 0.909574
3 0.953528 0.737982 0.0929432 0.524037
3 0.202626 0.609029 0.380703 0.308543
3 0.690205 0.719526 0.419933 0.560948
0 0.257837 0.688659 0.359494 0.535337
3 0.422754 0.753705 0.661192 0.49259
3 0.42833 0.582263 0.110001 0.42427
0 0.818458 0.0723446 0.363083 0.144689
3 0.777605 0.0944556 0.444791 0.188911
4 0.761039 0.505492 0.477923 0.973633
4 0.437209 0.762049 0.677994 0.457167
3 0.933132 0.538634 0.133737 0.883001
3 0.18703 0.807798 0.369458 0.384404
4 0.942093 0.690321 0.115815 0.6165
0 0.953528 0.737982 0.0929432 0.524037
3 0.802733 0.296086 0.394534 0.592173
0 0.70395 0.103857 0.5921 0.207713
4 0.941066 0.750276 0.117868 0.499448
4 0.671615 0.739335 0.559758 0.50562
3 0.0838684 0.234221 0.167737 0.468442
3 0.0256374 0.238877 0.0512749 0.477754
4 0.809818 0.737713 0.380364 0.524574
0 0.255587 0.260849 0.494964 0.514128
4 0.412916 0.26238 0.462996 0.508
3 0.665163 0.0905895 0.669675 0.181179
0 0.619928 0.0669602 0.760144 0.13392
3 0.468202 0.507415 0.324904 0.985171
3 0.511905 0.0306684 0.941738 0.0613368
3 0.848643 0.25758 0.302713 0.515159
4 0.881035 0.694679 0.237929 0.610643
3 0.433684 0.552363 0.0692086 0.148308
4 0.180369 0.286148 0.359239 0.561479
3 0.810883 0.680193 0.378234 0.617133
3 0.404349 0.544001 0.0661991 0.139143
3 0.193538 0.740999 0.386338 0.516019
4 0.218148 0.341406 0.432931 0.679692
3 0.581989 0.0442278 0.836023 0.0884557
3 0.7025 0.688573 0.561075 0.595395
0 0.42833 0.582263 0.110001 0.42427
0 0.777605 0.0944556 0.444791 0.188911
3 0.313007 0.0413286 0.623344 0.0826572
3 0.0112534 0.809149 0.0225068 0.381703
3 0.00769858 0.773913 0.0153972 0.452174
3 0.0113684 0.658582 0.0227367 0.682835
3 0.0222459 0.376998 0.0444918 0.74595
3 0.291555 0.425994 0.577298 0.845054
0 0.822933 0.285783 0.354135 0.553376
4 0.953528 0.737982 0.0929432 0.524037
4 0.339196 0.285306 0.600435 0.566908
3 0.617856 0.746742 0.397479 0.497585
4 0.52781 0.0344282 0.939273 0.0688564
4 0.206433 0.808658 0.405992 0.382685
4 0.370451 0.501846 0.562661 0.996307
0 0.262491 0.794065 0.517185 0.395842
3 0.018881 0.813239 0.0377621 0.373522
4 0.690205 0.719526 0.419933 0.560948
4 0.264906 0.789208 0.51676 0.421585
4 0.937277 0.777975 0.125447 0.44405
3 0.319673 0.284585 0.633414 0.566235
3 0.480309 0.595323 0.117669 0.284085
2 0.318595 0.741062 0.607382 0.509668
4 0.468202 0.507415 0.324904 0.985171
3 0.0480698 0.624319 0.0961396 0.337349
3 0.937277 0.777975 0.125447 0.44405
3 0.400712 0.737908 0.733805 0.518505
4 0.588555 0.73767 0.457316 0.52466
0 0.00859177 0.712102 0.0171835 0.575796
3 0.818458 0.0723446 0.363083 0.144689
0 0.468202 0.507415 0.324904 0.985171
0 0.524258 0.743207 0.536744 0.513585
0 0.444204 0.502512 0.776614 0.994975
3 0.0623299 0.740654 0.12466 0.518693
3 0.385898 0.661507 0.186055 0.34081
3 0.926193 0.259166 0.147614 0.518332
4 0.575339 0.501704 0.839272 0.982334
4 0.842604 0.417703 0.314793 0.814325
4 0.469325 0.748695 0.61274 0.502609
3 0.54222 0.673315 0.55371 0.623385
0 0.942093 0.690321 0.115815 0.6165
4 0.274655 0.738464 0.531805 0.514334
3 0.25461 0.0645716 0.50922 0.129143
4 0.897515 0.509056 0.20497 0.981887
3 0.842604 0.417703 0.314793 0.814325
0 0.25461 0.0645716 0.50922 0.129143
0 0.00769858 0.773913 0.0153972 0.452174
0 0.370451 0.501846 0.562661 0.996307
3 0.443315 0.683787 0.210788 0.377316
4 0.149675 0.819513 0.299165 0.360975
4 0.619928 0.0669602 0.760144 0.13392
0 0.0112534 0.809149 0.0225068 0.381703
3 0.274655 0.738464 0.531805 0.514334
3 0.015958 0.463907 0.0319159 0.883811
3 0.557917 0.509414 0.481414 0.981172
3 0.443188 0.276599 0.886377 0.543679
3 0.00859177 0.712102 0.0171835 0.575796
3 0.684182 0.297705 0.630229 0.589857
1 0.210235 0.801535 0.417335 0.387503
3 0.506728 0.71007 0.467351 0.484647
4 0.018881 0.813239 0.0377621 0.373522
0 0.018881 0.813239 0.0377621 0.373522
4 0.480309 0.595323 0.117669 0.284085
4 0.42833 0.582263 0.110001 0.42427
4 0.0885335 0.820885 0.177067 0.358231
4 0.222895 0.5 0.441076 1
3 0.147853 0.232246 0.295706 0.464493
4 0.348435 0.764349 0.591339 0.471302
4 0.443315 0.683787 0.210788 0.377316
4 0.385898 0.661507 0.186055 0.34081
4 0.398728 0.0442672 0.790437 0.0885344
0 0.790682 0.728627 0.418635 0.542745
4 0.933132 0.538634 0.133737 0.883001
4 0.433684 0.552363 0.0692086 0.148308
4 0.255587 0.260849 0.494964 0.514128
1 0.832432 0.709106 0.335136 0.576455
4 0.291555 0.425994 0.577298 0.845054
0 0.926193 0.259166 0.147614 0.518332
0 0.937277 0.777975 0.125447 0.44405
4 0.444204 0.502512 0.776614 0.994975
3 0.514316 0.763807 0.542704 0.457964
0 0.941066 0.750276 0.117868 0.499448
0 0.390005 0.468094 0.227328 0.909574
4 0.0222459 0.376998 0.0444918 0.74595
4 0.213913 0.106094 0.427825 0.212189
0 0.348435 0.764349 0.591339 0.471302
4 0.557917 0.509414 0.481414 0.981172
0 0.891448 0.513751 0.217105 0.972498
0 0.0222459 0.376998 0.0444918 0.74595
4 0.1975 0.748796 0.393443 0.495503
1 0.773733 0.685881 0.452533 0.612414
4 0.818458 0.0723446 0.363083 0.144689
4 0.113614 0.289514 0.227228 0.548809
0 0.212511 0.637363 0.404707 0.393311
0 0.933132 0.538634 0.133737 0.883001
4 0.390005 0.468094 0.227328 0.909574
4 0.0709539 0.776833 0.141908 0.446334
0 0.238263 0.491791 0.467043 0.981457
0 0.108752 0.594222 0.210866 0.270361
4 0.926193 0.259166 0.147614 0.518332
4 0.147853 0.232246 0.295706 0.464493
3 0.0595123 0.434361 0.119025 0.843459
4 0.404349 0.544001 0.0661991 0.139143
3 0.113614 0.289514 0.227228 0.548809
4 0.438554 0.264082 0.649576 0.518924
4 0.70395 0.103857 0.5921 0.207713
0 0.015958 0.463907 0.0319159 0.883811
4 0.822933 0.285783 0.354135 0.553376
4 0.00859177 0.712102 0.0171835 0.575796
4 0.0838684 0.234221 0.167737 0.468442
0 0.0838684 0.234221 0.167737 0.468442
4 0.015958 0.463907 0.0319159 0.883811
4 0.0112534 0.809149 0.0225068 0.381703
2 0.385898 0.661507 0.186055 0.34081
4 0.00769858 0.773913 0.0153972 0.452174
4 0.0113684 0.658582 0.0227367 0.682835
0 0.842604 0.417703 0.314793 0.814325
4 0.25461 0.0645716 0.50922 0.129143
3 0.0757032 0.819069 0.151406 0.361862
4 0.848643 0.25758 0.302713 0.515159
4 0.777605 0.0944556 0.444791 0.188911
3 0.588064 0.31595 0.817469 0.6319
0 0.744603 0.300238 0.510793 0.590854
4 0.257837 0.688659 0.359494 0.535337
0 0.848643 0.25758 0.302713 0.515159
0 0.293424 0.5 0.58566 1
4 0.293424 0.5 0.58566 1
4 0.202626 0.609029 0.380703 0.308543
4 0.0248204 0.261571 0.0496407 0.523141
4 0.108752 0.594222 0.210866 0.270361
2 0.443315 0.683787 0.210788 0.377316
2 0.77507 0.686557 0.44986 0.614035
0 0.575339 0.501704 0.839272 0.982334
2 0.225351 0.74328 0.445728 0.510587
0 0.17631 0.247915 0.350862 0.473673
0 0.497715 0.227055 0.928965 0.45411
0 0.881035 0.694679 0.237929 0.610643
0 0.0256374 0.238877 0.0512749 0.477754
1 0.942093 0.690321 0.115815 0.6165
0 0.0506624 0.715917 0.101325 0.486566
2 0.506728 0.71007 0.467351 0.484647
3 0.412916 0.26238 0.462996 0.508
2 0.658298 0.258866 0.683405 0.517731
3 0.472433 0.178478 0.944865 0.356955
4 0.684182 0.297705 0.630229 0.589857
0 0.0480698 0.624319 0.0961396 0.337349
1 0.463039 0.752987 0.628082 0.470476
2 0.433684 0.552363 0.0692086 0.148308
2 0.460232 0.744507 0.625531 0.502544
4 0.14695 0.403461 0.292695 0.799423
2 0.54222 0.673315 0.55371 0.623385
2 0.555484 0.755789 0.523166 0.466302
4 0.443188 0.276599 0.886377 0.543679
0 0.113614 0.289514 0.227228 0.548809
0 0.690205 0.719526 0.419933 0.560948
0 0.206433 0.808658 0.405992 0.382685
3 0.438554 0.264082 0.649576 0.518924
2 0.943092 0.767618 0.113817 0.464765
4 0.472433 0.178478 0.944865 0.356955
2 0.404349 0.544001 0.0661991 0.139143
2 0.202626 0.609029 0.380703 0.308543
3 0.702667 0.747167 0.424192 0.468653
2 0.0885335 0.820885 0.177067 0.358231
1 0.624768 0.737422 0.428963 0.496733
4 0.0506624 0.715917 0.101325 0.486566
2 0.108752 0.594222 0.210866 0.270361
2 0.149675 0.819513 0.299165 0.360975
2 0.760017 0.273245 0.479965 0.546489
4 0.760017 0.273245 0.479965 0.546489
2 0.0480698 0.624319 0.0961396 0.337349
2 0.238263 0.491791 0.467043 0.981457
1 0.443188 0.276599 0.886377 0.543679
2 0.333953 0.259599 0.604955 0.519197
4 0.0480698 0.624319 0.0961396 0.337349
1 0.335935 0.743479 0.664613 0.495347
1 0.744603 0.300238 0.510793 0.590854
1 0.156123 0.818441 0.311844 0.363117
4 0.588064 0.31595 0.817469 0.6319
2 0.822933 0.285783 0.354135 0.553376
4 0.0595123 0.434361 0.119025 0.843459
2 0.941066 0.750276 0.117868 0.499448
1 0.937277 0.777975 0.125447 0.44405
2 0.497715 0.227055 0.928965 0.45411
1 0.953528 0.737982 0.0929432 0.524037
1 0.443315 0.683787 0.210788 0.377316
2 0.42833 0.582263 0.110001 0.42427
0 0.218148 0.341406 0.432931 0.679692
1 0.0729842 0.82447 0.145968 0.351059
2 0.0506624 0.715917 0.101325 0.486566
2 0.588555 0.73767 0.457316 0.52466
1 0.438554 0.264082 0.649576 0.518924
2 0.438554 0.264082 0.649576 0.518924
2 0.257837 0.688659 0.359494 0.535337
2 0.147853 0.232246 0.295706 0.464493
2 0.936228 0.472692 0.127544 0.914909
2 0.0113684 0.658582 0.0227367 0.682835
2 0.818458 0.0723446 0.363083 0.144689
1 0.212354 0.463533 0.420443 0.927067
1 0.385898 0.661507 0.186055 0.34081
1 0.161408 0.738413 0.322639 0.515654
2 0.897515 0.509056 0.20497 0.981887
2 0.206908 0.254045 0.407948 0.497989
1 0.206908 0.254045 0.407948 0.497989
2 0.690205 0.719526 0.419933 0.560948
1 0.202626 0.609029 0.380703 0.308543
2 0.018881 0.813239 0.0377621 0.373522
1 0.0480698 0.624319 0.0961396 0.337349
2 0.480309 0.595323 0.117669 0.284085
1 0.822933 0.285783 0.354135 0.553376
1 0.764504 0.501865 0.470993 0.985994
2 0.557917 0.509414 0.481414 0.981172
2 0.926193 0.259166 0.147614 0.518332
2 0.00859177 0.712102 0.0171835 0.575796
1 0.933132 0.538634 0.133737 0.883001
0 0.443188 0.276599 0.886377 0.543679
2 0.947765 0.644068 0.10447 0.652118
2 0.588064 0.31595 0.817469 0.6319
1 0.0506624 0.715917 0.101325 0.486566
2 0.348435 0.764349 0.591339 0.471302
