0 0.819829 0.771425 0.360343 0.428553
0 0.496345 0.760376 0.574631 0.464749
0 0.491865 0.0292937 0.926346 0.0585874
0 0.796938 0.293489 0.406124 0.578745
0 0.37225 0.763497 0.698224 0.461738
3 0.558697 0.502186 0.786713 0.995629
0 0.378 0.0424792 0.753907 0.0849583
0 0.818819 0.533226 0.362359 0.894504
0 0.264595 0.758072 0.516543 0.440126
0 0.719981 0.297723 0.560038 0.595445
0 0.230979 0.660871 0.451258 0.239951
3 0.789884 0.369776 0.420231 0.718569
0 0.89624 0.507847 0.20752 0.968212
3 0.80264 0.530633 0.285732 0.932331
0 0.591932 0.339268 0.801718 0.678537
0 0.593261 0.224908 0.813477 0.449816
3 0.786098 0.254835 0.427804 0.50967
3 0.537453 0.754678 0.513529 0.490644
3 0.209271 0.37009 0.414947 0.73904
3 0.530847 0.34388 0.824128 0.687759
0 0.216066 0.125189 0.432132 0.250378
0 0.945067 0.78617 0.109866 0.397533
3 0.941102 0.799909 0.117796 0.400183
0 0.58387 0.0557943 0.832259 0.111589
3 0.936461 0.654071 0.127077 0.630036
3 0.797611 0.76485 0.386806 0.4703
3 0.69711 0.389755 0.605779 0.772446
3 0.216066 0.125189 0.432132 0.250378
3 0.173409 0.232451 0.344671 0.445279
3 0.661253 0.758633 0.500969 0.482734
3 0.851396 0.768352 0.297207 0.463296
3 0.907064 0.491368 0.185872 0.982736
3 0.740657 0.453167 0.356585 0.856239
3 0.22146 0.642315 0.4331 0.230752
3 0.45596 0.758501 0.484305 0.482998
3 0.821976 0.780546 0.356048 0.438908
0 0.75326 0.758779 0.493479 0.451433
3 0.471322 0.761191 0.646403 0.477617
4 0.550481 0.757872 0.740581 0.467322
0 0.163911 0.901965 0.326399 0.19607
3 0.332743 0.839684 0.45249 0.320632
0 0.105299 0.894063 0.210599 0.211874
3 0.731632 0.262871 0.536737 0.525743
0 0.18843 0.685702 0.37506 0.280659
3 0.182752 0.768059 0.364209 0.463881
3 0.2629 0.894755 0.510325 0.21049
3 0.181777 0.899252 0.35768 0.201496
3 0.654379 0.309907 0.609046 0.61039
3 0.58387 0.0557943 0.832259 0.111589
0 0.868867 0.279877 0.262266 0.558041
0 0.522936 0.758915 0.94542 0.462534
3 0.0262287 0.236181 0.0524574 0.472362
3 0.505145 0.736164 0.842176 0.498024
4 0.544951 0.296742 0.839255 0.593483
3 0.0285782 0.303251 0.0571564 0.606501
0 0.010593 0.642555 0.0211861 0.71489
4 0.868064 0.509329 0.263872 0.934988
0 0.068492 0.896347 0.136984 0.207306
3 0.010593 0.642555 0.0211861 0.71489
3 0.86981 0.491953 0.26038 0.962328
3 0.298504 0.0486132 0.597008 0.0972265
4 0.61021 0.359043 0.779579 0.718086
4 0.593261 0.224908 0.813477 0.449816
3 0.593261 0.224908 0.813477 0.449816
3 0.0732975 0.231277 0.146595 0.462554
3 0.948851 0.777992 0.102299 0.399087
4 0.535361 0.0223417 0.916171 0.0446833
4 0.58387 0.0557943 0.832259 0.111589
3 0.404195 0.5 0.808391 1
0 0.69711 0.389755 0.605779 0.772446
3 0.0135066 0.798259 0.0270132 0.403481
4 0.851396 0.768352 0.297207 0.463296
4 0.936461 0.654071 0.127077 0.630036
4 0.818819 0.533226 0.362359 0.894504
3 0.349142 0.753302 0.691348 0.472045
3 0.512441 0.027826 0.938413 0.0556521
4 0.81678 0.774141 0.36456 0.434374
0 0.767947 0.162633 0.464107 0.325266
3 0.18843 0.685702 0.37506 0.280659
0 0.422122 0.311561 0.815385 0.623122
3 0.264595 0.758072 0.516543 0.440126
3 0.295013 0.648121 0.584961 0.244681
3 0.868867 0.279877 0.262266 0.558041
4 0.380035 0.748547 0.727292 0.470982
0 0.740657 0.453167 0.356585 0.856239
4 0.941102 0.799909 0.117796 0.400183
3 0.797248 0.516995 0.40523 0.916904
3 0.0235881 0.834963 0.0471761 0.330073
3 0.767947 0.162633 0.464107 0.325266
4 0.719981 0.297723 0.560038 0.595445
0 0.277834 0.0727093 0.555667 0.145419
4 0.43437 0.496382 0.851751 0.992763
4 0.537453 0.754678 0.513529 0.490644
3 0.277834 0.0727093 0.555667 0.145419
3 0.228618 0.898899 0.444336 0.202201
0 0.489139 0.168833 0.867863 0.337667
3 0.841968 0.378575 0.316063 0.757151
3 0.443189 0.0445067 0.877197 0.0890135
0 0.936461 0.654071 0.127077 0.630036
4 0.797611 0.76485 0.386806 0.4703
4 0.909732 0.475387 0.180537 0.940319
3 0.00940151 0.759782 0.018803 0.480435
4 0.661253 0.758633 0.500969 0.482734
0 0.00859937 0.70373 0.0171987 0.59254
4 0.948851 0.777992 0.102299 0.399087
0 0.475802 0.251173 0.947347 0.502347
4 0.460706 0.0363162 0.921412 0.0726325
4 0.332743 0.839684 0.45249 0.320632
0 0.220316 0.899627 0.423792 0.200746
3 0.0182262 0.467301 0.0364524 0.785687
4 0.163911 0.901965 0.326399 0.19607
4 0.417299 0.757988 0.445011 0.484024
4 0.789884 0.369776 0.420231 0.718569
0 0.941102 0.799909 0.117796 0.400183
0 0.46136 0.493968 0.88074 0.987937
4 0.716387 0.762284 0.567227 0.452489
0 0.0182262 0.467301 0.0364524 0.785687
0 0.490694 0.753953 0.558742 0.492095
3 0.075485 0.72773 0.15097 0.387011
4 0.740172 0.528029 0.519656 0.905616
4 0.105299 0.894063 0.210599 0.211874
4 0.239575 0.765477 0.470989 0.469045
4 0.385637 0.271926 0.708262 0.543852
0 0.182752 0.768059 0.364209 0.463881
4 0.241046 0.344174 0.477868 0.688347
0 0.309213 0.236595 0.618427 0.47319
4 0.740657 0.453167 0.356585 0.856239
3 0.0970656 0.770125 0.194131 0.459751
3 0.267056 0.283527 0.525148 0.566472
4 0.647501 0.499722 0.69635 0.973269
4 0.068492 0.896347 0.136984 0.207306
3 0.933019 0.49027 0.133963 0.825335
4 0.786098 0.254835 0.427804 0.50967
0 0.0135066 0.798259 0.0270132 0.403481
4 0.2629 0.894755 0.510325 0.21049
0 0.851396 0.768352 0.297207 0.463296
4 0.309213 0.236595 0.618427 0.47319
4 0.295013 0.648121 0.584961 0.244681
3 0.12143 0.22549 0.24286 0.432824
0 0.239948 0.242064 0.469518 0.477394
4 0.518457 0.759983 0.526943 0.455833
1 0.19047 0.900455 0.376785 0.199091
4 0.240815 0.631707 0.468176 0.203214
4 0.868867 0.279877 0.262266 0.558041
3 0.716387 0.762284 0.567227 0.452489
4 0.330942 0.040673 0.65809 0.0813461
3 0.308007 0.418357 0.612505 0.836714
4 0.216066 0.125189 0.432132 0.250378
4 0.0846913 0.794637 0.169383 0.410726
3 0.135078 0.371299 0.270156 0.714781
4 0.0235881 0.834963 0.0471761 0.330073
4 0.767947 0.162633 0.464107 0.325266
0 0.0235881 0.834963 0.0471761 0.330073
0 0.241046 0.344174 0.477868 0.688347
3 0.067619 0.608362 0.135238 0.370881
4 0.010593 0.642555 0.0211861 0.71489
0 0.797611 0.76485 0.386806 0.4703
4 0.489139 0.168833 0.867863 0.337667
4 0.239948 0.242064 0.469518 0.477394
4 0.0225582 0.421753 0.0451164 0.806076
0 0.740172 0.528029 0.519656 0.905616
0 0.0732975 0.231277 0.146595 0.462554
3 0.0890003 0.416389 0.178001 0.805594
3 0.422122 0.311561 0.815385 0.623122
2 0.366317 0.749025 0.718087 0.472593
4 0.933019 0.49027 0.133963 0.825335
4 0.177026 0.222922 0.354052 0.445845
4 0.475802 0.251173 0.947347 0.502347
4 0.0135066 0.798259 0.0270132 0.403481
4 0.277834 0.0727093 0.555667 0.145419
1 0.789884 0.369776 0.420231 0.718569
2 0.868064 0.509329 0.263872 0.934988
4 0.841968 0.378575 0.316063 0.757151
4 0.0732975 0.231277 0.146595 0.462554
0 0.417299 0.757988 0.445011 0.484024
3 0.0677793 0.499042 0.135559 0.614448
4 0.00940151 0.759782 0.018803 0.480435
4 0.17036 0.374724 0.339916 0.744284
0 0.933019 0.49027 0.133963 0.825335
0 0.529704 0.274562 0.754453 0.546545
0 0.0846913 0.794637 0.169383 0.410726
2 0.591932 0.339268 0.801718 0.678537
4 0.188862 0.649062 0.37518 0.245916
4 0.345466 0.411899 0.689263 0.823798
3 0.068492 0.896347 0.136984 0.207306
3 0.309213 0.236595 0.618427 0.47319
0 0.841968 0.378575 0.316063 0.757151
4 0.0890003 0.416389 0.178001 0.805594
4 0.12143 0.22549 0.24286 0.432824
4 0.067619 0.608362 0.135238 0.370881
0 0.0262287 0.236181 0.0524574 0.472362
3 0.105299 0.894063 0.210599 0.211874
3 0.501975 0.261756 0.791927 0.523513
4 0.0285782 0.303251 0.0571564 0.606501
1 0.80264 0.530633 0.285732 0.932331
4 0.0262287 0.236181 0.0524574 0.472362
0 0.0280927 0.362163 0.0561854 0.721326
4 0.228618 0.898899 0.444336 0.202201
0 0.661253 0.758633 0.500969 0.482734
1 0.219056 0.664609 0.434189 0.247811
0 0.332743 0.839684 0.45249 0.320632
4 0.075485 0.72773 0.15097 0.387011
1 0.218122 0.764756 0.433175 0.470489
1 0.818312 0.774512 0.363376 0.431362
0 0.629279 0.505518 0.741442 0.948379
2 0.948851 0.777992 0.102299 0.399087
1 0.945067 0.78617 0.109866 0.397533
0 0.075485 0.72773 0.15097 0.387011
1 0.69711 0.389755 0.605779 0.772446
3 0.489139 0.168833 0.867863 0.337667
1 0.50889 0.762546 0.534101 0.454298
2 0.219056 0.664609 0.434189 0.247811
4 0.0677793 0.499042 0.135559 0.614448
2 0.488798 0.762873 0.557824 0.45453
0 0.17036 0.374724 0.339916 0.744284
0 0.177026 0.222922 0.354052 0.445845
0 0.067619 0.608362 0.135238 0.370881
2 0.818819 0.533226 0.362359 0.894504
2 0.345466 0.411899 0.689263 0.823798
1 0.810911 0.628098 0.378178 0.714896
2 0.15815 0.899239 0.315235 0.201522
0 0.308007 0.418357 0.612505 0.836714
2 0.628015 0.740164 0.74397 0.485865
1 0.556684 0.284243 0.773949 0.568485
2 0.905836 0.430402 0.188328 0.829456
2 0.295013 0.648121 0.584961 0.244681
1 0.304255 0.787465 0.604622 0.417954
2 0.209326 0.234874 0.410806 0.460836
1 0.213234 0.4257 0.423749 0.8514
0 0.12143 0.22549 0.24286 0.432824
2 0.105299 0.894063 0.210599 0.211874
2 0.211307 0.765039 0.419233 0.469921
1 0.868867 0.279877 0.262266 0.558041
2 0.0890003 0.416389 0.178001 0.805594
2 0.740172 0.528029 0.519656 0.905616
1 0.0970656 0.770125 0.194131 0.459751
2 0.205077 0.416352 0.406309 0.832703
1 0.834314 0.429998 0.331372 0.843531
2 0.941102 0.799909 0.117796 0.400183
2 0.767947 0.162633 0.464107 0.325266
2 0.819829 0.771425 0.360343 0.428553
2 0.664301 0.286963 0.671398 0.573926
2 0.228618 0.898899 0.444336 0.202201
1 0.068492 0.896347 0.136984 0.207306
2 0.417299 0.757988 0.445011 0.484024
1 0.600393 0.763416 0.766707 0.469278
2 0.545113 0.269846 0.845757 0.539692
1 0.378932 0.758094 0.692904 0.463562
2 0.851396 0.768352 0.297207 0.463296
2 0.443916 0.492036 0.869912 0.984071
1 0.905575 0.501317 0.188849 0.989754
1 0.740657 0.453167 0.356585 0.856239
1 0.936461 0.654071 0.127077 0.630036
1 0.654379 0.309907 0.609046 0.61039
2 0.281966 0.25947 0.557091 0.516506
1 0.209326 0.234874 0.410806 0.460836
2 0.383941 0.243353 0.75954 0.486706
2 0.0677793 0.499042 0.135559 0.614448
1 0.529581 0.0252564 0.926247 0.0505129
2 0.933019 0.49027 0.133963 0.825335
2 0.0225582 0.421753 0.0451164 0.806076
2 0.841968 0.378575 0.316063 0.757151
2 0.0732975 0.231277 0.146595 0.462554
2 0.240815 0.631707 0.468176 0.203214
2 0.332743 0.839684 0.45249 0.320632
2 0.740657 0.453167 0.356585 0.856239
1 0.075485 0.72773 0.15097 0.387011
1 0.0135066 0.798259 0.0270132 0.403481
2 0.944542 0.624824 0.110916 0.643301
2 0.0135431 0.578417 0.0270861 0.787273
1 0.17036 0.374724 0.339916 0.744284
1 0.240815 0.631707 0.468176 0.203214
2 0.490694 0.753953 0.558742 0.492095
2 0.0262287 0.236181 0.0524574 0.472362
2 0.716387 0.762284 0.567227 0.452489
2 0.0235881 0.834963 0.0471761 0.330073
2 0.067619 0.608362 0.135238 0.370881
0 0.0890003 0.416389 0.178001 0.805594
2 0.0135066 0.798259 0.0270132 0.403481
2 0.068492 0.896347 0.136984 0.207306
1 0.0677793 0.499042 0.135559 0.614448
1 0.0235881 0.834963 0.0471761 0.330073
2 0.797611 0.76485 0.386806 0.4703
1 0.385637 0.271926 0.708262 0.543852
2 0.0970656 0.770125 0.194131 0.459751
2 0.12143 0.22549 0.24286 0.432824
2 0.216066 0.125189 0.432132 0.250378
2 0.661253 0.758633 0.500969 0.482734
2 0.0285782 0.303251 0.0571564 0.606501
1 0.529962 0.5 0.900631 1
2 0.2629 0.894755 0.510325 0.21049
2 0.796938 0.293489 0.406124 0.578745
2 0.00940151 0.759782 0.018803 0.480435
1 0.067619 0.608362 0.135238 0.370881
0 0.0677793 0.499042 0.135559 0.614448
1 0.105299 0.894063 0.210599 0.211874
1 0.295013 0.648121 0.584961 0.244681
1 0.00940151 0.759782 0.018803 0.480435
1 0.0890003 0.416389 0.178001 0.805594
1 0.490694 0.753953 0.558742 0.492095
0 0.819827 0.771418 0.360346 0.428489
0 0.496636 0.760368 0.5733 0.464686
0 0.49185 0.0293384 0.926394 0.0586769
0 0.797334 0.294158 0.405332 0.580021
0 0.372191 0.763509 0.69805 0.461758
3 0.557814 0.502215 0.786942 0.99557
0 0.377974 0.0427614 0.753901 0.0855229
0 0.26427 0.758063 0.515905 0.439968
0 0.818929 0.533266 0.362128 0.894437
0 0.719633 0.299193 0.560733 0.598386
0 0.230876 0.660712 0.451122 0.239404
3 0.789843 0.369848 0.420314 0.717734
0 0.897027 0.507953 0.205947 0.967901
3 0.802658 0.530786 0.285266 0.932643
0 0.591835 0.339327 0.801243 0.678655
0 0.593211 0.220584 0.813577 0.441168
3 0.786073 0.255244 0.427853 0.510488
3 0.536933 0.754848 0.514536 0.490304
3 0.209288 0.370207 0.415 0.739186
3 0.530163 0.344659 0.823722 0.689318
0 0.215874 0.124381 0.431749 0.248761
3 0.941064 0.799933 0.117872 0.400134
0 0.944943 0.786395 0.110114 0.397256
0 0.462029 0.229269 0.886312 0.458537
0 0.583682 0.055332 0.832636 0.110664
3 0.936448 0.654559 0.127104 0.629102
3 0.797279 0.764931 0.386984 0.470137
3 0.697606 0.389405 0.604787 0.771726
3 0.173319 0.232431 0.344502 0.445206
3 0.215874 0.124381 0.431749 0.248761
3 0.660846 0.758768 0.501352 0.482464
3 0.851722 0.768338 0.296556 0.463324
3 0.907021 0.491399 0.185957 0.982799
3 0.740531 0.45581 0.356438 0.861342
3 0.455509 0.758506 0.485953 0.482988
3 0.822075 0.780551 0.35585 0.438899
3 0.221481 0.642512 0.433212 0.230392
3 0.4702 0.761214 0.648853 0.477573
3 0.332395 0.840326 0.454195 0.319348
4 0.550441 0.757863 0.739119 0.467224
3 0.731321 0.261577 0.537357 0.523155
0 0.753509 0.758827 0.492983 0.45124
3 0.18267 0.767924 0.364031 0.464152
0 0.164001 0.901943 0.326549 0.196115
3 0.263318 0.895011 0.511204 0.209978
3 0.181875 0.899281 0.357857 0.201437
0 0.105685 0.894087 0.211371 0.211827
3 0.583682 0.055332 0.832636 0.110664
3 0.653119 0.310643 0.608395 0.611334
0 0.188335 0.684607 0.374876 0.278219
3 0.505115 0.736055 0.840955 0.498005
3 0.0262996 0.236194 0.0525991 0.472387
3 0.0287209 0.30332 0.0574419 0.60664
4 0.544178 0.296839 0.838239 0.593678
4 0.868909 0.509437 0.262183 0.934745
3 0.0107234 0.642941 0.0214467 0.714118
3 0.870794 0.491961 0.258411 0.962242
3 0.298323 0.0486486 0.596646 0.0972972
0 0.870525 0.28078 0.25895 0.559915
4 0.610252 0.359638 0.779495 0.719275
0 0.522936 0.758956 0.945423 0.462245
0 0.0107234 0.642941 0.0214467 0.714118
4 0.593211 0.220584 0.813577 0.441168
3 0.593211 0.220584 0.813577 0.441168
3 0.0731822 0.231203 0.146364 0.462406
0 0.0685908 0.896331 0.137182 0.207339
3 0.948664 0.778059 0.102671 0.398961
4 0.583682 0.055332 0.832636 0.110664
4 0.535448 0.022235 0.916593 0.04447
3 0.404249 0.5 0.808497 1
3 0.0135912 0.798231 0.0271825 0.403538
4 0.851722 0.768338 0.296556 0.463324
4 0.936448 0.654559 0.127104 0.629102
4 0.818929 0.533266 0.362128 0.894437
3 0.51243 0.0278054 0.938548 0.0556107
3 0.34935 0.753272 0.691767 0.472103
4 0.816718 0.774119 0.364624 0.434425
0 0.697606 0.389405 0.604787 0.771726
3 0.188335 0.684607 0.374876 0.278219
0 0.767926 0.162502 0.464148 0.325003
3 0.26427 0.758063 0.515905 0.439968
3 0.870525 0.28078 0.25895 0.559915
3 0.294318 0.648367 0.583604 0.244964
4 0.379868 0.748397 0.727352 0.471309
3 0.796964 0.516899 0.405799 0.917132
4 0.941064 0.799933 0.117872 0.400134
0 0.421721 0.312114 0.814337 0.624228
3 0.0236359 0.834932 0.0472718 0.330136
3 0.767926 0.162502 0.464148 0.325003
4 0.433868 0.496252 0.850919 0.992503
4 0.536933 0.754848 0.514536 0.490304
4 0.719633 0.299193 0.560733 0.598386
3 0.277516 0.0726843 0.555031 0.145369
3 0.228955 0.898917 0.444938 0.202165
3 0.841872 0.38129 0.316256 0.76258
3 0.44314 0.0448601 0.877243 0.0897202
0 0.740531 0.45581 0.356438 0.861342
0 0.277516 0.0726843 0.555031 0.145369
4 0.797279 0.764931 0.386984 0.470137
4 0.909707 0.475768 0.180586 0.940866
4 0.660846 0.758768 0.501352 0.482464
3 0.00949244 0.759618 0.0189849 0.480764
4 0.948664 0.778059 0.102671 0.398961
0 0.936448 0.654559 0.127104 0.629102
4 0.460652 0.0365965 0.921304 0.073193
4 0.332395 0.840326 0.454195 0.319348
0 0.00870394 0.703682 0.0174079 0.592636
3 0.0183378 0.467392 0.0366756 0.784344
4 0.164001 0.901943 0.326549 0.196115
4 0.416738 0.758012 0.447144 0.483975
0 0.220739 0.899656 0.424551 0.200688
4 0.789843 0.369848 0.420314 0.717734
0 0.941064 0.799933 0.117872 0.400134
4 0.71773 0.762304 0.56454 0.452364
3 0.0754214 0.727129 0.150843 0.385497
0 0.460995 0.493826 0.880164 0.987653
4 0.105685 0.894087 0.211371 0.211827
4 0.740589 0.528025 0.518822 0.905628
4 0.239582 0.765508 0.471017 0.468983
0 0.0183378 0.467392 0.0366756 0.784344
4 0.385311 0.271813 0.706673 0.543625
4 0.240968 0.344068 0.477761 0.688135
3 0.0969917 0.770171 0.193983 0.459657
3 0.26693 0.283846 0.524945 0.567018
4 0.0685908 0.896331 0.137182 0.207339
4 0.647778 0.499752 0.695693 0.973234
4 0.740531 0.45581 0.356438 0.861342
3 0.933045 0.489902 0.133911 0.825358
0 0.18267 0.767924 0.364031 0.464152
0 0.309082 0.236257 0.618163 0.472515
4 0.786073 0.255244 0.427853 0.510488
4 0.263318 0.895011 0.511204 0.209978
4 0.309082 0.236257 0.618163 0.472515
4 0.294318 0.648367 0.583604 0.244964
3 0.121518 0.225424 0.243036 0.432697
4 0.517865 0.759991 0.527666 0.455733
0 0.0135912 0.798231 0.0271825 0.403538
0 0.851722 0.768338 0.296556 0.463324
1 0.190528 0.900424 0.376891 0.199151
4 0.240418 0.631824 0.467409 0.203195
0 0.239897 0.242032 0.469452 0.477165
4 0.870525 0.28078 0.25895 0.559915
3 0.71773 0.762304 0.56454 0.452364
4 0.330828 0.0408466 0.657929 0.0816932
3 0.345077 0.412024 0.688524 0.824047
4 0.462029 0.229269 0.886312 0.458537
4 0.215874 0.124381 0.431749 0.248761
3 0.135142 0.371615 0.270284 0.715324
4 0.0846752 0.794464 0.16935 0.411071
4 0.0236359 0.834932 0.0472718 0.330136
4 0.767926 0.162502 0.464148 0.325003
3 0.0675737 0.608363 0.135147 0.370245
0 0.0236359 0.834932 0.0472718 0.330136
0 0.240968 0.344068 0.477761 0.688135
4 0.0107234 0.642941 0.0214467 0.714118
4 0.239897 0.242032 0.469452 0.477165
4 0.0226416 0.421534 0.0452832 0.805359
3 0.0887497 0.416355 0.177499 0.805345
3 0.421721 0.312114 0.814337 0.624228
2 0.366367 0.748874 0.718341 0.472868
4 0.933045 0.489902 0.133911 0.825358
4 0.176438 0.222825 0.352875 0.44565
0 0.797279 0.764931 0.386984 0.470137
0 0.740589 0.528025 0.518822 0.905628
0 0.0731822 0.231203 0.146364 0.462406
4 0.0135912 0.798231 0.0271825 0.403538
4 0.277516 0.0726843 0.555031 0.145369
1 0.789843 0.369848 0.420314 0.717734
4 0.841872 0.38129 0.316256 0.76258
4 0.0731822 0.231203 0.146364 0.462406
2 0.868909 0.509437 0.262183 0.934745
3 0.0674948 0.501781 0.13499 0.607834
4 0.00949244 0.759618 0.0189849 0.480764
4 0.170382 0.375054 0.339972 0.74481
0 0.536933 0.754848 0.514536 0.490304
2 0.591835 0.339327 0.801243 0.678655
4 0.189085 0.649252 0.375648 0.245506
0 0.416738 0.758012 0.447144 0.483975
4 0.345077 0.412024 0.688524 0.824047
3 0.0685908 0.896331 0.137182 0.207339
3 0.309082 0.236257 0.618163 0.472515
0 0.933045 0.489902 0.133911 0.825358
0 0.0846752 0.794464 0.16935 0.411071
0 0.529939 0.274451 0.753136 0.546129
4 0.0887497 0.416355 0.177499 0.805345
4 0.121518 0.225424 0.243036 0.432697
4 0.0675737 0.608363 0.135147 0.370245
0 0.841872 0.38129 0.316256 0.76258
3 0.105685 0.894087 0.211371 0.211827
3 0.502015 0.261186 0.791413 0.522371
4 0.0287209 0.30332 0.0574419 0.60664
0 0.0262996 0.236194 0.0525991 0.472387
1 0.802658 0.530786 0.285266 0.932643
4 0.0262996 0.236194 0.0525991 0.472387
4 0.304058 0.790159 0.604193 0.412473
4 0.228955 0.898917 0.444938 0.202165
1 0.219045 0.664281 0.434195 0.246935
4 0.0754214 0.727129 0.150843 0.385497
1 0.218125 0.764822 0.433203 0.470355
0 0.0282058 0.362194 0.0564117 0.721103
0 0.660846 0.758768 0.501352 0.482464
0 0.332395 0.840326 0.454195 0.319348
1 0.818313 0.774488 0.363374 0.431405
2 0.948664 0.778059 0.102671 0.398961
1 0.944943 0.786395 0.110114 0.397256
0 0.630849 0.505495 0.738302 0.948364
0 0.0754214 0.727129 0.150843 0.385497
1 0.697606 0.389405 0.604787 0.771726
3 0.48916 0.1662 0.866401 0.3324
1 0.508709 0.762607 0.533995 0.454172
2 0.219045 0.664281 0.434195 0.246935
4 0.0674948 0.501781 0.13499 0.607834
2 0.488619 0.762936 0.557873 0.454422
2 0.345077 0.412024 0.688524 0.824047
2 0.818929 0.533266 0.362128 0.894437
1 0.810756 0.62901 0.378488 0.713089
0 0.170382 0.375054 0.339972 0.74481
0 0.0675737 0.608363 0.135147 0.370245
0 0.176438 0.222825 0.352875 0.44565
2 0.15827 0.899285 0.315443 0.201429
1 0.556719 0.284181 0.772612 0.568362
2 0.629212 0.740214 0.741576 0.485717
2 0.294318 0.648367 0.583604 0.244964
2 0.905948 0.43341 0.188103 0.835534
1 0.304058 0.790159 0.604193 0.412473
2 0.209286 0.234882 0.410719 0.460717
0 0.307299 0.418533 0.611093 0.837067
1 0.213275 0.425094 0.423849 0.850188
2 0.105685 0.894087 0.211371 0.211827
2 0.211308 0.765075 0.419226 0.46985
0 0.121518 0.225424 0.243036 0.432697
2 0.0887497 0.416355 0.177499 0.805345
1 0.870525 0.28078 0.25895 0.559915
2 0.740589 0.528025 0.518822 0.905628
1 0.0969917 0.770171 0.193983 0.459657
2 0.20512 0.416431 0.406428 0.832862
1 0.835211 0.430086 0.329578 0.842858
2 0.941064 0.799933 0.117872 0.400134
2 0.767926 0.162502 0.464148 0.325003
2 0.664064 0.2869 0.671872 0.573799
2 0.819827 0.771418 0.360346 0.428489
2 0.228955 0.898917 0.444938 0.202165
1 0.0685908 0.896331 0.137182 0.207339
2 0.416738 0.758012 0.447144 0.483975
2 0.544924 0.269548 0.845544 0.539096
1 0.59996 0.763476 0.767201 0.469112
2 0.851722 0.768338 0.296556 0.463324
1 0.378857 0.758128 0.692685 0.463451
2 0.443224 0.492019 0.8686 0.984038
1 0.909707 0.475768 0.180586 0.940866
1 0.936448 0.654559 0.127104 0.629102
1 0.740531 0.45581 0.356438 0.861342
1 0.653119 0.310643 0.608395 0.611334
2 0.282034 0.259458 0.557213 0.516383
1 0.209286 0.234882 0.410719 0.460717
2 0.384024 0.242946 0.759709 0.485892
2 0.0674948 0.501781 0.13499 0.607834
2 0.933045 0.489902 0.133911 0.825358
1 0.529639 0.0251917 0.926375 0.0503834
2 0.0226416 0.421534 0.0452832 0.805359
2 0.841872 0.38129 0.316256 0.76258
2 0.240418 0.631824 0.467409 0.203195
2 0.0731822 0.231203 0.146364 0.462406
2 0.332395 0.840326 0.454195 0.319348
1 0.0754214 0.727129 0.150843 0.385497
2 0.740531 0.45581 0.356438 0.861342
1 0.0135912 0.798231 0.0271825 0.403538
2 0.944558 0.625088 0.110885 0.642554
2 0.0136921 0.57881 0.0273842 0.786118
1 0.170382 0.375054 0.339972 0.74481
1 0.240418 0.631824 0.467409 0.203195
2 0.490031 0.754058 0.559901 0.491885
2 0.0262996 0.236194 0.0525991 0.472387
2 0.71773 0.762304 0.56454 0.452364
2 0.0236359 0.834932 0.0472718 0.330136
2 0.0675737 0.608363 0.135147 0.370245
2 0.0135912 0.798231 0.0271825 0.403538
1 0.0674948 0.501781 0.13499 0.607834
2 0.0685908 0.896331 0.137182 0.207339
1 0.385311 0.271813 0.706673 0.543625
1 0.0236359 0.834932 0.0472718 0.330136
2 0.797279 0.764931 0.386984 0.470137
0 0.0887497 0.416355 0.177499 0.805345
2 0.0969917 0.770171 0.193983 0.459657
2 0.121518 0.225424 0.243036 0.432697
2 0.215874 0.124381 0.431749 0.248761
2 0.660846 0.758768 0.501352 0.482464
2 0.304058 0.790159 0.604193 0.412473
2 0.0287209 0.30332 0.0574419 0.60664
1 0.529872 0.5 0.900115 1
2 0.263318 0.895011 0.511204 0.209978
2 0.797334 0.294158 0.405332 0.580021
1 0.0675737 0.608363 0.135147 0.370245
2 0.00949244 0.759618 0.0189849 0.480764
1 0.105685 0.894087 0.211371 0.211827
1 0.00949244 0.759618 0.0189849 0.480764
1 0.294318 0.648367 0.583604 0.244964
0 0.0674948 0.501781 0.13499 0.607834
1 0.0887497 0.416355 0.177499 0.805345
1 0.490031 0.754058 0.559901 0.491885
