0 0.498033 0.595451 0.0721243 0.143085
0 0.499164 0.564374 0.0722988 0.197774
0 0.766315 0.748891 0.467369 0.48615
0 0.603303 0.612322 0.272849 0.163867
0 0.514735 0.599547 0.103388 0.145349
1 0.498033 0.595451 0.0721243 0.143085
2 0.498033 0.595451 0.0721243 0.143085
0 0.451235 0.603861 0.174106 0.156204
0 0.683081 0.747531 0.425102 0.447815
0 0.50072 0.54982 0.0755451 0.364832
0 0.519371 0.577145 0.102647 0.223884
4 0.498033 0.595451 0.0721243 0.143085
4 0.765749 0.749927 0.468502 0.485998
0 0.562062 0.74074 0.39502 0.426694
1 0.499164 0.564374 0.0722988 0.197774
3 0.813041 0.728472 0.373918 0.543057
0 0.82331 0.776803 0.35338 0.446394
3 0.866628 0.752616 0.266744 0.494768
0 0.437409 0.755077 0.290944 0.47339
3 0.770382 0.513438 0.45857 0.973124
3 0.454779 0.73262 0.15988 0.436042
2 0.499164 0.564374 0.0722988 0.197774
3 0.432177 0.712972 0.195664 0.574056
0 0.454779 0.73262 0.15988 0.436042
3 0.77281 0.733104 0.448887 0.533792
3 0.314801 0.501397 0.565596 0.997205
3 0.66823 0.506435 0.663541 0.987129
3 0.943982 0.808469 0.112037 0.383063
0 0.107853 0.868245 0.215706 0.253908
3 0.162525 0.404353 0.3213 0.762044
3 0.850538 0.506274 0.298923 0.987451
0 0.536163 0.0520311 0.927675 0.104062
3 0.586932 0.742207 0.434438 0.515587
0 0.204881 0.104958 0.409762 0.209916
3 0.0222451 0.766182 0.0444901 0.467636
0 0.941556 0.801239 0.116889 0.397521
4 0.499164 0.564374 0.0722988 0.197774
4 0.451235 0.603861 0.174106 0.156204
3 0.187938 0.754966 0.375294 0.475605
3 0.496706 0.506985 0.555591 0.986029
3 0.697746 0.735004 0.390955 0.529993
4 0.50072 0.54982 0.0755451 0.364832
3 0.153158 0.553435 0.304213 0.502218
0 0.52508 0.569649 0.136162 0.447231
3 0.52508 0.569649 0.136162 0.447231
0 0.237654 0.773363 0.461671 0.435933
3 0.397448 0.371527 0.435705 0.734371
3 0.204881 0.104958 0.409762 0.209916
3 0.488899 0.566751 0.0901562 0.20727
3 0.939629 0.735185 0.120741 0.529629
3 0.416627 0.772058 0.679265 0.455884
0 0.217496 0.834185 0.42369 0.316153
4 0.866628 0.752616 0.266744 0.494768
0 0.81166 0.100222 0.37668 0.200444
3 0.300907 0.0482324 0.601814 0.0964648
3 0.213729 0.599079 0.418529 0.409749
2 0.437409 0.755077 0.290944 0.47339
4 0.622143 0.757376 0.346284 0.463464
3 0.533179 0.0398346 0.933641 0.0796692
3 0.0298248 0.839715 0.0596496 0.320571
3 0.370635 0.45614 0.342497 0.876809
0 0.431881 0.757673 0.731636 0.463081
3 0.234104 0.831119 0.450903 0.337763
3 0.292807 0.73517 0.56071 0.520327
3 0.309504 0.819174 0.485644 0.361652
4 0.603303 0.612322 0.272849 0.163867
2 0.451235 0.603861 0.174106 0.156204
0 0.336577 0.0360991 0.673154 0.0721981
0 0.151218 0.851895 0.301913 0.286401
4 0.943982 0.808469 0.112037 0.383063
0 0.38346 0.25796 0.470259 0.501435
3 0.15123 0.302781 0.30246 0.589577
3 0.795046 0.319995 0.409907 0.639989
3 0.00947603 0.646573 0.0189521 0.69927
3 0.437409 0.755077 0.290944 0.47339
4 0.787577 0.734091 0.424847 0.531817
0 0.00947603 0.646573 0.0189521 0.69927
3 0.772142 0.122432 0.455717 0.244865
3 0.50072 0.54982 0.0755451 0.364832
0 0.440351 0.0632204 0.837974 0.126441
1 0.766058 0.740164 0.467523 0.509344
4 0.697746 0.735004 0.390955 0.529993
4 0.393436 0.75855 0.718431 0.46259
3 0.0218248 0.289459 0.0436496 0.578918
0 0.011536 0.491622 0.0230721 0.626592
0 0.408108 0.35625 0.458311 0.707993
3 0.227342 0.69413 0.441739 0.500518
4 0.941556 0.801239 0.116889 0.397521
3 0.923058 0.779255 0.153883 0.44149
0 0.595971 0.0868161 0.808058 0.173632
3 0.280854 0.0868159 0.561708 0.173632
0 0.772142 0.122432 0.455717 0.244865
3 0.018602 0.453097 0.037204 0.652227
3 0.151623 0.846906 0.303246 0.306189
4 0.536163 0.0520311 0.927675 0.104062
3 0.553109 0.0630634 0.885506 0.126127
3 0.626747 0.331163 0.736283 0.662325
0 0.018602 0.453097 0.037204 0.652227
4 0.437409 0.755077 0.290944 0.47339
4 0.562062 0.74074 0.39502 0.426694
4 0.397448 0.371527 0.435705 0.734371
3 0.0411537 0.207095 0.0823073 0.414189
3 0.749551 0.745429 0.494802 0.491822
0 0.299396 0.748568 0.593964 0.485225
3 0.937961 0.493797 0.124077 0.929127
3 0.011536 0.491622 0.0230721 0.626592
3 0.854912 0.304249 0.290176 0.608498
4 0.10523 0.781654 0.21046 0.42351
3 0.0155413 0.700901 0.0310827 0.598198
4 0.409369 0.265823 0.456135 0.51478
3 0.496386 0.185985 0.875271 0.37197
3 0.0727652 0.427591 0.14553 0.605245
4 0.586932 0.742207 0.434438 0.515587
4 0.768345 0.499212 0.463309 0.996784
4 0.923058 0.779255 0.153883 0.44149
3 0.81166 0.100222 0.37668 0.200444
2 0.393436 0.75855 0.718431 0.46259
3 0.171113 0.211785 0.342227 0.42357
4 0.237654 0.773363 0.461671 0.435933
0 0.943982 0.808469 0.112037 0.383063
3 0.934581 0.292975 0.130838 0.579642
0 0.533534 0.754623 0.508835 0.490755
4 0.82331 0.776803 0.35338 0.446394
0 0.118874 0.85639 0.237748 0.28722
0 0.227342 0.69413 0.441739 0.500518
3 0.245302 0.5 0.490604 1
0 0.496386 0.185985 0.875271 0.37197
0 0.923058 0.779255 0.153883 0.44149
4 0.0660566 0.74633 0.132113 0.489393
3 0.684017 0.129258 0.631967 0.258516
3 0.373154 0.774976 0.699499 0.429416
4 0.16292 0.857881 0.325302 0.27363
3 0.485027 0.320337 0.80682 0.640675
3 0.0624255 0.555808 0.124851 0.495088
3 0.256809 0.257835 0.513307 0.51567
3 0.514735 0.599547 0.103388 0.145349
3 0.641211 0.754359 0.390487 0.468312
2 0.562062 0.74074 0.39502 0.426694
3 0.0660566 0.74633 0.132113 0.489393
0 0.0411537 0.207095 0.0823073 0.414189
4 0.227342 0.69413 0.441739 0.500518
4 0.0298248 0.839715 0.0596496 0.320571
3 0.0823577 0.331347 0.164715 0.648128
4 0.204881 0.104958 0.409762 0.209916
3 0.519371 0.577145 0.102647 0.223884
0 0.0218248 0.289459 0.0436496 0.578918
0 0.432177 0.712972 0.195664 0.574056
3 0.498033 0.595451 0.0721243 0.143085
3 0.210679 0.344406 0.417788 0.650385
0 0.684017 0.129258 0.631967 0.258516
0 0.866628 0.752616 0.266744 0.494768
3 0.409369 0.265823 0.456135 0.51478
4 0.496386 0.185985 0.875271 0.37197
4 0.00947603 0.646573 0.0189521 0.69927
4 0.471302 0.770708 0.6086 0.458583
3 0.534949 0.766151 0.478089 0.456647
4 0.018602 0.453097 0.037204 0.652227
4 0.217496 0.834185 0.42369 0.316153
4 0.939906 0.661718 0.120187 0.655345
3 0.139129 0.186076 0.278259 0.372153
4 0.52508 0.569649 0.136162 0.447231
4 0.595971 0.0868161 0.808058 0.173632
0 0.786228 0.5 0.427543 1
4 0.0411537 0.207095 0.0823073 0.414189
4 0.104968 0.869507 0.209936 0.253475
3 0.828931 0.379196 0.342138 0.745793
4 0.0222451 0.766182 0.0444901 0.467636
0 0.280854 0.0868159 0.561708 0.173632
3 0.419563 0.227602 0.575983 0.455204
4 0.292807 0.73517 0.56071 0.520327
4 0.0218248 0.289459 0.0436496 0.578918
3 0.306574 0.306797 0.560484 0.609602
4 0.0155413 0.700901 0.0310827 0.598198
4 0.011536 0.491622 0.0230721 0.626592
1 0.514735 0.599547 0.103388 0.145349
1 0.201066 0.831555 0.401158 0.322482
4 0.81166 0.100222 0.37668 0.200444
0 0.0155413 0.700901 0.0310827 0.598198
3 0.603303 0.612322 0.272849 0.163867
2 0.765749 0.749927 0.468502 0.485998
0 0.942192 0.316817 0.115616 0.57453
4 0.419563 0.227602 0.575983 0.455204
4 0.213729 0.599079 0.418529 0.409749
3 0.712467 0.380782 0.500111 0.698121
4 0.514735 0.599547 0.103388 0.145349
3 0.686938 0.716024 0.46646 0.567951
3 0.261248 0.787076 0.509207 0.408905
0 0.375404 0.452036 0.457986 0.896597
3 0.217496 0.834185 0.42369 0.316153
4 0.54125 0.310332 0.849637 0.620663
1 0.107853 0.868245 0.215706 0.253908
0 0.854912 0.304249 0.290176 0.608498
2 0.603303 0.612322 0.272849 0.163867
4 0.669556 0.508142 0.511237 0.983716
4 0.323699 0.254139 0.550203 0.505513
4 0.850538 0.506274 0.298923 0.987451
0 0.213729 0.599079 0.418529 0.409749
4 0.828931 0.379196 0.342138 0.745793
4 0.300907 0.0482324 0.601814 0.0964648
4 0.0624255 0.555808 0.124851 0.495088
4 0.937961 0.493797 0.124077 0.929127
0 0.946149 0.454284 0.107703 0.853171
4 0.519371 0.577145 0.102647 0.223884
4 0.118874 0.85639 0.237748 0.28722
1 0.50072 0.54982 0.0755451 0.364832
4 0.600735 0.512052 0.791054 0.975896
4 0.496706 0.506985 0.555591 0.986029
0 0.0660566 0.74633 0.132113 0.489393
4 0.280854 0.0868159 0.561708 0.173632
0 0.828078 0.387428 0.343845 0.766149
0 0.697746 0.735004 0.390955 0.529993
0 0.54125 0.310332 0.849637 0.620663
2 0.454779 0.73262 0.15988 0.436042
0 0.10523 0.781654 0.21046 0.42351
4 0.370635 0.45614 0.342497 0.876809
4 0.934581 0.292975 0.130838 0.579642
0 0.0298248 0.839715 0.0596496 0.320571
4 0.153158 0.553435 0.304213 0.502218
4 0.234104 0.831119 0.450903 0.337763
4 0.440351 0.0632204 0.837974 0.126441
0 0.234104 0.831119 0.450903 0.337763
1 0.832052 0.773369 0.335896 0.453262
0 0.939906 0.661718 0.120187 0.655345
0 0.416627 0.772058 0.679265 0.455884
4 0.314801 0.501397 0.565596 0.997205
1 0.218458 0.749206 0.434477 0.49168
4 0.391914 0.791379 0.603441 0.417242
0 0.791931 0.737487 0.416138 0.525027
4 0.309504 0.819174 0.485644 0.361652
4 0.454779 0.73262 0.15988 0.436042
3 0.10523 0.781654 0.21046 0.42351
4 0.207499 0.435894 0.408748 0.709021
0 0.792154 0.313518 0.415691 0.627037
1 0.679875 0.758888 0.417417 0.461798
4 0.772142 0.122432 0.455717 0.244865
4 0.139129 0.186076 0.278259 0.372153
4 0.0823577 0.331347 0.164715 0.648128
4 0.854912 0.304249 0.290176 0.608498
0 0.309504 0.819174 0.485644 0.361652
2 0.941556 0.801239 0.116889 0.397521
0 0.0210261 0.815604 0.0420521 0.368792
2 0.519371 0.577145 0.102647 0.223884
1 0.534949 0.766151 0.478089 0.456647
2 0.622143 0.757376 0.346284 0.463464
4 0.0687475 0.482378 0.137495 0.587555
3 0.104968 0.869507 0.209936 0.253475
1 0.941556 0.801239 0.116889 0.397521
2 0.250814 0.75151 0.486351 0.480851
4 0.230015 0.285198 0.460031 0.570396
4 0.684017 0.129258 0.631967 0.258516
1 0.398441 0.768688 0.695737 0.446349
0 0.214964 0.480954 0.419956 0.959211
4 0.131915 0.43736 0.261876 0.71005
0 0.153158 0.553435 0.304213 0.502218
4 0.171113 0.211785 0.342227 0.42357
2 0.514735 0.599547 0.103388 0.145349
2 0.396385 0.302368 0.716173 0.60433
0 0.286262 0.248643 0.550847 0.497286
2 0.946149 0.454284 0.107703 0.853171
2 0.586932 0.742207 0.434438 0.515587
0 0.129803 0.410941 0.258258 0.752578
2 0.0707318 0.467079 0.141464 0.590745
4 0.163264 0.418276 0.322979 0.827411
4 0.396385 0.302368 0.716173 0.60433
4 0.15123 0.302781 0.30246 0.589577
4 0.712467 0.380782 0.500111 0.698121
0 0.0707318 0.467079 0.141464 0.590745
2 0.139129 0.186076 0.278259 0.372153
1 0.17301 0.350373 0.344006 0.648776
0 0.850538 0.506274 0.298923 0.987451
1 0.603303 0.612322 0.272849 0.163867
2 0.792154 0.313518 0.415691 0.627037
2 0.129803 0.410941 0.258258 0.752578
2 0.118874 0.85639 0.237748 0.28722
1 0.923058 0.779255 0.153883 0.44149
4 0.766071 0.308291 0.467857 0.616582
2 0.391914 0.791379 0.603441 0.417242
2 0.943982 0.808469 0.112037 0.383063
1 0.151218 0.851895 0.301913 0.286401
1 0.267075 0.80634 0.467115 0.371118
0 0.396385 0.302368 0.716173 0.60433
2 0.256809 0.257835 0.513307 0.51567
0 0.0624255 0.555808 0.124851 0.495088
2 0.206521 0.829776 0.412075 0.327662
2 0.420587 0.280956 0.476637 0.548865
2 0.730654 0.136489 0.538691 0.272977
2 0.942192 0.316817 0.115616 0.57453
2 0.471302 0.770708 0.6086 0.458583
0 0.0823577 0.331347 0.164715 0.648128
2 0.81166 0.100222 0.37668 0.200444
2 0.496386 0.185985 0.875271 0.37197
2 0.432177 0.712972 0.195664 0.574056
4 0.245302 0.5 0.490604 1
1 0.608473 0.750727 0.378104 0.482456
1 0.220958 0.289842 0.431331 0.562842
2 0.0411537 0.207095 0.0823073 0.414189
2 0.272061 0.500584 0.524161 0.998832
0 0.210679 0.344406 0.417788 0.650385
1 0.817855 0.311441 0.36429 0.597213
0 0.272061 0.500584 0.524161 0.998832
0 0.498042 0.595464 0.0721451 0.143054
0 0.499172 0.564399 0.0723156 0.197714
0 0.766368 0.748903 0.467264 0.48613
0 0.603035 0.612168 0.272298 0.163573
0 0.514719 0.599541 0.103367 0.145266
1 0.498042 0.595464 0.0721451 0.143054
2 0.498042 0.595464 0.0721451 0.143054
0 0.451474 0.603772 0.173332 0.156049
0 0.682871 0.747515 0.424345 0.447713
0 0.50073 0.549648 0.0755108 0.364228
0 0.519373 0.577073 0.102614 0.22362
4 0.498042 0.595464 0.0721451 0.143054
4 0.765814 0.749954 0.468372 0.48595
1 0.499172 0.564399 0.0723156 0.197714
0 0.562536 0.740412 0.393367 0.425913
3 0.813217 0.728281 0.373566 0.543438
0 0.823278 0.776785 0.353444 0.44643
3 0.866854 0.75241 0.266293 0.49518
3 0.770574 0.513445 0.458163 0.973109
0 0.437039 0.755036 0.28975 0.473181
3 0.454736 0.73178 0.159766 0.434282
2 0.499172 0.564399 0.0723156 0.197714
3 0.432172 0.713244 0.195289 0.573511
0 0.454736 0.73178 0.159766 0.434282
3 0.77285 0.733228 0.448785 0.533543
3 0.315672 0.50141 0.563351 0.997181
3 0.668926 0.506423 0.662148 0.987153
3 0.944063 0.808349 0.111874 0.383301
3 0.162454 0.404579 0.321183 0.762558
3 0.850488 0.506344 0.299024 0.987312
0 0.107997 0.868268 0.215994 0.2539
3 0.586047 0.742092 0.43602 0.515816
3 0.0226592 0.766183 0.0453184 0.467634
4 0.499172 0.564399 0.0723156 0.197714
0 0.536222 0.0524676 0.927557 0.104935
0 0.204371 0.105278 0.408742 0.210557
0 0.941701 0.801274 0.116599 0.397452
4 0.451474 0.603772 0.173332 0.156049
3 0.187941 0.754876 0.375302 0.475924
3 0.496734 0.507072 0.554227 0.985855
3 0.6975 0.735061 0.391609 0.529879
4 0.50073 0.549648 0.0755108 0.364228
3 0.153366 0.555176 0.304605 0.491403
3 0.525145 0.569524 0.136001 0.446252
3 0.397295 0.371393 0.435225 0.734068
3 0.204371 0.105278 0.408742 0.210557
0 0.525145 0.569524 0.136001 0.446252
3 0.488899 0.566749 0.0901421 0.207134
0 0.237544 0.773494 0.461382 0.435767
3 0.939663 0.735133 0.120675 0.529734
3 0.416889 0.772255 0.678118 0.45549
4 0.866854 0.75241 0.266293 0.49518
3 0.300956 0.0485876 0.601913 0.0971753
3 0.213481 0.602987 0.41786 0.386982
2 0.437039 0.755036 0.28975 0.473181
0 0.217474 0.834342 0.423655 0.315943
4 0.622184 0.757416 0.345996 0.463458
3 0.53323 0.0401305 0.93354 0.0802609
3 0.0301279 0.839798 0.0602558 0.320405
3 0.370692 0.455472 0.342214 0.87538
0 0.811837 0.100933 0.376327 0.201867
3 0.234112 0.831299 0.450988 0.337402
3 0.292388 0.735386 0.55992 0.520395
3 0.309441 0.819589 0.485466 0.360823
2 0.451474 0.603772 0.173332 0.156049
4 0.603035 0.612168 0.272298 0.163573
4 0.944063 0.808349 0.111874 0.383301
3 0.151031 0.303461 0.302062 0.591003
0 0.432246 0.757718 0.731017 0.463069
3 0.795121 0.320222 0.409758 0.640443
0 0.336438 0.0361839 0.672875 0.0723678
0 0.383442 0.257986 0.46987 0.501605
0 0.151839 0.851802 0.303152 0.286669
3 0.437039 0.755036 0.28975 0.473181
3 0.00957637 0.64623 0.0191527 0.699547
3 0.772285 0.12304 0.45543 0.246081
3 0.50073 0.549648 0.0755108 0.364228
1 0.766074 0.740163 0.467528 0.509423
4 0.6975 0.735061 0.391609 0.529879
4 0.39346 0.758594 0.718145 0.462552
0 0.00957637 0.64623 0.0191527 0.699547
3 0.0218522 0.289975 0.0437045 0.57995
3 0.226948 0.691928 0.440818 0.492623
4 0.791813 0.737575 0.416373 0.52485
0 0.440122 0.0639455 0.836313 0.127891
0 0.408092 0.356468 0.458018 0.708397
4 0.941701 0.801274 0.116599 0.397452
0 0.0116414 0.490949 0.0232827 0.62571
3 0.280587 0.087223 0.561173 0.174446
3 0.923355 0.779239 0.15329 0.441523
3 0.0187513 0.452813 0.0375027 0.652558
3 0.151861 0.846884 0.303722 0.306231
4 0.536222 0.0524676 0.927557 0.104935
3 0.553161 0.0636113 0.885268 0.127223
3 0.627247 0.331283 0.735178 0.662567
0 0.596191 0.0875421 0.807619 0.175084
4 0.437039 0.755036 0.28975 0.473181
0 0.772285 0.12304 0.45543 0.246081
4 0.562536 0.740412 0.393367 0.425913
4 0.397295 0.371393 0.435225 0.734068
3 0.0407032 0.20763 0.0814064 0.41526
3 0.749674 0.745475 0.494601 0.491833
0 0.0187513 0.452813 0.0375027 0.652558
3 0.937984 0.493377 0.124031 0.928172
3 0.0116414 0.490949 0.0232827 0.62571
3 0.855173 0.304529 0.289653 0.609057
0 0.298997 0.74853 0.593225 0.485479
4 0.105522 0.7814 0.211043 0.424018
3 0.0157612 0.700735 0.0315223 0.59853
3 0.496437 0.187797 0.875094 0.375595
4 0.409348 0.265976 0.456021 0.515178
3 0.0727905 0.427238 0.145581 0.607941
3 0.229861 0.5 0.459156 1
4 0.586047 0.742092 0.43602 0.515816
4 0.923355 0.779239 0.15329 0.441523
3 0.811837 0.100933 0.376327 0.201867
4 0.768405 0.499245 0.46319 0.996797
2 0.39346 0.758594 0.718145 0.462552
3 0.171089 0.212307 0.342177 0.424614
4 0.237544 0.773494 0.461382 0.435767
3 0.934689 0.293163 0.130622 0.579745
4 0.823278 0.776785 0.353444 0.44643
0 0.944063 0.808349 0.111874 0.383301
4 0.0661852 0.745941 0.13237 0.489784
0 0.532174 0.754521 0.511313 0.490959
3 0.684294 0.130042 0.631413 0.260083
3 0.372736 0.774916 0.698262 0.429602
0 0.226948 0.691928 0.440818 0.492623
4 0.163322 0.857783 0.326099 0.273891
0 0.119004 0.856485 0.238008 0.287029
3 0.485162 0.320896 0.806187 0.641791
3 0.0623546 0.5555 0.124709 0.491792
3 0.256701 0.258699 0.513265 0.517399
0 0.496437 0.187797 0.875094 0.375595
3 0.514719 0.599541 0.103367 0.145266
3 0.641459 0.754404 0.390161 0.46835
0 0.923355 0.779239 0.15329 0.441523
2 0.562536 0.740412 0.393367 0.425913
3 0.0661852 0.745941 0.13237 0.489784
4 0.226948 0.691928 0.440818 0.492623
4 0.0301279 0.839798 0.0602558 0.320405
3 0.0819859 0.332741 0.163972 0.650939
4 0.204371 0.105278 0.408742 0.210557
3 0.519373 0.577073 0.102614 0.22362
0 0.0407032 0.20763 0.0814064 0.41526
3 0.210665 0.344698 0.417843 0.650954
3 0.498042 0.595464 0.0721451 0.143054
0 0.0218522 0.289975 0.0437045 0.57995
3 0.409348 0.265976 0.456021 0.515178
0 0.432172 0.713244 0.195289 0.573511
4 0.496437 0.187797 0.875094 0.375595
0 0.866854 0.75241 0.266293 0.49518
4 0.00957637 0.64623 0.0191527 0.699547
0 0.684294 0.130042 0.631413 0.260083
3 0.53409 0.766291 0.47972 0.456439
4 0.47086 0.77073 0.609167 0.45854
4 0.0187513 0.452813 0.0375027 0.652558
4 0.206487 0.829883 0.412005 0.32753
4 0.939947 0.661441 0.120105 0.655633
3 0.138561 0.186585 0.277123 0.373171
4 0.525145 0.569524 0.136001 0.446252
4 0.596191 0.0875421 0.807619 0.175084
4 0.105054 0.869489 0.210109 0.253525
4 0.0407032 0.20763 0.0814064 0.41526
3 0.828927 0.379329 0.342147 0.746
3 0.419479 0.227732 0.57542 0.455463
4 0.0226592 0.766183 0.0453184 0.467634
4 0.292388 0.735386 0.55992 0.520395
4 0.0218522 0.289975 0.0437045 0.57995
3 0.307431 0.306756 0.557955 0.609519
4 0.0157612 0.700735 0.0315223 0.59853
4 0.0116414 0.490949 0.0232827 0.62571
1 0.514719 0.599541 0.103367 0.145266
0 0.786425 0.5 0.42715 1
0 0.280587 0.087223 0.561173 0.174446
1 0.201072 0.8317 0.401178 0.322274
4 0.811837 0.100933 0.376327 0.201867
3 0.603035 0.612168 0.272298 0.163573
2 0.765814 0.749954 0.468372 0.48595
4 0.213481 0.602987 0.41786 0.386982
4 0.419479 0.227732 0.57542 0.455463
3 0.686889 0.716145 0.465859 0.567711
3 0.260984 0.787123 0.50867 0.408863
4 0.514719 0.599541 0.103367 0.145266
3 0.713447 0.381175 0.497866 0.6984
3 0.217474 0.834342 0.423655 0.315943
4 0.541511 0.311429 0.848866 0.622859
1 0.107997 0.868268 0.215994 0.2539
0 0.0157612 0.700735 0.0315223 0.59853
0 0.942178 0.317131 0.115644 0.575154
0 0.375317 0.451024 0.457325 0.894567
2 0.603035 0.612168 0.272298 0.163573
4 0.669629 0.508186 0.509532 0.983629
4 0.325286 0.254359 0.546484 0.505657
4 0.850488 0.506344 0.299024 0.987312
4 0.828927 0.379329 0.342147 0.746
0 0.855173 0.304529 0.289653 0.609057
4 0.300956 0.0485876 0.601913 0.0971753
0 0.213481 0.602987 0.41786 0.386982
4 0.0623546 0.5555 0.124709 0.491792
4 0.937984 0.493377 0.124031 0.928172
1 0.50073 0.549648 0.0755108 0.364228
4 0.519373 0.577073 0.102614 0.22362
4 0.119004 0.856485 0.238008 0.287029
4 0.60129 0.512122 0.789772 0.975757
4 0.496734 0.507072 0.554227 0.985855
4 0.280587 0.087223 0.561173 0.174446
0 0.94616 0.453195 0.107679 0.85077
2 0.454736 0.73178 0.159766 0.434282
0 0.0661852 0.745941 0.13237 0.489784
4 0.370692 0.455472 0.342214 0.87538
4 0.934689 0.293163 0.130622 0.579745
4 0.153366 0.555176 0.304605 0.491403
0 0.6975 0.735061 0.391609 0.529879
0 0.828104 0.387496 0.343792 0.76622
4 0.234112 0.831299 0.450988 0.337402
1 0.832031 0.773302 0.335938 0.453397
4 0.440122 0.0639455 0.836313 0.127891
0 0.541511 0.311429 0.848866 0.622859
0 0.105522 0.7814 0.211043 0.424018
4 0.315672 0.50141 0.563351 0.997181
0 0.0301279 0.839798 0.0602558 0.320405
0 0.234112 0.831299 0.450988 0.337402
1 0.218221 0.749321 0.434041 0.491742
0 0.939947 0.661441 0.120105 0.655633
4 0.391577 0.791926 0.601787 0.416147
0 0.416889 0.772255 0.678118 0.45549
4 0.309441 0.819589 0.485466 0.360823
3 0.105522 0.7814 0.211043 0.424018
4 0.454736 0.73178 0.159766 0.434282
4 0.207467 0.436822 0.40854 0.698011
0 0.791813 0.737575 0.416373 0.52485
1 0.680035 0.758868 0.417386 0.461813
4 0.772285 0.12304 0.45543 0.246081
4 0.138561 0.186585 0.277123 0.373171
0 0.792389 0.31366 0.415223 0.627319
4 0.0819859 0.332741 0.163972 0.650939
4 0.855173 0.304529 0.289653 0.609057
2 0.941701 0.801274 0.116599 0.397452
2 0.519373 0.577073 0.102614 0.22362
1 0.53409 0.766291 0.47972 0.456439
4 0.0686889 0.482138 0.137378 0.587228
2 0.622184 0.757416 0.345996 0.463458
0 0.309441 0.819589 0.485466 0.360823
0 0.0214217 0.815734 0.0428434 0.368532
1 0.941701 0.801274 0.116599 0.397452
3 0.105054 0.869489 0.210109 0.253525
2 0.250503 0.751557 0.485711 0.481083
4 0.230099 0.286372 0.460198 0.572744
4 0.684294 0.130042 0.631413 0.260083
4 0.132243 0.436712 0.2625 0.70848
1 0.39872 0.768996 0.694493 0.445881
4 0.171089 0.212307 0.342177 0.424614
2 0.514719 0.599541 0.103367 0.145266
0 0.214822 0.478966 0.419582 0.955001
0 0.153366 0.555176 0.304605 0.491403
2 0.396248 0.303232 0.715266 0.605896
4 0.16352 0.41769 0.323505 0.826134
2 0.94616 0.453195 0.107679 0.85077
2 0.586047 0.742092 0.43602 0.515816
2 0.0707077 0.466752 0.141415 0.59144
4 0.151031 0.303461 0.302062 0.591003
4 0.396248 0.303232 0.715266 0.605896
4 0.713447 0.381175 0.497866 0.6984
0 0.286655 0.249003 0.549561 0.498005
1 0.172909 0.350606 0.343852 0.649267
2 0.138561 0.186585 0.277123 0.373171
1 0.603035 0.612168 0.272298 0.163573
0 0.129847 0.410493 0.258362 0.752672
2 0.792389 0.31366 0.415223 0.627319
0 0.0707077 0.466752 0.141415 0.59144
2 0.129847 0.410493 0.258362 0.752672
0 0.850488 0.506344 0.299024 0.987312
1 0.923355 0.779239 0.15329 0.441523
4 0.766624 0.308379 0.466752 0.616757
2 0.119004 0.856485 0.238008 0.287029
2 0.391577 0.791926 0.601787 0.416147
2 0.944063 0.808349 0.111874 0.383301
1 0.151839 0.851802 0.303152 0.286669
1 0.267179 0.806754 0.467238 0.370452
2 0.256701 0.258699 0.513265 0.517399
2 0.206487 0.829883 0.412005 0.32753
2 0.420561 0.281523 0.476777 0.550045
0 0.396248 0.303232 0.715266 0.605896
2 0.731026 0.137253 0.537949 0.274505
2 0.942178 0.317131 0.115644 0.575154
2 0.47086 0.77073 0.609167 0.45854
0 0.0623546 0.5555 0.124709 0.491792
2 0.811837 0.100933 0.376327 0.201867
4 0.229861 0.5 0.459156 1
2 0.496437 0.187797 0.875094 0.375595
0 0.0819859 0.332741 0.163972 0.650939
2 0.432172 0.713244 0.195289 0.573511
1 0.608442 0.750725 0.378157 0.482501
2 0.0407032 0.20763 0.0814064 0.41526
1 0.220961 0.290064 0.431433 0.563401
1 0.817943 0.311572 0.364114 0.597437
2 0.271706 0.500646 0.523238 0.998708
4 0.686889 0.716145 0.465859 0.567711
2 0.6431 0.109903 0.7138 0.219805
