0 0.842968 0.618154 0.0942036 0.161281
1 0.842572 0.620433 0.0962017 0.152649
0 0.843393 0.590256 0.0939709 0.233195
0 0.883333 0.628421 0.186532 0.152024
1 0.843393 0.590256 0.0939709 0.233195
0 0.883358 0.627618 0.233283 0.190576
0 0.723612 0.638642 0.345235 0.220058
4 0.842968 0.618154 0.0942036 0.161281
2 0.842572 0.620433 0.0962017 0.152649
0 0.857638 0.622213 0.133583 0.169218
0 0.408317 0.757165 0.666974 0.458761
0 0.308123 0.430921 0.608529 0.772563
1 0.887607 0.626283 0.224786 0.177864
3 0.232515 0.419933 0.461261 0.814131
0 0.371713 0.670293 0.598834 0.354722
3 0.165875 0.434323 0.331681 0.791203
3 0.79873 0.35788 0.402539 0.694349
0 0.348388 0.614477 0.636978 0.370818
3 0.845153 0.495547 0.111678 0.420339
0 0.874068 0.592943 0.149719 0.236888
0 0.557718 0.034049 0.884563 0.068098
4 0.887843 0.73349 0.223868 0.400813
0 0.316518 0.541937 0.631061 0.515827
0 0.845153 0.495547 0.111678 0.420339
3 0.857638 0.622213 0.133583 0.169218
3 0.790695 0.628592 0.200924 0.199842
2 0.723612 0.638642 0.345235 0.220058
0 0.871232 0.694925 0.172208 0.335151
3 0.405274 0.507008 0.60883 0.985983
0 0.490398 0.0502402 0.957193 0.10048
3 0.371958 0.391388 0.571614 0.7571
3 0.538616 0.504008 0.461559 0.991984
3 0.384716 0.542201 0.651576 0.915598
3 0.898715 0.392217 0.20257 0.686072
0 0.81485 0.869041 0.3703 0.251941
4 0.232515 0.419933 0.461261 0.814131
3 0.109298 0.726541 0.217618 0.536946
0 0.790695 0.628592 0.200924 0.199842
3 0.604912 0.753885 0.519187 0.486734
3 0.124843 0.497823 0.249686 0.643484
3 0.866163 0.768007 0.267674 0.463985
4 0.348388 0.614477 0.636978 0.370818
3 0.0935455 0.887928 0.185767 0.21383
0 0.677624 0.0468923 0.644753 0.0937845
3 0.181191 0.644801 0.362067 0.693242
3 0.695834 0.0616363 0.608331 0.123273
0 0.744493 0.761552 0.511013 0.468769
3 0.717423 0.476614 0.470926 0.937074
3 0.626049 0.843912 0.629321 0.312175
3 0.527179 0.461425 0.394281 0.921597
2 0.723692 0.862726 0.552616 0.262564
4 0.371713 0.670293 0.598834 0.354722
3 0.642121 0.503629 0.377943 0.992742
3 0.738261 0.873765 0.523188 0.25247
3 0.836584 0.772718 0.326833 0.454563
3 0.266903 0.636421 0.532501 0.66007
0 0.83079 0.41072 0.109159 0.592337
3 0.887607 0.626283 0.224786 0.177864
3 0.709072 0.455595 0.349181 0.88246
4 0.744493 0.761552 0.511013 0.468769
4 0.845153 0.495547 0.111678 0.420339
4 0.843393 0.590256 0.0939709 0.233195
3 0.110521 0.886856 0.220599 0.226287
3 0.82107 0.867746 0.35786 0.264509
3 0.451798 0.350304 0.405261 0.655148
3 0.246859 0.748809 0.486057 0.470501
3 0.516286 0.0383889 0.967427 0.0767779
3 0.0441983 0.428621 0.0883966 0.767876
3 0.491272 0.5 0.544204 1
0 0.782205 0.0575038 0.43559 0.115008
3 0.0275972 0.579951 0.0551943 0.615342
3 0.667018 0.337912 0.435658 0.675824
4 0.316518 0.541937 0.631061 0.515827
3 0.44966 0.734558 0.749979 0.514569
3 0.943845 0.446937 0.11231 0.578653
3 0.142607 0.883289 0.282189 0.218553
0 0.284827 0.333387 0.0940848 0.656025
3 0.480086 0.82724 0.447763 0.34552
0 0.451814 0.107287 0.903629 0.214574
3 0.3372 0.691358 0.641587 0.569647
3 0.147034 0.880701 0.28962 0.238597
3 0.224501 0.86013 0.420426 0.27974
4 0.408756 0.742492 0.555699 0.455572
0 0.593062 0.766563 0.804692 0.448518
3 0.538942 0.357634 0.442678 0.715268
3 0.963839 0.628397 0.0723217 0.192699
4 0.493368 0.759761 0.891267 0.465767
4 0.93541 0.767959 0.129181 0.464081
0 0.376199 0.178288 0.752399 0.356575
0 0.146059 0.0948647 0.292117 0.189729
4 0.0608294 0.664248 0.121659 0.639779
3 0.146059 0.0948647 0.292117 0.189729
3 0.332572 0.832299 0.462028 0.335403
3 0.620488 0.46363 0.343113 0.92726
3 0.93541 0.767959 0.129181 0.464081
4 0.3372 0.691358 0.641587 0.569647
3 0.709344 0.31051 0.581312 0.621019
3 0.303472 0.552596 0.599583 0.504712
3 0.218594 0.861753 0.41954 0.262655
0 0.942005 0.775236 0.115991 0.449528
3 0.0237014 0.715571 0.0474027 0.568858
3 0.151242 0.354221 0.302485 0.708443
0 0.110521 0.886856 0.220599 0.226287
3 0.469973 0.0690249 0.919137 0.13805
0 0.0680938 0.837887 0.136188 0.324225
3 0.935473 0.779184 0.129054 0.441632
4 0.323691 0.440477 0.646172 0.746555
0 0.936012 0.649419 0.127975 0.224864
4 0.836584 0.772718 0.326833 0.454563
4 0.518015 0.0362206 0.963971 0.0724412
0 0.0608294 0.664248 0.121659 0.639779
0 0.0258041 0.661823 0.0516081 0.653514
0 0.94313 0.424419 0.11374 0.623478
0 0.0550002 0.838848 0.11 0.322304
0 0.0935455 0.887928 0.185767 0.21383
0 0.393168 0.344267 0.756463 0.688535
4 0.0568858 0.757201 0.113772 0.485599
3 0.936012 0.649419 0.127975 0.224864
0 0.340187 0.116234 0.680375 0.232467
0 0.82107 0.867746 0.35786 0.264509
3 0.0341284 0.37041 0.0682567 0.74082
0 0.473092 0.832942 0.520663 0.309176
3 0.0291963 0.327176 0.0583926 0.654352
3 0.466869 0.21771 0.885523 0.435419
4 0.0819719 0.57497 0.163944 0.523015
3 0.0568858 0.757201 0.113772 0.485599
0 0.469833 0.815262 0.687718 0.345396
3 0.0819719 0.57497 0.163944 0.523015
3 0.0270586 0.798859 0.0541172 0.402281
0 0.824993 0.366157 0.350013 0.69222
3 0.393168 0.344267 0.756463 0.688535
3 0.489152 0.12589 0.902027 0.25178
3 0.0464008 0.27793 0.0928016 0.555861
0 0.887843 0.73349 0.223868 0.400813
0 0.723692 0.862726 0.552616 0.262564
0 0.935473 0.779184 0.129054 0.441632
4 0.142607 0.883289 0.282189 0.218553
0 0.260941 0.333537 0.136482 0.661296
3 0.350509 0.606405 0.628366 0.326801
2 0.769722 0.812699 0.458363 0.364
0 0.319462 0.0825438 0.638925 0.165088
4 0.0935455 0.887928 0.185767 0.21383
3 0.360517 0.83137 0.520373 0.306816
3 0.83079 0.41072 0.109159 0.592337
4 0.677624 0.0468923 0.644753 0.0937845
0 0.891022 0.380822 0.214216 0.675078
0 0.769722 0.812699 0.458363 0.364
3 0.25738 0.0945032 0.51476 0.189006
4 0.284827 0.333387 0.0940848 0.656025
4 0.83079 0.41072 0.109159 0.592337
4 0.360517 0.83137 0.520373 0.306816
0 0.216066 0.326486 0.343252 0.652971
4 0.79873 0.35788 0.402539 0.694349
0 0.856964 0.802542 0.286073 0.394917
0 0.803385 0.5986 0.149507 0.280408
4 0.935473 0.779184 0.129054 0.441632
3 0.806121 0.246295 0.387757 0.492591
0 0.395625 0.404236 0.536615 0.791154
4 0.0680938 0.837887 0.136188 0.324225
4 0.885506 0.405857 0.228988 0.642915
3 0.593062 0.766563 0.804692 0.448518
4 0.723612 0.638642 0.345235 0.220058
3 0.108067 0.349439 0.216135 0.698877
4 0.109298 0.726541 0.217618 0.536946
0 0.466869 0.21771 0.885523 0.435419
4 0.0258041 0.661823 0.0516081 0.653514
4 0.461801 0.836314 0.501956 0.302793
3 0.408756 0.742492 0.555699 0.455572
0 0.181191 0.644801 0.362067 0.693242
3 0.803385 0.5986 0.149507 0.280408
4 0.246859 0.748809 0.486057 0.470501
3 0.933445 0.290537 0.13311 0.581074
4 0.0550002 0.838848 0.11 0.322304
4 0.181191 0.644801 0.362067 0.693242
4 0.800204 0.885101 0.399593 0.229798
0 0.90494 0.596729 0.19012 0.243615
3 0.37223 0.687781 0.62887 0.397612
3 0.0608294 0.664248 0.121659 0.639779
0 0.963839 0.628397 0.0723217 0.192699
4 0.218594 0.861753 0.41954 0.262655
4 0.744321 0.870077 0.511358 0.248077
3 0.851809 0.331027 0.296382 0.662054
0 0.781436 0.879966 0.437127 0.240068
0 0.0224856 0.765572 0.0449713 0.468857
4 0.626049 0.843912 0.629321 0.312175
4 0.883358 0.627618 0.233283 0.190576
3 0.782205 0.0575038 0.43559 0.115008
0 0.866163 0.768007 0.267674 0.463985
0 0.369848 0.521613 0.624335 0.844253
3 0.458672 0.837744 0.456208 0.306029
3 0.630433 0.846506 0.731442 0.289058
4 0.165875 0.434323 0.331681 0.791203
4 0.782205 0.0575038 0.43559 0.115008
3 0.0926162 0.385911 0.185232 0.764456
0 0.421831 0.346983 0.436315 0.663418
0 0.604912 0.753885 0.519187 0.486734
3 0.384363 0.343243 0.392481 0.686486
4 0.469973 0.0690249 0.919137 0.13805
0 0.0270586 0.798859 0.0541172 0.402281
0 0.0297684 0.5195 0.0595368 0.705397
0 0.0568858 0.757201 0.113772 0.485599
3 0.0550002 0.838848 0.11 0.322304
4 0.124843 0.497823 0.249686 0.643484
1 0.90494 0.596729 0.19012 0.243615
3 0.939953 0.578148 0.120093 0.29486
0 0.0819719 0.57497 0.163944 0.523015
4 0.618827 0.818689 0.754904 0.344495
4 0.866163 0.768007 0.267674 0.463985
3 0.0680938 0.837887 0.136188 0.324225
0 0.806121 0.246295 0.387757 0.492591
3 0.842968 0.618154 0.0942036 0.161281
0 0.743668 0.323602 0.512664 0.647204
4 0.110521 0.886856 0.220599 0.226287
4 0.0270586 0.798859 0.0541172 0.402281
4 0.552927 0.131415 0.720675 0.262829
4 0.480086 0.82724 0.447763 0.34552
4 0.382019 0.510092 0.591783 0.979816
0 0.0464008 0.27793 0.0928016 0.555861
0 0.480086 0.82724 0.447763 0.34552
4 0.0464008 0.27793 0.0928016 0.555861
3 0.657424 0.144156 0.59285 0.288313
4 0.146059 0.0948647 0.292117 0.189729
3 0.340187 0.116234 0.680375 0.232467
3 0.216066 0.326486 0.343252 0.652971
4 0.0224856 0.765572 0.0449713 0.468857
4 0.216066 0.326486 0.343252 0.652971
0 0.3372 0.691358 0.641587 0.569647
0 0.227368 0.107597 0.454736 0.215195
2 0.744493 0.761552 0.511013 0.468769
3 0.283642 0.331434 0.297472 0.662869
2 0.604649 0.759884 0.687392 0.469719
4 0.147034 0.880701 0.28962 0.238597
3 0.376199 0.178288 0.752399 0.356575
4 0.0341284 0.37041 0.0682567 0.74082
0 0.183325 0.865273 0.353536 0.269454
0 0.939953 0.578148 0.120093 0.29486
3 0.843393 0.590256 0.0939709 0.233195
0 0.54674 0.835759 0.481022 0.328483
4 0.332572 0.832299 0.462028 0.335403
4 0.451798 0.350304 0.405261 0.655148
3 0.355119 0.345857 0.247419 0.676115
4 0.629204 0.341032 0.389548 0.682063
1 0.845153 0.495547 0.111678 0.420339
3 0.284469 0.336983 0.094811 0.659352
4 0.0291963 0.327176 0.0583926 0.654352
4 0.657424 0.144156 0.59285 0.288313
4 0.469833 0.815262 0.687718 0.345396
4 0.0402451 0.472734 0.0804902 0.731807
0 0.0291963 0.327176 0.0583926 0.654352
0 0.0341284 0.37041 0.0682567 0.74082
2 0.618958 0.564057 0.410053 0.871886
0 0.933445 0.290537 0.13311 0.581074
4 0.90494 0.596729 0.19012 0.243615
3 0.81485 0.869041 0.3703 0.251941
4 0.224501 0.86013 0.420426 0.27974
3 0.90494 0.596729 0.19012 0.243615
4 0.94313 0.424419 0.11374 0.623478
4 0.806121 0.246295 0.387757 0.492591
0 0.398917 0.824816 0.496009 0.350368
4 0.693251 0.281261 0.594785 0.562521
4 0.376199 0.178288 0.752399 0.356575
4 0.29732 0.626065 0.585283 0.46831
0 0.262536 0.848185 0.473441 0.303631
4 0.266903 0.636421 0.532501 0.66007
2 0.264854 0.416083 0.521438 0.819336
3 0.469833 0.815262 0.687718 0.345396
4 0.451814 0.107287 0.903629 0.214574
4 0.717423 0.476614 0.470926 0.937074
2 0.883333 0.628421 0.186532 0.152024
3 0.874068 0.592943 0.149719 0.236888
4 0.0297684 0.5195 0.0595368 0.705397
3 0.723692 0.862726 0.552616 0.262564
4 0.260941 0.333537 0.136482 0.661296
0 0.630433 0.846506 0.731442 0.289058
0 0.552927 0.131415 0.720675 0.262829
4 0.883333 0.628421 0.186532 0.152024
4 0.466869 0.21771 0.885523 0.435419
0 0.0402451 0.472734 0.0804902 0.731807
2 0.840951 0.587112 0.0922379 0.234377
4 0.283642 0.331434 0.297472 0.662869
4 0.0926162 0.385911 0.185232 0.764456
2 0.618827 0.818689 0.754904 0.344495
4 0.874068 0.592943 0.149719 0.236888
4 0.227368 0.107597 0.454736 0.215195
4 0.393168 0.344267 0.756463 0.688535
4 0.108067 0.349439 0.216135 0.698877
4 0.538942 0.357634 0.442678 0.715268
1 0.788627 0.875242 0.422747 0.239708
4 0.340187 0.116234 0.680375 0.232467
0 0.717423 0.476614 0.470926 0.937074
0 0.283642 0.331434 0.297472 0.662869
2 0.887843 0.73349 0.223868 0.400813
2 0.44966 0.734558 0.749979 0.514569
4 0.642121 0.503629 0.377943 0.992742
0 0.667018 0.337912 0.435658 0.675824
0 0.420651 0.508943 0.503817 0.982115
0 0.29732 0.626065 0.585283 0.46831
1 0.942005 0.775236 0.115991 0.449528
3 0.723612 0.638642 0.345235 0.220058
4 0.936012 0.649419 0.127975 0.224864
0 0.842981 0.618145 0.0942398 0.161302
1 0.842593 0.620399 0.0962387 0.152796
0 0.843403 0.590277 0.0940159 0.2332
1 0.843403 0.590277 0.0940159 0.2332
0 0.883138 0.62839 0.186101 0.152124
0 0.883284 0.627614 0.233433 0.190491
4 0.842981 0.618145 0.0942398 0.161302
0 0.723545 0.638062 0.345089 0.218939
2 0.842593 0.620399 0.0962387 0.152796
0 0.85755 0.622204 0.133376 0.169202
0 0.408089 0.757091 0.664919 0.458885
0 0.308735 0.431133 0.609738 0.772145
1 0.887559 0.626253 0.224882 0.177859
3 0.232809 0.419961 0.461852 0.814124
0 0.371865 0.668783 0.598027 0.350442
3 0.165886 0.434349 0.331706 0.791173
3 0.798551 0.357857 0.402897 0.694298
0 0.348309 0.614211 0.636932 0.370469
3 0.845194 0.494893 0.111926 0.421832
0 0.873896 0.592948 0.149465 0.236853
0 0.558433 0.034205 0.883134 0.06841
4 0.887833 0.733861 0.223835 0.401496
0 0.316706 0.542068 0.63144 0.515607
0 0.845194 0.494893 0.111926 0.421832
3 0.790783 0.628368 0.200692 0.199266
3 0.85755 0.622204 0.133376 0.169202
2 0.723545 0.638062 0.345089 0.218939
3 0.405666 0.507125 0.607994 0.98575
0 0.870938 0.69511 0.171496 0.335531
3 0.539099 0.504091 0.460402 0.991819
3 0.371289 0.392138 0.573224 0.758762
3 0.384923 0.54319 0.650784 0.913619
3 0.898634 0.391916 0.202731 0.686698
0 0.490448 0.0505146 0.957405 0.101029
4 0.232809 0.419961 0.461852 0.814124
3 0.109532 0.726514 0.218093 0.537033
0 0.814828 0.869484 0.370344 0.251068
3 0.604911 0.754093 0.518619 0.487057
3 0.124816 0.497998 0.249633 0.642751
0 0.790783 0.628368 0.200692 0.199266
3 0.865316 0.76902 0.269368 0.461959
4 0.348309 0.614211 0.636932 0.370469
3 0.0935757 0.887866 0.185829 0.213997
3 0.181949 0.644611 0.363584 0.693412
3 0.69591 0.0616094 0.60818 0.123219
3 0.718196 0.475909 0.471056 0.935676
3 0.624577 0.844132 0.63135 0.311736
0 0.677725 0.0469234 0.644551 0.0938469
3 0.528544 0.46112 0.391181 0.920708
2 0.722975 0.862973 0.554049 0.262161
4 0.371865 0.668783 0.598027 0.350442
3 0.642485 0.503668 0.377659 0.992664
0 0.744448 0.761611 0.511105 0.468821
3 0.737766 0.874016 0.5242 0.251967
3 0.887559 0.626253 0.224882 0.177859
3 0.267661 0.636213 0.534028 0.661012
3 0.83596 0.772727 0.32808 0.454545
3 0.70947 0.455211 0.348993 0.882622
4 0.744448 0.761611 0.511105 0.468821
4 0.845194 0.494893 0.111926 0.421832
3 0.110637 0.886879 0.220845 0.226242
4 0.843403 0.590277 0.0940159 0.2332
3 0.451764 0.350503 0.405618 0.65567
3 0.247521 0.748844 0.487284 0.470577
3 0.821001 0.868503 0.357999 0.262994
0 0.830777 0.407559 0.109378 0.598863
3 0.516341 0.038435 0.967318 0.0768701
3 0.0441811 0.428409 0.0883621 0.767938
3 0.49133 0.5 0.544047 1
3 0.0276604 0.579809 0.0553208 0.615165
3 0.667633 0.337635 0.434648 0.67527
4 0.316706 0.542068 0.63144 0.515607
3 0.449004 0.734744 0.747684 0.514939
3 0.943847 0.446638 0.112306 0.579103
0 0.782208 0.0576639 0.435584 0.115328
3 0.142991 0.88332 0.282944 0.218518
3 0.47933 0.827226 0.450164 0.345549
3 0.147364 0.880807 0.290262 0.238385
3 0.337265 0.690892 0.641975 0.570966
3 0.225082 0.860249 0.421655 0.279501
4 0.408918 0.742071 0.554085 0.454655
0 0.284938 0.333601 0.0947988 0.656433
3 0.540576 0.357521 0.438806 0.715042
0 0.45168 0.107561 0.90336 0.215122
3 0.963921 0.628388 0.0721586 0.192543
4 0.935214 0.767955 0.129571 0.46409
4 0.492976 0.759723 0.889956 0.466083
4 0.0609447 0.664238 0.121889 0.638669
3 0.146065 0.0949739 0.29213 0.189948
0 0.593023 0.766588 0.804728 0.448599
3 0.620792 0.463201 0.342296 0.926403
3 0.332695 0.831956 0.465499 0.336088
3 0.935214 0.767955 0.129571 0.46409
4 0.337265 0.690892 0.641975 0.570966
0 0.376114 0.178983 0.752229 0.357966
0 0.146065 0.0949739 0.29213 0.189948
3 0.709714 0.310667 0.580573 0.621334
3 0.304183 0.552498 0.601014 0.505038
3 0.219325 0.861899 0.420944 0.262203
3 0.0238183 0.715364 0.0476367 0.569272
3 0.151097 0.354235 0.302194 0.708469
3 0.4699 0.0693645 0.919092 0.138729
3 0.935343 0.779573 0.129314 0.440854
0 0.941737 0.775433 0.116526 0.449135
4 0.323746 0.440629 0.646294 0.746212
0 0.110637 0.886879 0.220845 0.226242
0 0.0681611 0.837794 0.136322 0.324411
4 0.83596 0.772727 0.32808 0.454545
4 0.518331 0.0362737 0.963338 0.0725474
0 0.935723 0.6488 0.128555 0.22351
4 0.056946 0.757247 0.113892 0.485506
3 0.935723 0.6488 0.128555 0.22351
3 0.0341275 0.370721 0.0682549 0.741442
0 0.0258983 0.661483 0.0517965 0.652999
0 0.0609447 0.664238 0.121889 0.638669
0 0.943149 0.424399 0.113702 0.623281
3 0.466582 0.217533 0.884867 0.435067
0 0.39259 0.344043 0.755376 0.688087
0 0.055029 0.838817 0.110058 0.322365
3 0.0291856 0.327412 0.0583711 0.654823
0 0.0935757 0.887866 0.185829 0.213997
0 0.821001 0.868503 0.357999 0.262994
4 0.08242 0.574872 0.16484 0.523325
0 0.340061 0.116561 0.680122 0.233122
3 0.056946 0.757247 0.113892 0.485506
0 0.472383 0.8332 0.523254 0.30874
3 0.0271458 0.798709 0.0542917 0.402582
3 0.08242 0.574872 0.16484 0.523325
3 0.39259 0.344043 0.755376 0.688087
3 0.489119 0.126551 0.90169 0.253103
3 0.0463146 0.278062 0.0926293 0.556123
0 0.468617 0.816155 0.687721 0.343661
0 0.824792 0.366085 0.350416 0.692271
4 0.142991 0.88332 0.282944 0.218518
3 0.350574 0.607064 0.628141 0.325006
0 0.887833 0.733861 0.223835 0.401496
2 0.769713 0.814595 0.458346 0.360339
4 0.0935757 0.887866 0.185829 0.213997
0 0.935343 0.779573 0.129314 0.440854
0 0.722975 0.862973 0.554049 0.262161
3 0.360126 0.831512 0.522593 0.306672
3 0.830777 0.407559 0.109378 0.598863
4 0.677725 0.0469234 0.644551 0.0938469
0 0.319302 0.0828493 0.638605 0.165699
0 0.255013 0.333814 0.149581 0.661713
3 0.257286 0.0947227 0.514572 0.189445
4 0.360126 0.831512 0.522593 0.306672
4 0.830777 0.407559 0.109378 0.598863
4 0.798551 0.357857 0.402897 0.694298
0 0.890931 0.380346 0.214413 0.676054
4 0.284938 0.333601 0.0947988 0.656433
3 0.806371 0.246296 0.387258 0.492592
0 0.769713 0.814595 0.458346 0.360339
4 0.935343 0.779573 0.129314 0.440854
4 0.0681611 0.837794 0.136322 0.324411
4 0.885137 0.405817 0.229726 0.642912
3 0.593023 0.766588 0.804728 0.448599
4 0.723545 0.638062 0.345089 0.218939
0 0.215837 0.326653 0.345145 0.653307
3 0.107939 0.349494 0.215878 0.698988
0 0.855876 0.805176 0.288249 0.389648
4 0.109532 0.726514 0.218093 0.537033
0 0.803459 0.598396 0.149292 0.279723
4 0.461464 0.836363 0.503366 0.302784
4 0.247521 0.748844 0.487284 0.470577
4 0.0258983 0.661483 0.0517965 0.652999
3 0.803459 0.598396 0.149292 0.279723
3 0.408918 0.742071 0.554085 0.454655
3 0.933532 0.29046 0.132935 0.580919
4 0.055029 0.838817 0.110058 0.322365
4 0.181949 0.644611 0.363584 0.693412
3 0.0609447 0.664238 0.121889 0.638669
4 0.800359 0.885162 0.399282 0.229677
3 0.372548 0.685446 0.626874 0.390959
0 0.466582 0.217533 0.884867 0.435067
4 0.219325 0.861899 0.420944 0.262203
4 0.743704 0.870226 0.512592 0.247831
3 0.85197 0.330943 0.29606 0.661886
0 0.181949 0.644611 0.363584 0.693412
4 0.624577 0.844132 0.63135 0.311736
0 0.904886 0.596721 0.190228 0.243557
3 0.782208 0.0576639 0.435584 0.115328
4 0.883284 0.627614 0.233433 0.190491
0 0.963921 0.628388 0.0721586 0.192543
0 0.287181 0.344487 0.132727 0.67519
3 0.629006 0.846921 0.734191 0.288233
3 0.458412 0.837786 0.457507 0.30594
4 0.165886 0.434349 0.331706 0.791173
4 0.782208 0.0576639 0.435584 0.115328
3 0.0924327 0.386074 0.184865 0.764883
0 0.781498 0.880088 0.437005 0.239824
3 0.384626 0.343385 0.392007 0.686769
0 0.0226051 0.76537 0.0452101 0.46926
4 0.4699 0.0693645 0.919092 0.138729
0 0.370158 0.520907 0.623449 0.839722
0 0.865316 0.76902 0.269368 0.461959
3 0.055029 0.838817 0.110058 0.322365
4 0.124816 0.497998 0.249633 0.642751
3 0.939941 0.578181 0.120118 0.294607
0 0.421766 0.347213 0.436969 0.664019
1 0.904886 0.596721 0.190228 0.243557
0 0.604911 0.754093 0.518619 0.487057
0 0.0271458 0.798709 0.0542917 0.402582
4 0.617902 0.819481 0.75671 0.342965
3 0.0681611 0.837794 0.136322 0.324411
0 0.0298215 0.519528 0.0596429 0.705259
4 0.865316 0.76902 0.269368 0.461959
4 0.110637 0.886879 0.220845 0.226242
4 0.0271458 0.798709 0.0542917 0.402582
0 0.056946 0.757247 0.113892 0.485506
3 0.842981 0.618145 0.0942398 0.161302
4 0.553765 0.13262 0.718807 0.265239
4 0.47933 0.827226 0.450164 0.345549
4 0.38202 0.510126 0.591736 0.979749
0 0.08242 0.574872 0.16484 0.523325
3 0.657528 0.14654 0.591936 0.293079
4 0.0463146 0.278062 0.0926293 0.556123
0 0.806371 0.246296 0.387258 0.492592
0 0.744151 0.323389 0.511698 0.646779
3 0.340061 0.116561 0.680122 0.233122
4 0.146065 0.0949739 0.29213 0.189948
3 0.215837 0.326653 0.345145 0.653307
4 0.0226051 0.76537 0.0452101 0.46926
3 0.283578 0.331581 0.301127 0.663163
0 0.0463146 0.278062 0.0926293 0.556123
4 0.215837 0.326653 0.345145 0.653307
0 0.47933 0.827226 0.450164 0.345549
2 0.744448 0.761611 0.511105 0.468821
2 0.604676 0.7599 0.686061 0.469908
4 0.147364 0.880807 0.290262 0.238385
3 0.376114 0.178983 0.752229 0.357966
4 0.0341275 0.370721 0.0682549 0.741442
0 0.337265 0.690892 0.641975 0.570966
0 0.227302 0.107756 0.454603 0.215512
3 0.843403 0.590277 0.0940159 0.2332
0 0.18379 0.865498 0.354503 0.269005
4 0.332695 0.831956 0.465499 0.336088
0 0.939941 0.578181 0.120118 0.294607
4 0.451764 0.350503 0.405618 0.65567
3 0.355041 0.345988 0.247434 0.676418
0 0.545267 0.835845 0.483968 0.32831
3 0.284747 0.337126 0.095485 0.65957
1 0.845194 0.494893 0.111926 0.421832
4 0.629884 0.340918 0.388153 0.681836
4 0.657528 0.14654 0.591936 0.293079
4 0.0291856 0.327412 0.0583711 0.654823
4 0.468617 0.816155 0.687721 0.343661
4 0.040304 0.472733 0.080608 0.731731
2 0.618792 0.564311 0.410317 0.871378
4 0.904886 0.596721 0.190228 0.243557
0 0.0291856 0.327412 0.0583711 0.654823
4 0.225082 0.860249 0.421655 0.279501
0 0.0341275 0.370721 0.0682549 0.741442
3 0.814828 0.869484 0.370344 0.251068
3 0.904886 0.596721 0.190228 0.243557
4 0.943149 0.424399 0.113702 0.623281
0 0.933532 0.29046 0.132935 0.580919
4 0.806371 0.246296 0.387258 0.492592
4 0.693435 0.282741 0.593855 0.565482
4 0.376114 0.178983 0.752229 0.357966
4 0.298312 0.626487 0.587304 0.469524
4 0.267661 0.636213 0.534028 0.661012
2 0.265676 0.416127 0.523163 0.819282
4 0.45168 0.107561 0.90336 0.215122
3 0.468617 0.816155 0.687721 0.343661
4 0.718196 0.475909 0.471056 0.935676
0 0.398303 0.824678 0.499225 0.350644
2 0.883138 0.62839 0.186101 0.152124
3 0.873896 0.592948 0.149465 0.236853
0 0.263156 0.84796 0.475557 0.304079
3 0.722975 0.862973 0.554049 0.262161
4 0.0298215 0.519528 0.0596429 0.705259
4 0.466582 0.217533 0.884867 0.435067
4 0.255013 0.333814 0.149581 0.661713
4 0.883138 0.62839 0.186101 0.152124
2 0.840961 0.587153 0.0922344 0.234348
4 0.283578 0.331581 0.301127 0.663163
4 0.0924327 0.386074 0.184865 0.764883
0 0.629006 0.846921 0.734191 0.288233
2 0.617902 0.819481 0.75671 0.342965
0 0.040304 0.472733 0.080608 0.731731
0 0.553765 0.13262 0.718807 0.265239
4 0.287181 0.344487 0.132727 0.67519
4 0.873896 0.592948 0.149465 0.236853
4 0.227302 0.107756 0.454603 0.215512
4 0.39259 0.344043 0.755376 0.688087
4 0.107939 0.349494 0.215878 0.698988
4 0.540576 0.357521 0.438806 0.715042
1 0.788724 0.875393 0.422552 0.239478
4 0.340061 0.116561 0.680122 0.233122
2 0.449004 0.734744 0.747684 0.514939
2 0.887833 0.733861 0.223835 0.401496
4 0.642485 0.503668 0.377659 0.992664
0 0.718196 0.475909 0.471056 0.935676
0 0.283578 0.331581 0.301127 0.663163
1 0.941737 0.775433 0.116526 0.449135
3 0.723545 0.638062 0.345089 0.218939
4 0.935723 0.6488 0.128555 0.22351
0 0.667633 0.337635 0.434648 0.67527
4 0.933532 0.29046 0.132935 0.580919
