0 0.767072 0.749922 0.465857 0.482765
0 0.665797 0.755597 0.666461 0.479761
0 0.387816 0.754346 0.740621 0.441269
0 0.515606 0.755431 0.746612 0.460836
0 0.26827 0.752363 0.5247 0.448928
0 0.460744 0.508156 0.0512361 0.0800967
0 0.547664 0.0226165 0.904672 0.0452329
0 0.178911 0.745943 0.355892 0.444649
0 0.392684 0.0228388 0.784891 0.0456776
4 0.665797 0.755597 0.666461 0.479761
0 0.461752 0.46102 0.0504835 0.168048
3 0.492928 0.479981 0.615593 0.959961
3 0.1547 0.488819 0.303518 0.953602
3 0.283142 0.5 0.564835 1
0 0.672431 0.0261011 0.655138 0.0522023
0 0.833931 0.763128 0.332138 0.473744
3 0.539079 0.5 0.852992 1
3 0.764821 0.254951 0.470359 0.509902
3 0.821509 0.756523 0.356983 0.486954
3 0.176437 0.226666 0.347168 0.446751
3 0.765947 0.753024 0.468106 0.493951
0 0.419007 0.758573 0.478296 0.454304
3 0.812308 0.617701 0.375385 0.764598
0 0.527016 0.175219 0.805627 0.350438
3 0.139953 0.82354 0.277848 0.352921
3 0.331931 0.772473 0.6615 0.455053
3 0.16415 0.358048 0.322403 0.711516
0 0.522134 0.131805 0.932586 0.263611
3 0.937311 0.778069 0.125379 0.443861
3 0.87308 0.746585 0.25384 0.50683
0 0.0688275 0.793474 0.137655 0.401644
3 0.842998 0.501474 0.314004 0.997051
3 0.198758 0.801653 0.386372 0.396695
3 0.617138 0.754601 0.753736 0.490799
0 0.481861 0.547808 0.0930094 0.21075
0 0.212455 0.118345 0.424911 0.23669
3 0.539841 0.745772 0.919947 0.507996
3 0.723337 0.0382073 0.553327 0.0764145
3 0.263939 0.202605 0.510776 0.40521
3 0.929521 0.216882 0.0190573 0.0573944
3 0.938595 0.488767 0.12281 0.934832
3 0.496701 0.748926 0.691893 0.502148
3 0.138223 0.778222 0.274781 0.437241
3 0.662075 0.277643 0.675851 0.555286
4 0.515522 0.755051 0.866907 0.467156
3 0.952716 0.253089 0.0945673 0.491121
3 0.441622 0.779673 0.376692 0.440654
4 0.637714 0.33796 0.724074 0.675921
3 0.924661 0.513216 0.150679 0.966308
0 0.300307 0.0404081 0.600614 0.0808162
3 0.255239 0.679227 0.50022 0.619491
4 0.460744 0.508156 0.0512361 0.0800967
3 0.940405 0.772582 0.119189 0.454527
0 0.970546 0.22482 0.0589076 0.427267
0 0.940405 0.772582 0.119189 0.454527
0 0.629065 0.211503 0.74187 0.423006
4 0.809802 0.756862 0.380396 0.471318
3 0.963378 0.420992 0.0732437 0.837631
3 0.399911 0.5 0.775944 1
4 0.461752 0.46102 0.0504835 0.168048
0 0.637714 0.33796 0.724074 0.675921
3 0.419007 0.758573 0.478296 0.454304
3 0.767634 0.507205 0.464733 0.985591
3 0.718411 0.750245 0.563179 0.487526
0 0.767618 0.0414191 0.464763 0.0828383
3 0.190802 0.765002 0.372887 0.466376
4 0.635606 0.0180205 0.728787 0.0360411
3 0.212455 0.118345 0.424911 0.23669
3 0.461752 0.46102 0.0504835 0.168048
3 0.252149 0.328075 0.49603 0.656151
0 0.217632 0.205886 0.423173 0.408188
0 0.325792 0.710724 0.539731 0.509786
4 0.331931 0.772473 0.6615 0.455053
0 0.0164485 0.610891 0.0328971 0.75343
3 0.56365 0.235815 0.793754 0.471629
0 0.727264 0.669199 0.545472 0.650559
4 0.520116 0.0232964 0.942232 0.0465927
3 0.802129 0.200384 0.395741 0.400768
4 0.56365 0.235815 0.793754 0.471629
4 0.596232 0.185991 0.807536 0.371982
3 0.325792 0.710724 0.539731 0.509786
3 0.635606 0.0180205 0.728787 0.0360411
4 0.937311 0.778069 0.125379 0.443861
3 0.497062 0.0212097 0.94694 0.0424194
0 0.0958453 0.790726 0.191691 0.418548
4 0.65721 0.5 0.68558 1
3 0.0282997 0.311924 0.0565993 0.623847
4 0.933784 0.768579 0.132431 0.459588
3 0.926844 0.727089 0.146313 0.545822
4 0.496701 0.748926 0.691893 0.502148
4 0.244809 0.765176 0.480679 0.461102
0 0.0225446 0.784055 0.0450891 0.43189
4 0.377771 0.786193 0.493323 0.427614
4 0.443412 0.764367 0.477132 0.471267
3 0.0205338 0.767772 0.0410676 0.464455
3 0.460744 0.508156 0.0512361 0.0800967
3 0.348853 0.0253002 0.696207 0.0506004
3 0.970546 0.22482 0.0589076 0.427267
0 0.498529 0.227499 0.658623 0.454999
0 0.0173843 0.726648 0.0347687 0.546705
0 0.387963 0.265525 0.669132 0.53105
3 0.300307 0.0404081 0.600614 0.0808162
3 0.315031 0.260457 0.595048 0.520914
0 0.963378 0.420992 0.0732437 0.837631
3 0.0164485 0.610891 0.0328971 0.75343
3 0.47893 0.492738 0.0868973 0.228083
4 0.0816534 0.775046 0.163077 0.435612
4 0.387816 0.754346 0.740621 0.441269
0 0.259897 0.0789427 0.519794 0.157885
4 0.198758 0.801653 0.386372 0.396695
4 0.139953 0.82354 0.277848 0.352921
4 0.687439 0.0322451 0.625121 0.0644902
3 0.0273368 0.458287 0.0546736 0.846163
0 0.138223 0.778222 0.274781 0.437241
3 0.104867 0.275041 0.209734 0.550082
4 0.522134 0.131805 0.932586 0.263611
0 0.139953 0.82354 0.277848 0.352921
3 0.670579 0.5 0.658843 1
4 0.87308 0.746585 0.25384 0.50683
4 0.138223 0.778222 0.274781 0.437241
3 0.807961 0.449871 0.381455 0.823986
3 0.0173843 0.726648 0.0347687 0.546705
0 0.684594 0.515837 0.630812 0.966856
0 0.688644 0.271242 0.622711 0.542485
4 0.200338 0.345255 0.393322 0.69051
4 0.617138 0.754601 0.753736 0.490799
0 0.412292 0.5 0.82412 1
3 0.0281714 0.785464 0.0563429 0.429072
4 0.688644 0.271242 0.622711 0.542485
3 0.578785 0.713892 0.623301 0.458732
4 0.0958453 0.790726 0.191691 0.418548
0 0.951651 0.292887 0.0966972 0.416766
4 0.362638 0.758342 0.497633 0.448326
0 0.0281714 0.785464 0.0563429 0.429072
4 0.0281714 0.785464 0.0563429 0.429072
0 0.802129 0.200384 0.395741 0.400768
3 0.0824809 0.504494 0.164962 0.907722
3 0.596232 0.185991 0.807536 0.371982
4 0.821844 0.747603 0.356311 0.504794
1 0.833931 0.763128 0.332138 0.473744
4 0.767618 0.0414191 0.464763 0.0828383
4 0.749937 0.69206 0.500127 0.615881
3 0.0816534 0.775046 0.163077 0.435612
4 0.459484 0.202626 0.918967 0.405251
0 0.47893 0.492738 0.0868973 0.228083
4 0.578785 0.713892 0.623301 0.458732
3 0.394657 0.730476 0.774709 0.539048
4 0.217632 0.205886 0.423173 0.408188
0 0.0176284 0.501604 0.0352568 0.849801
3 0.0958453 0.790726 0.191691 0.418548
0 0.441622 0.779673 0.376692 0.440654
0 0.255239 0.679227 0.50022 0.619491
0 0.937311 0.778069 0.125379 0.443861
4 0.0225446 0.784055 0.0450891 0.43189
4 0.491933 0.19803 0.670716 0.39606
3 0.652488 0.703736 0.597476 0.587581
3 0.410319 0.201605 0.731119 0.403209
4 0.938595 0.488767 0.12281 0.934832
3 0.439229 0.254856 0.582863 0.509712
3 0.0176284 0.501604 0.0352568 0.849801
3 0.182798 0.164631 0.365595 0.329261
4 0.972528 0.226811 0.054944 0.4313
4 0.387963 0.265525 0.669132 0.53105
4 0.347945 0.5 0.686604 1
4 0.802129 0.200384 0.395741 0.400768
4 0.212455 0.118345 0.424911 0.23669
3 0.11864 0.24384 0.237279 0.465002
0 0.445007 0.755255 0.602865 0.489491
0 0.807961 0.449871 0.381455 0.823986
3 0.259897 0.0789427 0.519794 0.157885
0 0.104867 0.275041 0.209734 0.550082
3 0.0666933 0.729025 0.133387 0.49142
4 0.327874 0.204424 0.637806 0.408847
4 0.481861 0.547808 0.0930094 0.21075
4 0.761655 0.5 0.47669 1
4 0.963378 0.420992 0.0732437 0.837631
4 0.348853 0.0253002 0.696207 0.0506004
0 0.492928 0.479981 0.615593 0.959961
0 0.698653 0.755188 0.602471 0.489624
2 0.387005 0.755507 0.769781 0.488986
4 0.0164485 0.610891 0.0328971 0.75343
4 0.507828 0.484038 0.706236 0.968076
0 0.821844 0.747603 0.356311 0.504794
0 0.297225 0.797898 0.57881 0.404203
0 0.87308 0.746585 0.25384 0.50683
3 0.0936669 0.376092 0.187334 0.679206
0 0.410319 0.201605 0.731119 0.403209
4 0.255239 0.679227 0.50022 0.619491
1 0.676641 0.750795 0.645294 0.47914
4 0.259897 0.0789427 0.519794 0.157885
0 0.938595 0.488767 0.12281 0.934832
4 0.232655 0.487639 0.460486 0.952305
4 0.300307 0.0404081 0.600614 0.0808162
0 0.0273368 0.458287 0.0546736 0.846163
4 0.0173843 0.726648 0.0347687 0.546705
4 0.952716 0.253089 0.0945673 0.491121
4 0.812308 0.617701 0.375385 0.764598
3 0.481861 0.547808 0.0930094 0.21075
3 0.146595 0.147543 0.293191 0.295086
2 0.26827 0.752363 0.5247 0.448928
0 0.144963 0.221175 0.287887 0.423757
4 0.0301111 0.353125 0.0602221 0.70625
4 0.0254095 0.488059 0.0508189 0.888204
0 0.0301111 0.353125 0.0602221 0.70625
0 0.200338 0.345255 0.393322 0.69051
4 0.47893 0.492738 0.0868973 0.228083
4 0.104867 0.275041 0.209734 0.550082
4 0.0666933 0.729025 0.133387 0.49142
3 0.0641873 0.546732 0.128375 0.906537
0 0.198758 0.801653 0.386372 0.396695
0 0.224163 0.515845 0.442318 0.968311
4 0.842998 0.501474 0.314004 0.997051
4 0.146595 0.147543 0.293191 0.295086
4 0.178911 0.745943 0.355892 0.444649
2 0.970546 0.22482 0.0589076 0.427267
4 0.11864 0.24384 0.237279 0.465002
4 0.168565 0.494713 0.331091 0.924267
4 0.279298 0.283667 0.55843 0.567335
2 0.963378 0.420992 0.0732437 0.837631
3 0.522134 0.131805 0.932586 0.263611
0 0.559215 0.5 0.88157 1
4 0.134263 0.367751 0.268526 0.708463
0 0.924661 0.513216 0.150679 0.966308
0 0.577251 0.749821 0.786077 0.500358
2 0.461752 0.46102 0.0504835 0.168048
0 0.926844 0.727089 0.146313 0.545822
4 0.924661 0.513216 0.150679 0.966308
1 0.213312 0.74059 0.421416 0.431787
1 0.940405 0.772582 0.119189 0.454527
4 0.807961 0.449871 0.381455 0.823986
4 0.182798 0.164631 0.365595 0.329261
2 0.481861 0.547808 0.0930094 0.21075
4 0.260835 0.182527 0.52167 0.365055
2 0.139953 0.82354 0.277848 0.352921
1 0.460744 0.508156 0.0512361 0.0800967
2 0.793813 0.5 0.412373 1
4 0.0936669 0.376092 0.187334 0.679206
0 0.134263 0.367751 0.268526 0.708463
4 0.0787016 0.515399 0.157403 0.957184
2 0.460744 0.508156 0.0512361 0.0800967
0 0.146595 0.147543 0.293191 0.295086
1 0.298007 0.746697 0.592014 0.451087
2 0.412292 0.5 0.82412 1
2 0.940405 0.772582 0.119189 0.454527
1 0.539841 0.745772 0.919947 0.507996
2 0.217632 0.205886 0.423173 0.408188
2 0.377771 0.786193 0.493323 0.427614
2 0.285708 0.5 0.571416 1
1 0.16415 0.358048 0.322403 0.711516
0 0.812308 0.617701 0.375385 0.764598
1 0.77083 0.760046 0.45834 0.471319
0 0.279298 0.283667 0.55843 0.567335
0 0.168565 0.494713 0.331091 0.924267
2 0.47893 0.492738 0.0868973 0.228083
2 0.937311 0.778069 0.125379 0.443861
2 0.779152 0.68541 0.441695 0.62918
2 0.198758 0.801653 0.386372 0.396695
2 0.325792 0.710724 0.539731 0.509786
0 0.842998 0.501474 0.314004 0.997051
2 0.0958453 0.790726 0.191691 0.418548
2 0.496701 0.748926 0.691893 0.502148
2 0.938595 0.488767 0.12281 0.934832
2 0.146595 0.147543 0.293191 0.295086
2 0.578785 0.713892 0.623301 0.458732
1 0.481861 0.547808 0.0930094 0.21075
2 0.0824809 0.504494 0.164962 0.907722
2 0.181021 0.725884 0.358804 0.423225
1 0.578467 0.0204284 0.843066 0.0408567
2 0.167249 0.501697 0.329427 0.996606
2 0.200338 0.345255 0.393322 0.69051
2 0.558846 0.753614 0.882308 0.472589
2 0.748474 0.759128 0.503053 0.467267
1 0.651583 0.255632 0.696834 0.511264
2 0.260835 0.182527 0.52167 0.365055
1 0.412292 0.5 0.82412 1
2 0.617138 0.754601 0.753736 0.490799
2 0.926844 0.727089 0.146313 0.545822
2 0.410319 0.201605 0.731119 0.403209
2 0.0936669 0.376092 0.187334 0.679206
1 0.1547 0.488819 0.303518 0.953602
2 0.443412 0.764367 0.477132 0.471267
2 0.651583 0.255632 0.696834 0.511264
1 0.406985 0.755644 0.75831 0.457889
2 0.232655 0.487639 0.460486 0.952305
1 0.144963 0.221175 0.287887 0.423757
2 0.0281714 0.785464 0.0563429 0.429072
2 0.134263 0.367751 0.268526 0.708463
0 0.0936669 0.376092 0.187334 0.679206
0 0.839818 0.283959 0.0113918 0.0431859
2 0.799477 0.25753 0.401045 0.515059
2 0.565474 0.5 0.86513 1
1 0.952716 0.253089 0.0945673 0.491121
0 0.0787016 0.515399 0.157403 0.957184
1 0.252149 0.328075 0.49603 0.656151
1 0.461752 0.46102 0.0504835 0.168048
2 0.767618 0.0414191 0.464763 0.0828383
1 0.698004 0.406396 0.602202 0.812792
2 0.951651 0.292887 0.0966972 0.416766
1 0.578785 0.713892 0.623301 0.458732
1 0.727264 0.669199 0.545472 0.650559
0 0.766969 0.749941 0.466061 0.482713
0 0.666858 0.755582 0.664337 0.479705
0 0.387672 0.754405 0.740429 0.4413
0 0.515577 0.755461 0.74621 0.460859
0 0.268162 0.752387 0.524463 0.449091
0 0.460751 0.508232 0.0512522 0.079758
0 0.178962 0.745899 0.355992 0.444498
0 0.54771 0.0224877 0.90458 0.0449754
4 0.666858 0.755582 0.664337 0.479705
0 0.392529 0.0230136 0.784655 0.0460272
0 0.461767 0.461028 0.0504921 0.16805
3 0.492597 0.47778 0.610801 0.95556
3 0.154194 0.489195 0.302531 0.954034
3 0.282957 0.5 0.564319 1
0 0.67236 0.026139 0.655279 0.0522781
3 0.540003 0.5 0.850263 1
3 0.765058 0.254783 0.469884 0.509567
3 0.82137 0.756587 0.35726 0.486826
0 0.833985 0.763148 0.33203 0.473705
3 0.176083 0.226987 0.346571 0.447034
3 0.766036 0.753151 0.467927 0.493699
0 0.418651 0.758598 0.477434 0.454377
3 0.812006 0.616957 0.375988 0.766086
3 0.140204 0.823992 0.278322 0.352016
0 0.526693 0.173093 0.804912 0.346186
3 0.332089 0.772274 0.661875 0.455453
3 0.163717 0.359541 0.321568 0.714656
3 0.937418 0.778318 0.125164 0.443364
3 0.873371 0.74662 0.253259 0.50676
0 0.522405 0.130084 0.931596 0.260169
3 0.842625 0.501302 0.31475 0.997395
3 0.199504 0.801836 0.387854 0.396327
0 0.0690797 0.793861 0.138159 0.401021
3 0.618065 0.754665 0.751872 0.490669
3 0.263348 0.202952 0.509752 0.405904
3 0.540943 0.745893 0.917762 0.507707
3 0.723339 0.0383581 0.553322 0.0767162
3 0.92954 0.216892 0.0190075 0.0573893
3 0.938438 0.488647 0.123125 0.935919
0 0.481884 0.546943 0.0929951 0.207976
3 0.49723 0.748979 0.689708 0.502041
0 0.212293 0.119991 0.424587 0.239983
3 0.138429 0.778482 0.275176 0.436807
3 0.662444 0.277877 0.675111 0.555754
4 0.515617 0.755046 0.866624 0.467161
3 0.952704 0.253037 0.0945923 0.491213
3 0.441554 0.779878 0.376289 0.440244
4 0.638252 0.337132 0.722974 0.674264
3 0.924259 0.513573 0.151482 0.966691
3 0.255168 0.680633 0.499955 0.616474
4 0.460751 0.508232 0.0512522 0.079758
3 0.9404 0.772757 0.1192 0.454486
0 0.300101 0.0407565 0.600201 0.0815131
0 0.970772 0.224693 0.0584551 0.427759
3 0.963476 0.422761 0.0730472 0.84119
3 0.418651 0.758598 0.477434 0.454377
4 0.809625 0.756847 0.38075 0.471233
3 0.396157 0.5 0.766301 1
4 0.461767 0.461028 0.0504921 0.16805
0 0.9404 0.772757 0.1192 0.454486
3 0.767718 0.507234 0.464564 0.985533
3 0.718488 0.750264 0.563024 0.487384
3 0.191051 0.764948 0.373395 0.466178
0 0.628994 0.211229 0.742012 0.422457
4 0.635441 0.017936 0.729117 0.035872
0 0.638252 0.337132 0.722974 0.674264
3 0.461767 0.461028 0.0504921 0.16805
3 0.212293 0.119991 0.424587 0.239983
0 0.767755 0.041438 0.46449 0.082876
3 0.252043 0.328702 0.495831 0.657405
4 0.332089 0.772274 0.661875 0.455453
3 0.564447 0.235382 0.790531 0.470764
0 0.217359 0.206384 0.422745 0.408962
0 0.325038 0.711731 0.542231 0.509258
4 0.520033 0.0231847 0.942339 0.0463693
3 0.802243 0.200678 0.395515 0.401356
0 0.0165244 0.610854 0.0330487 0.753623
4 0.59612 0.18488 0.80776 0.36976
3 0.657926 0.0209647 0.684148 0.0419293
3 0.325038 0.711731 0.542231 0.509258
4 0.564447 0.235382 0.790531 0.470764
0 0.727062 0.671978 0.545875 0.645247
4 0.937418 0.778318 0.125164 0.443364
3 0.497081 0.0211312 0.946841 0.0422624
4 0.657301 0.5 0.685398 1
3 0.0283903 0.31145 0.0567806 0.6229
4 0.933695 0.768832 0.13261 0.459548
3 0.926783 0.72705 0.146434 0.5459
4 0.244851 0.765113 0.480768 0.460998
4 0.49723 0.748979 0.689708 0.502041
0 0.0964414 0.791018 0.192883 0.417964
4 0.377299 0.786474 0.492628 0.427052
4 0.443572 0.764446 0.476188 0.471108
3 0.0206114 0.767824 0.0412227 0.464352
0 0.0226265 0.784127 0.045253 0.431746
3 0.460751 0.508232 0.0512522 0.079758
3 0.348665 0.0254296 0.695924 0.0508592
3 0.970772 0.224693 0.0584551 0.427759
3 0.314712 0.259957 0.592282 0.519914
3 0.300101 0.0407565 0.600201 0.0815131
3 0.0165244 0.610854 0.0330487 0.753623
4 0.0818865 0.775193 0.163536 0.435464
3 0.478952 0.492614 0.0868137 0.227722
0 0.499853 0.227231 0.655575 0.454462
4 0.387672 0.754405 0.740429 0.4413
0 0.0174582 0.726684 0.0349163 0.546632
4 0.199504 0.801836 0.387854 0.396327
0 0.385809 0.264642 0.655688 0.529285
4 0.140204 0.823992 0.278322 0.352016
0 0.963476 0.422761 0.0730472 0.84119
4 0.687232 0.0323796 0.625535 0.0647592
3 0.027401 0.458534 0.0548019 0.846493
3 0.670446 0.5 0.659109 1
4 0.522405 0.130084 0.931596 0.260169
0 0.259384 0.0800526 0.518769 0.160105
3 0.103631 0.273565 0.207262 0.54713
4 0.873371 0.74662 0.253259 0.50676
4 0.138429 0.778482 0.275176 0.436807
3 0.0174582 0.726684 0.0349163 0.546632
0 0.138429 0.778482 0.275176 0.436807
3 0.807919 0.451218 0.381563 0.827468
0 0.140204 0.823992 0.278322 0.352016
0 0.68444 0.518471 0.631119 0.961612
4 0.19946 0.34644 0.391595 0.692879
4 0.618065 0.754665 0.751872 0.490669
0 0.688702 0.271166 0.622595 0.542332
3 0.0282138 0.785526 0.0564276 0.428948
4 0.688702 0.271166 0.622595 0.542332
3 0.579066 0.713808 0.623851 0.457742
4 0.0964414 0.791018 0.192883 0.417964
0 0.411717 0.5 0.822912 1
4 0.362291 0.758395 0.497031 0.448446
4 0.0282138 0.785526 0.0564276 0.428948
3 0.0825438 0.504881 0.165088 0.908485
4 0.822036 0.747781 0.355929 0.504438
1 0.833985 0.763148 0.33203 0.473705
3 0.59612 0.18488 0.80776 0.36976
4 0.458586 0.202346 0.917172 0.404693
4 0.767755 0.041438 0.46449 0.082876
0 0.0282138 0.785526 0.0564276 0.428948
3 0.0818865 0.775193 0.163536 0.435464
0 0.951637 0.292799 0.0967258 0.417633
4 0.749603 0.692301 0.500795 0.615397
4 0.579066 0.713808 0.623851 0.457742
0 0.802243 0.200678 0.395515 0.401356
3 0.394353 0.731313 0.774177 0.537373
4 0.217359 0.206384 0.422745 0.408962
4 0.50073 0.196174 0.683188 0.392348
3 0.0964414 0.791018 0.192883 0.417964
0 0.478952 0.492614 0.0868137 0.227722
4 0.0226265 0.784127 0.045253 0.431746
0 0.0177031 0.501675 0.0354063 0.849921
3 0.652468 0.704115 0.597277 0.586703
0 0.441554 0.779878 0.376289 0.440244
3 0.406044 0.201587 0.718478 0.403174
0 0.937418 0.778318 0.125164 0.443364
4 0.938438 0.488647 0.123125 0.935919
3 0.439311 0.253973 0.579587 0.507947
3 0.0177031 0.501675 0.0354063 0.849921
3 0.18168 0.163806 0.36336 0.327611
4 0.972831 0.226834 0.0543388 0.431748
4 0.385809 0.264642 0.655688 0.529285
4 0.34539 0.5 0.680633 1
4 0.802243 0.200678 0.395515 0.401356
4 0.212293 0.119991 0.424587 0.239983
3 0.118884 0.242516 0.237767 0.462511
3 0.0668041 0.729218 0.133608 0.491343
3 0.259384 0.0800526 0.518769 0.160105
4 0.324979 0.204408 0.631275 0.408816
4 0.963476 0.422761 0.0730472 0.84119
0 0.445331 0.755341 0.601585 0.489318
4 0.481884 0.546943 0.0929951 0.207976
4 0.761555 0.5 0.47689 1
0 0.807919 0.451218 0.381563 0.827468
4 0.348665 0.0254296 0.695924 0.0508592
2 0.386848 0.755607 0.769476 0.488786
4 0.0165244 0.610854 0.0330487 0.753623
0 0.103631 0.273565 0.207262 0.54713
4 0.508567 0.483204 0.703192 0.966408
0 0.492597 0.47778 0.610801 0.95556
0 0.699246 0.755273 0.601243 0.489453
0 0.822036 0.747781 0.355929 0.504438
0 0.297767 0.797677 0.579982 0.404647
3 0.0940688 0.376486 0.188138 0.681184
0 0.873371 0.74662 0.253259 0.50676
4 0.255168 0.680633 0.499955 0.616474
1 0.67732 0.750797 0.643937 0.479054
4 0.259384 0.0800526 0.518769 0.160105
4 0.230436 0.488016 0.455837 0.95194
4 0.300101 0.0407565 0.600201 0.0815131
4 0.0174582 0.726684 0.0349163 0.546632
4 0.952704 0.253037 0.0945923 0.491213
0 0.938438 0.488647 0.123125 0.935919
4 0.812006 0.616957 0.375988 0.766086
3 0.481884 0.546943 0.0929951 0.207976
3 0.145098 0.147043 0.290195 0.294085
2 0.268162 0.752387 0.524463 0.449091
0 0.027401 0.458534 0.0548019 0.846493
4 0.0301758 0.353284 0.0603516 0.706567
4 0.0254943 0.488028 0.0509886 0.888243
0 0.324979 0.204408 0.631275 0.408816
0 0.144714 0.221131 0.287376 0.42343
4 0.478952 0.492614 0.0868137 0.227722
4 0.103631 0.273565 0.207262 0.54713
4 0.0668041 0.729218 0.133608 0.491343
0 0.0301758 0.353284 0.0603516 0.706567
0 0.19946 0.34644 0.391595 0.692879
3 0.0641381 0.54737 0.128276 0.905261
3 0.538778 0.139906 0.90266 0.279811
4 0.145098 0.147043 0.290195 0.294085
4 0.842625 0.501302 0.31475 0.997395
4 0.178962 0.745899 0.355992 0.444498
2 0.970772 0.224693 0.0584551 0.427759
4 0.118884 0.242516 0.237767 0.462511
0 0.223042 0.516974 0.439839 0.966052
0 0.199504 0.801836 0.387854 0.396327
4 0.279178 0.283464 0.558137 0.566928
2 0.963476 0.422761 0.0730472 0.84119
4 0.134015 0.368685 0.268029 0.710896
0 0.560303 0.5 0.879394 1
2 0.461767 0.461028 0.0504921 0.16805
4 0.924259 0.513573 0.151482 0.966691
1 0.213295 0.740618 0.421386 0.431814
0 0.578112 0.749897 0.78412 0.500206
0 0.926783 0.72705 0.146434 0.5459
0 0.924259 0.513573 0.151482 0.966691
1 0.9404 0.772757 0.1192 0.454486
4 0.807919 0.451218 0.381563 0.827468
4 0.18168 0.163806 0.36336 0.327611
4 0.260007 0.182088 0.520014 0.364176
1 0.460751 0.508232 0.0512522 0.079758
2 0.481884 0.546943 0.0929951 0.207976
2 0.140204 0.823992 0.278322 0.352016
2 0.793695 0.5 0.412611 1
4 0.0940688 0.376486 0.188138 0.681184
4 0.0787 0.515729 0.1574 0.956969
2 0.460751 0.508232 0.0512522 0.079758
0 0.134015 0.368685 0.268029 0.710896
1 0.297924 0.746709 0.591858 0.451071
0 0.145098 0.147043 0.290195 0.294085
2 0.411717 0.5 0.822912 1
1 0.540943 0.745893 0.917762 0.507707
2 0.933695 0.768832 0.13261 0.459548
2 0.217359 0.206384 0.422745 0.408962
4 0.154194 0.489195 0.302531 0.954034
2 0.377299 0.786474 0.492628 0.427052
2 0.285468 0.5 0.570937 1
1 0.163717 0.359541 0.321568 0.714656
1 0.770768 0.760079 0.458463 0.471297
0 0.812006 0.616957 0.375988 0.766086
2 0.478952 0.492614 0.0868137 0.227722
2 0.937418 0.778318 0.125164 0.443364
2 0.778892 0.685547 0.442217 0.628905
2 0.199504 0.801836 0.387854 0.396327
0 0.279178 0.283464 0.558137 0.566928
0 0.168236 0.495642 0.330428 0.923296
2 0.325038 0.711731 0.542231 0.509258
2 0.0964414 0.791018 0.192883 0.417964
2 0.445331 0.755341 0.601585 0.489318
2 0.938438 0.488647 0.123125 0.935919
2 0.145098 0.147043 0.290195 0.294085
2 0.579066 0.713808 0.623851 0.457742
1 0.481884 0.546943 0.0929951 0.207976
0 0.842625 0.501302 0.31475 0.997395
2 0.0825438 0.504881 0.165088 0.908485
2 0.181131 0.726037 0.359037 0.42317
1 0.578387 0.0203046 0.843226 0.0406092
2 0.166944 0.50168 0.328829 0.996639
2 0.19946 0.34644 0.391595 0.692879
2 0.748416 0.759161 0.503169 0.467223
2 0.558985 0.753647 0.882031 0.472506
2 0.260007 0.182088 0.520014 0.364176
1 0.411717 0.5 0.822912 1
1 0.651793 0.255772 0.696414 0.511544
2 0.618065 0.754665 0.751872 0.490669
2 0.0940688 0.376486 0.188138 0.681184
2 0.406044 0.201587 0.718478 0.403174
1 0.154194 0.489195 0.302531 0.954034
2 0.651793 0.255772 0.696414 0.511544
1 0.40685 0.755647 0.758046 0.457903
2 0.230436 0.488016 0.455837 0.95194
1 0.144714 0.221131 0.287376 0.42343
2 0.0282138 0.785526 0.0564276 0.428948
2 0.134015 0.368685 0.268029 0.710896
2 0.800021 0.257525 0.399957 0.51505
0 0.839818 0.283971 0.0113462 0.0431845
0 0.0940688 0.376486 0.188138 0.681184
2 0.567232 0.5 0.861685 1
1 0.952704 0.253037 0.0945923 0.491213
1 0.461767 0.461028 0.0504921 0.16805
1 0.252043 0.328702 0.495831 0.657405
0 0.0787 0.515729 0.1574 0.956969
2 0.767755 0.041438 0.46449 0.082876
1 0.698227 0.408633 0.601779 0.817267
1 0.579066 0.713808 0.623851 0.457742
2 0.951637 0.292799 0.0967258 0.417633
1 0.727062 0.671978 0.545875 0.645247
1 0.230436 0.488016 0.455837 0.95194
2 0.924259 0.513573 0.151482 0.966691
1 0.0818865 0.775193 0.163536 0.435464
