0 0.504376 0.579801 0.039423 0.111793
0 0.505146 0.554118 0.0414046 0.16484
0 0.783179 0.755934 0.433641 0.477361
0 0.354618 0.510932 0.0337012 0.0543383
0 0.540142 0.590604 0.0896388 0.130072
0 0.583017 0.736133 0.123394 0.43249
0 0.549791 0.574489 0.0638607 0.198691
0 0.71487 0.759725 0.313009 0.458399
0 0.389814 0.548408 0.0793225 0.140151
0 0.300436 0.523486 0.0918581 0.0943777
0 0.508247 0.65631 0.0678785 0.257545
0 0.592429 0.560661 0.0440858 0.167448
0 0.475315 0.0256224 0.877587 0.0512448
0 0.625608 0.745009 0.256814 0.435838
0 0.476934 0.627291 0.0890577 0.215821
4 0.774338 0.75788 0.432139 0.453459
3 0.434649 0.46775 0.302325 0.897876
3 0.569945 0.462812 0.295053 0.92164
0 0.370166 0.0332215 0.730738 0.0664431
0 0.348535 0.695681 0.0913331 0.425879
3 0.755974 0.495521 0.357956 0.991041
3 0.516276 0.45772 0.263199 0.907722
0 0.401677 0.726914 0.157705 0.47202
3 0.817978 0.492443 0.364045 0.984886
3 0.774502 0.741085 0.410047 0.51783
3 0.879322 0.533814 0.241356 0.932372
3 0.350732 0.362679 0.568598 0.725358
3 0.827712 0.730163 0.344576 0.535504
3 0.129007 0.394194 0.258014 0.732684
3 0.635178 0.30182 0.398088 0.603639
3 0.910608 0.761631 0.178784 0.476737
3 0.635128 0.480607 0.376398 0.961214
3 0.784197 0.385824 0.431606 0.771648
3 0.891217 0.670472 0.217566 0.647229
3 0.537727 0.355817 0.474618 0.711633
3 0.357912 0.494493 0.251059 0.947936
0 0.402955 0.737185 0.415685 0.513079
3 0.172011 0.482473 0.319446 0.914513
3 0.941768 0.714592 0.116463 0.570816
0 0.508161 0.595873 0.0682692 0.438175
3 0.300436 0.523486 0.0918581 0.0943777
3 0.42472 0.41925 0.547665 0.8385
0 0.86614 0.776621 0.26772 0.446758
4 0.674488 0.756749 0.290666 0.458105
3 0.946603 0.817982 0.106793 0.364036
3 0.258891 0.382144 0.338108 0.756595
3 0.25282 0.529026 0.229376 0.749082
3 0.508161 0.595873 0.0682692 0.438175
0 0.233332 0.0787865 0.466665 0.157573
3 0.653635 0.745409 0.309024 0.509181
3 0.476414 0.589606 0.0910021 0.235623
3 0.782792 0.677521 0.434416 0.628629
3 0.745699 0.239503 0.508603 0.479005
3 0.8707 0.751585 0.256686 0.496831
3 0.411594 0.797361 0.496316 0.405279
3 0.16954 0.648916 0.316516 0.447217
3 0.888334 0.409134 0.223332 0.818112
0 0.591236 0.0334836 0.817529 0.0669671
0 0.551496 0.605614 0.0691368 0.454173
3 0.625272 0.0362059 0.749457 0.0724119
3 0.609075 0.169353 0.664652 0.338706
3 0.954216 0.553715 0.0915674 0.499334
3 0.284498 0.795713 0.46425 0.408575
3 0.208361 0.40801 0.332101 0.805074
3 0.656034 0.0897583 0.687931 0.179517
3 0.939475 0.484544 0.12105 0.779291
0 0.113744 0.826211 0.227487 0.342607
3 0.0262897 0.649694 0.0525794 0.700612
3 0.0347445 0.582801 0.069489 0.780466
3 0.171953 0.739873 0.343907 0.520255
0 0.948412 0.80449 0.103175 0.391021
3 0.122503 0.808284 0.240436 0.383433
3 0.512 0.806153 0.473912 0.387694
3 0.505146 0.554118 0.0414046 0.16484
4 0.774502 0.741085 0.410047 0.51783
0 0.351039 0.475002 0.0429725 0.186628
3 0.0479658 0.367617 0.0959317 0.735234
0 0.304996 0.060729 0.609992 0.121458
3 0.299855 0.542715 0.0931024 0.329409
3 0.354618 0.510932 0.0337012 0.0543383
3 0.233332 0.0787865 0.466665 0.157573
3 0.450878 0.0238578 0.829886 0.0477155
3 0.0268628 0.760847 0.0537256 0.478306
0 0.834045 0.102322 0.33191 0.204644
3 0.59119 0.535115 0.0521499 0.325974
3 0.944507 0.320883 0.110986 0.612476
0 0.699697 0.712147 0.262371 0.569738
3 0.947608 0.639216 0.104785 0.432322
0 0.299855 0.542715 0.0931024 0.329409
3 0.581571 0.762383 0.399336 0.475234
0 0.357711 0.800232 0.484512 0.371201
3 0.389814 0.548408 0.0793225 0.140151
0 0.297515 0.7325 0.59503 0.530506
3 0.625608 0.745009 0.256814 0.435838
4 0.505146 0.554118 0.0414046 0.16484
0 0.0813558 0.847367 0.162712 0.305266
3 0.304996 0.060729 0.609992 0.121458
3 0.248096 0.730335 0.491978 0.523169
3 0.348535 0.695681 0.0913331 0.425879
0 0.633647 0.0564038 0.732705 0.112808
3 0.776529 0.121017 0.446941 0.242034
3 0.192711 0.80155 0.369229 0.396901
3 0.674488 0.756749 0.290666 0.458105
3 0.0333344 0.838358 0.0666687 0.323283
3 0.504376 0.579801 0.039423 0.111793
3 0.549791 0.574489 0.0638607 0.198691
3 0.0897119 0.378556 0.179424 0.755499
3 0.890606 0.190695 0.218788 0.38139
3 0.551496 0.605614 0.0691368 0.454173
3 0.236668 0.724393 0.314061 0.49571
3 0.952215 0.781805 0.0955706 0.436391
3 0.401677 0.726914 0.157705 0.47202
4 0.450878 0.0238578 0.829886 0.0477155
3 0.336278 0.0409927 0.672556 0.0819854
3 0.043424 0.452724 0.0868479 0.756449
3 0.583017 0.736133 0.123394 0.43249
3 0.412378 0.661174 0.218837 0.586166
4 0.241653 0.732239 0.47919 0.523714
0 0.711557 0.107415 0.576887 0.21483
3 0.560634 0.750026 0.457226 0.470481
3 0.0754047 0.29267 0.150809 0.585341
3 0.962707 0.578066 0.0745868 0.385109
3 0.165183 0.324201 0.330366 0.648401
0 0.776529 0.121017 0.446941 0.242034
3 0.834045 0.102322 0.33191 0.204644
3 0.508247 0.65631 0.0678785 0.257545
0 0.16954 0.648916 0.316516 0.447217
4 0.560634 0.750026 0.457226 0.470481
0 0.946603 0.817982 0.106793 0.364036
4 0.591236 0.0334836 0.817529 0.0669671
2 0.505146 0.554118 0.0414046 0.16484
3 0.351039 0.475002 0.0429725 0.186628
0 0.286248 0.0868578 0.572497 0.173716
4 0.504376 0.579801 0.039423 0.111793
4 0.946603 0.817982 0.106793 0.364036
4 0.910608 0.761631 0.178784 0.476737
3 0.362657 0.724222 0.4824 0.544073
0 0.236668 0.724393 0.314061 0.49571
3 0.709473 0.629651 0.316796 0.735469
3 0.385028 0.557969 0.0897111 0.360682
4 0.8707 0.751585 0.256686 0.496831
4 0.508161 0.595873 0.0682692 0.438175
3 0.286248 0.0868578 0.572497 0.173716
3 0.540142 0.590604 0.0896388 0.130072
3 0.111372 0.726665 0.222745 0.54667
4 0.688559 0.749938 0.276113 0.500123
3 0.233838 0.336365 0.467676 0.67273
4 0.0980233 0.764718 0.196047 0.470565
3 0.324912 0.239743 0.649824 0.479485
0 0.544695 0.164847 0.524259 0.329694
0 0.0479658 0.367617 0.0959317 0.735234
0 0.0754047 0.29267 0.150809 0.585341
3 0.281453 0.802504 0.528647 0.380144
3 0.445383 0.180776 0.667136 0.361552
0 0.588905 0.318911 0.414793 0.628245
3 0.774338 0.75788 0.432139 0.453459
4 0.192711 0.80155 0.369229 0.396901
3 0.592429 0.560661 0.0440858 0.167448
0 0.910608 0.761631 0.178784 0.476737
0 0.890606 0.190695 0.218788 0.38139
0 0.21867 0.720719 0.429758 0.521312
4 0.633647 0.0564038 0.732705 0.112808
0 0.165033 0.466396 0.32295 0.909597
0 0.0441035 0.384404 0.088207 0.768807
0 0.469246 0.794085 0.578429 0.386111
3 0.462529 0.80502 0.532681 0.37037
4 0.0905032 0.833981 0.181006 0.332039
4 0.625608 0.745009 0.256814 0.435838
4 0.354618 0.510932 0.0337012 0.0543383
4 0.588905 0.318911 0.414793 0.628245
4 0.656034 0.0897583 0.687931 0.179517
4 0.164876 0.735295 0.329753 0.525506
4 0.370166 0.0332215 0.730738 0.0664431
2 0.504376 0.579801 0.039423 0.111793
0 0.379443 0.0985575 0.68269 0.197115
2 0.400907 0.718429 0.473157 0.552848
4 0.462529 0.80502 0.532681 0.37037
4 0.948412 0.80449 0.103175 0.391021
3 0.118711 0.83171 0.237423 0.333214
0 0.941768 0.714592 0.116463 0.570816
3 0.378998 0.0846964 0.655009 0.169393
3 0.099541 0.619023 0.199082 0.379179
4 0.831212 0.775807 0.337576 0.448385
1 0.504376 0.579801 0.039423 0.111793
0 0.745699 0.239503 0.508603 0.479005
4 0.508247 0.65631 0.0678785 0.257545
2 0.297515 0.7325 0.59503 0.530506
0 0.954216 0.553715 0.0915674 0.499334
4 0.0754047 0.29267 0.150809 0.585341
4 0.402955 0.737185 0.415685 0.513079
4 0.448611 0.806648 0.530936 0.386703
4 0.0333344 0.838358 0.0666687 0.323283
4 0.941768 0.714592 0.116463 0.570816
4 0.0479658 0.367617 0.0959317 0.735234
4 0.233332 0.0787865 0.466665 0.157573
2 0.21867 0.720719 0.429758 0.521312
4 0.581571 0.762383 0.399336 0.475234
4 0.284498 0.795713 0.46425 0.408575
4 0.0262897 0.649694 0.0525794 0.700612
0 0.560634 0.750026 0.457226 0.470481
4 0.378998 0.0846964 0.655009 0.169393
0 0.795422 0.745038 0.397937 0.509924
3 0.653182 0.663332 0.170959 0.639737
0 0.448611 0.806648 0.530936 0.386703
1 0.508247 0.65631 0.0678785 0.257545
4 0.776529 0.121017 0.446941 0.242034
4 0.583017 0.736133 0.123394 0.43249
4 0.834045 0.102322 0.33191 0.204644
0 0.936677 0.382531 0.126645 0.698126
0 0.385028 0.557969 0.0897111 0.360682
4 0.445383 0.180776 0.667136 0.361552
0 0.0262897 0.649694 0.0525794 0.700612
4 0.304996 0.060729 0.609992 0.121458
4 0.683261 0.215799 0.633479 0.431598
4 0.0290367 0.804015 0.0580735 0.391971
0 0.0333344 0.838358 0.0666687 0.323283
2 0.236668 0.724393 0.314061 0.49571
3 0.154569 0.796592 0.305674 0.39212
4 0.281453 0.802504 0.528647 0.380144
0 0.0347445 0.582801 0.069489 0.780466
4 0.544695 0.164847 0.524259 0.329694
4 0.122503 0.808284 0.240436 0.383433
4 0.0441035 0.384404 0.088207 0.768807
4 0.939475 0.484544 0.12105 0.779291
0 0.962707 0.578066 0.0745868 0.385109
0 0.258891 0.382144 0.338108 0.756595
4 0.348535 0.695681 0.0913331 0.425879
0 0.445383 0.180776 0.667136 0.361552
3 0.345766 0.162534 0.621774 0.325068
4 0.434649 0.46775 0.302325 0.897876
4 0.890606 0.190695 0.218788 0.38139
0 0.642093 0.197165 0.700058 0.39433
0 0.653635 0.745409 0.309024 0.509181
4 0.466825 0.751992 0.592274 0.466375
2 0.348535 0.695681 0.0913331 0.425879
4 0.954216 0.553715 0.0915674 0.499334
4 0.258891 0.382144 0.338108 0.756595
4 0.0347445 0.582801 0.069489 0.780466
1 0.778532 0.755676 0.436659 0.469914
4 0.286248 0.0868578 0.572497 0.173716
4 0.551496 0.605614 0.0691368 0.454173
4 0.876508 0.538146 0.246984 0.916292
4 0.324912 0.239743 0.649824 0.479485
2 0.389814 0.548408 0.0793225 0.140151
0 0.581571 0.762383 0.399336 0.475234
2 0.549791 0.574489 0.0638607 0.198691
4 0.350732 0.362679 0.568598 0.725358
0 0.0290367 0.804015 0.0580735 0.391971
3 0.699697 0.712147 0.262371 0.569738
4 0.351039 0.475002 0.0429725 0.186628
4 0.947608 0.639216 0.104785 0.432322
4 0.540142 0.590604 0.0896388 0.130072
4 0.345766 0.162534 0.621774 0.325068
4 0.792914 0.239485 0.414171 0.47897
0 0.947608 0.639216 0.104785 0.432322
0 0.59119 0.535115 0.0521499 0.325974
0 0.287545 0.52688 0.23147 0.778348
2 0.354618 0.510932 0.0337012 0.0543383
4 0.42472 0.41925 0.547665 0.8385
4 0.154569 0.796592 0.305674 0.39212
1 0.505146 0.554118 0.0414046 0.16484
4 0.299855 0.542715 0.0931024 0.329409
4 0.287545 0.52688 0.23147 0.778348
4 0.549791 0.574489 0.0638607 0.198691
4 0.516276 0.45772 0.263199 0.907722
4 0.172011 0.482473 0.319446 0.914513
2 0.506286 0.766889 0.53966 0.439033
3 0.0878791 0.845006 0.175758 0.309988
4 0.300436 0.523486 0.0918581 0.0943777
4 0.805447 0.518161 0.389107 0.963678
4 0.546477 0.410839 0.44357 0.821677
4 0.389814 0.548408 0.0793225 0.140151
4 0.944507 0.320883 0.110986 0.612476
0 0.192711 0.80155 0.369229 0.396901
4 0.962707 0.578066 0.0745868 0.385109
0 0.165183 0.324201 0.330366 0.648401
4 0.131118 0.384599 0.262039 0.748037
4 0.592429 0.560661 0.0440858 0.167448
0 0.722229 0.74607 0.32537 0.50786
4 0.099541 0.619023 0.199082 0.379179
4 0.610563 0.503858 0.386687 0.992285
4 0.59119 0.535115 0.0521499 0.325974
4 0.569945 0.462812 0.295053 0.92164
3 0.466825 0.751992 0.592274 0.466375
2 0.73809 0.345125 0.418996 0.690251
4 0.118542 0.332199 0.237085 0.664398
4 0.357912 0.494493 0.251059 0.947936
4 0.401677 0.726914 0.157705 0.47202
0 0.357912 0.494493 0.251059 0.947936
0 0.346031 0.795325 0.418806 0.40935
4 0.782792 0.677521 0.434416 0.628629
1 0.394569 0.797999 0.511186 0.376758
4 0.888334 0.409134 0.223332 0.818112
0 0.135148 0.404329 0.267702 0.76034
1 0.948412 0.80449 0.103175 0.391021
1 0.154569 0.796592 0.305674 0.39212
1 0.508161 0.595873 0.0682692 0.438175
4 0.891217 0.670472 0.217566 0.647229
4 0.208361 0.40801 0.332101 0.805074
0 0.320465 0.365859 0.481856 0.731719
0 0.504364 0.579835 0.0393619 0.111815
0 0.505149 0.554169 0.0413675 0.164874
0 0.783244 0.755979 0.433512 0.47728
0 0.354675 0.510898 0.0336716 0.0541027
0 0.540192 0.590492 0.0896431 0.129812
0 0.583128 0.735906 0.122678 0.432035
0 0.549909 0.574288 0.0637981 0.198204
0 0.714416 0.759746 0.312027 0.458446
0 0.389936 0.547312 0.0787002 0.137744
0 0.300574 0.523246 0.0917064 0.0936232
0 0.50814 0.655794 0.067555 0.256543
0 0.592481 0.560111 0.0439066 0.166168
0 0.475095 0.0257667 0.877293 0.0515334
4 0.773889 0.757903 0.431257 0.453387
3 0.434872 0.467795 0.301146 0.896631
3 0.570583 0.462647 0.294922 0.921084
0 0.625543 0.744829 0.2567 0.435404
0 0.47696 0.6256 0.0887499 0.21237
3 0.755895 0.494869 0.356034 0.989737
0 0.369753 0.0333555 0.729836 0.066711
0 0.34884 0.694595 0.0902718 0.423795
3 0.516717 0.457678 0.262446 0.907307
3 0.774405 0.741104 0.40964 0.517792
3 0.818254 0.492033 0.363492 0.984066
0 0.402013 0.726485 0.155961 0.471088
3 0.879589 0.53457 0.240822 0.93086
3 0.350907 0.361861 0.567622 0.723722
3 0.828006 0.730516 0.343988 0.534966
3 0.12905 0.394302 0.2581 0.732964
3 0.635508 0.301089 0.395204 0.602178
3 0.910607 0.76167 0.178787 0.47666
3 0.635283 0.479852 0.374607 0.959318
3 0.784663 0.385775 0.430673 0.77155
3 0.539396 0.355182 0.472306 0.710364
3 0.891434 0.671327 0.217132 0.645454
3 0.357697 0.493575 0.250002 0.945146
3 0.172001 0.481964 0.319393 0.913502
0 0.403039 0.73727 0.413965 0.512945
3 0.941682 0.715068 0.116635 0.569864
3 0.300574 0.523246 0.0917064 0.0936232
3 0.425488 0.419089 0.547248 0.838178
0 0.508191 0.595948 0.0681254 0.438324
4 0.674543 0.756758 0.290935 0.458189
3 0.259252 0.382295 0.33831 0.755993
0 0.866533 0.77676 0.266935 0.446481
3 0.946608 0.81822 0.106785 0.363559
3 0.253079 0.52807 0.229123 0.749085
3 0.508191 0.595948 0.0681254 0.438324
3 0.653472 0.745354 0.30949 0.509292
3 0.476413 0.589008 0.0909021 0.234305
3 0.745774 0.239503 0.508453 0.479006
3 0.782823 0.677751 0.434355 0.62828
3 0.871201 0.751673 0.2556 0.496654
3 0.411558 0.797442 0.497845 0.405115
3 0.169464 0.648711 0.316637 0.446341
0 0.233011 0.078896 0.466023 0.157792
3 0.888483 0.40895 0.223034 0.817527
3 0.625414 0.03639 0.749171 0.07278
3 0.60982 0.169937 0.66192 0.339875
3 0.954302 0.553746 0.0913969 0.498872
3 0.283974 0.795849 0.467326 0.408303
0 0.55161 0.605472 0.0690179 0.453959
3 0.655892 0.0898562 0.688216 0.179712
3 0.208452 0.407796 0.332358 0.804163
0 0.59157 0.0337501 0.816861 0.0675003
3 0.939542 0.484394 0.120916 0.77909
3 0.0264326 0.64969 0.0528653 0.700619
3 0.0349034 0.583076 0.0698069 0.780776
3 0.171974 0.739722 0.343947 0.520556
0 0.113776 0.826191 0.227551 0.342616
3 0.122698 0.808242 0.240715 0.383517
3 0.510777 0.806539 0.476805 0.386922
3 0.505149 0.554169 0.0413675 0.164874
4 0.774405 0.741104 0.40964 0.517792
3 0.0481142 0.367755 0.0962284 0.73551
0 0.948425 0.80473 0.10315 0.39054
3 0.299977 0.542462 0.093008 0.328998
3 0.354675 0.510898 0.0336716 0.0541027
3 0.233011 0.078896 0.466023 0.157792
3 0.866533 0.77676 0.266935 0.446481
3 0.45052 0.0240337 0.829215 0.0480675
0 0.35119 0.474993 0.0427431 0.186831
3 0.0270087 0.76073 0.0540173 0.47854
0 0.304755 0.0610135 0.60951 0.122027
3 0.591312 0.534938 0.051849 0.325515
3 0.944733 0.320851 0.110534 0.612474
3 0.947613 0.63907 0.104774 0.429895
0 0.83443 0.102186 0.33114 0.204373
3 0.580554 0.762587 0.401534 0.474826
3 0.389936 0.547312 0.0787002 0.137744
0 0.699076 0.712485 0.26095 0.569185
3 0.304755 0.0610135 0.60951 0.122027
3 0.625543 0.744829 0.2567 0.435404
4 0.505149 0.554169 0.0413675 0.164874
3 0.248212 0.730239 0.492232 0.523432
3 0.34884 0.694595 0.0902718 0.423795
0 0.299977 0.542462 0.093008 0.328998
3 0.776585 0.121046 0.446831 0.242091
3 0.193198 0.801759 0.37036 0.396482
3 0.674543 0.756758 0.290935 0.458189
3 0.0333859 0.838082 0.0667719 0.323837
0 0.357386 0.800261 0.485561 0.37118
3 0.549909 0.574288 0.0637981 0.198204
3 0.504364 0.579835 0.0393619 0.111815
0 0.297777 0.732421 0.595555 0.530771
0 0.081474 0.84734 0.162948 0.305321
3 0.0898066 0.378673 0.179613 0.755638
3 0.891079 0.190319 0.217841 0.380637
0 0.633674 0.0566125 0.732652 0.113225
3 0.55161 0.605472 0.0690179 0.453959
3 0.236605 0.724417 0.313663 0.49577
3 0.952223 0.782007 0.0955537 0.435986
3 0.402013 0.726485 0.155961 0.471088
3 0.336071 0.0411403 0.672142 0.0822807
4 0.45052 0.0240337 0.829215 0.0480675
3 0.0436064 0.452698 0.0872128 0.756491
3 0.583128 0.735906 0.122678 0.432035
3 0.412508 0.660666 0.218217 0.584802
4 0.241761 0.732152 0.479413 0.524056
3 0.560491 0.750055 0.457993 0.470411
3 0.962718 0.578458 0.0745634 0.38402
3 0.0753146 0.292862 0.150629 0.585723
3 0.165092 0.324397 0.330185 0.648793
3 0.83443 0.102186 0.33114 0.204373
3 0.50814 0.655794 0.067555 0.256543
0 0.711298 0.107424 0.577403 0.214848
4 0.560491 0.750055 0.457993 0.470411
4 0.59157 0.0337501 0.816861 0.0675003
0 0.776585 0.121046 0.446831 0.242091
3 0.35119 0.474993 0.0427431 0.186831
2 0.505149 0.554169 0.0413675 0.164874
4 0.504364 0.579835 0.0393619 0.111815
0 0.169464 0.648711 0.316637 0.446341
4 0.946608 0.81822 0.106785 0.363559
4 0.910607 0.76167 0.178787 0.47666
3 0.362599 0.724094 0.482776 0.544423
0 0.946608 0.81822 0.106785 0.363559
0 0.285969 0.0871565 0.571938 0.174313
3 0.708378 0.629993 0.314282 0.734892
3 0.385068 0.556644 0.0891772 0.35796
4 0.871201 0.751673 0.2556 0.496654
4 0.508191 0.595948 0.0681254 0.438324
3 0.285969 0.0871565 0.571938 0.174313
3 0.540192 0.590492 0.0896431 0.129812
3 0.11186 0.726726 0.223719 0.546548
0 0.236605 0.724417 0.313663 0.49577
4 0.688582 0.749904 0.276241 0.500192
3 0.233958 0.336849 0.467916 0.673698
4 0.0983394 0.764587 0.196679 0.470825
3 0.323045 0.239796 0.64609 0.479592
3 0.281094 0.802589 0.530578 0.380008
3 0.445716 0.180488 0.666643 0.360976
0 0.545642 0.165089 0.52149 0.330177
4 0.866533 0.77676 0.266935 0.446481
0 0.0481142 0.367755 0.0962284 0.73551
0 0.0753146 0.292862 0.150629 0.585723
3 0.773889 0.757903 0.431257 0.453387
4 0.193198 0.801759 0.37036 0.396482
3 0.592481 0.560111 0.0439066 0.166168
0 0.589365 0.318613 0.413709 0.627506
4 0.633674 0.0566125 0.732652 0.113225
3 0.462462 0.80527 0.533053 0.369875
4 0.0905571 0.833834 0.181114 0.332331
4 0.354675 0.510898 0.0336716 0.0541027
4 0.625543 0.744829 0.2567 0.435404
0 0.891079 0.190319 0.217841 0.380637
0 0.910607 0.76167 0.178787 0.47666
4 0.589365 0.318613 0.413709 0.627506
0 0.218498 0.720879 0.42939 0.521486
0 0.165027 0.465564 0.322963 0.907787
0 0.0442519 0.384452 0.0885038 0.768904
4 0.655892 0.0898562 0.688216 0.179712
4 0.16512 0.735053 0.330241 0.52599
0 0.469152 0.794358 0.578754 0.385612
4 0.369753 0.0333555 0.729836 0.066711
2 0.504364 0.579835 0.0393619 0.111815
4 0.462462 0.80527 0.533053 0.369875
2 0.40082 0.718276 0.47275 0.553251
3 0.379182 0.085257 0.654965 0.170514
0 0.871201 0.751673 0.2556 0.496654
4 0.948425 0.80473 0.10315 0.39054
3 0.118748 0.831635 0.237497 0.333356
3 0.100327 0.619049 0.200654 0.378052
4 0.50814 0.655794 0.067555 0.256543
1 0.504364 0.579835 0.0393619 0.111815
0 0.379491 0.0995307 0.682235 0.199061
2 0.297777 0.732421 0.595555 0.530771
4 0.403039 0.73727 0.413965 0.512945
4 0.447923 0.806795 0.532828 0.386411
4 0.0753146 0.292862 0.150629 0.585723
0 0.941682 0.715068 0.116635 0.569864
4 0.0333859 0.838082 0.0667719 0.323837
4 0.941682 0.715068 0.116635 0.569864
4 0.0481142 0.367755 0.0962284 0.73551
4 0.233011 0.078896 0.466023 0.157792
2 0.218498 0.720879 0.42939 0.521486
0 0.745774 0.239503 0.508453 0.479006
4 0.580554 0.762587 0.401534 0.474826
4 0.283974 0.795849 0.467326 0.408303
0 0.954302 0.553746 0.0913969 0.498872
4 0.0264326 0.64969 0.0528653 0.700619
4 0.379182 0.085257 0.654965 0.170514
3 0.653121 0.663137 0.170506 0.638759
1 0.50814 0.655794 0.067555 0.256543
4 0.776585 0.121046 0.446831 0.242091
4 0.583128 0.735906 0.122678 0.432035
4 0.83443 0.102186 0.33114 0.204373
4 0.445716 0.180488 0.666643 0.360976
0 0.795671 0.745058 0.39734 0.509884
4 0.304755 0.0610135 0.60951 0.122027
0 0.560491 0.750055 0.457993 0.470411
4 0.68351 0.216089 0.632979 0.432179
0 0.447923 0.806795 0.532828 0.386411
4 0.0291351 0.803752 0.0582701 0.392496
2 0.236605 0.724417 0.313663 0.49577
0 0.936774 0.382445 0.126452 0.697763
0 0.385068 0.556644 0.0891772 0.35796
4 0.281094 0.802589 0.530578 0.380008
3 0.155627 0.796638 0.307694 0.392057
4 0.545642 0.165089 0.52149 0.330177
4 0.122698 0.808242 0.240715 0.383517
0 0.0264326 0.64969 0.0528653 0.700619
4 0.0442519 0.384452 0.0885038 0.768904
4 0.939542 0.484394 0.120916 0.77909
0 0.0333859 0.838082 0.0667719 0.323837
3 0.343842 0.163333 0.616058 0.326666
4 0.34884 0.694595 0.0902718 0.423795
0 0.0349034 0.583076 0.0698069 0.780776
4 0.891079 0.190319 0.217841 0.380637
4 0.434872 0.467795 0.301146 0.896631
0 0.962718 0.578458 0.0745634 0.38402
0 0.259252 0.382295 0.33831 0.755993
0 0.445716 0.180488 0.666643 0.360976
4 0.466734 0.752028 0.59264 0.466272
4 0.954302 0.553746 0.0913969 0.498872
2 0.34884 0.694595 0.0902718 0.423795
4 0.259252 0.382295 0.33831 0.755993
4 0.0349034 0.583076 0.0698069 0.780776
1 0.77853 0.755706 0.436611 0.469941
4 0.285969 0.0871565 0.571938 0.174313
4 0.323045 0.239796 0.64609 0.479592
4 0.55161 0.605472 0.0690179 0.453959
4 0.876735 0.538216 0.246529 0.916208
4 0.350907 0.361861 0.567622 0.723722
0 0.642771 0.197723 0.698644 0.395445
2 0.389936 0.547312 0.0787002 0.137744
2 0.549909 0.574288 0.0637981 0.198204
4 0.35119 0.474993 0.0427431 0.186831
3 0.699076 0.712485 0.26095 0.569185
0 0.653472 0.745354 0.30949 0.509292
4 0.947613 0.63907 0.104774 0.429895
4 0.343842 0.163333 0.616058 0.326666
4 0.540192 0.590492 0.0896431 0.129812
0 0.580554 0.762587 0.401534 0.474826
4 0.793133 0.239191 0.413734 0.478382
0 0.0291351 0.803752 0.0582701 0.392496
2 0.354675 0.510898 0.0336716 0.0541027
4 0.155627 0.796638 0.307694 0.392057
4 0.425488 0.419089 0.547248 0.838178
4 0.299977 0.542462 0.093008 0.328998
4 0.287474 0.526264 0.231627 0.777133
1 0.505149 0.554169 0.0413675 0.164874
0 0.947613 0.63907 0.104774 0.429895
4 0.828006 0.730516 0.343988 0.534966
4 0.549909 0.574288 0.0637981 0.198204
0 0.287474 0.526264 0.231627 0.777133
0 0.591312 0.534938 0.051849 0.325515
4 0.516717 0.457678 0.262446 0.907307
3 0.0881086 0.844807 0.176217 0.310386
4 0.172001 0.481964 0.319393 0.913502
4 0.300574 0.523246 0.0917064 0.0936232
2 0.505563 0.766944 0.541555 0.438979
4 0.389936 0.547312 0.0787002 0.137744
4 0.547532 0.410697 0.442982 0.821393
4 0.805821 0.518209 0.388358 0.963582
4 0.944733 0.320851 0.110534 0.612474
4 0.131188 0.384673 0.262171 0.748195
4 0.962718 0.578458 0.0745634 0.38402
4 0.592481 0.560111 0.0439066 0.166168
4 0.100327 0.619049 0.200654 0.378052
4 0.610569 0.50381 0.386088 0.99238
4 0.591312 0.534938 0.051849 0.325515
4 0.570583 0.462647 0.294922 0.921084
0 0.193198 0.801759 0.37036 0.396482
0 0.165092 0.324397 0.330185 0.648793
3 0.466734 0.752028 0.59264 0.466272
2 0.738497 0.3454 0.416862 0.6908
4 0.11825 0.332388 0.236501 0.664775
0 0.721982 0.746093 0.324958 0.507814
4 0.357697 0.493575 0.250002 0.945146
4 0.402013 0.726485 0.155961 0.471088
4 0.782823 0.677751 0.434355 0.62828
4 0.888483 0.40895 0.223034 0.817527
1 0.394579 0.798033 0.511386 0.376706
1 0.948425 0.80473 0.10315 0.39054
1 0.155627 0.796638 0.307694 0.392057
0 0.357697 0.493575 0.250002 0.945146
0 0.345943 0.795422 0.421577 0.409155
1 0.508191 0.595948 0.0681254 0.438324
4 0.891434 0.671327 0.217132 0.645454
