0 0.498602 0.706923 0.10876 0.238118
1 0.498602 0.706923 0.10876 0.238118
0 0.778271 0.753116 0.433903 0.475166
2 0.498481 0.705169 0.10786 0.236291
4 0.498602 0.706923 0.10876 0.238118
0 0.500599 0.639418 0.109697 0.361649
0 0.453607 0.635431 0.0568045 0.345449
0 0.446012 0.519114 0.0570778 0.288972
0 0.631039 0.734377 0.391025 0.320632
0 0.884739 0.374099 0.0845543 0.425566
0 0.364889 0.732006 0.383706 0.32344
3 0.89603 0.512093 0.20794 0.973495
4 0.624313 0.775267 0.382611 0.424138
0 0.832842 0.802686 0.334316 0.394628
1 0.500599 0.639418 0.109697 0.361649
0 0.430376 0.557774 0.0897666 0.2275
3 0.373058 0.695491 0.176801 0.609018
0 0.689153 0.767023 0.261675 0.447073
3 0.593221 0.784337 0.339591 0.414963
3 0.675905 0.500501 0.646839 0.998999
0 0.879423 0.315037 0.0701735 0.296275
0 0.518581 0.0361214 0.962839 0.0722427
3 0.566567 0.488395 0.703285 0.97679
3 0.477698 0.486199 0.223829 0.892633
0 0.91329 0.265579 0.15287 0.42205
0 0.382037 0.680028 0.330785 0.387073
0 0.497126 0.584016 0.117596 0.489014
3 0.894521 0.79061 0.210958 0.418781
3 0.785476 0.241582 0.429048 0.483164
0 0.304157 0.771732 0.486899 0.456535
4 0.775818 0.765094 0.445921 0.457353
3 0.790324 0.732283 0.414417 0.535434
0 0.606118 0.0597265 0.787765 0.119453
3 0.935657 0.615113 0.128687 0.734949
0 0.914393 0.563876 0.157821 0.82839
3 0.154914 0.490255 0.309828 0.967663
0 0.371228 0.027255 0.742456 0.05451
3 0.742789 0.106295 0.514422 0.212591
3 0.820632 0.773755 0.358736 0.452489
3 0.849981 0.285244 0.300037 0.561136
0 0.69824 0.262303 0.601181 0.516362
3 0.239895 0.5 0.465085 1
0 0.21836 0.0797854 0.436721 0.159571
3 0.941985 0.824825 0.11603 0.350349
3 0.915794 0.368084 0.168413 0.535365
3 0.453744 0.502568 0.122538 0.57049
3 0.451582 0.354069 0.643106 0.708139
2 0.884739 0.374099 0.0845543 0.425566
4 0.547038 0.776594 0.216981 0.378539
0 0.564535 0.26464 0.837857 0.529281
0 0.939052 0.823182 0.121896 0.353636
3 0.929154 0.307957 0.141692 0.555527
0 0.775895 0.0926013 0.448209 0.185203
3 0.558033 0.700912 0.249666 0.49377
0 0.453744 0.502568 0.122538 0.57049
0 0.325964 0.753427 0.356133 0.493145
3 0.0922979 0.470226 0.184596 0.647274
0 0.661716 0.190254 0.676567 0.380508
3 0.86675 0.803609 0.2665 0.392782
3 0.183009 0.20785 0.366018 0.415701
0 0.236507 0.79045 0.463402 0.4191
3 0.21836 0.0797854 0.436721 0.159571
3 0.291737 0.0328547 0.583474 0.0657094
4 0.741561 0.261684 0.516877 0.515117
3 0.145064 0.232722 0.290128 0.46391
3 0.179892 0.288808 0.353897 0.563461
2 0.327212 0.787305 0.458929 0.417311
3 0.502785 0.644432 0.114882 0.367269
3 0.111061 0.442165 0.222121 0.86432
3 0.287676 0.776912 0.373509 0.446176
4 0.518581 0.0361214 0.962839 0.0722427
3 0.656924 0.75534 0.302999 0.48932
3 0.446012 0.519114 0.0570778 0.288972
0 0.425825 0.532107 0.0787262 0.307636
0 0.812457 0.265819 0.375086 0.521962
3 0.496959 0.706726 0.11312 0.22874
3 0.934641 0.742141 0.130717 0.515717
3 0.879423 0.315037 0.0701735 0.296275
3 0.436911 0.258636 0.699852 0.517271
3 0.122249 0.335555 0.244498 0.632195
0 0.425363 0.226387 0.824277 0.452775
3 0.589315 0.492167 0.408578 0.984333
2 0.364889 0.732006 0.383706 0.32344
0 0.0133928 0.578409 0.0267857 0.497677
3 0.564524 0.774324 0.265047 0.451352
3 0.168164 0.771734 0.336328 0.456533
3 0.425825 0.532107 0.0787262 0.307636
4 0.790324 0.732283 0.414417 0.535434
3 0.224514 0.783974 0.432469 0.432051
0 0.0202809 0.651051 0.0405618 0.697897
3 0.492769 0.77255 0.29019 0.4549
3 0.325964 0.753427 0.356133 0.493145
3 0.373882 0.721251 0.363496 0.328594
3 0.928583 0.462461 0.142833 0.666229
3 0.6678 0.257069 0.65719 0.508927
3 0.274112 0.0508499 0.548223 0.1017
3 0.857955 0.538037 0.284091 0.911886
3 0.800794 0.565506 0.398413 0.855
3 0.500369 0.0382836 0.952679 0.0765672
3 0.485131 0.751752 0.142077 0.336985
3 0.661716 0.190254 0.676567 0.380508
4 0.651099 0.283773 0.697801 0.567547
3 0.35216 0.775652 0.345463 0.448695
3 0.119257 0.743138 0.238513 0.513723
3 0.940831 0.79532 0.118337 0.40936
0 0.929154 0.307957 0.141692 0.555527
4 0.446012 0.519114 0.0570778 0.288972
3 0.0202809 0.651051 0.0405618 0.697897
3 0.825261 0.265329 0.349477 0.530658
3 0.0336434 0.76022 0.0672868 0.47956
3 0.884739 0.374099 0.0845543 0.425566
3 0.547038 0.776594 0.216981 0.378539
3 0.0329718 0.818575 0.0659435 0.36285
4 0.502785 0.644432 0.114882 0.367269
4 0.579767 0.774438 0.334288 0.451124
0 0.0135471 0.495365 0.0270942 0.528072
3 0.117035 0.800429 0.231359 0.399142
3 0.430376 0.557774 0.0897666 0.2275
3 0.242266 0.740992 0.474881 0.518016
3 0.428389 0.774293 0.293514 0.451415
0 0.564524 0.774324 0.265047 0.451352
3 0.304157 0.771732 0.486899 0.456535
3 0.243578 0.266221 0.483103 0.529894
2 0.325964 0.753427 0.356133 0.493145
3 0.0525568 0.227941 0.105114 0.455881
4 0.894521 0.79061 0.210958 0.418781
0 0.941985 0.824825 0.11603 0.350349
3 0.453607 0.635431 0.0568045 0.345449
4 0.526652 0.268577 0.830357 0.537154
3 0.506823 0.577411 0.142098 0.523261
3 0.0702998 0.430597 0.1406 0.648558
3 0.0279167 0.704444 0.0558335 0.591111
4 0.820632 0.773755 0.358736 0.452489
0 0.373058 0.695491 0.176801 0.609018
3 0.0596028 0.75909 0.119206 0.481821
3 0.315225 0.393002 0.599586 0.786004
4 0.688208 0.749843 0.270891 0.500315
4 0.941985 0.824825 0.11603 0.350349
4 0.884739 0.374099 0.0845543 0.425566
3 0.0825233 0.329168 0.165047 0.584736
0 0.924325 0.403159 0.15135 0.528149
4 0.625109 0.155028 0.749782 0.310055
4 0.606118 0.0597265 0.787765 0.119453
4 0.405249 0.027976 0.80553 0.0559521
4 0.425363 0.226387 0.824277 0.452775
0 0.820632 0.773755 0.358736 0.452489
4 0.453607 0.635431 0.0568045 0.345449
3 0.405249 0.027976 0.80553 0.0559521
3 0.0788809 0.611239 0.157762 0.383576
1 0.729253 0.762577 0.528829 0.463598
4 0.854819 0.78052 0.290362 0.438179
3 0.0173709 0.25502 0.0347418 0.51004
0 0.894521 0.79061 0.210958 0.418781
0 0.0747402 0.817981 0.14948 0.364039
0 0.168164 0.771734 0.336328 0.456533
0 0.477698 0.486199 0.223829 0.892633
0 0.121435 0.798587 0.241018 0.402826
4 0.477698 0.486199 0.223829 0.892633
3 0.892399 0.566258 0.114666 0.819835
3 0.645459 0.768585 0.341816 0.445282
4 0.162917 0.784053 0.311235 0.431893
4 0.428389 0.774293 0.293514 0.451415
3 0.564535 0.26464 0.837857 0.529281
3 0.447387 0.229401 0.894774 0.458802
4 0.888003 0.565203 0.223995 0.85709
3 0.0522113 0.537389 0.104423 0.337641
3 0.776686 0.764323 0.431435 0.459364
4 0.935657 0.615113 0.128687 0.734949
4 0.492769 0.77255 0.29019 0.4549
3 0.631039 0.734377 0.391025 0.320632
3 0.606118 0.0597265 0.787765 0.119453
0 0.428389 0.774293 0.293514 0.451415
3 0.0139989 0.371502 0.0279977 0.596669
4 0.327212 0.787305 0.458929 0.417311
3 0.0133928 0.578409 0.0267857 0.497677
0 0.274112 0.0508499 0.548223 0.1017
4 0.21836 0.0797854 0.436721 0.159571
4 0.939052 0.823182 0.121896 0.353636
4 0.453744 0.502568 0.122538 0.57049
3 0.0868974 0.781263 0.173795 0.437474
4 0.934641 0.742141 0.130717 0.515717
3 0.0135471 0.495365 0.0270942 0.528072
0 0.485131 0.751752 0.142077 0.336985
0 0.35216 0.775652 0.345463 0.448695
4 0.193801 0.779643 0.386058 0.440714
1 0.220333 0.79057 0.43411 0.41886
2 0.547038 0.776594 0.216981 0.378539
4 0.0202809 0.651051 0.0405618 0.697897
4 0.287676 0.776912 0.373509 0.446176
0 0.934641 0.742141 0.130717 0.515717
4 0.493076 0.784122 0.244013 0.412714
4 0.775895 0.0926013 0.448209 0.185203
0 0.615405 0.769007 0.332808 0.461986
4 0.0868974 0.781263 0.173795 0.437474
4 0.0329718 0.818575 0.0659435 0.36285
4 0.291737 0.0328547 0.583474 0.0657094
4 0.0596028 0.75909 0.119206 0.481821
4 0.928583 0.462461 0.142833 0.666229
4 0.497126 0.584016 0.117596 0.489014
0 0.413114 0.787279 0.303021 0.408244
0 0.0525568 0.227941 0.105114 0.455881
4 0.117035 0.800429 0.231359 0.399142
0 0.492769 0.77255 0.29019 0.4549
0 0.315225 0.393002 0.599586 0.786004
4 0.207512 0.217345 0.415023 0.434689
0 0.0139989 0.371502 0.0279977 0.596669
2 0.446012 0.519114 0.0570778 0.288972
0 0.547038 0.776594 0.216981 0.378539
3 0.91329 0.265579 0.15287 0.42205
0 0.0173709 0.25502 0.0347418 0.51004
4 0.0525568 0.227941 0.105114 0.455881
4 0.274112 0.0508499 0.548223 0.1017
0 0.0329718 0.818575 0.0659435 0.36285
4 0.35216 0.775652 0.345463 0.448695
4 0.930245 0.361319 0.13951 0.520037
0 0.0279167 0.704444 0.0558335 0.591111
4 0.0279167 0.704444 0.0558335 0.591111
0 0.376159 0.257444 0.661244 0.514888
3 0.292091 0.225584 0.576445 0.451167
2 0.914393 0.563876 0.157821 0.82839
0 0.0337357 0.794561 0.0674714 0.410878
4 0.292091 0.225584 0.576445 0.451167
4 0.507605 0.469744 0.604887 0.939488
4 0.849981 0.285244 0.300037 0.561136
4 0.0337357 0.794561 0.0674714 0.410878
4 0.918894 0.298061 0.162212 0.580001
4 0.914393 0.563876 0.157821 0.82839
0 0.721776 0.483019 0.478511 0.957197
4 0.315225 0.393002 0.599586 0.786004
4 0.0173709 0.25502 0.0347418 0.51004
4 0.0139989 0.371502 0.0279977 0.596669
0 0.287676 0.776912 0.373509 0.446176
4 0.0135471 0.495365 0.0270942 0.528072
4 0.879423 0.315037 0.0701735 0.296275
2 0.631039 0.734377 0.391025 0.320632
4 0.485131 0.751752 0.142077 0.336985
3 0.493076 0.784122 0.244013 0.412714
4 0.91329 0.265579 0.15287 0.42205
0 0.857955 0.538037 0.284091 0.911886
0 0.935657 0.615113 0.128687 0.734949
2 0.783448 0.741323 0.433104 0.504001
4 0.376159 0.257444 0.661244 0.514888
1 0.364889 0.732006 0.383706 0.32344
4 0.0133928 0.578409 0.0267857 0.497677
0 0.0596028 0.75909 0.119206 0.481821
4 0.258106 0.281462 0.516213 0.562924
4 0.647724 0.5 0.693752 1
4 0.825261 0.265329 0.349477 0.530658
0 0.558033 0.700912 0.249666 0.49377
1 0.69824 0.262303 0.601181 0.516362
0 0.493076 0.784122 0.244013 0.412714
3 0.413114 0.787279 0.303021 0.408244
4 0.413114 0.787279 0.303021 0.408244
1 0.689153 0.767023 0.261675 0.447073
1 0.884739 0.374099 0.0845543 0.425566
1 0.86675 0.803609 0.2665 0.392782
4 0.425825 0.532107 0.0787262 0.307636
4 0.242266 0.740992 0.474881 0.518016
1 0.327212 0.787305 0.458929 0.417311
0 0.451582 0.354069 0.643106 0.708139
2 0.924325 0.403159 0.15135 0.528149
2 0.91329 0.265579 0.15287 0.42205
4 0.145064 0.232722 0.290128 0.46391
1 0.453744 0.502568 0.122538 0.57049
0 0.507605 0.469744 0.604887 0.939488
4 0.364889 0.732006 0.383706 0.32344
1 0.939052 0.823182 0.121896 0.353636
1 0.91329 0.265579 0.15287 0.42205
2 0.243909 0.771783 0.468287 0.456434
4 0.0805216 0.256006 0.161043 0.502115
0 0.0788809 0.611239 0.157762 0.383576
2 0.493076 0.784122 0.244013 0.412714
4 0.261618 0.512759 0.398637 0.974482
4 0.451582 0.354069 0.643106 0.708139
1 0.879423 0.315037 0.0701735 0.296275
0 0.258106 0.281462 0.516213 0.562924
1 0.497126 0.584016 0.117596 0.489014
4 0.122249 0.335555 0.244498 0.632195
2 0.770359 0.51658 0.459282 0.954004
2 0.192053 0.734506 0.384106 0.530987
0 0.0477561 0.583479 0.0955123 0.339669
2 0.35216 0.775652 0.345463 0.448695
2 0.119257 0.743138 0.238513 0.513723
4 0.179892 0.288808 0.353897 0.563461
2 0.413114 0.787279 0.303021 0.408244
4 0.0702998 0.430597 0.1406 0.648558
4 0.119257 0.743138 0.238513 0.513723
4 0.325964 0.753427 0.356133 0.493145
1 0.915794 0.368084 0.168413 0.535365
2 0.497126 0.584016 0.117596 0.489014
0 0.261618 0.512759 0.398637 0.974482
0 0.800794 0.565506 0.398413 0.855
4 0.721776 0.483019 0.478511 0.957197
2 0.0477561 0.583479 0.0955123 0.339669
1 0.446012 0.519114 0.0570778 0.288972
2 0.939052 0.823182 0.121896 0.353636
0 0.145064 0.232722 0.290128 0.46391
2 0.428389 0.774293 0.293514 0.451415
2 0.0844191 0.814801 0.168838 0.370398
2 0.425825 0.532107 0.0787262 0.307636
0 0.498608 0.706983 0.10875 0.238011
1 0.498608 0.706983 0.10875 0.238011
0 0.778245 0.75316 0.433897 0.475028
2 0.498488 0.705319 0.107847 0.236049
4 0.498608 0.706983 0.10875 0.238011
0 0.500586 0.63951 0.109755 0.361404
0 0.453539 0.635523 0.0565792 0.344727
0 0.446013 0.51883 0.0570195 0.288305
0 0.631118 0.73426 0.391178 0.319848
0 0.884502 0.374345 0.084021 0.425883
0 0.365031 0.731957 0.38345 0.322932
3 0.896115 0.512151 0.20777 0.973115
4 0.624348 0.775283 0.382705 0.423933
3 0.373917 0.695939 0.17486 0.608123
1 0.500586 0.63951 0.109755 0.361404
3 0.675673 0.500509 0.647104 0.998982
3 0.5929 0.784476 0.33898 0.414735
0 0.689212 0.767019 0.261572 0.447089
0 0.430371 0.557098 0.0896851 0.225412
0 0.83303 0.802779 0.333941 0.394441
0 0.518812 0.0359742 0.962376 0.0719484
0 0.879403 0.315196 0.0700983 0.296488
3 0.56618 0.488103 0.697704 0.976207
3 0.477645 0.486029 0.223586 0.892901
0 0.913075 0.267254 0.152097 0.418486
0 0.381919 0.680032 0.330647 0.386792
3 0.894841 0.790757 0.210319 0.418486
3 0.785387 0.242061 0.429226 0.484123
0 0.497026 0.584028 0.117699 0.488789
4 0.775831 0.765134 0.445864 0.457269
0 0.304346 0.771688 0.486473 0.456624
3 0.790314 0.732258 0.414227 0.535485
3 0.935609 0.614748 0.128782 0.735394
3 0.153648 0.490054 0.307296 0.966748
0 0.606295 0.0588171 0.787409 0.117634
3 0.742707 0.105592 0.514586 0.211184
3 0.820953 0.773816 0.358093 0.452367
3 0.850736 0.286212 0.298529 0.563164
3 0.237406 0.50103 0.474811 0.997941
0 0.914205 0.563735 0.157468 0.827955
0 0.37174 0.0272847 0.743479 0.0545694
3 0.942105 0.824988 0.115789 0.350024
0 0.696997 0.262604 0.603521 0.517009
0 0.218452 0.0793093 0.436905 0.158619
3 0.915824 0.368748 0.168353 0.534312
3 0.453657 0.50268 0.122051 0.570222
3 0.452698 0.353922 0.640053 0.707844
2 0.884502 0.374345 0.084021 0.425883
4 0.544728 0.776208 0.212275 0.377236
3 0.929222 0.308257 0.141556 0.555736
3 0.558041 0.700967 0.249994 0.494185
0 0.939204 0.823382 0.121592 0.353236
0 0.565508 0.264374 0.835132 0.528748
3 0.290617 0.486622 0.441862 0.971606
0 0.77591 0.0920049 0.44818 0.18401
3 0.0920239 0.473257 0.184048 0.637228
3 0.867129 0.803747 0.265743 0.392506
0 0.453657 0.50268 0.122051 0.570222
3 0.182776 0.207915 0.365553 0.41583
0 0.326828 0.75343 0.354089 0.493139
3 0.218452 0.0793093 0.436905 0.158619
3 0.292035 0.0327071 0.58407 0.0654142
0 0.661648 0.186612 0.676703 0.373224
0 0.236586 0.79051 0.463652 0.41898
3 0.178653 0.290593 0.351527 0.566715
3 0.143741 0.232899 0.287482 0.464931
4 0.741061 0.262652 0.517877 0.517103
3 0.502792 0.644508 0.114981 0.367222
3 0.110785 0.441858 0.22157 0.863446
2 0.32729 0.787389 0.458707 0.41708
3 0.496982 0.706793 0.113106 0.228621
3 0.287673 0.776932 0.37371 0.446136
4 0.518812 0.0359742 0.962376 0.0719484
3 0.657269 0.755238 0.302257 0.489524
3 0.446013 0.51883 0.0570195 0.288305
3 0.879403 0.315196 0.0700983 0.296488
3 0.93453 0.741669 0.13094 0.516663
3 0.43834 0.258585 0.696042 0.517169
3 0.121479 0.33773 0.242958 0.636539
0 0.42584 0.531958 0.0787163 0.307222
3 0.588529 0.492147 0.40773 0.984294
2 0.365031 0.731957 0.38345 0.322932
3 0.42584 0.531958 0.0787163 0.307222
3 0.167638 0.771557 0.335276 0.456886
0 0.813099 0.26678 0.373801 0.523892
3 0.564527 0.774283 0.265026 0.451434
0 0.426049 0.224712 0.824405 0.449425
4 0.790314 0.732258 0.414227 0.535485
0 0.0134512 0.578737 0.0269024 0.496504
3 0.224295 0.784027 0.432301 0.431946
3 0.373804 0.721393 0.363618 0.328735
3 0.326828 0.75343 0.354089 0.493139
3 0.491945 0.772526 0.289896 0.454947
3 0.928701 0.460788 0.142597 0.662591
3 0.667825 0.257084 0.656821 0.508967
3 0.274213 0.0505681 0.548427 0.101136
3 0.858012 0.537881 0.283976 0.91216
0 0.0204196 0.65075 0.0408391 0.6985
3 0.800876 0.565316 0.398248 0.855415
3 0.500575 0.0380437 0.95212 0.0760875
3 0.485124 0.751531 0.142119 0.336231
3 0.661648 0.186612 0.676703 0.373224
3 0.118761 0.742922 0.237522 0.514155
3 0.352152 0.775724 0.34558 0.448552
4 0.650508 0.284319 0.698984 0.568638
3 0.940872 0.795407 0.118256 0.409186
4 0.446013 0.51883 0.0570195 0.288305
3 0.0204196 0.65075 0.0408391 0.6985
3 0.0338748 0.760146 0.0677497 0.479709
3 0.825 0.266781 0.35 0.533562
3 0.884502 0.374345 0.084021 0.425883
3 0.0330836 0.818785 0.0661673 0.362429
3 0.544728 0.776208 0.212275 0.377236
4 0.502792 0.644508 0.114981 0.367222
4 0.579343 0.774389 0.333549 0.451222
0 0.930333 0.361157 0.139333 0.520362
3 0.117208 0.800638 0.231715 0.398724
3 0.430371 0.557098 0.0896851 0.225412
3 0.243117 0.267348 0.482509 0.531951
3 0.24216 0.740902 0.474701 0.518197
3 0.427976 0.77438 0.293873 0.451239
3 0.304346 0.771688 0.486473 0.456624
2 0.326828 0.75343 0.354089 0.493139
0 0.013563 0.496031 0.0271261 0.526017
3 0.0521056 0.227992 0.104211 0.455983
4 0.894841 0.790757 0.210319 0.418486
3 0.453539 0.635523 0.0565792 0.344727
3 0.50672 0.577365 0.142447 0.523568
4 0.52614 0.268225 0.825861 0.536451
3 0.0700221 0.430562 0.140044 0.647308
0 0.564527 0.774283 0.265026 0.451434
3 0.0281421 0.704027 0.0562842 0.591946
0 0.942105 0.824988 0.115789 0.350024
3 0.315767 0.393373 0.597654 0.786746
4 0.820953 0.773816 0.358093 0.452367
3 0.0594898 0.758851 0.11898 0.482298
4 0.688283 0.749811 0.270619 0.500378
4 0.942105 0.824988 0.115789 0.350024
4 0.884502 0.374345 0.084021 0.425883
3 0.0822884 0.330303 0.164577 0.58684
4 0.625124 0.149982 0.749753 0.299963
0 0.373917 0.695939 0.17486 0.608123
4 0.606295 0.0588171 0.787409 0.117634
4 0.405625 0.0280112 0.806409 0.0560225
4 0.426049 0.224712 0.824405 0.449425
4 0.453539 0.635523 0.0565792 0.344727
3 0.405625 0.0280112 0.806409 0.0560225
3 0.0786991 0.610371 0.157398 0.381397
0 0.909969 0.298936 0.180061 0.589315
3 0.426049 0.224712 0.824405 0.449425
1 0.72917 0.762566 0.528708 0.463642
0 0.820953 0.773816 0.358093 0.452367
3 0.0173027 0.255162 0.0346053 0.510324
4 0.85541 0.780556 0.28918 0.43813
3 0.721166 0.483533 0.477926 0.957723
3 0.89198 0.566273 0.114116 0.819809
4 0.477645 0.486029 0.223586 0.892901
3 0.646043 0.768553 0.340764 0.445313
0 0.0750622 0.818489 0.150124 0.363022
4 0.162945 0.784151 0.311441 0.431699
0 0.167638 0.771557 0.335276 0.456886
0 0.894841 0.790757 0.210319 0.418486
0 0.477645 0.486029 0.223586 0.892901
4 0.427976 0.77438 0.293873 0.451239
0 0.121459 0.798902 0.241073 0.402197
3 0.565508 0.264374 0.835132 0.528748
3 0.0521514 0.537264 0.104303 0.335984
4 0.88823 0.563819 0.22354 0.859829
3 0.776569 0.764334 0.43125 0.459337
4 0.935609 0.614748 0.128782 0.735394
3 0.606295 0.0588171 0.787409 0.117634
3 0.631118 0.73426 0.391178 0.319848
4 0.491945 0.772526 0.289896 0.454947
4 0.32729 0.787389 0.458707 0.41708
3 0.0139725 0.371549 0.0279451 0.595858
3 0.0134512 0.578737 0.0269024 0.496504
4 0.218452 0.0793093 0.436905 0.158619
4 0.939204 0.823382 0.121592 0.353236
4 0.453657 0.50268 0.122051 0.570222
3 0.0864765 0.781649 0.172953 0.436702
4 0.93453 0.741669 0.13094 0.516663
3 0.013563 0.496031 0.0271261 0.526017
0 0.427976 0.77438 0.293873 0.451239
0 0.274213 0.0505681 0.548427 0.101136
4 0.193645 0.780035 0.385742 0.439929
1 0.220299 0.790738 0.434174 0.418525
2 0.544728 0.776208 0.212275 0.377236
4 0.0204196 0.65075 0.0408391 0.6985
4 0.287673 0.776932 0.37371 0.446136
0 0.352152 0.775724 0.34558 0.448552
0 0.485124 0.751531 0.142119 0.336231
4 0.77591 0.0920049 0.44818 0.18401
4 0.491827 0.784213 0.243385 0.41252
4 0.0864765 0.781649 0.172953 0.436702
4 0.0330836 0.818785 0.0661673 0.362429
4 0.292035 0.0327071 0.58407 0.0654142
4 0.0594898 0.758851 0.11898 0.482298
4 0.928701 0.460788 0.142597 0.662591
4 0.497026 0.584028 0.117699 0.488789
0 0.93453 0.741669 0.13094 0.516663
0 0.615488 0.768926 0.332159 0.462149
4 0.117208 0.800638 0.231715 0.398724
0 0.41236 0.787412 0.304169 0.408001
0 0.928701 0.460788 0.142597 0.662591
0 0.0521056 0.227992 0.104211 0.455983
4 0.20801 0.217661 0.41602 0.435322
2 0.446013 0.51883 0.0570195 0.288305
3 0.913075 0.267254 0.152097 0.418486
0 0.491945 0.772526 0.289896 0.454947
0 0.0139725 0.371549 0.0279451 0.595858
4 0.0521056 0.227992 0.104211 0.455983
0 0.315767 0.393373 0.597654 0.786746
4 0.274213 0.0505681 0.548427 0.101136
4 0.352152 0.775724 0.34558 0.448552
0 0.544728 0.776208 0.212275 0.377236
4 0.930333 0.361157 0.139333 0.520362
0 0.43834 0.258585 0.696042 0.517169
0 0.0173027 0.255162 0.0346053 0.510324
3 0.294528 0.226017 0.58162 0.452033
4 0.0281421 0.704027 0.0562842 0.591946
4 0.294528 0.226017 0.58162 0.452033
0 0.0330836 0.818785 0.0661673 0.362429
2 0.914205 0.563735 0.157468 0.827955
4 0.50881 0.469639 0.602516 0.939278
4 0.850736 0.286212 0.298529 0.563164
0 0.0281421 0.704027 0.0562842 0.591946
4 0.0339024 0.7947 0.0678049 0.410599
4 0.919046 0.299269 0.161908 0.582667
4 0.914205 0.563735 0.157468 0.827955
0 0.0339024 0.7947 0.0678049 0.410599
4 0.0173027 0.255162 0.0346053 0.510324
4 0.315767 0.393373 0.597654 0.786746
4 0.0139725 0.371549 0.0279451 0.595858
4 0.013563 0.496031 0.0271261 0.526017
2 0.631118 0.73426 0.391178 0.319848
4 0.879403 0.315196 0.0700983 0.296488
4 0.485124 0.751531 0.142119 0.336231
3 0.491827 0.784213 0.243385 0.41252
0 0.721166 0.483533 0.477926 0.957723
0 0.287673 0.776932 0.37371 0.446136
4 0.913075 0.267254 0.152097 0.418486
2 0.783439 0.741304 0.433123 0.504012
4 0.0134512 0.578737 0.0269024 0.496504
4 0.377485 0.257496 0.658731 0.514992
4 0.648218 0.5 0.692162 1
1 0.365031 0.731957 0.38345 0.322932
4 0.257821 0.282873 0.515642 0.565745
4 0.825 0.266781 0.35 0.533562
3 0.41236 0.787412 0.304169 0.408001
0 0.935609 0.614748 0.128782 0.735394
0 0.858012 0.537881 0.283976 0.91216
1 0.696997 0.262604 0.603521 0.517009
4 0.41236 0.787412 0.304169 0.408001
1 0.689212 0.767019 0.261572 0.447089
0 0.0594898 0.758851 0.11898 0.482298
0 0.558041 0.700967 0.249994 0.494185
0 0.491827 0.784213 0.243385 0.41252
1 0.884502 0.374345 0.084021 0.425883
1 0.867129 0.803747 0.265743 0.392506
4 0.42584 0.531958 0.0787163 0.307222
4 0.24216 0.740902 0.474701 0.518197
1 0.32729 0.787389 0.458707 0.41708
2 0.913075 0.267254 0.152097 0.418486
2 0.924406 0.402524 0.151188 0.526189
4 0.143741 0.232899 0.287482 0.464931
1 0.453657 0.50268 0.122051 0.570222
0 0.452698 0.353922 0.640053 0.707844
1 0.939204 0.823382 0.121592 0.353236
4 0.365031 0.731957 0.38345 0.322932
1 0.913075 0.267254 0.152097 0.418486
0 0.50881 0.469639 0.602516 0.939278
2 0.243932 0.771691 0.468356 0.456618
4 0.0803384 0.256559 0.160677 0.504023
2 0.491827 0.784213 0.243385 0.41252
4 0.262684 0.513657 0.395849 0.972686
4 0.452698 0.353922 0.640053 0.707844
1 0.879403 0.315196 0.0700983 0.296488
0 0.0786991 0.610371 0.157398 0.381397
4 0.121479 0.33773 0.242958 0.636539
1 0.497026 0.584028 0.117699 0.488789
2 0.770452 0.516542 0.459096 0.954141
0 0.257821 0.282873 0.515642 0.565745
2 0.191531 0.734388 0.383062 0.531223
2 0.352152 0.775724 0.34558 0.448552
2 0.118761 0.742922 0.237522 0.514155
0 0.047751 0.583194 0.0955021 0.338931
4 0.178653 0.290593 0.351527 0.566715
2 0.41236 0.787412 0.304169 0.408001
4 0.0700221 0.430562 0.140044 0.647308
4 0.118761 0.742922 0.237522 0.514155
4 0.326828 0.75343 0.354089 0.493139
1 0.915824 0.368748 0.168353 0.534312
2 0.497026 0.584028 0.117699 0.488789
2 0.047751 0.583194 0.0955021 0.338931
1 0.446013 0.51883 0.0570195 0.288305
4 0.721166 0.483533 0.477926 0.957723
2 0.939204 0.823382 0.121592 0.353236
2 0.427976 0.77438 0.293873 0.451239
0 0.262684 0.513657 0.395849 0.972686
2 0.0848846 0.815007 0.169769 0.369985
