0 0.174818 0.698158 0.349636 0.375997
1 0.177759 0.697007 0.34506 0.378269
0 0.941109 0.549693 0.117782 0.0793545
0 0.887349 0.366728 0.0826359 0.433828
0 0.88649 0.308594 0.0821835 0.308723
0 0.939163 0.450378 0.121674 0.266585
0 0.823196 0.846946 0.349792 0.287763
0 0.0703755 0.691161 0.140751 0.365942
0 0.200119 0.752861 0.312777 0.481672
0 0.0600435 0.724701 0.120087 0.465613
0 0.942079 0.615902 0.115842 0.203439
0 0.937767 0.665405 0.124466 0.296415
0 0.939099 0.534448 0.121801 0.102548
0 0.923705 0.387393 0.140556 0.476686
0 0.823919 0.739477 0.352162 0.49456
1 0.88649 0.308594 0.0821835 0.308723
3 0.723103 0.408204 0.275268 0.724259
1 0.887349 0.366728 0.0826359 0.433828
2 0.88649 0.308594 0.0821835 0.308723
0 0.917457 0.270196 0.153304 0.442808
4 0.940722 0.539028 0.118555 0.0914165
3 0.711138 0.460277 0.203956 0.615329
3 0.20612 0.442212 0.410214 0.871567
4 0.179728 0.665087 0.35097 0.449507
3 0.521229 0.427826 0.416535 0.846318
4 0.887349 0.366728 0.0826359 0.433828
1 0.941109 0.549693 0.117782 0.0793545
0 0.891109 0.236346 0.106181 0.467945
0 0.911398 0.340614 0.144078 0.397481
0 0.153095 0.729201 0.303808 0.541599
4 0.88649 0.308594 0.0821835 0.308723
3 0.726971 0.587886 0.118047 0.222597
3 0.201866 0.7545 0.357733 0.491001
0 0.56808 0.859353 0.377999 0.262612
3 0.940171 0.538268 0.119657 0.0938356
4 0.227408 0.692242 0.29559 0.500541
3 0.817581 0.747821 0.364839 0.485279
3 0.344638 0.480978 0.226281 0.820432
3 0.578024 0.306655 0.420166 0.608615
4 0.939163 0.450378 0.121674 0.266585
2 0.941109 0.549693 0.117782 0.0793545
0 0.942025 0.767794 0.115949 0.464413
3 0.598301 0.842323 0.375907 0.315355
3 0.939427 0.445488 0.121145 0.274816
3 0.60252 0.405501 0.32495 0.795196
3 0.912628 0.233977 0.174744 0.467955
3 0.467988 0.547978 0.195144 0.488382
3 0.93873 0.756681 0.122539 0.476404
3 0.879645 0.455246 0.158699 0.612387
2 0.887349 0.366728 0.0826359 0.433828
0 0.926083 0.252065 0.147834 0.478822
3 0.65619 0.504642 0.211218 0.534655
3 0.924216 0.310992 0.151568 0.545487
0 0.582189 0.746516 0.382662 0.487104
3 0.28885 0.774747 0.239463 0.450506
4 0.0703755 0.691161 0.140751 0.365942
3 0.815399 0.845096 0.348322 0.309808
3 0.579033 0.768899 0.398713 0.434094
0 0.753382 0.843981 0.225325 0.287589
3 0.88649 0.308594 0.0821835 0.308723
4 0.823258 0.84633 0.352452 0.289948
3 0.859922 0.267219 0.280156 0.534437
3 0.306538 0.77763 0.284731 0.444739
3 0.934005 0.385029 0.13199 0.451866
3 0.608531 0.253566 0.618476 0.507133
2 0.174948 0.698515 0.349895 0.374311
4 0.93873 0.756681 0.122539 0.476404
3 0.69398 0.320607 0.61204 0.641214
0 0.859922 0.267219 0.280156 0.534437
3 0.153095 0.729201 0.303808 0.541599
3 0.407359 0.555347 0.201626 0.541057
3 0.674267 0.339691 0.475498 0.677853
3 0.60232 0.0545296 0.699483 0.109059
3 0.512426 0.484985 0.231457 0.603185
3 0.431367 0.435515 0.433492 0.862247
1 0.939163 0.450378 0.121674 0.266585
3 0.634287 0.0971253 0.701206 0.194251
4 0.153095 0.729201 0.303808 0.541599
3 0.470223 0.256974 0.513388 0.5113
3 0.942488 0.773259 0.115025 0.453481
3 0.630872 0.631076 0.207851 0.347447
3 0.850248 0.761475 0.299503 0.47705
0 0.823346 0.822047 0.353307 0.355906
3 0.695372 0.553911 0.124659 0.159537
0 0.798497 0.268518 0.403007 0.537035
3 0.0302127 0.335919 0.0604253 0.64839
0 0.89464 0.18838 0.210721 0.37676
4 0.796764 0.759027 0.35557 0.452978
3 0.351984 0.676053 0.197375 0.486416
4 0.172086 0.750423 0.341932 0.467217
3 0.28022 0.441842 0.410594 0.858583
0 0.148442 0.181131 0.296885 0.362262
0 0.28885 0.774747 0.239463 0.450506
0 0.695372 0.553911 0.124659 0.159537
3 0.174027 0.697624 0.346595 0.387131
3 0.58769 0.839529 0.387812 0.296534
3 0.41874 0.0474375 0.837481 0.0948749
3 0.911398 0.340614 0.144078 0.397481
3 0.344833 0.846567 0.277612 0.306866
3 0.89464 0.18838 0.210721 0.37676
3 0.570858 0.628845 0.214114 0.368569
0 0.818051 0.649326 0.24282 0.600776
4 0.937966 0.620779 0.124069 0.207469
3 0.429454 0.0773878 0.775492 0.154776
0 0.0302892 0.747962 0.0605784 0.449578
3 0.464863 0.625383 0.177175 0.358264
0 0.227408 0.692242 0.29559 0.500541
3 0.336333 0.310524 0.672666 0.621049
4 0.0608803 0.722152 0.121761 0.555695
3 0.516332 0.632397 0.162948 0.365921
3 0.394913 0.867588 0.30652 0.264823
4 0.823346 0.822047 0.353307 0.355906
3 0.917457 0.270196 0.153304 0.442808
4 0.213954 0.319315 0.427909 0.612628
3 0.887349 0.366728 0.0826359 0.433828
3 0.0255227 0.434707 0.0510455 0.807326
4 0.28885 0.774747 0.239463 0.450506
0 0.0301871 0.753421 0.0603743 0.493159
1 0.923705 0.387393 0.140556 0.476686
0 0.564863 0.858507 0.371357 0.282985
0 0.630872 0.631076 0.207851 0.347447
0 0.1902 0.457149 0.378406 0.914298
3 0.473687 0.868241 0.368664 0.263518
0 0.516332 0.632397 0.162948 0.365921
3 0.148442 0.181131 0.296885 0.362262
3 0.881608 0.237969 0.127047 0.475938
4 0.351984 0.676053 0.197375 0.486416
3 0.358076 0.398576 0.419322 0.769602
3 0.704663 0.846317 0.286223 0.307365
4 0.850248 0.761475 0.299503 0.47705
3 0.512719 0.123502 0.776921 0.247004
3 0.470529 0.754685 0.449849 0.472357
3 0.544399 0.863906 0.35475 0.272189
0 0.69398 0.320607 0.61204 0.641214
3 0.818051 0.649326 0.24282 0.600776
0 0.313435 0.740771 0.300292 0.447155
3 0.0352856 0.292635 0.0705712 0.585269
3 0.313435 0.740771 0.300292 0.447155
4 0.201866 0.7545 0.357733 0.491001
0 0.034732 0.520922 0.0694641 0.73936
0 0.40782 0.0479127 0.81564 0.0958253
3 0.420295 0.748773 0.253359 0.461337
0 0.359352 0.756591 0.280252 0.471828
3 0.0302892 0.747962 0.0605784 0.449578
4 0.306538 0.77763 0.284731 0.444739
3 0.0524382 0.286585 0.104876 0.57317
0 0.539995 0.286269 0.403373 0.560727
3 0.384612 0.118926 0.769224 0.237853
3 0.798497 0.268518 0.403007 0.537035
0 0.650334 0.744572 0.27556 0.478397
3 0.556406 0.211982 0.487078 0.423964
0 0.634287 0.0971253 0.701206 0.194251
3 0.234422 0.366398 0.392507 0.672576
4 0.565208 0.751154 0.41584 0.47651
3 0.942079 0.615902 0.115842 0.203439
4 0.923705 0.387393 0.140556 0.476686
3 0.411289 0.629534 0.179245 0.381982
0 0.335848 0.84151 0.24507 0.30127
0 0.942488 0.773259 0.115025 0.453481
2 0.818051 0.649326 0.24282 0.600776
4 0.539995 0.286269 0.403373 0.560727
3 0.824505 0.376813 0.212975 0.465601
3 0.490124 0.746049 0.315772 0.479867
4 0.0301871 0.753421 0.0603743 0.493159
0 0.306538 0.77763 0.284731 0.444739
0 0.726971 0.587886 0.118047 0.222597
0 0.213954 0.319315 0.427909 0.612628
0 0.483012 0.861329 0.344888 0.260707
4 0.942488 0.773259 0.115025 0.453481
4 0.704663 0.846317 0.286223 0.307365
3 0.748962 0.37221 0.371571 0.571729
4 0.0302892 0.747962 0.0605784 0.449578
0 0.0255227 0.434707 0.0510455 0.807326
0 0.720234 0.741201 0.483766 0.495887
3 0.0301871 0.753421 0.0603743 0.493159
3 0.101929 0.359944 0.203858 0.671528
0 0.595738 0.0608792 0.723698 0.121758
0 0.704663 0.846317 0.286223 0.307365
3 0.650334 0.744572 0.27556 0.478397
4 0.214309 0.458652 0.428617 0.891452
1 0.911398 0.340614 0.144078 0.397481
0 0.570858 0.628845 0.214114 0.368569
0 0.384612 0.118926 0.769224 0.237853
0 0.850248 0.761475 0.299503 0.47705
3 0.389677 0.843124 0.293948 0.294447
1 0.942079 0.615902 0.115842 0.203439
0 0.420295 0.748773 0.253359 0.461337
0 0.429454 0.0773878 0.775492 0.154776
4 0.40782 0.0479127 0.81564 0.0958253
3 0.824362 0.466832 0.221249 0.643902
0 0.517284 0.865552 0.353863 0.268896
3 0.359352 0.756591 0.280252 0.471828
0 0.464863 0.625383 0.177175 0.358264
4 0.374896 0.276091 0.679273 0.552182
3 0.0703755 0.691161 0.140751 0.365942
0 0.344833 0.846567 0.277612 0.306866
0 0.411289 0.629534 0.179245 0.381982
2 0.823817 0.751008 0.352367 0.472212
4 0.926083 0.252065 0.147834 0.478822
0 0.490124 0.746049 0.315772 0.479867
4 0.937767 0.665405 0.124466 0.296415
4 0.891109 0.236346 0.106181 0.467945
3 0.495372 0.859162 0.367473 0.261878
0 0.201866 0.7545 0.357733 0.491001
1 0.748962 0.37221 0.371571 0.571729
4 0.753382 0.843981 0.225325 0.287589
3 0.0608803 0.722152 0.121761 0.555695
3 0.161605 0.301779 0.323209 0.603559
4 0.44756 0.755993 0.43178 0.468652
4 0.911398 0.340614 0.144078 0.397481
0 0.512719 0.123502 0.776921 0.247004
4 0.545816 0.430825 0.390884 0.851201
0 0.879645 0.455246 0.158699 0.612387
4 0.720234 0.741201 0.483766 0.495887
0 0.379252 0.859328 0.260596 0.263974
4 0.470223 0.256974 0.513388 0.5113
3 0.121562 0.317419 0.243124 0.634839
3 0.335848 0.84151 0.24507 0.30127
4 0.335848 0.84151 0.24507 0.30127
0 0.556406 0.211982 0.487078 0.423964
4 0.148442 0.181131 0.296885 0.362262
0 0.0524382 0.286585 0.104876 0.57317
4 0.556406 0.211982 0.487078 0.423964
4 0.89464 0.18838 0.210721 0.37676
4 0.473687 0.868241 0.368664 0.263518
4 0.411289 0.629534 0.179245 0.381982
4 0.429454 0.0773878 0.775492 0.154776
0 0.320503 0.199538 0.641006 0.399077
4 0.0524382 0.286585 0.104876 0.57317
4 0.564863 0.858507 0.371357 0.282985
1 0.495372 0.859162 0.367473 0.261878
0 0.351984 0.676053 0.197375 0.486416
4 0.483012 0.861329 0.344888 0.260707
4 0.0302127 0.335919 0.0604253 0.64839
4 0.69398 0.320607 0.61204 0.641214
4 0.101929 0.359944 0.203858 0.671528
4 0.595738 0.0608792 0.723698 0.121758
1 0.58769 0.839529 0.387812 0.296534
4 0.589596 0.10954 0.772041 0.219079
0 0.545816 0.430825 0.390884 0.851201
3 0.720234 0.741201 0.483766 0.495887
0 0.470223 0.256974 0.513388 0.5113
0 0.394913 0.867588 0.30652 0.264823
3 0.21239 0.752463 0.315838 0.477346
1 0.823919 0.739477 0.352162 0.49456
4 0.344833 0.846567 0.277612 0.306866
4 0.516332 0.632397 0.162948 0.365921
4 0.941362 0.560099 0.117275 0.104581
3 0.320503 0.199538 0.641006 0.399077
4 0.859922 0.267219 0.280156 0.534437
3 0.176483 0.226358 0.352965 0.452716
4 0.344638 0.480978 0.226281 0.820432
4 0.0352856 0.292635 0.0705712 0.585269
4 0.917457 0.270196 0.153304 0.442808
4 0.60252 0.405501 0.32495 0.795196
1 0.335848 0.84151 0.24507 0.30127
2 0.568646 0.856371 0.38918 0.263796
4 0.556392 0.858881 0.364062 0.262014
4 0.359352 0.756591 0.280252 0.471828
4 0.313435 0.740771 0.300292 0.447155
0 0.0352856 0.292635 0.0705712 0.585269
4 0.394913 0.867588 0.30652 0.264823
0 0.198062 0.231559 0.396124 0.463118
4 0.0255227 0.434707 0.0510455 0.807326
1 0.359352 0.756591 0.280252 0.471828
1 0.819914 0.846804 0.346577 0.287389
0 0.815916 0.401817 0.228243 0.511843
4 0.695372 0.553911 0.124659 0.159537
2 0.153095 0.729201 0.303808 0.541599
1 0.313435 0.740771 0.300292 0.447155
1 0.44756 0.755993 0.43178 0.468652
4 0.464863 0.625383 0.177175 0.358264
2 0.579707 0.739605 0.363567 0.496327
0 0.608531 0.253566 0.618476 0.507133
1 0.891109 0.236346 0.106181 0.467945
4 0.798497 0.268518 0.403007 0.537035
1 0.20612 0.442212 0.410214 0.871567
3 0.798273 0.845026 0.303672 0.278861
2 0.420295 0.748773 0.253359 0.461337
0 0.0302127 0.335919 0.0604253 0.64839
4 0.420295 0.748773 0.253359 0.461337
1 0.942025 0.767794 0.115949 0.464413
2 0.0608803 0.722152 0.121761 0.555695
2 0.823732 0.823886 0.351499 0.330886
4 0.379252 0.859328 0.260596 0.263974
4 0.512426 0.484985 0.231457 0.603185
1 0.379252 0.859328 0.260596 0.263974
4 0.570858 0.628845 0.214114 0.368569
4 0.121562 0.317419 0.243124 0.634839
2 0.21239 0.752463 0.315838 0.477346
4 0.65619 0.504642 0.211218 0.534655
2 0.490124 0.746049 0.315772 0.479867
4 0.608531 0.253566 0.618476 0.507133
2 0.214631 0.294027 0.42669 0.560202
4 0.467988 0.547978 0.195144 0.488382
4 0.630872 0.631076 0.207851 0.347447
3 0.248696 0.241414 0.497393 0.482827
2 0.922678 0.380654 0.125851 0.476819
2 0.674267 0.339691 0.475498 0.677853
2 0.824362 0.466832 0.221249 0.643902
0 0.174821 0.698159 0.349642 0.376036
1 0.177764 0.697013 0.345056 0.378315
0 0.941101 0.549712 0.117798 0.0793602
0 0.887343 0.366643 0.082597 0.433554
0 0.886506 0.308556 0.0821972 0.308695
0 0.939149 0.450442 0.121701 0.266422
0 0.823158 0.84705 0.349806 0.287586
0 0.069556 0.691242 0.139112 0.365991
0 0.200075 0.753017 0.312861 0.482005
0 0.0598428 0.724788 0.119686 0.46523
0 0.942071 0.61579 0.115858 0.20324
0 0.93789 0.66421 0.12422 0.294099
0 0.939104 0.534475 0.121791 0.102517
0 0.923842 0.387446 0.140213 0.47623
0 0.823901 0.739538 0.352199 0.49443
1 0.886506 0.308556 0.0821972 0.308695
3 0.722882 0.407246 0.274616 0.722906
1 0.887343 0.366643 0.082597 0.433554
2 0.886506 0.308556 0.0821972 0.308695
4 0.940715 0.53902 0.118569 0.091412
0 0.917453 0.270318 0.153138 0.442576
3 0.710961 0.458845 0.203218 0.61251
3 0.205982 0.442366 0.409958 0.871786
4 0.179711 0.666069 0.350918 0.447773
3 0.521733 0.427782 0.417299 0.84628
4 0.887343 0.366643 0.082597 0.433554
1 0.941101 0.549712 0.117798 0.0793602
4 0.886506 0.308556 0.0821972 0.308695
0 0.890883 0.236324 0.105494 0.467894
0 0.911366 0.340753 0.143842 0.397259
0 0.15313 0.729141 0.303873 0.541717
3 0.72697 0.585816 0.117545 0.218247
3 0.201583 0.754335 0.357381 0.49133
3 0.940173 0.538261 0.119654 0.0938196
4 0.227467 0.69257 0.295208 0.499646
3 0.817568 0.747838 0.364864 0.485272
0 0.568193 0.85936 0.377793 0.262702
3 0.344704 0.480539 0.226437 0.821187
3 0.57775 0.306124 0.418133 0.607393
4 0.939149 0.450442 0.121701 0.266422
2 0.941101 0.549712 0.117798 0.0793602
3 0.598241 0.842264 0.375948 0.315472
3 0.602017 0.404657 0.325489 0.793679
3 0.939428 0.445501 0.121145 0.274742
3 0.912677 0.234137 0.174646 0.468274
0 0.942071 0.767799 0.115858 0.464402
3 0.468311 0.547304 0.194727 0.489284
3 0.938707 0.756663 0.122587 0.476237
3 0.879644 0.454767 0.158553 0.610766
2 0.887343 0.366643 0.082597 0.433554
3 0.656294 0.503527 0.210801 0.534365
3 0.9242 0.31098 0.1516 0.545723
3 0.28798 0.77399 0.239103 0.452019
4 0.069556 0.691242 0.139112 0.365991
3 0.815363 0.845174 0.348297 0.309653
0 0.926057 0.252082 0.147887 0.479247
3 0.57913 0.76918 0.398548 0.433601
0 0.582385 0.746458 0.38233 0.487347
3 0.886506 0.308556 0.0821972 0.308695
3 0.306038 0.776581 0.284089 0.446838
4 0.823222 0.846466 0.352456 0.289702
3 0.860494 0.267293 0.279011 0.534586
3 0.934027 0.38521 0.131946 0.451279
3 0.608451 0.253359 0.617448 0.506717
4 0.938707 0.756663 0.122587 0.476237
2 0.17495 0.698574 0.349901 0.374395
0 0.75359 0.844215 0.225704 0.287216
3 0.694103 0.32043 0.611793 0.640861
3 0.15313 0.729141 0.303873 0.541717
3 0.407387 0.555178 0.201365 0.540741
3 0.674325 0.33972 0.474802 0.677751
3 0.512711 0.482053 0.231313 0.608056
3 0.602252 0.0549976 0.699448 0.109995
3 0.432911 0.435506 0.436693 0.86231
1 0.939149 0.450442 0.121701 0.266422
3 0.633994 0.0987069 0.701341 0.197414
0 0.860494 0.267293 0.279011 0.534586
4 0.15313 0.729141 0.303873 0.541717
3 0.47179 0.257225 0.510541 0.511613
3 0.942448 0.773297 0.115105 0.453406
3 0.631037 0.630528 0.207374 0.345989
3 0.850257 0.761482 0.299486 0.477036
3 0.69568 0.553274 0.123955 0.158044
3 0.0302201 0.33605 0.0604403 0.648617
4 0.796483 0.759085 0.356447 0.452885
0 0.823325 0.822152 0.35335 0.355696
4 0.172095 0.750394 0.341948 0.467085
3 0.352076 0.676123 0.19728 0.485494
0 0.80156 0.268403 0.39688 0.536806
0 0.894699 0.189147 0.210601 0.378294
3 0.279942 0.442019 0.411775 0.859052
3 0.587735 0.839471 0.38769 0.296731
3 0.17403 0.697637 0.346606 0.387101
3 0.418553 0.0474444 0.837107 0.0948888
3 0.911366 0.340753 0.143842 0.397259
0 0.148241 0.181499 0.296483 0.362997
0 0.28798 0.77399 0.239103 0.452019
3 0.344549 0.845841 0.27729 0.308317
3 0.894699 0.189147 0.210601 0.378294
0 0.69568 0.553274 0.123955 0.158044
3 0.57103 0.628529 0.213678 0.367378
4 0.937951 0.620606 0.124099 0.207131
3 0.428866 0.0778989 0.773041 0.155798
3 0.465105 0.625049 0.176302 0.357164
0 0.817976 0.649719 0.242395 0.597708
3 0.33677 0.310788 0.673539 0.621577
3 0.395119 0.868041 0.306538 0.263917
3 0.516395 0.631518 0.161582 0.363491
4 0.0608823 0.722032 0.121765 0.555936
4 0.823325 0.822152 0.35335 0.355696
3 0.917453 0.270318 0.153138 0.442576
0 0.0303773 0.747954 0.0607546 0.449226
0 0.227467 0.69257 0.295208 0.499646
4 0.213967 0.319781 0.427935 0.613431
3 0.887343 0.366643 0.082597 0.433554
3 0.0255234 0.43482 0.0510468 0.807484
4 0.28798 0.77399 0.239103 0.452019
1 0.923842 0.387446 0.140213 0.47623
3 0.473846 0.868525 0.367822 0.26295
3 0.148241 0.181499 0.296483 0.362997
3 0.881819 0.237964 0.125607 0.475928
4 0.352076 0.676123 0.19728 0.485494
0 0.0302399 0.753263 0.0604797 0.493473
0 0.631037 0.630528 0.207374 0.345989
0 0.564896 0.858503 0.371088 0.282993
3 0.358604 0.398653 0.421154 0.769846
3 0.704678 0.846402 0.286523 0.307197
0 0.516395 0.631518 0.161582 0.363491
0 0.190006 0.457254 0.378032 0.914508
4 0.850257 0.761482 0.299486 0.477036
3 0.470031 0.754714 0.449492 0.472416
3 0.512391 0.125664 0.773673 0.251328
3 0.544481 0.86396 0.35441 0.27208
3 0.817976 0.649719 0.242395 0.597708
3 0.0353281 0.292661 0.0706561 0.585322
3 0.313484 0.740619 0.299724 0.44678
4 0.201583 0.754335 0.357381 0.49133
3 0.419938 0.748735 0.252102 0.461219
0 0.694103 0.32043 0.611793 0.640861
0 0.313484 0.740619 0.299724 0.44678
3 0.0303773 0.747954 0.0607546 0.449226
4 0.306038 0.776581 0.284089 0.446838
3 0.0524349 0.286666 0.10487 0.573331
0 0.03476 0.52126 0.06952 0.738897
3 0.384654 0.119719 0.769309 0.239438
0 0.407417 0.0479037 0.814834 0.0958074
3 0.80156 0.268403 0.39688 0.536806
3 0.555422 0.212005 0.482538 0.42401
3 0.23444 0.366951 0.392594 0.673705
0 0.358867 0.756613 0.279528 0.471902
3 0.942071 0.61579 0.115858 0.20324
0 0.540319 0.286362 0.402743 0.561061
4 0.565292 0.750973 0.415563 0.47695
4 0.923842 0.387446 0.140213 0.47623
3 0.411334 0.629404 0.178882 0.381247
4 0.540319 0.286362 0.402743 0.561061
2 0.817976 0.649719 0.242395 0.597708
0 0.650212 0.744584 0.274313 0.478138
0 0.633994 0.0987069 0.701341 0.197414
3 0.824282 0.377006 0.21339 0.466205
3 0.489377 0.746011 0.314115 0.47999
4 0.0302399 0.753263 0.0604797 0.493473
0 0.942448 0.773297 0.115105 0.453406
0 0.335277 0.840167 0.244263 0.304176
4 0.942448 0.773297 0.115105 0.453406
0 0.72697 0.585816 0.117545 0.218247
4 0.704678 0.846402 0.286523 0.307197
0 0.306038 0.776581 0.284089 0.446838
3 0.749234 0.372458 0.370837 0.57142
4 0.0303773 0.747954 0.0607546 0.449226
0 0.213967 0.319781 0.427935 0.613431
3 0.0302399 0.753263 0.0604797 0.493473
0 0.483261 0.861382 0.343781 0.260684
3 0.101481 0.360299 0.202962 0.672109
3 0.650212 0.744584 0.274313 0.478138
0 0.719903 0.741201 0.482997 0.49606
0 0.0255234 0.43482 0.0510468 0.807484
4 0.21432 0.459002 0.42864 0.892029
3 0.257499 0.290469 0.376865 0.573034
3 0.389399 0.842481 0.293712 0.295797
0 0.596031 0.0616967 0.723826 0.123393
1 0.911366 0.340753 0.143842 0.397259
1 0.942071 0.61579 0.115858 0.20324
0 0.704678 0.846402 0.286523 0.307197
4 0.407417 0.0479037 0.814834 0.0958074
3 0.824334 0.466721 0.221203 0.643593
0 0.57103 0.628529 0.213678 0.367378
0 0.384654 0.119719 0.769309 0.239438
0 0.850257 0.761482 0.299486 0.477036
3 0.358867 0.756613 0.279528 0.471902
0 0.419938 0.748735 0.252102 0.461219
0 0.428866 0.0778989 0.773041 0.155798
0 0.517338 0.865675 0.35336 0.268649
4 0.375254 0.276124 0.67916 0.552248
3 0.069556 0.691242 0.139112 0.365991
0 0.465105 0.625049 0.176302 0.357164
4 0.890883 0.236324 0.105494 0.467894
4 0.926057 0.252082 0.147887 0.479247
2 0.823802 0.751011 0.352396 0.472211
3 0.49557 0.859161 0.366497 0.261929
4 0.93789 0.66421 0.12422 0.294099
4 0.75359 0.844215 0.225704 0.287216
0 0.411334 0.629404 0.178882 0.381247
1 0.749234 0.372458 0.370837 0.57142
3 0.16139 0.3019 0.32278 0.6038
3 0.0608823 0.722032 0.121765 0.555936
4 0.446795 0.755949 0.430366 0.46882
0 0.344549 0.845841 0.27729 0.308317
0 0.489377 0.746011 0.314115 0.47999
0 0.201583 0.754335 0.357381 0.49133
4 0.911366 0.340753 0.143842 0.397259
4 0.545893 0.430396 0.390775 0.850435
3 0.335277 0.840167 0.244263 0.304176
4 0.719903 0.741201 0.482997 0.49606
4 0.47179 0.257225 0.510541 0.511613
3 0.121515 0.317472 0.243029 0.634944
4 0.335277 0.840167 0.244263 0.304176
0 0.512391 0.125664 0.773673 0.251328
4 0.148241 0.181499 0.296483 0.362997
0 0.879644 0.454767 0.158553 0.610766
4 0.555422 0.212005 0.482538 0.42401
0 0.555422 0.212005 0.482538 0.42401
0 0.379455 0.85918 0.260176 0.264419
4 0.894699 0.189147 0.210601 0.378294
4 0.473846 0.868525 0.367822 0.26295
4 0.411334 0.629404 0.178882 0.381247
4 0.428866 0.0778989 0.773041 0.155798
4 0.0524349 0.286666 0.10487 0.573331
0 0.0524349 0.286666 0.10487 0.573331
4 0.564896 0.858503 0.371088 0.282993
1 0.49557 0.859161 0.366497 0.261929
4 0.483261 0.861382 0.343781 0.260684
0 0.32046 0.200651 0.640921 0.401302
4 0.0302201 0.33605 0.0604403 0.648617
4 0.694103 0.32043 0.611793 0.640861
4 0.101481 0.360299 0.202962 0.672109
0 0.352076 0.676123 0.19728 0.485494
4 0.596031 0.0616967 0.723826 0.123393
1 0.587735 0.839471 0.38769 0.296731
4 0.589873 0.111773 0.771299 0.223545
3 0.719903 0.741201 0.482997 0.49606
0 0.545893 0.430396 0.390775 0.850435
3 0.212111 0.752527 0.316244 0.477353
1 0.823901 0.739538 0.352199 0.49443
4 0.516395 0.631518 0.161582 0.363491
4 0.344549 0.845841 0.27729 0.308317
4 0.941362 0.560138 0.117275 0.104632
3 0.32046 0.200651 0.640921 0.401302
0 0.47179 0.257225 0.510541 0.511613
4 0.860494 0.267293 0.279011 0.534586
3 0.176279 0.227107 0.352557 0.454215
0 0.395119 0.868041 0.306538 0.263917
4 0.0353281 0.292661 0.0706561 0.585322
4 0.344704 0.480539 0.226437 0.821187
4 0.602017 0.404657 0.325489 0.793679
4 0.917453 0.270318 0.153138 0.442576
1 0.335277 0.840167 0.244263 0.304176
2 0.56885 0.856338 0.388859 0.263966
4 0.556622 0.85885 0.363566 0.262179
4 0.358867 0.756613 0.279528 0.471902
4 0.313484 0.740619 0.299724 0.44678
4 0.395119 0.868041 0.306538 0.263917
4 0.0255234 0.43482 0.0510468 0.807484
1 0.358867 0.756613 0.279528 0.471902
0 0.0353281 0.292661 0.0706561 0.585322
4 0.69568 0.553274 0.123955 0.158044
1 0.819875 0.846922 0.34657 0.287182
0 0.197956 0.232315 0.395911 0.464631
1 0.313484 0.740619 0.299724 0.44678
2 0.15313 0.729141 0.303873 0.541717
1 0.446795 0.755949 0.430366 0.46882
4 0.465105 0.625049 0.176302 0.357164
2 0.579657 0.739601 0.363593 0.496474
1 0.890883 0.236324 0.105494 0.467894
4 0.80156 0.268403 0.39688 0.536806
0 0.8159 0.402021 0.228211 0.512202
0 0.608451 0.253359 0.617448 0.506717
1 0.205982 0.442366 0.409958 0.871786
3 0.798512 0.84532 0.304125 0.278336
2 0.419938 0.748735 0.252102 0.461219
4 0.419938 0.748735 0.252102 0.461219
1 0.942071 0.767799 0.115858 0.464402
2 0.0608823 0.722032 0.121765 0.555936
2 0.823704 0.824093 0.351485 0.330495
4 0.379455 0.85918 0.260176 0.264419
4 0.512711 0.482053 0.231313 0.608056
0 0.0302201 0.33605 0.0604403 0.648617
4 0.57103 0.628529 0.213678 0.367378
1 0.379455 0.85918 0.260176 0.264419
4 0.121515 0.317472 0.243029 0.634944
2 0.212111 0.752527 0.316244 0.477353
4 0.656294 0.503527 0.210801 0.534365
4 0.608451 0.253359 0.617448 0.506717
2 0.489377 0.746011 0.314115 0.47999
3 0.248665 0.242107 0.497329 0.484213
4 0.468311 0.547304 0.194727 0.489284
4 0.631037 0.630528 0.207374 0.345989
2 0.21463 0.29415 0.426653 0.560507
2 0.922683 0.38071 0.125754 0.476893
2 0.674325 0.33972 0.474802 0.677751
