0 0.0286141 0.679536 0.0521626 0.240018
1 0.0286141 0.679536 0.0521626 0.240018
0 0.0302261 0.62378 0.0564963 0.342994
0 0.110602 0.694456 0.215814 0.420551
0 0.381024 0.573817 0.642817 0.787612
0 0.732083 0.70706 0.535833 0.565449
0 0.368183 0.736766 0.670078 0.510397
0 0.791022 0.455444 0.417955 0.745671
0 0.408743 0.547168 0.0614511 0.0738846
0 0.80359 0.765964 0.392821 0.454895
0 0.099694 0.680143 0.193637 0.293187
0 0.0311253 0.735522 0.0576031 0.373642
4 0.0293024 0.679404 0.0525565 0.258615
0 0.49445 0.683411 0.466115 0.586454
0 0.0315103 0.756844 0.0630205 0.470061
0 0.712326 0.49956 0.574775 0.989647
3 0.750865 0.735549 0.486372 0.528903
3 0.703647 0.492172 0.59187 0.97476
3 0.298557 0.503541 0.597114 0.992919
3 0.817266 0.670978 0.365469 0.658044
4 0.714105 0.731411 0.57163 0.510944
3 0.814249 0.759516 0.371502 0.480968
0 0.0292299 0.528394 0.0584598 0.527091
3 0.926362 0.633196 0.147276 0.710804
1 0.0302261 0.62378 0.0564963 0.342994
3 0.822335 0.785565 0.355331 0.428869
3 0.170803 0.788962 0.318885 0.422076
0 0.608763 0.0873115 0.782474 0.174623
3 0.0954077 0.788002 0.188661 0.423996
0 0.515747 0.0685868 0.967309 0.137174
0 0.501466 0.0361345 0.955268 0.072269
3 0.672753 0.723511 0.543854 0.552979
0 0.720352 0.613032 0.558576 0.57642
0 0.436188 0.494502 0.429956 0.944486
0 0.0371954 0.564598 0.0743909 0.450811
3 0.274945 0.281753 0.54989 0.556094
0 0.259781 0.780836 0.485029 0.421608
3 0.512857 0.505153 0.779719 0.989694
3 0.200927 0.191167 0.401854 0.382334
3 0.321563 0.494608 0.50846 0.986482
2 0.0291005 0.670259 0.058201 0.258351
3 0.49445 0.683411 0.466115 0.586454
0 0.571589 0.74206 0.427455 0.485076
3 0.933383 0.799079 0.133234 0.401842
3 0.935275 0.336671 0.12945 0.636501
3 0.686834 0.0875645 0.626332 0.175129
0 0.200927 0.191167 0.401854 0.382334
4 0.425727 0.75349 0.57164 0.475621
3 0.207097 0.774879 0.352933 0.450243
4 0.0954077 0.788002 0.188661 0.423996
3 0.597903 0.713927 0.432906 0.572146
3 0.156376 0.420029 0.312752 0.778497
3 0.332531 0.768911 0.591472 0.462179
0 0.930185 0.803732 0.139629 0.392536
3 0.827727 0.417354 0.344545 0.792089
3 0.381024 0.573817 0.642817 0.787612
0 0.218411 0.724812 0.436823 0.528586
3 0.349882 0.674076 0.698361 0.627353
0 0.769956 0.0677844 0.460087 0.135569
0 0.449075 0.758711 0.533222 0.464748
3 0.738706 0.328337 0.522589 0.656674
0 0.165874 0.745183 0.331748 0.48214
4 0.71213 0.501222 0.57574 0.990931
3 0.567993 0.466526 0.745777 0.907813
4 0.381024 0.573817 0.642817 0.787612
3 0.925791 0.796965 0.148418 0.40607
3 0.52279 0.735466 0.41082 0.529068
3 0.426238 0.747299 0.583148 0.505403
3 0.941539 0.541892 0.116922 0.768502
0 0.0334758 0.76134 0.0669515 0.47732
0 0.389788 0.125857 0.779575 0.251714
3 0.0937681 0.674813 0.182802 0.259688
0 0.0440896 0.762624 0.0881793 0.474753
0 0.817266 0.670978 0.365469 0.658044
4 0.49445 0.683411 0.466115 0.586454
3 0.593451 0.0801466 0.813099 0.160293
3 0.71215 0.673445 0.575701 0.629386
3 0.605311 0.694749 0.502455 0.586278
3 0.436188 0.494502 0.429956 0.944486
3 0.392389 0.504139 0.518707 0.991723
4 0.817266 0.670978 0.365469 0.658044
0 0.111481 0.623382 0.218086 0.346085
0 0.367961 0.280704 0.408166 0.557002
3 0.214368 0.501507 0.428737 0.996985
3 0.802649 0.279969 0.394701 0.559938
0 0.662888 0.316787 0.674225 0.633573
3 0.52178 0.0591397 0.95644 0.118279
3 0.218411 0.724812 0.436823 0.528586
4 0.822335 0.785565 0.355331 0.428869
3 0.168931 0.222606 0.337861 0.440192
4 0.436188 0.494502 0.429956 0.944486
0 0.795107 0.263231 0.409786 0.526461
4 0.926362 0.633196 0.147276 0.710804
3 0.0913307 0.216361 0.182661 0.432722
3 0.534824 0.740597 0.460152 0.504345
4 0.804295 0.441667 0.39141 0.877379
4 0.672753 0.723511 0.543854 0.552979
0 0.65597 0.729648 0.540195 0.540704
0 0.0986978 0.790209 0.197396 0.419581
3 0.0442099 0.23866 0.0884198 0.477321
0 0.288234 0.270435 0.535725 0.526013
4 0.157346 0.788026 0.273275 0.423949
0 0.402495 0.331483 0.500154 0.657919
4 0.855747 0.765824 0.288506 0.468353
4 0.0440896 0.762624 0.0881793 0.474753
4 0.933383 0.799079 0.133234 0.401842
4 0.515747 0.0685868 0.967309 0.137174
4 0.0302261 0.62378 0.0564963 0.342994
3 0.196698 0.333099 0.390043 0.661611
3 0.413547 0.121824 0.827094 0.243649
0 0.52279 0.735466 0.41082 0.529068
4 0.930185 0.803732 0.139629 0.392536
3 0.255465 0.170623 0.51093 0.341246
0 0.426238 0.747299 0.583148 0.505403
4 0.608763 0.0873115 0.782474 0.174623
3 0.175405 0.660552 0.35081 0.52647
3 0.501466 0.0361345 0.955268 0.072269
4 0.0292299 0.528394 0.0584598 0.527091
4 0.781553 0.736735 0.436893 0.52653
4 0.165874 0.745183 0.331748 0.48214
4 0.534824 0.740597 0.460152 0.504345
3 0.307183 0.109741 0.614365 0.219482
3 0.0395257 0.776876 0.0786983 0.446248
3 0.926633 0.267611 0.146734 0.535222
4 0.274945 0.281753 0.54989 0.556094
4 0.0371954 0.564598 0.0743909 0.450811
1 0.211075 0.75107 0.42215 0.486439
0 0.229952 0.315028 0.45776 0.62326
0 0.307183 0.109741 0.614365 0.219482
3 0.769956 0.0677844 0.460087 0.135569
3 0.0398343 0.369049 0.0796686 0.738097
0 0.499838 0.231435 0.912183 0.46287
0 0.255465 0.170623 0.51093 0.341246
2 0.110602 0.694456 0.215814 0.420551
4 0.471698 0.49447 0.626465 0.979807
0 0.855747 0.765824 0.288506 0.468353
4 0.501466 0.0361345 0.955268 0.072269
4 0.746138 0.513173 0.507725 0.67488
4 0.926633 0.267611 0.146734 0.535222
4 0.605311 0.694749 0.502455 0.586278
3 0.0280614 0.406964 0.0561228 0.767377
4 0.0334758 0.76134 0.0669515 0.47732
4 0.321563 0.494608 0.50846 0.986482
3 0.0371954 0.564598 0.0743909 0.450811
4 0.941539 0.541892 0.116922 0.768502
4 0.769956 0.0677844 0.460087 0.135569
4 0.402495 0.331483 0.500154 0.657919
3 0.622253 0.295087 0.755493 0.590173
4 0.935275 0.336671 0.12945 0.636501
3 0.111481 0.623382 0.218086 0.346085
0 0.0913307 0.216361 0.182661 0.432722
4 0.597903 0.713927 0.432906 0.572146
4 0.52279 0.735466 0.41082 0.529068
4 0.207097 0.774879 0.352933 0.450243
0 0.0280614 0.406964 0.0561228 0.767377
4 0.720352 0.613032 0.558576 0.57642
0 0.567993 0.466526 0.745777 0.907813
3 0.513729 0.261246 0.927027 0.522492
3 0.406389 0.765412 0.608621 0.450313
1 0.837833 0.788631 0.324334 0.422738
1 0.370112 0.755547 0.654003 0.462715
4 0.214368 0.501507 0.428737 0.996985
3 0.703475 0.248399 0.568369 0.487427
4 0.134663 0.216944 0.269326 0.418228
4 0.802649 0.279969 0.394701 0.559938
4 0.286786 0.772659 0.491442 0.454682
4 0.356754 0.261854 0.430154 0.506482
3 0.0334758 0.76134 0.0669515 0.47732
3 0.402495 0.331483 0.500154 0.657919
2 0.0315103 0.756844 0.0630205 0.470061
3 0.106995 0.412404 0.213989 0.790838
2 0.7202 0.721478 0.5596 0.539949
4 0.324774 0.720259 0.644853 0.533763
0 0.933383 0.799079 0.133234 0.401842
0 0.941119 0.39922 0.117763 0.728727
4 0.375988 0.754468 0.655067 0.491064
4 0.156376 0.420029 0.312752 0.778497
2 0.335764 0.736509 0.649529 0.514099
4 0.0315103 0.756844 0.0630205 0.470061
0 0.134663 0.216944 0.269326 0.418228
0 0.926362 0.633196 0.147276 0.710804
0 0.926633 0.267611 0.146734 0.535222
4 0.218411 0.724812 0.436823 0.528586
4 0.662888 0.316787 0.674225 0.633573
3 0.27337 0.7698 0.507299 0.440021
4 0.200927 0.191167 0.401854 0.382334
0 0.597903 0.713927 0.432906 0.572146
0 0.157346 0.788026 0.273275 0.423949
4 0.392389 0.504139 0.518707 0.991723
1 0.202526 0.237166 0.40114 0.461001
3 0.746138 0.513173 0.507725 0.67488
4 0.0937681 0.674813 0.182802 0.259688
4 0.51154 0.504605 0.729281 0.99079
4 0.418798 0.259595 0.820913 0.51919
4 0.0280614 0.406964 0.0561228 0.767377
3 0.223682 0.242562 0.447365 0.485123
4 0.0913307 0.216361 0.182661 0.432722
3 0.486338 0.274127 0.70669 0.536496
0 0.835096 0.373453 0.329808 0.735773
1 0.754803 0.711702 0.490394 0.560431
4 0.196698 0.333099 0.390043 0.661611
0 0.941539 0.541892 0.116922 0.768502
4 0.298557 0.503541 0.597114 0.992919
0 0.19792 0.231242 0.39584 0.462483
0 0.214368 0.501507 0.428737 0.996985
0 0.332531 0.768911 0.591472 0.462179
1 0.0371954 0.564598 0.0743909 0.450811
0 0.207097 0.774879 0.352933 0.450243
0 0.0442099 0.23866 0.0884198 0.477321
0 0.175405 0.660552 0.35081 0.52647
4 0.0398343 0.369049 0.0796686 0.738097
4 0.223682 0.242562 0.447365 0.485123
4 0.714637 0.274571 0.570726 0.547134
4 0.413547 0.121824 0.827094 0.243649
4 0.111481 0.623382 0.218086 0.346085
0 0.714637 0.274571 0.570726 0.547134
2 0.421431 0.757329 0.598899 0.462846
2 0.650516 0.232099 0.698967 0.464198
4 0.217431 0.159844 0.434862 0.319688
3 0.0292299 0.528394 0.0584598 0.527091
0 0.781553 0.736735 0.436893 0.52653
1 0.492336 0.274074 0.795717 0.54312
4 0.0442099 0.23866 0.0884198 0.477321
4 0.528083 0.18255 0.861686 0.365101
4 0.350359 0.0968205 0.700718 0.193641
2 0.0311253 0.735522 0.0576031 0.373642
0 0.156376 0.420029 0.312752 0.778497
1 0.206712 0.500576 0.413423 0.986736
0 0.321563 0.494608 0.50846 0.986482
1 0.0292299 0.528394 0.0584598 0.527091
1 0.795107 0.263231 0.409786 0.526461
4 0.623633 0.22065 0.752735 0.4413
1 0.257593 0.265882 0.503402 0.516123
2 0.930185 0.803732 0.139629 0.392536
1 0.099694 0.680143 0.193637 0.293187
2 0.099694 0.680143 0.193637 0.293187
0 0.392389 0.504139 0.518707 0.991723
3 0.528083 0.18255 0.861686 0.365101
1 0.714637 0.274571 0.570726 0.547134
2 0.0300676 0.604321 0.0601352 0.38661
3 0.0311253 0.735522 0.0576031 0.373642
4 0.175405 0.660552 0.35081 0.52647
3 0.367961 0.280704 0.408166 0.557002
1 0.930185 0.803732 0.139629 0.392536
3 0.111734 0.223624 0.223467 0.426867
2 0.941539 0.541892 0.116922 0.768502
0 0.0398343 0.369049 0.0796686 0.738097
0 0.591126 0.168029 0.780145 0.336058
3 0.0293024 0.679404 0.0525565 0.258615
2 0.214368 0.501507 0.428737 0.996985
2 0.259781 0.780836 0.485029 0.421608
3 0.0302261 0.62378 0.0564963 0.342994
2 0.935275 0.336671 0.12945 0.636501
2 0.795107 0.263231 0.409786 0.526461
2 0.0292299 0.528394 0.0584598 0.527091
2 0.0986978 0.790209 0.197396 0.419581
2 0.269424 0.260624 0.536551 0.521248
2 0.794179 0.409586 0.411642 0.807596
4 0.089044 0.360605 0.178088 0.705531
4 0.0311253 0.735522 0.0576031 0.373642
1 0.406223 0.258518 0.508033 0.503052
2 0.933383 0.799079 0.133234 0.401842
1 0.283451 0.506295 0.566902 0.98741
1 0.817266 0.670978 0.365469 0.658044
2 0.49445 0.683411 0.466115 0.586454
2 0.332531 0.768911 0.591472 0.462179
1 0.196698 0.333099 0.390043 0.661611
0 0.578267 0.262529 0.793909 0.520787
1 0.623633 0.22065 0.752735 0.4413
2 0.318518 0.502684 0.637035 0.98014
0 0.51154 0.504605 0.729281 0.99079
1 0.791022 0.455444 0.417955 0.745671
2 0.162813 0.63417 0.322939 0.457111
2 0.0440896 0.762624 0.0881793 0.474753
0 0.089044 0.360605 0.178088 0.705531
1 0.65597 0.729648 0.540195 0.540704
2 0.926362 0.633196 0.147276 0.710804
1 0.926362 0.633196 0.147276 0.710804
2 0.52279 0.735466 0.41082 0.529068
2 0.0334758 0.76134 0.0669515 0.47732
2 0.597903 0.713927 0.432906 0.572146
2 0.134663 0.216944 0.269326 0.418228
2 0.174148 0.42022 0.348295 0.825868
2 0.381024 0.573817 0.642817 0.787612
2 0.769956 0.0677844 0.460087 0.135569
2 0.774673 0.657112 0.450654 0.652405
2 0.571589 0.74206 0.427455 0.485076
1 0.536564 0.738945 0.400433 0.49225
2 0.157346 0.788026 0.273275 0.423949
2 0.111481 0.623382 0.218086 0.346085
1 0.162813 0.63417 0.322939 0.457111
1 0.939002 0.44503 0.121997 0.729221
2 0.672753 0.723511 0.543854 0.552979
2 0.200927 0.191167 0.401854 0.382334
0 0.298557 0.503541 0.597114 0.992919
2 0.80359 0.765964 0.392821 0.454895
2 0.217431 0.159844 0.434862 0.319688
2 0.528083 0.18255 0.861686 0.365101
2 0.218411 0.724812 0.436823 0.528586
2 0.307183 0.109741 0.614365 0.219482
0 0.0286162 0.679516 0.05217 0.240029
1 0.0286162 0.679516 0.05217 0.240029
0 0.0302298 0.623851 0.056501 0.342959
0 0.110636 0.694725 0.215896 0.421168
0 0.380848 0.570859 0.643365 0.793611
0 0.732097 0.707652 0.535805 0.564213
0 0.368195 0.736363 0.670337 0.511268
0 0.791254 0.451266 0.417493 0.737636
0 0.408754 0.547183 0.0614359 0.0738733
0 0.803654 0.766019 0.392692 0.45475
0 0.0998781 0.680196 0.194024 0.293361
0 0.0311295 0.735594 0.0576242 0.373647
4 0.0293044 0.679392 0.0525644 0.258589
0 0.493562 0.680247 0.468501 0.592779
0 0.0315182 0.756661 0.0630365 0.469433
0 0.712318 0.499539 0.574738 0.989554
3 0.750452 0.735672 0.487154 0.528655
3 0.703752 0.491833 0.591675 0.974028
3 0.298617 0.503555 0.597234 0.992889
3 0.816829 0.670541 0.366342 0.658918
4 0.714123 0.731778 0.571614 0.510351
3 0.814206 0.759299 0.371588 0.481401
3 0.926186 0.634263 0.147627 0.70801
0 0.02925 0.528735 0.0585001 0.526395
1 0.0302298 0.623851 0.056501 0.342959
3 0.170541 0.788908 0.318417 0.422184
3 0.822318 0.785619 0.355364 0.428762
3 0.0954082 0.78788 0.188671 0.424239
3 0.673491 0.723559 0.544667 0.552882
0 0.608812 0.087544 0.782377 0.175088
0 0.515814 0.0691056 0.967346 0.138211
0 0.501575 0.0363307 0.955114 0.0726614
0 0.720816 0.608833 0.557641 0.563229
3 0.274986 0.281884 0.549973 0.556251
0 0.435463 0.493802 0.437053 0.946967
0 0.0372306 0.564584 0.0744613 0.450859
3 0.512991 0.505173 0.777754 0.989655
3 0.200198 0.191312 0.400397 0.382623
0 0.259647 0.780867 0.484955 0.421634
3 0.322902 0.494539 0.508377 0.986276
2 0.0290985 0.670317 0.0581969 0.258244
3 0.493562 0.680247 0.468501 0.592779
3 0.933375 0.799161 0.13325 0.401677
3 0.935231 0.336786 0.129538 0.636712
3 0.687049 0.0878147 0.625902 0.175629
0 0.574054 0.742064 0.43043 0.485169
4 0.425755 0.753505 0.571657 0.475592
3 0.206982 0.774777 0.352633 0.450446
4 0.0954082 0.78788 0.188671 0.424239
3 0.598907 0.713764 0.43351 0.572473
3 0.156498 0.42027 0.312997 0.778221
3 0.332476 0.76894 0.591213 0.462121
0 0.200198 0.191312 0.400397 0.382623
3 0.827712 0.416726 0.344575 0.790793
3 0.380848 0.570859 0.643365 0.793611
3 0.349833 0.671414 0.698351 0.632779
3 0.73924 0.328261 0.521519 0.656522
3 0.568974 0.464306 0.742968 0.903037
4 0.712133 0.501181 0.575734 0.990929
4 0.380848 0.570859 0.643365 0.793611
0 0.930228 0.803882 0.139545 0.392236
0 0.218529 0.725028 0.437059 0.528351
0 0.770168 0.0680361 0.459665 0.136072
3 0.925676 0.797348 0.148648 0.405305
3 0.523055 0.735344 0.410608 0.529311
0 0.448196 0.758613 0.535338 0.46502
0 0.165911 0.745256 0.331823 0.4823
3 0.425846 0.747278 0.584246 0.505444
3 0.941527 0.541446 0.116946 0.765197
3 0.0939174 0.674829 0.183107 0.25974
0 0.0334878 0.761255 0.0669755 0.47749
0 0.389395 0.129239 0.778791 0.258479
4 0.493562 0.680247 0.468501 0.592779
0 0.0440912 0.762539 0.0881824 0.474922
3 0.593475 0.0808898 0.813049 0.16178
3 0.712143 0.673437 0.575713 0.62911
0 0.816829 0.670541 0.366342 0.658918
3 0.605982 0.694128 0.503962 0.587575
3 0.435463 0.493802 0.437053 0.946967
3 0.392668 0.504145 0.51757 0.99171
4 0.816829 0.670541 0.366342 0.658918
3 0.214664 0.501531 0.429328 0.996939
0 0.11177 0.623444 0.218668 0.346062
3 0.802793 0.279884 0.394414 0.559767
0 0.368218 0.280702 0.407747 0.556981
3 0.521779 0.0596077 0.956441 0.119215
4 0.822318 0.785619 0.355364 0.428762
3 0.218529 0.725028 0.437059 0.528351
3 0.168855 0.222629 0.33771 0.440034
0 0.663517 0.316639 0.672965 0.633279
4 0.435463 0.493802 0.437053 0.946967
4 0.926186 0.634263 0.147627 0.70801
3 0.0912038 0.216283 0.182408 0.432565
3 0.535158 0.740598 0.460222 0.504383
4 0.673491 0.723559 0.544667 0.552882
0 0.795203 0.263316 0.409594 0.526632
4 0.804475 0.440627 0.391049 0.875268
3 0.0447981 0.238748 0.0895962 0.477496
4 0.157295 0.787925 0.273104 0.424149
4 0.855532 0.765947 0.288936 0.468105
4 0.0440912 0.762539 0.0881824 0.474922
4 0.933375 0.799161 0.13325 0.401677
4 0.0302298 0.623851 0.056501 0.342959
3 0.196586 0.333879 0.389834 0.663166
3 0.413039 0.124098 0.826078 0.248196
4 0.515814 0.0691056 0.967346 0.138211
4 0.930228 0.803882 0.139545 0.392236
0 0.0986467 0.790108 0.197293 0.419784
3 0.254519 0.173793 0.509037 0.347586
0 0.288554 0.270541 0.53539 0.526223
0 0.402383 0.33012 0.499586 0.655165
4 0.608812 0.087544 0.782377 0.175088
4 0.781519 0.736605 0.436961 0.52679
3 0.175395 0.660501 0.35079 0.525665
3 0.501575 0.0363307 0.955114 0.0726614
4 0.02925 0.528735 0.0585001 0.526395
0 0.523055 0.735344 0.410608 0.529311
4 0.535158 0.740598 0.460222 0.504383
4 0.165911 0.745256 0.331823 0.4823
3 0.306657 0.113631 0.613314 0.227263
0 0.425846 0.747278 0.584246 0.505444
3 0.0395328 0.776845 0.0786896 0.446309
3 0.926585 0.267606 0.146829 0.535212
4 0.0372306 0.564584 0.0744613 0.450859
4 0.274986 0.281884 0.549973 0.556251
1 0.211004 0.75104 0.422008 0.486688
3 0.770168 0.0680361 0.459665 0.136072
3 0.0401821 0.369118 0.0803642 0.738236
0 0.229857 0.316302 0.457639 0.625734
0 0.306657 0.113631 0.613314 0.227263
4 0.471419 0.493984 0.624705 0.978754
2 0.110636 0.694725 0.215896 0.421168
0 0.500063 0.231758 0.911806 0.463516
4 0.926585 0.267606 0.146829 0.535212
4 0.74672 0.510362 0.50656 0.656355
0 0.254519 0.173793 0.509037 0.347586
4 0.501575 0.0363307 0.955114 0.0726614
4 0.605982 0.694128 0.503962 0.587575
0 0.855532 0.765947 0.288936 0.468105
4 0.322902 0.494539 0.508377 0.986276
3 0.0281639 0.406997 0.0563278 0.767324
4 0.0334878 0.761255 0.0669755 0.47749
3 0.0372306 0.564584 0.0744613 0.450859
4 0.941527 0.541446 0.116946 0.765197
4 0.402383 0.33012 0.499586 0.655165
4 0.770168 0.0680361 0.459665 0.136072
3 0.622686 0.294919 0.754627 0.589837
4 0.935231 0.336786 0.129538 0.636712
3 0.11177 0.623444 0.218668 0.346062
4 0.598907 0.713764 0.43351 0.572473
4 0.206982 0.774777 0.352633 0.450446
4 0.523055 0.735344 0.410608 0.529311
3 0.513822 0.261791 0.926532 0.523582
4 0.720816 0.608833 0.557641 0.563229
1 0.83785 0.788788 0.324301 0.422424
3 0.406289 0.765377 0.609231 0.450451
0 0.0912038 0.216283 0.182408 0.432565
4 0.214664 0.501531 0.429328 0.996939
3 0.703906 0.248744 0.567554 0.488185
1 0.370185 0.755539 0.654217 0.462792
0 0.0281639 0.406997 0.0563278 0.767324
4 0.134664 0.216973 0.269328 0.418205
4 0.802793 0.279884 0.394414 0.559767
4 0.286793 0.772655 0.491318 0.45469
0 0.568974 0.464306 0.742968 0.903037
3 0.0334878 0.761255 0.0669755 0.47749
4 0.357451 0.261867 0.428786 0.506531
3 0.402383 0.33012 0.499586 0.655165
2 0.0315182 0.756661 0.0630365 0.469433
3 0.107345 0.412451 0.214691 0.79092
2 0.720209 0.721943 0.559582 0.539128
4 0.375829 0.754487 0.655595 0.491025
4 0.324829 0.720456 0.64496 0.533517
4 0.156498 0.42027 0.312997 0.778221
4 0.0315182 0.756661 0.0630365 0.469433
2 0.335775 0.736595 0.649575 0.514051
4 0.218529 0.725028 0.437059 0.528351
0 0.941086 0.398502 0.117828 0.72736
0 0.933375 0.799161 0.13325 0.401677
4 0.663517 0.316639 0.672965 0.633279
0 0.134664 0.216973 0.269328 0.418205
3 0.273381 0.769841 0.507529 0.440008
4 0.200198 0.191312 0.400397 0.382623
4 0.392668 0.504145 0.51757 0.99171
0 0.926186 0.634263 0.147627 0.70801
1 0.202459 0.237036 0.401015 0.460834
0 0.926585 0.267606 0.146829 0.535212
3 0.74672 0.510362 0.50656 0.656355
4 0.0939174 0.674829 0.183107 0.25974
0 0.598907 0.713764 0.43351 0.572473
0 0.157295 0.787925 0.273104 0.424149
4 0.511054 0.504613 0.727959 0.990774
4 0.0281639 0.406997 0.0563278 0.767324
3 0.223689 0.242413 0.447378 0.484826
4 0.41626 0.259468 0.815179 0.518936
4 0.0912038 0.216283 0.182408 0.432565
3 0.486519 0.274306 0.705061 0.536801
1 0.75477 0.712377 0.49046 0.559079
4 0.196586 0.333879 0.389834 0.663166
4 0.298617 0.503555 0.597234 0.992889
0 0.835136 0.373512 0.329729 0.735869
1 0.0372306 0.564584 0.0744613 0.450859
0 0.941527 0.541446 0.116946 0.765197
0 0.673491 0.723559 0.544667 0.552882
0 0.197823 0.231126 0.395647 0.462253
4 0.0401821 0.369118 0.0803642 0.738236
4 0.223689 0.242413 0.447378 0.484826
0 0.214664 0.501531 0.429328 0.996939
0 0.332476 0.76894 0.591213 0.462121
4 0.71485 0.274955 0.5703 0.547895
4 0.413039 0.124098 0.826078 0.248196
0 0.175395 0.660501 0.35079 0.525665
0 0.206982 0.774777 0.352633 0.450446
0 0.0447981 0.238748 0.0895962 0.477496
4 0.11177 0.623444 0.218668 0.346062
2 0.650784 0.232174 0.698432 0.464347
2 0.4207 0.757248 0.60055 0.463059
3 0.02925 0.528735 0.0585001 0.526395
1 0.492722 0.274281 0.794535 0.543447
4 0.216134 0.161335 0.432267 0.32267
4 0.0447981 0.238748 0.0895962 0.477496
0 0.71485 0.274955 0.5703 0.547895
4 0.528424 0.182753 0.860985 0.365505
0 0.781519 0.736605 0.436961 0.52679
4 0.34987 0.0998212 0.69974 0.199642
1 0.206765 0.50088 0.41353 0.987232
2 0.0311295 0.735594 0.0576242 0.373647
1 0.795203 0.263316 0.409594 0.526632
1 0.02925 0.528735 0.0585001 0.526395
4 0.623693 0.220793 0.752614 0.441586
1 0.257665 0.266067 0.503522 0.516568
0 0.156498 0.42027 0.312997 0.778221
0 0.322902 0.494539 0.508377 0.986276
1 0.0998781 0.680196 0.194024 0.293361
2 0.930228 0.803882 0.139545 0.392236
3 0.528424 0.182753 0.860985 0.365505
2 0.0998781 0.680196 0.194024 0.293361
1 0.71485 0.274955 0.5703 0.547895
2 0.030066 0.604471 0.0601321 0.386387
3 0.0311295 0.735594 0.0576242 0.373647
0 0.392668 0.504145 0.51757 0.99171
4 0.175395 0.660501 0.35079 0.525665
3 0.368218 0.280702 0.407747 0.556981
1 0.930228 0.803882 0.139545 0.392236
3 0.111689 0.223571 0.223379 0.426867
2 0.941527 0.541446 0.116946 0.765197
3 0.0293044 0.679392 0.0525644 0.258589
2 0.214664 0.501531 0.429328 0.996939
0 0.0401821 0.369118 0.0803642 0.738236
0 0.591675 0.168085 0.779055 0.336169
2 0.211004 0.75104 0.422008 0.486688
3 0.0302298 0.623851 0.056501 0.342959
2 0.935231 0.336786 0.129538 0.636712
2 0.795203 0.263316 0.409594 0.526632
2 0.02925 0.528735 0.0585001 0.526395
2 0.0986467 0.790108 0.197293 0.419784
2 0.26957 0.260553 0.536805 0.521107
2 0.79436 0.407295 0.41128 0.802941
4 0.0889187 0.361089 0.177837 0.706446
4 0.0311295 0.735594 0.0576242 0.373647
1 0.406083 0.258549 0.507353 0.503072
2 0.933375 0.799161 0.13325 0.401677
1 0.283557 0.506322 0.567114 0.987356
1 0.816829 0.670541 0.366342 0.658918
2 0.493562 0.680247 0.468501 0.592779
1 0.196586 0.333879 0.389834 0.663166
2 0.332476 0.76894 0.591213 0.462121
1 0.623693 0.220793 0.752614 0.441586
2 0.318669 0.502929 0.637337 0.979879
1 0.791254 0.451266 0.417493 0.737636
2 0.16286 0.634243 0.323067 0.456615
2 0.0440912 0.762539 0.0881824 0.474922
0 0.578974 0.262769 0.792376 0.52121
1 0.658134 0.729765 0.543309 0.54047
0 0.511054 0.504613 0.727959 0.990774
2 0.926186 0.634263 0.147627 0.70801
1 0.926186 0.634263 0.147627 0.70801
0 0.0889187 0.361089 0.177837 0.706446
2 0.523055 0.735344 0.410608 0.529311
2 0.0334878 0.761255 0.0669755 0.47749
2 0.598907 0.713764 0.43351 0.572473
2 0.134664 0.216973 0.269328 0.418205
2 0.174194 0.420211 0.348387 0.825764
2 0.770168 0.0680361 0.459665 0.136072
2 0.774661 0.656753 0.450678 0.651957
2 0.380848 0.570859 0.643365 0.793611
2 0.574054 0.742064 0.43043 0.485169
1 0.519646 0.749432 0.40415 0.495708
2 0.157295 0.787925 0.273104 0.424149
1 0.16286 0.634243 0.323067 0.456615
2 0.11177 0.623444 0.218668 0.346062
1 0.938955 0.444491 0.12209 0.727718
2 0.673491 0.723559 0.544667 0.552882
2 0.200198 0.191312 0.400397 0.382623
2 0.216134 0.161335 0.432267 0.32267
2 0.803654 0.766019 0.392692 0.45475
2 0.528424 0.182753 0.860985 0.365505
0 0.298617 0.503555 0.597234 0.992889
2 0.306657 0.113631 0.613314 0.227263
1 0.607096 0.0879391 0.785807 0.175878
