0 0.76661 0.73122 0.466781 0.516466
0 0.636588 0.733234 0.726824 0.522198
0 0.787583 0.497902 0.424834 0.989691
0 0.811209 0.253474 0.377583 0.503826
0 0.455976 0.74541 0.712716 0.491989
3 0.525929 0.504076 0.943886 0.991849
3 0.791273 0.707507 0.417453 0.584986
3 0.781596 0.503786 0.436808 0.992428
4 0.778125 0.712665 0.443751 0.549706
3 0.184595 0.324254 0.363777 0.645171
3 0.368775 0.500792 0.736055 0.998417
3 0.873677 0.695037 0.252645 0.609926
3 0.843354 0.73092 0.313291 0.538161
0 0.507491 0.0489868 0.985017 0.0979737
3 0.167225 0.587214 0.332977 0.825571
3 0.693519 0.720315 0.589894 0.55937
0 0.353451 0.0404 0.706902 0.0808
4 0.785614 0.494166 0.428772 0.984883
0 0.25351 0.0821244 0.50702 0.164249
3 0.940703 0.762625 0.118595 0.47475
3 0.934365 0.510902 0.131271 0.978196
3 0.32409 0.773227 0.504558 0.453547
3 0.455215 0.753247 0.526057 0.493506
3 0.518042 0.269924 0.942186 0.501476
4 0.597165 0.73222 0.80567 0.513453
3 0.529538 0.741298 0.636371 0.517404
3 0.233897 0.806433 0.461637 0.387134
0 0.0903804 0.848216 0.180761 0.303568
3 0.803529 0.252873 0.392942 0.505747
0 0.940851 0.759132 0.118299 0.481735
3 0.403775 0.489947 0.80452 0.963288
3 0.25351 0.0821244 0.50702 0.164249
4 0.422935 0.754631 0.73874 0.471007
3 0.940448 0.653894 0.119103 0.682659
0 0.14187 0.848505 0.281536 0.30299
3 0.203244 0.5 0.402883 1
3 0.16895 0.844028 0.335457 0.311943
0 0.30374 0.772585 0.59262 0.437389
0 0.533465 0.069139 0.911572 0.138278
3 0.383209 0.702353 0.749347 0.552717
3 0.782746 0.738072 0.433921 0.523856
3 0.940851 0.759132 0.118299 0.481735
3 0.0611206 0.606171 0.122241 0.787658
3 0.501952 0.0366148 0.976928 0.0732296
4 0.940703 0.762625 0.118595 0.47475
3 0.00986499 0.593913 0.01973 0.812174
3 0.959293 0.618265 0.0814134 0.728342
4 0.940448 0.653894 0.119103 0.682659
3 0.367136 0.281792 0.628092 0.550792
4 0.811209 0.253474 0.377583 0.503826
0 0.843354 0.73092 0.313291 0.538161
3 0.285631 0.755368 0.551471 0.480184
3 0.0121777 0.801124 0.0243555 0.397752
0 0.520806 0.500273 0.945307 0.979055
4 0.493621 0.750197 0.572899 0.499607
0 0.369227 0.48829 0.738454 0.971243
3 0.0322981 0.326607 0.0645962 0.653213
3 0.119336 0.336266 0.238671 0.672531
3 0.178592 0.772345 0.353875 0.455309
4 0.873677 0.695037 0.252645 0.609926
0 0.801361 0.119371 0.397278 0.238741
3 0.301489 0.0483604 0.602978 0.0967209
3 0.0232876 0.819335 0.0465753 0.361329
0 0.244722 0.806051 0.479039 0.385145
4 0.513414 0.0590132 0.950806 0.118026
3 0.639729 0.732693 0.684299 0.513575
3 0.0157985 0.58705 0.0315971 0.825899
3 0.775483 0.233606 0.449034 0.467213
4 0.959293 0.618265 0.0814134 0.728342
4 0.946399 0.723789 0.107203 0.552423
4 0.32409 0.773227 0.504558 0.453547
0 0.21849 0.300581 0.430324 0.59173
0 0.0092516 0.635855 0.0185032 0.72829
0 0.940448 0.653894 0.119103 0.682659
4 0.334864 0.500058 0.665642 0.999884
4 0.616151 0.729229 0.598225 0.541543
4 0.199149 0.81381 0.385967 0.372379
4 0.285631 0.755368 0.551471 0.480184
4 0.766653 0.710244 0.46356 0.579512
3 0.513414 0.0590132 0.950806 0.118026
3 0.491116 0.755224 0.63689 0.466967
4 0.515168 0.501788 0.963448 0.996425
3 0.801361 0.119371 0.397278 0.238741
4 0.401849 0.757126 0.491483 0.485749
4 0.843354 0.73092 0.313291 0.538161
3 0.859507 0.237695 0.280986 0.47539
4 0.133178 0.842029 0.264984 0.315943
0 0.928897 0.502718 0.142206 0.994565
0 0.493621 0.750197 0.572899 0.499607
4 0.518042 0.269924 0.942186 0.501476
0 0.577113 0.145375 0.845773 0.290749
4 0.184595 0.324254 0.363777 0.645171
3 0.0266878 0.499706 0.0533755 0.761946
0 0.959293 0.618265 0.0814134 0.728342
0 0.00988291 0.758344 0.0197658 0.483311
0 0.300744 0.0663814 0.601488 0.132763
0 0.0232876 0.819335 0.0465753 0.361329
4 0.0903804 0.848216 0.180761 0.303568
3 0.0723999 0.820209 0.1448 0.359583
4 0.501952 0.0366148 0.976928 0.0732296
4 0.0617442 0.760283 0.123488 0.479435
4 0.934365 0.510902 0.131271 0.978196
4 0.0232876 0.819335 0.0465753 0.361329
4 0.678277 0.498279 0.643323 0.994103
0 0.0157985 0.58705 0.0315971 0.825899
3 0.678277 0.498279 0.643323 0.994103
0 0.037527 0.320117 0.075054 0.640233
0 0.0266878 0.499706 0.0533755 0.761946
3 0.0347765 0.331415 0.069553 0.647471
4 0.25351 0.0821244 0.50702 0.164249
4 0.329049 0.345974 0.647919 0.690714
3 0.0617442 0.760283 0.123488 0.479435
3 0.577113 0.145375 0.845773 0.290749
0 0.940703 0.762625 0.118595 0.47475
0 0.446477 0.501811 0.840698 0.996377
4 0.0723999 0.820209 0.1448 0.359583
4 0.00986499 0.593913 0.01973 0.812174
4 0.420553 0.282726 0.611025 0.548316
4 0.0121777 0.801124 0.0243555 0.397752
4 0.037527 0.320117 0.075054 0.640233
0 0.119336 0.336266 0.238671 0.672531
3 0.264316 0.411278 0.520112 0.822555
0 0.401849 0.757126 0.491483 0.485749
0 0.178592 0.772345 0.353875 0.455309
3 0.385453 0.7687 0.673949 0.441988
0 0.0723999 0.820209 0.1448 0.359583
3 0.490754 0.199616 0.95144 0.399232
0 0.420553 0.282726 0.611025 0.548316
0 0.766653 0.710244 0.46356 0.579512
0 0.859507 0.237695 0.280986 0.47539
4 0.119336 0.336266 0.238671 0.672531
0 0.52417 0.29596 0.926285 0.591919
0 0.775483 0.233606 0.449034 0.467213
3 0.922805 0.242753 0.154391 0.470041
4 0.353451 0.0404 0.706902 0.0808
4 0.0611206 0.606171 0.122241 0.787658
0 0.264316 0.411278 0.520112 0.822555
4 0.0157985 0.58705 0.0315971 0.825899
3 0.256824 0.300735 0.499432 0.579725
3 0.127055 0.443099 0.254109 0.734499
4 0.300744 0.0663814 0.601488 0.132763
0 0.490754 0.199616 0.95144 0.399232
3 0.0903804 0.848216 0.180761 0.303568
0 0.873677 0.695037 0.252645 0.609926
4 0.577113 0.145375 0.845773 0.290749
0 0.731595 0.282399 0.53681 0.564797
4 0.801361 0.119371 0.397278 0.238741
4 0.264105 0.29901 0.51341 0.58816
0 0.329049 0.345974 0.647919 0.690714
4 0.165503 0.521828 0.329376 0.956343
4 0.922805 0.242753 0.154391 0.470041
4 0.0266878 0.499706 0.0533755 0.761946
2 0.940851 0.759132 0.118299 0.481735
4 0.278271 0.474451 0.545356 0.948903
1 0.814963 0.236569 0.369555 0.459304
4 0.859507 0.237695 0.280986 0.47539
4 0.223742 0.570132 0.443472 0.859735
0 0.187893 0.395012 0.370328 0.790025
2 0.452257 0.263936 0.829952 0.524274
4 0.490754 0.199616 0.95144 0.399232
3 0.627159 0.283415 0.745682 0.566831
0 0.616151 0.729229 0.598225 0.541543
2 0.335592 0.755069 0.651129 0.480742
1 0.214516 0.820159 0.42463 0.359683
3 0.731595 0.282399 0.53681 0.564797
0 0.922805 0.242753 0.154391 0.470041
0 0.244033 0.718404 0.476978 0.562416
0 0.32409 0.773227 0.504558 0.453547
2 0.44471 0.196951 0.846567 0.393901
2 0.194713 0.309069 0.381726 0.594711
2 0.259051 0.350007 0.518103 0.700014
0 0.0617442 0.760283 0.123488 0.479435
1 0.16895 0.844028 0.335457 0.311943
2 0.758295 0.723292 0.482994 0.535474
2 0.455976 0.74541 0.712716 0.491989
1 0.346786 0.294258 0.64262 0.569391
1 0.48514 0.751817 0.670638 0.466684
0 0.163888 0.335469 0.327775 0.626498
2 0.812205 0.241667 0.375591 0.471377
1 0.940851 0.759132 0.118299 0.481735
2 0.928897 0.502718 0.142206 0.994565
2 0.133178 0.842029 0.264984 0.315943
3 0.721363 0.245661 0.557274 0.485558
2 0.244033 0.718404 0.476978 0.562416
4 0.775483 0.233606 0.449034 0.467213
2 0.627159 0.283415 0.745682 0.566831
2 0.0903804 0.848216 0.180761 0.303568
2 0.940703 0.762625 0.118595 0.47475
2 0.379142 0.509891 0.750102 0.947863
4 0.127055 0.443099 0.254109 0.734499
1 0.186027 0.421923 0.367625 0.843845
0 0.167225 0.587214 0.332977 0.825571
2 0.577113 0.145375 0.845773 0.290749
2 0.940448 0.653894 0.119103 0.682659
2 0.801361 0.119371 0.397278 0.238741
2 0.223742 0.570132 0.443472 0.859735
0 0.678277 0.498279 0.643323 0.994103
1 0.223742 0.570132 0.443472 0.859735
2 0.787583 0.497902 0.424834 0.989691
2 0.214516 0.820159 0.42463 0.359683
2 0.39386 0.273082 0.591168 0.528231
1 0.636588 0.733234 0.726824 0.522198
2 0.0723999 0.820209 0.1448 0.359583
2 0.693519 0.720315 0.589894 0.55937
2 0.178592 0.772345 0.353875 0.455309
1 0.940448 0.653894 0.119103 0.682659
2 0.0689509 0.534498 0.137902 0.783728
2 0.731595 0.282399 0.53681 0.564797
2 0.14706 0.337987 0.294119 0.670271
2 0.172001 0.410359 0.342175 0.820719
1 0.820023 0.73058 0.359955 0.537938
1 0.959293 0.618265 0.0814134 0.728342
1 0.452257 0.263936 0.829952 0.524274
4 0.673453 0.30317 0.653094 0.606339
2 0.0121777 0.801124 0.0243555 0.397752
2 0.529538 0.741298 0.636371 0.517404
2 0.0322981 0.326607 0.0645962 0.653213
1 0.0121777 0.801124 0.0243555 0.397752
2 0.00986499 0.593913 0.01973 0.812174
2 0.0157985 0.58705 0.0315971 0.825899
2 0.278271 0.474451 0.545356 0.948903
1 0.0611206 0.606171 0.122241 0.787658
2 0.401849 0.757126 0.491483 0.485749
2 0.0232876 0.819335 0.0465753 0.361329
1 0.922805 0.242753 0.154391 0.470041
2 0.922805 0.242753 0.154391 0.470041
1 0.721363 0.245661 0.557274 0.485558
2 0.633989 0.725248 0.732022 0.531172
1 0.525929 0.504076 0.943886 0.991849
1 0.271617 0.787539 0.535318 0.415658
1 0.22182 0.303758 0.431041 0.58026
2 0.533465 0.069139 0.911572 0.138278
2 0.119336 0.336266 0.238671 0.672531
1 0.0698774 0.852449 0.139755 0.295101
2 0.959293 0.618265 0.0814134 0.728342
2 0.311329 0.288564 0.622658 0.577129
1 0.0232876 0.819335 0.0465753 0.361329
2 0.25351 0.0821244 0.50702 0.164249
1 0.935522 0.524048 0.128957 0.900066
0 0.721363 0.245661 0.557274 0.485558
1 0.533465 0.069139 0.911572 0.138278
2 0.260139 0.789626 0.510751 0.407759
2 0.429027 0.040303 0.858053 0.0806061
2 0.127055 0.443099 0.254109 0.734499
2 0.859507 0.237695 0.280986 0.47539
1 0.178592 0.772345 0.353875 0.455309
4 0.721363 0.245661 0.557274 0.485558
1 0.507491 0.0489868 0.985017 0.0979737
1 0.343876 0.500057 0.687752 0.999885
2 0.515168 0.501788 0.963448 0.996425
1 0.127055 0.443099 0.254109 0.734499
2 0.721363 0.245661 0.557274 0.485558
1 0.912566 0.5 0.174867 1
2 0.32409 0.773227 0.504558 0.453547
0 0.0611206 0.606171 0.122241 0.787658
1 0.859507 0.237695 0.280986 0.47539
2 0.843354 0.73092 0.313291 0.538161
2 0.0617442 0.760283 0.123488 0.479435
0 0.127055 0.443099 0.254109 0.734499
1 0.606941 0.276097 0.782818 0.552194
1 0.14706 0.337987 0.294119 0.670271
2 0.678277 0.498279 0.643323 0.994103
2 0.775483 0.233606 0.449034 0.467213
0 0.606476 0.259027 0.774908 0.4713
2 0.0347765 0.331415 0.069553 0.647471
1 0.32409 0.773227 0.504558 0.453547
1 0.801361 0.119371 0.397278 0.238741
2 0.873677 0.695037 0.252645 0.609926
1 0.577113 0.145375 0.845773 0.290749
1 0.4944 0.747126 0.63855 0.505747
2 0.0288669 0.411653 0.0577338 0.688323
1 0.244033 0.718404 0.476978 0.562416
1 0.940703 0.762625 0.118595 0.47475
1 0.490754 0.199616 0.95144 0.399232
1 0.360589 0.771785 0.6931 0.437978
1 0.0617442 0.760283 0.123488 0.479435
1 0.353451 0.0404 0.706902 0.0808
1 0.401849 0.757126 0.491483 0.485749
1 0.0092516 0.635855 0.0185032 0.72829
2 0.791273 0.707507 0.417453 0.584986
1 0.383209 0.702353 0.749347 0.552717
1 0.775483 0.233606 0.449034 0.467213
1 0.25351 0.0821244 0.50702 0.164249
1 0.0322981 0.326607 0.0645962 0.653213
2 0.300744 0.0663814 0.601488 0.132763
1 0.731595 0.282399 0.53681 0.564797
1 0.873677 0.695037 0.252645 0.609926
1 0.796101 0.50383 0.407797 0.992341
1 0.300744 0.0663814 0.601488 0.132763
1 0.0347765 0.331415 0.069553 0.647471
1 0.0288669 0.411653 0.0577338 0.688323
1 0.259051 0.350007 0.518103 0.700014
1 0.0157985 0.58705 0.0315971 0.825899
1 0.303464 0.481245 0.605053 0.962489
1 0.119336 0.336266 0.238671 0.672531
1 0.791273 0.707507 0.417453 0.584986
2 0.343876 0.500057 0.687752 0.999885
1 0.441619 0.492583 0.8405 0.977184
1 0.616151 0.729229 0.598225 0.541543
1 0.678277 0.498279 0.643323 0.994103
0 0.767014 0.731301 0.465973 0.516239
0 0.638377 0.733335 0.723246 0.522071
0 0.787593 0.497862 0.424815 0.989498
0 0.811186 0.253526 0.377628 0.50392
0 0.456408 0.745427 0.711363 0.492072
3 0.525976 0.504128 0.943801 0.991743
3 0.819897 0.709052 0.360205 0.581896
3 0.781789 0.503803 0.436421 0.992394
4 0.778153 0.712603 0.443693 0.549722
3 0.184553 0.324375 0.363698 0.645308
3 0.368968 0.500826 0.736205 0.998347
3 0.873419 0.694841 0.253162 0.610318
3 0.167139 0.587111 0.332813 0.825779
0 0.507479 0.0495771 0.985043 0.0991542
3 0.693474 0.720357 0.590607 0.559285
4 0.78563 0.494125 0.42874 0.984678
3 0.940751 0.762982 0.118498 0.474036
0 0.353045 0.0406633 0.70609 0.0813266
3 0.93432 0.510894 0.13136 0.978213
0 0.253002 0.0823534 0.506003 0.164707
3 0.324061 0.773325 0.505531 0.453349
3 0.455136 0.753309 0.526605 0.493381
3 0.819798 0.74621 0.360405 0.50758
3 0.467183 0.288415 0.808771 0.553352
4 0.598229 0.732285 0.803542 0.513378
3 0.529142 0.741333 0.637346 0.517335
3 0.233965 0.806404 0.461722 0.387193
3 0.803569 0.252965 0.392861 0.505929
0 0.0904907 0.848225 0.180981 0.303549
3 0.40374 0.490087 0.804396 0.963194
3 0.253002 0.0823534 0.506003 0.164707
4 0.423282 0.754644 0.737778 0.471121
0 0.940857 0.759175 0.118285 0.48165
3 0.940415 0.654178 0.11917 0.68202
3 0.169055 0.844024 0.335641 0.311951
3 0.203166 0.5 0.402738 1
0 0.142025 0.848485 0.281813 0.303031
3 0.383203 0.701231 0.749217 0.555106
0 0.303452 0.772848 0.592013 0.436913
0 0.533408 0.0697818 0.911666 0.139564
0 0.383203 0.701231 0.749217 0.555106
3 0.940857 0.759175 0.118285 0.48165
3 0.714256 0.727989 0.56544 0.528717
3 0.0611039 0.606218 0.122208 0.787564
3 0.501982 0.0370009 0.976851 0.0740017
4 0.940751 0.762982 0.118498 0.474036
3 0.00996636 0.593825 0.0199327 0.812351
3 0.959112 0.617891 0.0817766 0.729048
4 0.940415 0.654178 0.11917 0.68202
4 0.811186 0.253526 0.377628 0.50392
3 0.285325 0.755306 0.550843 0.480463
3 0.0122788 0.800973 0.0245576 0.398053
0 0.843184 0.730879 0.313631 0.538242
4 0.493433 0.750245 0.573434 0.49951
3 0.0324257 0.326597 0.0648513 0.653194
3 0.117998 0.336203 0.235996 0.672406
3 0.178604 0.772005 0.353891 0.455989
4 0.873419 0.694841 0.253162 0.610318
0 0.520798 0.500332 0.945322 0.978996
3 0.301073 0.0487068 0.602146 0.0974137
3 0.0233564 0.819217 0.0467127 0.361566
0 0.369355 0.488399 0.738711 0.971147
4 0.513313 0.0596297 0.9509 0.119259
3 0.015942 0.587084 0.0318839 0.825832
3 0.775635 0.234197 0.44873 0.468395
4 0.946425 0.723845 0.10715 0.552311
4 0.959112 0.617891 0.0817766 0.729048
4 0.324061 0.773325 0.505531 0.453349
0 0.801458 0.119619 0.397083 0.239237
0 0.244617 0.80615 0.478761 0.384859
4 0.615991 0.729224 0.60007 0.541551
4 0.334913 0.500073 0.665468 0.999853
4 0.199368 0.813701 0.386433 0.372597
0 0.218456 0.300521 0.430296 0.591571
4 0.285325 0.755306 0.550843 0.480463
4 0.766897 0.710353 0.463277 0.579294
0 0.00935269 0.635721 0.0187054 0.728559
0 0.940415 0.654178 0.11917 0.68202
3 0.513313 0.0596297 0.9509 0.119259
3 0.491462 0.755352 0.636207 0.466817
3 0.801458 0.119619 0.397083 0.239237
4 0.51518 0.501807 0.963393 0.996387
4 0.40178 0.757227 0.492549 0.485545
4 0.843184 0.730879 0.313631 0.538242
3 0.859593 0.237585 0.280814 0.47517
4 0.133331 0.841959 0.265252 0.316081
4 0.518062 0.270033 0.941974 0.501368
3 0.607157 0.259322 0.773521 0.471356
4 0.184553 0.324375 0.363698 0.645308
0 0.928892 0.502748 0.142215 0.994504
3 0.0269253 0.49979 0.0538506 0.7606
0 0.493433 0.750245 0.573434 0.49951
3 0.523258 0.719245 0.87255 0.529691
3 0.072375 0.82014 0.14475 0.359721
4 0.0904907 0.848225 0.180981 0.303549
4 0.061752 0.75971 0.123504 0.48058
4 0.501982 0.0370009 0.976851 0.0740017
0 0.577238 0.147528 0.845524 0.295057
4 0.93432 0.510894 0.13136 0.978213
0 0.959112 0.617891 0.0817766 0.729048
0 0.00999728 0.757941 0.0199946 0.484119
0 0.300435 0.0667996 0.600869 0.133599
0 0.0233564 0.819217 0.0467127 0.361566
4 0.0233564 0.819217 0.0467127 0.361566
4 0.67906 0.498279 0.641793 0.994113
3 0.67906 0.498279 0.641793 0.994113
3 0.0350516 0.331486 0.0701032 0.647111
4 0.328955 0.344024 0.647623 0.686772
4 0.253002 0.0823534 0.506003 0.164707
3 0.061752 0.75971 0.123504 0.48058
0 0.015942 0.587084 0.0318839 0.825832
3 0.577238 0.147528 0.845524 0.295057
0 0.0269253 0.49979 0.0538506 0.7606
0 0.0378381 0.320104 0.0756761 0.640208
0 0.940751 0.762982 0.118498 0.474036
4 0.072375 0.82014 0.14475 0.359721
0 0.446495 0.501844 0.840688 0.996311
4 0.00996636 0.593825 0.0199327 0.812351
3 0.394494 0.273063 0.590058 0.528098
4 0.0122788 0.800973 0.0245576 0.398053
4 0.421066 0.282488 0.610083 0.547745
4 0.0378381 0.320104 0.0756761 0.640208
3 0.263835 0.410691 0.519114 0.821382
3 0.385553 0.768807 0.674399 0.441859
3 0.490571 0.19976 0.950714 0.39952
0 0.117998 0.336203 0.235996 0.672406
0 0.40178 0.757227 0.492549 0.485545
0 0.178604 0.772005 0.353891 0.455989
4 0.117998 0.336203 0.235996 0.672406
0 0.421066 0.282488 0.610083 0.547745
0 0.072375 0.82014 0.14475 0.359721
0 0.766897 0.710353 0.463277 0.579294
0 0.859593 0.237585 0.280814 0.47517
3 0.922881 0.242755 0.154238 0.469796
4 0.0611039 0.606218 0.122208 0.787564
4 0.353045 0.0406633 0.70609 0.0813266
0 0.524333 0.29602 0.925875 0.592039
4 0.015942 0.587084 0.0318839 0.825832
0 0.775635 0.234197 0.44873 0.468395
3 0.256835 0.300687 0.499453 0.579653
4 0.300435 0.0667996 0.600869 0.133599
3 0.127543 0.442774 0.255087 0.733804
0 0.263835 0.410691 0.519114 0.821382
3 0.0904907 0.848225 0.180981 0.303549
0 0.490571 0.19976 0.950714 0.39952
3 0.328955 0.344024 0.647623 0.686772
0 0.873419 0.694841 0.253162 0.610318
4 0.577238 0.147528 0.845524 0.295057
4 0.801458 0.119619 0.397083 0.239237
0 0.731983 0.282383 0.536034 0.564767
4 0.26403 0.298917 0.513226 0.587951
4 0.165539 0.521735 0.329459 0.95653
4 0.922881 0.242755 0.154238 0.469796
4 0.0269253 0.49979 0.0538506 0.7606
0 0.328955 0.344024 0.647623 0.686772
2 0.940857 0.759175 0.118285 0.48165
1 0.814936 0.23656 0.369611 0.459334
4 0.859593 0.237585 0.280814 0.47517
4 0.27687 0.473928 0.542517 0.947857
4 0.223615 0.569923 0.443234 0.860155
2 0.452131 0.263768 0.828795 0.523473
4 0.490571 0.19976 0.950714 0.39952
0 0.187582 0.394642 0.369724 0.789284
2 0.335333 0.75499 0.650544 0.481028
3 0.731983 0.282383 0.536034 0.564767
1 0.214519 0.820221 0.424613 0.359559
0 0.615991 0.729224 0.60007 0.541551
0 0.922881 0.242755 0.154238 0.469796
0 0.243862 0.716915 0.476672 0.565637
2 0.444636 0.197928 0.845606 0.395856
2 0.194679 0.309011 0.381684 0.594583
2 0.258 0.349911 0.515999 0.699821
1 0.169055 0.844024 0.335641 0.311951
0 0.324061 0.773325 0.505531 0.453349
2 0.758355 0.723316 0.482893 0.535466
2 0.456408 0.745427 0.711363 0.492072
0 0.061752 0.75971 0.123504 0.48058
1 0.347054 0.294302 0.642214 0.569476
1 0.485492 0.75188 0.669611 0.466572
2 0.812185 0.241683 0.375629 0.471463
0 0.164211 0.335366 0.328422 0.626434
1 0.940857 0.759175 0.118285 0.48165
2 0.928892 0.502748 0.142215 0.994504
2 0.133331 0.841959 0.265252 0.316081
3 0.722471 0.245652 0.555058 0.485471
4 0.775635 0.234197 0.44873 0.468395
2 0.243862 0.716915 0.476672 0.565637
2 0.627547 0.284392 0.744906 0.568784
2 0.0904907 0.848225 0.180981 0.303549
2 0.940751 0.762982 0.118498 0.474036
2 0.379062 0.509809 0.749823 0.948107
4 0.127543 0.442774 0.255087 0.733804
1 0.185976 0.421201 0.367546 0.842402
2 0.577238 0.147528 0.845524 0.295057
2 0.940415 0.654178 0.11917 0.68202
2 0.801458 0.119619 0.397083 0.239237
2 0.223615 0.569923 0.443234 0.860155
0 0.167139 0.587111 0.332813 0.825779
1 0.223615 0.569923 0.443234 0.860155
0 0.67906 0.498279 0.641793 0.994113
2 0.787593 0.497862 0.424815 0.989498
2 0.214519 0.820221 0.424613 0.359559
2 0.394494 0.273063 0.590058 0.528098
1 0.638377 0.733335 0.723246 0.522071
2 0.693474 0.720357 0.590607 0.559285
2 0.072375 0.82014 0.14475 0.359721
2 0.178604 0.772005 0.353891 0.455989
2 0.069024 0.533508 0.138048 0.782693
1 0.940415 0.654178 0.11917 0.68202
2 0.731983 0.282383 0.536034 0.564767
2 0.147183 0.338029 0.294365 0.669848
2 0.172064 0.409943 0.342321 0.819885
1 0.820029 0.730624 0.359942 0.537737
1 0.959112 0.617891 0.0817766 0.729048
1 0.452131 0.263768 0.828795 0.523473
4 0.673866 0.303286 0.652269 0.606573
2 0.0122788 0.800973 0.0245576 0.398053
2 0.529142 0.741333 0.637346 0.517335
2 0.0324257 0.326597 0.0648513 0.653194
1 0.0122788 0.800973 0.0245576 0.398053
2 0.00996636 0.593825 0.0199327 0.812351
2 0.015942 0.587084 0.0318839 0.825832
2 0.27687 0.473928 0.542517 0.947857
1 0.0611039 0.606218 0.122208 0.787564
2 0.40178 0.757227 0.492549 0.485545
1 0.922881 0.242755 0.154238 0.469796
2 0.0233564 0.819217 0.0467127 0.361566
1 0.722471 0.245652 0.555058 0.485471
2 0.922881 0.242755 0.154238 0.469796
2 0.634975 0.725277 0.73005 0.531203
1 0.525976 0.504128 0.943801 0.991743
1 0.271459 0.787786 0.534978 0.415173
2 0.533408 0.0697818 0.911666 0.139564
1 0.221811 0.303709 0.431103 0.580181
2 0.117998 0.336203 0.235996 0.672406
1 0.0698842 0.852615 0.139768 0.294771
2 0.959112 0.617891 0.0817766 0.729048
2 0.311162 0.288832 0.622323 0.577663
1 0.0233564 0.819217 0.0467127 0.361566
2 0.253002 0.0823534 0.506003 0.164707
1 0.935405 0.523881 0.12919 0.90054
1 0.533408 0.0697818 0.911666 0.139564
2 0.260033 0.78988 0.510483 0.407336
2 0.127543 0.442774 0.255087 0.733804
2 0.428938 0.0407498 0.857876 0.0814996
2 0.859593 0.237585 0.280814 0.47517
1 0.178604 0.772005 0.353891 0.455989
4 0.722471 0.245652 0.555058 0.485471
1 0.507479 0.0495771 0.985043 0.0991542
1 0.343933 0.500085 0.687866 0.99983
0 0.722471 0.245652 0.555058 0.485471
2 0.51518 0.501807 0.963393 0.996387
1 0.127543 0.442774 0.255087 0.733804
1 0.912488 0.5 0.175024 1
2 0.722471 0.245652 0.555058 0.485471
2 0.324061 0.773325 0.505531 0.453349
1 0.859593 0.237585 0.280814 0.47517
2 0.843184 0.730879 0.313631 0.538242
0 0.0611039 0.606218 0.122208 0.787564
2 0.061752 0.75971 0.123504 0.48058
1 0.607607 0.275875 0.781469 0.551749
1 0.147183 0.338029 0.294365 0.669848
2 0.67906 0.498279 0.641793 0.994113
2 0.775635 0.234197 0.44873 0.468395
0 0.127543 0.442774 0.255087 0.733804
1 0.324061 0.773325 0.505531 0.453349
2 0.0350516 0.331486 0.0701032 0.647111
1 0.801458 0.119619 0.397083 0.239237
2 0.873419 0.694841 0.253162 0.610318
0 0.607157 0.259322 0.773521 0.471356
1 0.577238 0.147528 0.845524 0.295057
1 0.494018 0.747176 0.639353 0.505648
2 0.0290705 0.411707 0.058141 0.686467
1 0.243862 0.716915 0.476672 0.565637
1 0.940751 0.762982 0.118498 0.474036
1 0.490571 0.19976 0.950714 0.39952
1 0.360172 0.771915 0.692264 0.437795
1 0.061752 0.75971 0.123504 0.48058
1 0.40178 0.757227 0.492549 0.485545
1 0.353045 0.0406633 0.70609 0.0813266
1 0.00935269 0.635721 0.0187054 0.728559
2 0.791372 0.70756 0.417257 0.584879
1 0.383203 0.701231 0.749217 0.555106
1 0.775635 0.234197 0.44873 0.468395
1 0.253002 0.0823534 0.506003 0.164707
1 0.0324257 0.326597 0.0648513 0.653194
2 0.300435 0.0667996 0.600869 0.133599
1 0.731983 0.282383 0.536034 0.564767
1 0.796135 0.503838 0.407731 0.992324
1 0.873419 0.694841 0.253162 0.610318
1 0.300435 0.0667996 0.600869 0.133599
1 0.0350516 0.331486 0.0701032 0.647111
1 0.0290705 0.411707 0.058141 0.686467
1 0.258 0.349911 0.515999 0.699821
1 0.015942 0.587084 0.0318839 0.825832
1 0.302804 0.480856 0.603744 0.961711
1 0.117998 0.336203 0.235996 0.672406
1 0.791372 0.70756 0.417257 0.584879
2 0.343933 0.500085 0.687866 0.99983
1 0.441569 0.492689 0.840515 0.977205
