0 0.839719 0.533182 0.121137 0.0653132
0 0.845321 0.465168 0.113575 0.230447
0 0.501342 0.508273 0.0731953 0.0541536
0 0.877481 0.620517 0.193785 0.239805
0 0.0236752 0.524166 0.0473504 0.128348
0 0.264571 0.864335 0.516115 0.226775
0 0.531989 0.88418 0.928622 0.224172
0 0.171924 0.858699 0.343121 0.221881
0 0.476257 0.505863 0.0656536 0.0614497
0 0.515988 0.759444 0.968024 0.469475
0 0.700466 0.885447 0.599068 0.224454
0 0.844785 0.645903 0.284821 0.288699
0 0.51617 0.513079 0.107914 0.0689048
0 0.849108 0.565531 0.136341 0.150192
0 0.794592 0.886582 0.410816 0.216639
0 0.0294884 0.536484 0.0589768 0.116998
0 0.453111 0.0214987 0.862714 0.0429975
0 0.776477 0.649603 0.431468 0.296603
1 0.879716 0.609398 0.222097 0.218631
0 0.790209 0.741197 0.419582 0.479736
0 0.412209 0.868722 0.800924 0.231533
0 0.194033 0.730671 0.387716 0.489814
3 0.895214 0.432056 0.209572 0.830859
0 0.0740384 0.531862 0.148077 0.14227
0 0.0206246 0.48796 0.0412492 0.211539
0 0.845366 0.452883 0.123289 0.447548
3 0.829522 0.852278 0.340956 0.295444
0 0.502592 0.658125 0.253717 0.360241
3 0.531673 0.432503 0.677541 0.865005
0 0.344503 0.256212 0.64916 0.512423
0 0.272891 0.753185 0.532478 0.447778
4 0.7793 0.689164 0.4414 0.372757
1 0.845321 0.465168 0.113575 0.230447
3 0.696168 0.380543 0.508102 0.761086
3 0.325009 0.682898 0.420601 0.572297
3 0.723284 0.538714 0.376004 0.712166
0 0.319803 0.0270221 0.634572 0.0540441
3 0.926192 0.838358 0.147616 0.323284
3 0.461611 0.5 0.7399 1
3 0.772283 0.390185 0.2745 0.739046
1 0.844683 0.53275 0.114942 0.0806888
0 0.498655 0.452689 0.0717369 0.172043
3 0.707955 0.485957 0.393287 0.94405
3 0.107211 0.363239 0.214423 0.726479
3 0.649709 0.344166 0.680351 0.688331
0 0.0311361 0.490845 0.0622722 0.200217
3 0.898973 0.608163 0.202053 0.49697
3 0.446114 0.30118 0.811692 0.60236
3 0.584459 0.885811 0.829579 0.228379
3 0.91108 0.35385 0.17784 0.681258
0 0.846155 0.536344 0.126926 0.357875
0 0.646581 0.737797 0.61631 0.510486
3 0.845366 0.452883 0.123289 0.447548
0 0.463349 0.639859 0.153187 0.331176
3 0.400622 0.368121 0.534086 0.736241
3 0.652253 0.747625 0.685422 0.504152
3 0.184947 0.384457 0.369297 0.768913
3 0.166119 0.22071 0.328929 0.441419
3 0.421141 0.88199 0.78528 0.23602
3 0.0781482 0.499306 0.156296 0.223739
3 0.488647 0.277653 0.12545 0.555305
3 0.303183 0.465706 0.484174 0.931412
0 0.219928 0.0754989 0.439856 0.150998
3 0.648721 0.0461944 0.702559 0.0923888
0 0.107814 0.861673 0.215612 0.232133
3 0.870664 0.660473 0.258671 0.389906
0 0.560226 0.677142 0.259404 0.431096
3 0.791111 0.361376 0.400022 0.722752
4 0.513198 0.747494 0.971079 0.494665
2 0.845321 0.465168 0.113575 0.230447
0 0.739533 0.631093 0.330445 0.404514
4 0.83145 0.755566 0.337099 0.488867
3 0.174033 0.876065 0.348065 0.24787
0 0.0821768 0.586077 0.164354 0.218397
0 0.423648 0.313677 0.474702 0.627353
3 0.0821768 0.586077 0.164354 0.218397
3 0.563641 0.0234792 0.83854 0.0469584
3 0.763541 0.882525 0.472917 0.23495
4 0.844683 0.53275 0.114942 0.0806888
3 0.817875 0.32453 0.284684 0.617619
0 0.870664 0.660473 0.258671 0.389906
3 0.865517 0.370124 0.268965 0.734009
3 0.815314 0.773708 0.369372 0.451992
4 0.501342 0.508273 0.0731953 0.0541536
3 0.739533 0.631093 0.330445 0.404514
0 0.45222 0.444951 0.43221 0.889903
0 0.0239786 0.682307 0.0479572 0.468886
3 0.828376 0.886183 0.343248 0.216534
4 0.917389 0.759 0.165222 0.482
0 0.137176 0.876804 0.274351 0.246392
3 0.224511 0.483361 0.449022 0.966722
3 0.219928 0.0754989 0.439856 0.150998
3 0.905004 0.785907 0.189991 0.428185
0 0.325009 0.682898 0.420601 0.572297
0 0.493652 0.583632 0.107842 0.21752
1 0.531989 0.88418 0.928622 0.224172
0 0.686951 0.0872279 0.626097 0.174456
3 0.290775 0.0343314 0.581549 0.0686628
3 0.443222 0.498978 0.522965 0.997955
0 0.0266934 0.707223 0.0533869 0.585554
3 0.686951 0.0872279 0.626097 0.174456
0 0.75784 0.659439 0.395343 0.576604
3 0.201444 0.199053 0.402889 0.398105
4 0.595192 0.885307 0.809616 0.226922
0 0.450716 0.180886 0.684619 0.361772
3 0.928069 0.336776 0.143863 0.598776
3 0.833843 0.451606 0.136936 0.640892
4 0.877481 0.620517 0.193785 0.239805
3 0.144404 0.283153 0.288809 0.566305
4 0.400622 0.368121 0.534086 0.736241
3 0.0740384 0.531862 0.148077 0.14227
4 0.763349 0.885822 0.473301 0.221978
0 0.0301586 0.841974 0.0603172 0.316051
3 0.754449 0.196181 0.491103 0.392361
0 0.610301 0.0318253 0.779397 0.0636507
4 0.829522 0.852278 0.340956 0.295444
4 0.652253 0.747625 0.685422 0.504152
4 0.29329 0.875299 0.573534 0.249402
4 0.926192 0.838358 0.147616 0.323284
3 0.397608 0.0235191 0.784793 0.0470381
3 0.29329 0.875299 0.573534 0.249402
3 0.952741 0.308853 0.0945181 0.571848
3 0.0356717 0.270351 0.0713434 0.540702
0 0.0705767 0.735695 0.141153 0.48081
3 0.247314 0.728236 0.491573 0.510378
4 0.845321 0.465168 0.113575 0.230447
0 0.719804 0.154757 0.560392 0.309513
2 0.844683 0.53275 0.114942 0.0806888
3 0.911535 0.852375 0.176931 0.294716
3 0.476388 0.876717 0.927764 0.227518
3 0.507687 0.2033 0.826517 0.406599
3 0.719804 0.154757 0.560392 0.309513
3 0.026685 0.752991 0.05337 0.494018
1 0.206634 0.861376 0.409696 0.228549
3 0.0266993 0.29773 0.0533985 0.59546
0 0.351741 0.444182 0.624684 0.888364
0 0.0430177 0.714073 0.0860353 0.506526
0 0.819201 0.0932239 0.361597 0.186448
3 0.366085 0.28345 0.599155 0.5669
3 0.819201 0.0932239 0.361597 0.186448
4 0.0236752 0.524166 0.0473504 0.128348
0 0.267499 0.046812 0.534997 0.093624
3 0.1606 0.723476 0.3212 0.515829
3 0.777818 0.690537 0.426418 0.380687
4 0.84719 0.667555 0.305619 0.323672
4 0.453111 0.0214987 0.862714 0.0429975
2 0.776477 0.649603 0.431468 0.296603
4 0.708112 0.885135 0.583775 0.229731
3 0.153469 0.236775 0.306937 0.47355
4 0.344503 0.256212 0.64916 0.512423
3 0.0344553 0.863523 0.0689105 0.272953
4 0.421141 0.88199 0.78528 0.23602
4 0.14119 0.857808 0.282379 0.228015
3 0.861176 0.648766 0.276015 0.283859
4 0.498655 0.452689 0.0717369 0.172043
1 0.828376 0.886183 0.343248 0.216534
3 0.454162 0.149776 0.840627 0.299552
0 0.952741 0.308853 0.0945181 0.571848
4 0.476257 0.505863 0.0656536 0.0614497
3 0.218246 0.267133 0.427417 0.534267
0 0.02065 0.335673 0.0412999 0.586346
0 0.0344553 0.863523 0.0689105 0.272953
3 0.0301586 0.841974 0.0603172 0.316051
2 0.325598 0.726688 0.626005 0.513781
4 0.194033 0.730671 0.387716 0.489814
3 0.476257 0.505863 0.0656536 0.0614497
1 0.845366 0.452883 0.123289 0.447548
4 0.870441 0.445862 0.191835 0.816473
0 0.763541 0.882525 0.472917 0.23495
0 0.754449 0.196181 0.491103 0.392361
4 0.846155 0.536344 0.126926 0.357875
4 0.610301 0.0318253 0.779397 0.0636507
4 0.174033 0.876065 0.348065 0.24787
4 0.845366 0.452883 0.123289 0.447548
0 0.829522 0.852278 0.340956 0.295444
2 0.0284818 0.528042 0.0569637 0.130781
4 0.0705767 0.735695 0.141153 0.48081
4 0.911535 0.852375 0.176931 0.294716
3 0.336345 0.760577 0.659562 0.455938
3 0.849108 0.565531 0.136341 0.150192
0 0.928069 0.336776 0.143863 0.598776
3 0.709354 0.679771 0.516381 0.640458
0 0.118944 0.642839 0.237889 0.374341
4 0.236078 0.203517 0.472156 0.407034
4 0.275965 0.734506 0.550792 0.500651
3 0.100156 0.226988 0.200312 0.453976
4 0.502592 0.658125 0.253717 0.360241
3 0.501342 0.508273 0.0731953 0.0541536
4 0.207349 0.859238 0.410505 0.221541
3 0.118944 0.642839 0.237889 0.374341
4 0.488647 0.277653 0.12545 0.555305
0 0.703753 0.37504 0.592495 0.75008
4 0.441236 0.274726 0.492179 0.549452
3 0.463349 0.639859 0.153187 0.331176
4 0.686951 0.0872279 0.626097 0.174456
4 0.319803 0.0270221 0.634572 0.0540441
2 0.846155 0.536344 0.126926 0.357875
4 0.0344553 0.863523 0.0689105 0.272953
0 0.587355 0.31514 0.75196 0.63028
3 0.02065 0.335673 0.0412999 0.586346
3 0.893705 0.665376 0.21259 0.301045
1 0.0284818 0.528042 0.0569637 0.130781
0 0.833843 0.451606 0.136936 0.640892
4 0.02065 0.335673 0.0412999 0.586346
3 0.251877 0.622391 0.503754 0.706758
4 0.219928 0.0754989 0.439856 0.150998
1 0.700466 0.885447 0.599068 0.224454
4 0.587355 0.31514 0.75196 0.63028
0 0.648602 0.437268 0.476649 0.87397
4 0.0206246 0.48796 0.0412492 0.211539
3 0.498655 0.452689 0.0717369 0.172043
3 0.533316 0.5 0.309292 1
4 0.59969 0.385851 0.594802 0.771702
4 0.703753 0.37504 0.592495 0.75008
0 0.275268 0.497751 0.535185 0.97277
3 0.502592 0.658125 0.253717 0.360241
3 0.207349 0.859238 0.410505 0.221541
3 0.0513895 0.342831 0.102779 0.60289
3 0.329994 0.204608 0.644353 0.409215
3 0.0820854 0.296665 0.164171 0.593329
4 0.463349 0.639859 0.153187 0.331176
0 0.926192 0.838358 0.147616 0.323284
2 0.0236545 0.53781 0.0473089 0.105563
0 0.0781482 0.499306 0.156296 0.223739
0 0.488647 0.277653 0.12545 0.555305
0 0.870441 0.445862 0.191835 0.816473
0 0.865517 0.370124 0.268965 0.734009
4 0.0266993 0.29773 0.0533985 0.59546
4 0.0513895 0.342831 0.102779 0.60289
3 0.0206246 0.48796 0.0412492 0.211539
4 0.507687 0.2033 0.826517 0.406599
2 0.877481 0.620517 0.193785 0.239805
4 0.0301586 0.841974 0.0603172 0.316051
3 0.51337 0.47062 0.12862 0.216785
3 0.513198 0.747494 0.971079 0.494665
4 0.454162 0.149776 0.840627 0.299552
3 0.107814 0.861673 0.215612 0.232133
4 0.45222 0.444951 0.43221 0.889903
4 0.456115 0.86897 0.881392 0.235975
3 0.493652 0.583632 0.107842 0.21752
3 0.846155 0.536344 0.126926 0.357875
3 0.560226 0.677142 0.259404 0.431096
3 0.75784 0.659439 0.395343 0.576604
4 0.107211 0.363239 0.214423 0.726479
4 0.0820854 0.296665 0.164171 0.593329
4 0.267499 0.046812 0.534997 0.093624
2 0.463349 0.639859 0.153187 0.331176
4 0.865517 0.370124 0.268965 0.734009
3 0.0311361 0.490845 0.0622722 0.200217
0 0.531673 0.432503 0.677541 0.865005
4 0.914586 0.38751 0.170827 0.710148
3 0.0239786 0.682307 0.0479572 0.468886
0 0.236078 0.203517 0.472156 0.407034
4 0.754449 0.196181 0.491103 0.392361
4 0.153469 0.236775 0.306937 0.47355
0 0.153469 0.236775 0.306937 0.47355
4 0.772283 0.390185 0.2745 0.739046
4 0.0356717 0.270351 0.0713434 0.540702
4 0.45068 0.393895 0.757096 0.787789
4 0.560226 0.677142 0.259404 0.431096
4 0.709354 0.679771 0.516381 0.640458
4 0.026685 0.752991 0.05337 0.494018
0 0.772283 0.390185 0.2745 0.739046
4 0.819201 0.0932239 0.361597 0.186448
4 0.75784 0.659439 0.395343 0.576604
4 0.493652 0.583632 0.107842 0.21752
3 0.51617 0.513079 0.107914 0.0689048
1 0.0206246 0.48796 0.0412492 0.211539
4 0.947924 0.269654 0.104153 0.539309
4 0.325009 0.682898 0.420601 0.572297
0 0.911535 0.852375 0.176931 0.294716
4 0.719804 0.154757 0.560392 0.309513
3 0.0284818 0.528042 0.0569637 0.130781
1 0.412209 0.868722 0.800924 0.231533
0 0.898973 0.608163 0.202053 0.49697
4 0.791111 0.361376 0.400022 0.722752
4 0.144404 0.283153 0.288809 0.566305
4 0.283741 0.39075 0.567483 0.781501
1 0.911535 0.852375 0.176931 0.294716
4 0.166119 0.22071 0.328929 0.441419
2 0.501342 0.508273 0.0731953 0.0541536
0 0.0266993 0.29773 0.0533985 0.59546
1 0.0311361 0.490845 0.0622722 0.200217
2 0.793086 0.750936 0.413828 0.497925
4 0.898973 0.608163 0.202053 0.49697
4 0.739533 0.631093 0.330445 0.404514
0 0.91108 0.35385 0.17784 0.681258
0 0.688571 0.507115 0.460795 0.985771
4 0.0294884 0.536484 0.0589768 0.116998
0 0.709354 0.679771 0.516381 0.640458
0 0.0356717 0.270351 0.0713434 0.540702
4 0.849108 0.565531 0.136341 0.150192
4 0.100156 0.226988 0.200312 0.453976
2 0.844785 0.645903 0.284821 0.288699
4 0.0311361 0.490845 0.0622722 0.200217
0 0.251877 0.622391 0.503754 0.706758
4 0.51617 0.513079 0.107914 0.0689048
0 0.917389 0.759 0.165222 0.482
1 0.84719 0.667555 0.305619 0.323672
4 0.461611 0.5 0.7399 1
0 0.839711 0.53318 0.121123 0.0652997
0 0.845323 0.465237 0.113584 0.230346
0 0.501411 0.50828 0.0732637 0.0541963
0 0.877569 0.620911 0.194027 0.240557
0 0.0236837 0.524175 0.0473675 0.128304
0 0.264002 0.864362 0.514959 0.226837
0 0.171724 0.858791 0.342718 0.221989
0 0.532025 0.884184 0.928537 0.224163
0 0.476268 0.505844 0.0656525 0.0614213
0 0.515956 0.759299 0.968088 0.469769
0 0.699995 0.885447 0.60001 0.224407
0 0.844078 0.645953 0.286292 0.288797
0 0.516204 0.512979 0.107864 0.0686966
0 0.849182 0.565711 0.136462 0.150535
0 0.794444 0.886563 0.411111 0.216635
0 0.0295019 0.536487 0.0590037 0.117042
0 0.452983 0.0214949 0.862714 0.0429897
1 0.879483 0.609805 0.222777 0.219442
0 0.77647 0.649236 0.43151 0.295822
0 0.789805 0.741084 0.42039 0.47948
0 0.411461 0.868706 0.799327 0.231613
3 0.895192 0.43187 0.209617 0.830427
0 0.193869 0.730904 0.387382 0.489372
0 0.0740093 0.532037 0.148019 0.142559
0 0.0206283 0.487966 0.0412566 0.211503
3 0.829504 0.852017 0.340992 0.295966
3 0.530804 0.432719 0.6791 0.865437
0 0.845398 0.45283 0.123364 0.448823
0 0.502521 0.65721 0.25365 0.358525
0 0.344468 0.255435 0.648587 0.51087
0 0.272596 0.753215 0.531885 0.44763
4 0.779288 0.688523 0.441424 0.371502
1 0.845323 0.465237 0.113584 0.230346
3 0.697232 0.381087 0.505683 0.762175
3 0.325609 0.683337 0.419939 0.570405
3 0.723339 0.538791 0.376028 0.711664
3 0.926467 0.838594 0.147067 0.322812
3 0.460949 0.5 0.738028 1
3 0.772778 0.391429 0.273517 0.741198
0 0.319844 0.0270264 0.634742 0.0540528
1 0.844687 0.532755 0.114944 0.0806911
0 0.498772 0.452619 0.071902 0.172164
3 0.107478 0.363573 0.214956 0.727146
3 0.649422 0.344648 0.680802 0.689296
3 0.898908 0.607714 0.202185 0.496981
3 0.445443 0.301493 0.812588 0.602985
3 0.58445 0.885833 0.829602 0.228334
0 0.031139 0.490834 0.0622781 0.200199
3 0.91106 0.354252 0.17788 0.681998
3 0.845398 0.45283 0.123364 0.448823
3 0.653695 0.74755 0.682539 0.503591
3 0.401023 0.365306 0.532799 0.730611
3 0.185289 0.384807 0.369974 0.769614
3 0.166337 0.220447 0.329361 0.440895
3 0.421065 0.882115 0.784912 0.235771
0 0.647165 0.737706 0.616779 0.510315
0 0.846168 0.536878 0.126982 0.358905
3 0.0781118 0.499464 0.156224 0.224074
0 0.463405 0.638651 0.153254 0.328804
3 0.303793 0.464937 0.484126 0.929873
3 0.488862 0.277397 0.126287 0.554794
3 0.648542 0.0458875 0.702917 0.091775
3 0.870506 0.660395 0.258987 0.390305
3 0.791917 0.36198 0.398274 0.723959
0 0.220024 0.0749101 0.440048 0.14982
4 0.513163 0.74748 0.97115 0.494591
2 0.845323 0.465237 0.113584 0.230346
0 0.107595 0.861721 0.215174 0.23225
0 0.560214 0.676474 0.259695 0.429494
4 0.831133 0.755547 0.337734 0.488906
3 0.173862 0.876129 0.347723 0.247742
0 0.739295 0.631379 0.331006 0.403929
3 0.0823703 0.587648 0.164741 0.221404
3 0.563519 0.0233919 0.838509 0.0467838
3 0.763127 0.882561 0.473746 0.234877
0 0.0823703 0.587648 0.164741 0.221404
3 0.818134 0.324939 0.284267 0.618119
0 0.423899 0.312501 0.474016 0.625001
4 0.844687 0.532755 0.114944 0.0806911
4 0.501411 0.50828 0.0732637 0.0541963
3 0.866032 0.370591 0.267936 0.734942
3 0.815251 0.773319 0.369498 0.45276
3 0.739295 0.631379 0.331006 0.403929
3 0.828352 0.886152 0.343297 0.216627
3 0.224593 0.48315 0.449186 0.966299
3 0.905187 0.785772 0.189625 0.428455
0 0.870506 0.660395 0.258987 0.390305
0 0.452453 0.443893 0.431034 0.887786
4 0.917348 0.759003 0.165304 0.481994
3 0.220024 0.0749101 0.440048 0.14982
0 0.0240094 0.682218 0.0480188 0.46861
0 0.137146 0.876864 0.274292 0.246273
3 0.290804 0.0342704 0.581609 0.0685409
0 0.325609 0.683337 0.419939 0.570405
1 0.532025 0.884184 0.928537 0.224163
3 0.686711 0.0871247 0.626579 0.174249
3 0.443929 0.498186 0.518424 0.996371
3 0.201557 0.198886 0.403114 0.397773
3 0.689092 0.507266 0.460025 0.985468
4 0.59528 0.885304 0.809441 0.226895
3 0.928031 0.337038 0.143938 0.598863
3 0.833899 0.452103 0.136941 0.642096
0 0.493657 0.583425 0.107915 0.217213
4 0.877569 0.620911 0.194027 0.240557
3 0.144932 0.282459 0.289864 0.564918
0 0.686711 0.0871247 0.626579 0.174249
0 0.757942 0.659393 0.395221 0.572927
0 0.0267713 0.707232 0.0535426 0.585537
4 0.401023 0.365306 0.532799 0.730611
0 0.45052 0.175455 0.685231 0.350909
3 0.0740093 0.532037 0.148019 0.142559
3 0.754582 0.196452 0.490835 0.392903
4 0.76318 0.885818 0.473639 0.221934
4 0.829504 0.852017 0.340992 0.295966
4 0.653695 0.74755 0.682539 0.503591
0 0.610285 0.0315676 0.779429 0.0631352
0 0.0302216 0.84196 0.0604431 0.31608
4 0.292625 0.875322 0.572249 0.249355
4 0.926467 0.838594 0.147067 0.322812
3 0.397654 0.0235182 0.785131 0.0470365
3 0.292625 0.875322 0.572249 0.249355
3 0.952647 0.308876 0.0947056 0.572009
3 0.0357344 0.270398 0.0714688 0.540796
3 0.24738 0.728441 0.491635 0.509655
4 0.845323 0.465237 0.113584 0.230346
3 0.911877 0.852546 0.176246 0.294665
2 0.844687 0.532755 0.114944 0.0806911
3 0.476644 0.876758 0.928406 0.227411
3 0.507076 0.198104 0.827635 0.396209
3 0.719926 0.155137 0.560149 0.310273
0 0.0705195 0.735923 0.141039 0.480454
0 0.719926 0.155137 0.560149 0.310273
3 0.0267841 0.752923 0.0535682 0.494155
3 0.0267368 0.297878 0.0534736 0.595755
1 0.206528 0.861412 0.409503 0.2286
3 0.819389 0.0929178 0.361221 0.185836
4 0.0236837 0.524175 0.0473675 0.128304
3 0.366888 0.283596 0.597194 0.567193
4 0.352164 0.441649 0.623209 0.883298
0 0.352164 0.441649 0.623209 0.883298
3 0.16108 0.723489 0.322159 0.515649
3 0.777791 0.687868 0.426376 0.375097
0 0.819389 0.0929178 0.361221 0.185836
4 0.846711 0.667071 0.306578 0.322715
4 0.452983 0.0214949 0.862714 0.0429897
0 0.0430878 0.714114 0.0861756 0.506571
2 0.77647 0.649236 0.43151 0.295822
3 0.154208 0.236693 0.308415 0.473386
4 0.896997 0.734615 0.206007 0.42164
4 0.7076 0.885159 0.584799 0.229682
0 0.267487 0.0465677 0.534973 0.0931354
4 0.344468 0.255435 0.648587 0.51087
3 0.0344994 0.863523 0.0689988 0.272955
4 0.421065 0.882115 0.784912 0.235771
4 0.141106 0.857912 0.282212 0.228161
4 0.498772 0.452619 0.071902 0.172164
3 0.860818 0.648725 0.276729 0.283747
1 0.828352 0.886152 0.343297 0.216627
4 0.476268 0.505844 0.0656525 0.0614213
3 0.453839 0.142396 0.841762 0.284793
3 0.218076 0.266324 0.426997 0.532649
3 0.0302216 0.84196 0.0604431 0.31608
2 0.325854 0.726542 0.626764 0.513966
4 0.193869 0.730904 0.387382 0.489372
3 0.476268 0.505844 0.0656525 0.0614213
0 0.952647 0.308876 0.0947056 0.572009
4 0.870597 0.445783 0.192216 0.817536
1 0.845398 0.45283 0.123364 0.448823
0 0.0344994 0.863523 0.0689988 0.272955
0 0.0206468 0.336029 0.0412937 0.585902
4 0.610285 0.0315676 0.779429 0.0631352
4 0.173862 0.876129 0.347723 0.247742
4 0.845398 0.45283 0.123364 0.448823
4 0.846168 0.536878 0.126982 0.358905
2 0.028489 0.528061 0.056978 0.13071
4 0.0705195 0.735923 0.141039 0.480454
0 0.763127 0.882561 0.473746 0.234877
3 0.335964 0.760615 0.658954 0.455912
4 0.911877 0.852546 0.176246 0.294665
0 0.754582 0.196452 0.490835 0.392903
3 0.849182 0.565711 0.136462 0.150535
0 0.829504 0.852017 0.340992 0.295966
3 0.709875 0.68058 0.51576 0.63884
0 0.453839 0.142396 0.841762 0.284793
4 0.235996 0.203495 0.471993 0.40699
4 0.275974 0.734807 0.550811 0.499922
3 0.100753 0.226823 0.201506 0.453645
0 0.928031 0.337038 0.143938 0.598863
4 0.502521 0.65721 0.25365 0.358525
3 0.501411 0.50828 0.0732637 0.0541963
4 0.207183 0.859309 0.410185 0.22162
0 0.119298 0.643724 0.238596 0.376102
4 0.488862 0.277397 0.126287 0.554794
3 0.119298 0.643724 0.238596 0.376102
4 0.442011 0.27486 0.489545 0.549719
3 0.463405 0.638651 0.153254 0.328804
4 0.686711 0.0871247 0.626579 0.174249
4 0.319844 0.0270264 0.634742 0.0540528
2 0.846168 0.536878 0.126982 0.358905
4 0.0344994 0.863523 0.0689988 0.272955
3 0.0206468 0.336029 0.0412937 0.585902
3 0.893659 0.665177 0.212683 0.300561
0 0.703701 0.375381 0.592598 0.750763
1 0.028489 0.528061 0.056978 0.13071
4 0.0206468 0.336029 0.0412937 0.585902
0 0.586721 0.31451 0.752816 0.629021
3 0.252158 0.624981 0.504317 0.700895
4 0.586721 0.31451 0.752816 0.629021
4 0.220024 0.0749101 0.440048 0.14982
3 0.498772 0.452619 0.071902 0.172164
4 0.0206283 0.487966 0.0412566 0.211503
1 0.699995 0.885447 0.60001 0.224407
3 0.533045 0.5 0.30878 1
0 0.833899 0.452103 0.136941 0.642096
4 0.703701 0.375381 0.592598 0.750763
4 0.59909 0.38631 0.595928 0.77262
3 0.207183 0.859309 0.410185 0.22162
3 0.502521 0.65721 0.25365 0.358525
3 0.0513845 0.343175 0.102769 0.603096
3 0.330027 0.204607 0.644417 0.409215
0 0.649209 0.437434 0.47555 0.87437
3 0.0824805 0.296887 0.164961 0.593774
0 0.275569 0.498748 0.535727 0.97034
4 0.463405 0.638651 0.153254 0.328804
2 0.0236613 0.537825 0.0473226 0.105548
4 0.0267368 0.297878 0.0534736 0.595755
4 0.507076 0.198104 0.827635 0.396209
3 0.0206283 0.487966 0.0412566 0.211503
4 0.0513845 0.343175 0.102769 0.603096
0 0.926467 0.838594 0.147067 0.322812
0 0.488862 0.277397 0.126287 0.554794
2 0.877569 0.620911 0.194027 0.240557
4 0.0302216 0.84196 0.0604431 0.31608
3 0.513362 0.470309 0.128737 0.216116
0 0.870597 0.445783 0.192216 0.817536
0 0.0781118 0.499464 0.156224 0.224074
3 0.513163 0.74748 0.97115 0.494591
4 0.453839 0.142396 0.841762 0.284793
3 0.107595 0.861721 0.215174 0.23225
0 0.866032 0.370591 0.267936 0.734942
4 0.452453 0.443893 0.431034 0.887786
4 0.456374 0.868857 0.881922 0.23619
3 0.560214 0.676474 0.259695 0.429494
3 0.493657 0.583425 0.107915 0.217213
3 0.846168 0.536878 0.126982 0.358905
4 0.0824805 0.296887 0.164961 0.593774
4 0.267487 0.0465677 0.534973 0.0931354
4 0.107478 0.363573 0.214956 0.727146
2 0.463405 0.638651 0.153254 0.328804
3 0.757942 0.659393 0.395221 0.572927
4 0.866032 0.370591 0.267936 0.734942
3 0.031139 0.490834 0.0622781 0.200199
4 0.914525 0.387776 0.170951 0.710308
3 0.0240094 0.682218 0.0480188 0.46861
4 0.154208 0.236693 0.308415 0.473386
4 0.754582 0.196452 0.490835 0.392903
4 0.772778 0.391429 0.273517 0.741198
4 0.0357344 0.270398 0.0714688 0.540796
4 0.449571 0.394414 0.755603 0.788828
4 0.560214 0.676474 0.259695 0.429494
4 0.709875 0.68058 0.51576 0.63884
0 0.530804 0.432719 0.6791 0.865437
4 0.0267841 0.752923 0.0535682 0.494155
4 0.757942 0.659393 0.395221 0.572927
0 0.235996 0.203495 0.471993 0.40699
4 0.819389 0.0929178 0.361221 0.185836
3 0.516204 0.512979 0.107864 0.0686966
4 0.493657 0.583425 0.107915 0.217213
0 0.154208 0.236693 0.308415 0.473386
1 0.0206283 0.487966 0.0412566 0.211503
4 0.948055 0.26977 0.10389 0.53954
4 0.325609 0.683337 0.419939 0.570405
3 0.028489 0.528061 0.056978 0.13071
4 0.719926 0.155137 0.560149 0.310273
0 0.772778 0.391429 0.273517 0.741198
1 0.411461 0.868706 0.799327 0.231613
4 0.791917 0.36198 0.398274 0.723959
0 0.911877 0.852546 0.176246 0.294665
4 0.144932 0.282459 0.289864 0.564918
4 0.166337 0.220447 0.329361 0.440895
1 0.911877 0.852546 0.176246 0.294665
2 0.501411 0.50828 0.0732637 0.0541963
4 0.739295 0.631379 0.331006 0.403929
4 0.898908 0.607714 0.202185 0.496981
0 0.898908 0.607714 0.202185 0.496981
2 0.792945 0.750947 0.41411 0.497887
1 0.031139 0.490834 0.0622781 0.200199
4 0.0295019 0.536487 0.0590037 0.117042
4 0.100753 0.226823 0.201506 0.453645
4 0.849182 0.565711 0.136462 0.150535
0 0.0267368 0.297878 0.0534736 0.595755
2 0.844078 0.645953 0.286292 0.288797
0 0.91106 0.354252 0.17788 0.681998
0 0.709875 0.68058 0.51576 0.63884
0 0.689092 0.507266 0.460025 0.985468
0 0.0357344 0.270398 0.0714688 0.540796
4 0.031139 0.490834 0.0622781 0.200199
4 0.516204 0.512979 0.107864 0.0686966
4 0.460949 0.5 0.738028 1
4 0.275569 0.498748 0.535727 0.97034
