0 0.498151 0.697506 0.279508 0.352234
1 0.497952 0.688089 0.270745 0.375851
0 0.796747 0.761653 0.406506 0.462537
0 0.333426 0.747911 0.584061 0.504178
2 0.498612 0.702395 0.276432 0.355689
0 0.692761 0.762709 0.614478 0.468304
0 0.379987 0.721421 0.515713 0.372639
4 0.499425 0.688546 0.270195 0.376897
0 0.799627 0.275511 0.0286606 0.0923525
0 0.776816 0.657019 0.446367 0.665771
0 0.495343 0.745095 0.288498 0.50981
3 0.304778 0.370423 0.516603 0.740847
3 0.551143 0.755449 0.400665 0.457181
3 0.50357 0.745198 0.290823 0.444745
0 0.275592 0.692564 0.431799 0.491738
3 0.195566 0.389841 0.371527 0.779682
0 0.225849 0.0489179 0.451699 0.0978358
3 0.363538 0.420798 0.281575 0.712807
3 0.254237 0.389675 0.361684 0.639174
3 0.493678 0.617067 0.290803 0.50518
3 0.725169 0.295263 0.0673326 0.207687
0 0.161 0.776369 0.31998 0.430398
3 0.310746 0.74077 0.611455 0.506235
3 0.814378 0.676609 0.371244 0.640157
0 0.373252 0.0174867 0.746504 0.0349735
4 0.509937 0.762894 0.324001 0.474212
3 0.536963 0.442441 0.273528 0.884882
0 0.294725 0.0238945 0.58945 0.0477889
3 0.93269 0.591755 0.134621 0.80466
3 0.392931 0.438187 0.377452 0.876374
3 0.892967 0.519726 0.214066 0.929407
3 0.940519 0.798334 0.118962 0.403332
3 0.137988 0.408897 0.275977 0.817795
3 0.622839 0.559865 0.256292 0.6031
3 0.105685 0.403399 0.211371 0.731563
3 0.65079 0.264476 0.426712 0.528953
3 0.346514 0.382268 0.225218 0.580701
3 0.55229 0.326588 0.589684 0.653176
3 0.679375 0.765123 0.329454 0.469755
3 0.907877 0.342693 0.184247 0.63759
3 0.851429 0.553913 0.297142 0.892175
3 0.889981 0.765043 0.220037 0.469915
0 0.0172501 0.678538 0.0345002 0.640964
0 0.0913624 0.78882 0.182725 0.407617
3 0.25319 0.794256 0.398589 0.411488
3 0.895299 0.227649 0.209402 0.455298
3 0.921898 0.66128 0.156205 0.668526
3 0.93547 0.420057 0.129059 0.65957
3 0.932974 0.762312 0.134053 0.466377
3 0.753879 0.302582 0.312808 0.584835
3 0.821803 0.772303 0.356394 0.455315
3 0.469299 0.439775 0.297879 0.879549
3 0.806169 0.758363 0.384263 0.483273
3 0.577967 0.0730414 0.706666 0.146083
3 0.368555 0.648808 0.235847 0.553167
3 0.706364 0.329703 0.14223 0.566192
3 0.942641 0.246438 0.114718 0.436361
3 0.317183 0.614761 0.30037 0.516754
3 0.69984 0.221666 0.545431 0.443332
3 0.528725 0.0403457 0.771539 0.0806914
3 0.706531 0.754851 0.579928 0.463823
3 0.20938 0.718542 0.413658 0.559311
3 0.862667 0.242022 0.223954 0.468049
3 0.133229 0.73471 0.263673 0.528673
3 0.619066 0.126226 0.634642 0.252451
4 0.821803 0.772303 0.356394 0.455315
0 0.512227 0.631907 0.302195 0.498804
3 0.18847 0.804768 0.348595 0.390463
3 0.608394 0.437172 0.250369 0.67675
0 0.436628 0.0265711 0.852994 0.0531423
0 0.799765 0.248666 0.0342247 0.24059
3 0.676774 0.664645 0.646451 0.669019
3 0.761763 0.330311 0.0884045 0.414346
4 0.57772 0.764132 0.358151 0.471736
2 0.476746 0.756685 0.327017 0.48663
3 0.887884 0.328185 0.168016 0.544644
3 0.225849 0.0489179 0.451699 0.0978358
3 0.863176 0.15062 0.273648 0.30124
3 0.454101 0.0281519 0.857478 0.0563038
3 0.937881 0.171875 0.124238 0.343749
0 0.939485 0.795066 0.12103 0.409868
3 0.771337 0.203451 0.457326 0.406903
0 0.761108 0.326072 0.0902386 0.109591
3 0.250702 0.604797 0.419414 0.524011
3 0.939978 0.660144 0.120045 0.574143
0 0.0238174 0.722371 0.0476349 0.555258
0 0.271886 0.0365484 0.543771 0.0730969
3 0.831592 0.306158 0.0858536 0.387007
0 0.803513 0.316678 0.0424133 0.139623
3 0.251791 0.791056 0.475739 0.407814
3 0.72753 0.343069 0.0688627 0.0965473
0 0.0103027 0.625879 0.0206053 0.579889
4 0.373725 0.76074 0.499607 0.456238
3 0.799765 0.248666 0.0342247 0.24059
3 0.0960289 0.584265 0.192058 0.645903
4 0.723141 0.764525 0.55205 0.452873
3 0.117286 0.819376 0.233844 0.361248
3 0.939473 0.0934224 0.121053 0.186845
4 0.814378 0.676609 0.371244 0.640157
3 0.39404 0.776867 0.389872 0.446266
0 0.765363 0.288271 0.0712756 0.129382
3 0.148842 0.58726 0.296906 0.716433
4 0.679375 0.765123 0.329454 0.469755
3 0.163734 0.217325 0.327469 0.434651
3 0.465642 0.380221 0.397891 0.760442
3 0.442594 0.307028 0.666251 0.614057
4 0.0913624 0.78882 0.182725 0.407617
0 0.937126 0.725222 0.125747 0.533916
3 0.829379 0.36634 0.0883209 0.29291
4 0.788596 0.760621 0.366356 0.478757
4 0.742769 0.664194 0.514462 0.656949
3 0.0687707 0.399466 0.137541 0.704231
3 0.549295 0.377252 0.342056 0.754505
4 0.436628 0.0265711 0.852994 0.0531423
3 0.765363 0.288271 0.0712756 0.129382
0 0.217204 0.75281 0.421507 0.474143
4 0.528725 0.0403457 0.771539 0.0806914
0 0.328328 0.271834 0.630839 0.543668
3 0.294725 0.0238945 0.58945 0.0477889
0 0.528725 0.0403457 0.771539 0.0806914
0 0.937881 0.171875 0.124238 0.343749
4 0.940519 0.798334 0.118962 0.403332
3 0.271886 0.0365484 0.543771 0.0730969
3 0.328328 0.271834 0.630839 0.543668
3 0.107629 0.651732 0.215259 0.554273
3 0.379987 0.721421 0.515713 0.372639
3 0.195487 0.150561 0.390974 0.301123
0 0.940519 0.798334 0.118962 0.403332
4 0.161 0.776369 0.31998 0.430398
0 0.39404 0.776867 0.389872 0.446266
3 0.0261792 0.325942 0.0523585 0.651884
0 0.368555 0.648808 0.235847 0.553167
0 0.577967 0.0730414 0.706666 0.146083
3 0.803513 0.316678 0.0424133 0.139623
3 0.0300146 0.775696 0.0600291 0.448608
4 0.577967 0.0730414 0.706666 0.146083
0 0.619066 0.126226 0.634642 0.252451
3 0.700873 0.632646 0.242056 0.622135
3 0.373252 0.0174867 0.746504 0.0349735
4 0.937126 0.725222 0.125747 0.533916
3 0.0889635 0.369461 0.177927 0.738922
0 0.346514 0.382268 0.225218 0.580701
3 0.0568171 0.722608 0.113634 0.521937
0 0.0978071 0.814869 0.195614 0.370262
0 0.939473 0.0934224 0.121053 0.186845
0 0.25319 0.794256 0.398589 0.411488
3 0.113881 0.281585 0.227762 0.563169
0 0.826025 0.647021 0.302608 0.661172
4 0.889981 0.765043 0.220037 0.469915
0 0.317183 0.614761 0.30037 0.516754
0 0.676774 0.664645 0.646451 0.669019
0 0.942641 0.246438 0.114718 0.436361
3 0.0352246 0.810702 0.0704493 0.378595
3 0.0192207 0.347343 0.0384415 0.694685
3 0.277799 0.117024 0.555598 0.234047
4 0.240817 0.737174 0.472239 0.516576
3 0.476746 0.756685 0.327017 0.48663
3 0.013009 0.657698 0.0260179 0.661791
0 0.65079 0.264476 0.426712 0.528953
0 0.500694 0.341053 0.66362 0.682106
4 0.294725 0.0238945 0.58945 0.0477889
4 0.373252 0.0174867 0.746504 0.0349735
3 0.761108 0.326072 0.0902386 0.109591
3 0.147499 0.280129 0.294998 0.560259
4 0.225849 0.0489179 0.451699 0.0978358
2 0.373725 0.76074 0.499607 0.456238
3 0.161 0.776369 0.31998 0.430398
3 0.799627 0.275511 0.0286606 0.0923525
4 0.39404 0.776867 0.389872 0.446266
0 0.72753 0.343069 0.0688627 0.0965473
3 0.072004 0.766293 0.144008 0.462783
4 0.172223 0.806789 0.325197 0.386422
4 0.939485 0.795066 0.12103 0.409868
3 0.0134765 0.39469 0.026953 0.758143
4 0.25319 0.794256 0.398589 0.411488
0 0.0134765 0.39469 0.026953 0.758143
4 0.619066 0.126226 0.634642 0.252451
0 0.645172 0.192716 0.569922 0.385433
0 0.761763 0.330311 0.0884045 0.414346
4 0.328328 0.271834 0.630839 0.543668
0 0.829379 0.36634 0.0883209 0.29291
2 0.39404 0.776867 0.389872 0.446266
0 0.824687 0.758672 0.350626 0.482655
3 0.0104355 0.567636 0.020871 0.619002
4 0.937881 0.171875 0.124238 0.343749
4 0.0238174 0.722371 0.0476349 0.555258
3 0.0491135 0.647489 0.0982271 0.518579
3 0.0498785 0.574466 0.099757 0.561674
0 0.0192207 0.347343 0.0384415 0.694685
4 0.271886 0.0365484 0.543771 0.0730969
3 0.0238174 0.722371 0.0476349 0.555258
0 0.133229 0.73471 0.263673 0.528673
4 0.0352246 0.810702 0.0704493 0.378595
0 0.753879 0.302582 0.312808 0.584835
0 0.60129 0.309708 0.521999 0.619416
4 0.0172501 0.678538 0.0345002 0.640964
4 0.55229 0.326588 0.589684 0.653176
0 0.18847 0.804768 0.348595 0.390463
0 0.113881 0.281585 0.227762 0.563169
0 0.889981 0.765043 0.220037 0.469915
4 0.163734 0.217325 0.327469 0.434651
0 0.895299 0.227649 0.209402 0.455298
0 0.0314655 0.801659 0.0629311 0.396683
4 0.942641 0.246438 0.114718 0.436361
4 0.493678 0.617067 0.290803 0.50518
0 0.863176 0.15062 0.273648 0.30124
4 0.645172 0.192716 0.569922 0.385433
4 0.0192207 0.347343 0.0384415 0.694685
2 0.672621 0.744173 0.650234 0.427756
4 0.921898 0.66128 0.156205 0.668526
0 0.363538 0.420798 0.281575 0.712807
0 0.771337 0.203451 0.457326 0.406903
4 0.93269 0.591755 0.134621 0.80466
4 0.277799 0.117024 0.555598 0.234047
1 0.147637 0.805696 0.290832 0.378153
4 0.442594 0.307028 0.666251 0.614057
0 0.0352246 0.810702 0.0704493 0.378595
4 0.939473 0.0934224 0.121053 0.186845
4 0.0104355 0.567636 0.020871 0.619002
1 0.823022 0.773238 0.353957 0.449126
2 0.504853 0.609514 0.296004 0.523579
4 0.346514 0.382268 0.225218 0.580701
2 0.799627 0.275511 0.0286606 0.0923525
4 0.113881 0.281585 0.227762 0.563169
4 0.65079 0.264476 0.426712 0.528953
4 0.0300146 0.775696 0.0600291 0.448608
0 0.0261792 0.325942 0.0523585 0.651884
4 0.0134765 0.39469 0.026953 0.758143
0 0.254237 0.389675 0.361684 0.639174
4 0.93547 0.420057 0.129059 0.65957
3 0.275592 0.692564 0.431799 0.491738
4 0.117286 0.819376 0.233844 0.361248
4 0.254237 0.389675 0.361684 0.639174
4 0.863176 0.15062 0.273648 0.30124
4 0.363538 0.420798 0.281575 0.712807
0 0.862667 0.242022 0.223954 0.468049
4 0.799765 0.248666 0.0342247 0.24059
4 0.895299 0.227649 0.209402 0.455298
4 0.0261792 0.325942 0.0523585 0.651884
4 0.216529 0.136233 0.433058 0.272467
0 0.294796 0.131093 0.589593 0.262185
0 0.93269 0.591755 0.134621 0.80466
1 0.675437 0.741164 0.649125 0.453892
0 0.88036 0.540404 0.23928 0.827567
4 0.851429 0.553913 0.297142 0.892175
4 0.416949 0.37894 0.421377 0.757879
0 0.811765 0.564346 0.376469 0.871308
4 0.147499 0.280129 0.294998 0.560259
2 0.766872 0.657498 0.465261 0.668161
4 0.799627 0.275511 0.0286606 0.0923525
0 0.469299 0.439775 0.297879 0.879549
2 0.72753 0.343069 0.0688627 0.0965473
1 0.0810177 0.819998 0.162035 0.347427
4 0.265658 0.352424 0.47335 0.704848
4 0.133229 0.73471 0.263673 0.528673
0 0.57772 0.764132 0.358151 0.471736
3 0.0946978 0.811811 0.188856 0.365884
2 0.613407 0.6179 0.285189 0.574765
0 0.0568171 0.722608 0.113634 0.521937
1 0.803513 0.316678 0.0424133 0.139623
0 0.907877 0.342693 0.184247 0.63759
4 0.907877 0.342693 0.184247 0.63759
2 0.826025 0.647021 0.302608 0.661172
0 0.93547 0.420057 0.129059 0.65957
2 0.761108 0.326072 0.0902386 0.109591
2 0.942641 0.246438 0.114718 0.436361
4 0.549295 0.377252 0.342056 0.754505
4 0.761108 0.326072 0.0902386 0.109591
1 0.761763 0.330311 0.0884045 0.414346
2 0.309526 0.738519 0.608327 0.522962
0 0.921898 0.66128 0.156205 0.668526
4 0.211776 0.794105 0.407849 0.389975
4 0.0687707 0.399466 0.137541 0.704231
2 0.700873 0.632646 0.242056 0.622135
0 0.177022 0.369328 0.354044 0.738655
4 0.761763 0.330311 0.0884045 0.414346
2 0.275592 0.692564 0.431799 0.491738
4 0.753879 0.302582 0.312808 0.584835
4 0.195566 0.389841 0.371527 0.779682
4 0.803513 0.316678 0.0424133 0.139623
0 0.679375 0.765123 0.329454 0.469755
2 0.799765 0.248666 0.0342247 0.24059
2 0.803513 0.316678 0.0424133 0.139623
4 0.105685 0.403399 0.211371 0.731563
2 0.347594 0.43222 0.211001 0.621795
0 0.147499 0.280129 0.294998 0.560259
4 0.862667 0.242022 0.223954 0.468049
2 0.317183 0.614761 0.30037 0.516754
4 0.0568171 0.722608 0.113634 0.521937
4 0.469299 0.439775 0.297879 0.879549
2 0.811765 0.564346 0.376469 0.871308
2 0.765363 0.288271 0.0712756 0.129382
4 0.0889635 0.369461 0.177927 0.738922
4 0.771337 0.203451 0.457326 0.406903
1 0.493678 0.617067 0.290803 0.50518
4 0.892967 0.519726 0.214066 0.929407
1 0.799765 0.248666 0.0342247 0.24059
0 0.250702 0.604797 0.419414 0.524011
0 0.700873 0.632646 0.242056 0.622135
0 0.195487 0.150561 0.390974 0.301123
0 0.498163 0.697505 0.279517 0.352187
1 0.49796 0.688093 0.27076 0.375799
0 0.796713 0.761587 0.406575 0.462615
0 0.333422 0.748003 0.584051 0.503995
2 0.498633 0.702438 0.276424 0.355656
0 0.692809 0.762686 0.614381 0.468384
0 0.380354 0.721399 0.514957 0.372556
4 0.499395 0.688553 0.270229 0.376837
0 0.799676 0.275437 0.0286793 0.0921527
0 0.776849 0.65694 0.446303 0.665869
0 0.495366 0.745136 0.288387 0.509727
3 0.305594 0.370574 0.51427 0.741148
3 0.551127 0.755428 0.400621 0.457229
3 0.503579 0.745182 0.290788 0.444809
3 0.195501 0.390036 0.371269 0.780073
3 0.363675 0.420996 0.28049 0.712176
3 0.49366 0.617093 0.290652 0.505106
3 0.725179 0.294345 0.0672061 0.205517
3 0.254287 0.389857 0.361411 0.639916
0 0.225665 0.049026 0.45133 0.0980519
3 0.310729 0.740945 0.611387 0.506106
0 0.275369 0.694406 0.431857 0.495432
3 0.814555 0.67657 0.370889 0.64036
0 0.160888 0.77592 0.319757 0.431372
4 0.510059 0.762879 0.323644 0.474242
0 0.372609 0.0175186 0.745217 0.0350371
3 0.537103 0.442379 0.272782 0.884758
3 0.932827 0.591411 0.134346 0.80246
3 0.393619 0.438042 0.375812 0.876084
3 0.893047 0.518752 0.213905 0.9269
3 0.940627 0.798413 0.118746 0.403173
0 0.294274 0.023911 0.588548 0.047822
3 0.622817 0.560209 0.255948 0.602189
3 0.137927 0.408896 0.275855 0.817792
3 0.105737 0.403776 0.211473 0.730047
3 0.651498 0.263911 0.424408 0.527823
3 0.552379 0.326544 0.5892 0.653089
3 0.346377 0.382382 0.225284 0.580659
3 0.679494 0.765131 0.329436 0.469738
3 0.907995 0.342275 0.184011 0.636722
3 0.851615 0.554326 0.29677 0.891348
3 0.890448 0.764818 0.219103 0.470364
3 0.253158 0.794337 0.398162 0.411326
3 0.895698 0.227467 0.208605 0.454934
3 0.921971 0.660882 0.156058 0.666848
3 0.821882 0.772269 0.356236 0.455463
3 0.932959 0.762401 0.134082 0.466363
3 0.93571 0.418236 0.12858 0.654892
3 0.755361 0.302213 0.308687 0.583219
3 0.469426 0.439767 0.297318 0.879534
3 0.806197 0.7583 0.384007 0.4834
3 0.577543 0.0739953 0.705294 0.147991
0 0.0173826 0.67849 0.0347651 0.641266
0 0.0913635 0.78856 0.182727 0.408201
3 0.368774 0.649076 0.235603 0.553757
3 0.707336 0.330003 0.139503 0.561383
3 0.942882 0.246222 0.114236 0.435818
3 0.316945 0.616804 0.300374 0.521145
3 0.69979 0.221784 0.543888 0.443567
3 0.706599 0.754808 0.579572 0.464002
3 0.528798 0.0405921 0.769678 0.0811842
3 0.209157 0.71875 0.413194 0.559065
3 0.864293 0.241728 0.219682 0.467007
3 0.133108 0.734828 0.263443 0.52854
3 0.618478 0.127918 0.632986 0.255837
4 0.821882 0.772269 0.356236 0.455463
3 0.608718 0.437574 0.249188 0.6733
3 0.188371 0.804801 0.34819 0.390397
3 0.676962 0.664588 0.646076 0.669206
3 0.761814 0.329772 0.0881824 0.412678
4 0.57778 0.764137 0.357804 0.471727
2 0.476831 0.756701 0.32682 0.486599
0 0.799816 0.248295 0.0341999 0.239626
0 0.512149 0.631966 0.301943 0.498549
3 0.888015 0.327972 0.167277 0.543923
0 0.436157 0.0266478 0.852303 0.0532956
3 0.225665 0.049026 0.45133 0.0980519
3 0.86476 0.150745 0.27048 0.301489
3 0.453691 0.0282879 0.85672 0.0565757
3 0.938099 0.171889 0.123802 0.343778
3 0.772615 0.203485 0.45477 0.406969
3 0.25037 0.606271 0.419273 0.52725
0 0.939699 0.795093 0.120603 0.409813
3 0.940046 0.659447 0.119909 0.57229
0 0.761121 0.325782 0.0899576 0.108489
3 0.831728 0.306009 0.0855009 0.386409
0 0.0239644 0.722154 0.0479287 0.555692
3 0.251554 0.791074 0.47524 0.40795
0 0.271266 0.036589 0.542533 0.0731779
3 0.727504 0.342252 0.0686657 0.094536
0 0.803588 0.31645 0.0423744 0.139082
4 0.373886 0.760752 0.499261 0.456314
3 0.799816 0.248295 0.0341999 0.239626
3 0.0960832 0.58398 0.192166 0.64668
4 0.723186 0.764539 0.551932 0.452887
3 0.11729 0.819524 0.233882 0.360952
3 0.939925 0.0933765 0.120149 0.186753
0 0.010328 0.625885 0.0206559 0.578503
3 0.394288 0.77699 0.389153 0.44602
4 0.814555 0.67657 0.370889 0.64036
3 0.14881 0.587031 0.296843 0.716975
4 0.679494 0.765131 0.329436 0.469738
3 0.163062 0.218907 0.326123 0.437814
3 0.44252 0.308763 0.665018 0.617527
3 0.467626 0.380093 0.39333 0.760187
0 0.765389 0.287927 0.0712234 0.128638
3 0.829444 0.365432 0.0880981 0.290946
4 0.0913635 0.78856 0.182727 0.408201
4 0.788504 0.760637 0.365975 0.478727
4 0.742607 0.66416 0.514787 0.657117
3 0.068825 0.399706 0.13765 0.702892
4 0.436157 0.0266478 0.852303 0.0532956
3 0.550675 0.377142 0.338204 0.754284
3 0.765389 0.287927 0.0712234 0.128638
3 0.294274 0.023911 0.588548 0.047822
4 0.528798 0.0405921 0.769678 0.0811842
0 0.937153 0.725124 0.125695 0.534159
4 0.940627 0.798413 0.118746 0.403173
3 0.328207 0.27442 0.630691 0.548841
3 0.271266 0.036589 0.542533 0.0731779
3 0.107526 0.651133 0.215052 0.552577
3 0.380354 0.721399 0.514957 0.372556
0 0.328207 0.27442 0.630691 0.548841
0 0.217173 0.752036 0.421503 0.475765
0 0.528798 0.0405921 0.769678 0.0811842
0 0.938099 0.171889 0.123802 0.343778
3 0.194707 0.152883 0.389413 0.305767
4 0.160888 0.77592 0.319757 0.431372
3 0.0262943 0.325996 0.0525886 0.651993
3 0.803588 0.31645 0.0423744 0.139082
3 0.0301645 0.775617 0.0603291 0.448765
0 0.940627 0.798413 0.118746 0.403173
4 0.577543 0.0739953 0.705294 0.147991
0 0.394288 0.77699 0.389153 0.44602
0 0.368774 0.649076 0.235603 0.553757
3 0.700634 0.632324 0.239543 0.621896
0 0.577543 0.0739953 0.705294 0.147991
3 0.372609 0.0175186 0.745217 0.0350371
3 0.0889471 0.369445 0.177894 0.738889
4 0.937153 0.725124 0.125695 0.534159
3 0.0568662 0.722703 0.113732 0.522063
3 0.113368 0.281824 0.226735 0.563647
4 0.890448 0.764818 0.219103 0.470364
3 0.275863 0.119301 0.551727 0.238603
0 0.618478 0.127918 0.632986 0.255837
3 0.0353334 0.81081 0.0706667 0.378381
3 0.0193144 0.347202 0.0386288 0.694404
0 0.346377 0.382382 0.225284 0.580659
4 0.240461 0.737321 0.471518 0.516454
0 0.0978736 0.815015 0.195747 0.36997
0 0.253158 0.794337 0.398162 0.411326
0 0.939925 0.0933765 0.120149 0.186753
0 0.826129 0.646759 0.301061 0.661037
0 0.942882 0.246222 0.114236 0.435818
3 0.0130968 0.657791 0.0261936 0.661748
0 0.316945 0.616804 0.300374 0.521145
3 0.476831 0.756701 0.32682 0.486599
0 0.676962 0.664588 0.646076 0.669206
4 0.294274 0.023911 0.588548 0.047822
4 0.372609 0.0175186 0.745217 0.0350371
3 0.761121 0.325782 0.0899576 0.108489
3 0.14645 0.28147 0.292899 0.56294
3 0.160888 0.77592 0.319757 0.431372
4 0.225665 0.049026 0.45133 0.0980519
0 0.651498 0.263911 0.424408 0.527823
2 0.373886 0.760752 0.499261 0.456314
3 0.799676 0.275437 0.0286793 0.0921527
4 0.394288 0.77699 0.389153 0.44602
3 0.0720436 0.766127 0.144087 0.463345
0 0.501325 0.341152 0.661919 0.682304
4 0.939699 0.795093 0.120603 0.409813
3 0.0134919 0.394689 0.0269838 0.755937
4 0.172119 0.806785 0.325033 0.386431
4 0.253158 0.794337 0.398162 0.411326
0 0.727504 0.342252 0.0686657 0.094536
4 0.328207 0.27442 0.630691 0.548841
4 0.618478 0.127918 0.632986 0.255837
2 0.394288 0.77699 0.389153 0.44602
3 0.010439 0.567465 0.020878 0.616345
4 0.938099 0.171889 0.123802 0.343778
4 0.0239644 0.722154 0.0479287 0.555692
0 0.0134919 0.394689 0.0269838 0.755937
0 0.761814 0.329772 0.0881824 0.412678
3 0.0491189 0.646915 0.0982378 0.516896
3 0.049885 0.574034 0.0997699 0.560459
0 0.644736 0.193625 0.568002 0.38725
4 0.271266 0.036589 0.542533 0.0731779
0 0.829444 0.365432 0.0880981 0.290946
3 0.0239644 0.722154 0.0479287 0.555692
0 0.824928 0.758587 0.350145 0.482826
0 0.0193144 0.347202 0.0386288 0.694404
4 0.0353334 0.81081 0.0706667 0.378381
0 0.133108 0.734828 0.263443 0.52854
4 0.0173826 0.67849 0.0347651 0.641266
4 0.552379 0.326544 0.5892 0.653089
4 0.163062 0.218907 0.326123 0.437814
0 0.755361 0.302213 0.308687 0.583219
0 0.601278 0.309496 0.521226 0.618991
0 0.188371 0.804801 0.34819 0.390397
4 0.49366 0.617093 0.290652 0.505106
4 0.942882 0.246222 0.114236 0.435818
0 0.113368 0.281824 0.226735 0.563647
0 0.890448 0.764818 0.219103 0.470364
0 0.895698 0.227467 0.208605 0.454934
0 0.0315488 0.801727 0.0630977 0.396546
4 0.644736 0.193625 0.568002 0.38725
0 0.86476 0.150745 0.27048 0.301489
4 0.0193144 0.347202 0.0386288 0.694404
2 0.672577 0.744201 0.650155 0.427666
4 0.275863 0.119301 0.551727 0.238603
4 0.921971 0.660882 0.156058 0.666848
4 0.932827 0.591411 0.134346 0.80246
4 0.44252 0.308763 0.665018 0.617527
4 0.939925 0.0933765 0.120149 0.186753
1 0.147405 0.805847 0.29037 0.377951
4 0.010439 0.567465 0.020878 0.616345
0 0.363675 0.420996 0.28049 0.712176
2 0.504961 0.609573 0.29575 0.523435
1 0.82307 0.773138 0.353861 0.449407
0 0.772615 0.203485 0.45477 0.406969
4 0.346377 0.382382 0.225284 0.580659
4 0.113368 0.281824 0.226735 0.563647
2 0.799676 0.275437 0.0286793 0.0921527
4 0.651498 0.263911 0.424408 0.527823
4 0.0301645 0.775617 0.0603291 0.448765
0 0.0353334 0.81081 0.0706667 0.378381
4 0.0134919 0.394689 0.0269838 0.755937
4 0.93571 0.418236 0.12858 0.654892
3 0.275369 0.694406 0.431857 0.495432
4 0.11729 0.819524 0.233882 0.360952
4 0.86476 0.150745 0.27048 0.301489
4 0.254287 0.389857 0.361411 0.639916
4 0.363675 0.420996 0.28049 0.712176
0 0.0262943 0.325996 0.0525886 0.651993
0 0.254287 0.389857 0.361411 0.639916
4 0.895698 0.227467 0.208605 0.454934
4 0.799816 0.248295 0.0341999 0.239626
4 0.215478 0.139346 0.430956 0.278693
4 0.0262943 0.325996 0.0525886 0.651993
0 0.864293 0.241728 0.219682 0.467007
1 0.675436 0.741159 0.649128 0.453701
4 0.851615 0.554326 0.29677 0.891348
4 0.14645 0.28147 0.292899 0.56294
4 0.418217 0.378881 0.418759 0.757761
2 0.767389 0.65741 0.464173 0.668303
0 0.293568 0.134675 0.587136 0.26935
0 0.932827 0.591411 0.134346 0.80246
0 0.880472 0.539995 0.239055 0.824966
0 0.812097 0.564734 0.375807 0.870531
4 0.799676 0.275437 0.0286793 0.0921527
2 0.727504 0.342252 0.0686657 0.094536
4 0.266098 0.352606 0.471519 0.705212
1 0.0809973 0.820255 0.161995 0.346961
4 0.133108 0.734828 0.263443 0.52854
0 0.469426 0.439767 0.297318 0.879534
3 0.094615 0.811954 0.18869 0.365655
2 0.613 0.617762 0.284688 0.574712
1 0.803588 0.31645 0.0423744 0.139082
4 0.907995 0.342275 0.184011 0.636722
2 0.826129 0.646759 0.301061 0.661037
2 0.761121 0.325782 0.0899576 0.108489
0 0.57778 0.764137 0.357804 0.471727
0 0.907995 0.342275 0.184011 0.636722
0 0.0568662 0.722703 0.113732 0.522063
2 0.942882 0.246222 0.114236 0.435818
4 0.550675 0.377142 0.338204 0.754284
4 0.761121 0.325782 0.0899576 0.108489
1 0.761814 0.329772 0.0881824 0.412678
2 0.309462 0.73865 0.608213 0.522701
0 0.93571 0.418236 0.12858 0.654892
4 0.211651 0.794124 0.407481 0.390015
4 0.068825 0.399706 0.13765 0.702892
2 0.700634 0.632324 0.239543 0.621896
2 0.275369 0.694406 0.431857 0.495432
4 0.761814 0.329772 0.0881824 0.412678
4 0.755361 0.302213 0.308687 0.583219
0 0.921971 0.660882 0.156058 0.666848
4 0.195501 0.390036 0.371269 0.780073
4 0.803588 0.31645 0.0423744 0.139082
0 0.176953 0.369503 0.353906 0.739005
2 0.799816 0.248295 0.0341999 0.239626
2 0.803588 0.31645 0.0423744 0.139082
4 0.105737 0.403776 0.211473 0.730047
2 0.347436 0.43291 0.211097 0.622892
4 0.864293 0.241728 0.219682 0.467007
2 0.316945 0.616804 0.300374 0.521145
4 0.0568662 0.722703 0.113732 0.522063
0 0.679494 0.765131 0.329436 0.469738
4 0.469426 0.439767 0.297318 0.879534
2 0.765389 0.287927 0.0712234 0.128638
2 0.812097 0.564734 0.375807 0.870531
4 0.0889471 0.369445 0.177894 0.738889
1 0.49366 0.617093 0.290652 0.505106
4 0.772615 0.203485 0.45477 0.406969
4 0.893047 0.518752 0.213905 0.9269
1 0.799816 0.248295 0.0341999 0.239626
0 0.14645 0.28147 0.292899 0.56294
4 0.14881 0.587031 0.296843 0.716975
4 0.368774 0.649076 0.235603 0.553757
4 0.707336 0.330003 0.139503 0.561383
