0 0.384607 0.545606 0.156991 0.0981181
0 0.0289046 0.529358 0.0549781 0.122281
0 0.755816 0.750997 0.488367 0.481138
0 0.386316 0.459858 0.159279 0.266961
0 0.262455 0.551605 0.40865 0.111612
1 0.386082 0.543745 0.16267 0.100507
0 0.0294981 0.478395 0.0541771 0.221985
0 0.415002 0.754378 0.619671 0.442044
0 0.632459 0.755324 0.735083 0.468236
2 0.383783 0.544487 0.157965 0.0885688
0 0.565735 0.0213711 0.86853 0.0427422
0 0.250824 0.726443 0.490635 0.485649
4 0.383783 0.544487 0.157965 0.0885688
0 0.384564 0.673579 0.169851 0.375048
1 0.386316 0.459858 0.159279 0.266961
0 0.823694 0.765811 0.352613 0.468378
0 0.433837 0.64952 0.284387 0.323521
0 0.407681 0.0224169 0.8083 0.0448337
3 0.38489 0.30403 0.231791 0.608061
0 0.115304 0.544454 0.230284 0.146957
3 0.124835 0.446892 0.249669 0.847349
0 0.681042 0.0294834 0.637916 0.0589669
0 0.0314221 0.425283 0.0601483 0.338744
0 0.524941 0.210482 0.791589 0.420964
4 0.748641 0.756589 0.502718 0.477643
0 0.0643234 0.529825 0.127047 0.129757
0 0.476898 0.697172 0.414275 0.40731
2 0.386316 0.459858 0.159279 0.266961
0 0.518378 0.134191 0.914622 0.268382
3 0.820751 0.753727 0.358498 0.492546
3 0.771342 0.264216 0.457317 0.528433
3 0.161 0.254531 0.318984 0.508529
0 0.317732 0.759391 0.590445 0.40366
3 0.604169 0.5 0.760235 1
3 0.141497 0.839981 0.281493 0.320038
3 0.773164 0.755666 0.453672 0.488669
1 0.0294981 0.478395 0.0541771 0.221985
4 0.386316 0.459858 0.159279 0.266961
3 0.193442 0.828094 0.37577 0.343812
3 0.852565 0.514372 0.294869 0.971255
3 0.148938 0.355695 0.294316 0.711391
3 0.264036 0.270231 0.515722 0.540462
3 0.297631 0.796013 0.592165 0.407974
4 0.579571 0.749232 0.800212 0.478134
3 0.0787703 0.358727 0.155863 0.639023
0 0.058828 0.780022 0.117656 0.425754
0 0.2106 0.127658 0.4212 0.255316
3 0.669848 0.755867 0.642209 0.488265
3 0.87571 0.752508 0.24858 0.494985
3 0.939508 0.782572 0.120984 0.434857
3 0.53963 0.752764 0.63459 0.494472
1 0.0289046 0.529358 0.0549781 0.122281
3 0.734658 0.0431036 0.530684 0.0862072
3 0.948064 0.258615 0.103873 0.502031
3 0.942099 0.505004 0.115802 0.902625
3 0.420118 0.768112 0.640449 0.463775
3 0.147293 0.4886 0.287814 0.384594
0 0.262605 0.450595 0.0645645 0.218888
0 0.295548 0.0441674 0.591095 0.0883348
3 0.38601 0.542083 0.160634 0.10158
0 0.259084 0.396369 0.06319 0.156744
3 0.257647 0.760407 0.50835 0.406775
4 0.392102 0.738461 0.707248 0.485911
3 0.250234 0.677793 0.456697 0.545441
0 0.167743 0.700922 0.334519 0.498629
3 0.690132 0.285733 0.619735 0.571466
3 0.259084 0.396369 0.06319 0.156744
4 0.476898 0.697172 0.414275 0.40731
3 0.772545 0.504545 0.454909 0.990911
0 0.652923 0.247222 0.694154 0.494444
3 0.138839 0.776137 0.276713 0.444378
3 0.941906 0.585011 0.116187 0.716207
0 0.38489 0.30403 0.231791 0.608061
0 0.9663 0.24132 0.0674002 0.430892
4 0.274655 0.730965 0.540194 0.48835
3 0.388805 0.47015 0.158397 0.253463
0 0.944114 0.773421 0.111771 0.449693
3 0.115516 0.319863 0.231032 0.639726
2 0.262455 0.551605 0.40865 0.111612
3 0.335522 0.303463 0.500834 0.606926
3 0.262605 0.450595 0.0645645 0.218888
0 0.77405 0.0468973 0.451899 0.0937947
3 0.190799 0.766056 0.373486 0.455317
0 0.0333358 0.699893 0.0657354 0.471041
4 0.640267 0.0187819 0.719466 0.0375638
3 0.578813 0.302487 0.716154 0.604974
3 0.944114 0.773421 0.111771 0.449693
2 0.274655 0.730965 0.540194 0.48835
3 0.481216 0.387535 0.536231 0.77507
3 0.96334 0.334208 0.0733192 0.605825
3 0.729583 0.752923 0.540833 0.488983
0 0.0231948 0.769389 0.0463896 0.461222
4 0.558904 0.210779 0.838017 0.421557
0 0.96334 0.334208 0.0733192 0.605825
3 0.929326 0.219038 0.0193085 0.0547453
3 0.439322 0.551676 0.235979 0.150384
3 0.640267 0.0187819 0.719466 0.0375638
3 0.805241 0.204026 0.389517 0.408052
3 0.2106 0.127658 0.4212 0.255316
4 0.524048 0.0228349 0.929412 0.0456699
3 0.150842 0.608538 0.291993 0.604775
3 0.499241 0.021134 0.931807 0.042268
4 0.0610938 0.758644 0.122188 0.465181
4 0.0289046 0.529358 0.0549781 0.122281
4 0.939508 0.782572 0.120984 0.434857
4 0.0294981 0.478395 0.0541771 0.221985
3 0.666565 0.365126 0.666422 0.730252
3 0.165273 0.681829 0.330546 0.500151
0 0.208322 0.261353 0.407324 0.522706
4 0.466169 0.76072 0.655552 0.47856
0 0.087835 0.789618 0.17567 0.420765
4 0.824806 0.760902 0.350388 0.478196
4 0.251029 0.822683 0.485498 0.354634
0 0.504057 0.576927 0.368736 0.166253
3 0.931332 0.726719 0.137336 0.541397
4 0.690132 0.285733 0.619735 0.571466
4 0.944114 0.773421 0.111771 0.449693
3 0.0252336 0.748928 0.0504673 0.502143
4 0.666565 0.365126 0.666422 0.730252
3 0.349761 0.0264505 0.698848 0.0529009
3 0.428991 0.303774 0.510651 0.607547
2 0.433837 0.64952 0.284387 0.323521
2 0.0292181 0.524319 0.0584362 0.132422
4 0.693668 0.0376723 0.612665 0.0753446
0 0.249012 0.0884394 0.498024 0.176879
0 0.666565 0.365126 0.666422 0.730252
0 0.138839 0.776137 0.276713 0.444378
3 0.360168 0.759032 0.585735 0.41645
3 0.0292924 0.288313 0.0585847 0.576625
4 0.367671 0.790986 0.589574 0.418028
4 0.170308 0.753588 0.33974 0.45614
0 0.383544 0.468995 0.240259 0.299429
0 0.786873 0.684419 0.426253 0.631161
4 0.141497 0.839981 0.281493 0.320038
3 0.9663 0.24132 0.0674002 0.430892
3 0.116854 0.2509 0.233707 0.501799
3 0.329766 0.358199 0.222936 0.519764
3 0.0285082 0.777808 0.0570165 0.444385
3 0.295548 0.0441674 0.591095 0.0883348
3 0.513528 0.743571 0.805687 0.484262
3 0.610278 0.229204 0.779444 0.458408
4 0.624125 0.752401 0.674981 0.495199
0 0.0285082 0.777808 0.0570165 0.444385
3 0.807348 0.361668 0.381912 0.659223
3 0.164082 0.159703 0.328163 0.319407
3 0.115304 0.544454 0.230284 0.146957
4 0.378393 0.316012 0.306129 0.632025
3 0.48655 0.246743 0.623885 0.493486
4 0.87571 0.752508 0.24858 0.494985
0 0.141497 0.839981 0.281493 0.320038
3 0.087835 0.789618 0.17567 0.420765
0 0.432519 0.29743 0.49624 0.594861
4 0.724609 0.756799 0.549268 0.486402
4 0.0231948 0.769389 0.0463896 0.461222
4 0.0307248 0.400187 0.0614495 0.403124
4 0.0285082 0.777808 0.0570165 0.444385
4 0.518378 0.134191 0.914622 0.268382
3 0.248721 0.187655 0.497441 0.375309
4 0.77405 0.0468973 0.451899 0.0937947
4 0.087835 0.789618 0.17567 0.420765
1 0.832559 0.764438 0.334883 0.471124
0 0.0285487 0.309419 0.0570975 0.565982
0 0.950528 0.314187 0.0989431 0.427745
0 0.439322 0.551676 0.235979 0.150384
4 0.824275 0.754844 0.351449 0.490311
3 0.0289046 0.529358 0.0549781 0.122281
3 0.786873 0.684419 0.426253 0.631161
0 0.724609 0.756799 0.549268 0.486402
0 0.513528 0.743571 0.805687 0.484262
0 0.939508 0.782572 0.120984 0.434857
4 0.578813 0.302487 0.716154 0.604974
1 0.0314221 0.425283 0.0601483 0.338744
4 0.481216 0.387535 0.536231 0.77507
3 0.0610938 0.758644 0.122188 0.465181
0 0.805241 0.204026 0.389517 0.408052
0 0.807348 0.361668 0.381912 0.659223
0 0.824275 0.754844 0.351449 0.490311
3 0.504057 0.576927 0.368736 0.166253
4 0.41647 0.19697 0.83294 0.39394
4 0.931332 0.726719 0.137336 0.541397
0 0.48655 0.246743 0.623885 0.493486
0 0.132643 0.252833 0.26513 0.491701
0 0.800477 0.260762 0.399045 0.521523
3 0.581529 0.7038 0.611676 0.592399
4 0.262455 0.551605 0.40865 0.111612
4 0.632845 0.5 0.73431 1
0 0.380289 0.775536 0.540396 0.448929
4 0.2106 0.127658 0.4212 0.255316
3 0.694302 0.651092 0.606033 0.697816
3 0.388794 0.193807 0.77075 0.387615
4 0.805241 0.204026 0.389517 0.408052
0 0.335522 0.303463 0.500834 0.606926
0 0.944736 0.492895 0.110529 0.880282
0 0.578813 0.302487 0.716154 0.604974
0 0.87571 0.752508 0.24858 0.494985
1 0.38489 0.30403 0.231791 0.608061
3 0.0492145 0.310021 0.0984291 0.599684
4 0.969141 0.231949 0.0617182 0.427513
4 0.800477 0.260762 0.399045 0.521523
2 0.115304 0.544454 0.230284 0.146957
2 0.262605 0.450595 0.0645645 0.218888
4 0.402891 0.758551 0.551179 0.435065
4 0.96334 0.334208 0.0733192 0.605825
1 0.638807 0.742912 0.656005 0.512398
0 0.402706 0.195483 0.804959 0.390967
4 0.208322 0.261353 0.407324 0.522706
4 0.0285487 0.309419 0.0570975 0.565982
0 0.771707 0.436121 0.456586 0.872241
4 0.944736 0.492895 0.110529 0.880282
3 0.127475 0.145673 0.254949 0.281619
3 0.249012 0.0884394 0.498024 0.176879
1 0.250234 0.677793 0.456697 0.545441
2 0.0294981 0.478395 0.0541771 0.221985
4 0.48655 0.246743 0.623885 0.493486
4 0.349761 0.0264505 0.698848 0.0529009
2 0.383544 0.468995 0.240259 0.299429
0 0.53963 0.752764 0.63459 0.494472
0 0.931332 0.726719 0.137336 0.541397
0 0.116854 0.2509 0.233707 0.501799
4 0.335522 0.303463 0.500834 0.606926
4 0.249012 0.0884394 0.498024 0.176879
2 0.259084 0.396369 0.06319 0.156744
0 0.251029 0.822683 0.485498 0.354634
4 0.432519 0.29743 0.49624 0.594861
4 0.0333358 0.699893 0.0657354 0.471041
0 0.106043 0.296426 0.212085 0.579423
4 0.948064 0.258615 0.103873 0.502031
0 0.329766 0.358199 0.222936 0.519764
1 0.117942 0.624209 0.235547 0.6528
4 0.295548 0.0441674 0.591095 0.0883348
4 0.106043 0.296426 0.212085 0.579423
0 0.0787703 0.358727 0.155863 0.639023
0 0.481216 0.387535 0.536231 0.77507
3 0.0294981 0.478395 0.0541771 0.221985
2 0.720439 0.759321 0.559121 0.476938
0 0.0684795 0.490442 0.132812 0.232156
4 0.127475 0.145673 0.254949 0.281619
3 0.534316 0.152474 0.882786 0.304948
4 0.116854 0.2509 0.233707 0.501799
4 0.165441 0.344543 0.324371 0.689086
2 0.96334 0.334208 0.0733192 0.605825
3 0.0333358 0.699893 0.0657354 0.471041
4 0.0492145 0.310021 0.0984291 0.599684
4 0.771707 0.436121 0.456586 0.872241
0 0.190799 0.766056 0.373486 0.455317
0 0.632471 0.53383 0.728927 0.932341
4 0.248721 0.187655 0.497441 0.375309
4 0.820951 0.662086 0.358097 0.675828
4 0.164082 0.159703 0.328163 0.319407
3 0.0684795 0.490442 0.132812 0.232156
3 0.0314221 0.425283 0.0601483 0.338744
1 0.755816 0.750997 0.488367 0.481138
4 0.384564 0.673579 0.169851 0.375048
2 0.9663 0.24132 0.0674002 0.430892
4 0.132643 0.252833 0.26513 0.491701
1 0.165273 0.681829 0.330546 0.500151
4 0.852565 0.514372 0.294869 0.971255
2 0.504057 0.576927 0.368736 0.166253
0 0.581529 0.7038 0.611676 0.592399
0 0.0492145 0.310021 0.0984291 0.599684
4 0.0787703 0.358727 0.155863 0.639023
0 0.150842 0.608538 0.291993 0.604775
3 0.419817 0.553013 0.287777 0.405989
1 0.504057 0.576927 0.368736 0.166253
0 0.127475 0.145673 0.254949 0.281619
0 0.147293 0.4886 0.287814 0.384594
4 0.807348 0.361668 0.381912 0.659223
3 0.0643234 0.529825 0.127047 0.129757
2 0.800809 0.5 0.398382 1
2 0.0309651 0.727766 0.0619301 0.544467
2 0.165273 0.681829 0.330546 0.500151
0 0.694302 0.651092 0.606033 0.697816
2 0.786873 0.684419 0.426253 0.631161
2 0.0643234 0.529825 0.127047 0.129757
4 0.259084 0.396369 0.06319 0.156744
2 0.208322 0.261353 0.407324 0.522706
2 0.280347 0.276042 0.552054 0.552084
1 0.944114 0.773421 0.111771 0.449693
2 0.384564 0.673579 0.169851 0.375048
2 0.0307248 0.400187 0.0614495 0.403124
2 0.0684795 0.490442 0.132812 0.232156
0 0.852565 0.514372 0.294869 0.971255
0 0.124835 0.446892 0.249669 0.847349
2 0.481216 0.387535 0.536231 0.77507
2 0.148938 0.355695 0.294316 0.711391
2 0.476898 0.697172 0.414275 0.40731
2 0.227086 0.676433 0.44931 0.573434
2 0.141497 0.839981 0.281493 0.320038
2 0.944736 0.492895 0.110529 0.880282
2 0.944114 0.773421 0.111771 0.449693
3 0.262455 0.551605 0.40865 0.111612
2 0.115516 0.319863 0.231032 0.639726
2 0.939508 0.782572 0.120984 0.434857
1 0.259084 0.396369 0.06319 0.156744
1 0.415002 0.754378 0.619671 0.442044
4 0.147293 0.4886 0.287814 0.384594
1 0.21226 0.745346 0.41967 0.436647
4 0.721252 0.687976 0.557495 0.621421
2 0.380289 0.775536 0.540396 0.448929
4 0.124835 0.446892 0.249669 0.847349
0 0.384618 0.545598 0.157006 0.0980967
0 0.0289111 0.529349 0.0549997 0.122289
0 0.755702 0.750981 0.488596 0.481116
0 0.386319 0.459837 0.159284 0.266988
0 0.261554 0.551785 0.410452 0.111954
1 0.386083 0.543741 0.162667 0.100478
0 0.0295049 0.478452 0.0541942 0.221861
0 0.415078 0.754403 0.619443 0.442232
2 0.38378 0.544495 0.157963 0.0885716
0 0.632852 0.755334 0.734296 0.468187
0 0.56558 0.0212139 0.868841 0.0424277
4 0.38378 0.544495 0.157963 0.0885716
0 0.250775 0.726655 0.490549 0.485329
0 0.384415 0.674559 0.170137 0.377022
1 0.386319 0.459837 0.159284 0.266988
0 0.823724 0.765814 0.352552 0.468372
0 0.433903 0.650026 0.284653 0.324357
0 0.407636 0.0226239 0.80847 0.0452478
3 0.385141 0.304078 0.231277 0.608085
3 0.124226 0.447344 0.248451 0.845957
0 0.115989 0.544648 0.231653 0.147296
0 0.680895 0.029526 0.638211 0.059052
4 0.74866 0.756574 0.502681 0.47763
0 0.0314368 0.425276 0.0601782 0.338861
0 0.524096 0.209267 0.790078 0.418535
2 0.386319 0.459837 0.159284 0.266988
0 0.477073 0.697577 0.414943 0.408
0 0.0643746 0.529833 0.12715 0.129803
3 0.820656 0.753855 0.358688 0.492289
3 0.771437 0.263985 0.457127 0.527971
0 0.518293 0.130378 0.913293 0.260756
3 0.160234 0.25503 0.317619 0.508978
0 0.317922 0.759271 0.590794 0.404187
3 0.604477 0.5 0.758984 1
3 0.141941 0.84066 0.282337 0.318679
3 0.773261 0.755755 0.453479 0.48849
1 0.0295049 0.478452 0.0541942 0.221861
4 0.386319 0.459837 0.159284 0.266988
3 0.194378 0.828506 0.377612 0.342987
3 0.851957 0.514081 0.296087 0.971838
3 0.264704 0.272006 0.517345 0.544013
3 0.298413 0.795653 0.593968 0.408694
4 0.579993 0.749221 0.799867 0.478109
3 0.148319 0.356139 0.293156 0.712279
3 0.670578 0.755909 0.6409 0.488182
3 0.0787871 0.358984 0.155868 0.638749
3 0.93955 0.782858 0.120901 0.434284
3 0.87583 0.752502 0.248341 0.494995
3 0.539967 0.752804 0.632887 0.494393
0 0.210431 0.129311 0.420863 0.258622
0 0.0590167 0.780511 0.118033 0.424855
3 0.734483 0.0432983 0.531035 0.0865965
1 0.0289111 0.529349 0.0549997 0.122289
3 0.948323 0.258605 0.103354 0.501839
3 0.42022 0.768305 0.639698 0.463391
3 0.942057 0.505347 0.115886 0.903489
3 0.147934 0.48686 0.284714 0.376485
3 0.386021 0.542076 0.16063 0.101539
0 0.26255 0.449892 0.0641525 0.217558
4 0.392167 0.738519 0.707274 0.485936
3 0.257751 0.760211 0.50856 0.407228
0 0.295422 0.0448682 0.590843 0.0897363
3 0.249953 0.678131 0.457321 0.54523
0 0.259097 0.394778 0.0626764 0.153367
0 0.167881 0.701 0.334793 0.497823
3 0.690112 0.285804 0.619775 0.571608
3 0.259097 0.394778 0.0626764 0.153367
4 0.477073 0.697577 0.414943 0.408
3 0.77267 0.504565 0.454659 0.99087
3 0.139341 0.776281 0.277694 0.444013
3 0.94188 0.584277 0.116239 0.716733
3 0.388824 0.470153 0.158357 0.253368
4 0.274656 0.731127 0.540194 0.488256
3 0.115268 0.319815 0.230536 0.63963
0 0.385141 0.304078 0.231277 0.608085
3 0.340042 0.303474 0.491046 0.606948
0 0.652811 0.247266 0.694377 0.494531
0 0.966523 0.241037 0.0669537 0.43184
2 0.261554 0.551785 0.410452 0.111954
3 0.26255 0.449892 0.0641525 0.217558
3 0.191169 0.765754 0.374256 0.455279
0 0.94405 0.77362 0.111899 0.449551
4 0.640196 0.0186799 0.719608 0.0373598
3 0.578534 0.300915 0.712277 0.60183
0 0.774142 0.0469421 0.451717 0.0938843
3 0.94405 0.77362 0.111899 0.449551
2 0.274656 0.731127 0.540194 0.488256
0 0.0334041 0.699724 0.0658759 0.470699
3 0.963501 0.335 0.0729971 0.608602
3 0.479998 0.386953 0.532909 0.773905
3 0.729689 0.752958 0.540622 0.488856
4 0.558736 0.209736 0.837462 0.419472
3 0.439326 0.551588 0.235949 0.150077
0 0.0232595 0.769559 0.0465189 0.460883
3 0.929344 0.219049 0.0192629 0.0547304
3 0.640196 0.0186799 0.719608 0.0373598
3 0.805441 0.204022 0.389118 0.408044
0 0.963501 0.335 0.0729971 0.608602
3 0.210431 0.129311 0.420863 0.258622
4 0.523849 0.0227107 0.929753 0.0454215
3 0.15093 0.609354 0.291256 0.60064
3 0.499265 0.0210486 0.931824 0.0420972
4 0.0612501 0.758701 0.1225 0.46501
4 0.0289111 0.529349 0.0549997 0.122289
4 0.93955 0.782858 0.120901 0.434284
4 0.0295049 0.478452 0.0541942 0.221861
3 0.166021 0.682199 0.332043 0.500463
3 0.666693 0.363832 0.665681 0.727663
4 0.46619 0.760887 0.654812 0.478225
4 0.824817 0.760888 0.350367 0.478225
0 0.207275 0.26264 0.405385 0.525281
4 0.252087 0.822851 0.487728 0.354299
3 0.931334 0.727025 0.137332 0.541478
4 0.690112 0.285804 0.619775 0.571608
0 0.0887599 0.790089 0.17752 0.419822
4 0.94405 0.77362 0.111899 0.449551
3 0.0253408 0.748944 0.0506816 0.502112
3 0.349674 0.0266378 0.698845 0.0532755
4 0.666693 0.363832 0.665681 0.727663
2 0.433903 0.650026 0.284653 0.324357
3 0.428893 0.303772 0.507397 0.607544
0 0.504318 0.576762 0.369303 0.16594
2 0.0292251 0.524362 0.0584502 0.13236
4 0.693359 0.0378139 0.613283 0.0756278
3 0.36035 0.759015 0.586236 0.416856
4 0.367983 0.79089 0.590137 0.418221
3 0.029393 0.288239 0.0587859 0.576479
4 0.170492 0.753514 0.340095 0.456024
4 0.141941 0.84066 0.282337 0.318679
0 0.24857 0.0898622 0.49714 0.179724
0 0.666693 0.363832 0.665681 0.727663
3 0.966523 0.241037 0.0669537 0.43184
0 0.139341 0.776281 0.277694 0.444013
3 0.115322 0.249871 0.230645 0.499743
3 0.328102 0.366015 0.218301 0.504308
3 0.0285183 0.777927 0.0570366 0.444146
3 0.51379 0.74358 0.805811 0.484271
0 0.786626 0.684606 0.426749 0.630788
3 0.295422 0.0448682 0.590843 0.0897363
0 0.383349 0.469347 0.239874 0.2992
3 0.610347 0.228567 0.779305 0.457134
4 0.625097 0.752449 0.673086 0.495102
3 0.807434 0.364007 0.381545 0.663774
3 0.16295 0.158747 0.325899 0.317494
3 0.115989 0.544648 0.231653 0.147296
3 0.485966 0.246661 0.616516 0.493322
4 0.378585 0.315862 0.305063 0.631724
0 0.0285183 0.777927 0.0570366 0.444146
4 0.87583 0.752502 0.248341 0.494995
3 0.0887599 0.790089 0.17752 0.419822
4 0.725012 0.756859 0.548459 0.486281
4 0.0232595 0.769559 0.0465189 0.460883
4 0.030736 0.400135 0.061472 0.403371
4 0.0285183 0.777927 0.0570366 0.444146
4 0.518293 0.130378 0.913293 0.260756
3 0.248874 0.186962 0.497748 0.373924
0 0.141941 0.84066 0.282337 0.318679
4 0.0887599 0.790089 0.17752 0.419822
0 0.432295 0.2971 0.489394 0.594199
1 0.832623 0.764456 0.334753 0.471088
4 0.774142 0.0469421 0.451717 0.0938843
0 0.522694 0.291403 0.688057 0.582806
3 0.0289111 0.529349 0.0549997 0.122289
3 0.786626 0.684606 0.426749 0.630788
4 0.578534 0.300915 0.712277 0.60183
0 0.950599 0.314017 0.0988019 0.428247
1 0.0314368 0.425276 0.0601782 0.338861
3 0.0612501 0.758701 0.1225 0.46501
0 0.0285997 0.309278 0.0571993 0.566302
0 0.439326 0.551588 0.235949 0.150077
4 0.479998 0.386953 0.532909 0.773905
0 0.725012 0.756859 0.548459 0.486281
0 0.51379 0.74358 0.805811 0.484271
3 0.504318 0.576762 0.369303 0.16594
4 0.415667 0.196214 0.831334 0.392428
0 0.93955 0.782858 0.120901 0.434284
4 0.931334 0.727025 0.137332 0.541478
0 0.805441 0.204022 0.389118 0.408044
0 0.824492 0.754896 0.351016 0.490207
0 0.807434 0.364007 0.381545 0.663774
3 0.581722 0.704306 0.612042 0.591389
0 0.132047 0.252636 0.263894 0.491053
4 0.633261 0.5 0.733477 1
4 0.261554 0.551785 0.410452 0.111954
0 0.801098 0.260727 0.397805 0.521454
4 0.210431 0.129311 0.420863 0.258622
3 0.389178 0.193741 0.771727 0.387482
3 0.695154 0.655315 0.60433 0.68937
0 0.380238 0.775531 0.540242 0.448939
4 0.805441 0.204022 0.389118 0.408044
3 0.0495619 0.309906 0.0991238 0.600018
4 0.969479 0.231911 0.0610429 0.427878
0 0.340042 0.303474 0.491046 0.606948
1 0.385141 0.304078 0.231277 0.608085
4 0.801098 0.260727 0.397805 0.521454
0 0.944639 0.49225 0.110722 0.881189
2 0.115989 0.544648 0.231653 0.147296
2 0.26255 0.449892 0.0641525 0.217558
4 0.402673 0.758544 0.550997 0.435375
4 0.963501 0.335 0.0729971 0.608602
0 0.87583 0.752502 0.248341 0.494995
1 0.639263 0.742939 0.657208 0.512433
4 0.207275 0.26264 0.405385 0.525281
4 0.0285997 0.309278 0.0571993 0.566302
4 0.944639 0.49225 0.110722 0.881189
3 0.126909 0.145334 0.253818 0.280112
1 0.249953 0.678131 0.457321 0.54523
3 0.24857 0.0898622 0.49714 0.179724
0 0.402352 0.195094 0.80441 0.390188
4 0.485966 0.246661 0.616516 0.493322
2 0.0295049 0.478452 0.0541942 0.221861
2 0.383349 0.469347 0.239874 0.2992
4 0.349674 0.0266378 0.698845 0.0532755
0 0.771948 0.438173 0.456104 0.876347
4 0.340042 0.303474 0.491046 0.606948
2 0.259097 0.394778 0.0626764 0.153367
4 0.24857 0.0898622 0.49714 0.179724
4 0.432295 0.2971 0.489394 0.594199
0 0.539967 0.752804 0.632887 0.494393
0 0.115322 0.249871 0.230645 0.499743
0 0.931334 0.727025 0.137332 0.541478
4 0.0334041 0.699724 0.0658759 0.470699
0 0.252087 0.822851 0.487728 0.354299
4 0.948323 0.258605 0.103354 0.501839
1 0.117845 0.625372 0.235357 0.650494
4 0.106272 0.295849 0.212544 0.578257
0 0.106272 0.295849 0.212544 0.578257
4 0.295422 0.0448682 0.590843 0.0897363
3 0.0295049 0.478452 0.0541942 0.221861
2 0.720686 0.759315 0.558627 0.476937
0 0.328102 0.366015 0.218301 0.504308
4 0.126909 0.145334 0.253818 0.280112
3 0.534076 0.14816 0.880407 0.296319
0 0.0787871 0.358984 0.155868 0.638749
4 0.115322 0.249871 0.230645 0.499743
0 0.479998 0.386953 0.532909 0.773905
0 0.0685053 0.49056 0.13285 0.232237
4 0.1649 0.344114 0.323308 0.688228
3 0.0334041 0.699724 0.0658759 0.470699
2 0.963501 0.335 0.0729971 0.608602
4 0.0495619 0.309906 0.0991238 0.600018
4 0.771948 0.438173 0.456104 0.876347
4 0.248874 0.186962 0.497748 0.373924
4 0.820516 0.662322 0.358967 0.675355
4 0.16295 0.158747 0.325899 0.317494
0 0.191169 0.765754 0.374256 0.455279
0 0.633192 0.538921 0.727483 0.922157
3 0.0685053 0.49056 0.13285 0.232237
3 0.0314368 0.425276 0.0601782 0.338861
1 0.755702 0.750981 0.488596 0.481116
4 0.384415 0.674559 0.170137 0.377022
1 0.166021 0.682199 0.332043 0.500463
4 0.132047 0.252636 0.263894 0.491053
2 0.966523 0.241037 0.0669537 0.43184
4 0.851957 0.514081 0.296087 0.971838
2 0.504318 0.576762 0.369303 0.16594
4 0.0787871 0.358984 0.155868 0.638749
0 0.15093 0.609354 0.291256 0.60064
0 0.581722 0.704306 0.612042 0.591389
3 0.419665 0.552713 0.287036 0.404946
1 0.504318 0.576762 0.369303 0.16594
0 0.0495619 0.309906 0.0991238 0.600018
0 0.126909 0.145334 0.253818 0.280112
3 0.0643746 0.529833 0.12715 0.129803
2 0.800781 0.5 0.398439 1
0 0.147934 0.48686 0.284714 0.376485
4 0.807434 0.364007 0.381545 0.663774
2 0.0309935 0.727748 0.061987 0.544504
2 0.166021 0.682199 0.332043 0.500463
2 0.786626 0.684606 0.426749 0.630788
4 0.259097 0.394778 0.0626764 0.153367
2 0.207275 0.26264 0.405385 0.525281
2 0.0643746 0.529833 0.12715 0.129803
2 0.28037 0.276623 0.551542 0.553246
2 0.384415 0.674559 0.170137 0.377022
0 0.695154 0.655315 0.60433 0.68937
1 0.94405 0.77362 0.111899 0.449551
2 0.030736 0.400135 0.061472 0.403371
2 0.0685053 0.49056 0.13285 0.232237
2 0.479998 0.386953 0.532909 0.773905
2 0.148319 0.356139 0.293156 0.712279
2 0.477073 0.697577 0.414943 0.408
0 0.124226 0.447344 0.248451 0.845957
0 0.851957 0.514081 0.296087 0.971838
2 0.22769 0.677025 0.4505 0.572813
2 0.141941 0.84066 0.282337 0.318679
2 0.944639 0.49225 0.110722 0.881189
2 0.94405 0.77362 0.111899 0.449551
3 0.261554 0.551785 0.410452 0.111954
2 0.115268 0.319815 0.230536 0.63963
2 0.93955 0.782858 0.120901 0.434284
1 0.259097 0.394778 0.0626764 0.153367
4 0.147934 0.48686 0.284714 0.376485
1 0.415078 0.754403 0.619443 0.442232
1 0.212276 0.745175 0.419731 0.436572
4 0.721367 0.688636 0.557266 0.620136
2 0.380238 0.775531 0.540242 0.448939
4 0.124226 0.447344 0.248451 0.845957
2 0.539967 0.752804 0.632887 0.494393
2 0.931334 0.727025 0.137332 0.541478
