0 0.499844 0.536726 0.0440893 0.0471834
0 0.833544 0.405106 0.332912 0.383548
0 0.377021 0.497511 0.670738 0.995022
0 0.300022 0.64619 0.566627 0.70128
0 0.530176 0.0359782 0.931447 0.0719564
0 0.627024 0.755852 0.745952 0.480852
0 0.371016 0.208782 0.730436 0.417563
0 0.404139 0.734426 0.534437 0.523084
0 0.77961 0.765521 0.440781 0.456518
0 0.37984 0.0349676 0.758071 0.0699352
0 0.833339 0.606813 0.333323 0.766083
0 0.536672 0.298259 0.916321 0.596518
0 0.604488 0.0957304 0.791024 0.191461
0 0.576206 0.0602586 0.847587 0.120517
0 0.468514 0.234458 0.779969 0.468915
0 0.77859 0.657833 0.442821 0.675716
4 0.412146 0.21195 0.690719 0.423899
3 0.912352 0.525503 0.175296 0.948994
3 0.228711 0.638197 0.455747 0.711177
0 0.646023 0.128805 0.707955 0.257611
4 0.553543 0.413018 0.892913 0.826036
3 0.829292 0.369533 0.341416 0.739066
3 0.420984 0.49702 0.66363 0.994041
0 0.500032 0.751583 0.585949 0.491038
4 0.259189 0.634539 0.514315 0.696123
3 0.55624 0.30855 0.887192 0.617101
3 0.756522 0.341261 0.486957 0.682523
4 0.536672 0.298259 0.916321 0.596518
3 0.698238 0.106826 0.603523 0.213653
0 0.239787 0.114407 0.479575 0.228814
0 0.430248 0.590814 0.559849 0.795925
3 0.892482 0.727843 0.215035 0.544313
0 0.553543 0.413018 0.892913 0.826036
0 0.53664 0.174347 0.91916 0.348694
0 0.316206 0.0711851 0.632412 0.14237
0 0.691779 0.348394 0.616441 0.696787
0 0.78499 0.111768 0.430019 0.223536
3 0.945282 0.583072 0.109437 0.750064
3 0.940513 0.755752 0.118975 0.488495
3 0.965692 0.608017 0.0686154 0.755029
4 0.452999 0.496436 0.569635 0.992872
3 0.830228 0.752216 0.339545 0.495568
3 0.911544 0.395729 0.176913 0.791457
3 0.265637 0.487249 0.525167 0.974498
3 0.177694 0.325002 0.353842 0.650004
3 0.138681 0.822053 0.261736 0.355893
3 0.239787 0.114407 0.479575 0.228814
3 0.470787 0.744792 0.349529 0.510415
3 0.237416 0.752063 0.413726 0.495874
3 0.823487 0.777069 0.353027 0.445863
3 0.650664 0.749251 0.426332 0.501498
4 0.691779 0.348394 0.616441 0.696787
0 0.834098 0.767574 0.331803 0.464851
0 0.0637278 0.806942 0.127456 0.380891
3 0.130254 0.764902 0.258725 0.457543
3 0.536908 0.748351 0.337967 0.503298
4 0.545381 0.0378234 0.894837 0.0756468
4 0.683341 0.75654 0.630943 0.476306
4 0.576206 0.0602586 0.847587 0.120517
3 0.832897 0.559605 0.334206 0.868308
4 0.314964 0.499213 0.620789 0.998426
3 0.017643 0.304699 0.0352859 0.609398
3 0.759194 0.757566 0.467122 0.484868
3 0.409823 0.734509 0.33525 0.530982
4 0.780883 0.604492 0.438235 0.758915
3 0.305511 0.73984 0.346429 0.52032
0 0.945592 0.732142 0.108815 0.535716
3 0.560646 0.498527 0.81299 0.997055
4 0.540388 0.6186 0.913475 0.749348
4 0.466076 0.489826 0.809947 0.979651
3 0.540388 0.6186 0.913475 0.749348
0 0.604227 0.219193 0.791546 0.438386
3 0.102955 0.81 0.205043 0.372712
3 0.316206 0.0711851 0.632412 0.14237
0 0.757238 0.50411 0.485523 0.99178
4 0.757238 0.50411 0.485523 0.99178
4 0.62114 0.258329 0.757721 0.516659
3 0.412146 0.21195 0.690719 0.423899
3 0.100437 0.313799 0.200875 0.627597
4 0.634586 0.500292 0.73039 0.999415
4 0.833544 0.405106 0.332912 0.383548
4 0.965692 0.608017 0.0686154 0.755029
3 0.62114 0.258329 0.757721 0.516659
0 0.972829 0.643922 0.0543423 0.709345
0 0.579229 0.630356 0.756836 0.718958
3 0.500922 0.636577 0.607012 0.705532
0 0.986312 0.688588 0.0273752 0.622825
4 0.337216 0.669445 0.607229 0.638425
3 0.0103417 0.740091 0.0206835 0.519818
3 0.011604 0.61752 0.0232079 0.761385
3 0.945592 0.732142 0.108815 0.535716
4 0.404139 0.734426 0.534437 0.523084
0 0.0848668 0.79136 0.169734 0.41728
3 0.455537 0.751739 0.445784 0.489606
4 0.940513 0.755752 0.118975 0.488495
4 0.604488 0.0957304 0.791024 0.191461
0 0.0119985 0.78132 0.023997 0.437359
3 0.0191587 0.780148 0.0383174 0.439703
3 0.698696 0.60453 0.602607 0.766367
3 0.541994 0.0250477 0.916011 0.0500955
3 0.349476 0.0452958 0.69267 0.0905916
4 0.302246 0.214672 0.590063 0.429345
3 0.137324 0.648448 0.274649 0.691505
0 0.199342 0.74991 0.396803 0.4887
4 0.563491 0.722238 0.871846 0.533749
4 0.500922 0.636577 0.607012 0.705532
4 0.912352 0.525503 0.175296 0.948994
4 0.497394 0.151373 0.863363 0.302746
3 0.659578 0.364475 0.680844 0.72895
4 0.516448 0.221339 0.946214 0.442679
4 0.892482 0.727843 0.215035 0.544313
4 0.305511 0.73984 0.346429 0.52032
0 0.102955 0.81 0.205043 0.372712
3 0.576206 0.0602586 0.847587 0.120517
3 0.25256 0.198471 0.500922 0.396941
3 0.208596 0.759416 0.411389 0.469818
3 0.0142792 0.5 0.0285584 1
4 0.78499 0.111768 0.430019 0.223536
3 0.436354 0.0323017 0.868992 0.0646033
4 0.413343 0.0340015 0.811888 0.0680031
4 0.500032 0.751583 0.585949 0.491038
0 0.971384 0.733325 0.0572316 0.53335
3 0.971384 0.733325 0.0572316 0.53335
3 0.685706 0.761946 0.60848 0.471401
0 0.940513 0.755752 0.118975 0.488495
4 0.945592 0.732142 0.108815 0.535716
4 0.830228 0.752216 0.339545 0.495568
4 0.199342 0.74991 0.396803 0.4887
0 0.698696 0.60453 0.602607 0.766367
4 0.237416 0.752063 0.413726 0.495874
3 0.337216 0.669445 0.607229 0.638425
3 0.78499 0.111768 0.430019 0.223536
0 0.945282 0.583072 0.109437 0.750064
4 0.971384 0.733325 0.0572316 0.53335
3 0.574585 0.762157 0.412881 0.473397
4 0.646023 0.128805 0.707955 0.257611
4 0.945282 0.583072 0.109437 0.750064
3 0.218293 0.2381 0.429411 0.476199
3 0.0800373 0.779921 0.159835 0.432142
4 0.77961 0.765521 0.440781 0.456518
4 0.986312 0.688588 0.0273752 0.622825
4 0.138681 0.822053 0.261736 0.355893
4 0.911544 0.395729 0.176913 0.791457
4 0.215824 0.323771 0.426075 0.646681
0 0.811661 0.331655 0.376678 0.641173
0 0.0191587 0.780148 0.0383174 0.439703
0 0.255126 0.261691 0.502283 0.523382
4 0.759194 0.757566 0.467122 0.484868
0 0.286743 0.758239 0.484034 0.469981
3 0.986312 0.688588 0.0273752 0.622825
4 0.239787 0.114407 0.479575 0.228814
4 0.286743 0.758239 0.484034 0.469981
4 0.409823 0.734509 0.33525 0.530982
4 0.821761 0.42259 0.356479 0.845179
0 0.130254 0.764902 0.258725 0.457543
0 0.892482 0.727843 0.215035 0.544313
0 0.00995746 0.668347 0.0199149 0.663306
4 0.650664 0.749251 0.426332 0.501498
4 0.470787 0.744792 0.349529 0.510415
0 0.011604 0.61752 0.0232079 0.761385
3 0.831975 0.433545 0.33605 0.424161
4 0.316206 0.0711851 0.632412 0.14237
3 0.00995746 0.668347 0.0199149 0.663306
4 0.811661 0.331655 0.376678 0.641173
1 0.831542 0.425745 0.336916 0.398553
3 0.604488 0.0957304 0.791024 0.191461
4 0.832897 0.559605 0.334206 0.868308
4 0.536908 0.748351 0.337967 0.503298
3 0.757238 0.50411 0.485523 0.99178
3 0.516448 0.221339 0.946214 0.442679
4 0.0191587 0.780148 0.0383174 0.439703
3 0.294698 0.767548 0.355615 0.460613
4 0.103594 0.753383 0.207188 0.484162
0 0.634586 0.500292 0.73039 0.999415
0 0.791516 0.759321 0.416967 0.481358
0 0.574585 0.762157 0.412881 0.473397
4 0.0848668 0.79136 0.169734 0.41728
0 0.0151724 0.490731 0.0303448 0.971497
0 0.0156872 0.341321 0.0313745 0.682642
4 0.137324 0.648448 0.274649 0.691505
4 0.389913 0.754212 0.379458 0.481597
0 0.587912 0.749603 0.345938 0.500794
0 0.912352 0.525503 0.175296 0.948994
3 0.563491 0.722238 0.871846 0.533749
4 0.0156872 0.341321 0.0313745 0.682642
1 0.833245 0.753288 0.333511 0.493424
0 0.100437 0.313799 0.200875 0.627597
3 0.0637278 0.806942 0.127456 0.380891
3 0.54196 0.144656 0.886687 0.289312
3 0.159001 0.516406 0.318001 0.909014
4 0.195665 0.503024 0.389495 0.993951
4 0.0151724 0.490731 0.0303448 0.971497
1 0.500032 0.751583 0.585949 0.491038
0 0.409823 0.734509 0.33525 0.530982
4 0.0119985 0.78132 0.023997 0.437359
2 0.257155 0.757188 0.498163 0.473053
4 0.148481 0.516382 0.296961 0.967235
4 0.100437 0.313799 0.200875 0.627597
1 0.683341 0.75654 0.630943 0.476306
0 0.821761 0.42259 0.356479 0.845179
4 0.011604 0.61752 0.0232079 0.761385
0 0.470787 0.744792 0.349529 0.510415
0 0.351413 0.732357 0.349056 0.535286
0 0.221483 0.622404 0.438931 0.692979
2 0.252548 0.631844 0.498557 0.699498
4 0.574585 0.762157 0.412881 0.473397
0 0.272893 0.493788 0.537499 0.987576
4 0.158149 0.27882 0.316299 0.557639
1 0.824604 0.603501 0.350792 0.784675
1 0.247024 0.641515 0.488817 0.708134
4 0.00995746 0.668347 0.0199149 0.663306
4 0.0637278 0.806942 0.127456 0.380891
1 0.122045 0.813996 0.23787 0.363448
4 0.134577 0.346396 0.269154 0.656829
2 0.72639 0.766767 0.54722 0.453626
3 0.375979 0.75385 0.478183 0.474907
1 0.404139 0.734426 0.534437 0.523084
0 0.389913 0.754212 0.379458 0.481597
2 0.945282 0.583072 0.109437 0.750064
1 0.945592 0.732142 0.108815 0.535716
1 0.466076 0.489826 0.809947 0.979651
1 0.492053 0.210183 0.786117 0.420366
1 0.208596 0.759416 0.411389 0.469818
1 0.55624 0.30855 0.887192 0.617101
2 0.0637278 0.806942 0.127456 0.380891
2 0.570093 0.682129 0.85798 0.615727
2 0.11879 0.822821 0.235181 0.354357
2 0.945592 0.732142 0.108815 0.535716
2 0.337216 0.669445 0.607229 0.638425
2 0.971384 0.733325 0.0572316 0.53335
2 0.0848668 0.79136 0.169734 0.41728
2 0.809003 0.774402 0.381994 0.441225
2 0.218293 0.2381 0.429411 0.476199
0 0.911544 0.395729 0.176913 0.791457
2 0.265637 0.487249 0.525167 0.974498
1 0.518016 0.237753 0.946897 0.475506
2 0.291665 0.215237 0.58333 0.430474
2 0.724703 0.751995 0.509008 0.49601
0 0.237416 0.752063 0.413726 0.495874
1 0.971384 0.733325 0.0572316 0.53335
2 0.659578 0.364475 0.680844 0.72895
0 0.174471 0.808914 0.331081 0.382171
1 0.972829 0.643922 0.0543423 0.709345
1 0.986312 0.688588 0.0273752 0.622825
2 0.430248 0.590814 0.559849 0.795925
2 0.833544 0.405106 0.332912 0.383548
2 0.940513 0.755752 0.118975 0.488495
1 0.0637278 0.806942 0.127456 0.380891
2 0.536065 0.754889 0.592301 0.474672
2 0.604227 0.219193 0.791546 0.438386
1 0.389913 0.754212 0.379458 0.481597
2 0.404139 0.734426 0.534437 0.523084
1 0.908657 0.588477 0.182687 0.823045
0 0.137324 0.648448 0.274649 0.691505
2 0.965692 0.608017 0.0686154 0.755029
2 0.587912 0.749603 0.345938 0.500794
1 0.574585 0.762157 0.412881 0.473397
1 0.77429 0.773064 0.45142 0.444934
2 0.130254 0.764902 0.258725 0.457543
2 0.78499 0.111768 0.430019 0.223536
2 0.912352 0.525503 0.175296 0.948994
2 0.763993 0.351981 0.472013 0.703961
2 0.0119985 0.78132 0.023997 0.437359
1 0.0119985 0.78132 0.023997 0.437359
1 0.530054 0.0326658 0.939891 0.0653316
1 0.749185 0.385779 0.50163 0.763968
2 0.409823 0.734509 0.33525 0.530982
1 0.890692 0.547591 0.218616 0.904818
2 0.158149 0.27882 0.316299 0.557639
2 0.470787 0.744792 0.349529 0.510415
0 0.195665 0.503024 0.389495 0.993951
2 0.366123 0.496855 0.578371 0.99371
2 0.398023 0.200681 0.789486 0.401362
2 0.521647 0.497543 0.95639 0.995085
2 0.986312 0.688588 0.0273752 0.622825
1 0.137324 0.648448 0.274649 0.691505
2 0.911544 0.395729 0.176913 0.791457
2 0.574585 0.762157 0.412881 0.473397
2 0.351413 0.732357 0.349056 0.535286
2 0.757238 0.50411 0.485523 0.99178
0 0.177694 0.325002 0.353842 0.650004
2 0.892482 0.727843 0.215035 0.544313
1 0.360735 0.216129 0.698479 0.432259
1 0.265637 0.487249 0.525167 0.974498
2 0.708143 0.608223 0.583715 0.75603
2 0.830228 0.752216 0.339545 0.495568
2 0.821761 0.42259 0.356479 0.845179
1 0.294698 0.767548 0.355615 0.460613
2 0.0191587 0.780148 0.0383174 0.439703
1 0.103594 0.753383 0.207188 0.484162
1 0.563491 0.722238 0.871846 0.533749
2 0.148481 0.516382 0.296961 0.967235
1 0.430248 0.590814 0.559849 0.795925
2 0.100437 0.313799 0.200875 0.627597
2 0.205083 0.770811 0.398408 0.458378
1 0.54196 0.144656 0.886687 0.289312
3 0.77859 0.657833 0.442821 0.675716
1 0.945282 0.583072 0.109437 0.750064
2 0.646023 0.128805 0.707955 0.257611
2 0.294698 0.767548 0.355615 0.460613
0 0.499865 0.536748 0.0440928 0.0471534
0 0.833613 0.405071 0.332773 0.383439
0 0.376604 0.497501 0.671137 0.995003
0 0.300609 0.645677 0.56769 0.702309
0 0.53024 0.0356467 0.931434 0.0712934
0 0.626845 0.755879 0.74631 0.480824
0 0.370986 0.208807 0.730278 0.417615
0 0.404582 0.734852 0.533262 0.522243
0 0.779474 0.765529 0.441052 0.456535
0 0.379819 0.0352785 0.758029 0.070557
0 0.83338 0.606792 0.33324 0.766092
0 0.536891 0.298262 0.916041 0.596525
0 0.604491 0.0956127 0.791019 0.191225
0 0.469247 0.235077 0.780621 0.470155
0 0.576269 0.0600294 0.847462 0.120059
4 0.412336 0.212009 0.69031 0.424019
0 0.778375 0.658275 0.443249 0.674911
3 0.912456 0.525544 0.175088 0.948912
3 0.228973 0.638255 0.456284 0.711467
4 0.55392 0.409878 0.892159 0.819756
3 0.420484 0.497029 0.665163 0.994057
3 0.829249 0.369285 0.341502 0.738569
0 0.645962 0.128063 0.708076 0.256125
4 0.259159 0.634671 0.514281 0.696213
0 0.499912 0.751664 0.586288 0.490913
3 0.556721 0.308523 0.886241 0.617046
3 0.756642 0.33869 0.486715 0.67738
3 0.698089 0.106809 0.603821 0.213618
4 0.617244 0.307599 0.764414 0.615199
0 0.239413 0.11529 0.478826 0.23058
3 0.892529 0.727492 0.214942 0.545016
0 0.430358 0.589547 0.560529 0.798428
3 0.945028 0.582799 0.109945 0.749582
4 0.453179 0.496435 0.571434 0.992869
3 0.940609 0.755015 0.118782 0.48997
3 0.965505 0.607996 0.0689901 0.754995
0 0.691436 0.347293 0.617129 0.694586
0 0.536847 0.171759 0.918519 0.343517
0 0.31611 0.0719875 0.632221 0.143975
3 0.830347 0.752207 0.339307 0.495585
0 0.785027 0.112104 0.429947 0.224209
3 0.177799 0.325499 0.354059 0.650998
3 0.911501 0.395522 0.176997 0.791044
3 0.138805 0.821786 0.261938 0.356428
3 0.265243 0.485558 0.524344 0.971115
3 0.239413 0.11529 0.478826 0.23058
3 0.47095 0.744397 0.349326 0.511207
3 0.237503 0.751959 0.413844 0.496082
3 0.823517 0.777071 0.352966 0.445859
3 0.650462 0.749142 0.425966 0.501717
3 0.130302 0.764858 0.258825 0.457616
3 0.536966 0.747912 0.337983 0.504176
4 0.54551 0.0375489 0.894612 0.0750978
4 0.683264 0.756559 0.631098 0.476313
0 0.834174 0.767505 0.331652 0.464991
0 0.0637496 0.806644 0.127499 0.38151
4 0.576269 0.0600294 0.847462 0.120059
3 0.832993 0.558656 0.334013 0.872873
4 0.315184 0.499194 0.621175 0.998388
0 0.521682 0.49756 0.956158 0.995121
3 0.017686 0.30471 0.035372 0.609421
3 0.75909 0.757558 0.467243 0.484885
3 0.410026 0.734324 0.335133 0.531353
4 0.778868 0.604429 0.442265 0.759078
3 0.305854 0.739698 0.346373 0.520605
3 0.560219 0.498511 0.81377 0.997022
4 0.540419 0.61799 0.913445 0.750744
0 0.945726 0.731895 0.108548 0.536211
4 0.467241 0.489905 0.812328 0.97981
3 0.540419 0.61799 0.913445 0.750744
3 0.102974 0.809761 0.205085 0.373209
3 0.31611 0.0719875 0.632221 0.143975
4 0.755298 0.504218 0.489404 0.991565
3 0.412336 0.212009 0.69031 0.424019
0 0.60471 0.217975 0.79058 0.43595
0 0.755298 0.504218 0.489404 0.991565
3 0.098945 0.313219 0.19789 0.626438
4 0.634293 0.500385 0.730983 0.999231
4 0.833613 0.405071 0.332773 0.383439
4 0.965505 0.607996 0.0689901 0.754995
3 0.501032 0.634433 0.608188 0.709788
3 0.621402 0.25624 0.757195 0.512481
4 0.337467 0.668871 0.607627 0.639546
3 0.0103816 0.739757 0.0207633 0.520486
4 0.404582 0.734852 0.533262 0.522243
3 0.0116835 0.617737 0.0233669 0.76103
3 0.945726 0.731895 0.108548 0.536211
0 0.57874 0.628151 0.75724 0.723293
3 0.45549 0.751639 0.446416 0.489819
0 0.972629 0.643939 0.0547411 0.709391
4 0.940609 0.755015 0.118782 0.48997
0 0.986355 0.688819 0.0272905 0.622362
4 0.748478 0.385325 0.503045 0.762778
4 0.557929 0.225269 0.884142 0.450538
3 0.0191848 0.779585 0.0383695 0.440829
4 0.604491 0.0956127 0.791019 0.191225
3 0.541969 0.024941 0.916062 0.049882
0 0.0848766 0.790704 0.169753 0.418592
3 0.6979 0.604216 0.6042 0.767041
3 0.349407 0.0457507 0.692524 0.0915015
4 0.301541 0.214973 0.588618 0.429823
3 0.138464 0.648241 0.276928 0.692262
4 0.563945 0.722334 0.870924 0.533515
0 0.0120357 0.781005 0.0240714 0.43799
4 0.501032 0.634433 0.608188 0.709788
4 0.912456 0.525544 0.175088 0.948912
0 0.19949 0.749157 0.397121 0.490223
4 0.432888 0.18795 0.819206 0.3759
3 0.659657 0.361151 0.680686 0.722302
4 0.892529 0.727492 0.214942 0.545016
4 0.305854 0.739698 0.346373 0.520605
3 0.251595 0.198343 0.498993 0.396685
3 0.576269 0.0600294 0.847462 0.120059
3 0.208445 0.759406 0.411031 0.469816
3 0.0143715 0.5 0.028743 1
4 0.785027 0.112104 0.429947 0.224209
3 0.436697 0.0325508 0.869722 0.0651016
4 0.499912 0.751664 0.586288 0.490913
4 0.413417 0.0343194 0.812162 0.0686389
0 0.102974 0.809761 0.205085 0.373209
3 0.971694 0.733541 0.0566121 0.532918
3 0.685518 0.76189 0.608678 0.471598
4 0.830347 0.752207 0.339307 0.495585
4 0.19949 0.749157 0.397121 0.490223
4 0.945726 0.731895 0.108548 0.536211
3 0.785027 0.112104 0.429947 0.224209
3 0.337467 0.668871 0.607627 0.639546
4 0.237503 0.751959 0.413844 0.496082
0 0.940609 0.755015 0.118782 0.48997
0 0.6979 0.604216 0.6042 0.767041
4 0.971694 0.733541 0.0566121 0.532918
3 0.574482 0.76209 0.413455 0.473597
3 0.218024 0.238716 0.428916 0.477433
4 0.645962 0.128063 0.708076 0.256125
4 0.945028 0.582799 0.109945 0.749582
3 0.0801171 0.779764 0.159996 0.432435
4 0.779474 0.765529 0.441052 0.456535
4 0.986355 0.688819 0.0272905 0.622362
4 0.138805 0.821786 0.261938 0.356428
4 0.215801 0.323927 0.426051 0.646703
0 0.945028 0.582799 0.109945 0.749582
4 0.911501 0.395522 0.176997 0.791044
4 0.54243 0.143026 0.885762 0.286052
4 0.75909 0.757558 0.467243 0.484885
0 0.811209 0.33184 0.377582 0.641321
3 0.986355 0.688819 0.0272905 0.622362
4 0.287652 0.758139 0.485417 0.470197
4 0.239413 0.11529 0.478826 0.23058
0 0.25483 0.262947 0.501716 0.525895
0 0.0191848 0.779585 0.0383695 0.440829
4 0.410026 0.734324 0.335133 0.531353
4 0.822044 0.421936 0.355912 0.843872
4 0.47095 0.744397 0.349326 0.511207
4 0.650462 0.749142 0.425966 0.501717
0 0.287652 0.758139 0.485417 0.470197
3 0.832023 0.433234 0.335953 0.423857
4 0.811209 0.33184 0.377582 0.641321
3 0.0100068 0.668244 0.0200137 0.663512
0 0.892529 0.727492 0.214942 0.545016
4 0.31611 0.0719875 0.632221 0.143975
0 0.130302 0.764858 0.258825 0.457616
0 0.0100068 0.668244 0.0200137 0.663512
1 0.831504 0.425934 0.336991 0.399087
0 0.0116835 0.617737 0.0233669 0.76103
3 0.604491 0.0956127 0.791019 0.191225
4 0.832993 0.558656 0.334013 0.872873
4 0.536966 0.747912 0.337983 0.504176
3 0.755298 0.504218 0.489404 0.991565
4 0.0191848 0.779585 0.0383695 0.440829
4 0.103967 0.752679 0.207934 0.485545
3 0.295033 0.767482 0.355815 0.460901
3 0.516739 0.21885 0.945679 0.437701
4 0.0848766 0.790704 0.169753 0.418592
4 0.138464 0.648241 0.276928 0.692262
0 0.7916 0.759329 0.416799 0.481342
0 0.574482 0.76209 0.413455 0.473597
4 0.389864 0.754076 0.379969 0.481884
0 0.0153364 0.491009 0.0306728 0.971831
0 0.0158032 0.341556 0.0316065 0.683113
3 0.563945 0.722334 0.870924 0.533515
4 0.0158032 0.341556 0.0316065 0.683113
1 0.833405 0.75355 0.333189 0.492899
3 0.0637496 0.806644 0.127499 0.38151
0 0.58796 0.749311 0.345736 0.501378
0 0.912456 0.525544 0.175088 0.948912
3 0.54243 0.143026 0.885762 0.286052
4 0.196067 0.503062 0.390312 0.993877
4 0.0153364 0.491009 0.0306728 0.971831
3 0.160154 0.516162 0.320309 0.908867
0 0.098945 0.313219 0.19789 0.626438
1 0.499912 0.751664 0.586288 0.490913
4 0.0120357 0.781005 0.0240714 0.43799
4 0.149159 0.516397 0.298317 0.967206
2 0.257197 0.756922 0.498247 0.473548
4 0.098945 0.313219 0.19789 0.626438
0 0.410026 0.734324 0.335133 0.531353
1 0.683264 0.756559 0.631098 0.476313
4 0.0116835 0.617737 0.0233669 0.76103
0 0.822044 0.421936 0.355912 0.843872
0 0.47095 0.744397 0.349326 0.511207
2 0.252447 0.632141 0.498385 0.700081
4 0.574482 0.76209 0.413455 0.473597
0 0.221525 0.621417 0.439012 0.690353
4 0.157494 0.2781 0.314987 0.556201
0 0.351616 0.732214 0.349274 0.535572
1 0.824515 0.603553 0.350971 0.784647
0 0.272321 0.493804 0.536367 0.987608
1 0.247099 0.641396 0.489013 0.708841
4 0.0100068 0.668244 0.0200137 0.663512
4 0.0637496 0.806644 0.127499 0.38151
4 0.134869 0.347493 0.269737 0.65892
1 0.122195 0.813481 0.238183 0.364509
3 0.375979 0.753767 0.478971 0.475064
2 0.726408 0.766772 0.547184 0.453686
1 0.404582 0.734852 0.533262 0.522243
2 0.945028 0.582799 0.109945 0.749582
1 0.945726 0.731895 0.108548 0.536211
1 0.467241 0.489905 0.812328 0.97981
1 0.492406 0.209832 0.785457 0.419665
0 0.389864 0.754076 0.379969 0.481884
1 0.208445 0.759406 0.411031 0.469816
1 0.556721 0.308523 0.886241 0.617046
2 0.569914 0.681824 0.858027 0.616258
2 0.0637496 0.806644 0.127499 0.38151
2 0.118813 0.822567 0.235235 0.354867
2 0.945726 0.731895 0.108548 0.536211
2 0.337467 0.668871 0.607627 0.639546
2 0.971694 0.733541 0.0566121 0.532918
2 0.0848766 0.790704 0.169753 0.418592
2 0.80902 0.774435 0.381961 0.441205
2 0.218024 0.238716 0.428916 0.477433
2 0.265243 0.485558 0.524344 0.971115
2 0.29081 0.214368 0.581619 0.428736
1 0.518301 0.235739 0.946275 0.471478
0 0.911501 0.395522 0.176997 0.791044
1 0.971694 0.733541 0.0566121 0.532918
2 0.724544 0.751976 0.509078 0.496049
2 0.659657 0.361151 0.680686 0.722302
1 0.986355 0.688819 0.0272905 0.622362
0 0.237503 0.751959 0.413844 0.496082
2 0.940609 0.755015 0.118782 0.48997
2 0.430358 0.589547 0.560529 0.798428
2 0.833613 0.405071 0.332773 0.383439
1 0.0637496 0.806644 0.127499 0.38151
2 0.535844 0.754879 0.592321 0.474713
0 0.174295 0.808609 0.330753 0.382782
2 0.60471 0.217975 0.79058 0.43595
1 0.389864 0.754076 0.379969 0.481884
2 0.404582 0.734852 0.533262 0.522243
1 0.90881 0.588409 0.18238 0.823181
2 0.965505 0.607996 0.0689901 0.754995
2 0.58796 0.749311 0.345736 0.501378
1 0.574482 0.76209 0.413455 0.473597
1 0.774283 0.773093 0.451435 0.444927
0 0.138464 0.648241 0.276928 0.692262
2 0.130302 0.764858 0.258825 0.457616
2 0.785027 0.112104 0.429947 0.224209
2 0.912456 0.525544 0.175088 0.948912
2 0.763634 0.351501 0.472733 0.703001
2 0.0120357 0.781005 0.0240714 0.43799
1 0.0120357 0.781005 0.0240714 0.43799
1 0.748478 0.385325 0.503045 0.762778
1 0.529922 0.0323825 0.940156 0.0647651
2 0.410026 0.734324 0.335133 0.531353
1 0.89095 0.547883 0.2181 0.904234
2 0.47095 0.744397 0.349326 0.511207
2 0.157494 0.2781 0.314987 0.556201
2 0.365853 0.496837 0.580295 0.993674
2 0.986355 0.688819 0.0272905 0.622362
2 0.521682 0.49756 0.956158 0.995121
2 0.398096 0.200244 0.789652 0.400487
2 0.911501 0.395522 0.176997 0.791044
1 0.138464 0.648241 0.276928 0.692262
2 0.574482 0.76209 0.413455 0.473597
2 0.351616 0.732214 0.349274 0.535572
0 0.196067 0.503062 0.390312 0.993877
2 0.755298 0.504218 0.489404 0.991565
1 0.360665 0.216125 0.69819 0.43225
2 0.892529 0.727492 0.214942 0.545016
0 0.177799 0.325499 0.354059 0.650998
1 0.265243 0.485558 0.524344 0.971115
2 0.830347 0.752207 0.339307 0.495585
2 0.70813 0.608169 0.583739 0.756193
1 0.965505 0.607996 0.0689901 0.754995
2 0.822044 0.421936 0.355912 0.843872
1 0.295033 0.767482 0.355815 0.460901
1 0.103967 0.752679 0.207934 0.485545
2 0.0191848 0.779585 0.0383695 0.440829
1 0.563945 0.722334 0.870924 0.533515
2 0.149159 0.516397 0.298317 0.967206
1 0.430358 0.589547 0.560529 0.798428
3 0.778375 0.658275 0.443249 0.674911
2 0.098945 0.313219 0.19789 0.626438
2 0.204938 0.770764 0.398037 0.458472
1 0.54243 0.143026 0.885762 0.286052
1 0.945028 0.582799 0.109945 0.749582
2 0.645962 0.128063 0.708076 0.256125
2 0.498087 0.150024 0.863118 0.300049
2 0.295033 0.767482 0.355815 0.460901
1 0.833969 0.428286 0.332062 0.828334
