0 0.577401 0.688865 0.28371 0.359588
0 0.280506 0.53444 0.118076 0.0456805
1 0.569098 0.691875 0.292695 0.379073
0 0.879808 0.521012 0.102842 0.0635225
0 0.870752 0.526156 0.107666 0.0507849
0 0.669663 0.710313 0.496361 0.373891
0 0.884188 0.443273 0.0988771 0.220827
0 0.283783 0.524104 0.113531 0.0660931
0 0.0526692 0.493111 0.049328 0.0437979
2 0.569652 0.693678 0.291812 0.373682
4 0.569098 0.691875 0.292695 0.379073
0 0.833456 0.783344 0.333087 0.421597
0 0.289026 0.585021 0.217056 0.175502
3 0.664936 0.747344 0.487708 0.463126
0 0.480222 0.754829 0.478095 0.4501
4 0.664936 0.747344 0.487708 0.463126
0 0.470782 0.0254052 0.918904 0.0508104
0 0.0514427 0.450745 0.0544392 0.1348
0 0.277891 0.565829 0.138779 0.12787
0 0.909595 0.517615 0.178904 0.0688602
0 0.0341834 0.502147 0.0683668 0.0923247
0 0.866556 0.69568 0.150278 0.425809
0 0.342444 0.740994 0.579339 0.518013
0 0.283714 0.462468 0.116419 0.193498
3 0.506859 0.436166 0.450814 0.872333
0 0.0710418 0.579393 0.111174 0.228112
2 0.879808 0.521012 0.102842 0.0635225
0 0.571308 0.736253 0.326743 0.527493
3 0.379538 0.431463 0.53674 0.862925
3 0.152168 0.459411 0.304337 0.918823
0 0.126925 0.769982 0.250819 0.45053
0 0.436011 0.132721 0.850471 0.265442
3 0.627848 0.477852 0.510956 0.912179
0 0.888663 0.579398 0.141216 0.189559
3 0.609216 0.758351 0.377024 0.483299
0 0.243101 0.744911 0.432044 0.49648
3 0.835248 0.604421 0.200354 0.597694
2 0.884188 0.443273 0.0988771 0.220827
3 0.754472 0.594292 0.281695 0.724718
0 0.297379 0.529754 0.152483 0.0854642
3 0.734649 0.76771 0.518545 0.46458
4 0.609216 0.758351 0.377024 0.483299
0 0.43633 0.258851 0.781006 0.517702
0 0.607251 0.0198781 0.784482 0.0397562
3 0.573309 0.431486 0.658125 0.862973
3 0.223631 0.368239 0.317326 0.736478
0 0.322894 0.0287624 0.641319 0.0575247
3 0.611833 0.496763 0.304841 0.795248
3 0.235939 0.57656 0.179126 0.42529
0 0.818552 0.65885 0.229927 0.478463
3 0.732818 0.487506 0.407976 0.880753
0 0.933334 0.791824 0.133331 0.416352
0 0.0958948 0.688086 0.179686 0.426836
2 0.669663 0.710313 0.496361 0.373891
3 0.860036 0.576373 0.279927 0.190572
3 0.578014 0.698216 0.28211 0.367958
3 0.913325 0.539296 0.17335 0.338746
4 0.884188 0.443273 0.0988771 0.220827
3 0.697071 0.38002 0.605858 0.760039
3 0.537454 0.340087 0.804752 0.680174
3 0.866524 0.323245 0.257186 0.646491
0 0.219811 0.0829316 0.439622 0.165863
3 0.905429 0.625503 0.189142 0.748994
3 0.359528 0.790587 0.52947 0.418826
3 0.274011 0.808186 0.460667 0.383627
3 0.827876 0.777562 0.341123 0.444876
3 0.886854 0.415929 0.101859 0.296562
3 0.0939757 0.429786 0.184204 0.859571
3 0.78044 0.320842 0.439119 0.641685
1 0.888663 0.579398 0.141216 0.189559
3 0.283783 0.524104 0.113531 0.0660931
1 0.884188 0.443273 0.0988771 0.220827
1 0.879808 0.521012 0.102842 0.0635225
0 0.0303928 0.449247 0.0607855 0.161037
3 0.255387 0.573103 0.15757 0.211446
3 0.118587 0.593958 0.237175 0.6219
3 0.168543 0.310306 0.33281 0.620613
3 0.219811 0.0829316 0.439622 0.165863
0 0.876933 0.400619 0.119525 0.346882
3 0.126925 0.769982 0.250819 0.45053
4 0.879808 0.521012 0.102842 0.0635225
0 0.255387 0.573103 0.15757 0.211446
3 0.925451 0.343521 0.149097 0.674028
3 0.915315 0.41707 0.16937 0.602387
3 0.150794 0.218311 0.298074 0.436188
3 0.647033 0.0478482 0.705934 0.0956964
4 0.547365 0.747161 0.306977 0.505677
3 0.923379 0.717901 0.153243 0.564198
3 0.354703 0.296005 0.588941 0.592009
3 0.933762 0.798094 0.132476 0.403811
3 0.499288 0.02662 0.911254 0.05324
4 0.833801 0.788978 0.332398 0.412775
4 0.283783 0.524104 0.113531 0.0660931
3 0.149991 0.820185 0.288751 0.35963
3 0.360363 0.443227 0.312456 0.886454
3 0.781897 0.717996 0.25047 0.547196
3 0.684587 0.0759839 0.630826 0.151968
3 0.290507 0.0362527 0.581014 0.0725054
3 0.741018 0.10973 0.517964 0.219461
3 0.607251 0.0198781 0.784482 0.0397562
3 0.181092 0.196782 0.36148 0.393563
0 0.0307803 0.702547 0.0615607 0.515627
0 0.647033 0.0478482 0.705934 0.0956964
0 0.175373 0.744459 0.332073 0.492468
3 0.0958948 0.688086 0.179686 0.426836
3 0.879808 0.521012 0.102842 0.0635225
3 0.0248075 0.248645 0.0496149 0.497291
0 0.741018 0.10973 0.517964 0.219461
0 0.799924 0.0934336 0.400151 0.186867
0 0.684587 0.0759839 0.630826 0.151968
4 0.283714 0.462468 0.116419 0.193498
4 0.540695 0.0245843 0.864262 0.0491687
4 0.500586 0.435111 0.505658 0.870223
3 0.0182698 0.296211 0.0365397 0.592423
3 0.136416 0.213995 0.272831 0.42799
0 0.120387 0.676368 0.240775 0.44791
0 0.022757 0.710263 0.0455139 0.579475
4 0.0514427 0.450745 0.0544392 0.1348
0 0.933762 0.798094 0.132476 0.403811
3 0.466475 0.323511 0.572794 0.647022
3 0.852459 0.286165 0.295082 0.572329
0 0.0202917 0.350105 0.0405834 0.478575
2 0.811653 0.734049 0.301263 0.526149
4 0.486826 0.762969 0.417994 0.474061
3 0.273965 0.246745 0.539321 0.49349
4 0.436011 0.132721 0.850471 0.265442
3 0.486826 0.762969 0.417994 0.474061
3 0.303147 0.522498 0.147773 0.308725
3 0.283714 0.462468 0.116419 0.193498
0 0.0769613 0.815924 0.153923 0.357857
3 0.348916 0.688103 0.269501 0.432259
0 0.070793 0.470242 0.0983836 0.166031
3 0.070793 0.470242 0.0983836 0.166031
3 0.362043 0.791975 0.611514 0.410945
4 0.359528 0.790587 0.52947 0.418826
3 0.0303928 0.449247 0.0607855 0.161037
3 0.0234365 0.767895 0.0468729 0.46421
3 0.799924 0.0934336 0.400151 0.186867
0 0.495081 0.389018 0.56324 0.778036
3 0.022757 0.710263 0.0455139 0.579475
4 0.43633 0.258851 0.781006 0.517702
3 0.0427822 0.357565 0.0841603 0.413537
0 0.0211907 0.721519 0.0423814 0.556961
3 0.0710418 0.579393 0.111174 0.228112
0 0.271162 0.0536256 0.542323 0.107251
4 0.933762 0.798094 0.132476 0.403811
2 0.547365 0.747161 0.306977 0.505677
3 0.0341834 0.502147 0.0683668 0.0923247
4 0.734649 0.76771 0.518545 0.46458
3 0.0307841 0.817548 0.0615681 0.364904
3 0.47466 0.267112 0.825176 0.534223
4 0.905429 0.625503 0.189142 0.748994
0 0.915315 0.41707 0.16937 0.602387
4 0.148134 0.770277 0.294237 0.441198
3 0.832026 0.716705 0.335949 0.566591
0 0.0513863 0.725595 0.102773 0.53149
1 0.832456 0.78707 0.335089 0.416569
3 0.0307803 0.702547 0.0615607 0.515627
4 0.923379 0.717901 0.153243 0.564198
0 0.0444932 0.604245 0.0675244 0.278567
3 0.933334 0.791824 0.133331 0.416352
3 0.0211907 0.721519 0.0423814 0.556961
4 0.342444 0.740994 0.579339 0.518013
2 0.486826 0.762969 0.417994 0.474061
3 0.265742 0.737529 0.499944 0.520708
3 0.204881 0.761476 0.400388 0.461907
0 0.389667 0.730084 0.414525 0.459338
3 0.0202917 0.350105 0.0405834 0.478575
1 0.283714 0.462468 0.116419 0.193498
4 0.0526692 0.493111 0.049328 0.0437979
0 0.107264 0.819249 0.214528 0.361501
1 0.283783 0.524104 0.113531 0.0660931
4 0.363917 0.0282937 0.724302 0.0565874
3 0.277891 0.565829 0.138779 0.12787
4 0.093809 0.772918 0.187618 0.438861
3 0.0444932 0.604245 0.0675244 0.278567
3 0.547365 0.747161 0.306977 0.505677
3 0.297379 0.529754 0.152483 0.0854642
3 0.423798 0.742355 0.558231 0.51529
4 0.647033 0.0478482 0.705934 0.0956964
4 0.0427822 0.357565 0.0841603 0.413537
0 0.409737 0.781354 0.554392 0.437293
1 0.150132 0.809256 0.293346 0.370275
0 0.80394 0.341085 0.392121 0.68217
4 0.915315 0.41707 0.16937 0.602387
3 0.0513863 0.725595 0.102773 0.53149
4 0.933334 0.791824 0.133331 0.416352
4 0.742446 0.382443 0.482472 0.763591
0 0.860036 0.576373 0.279927 0.190572
0 0.563393 0.439481 0.404794 0.878963
4 0.697384 0.334248 0.605232 0.668497
4 0.274011 0.808186 0.460667 0.383627
0 0.0427822 0.357565 0.0841603 0.413537
2 0.283783 0.524104 0.113531 0.0660931
0 0.220535 0.808132 0.411061 0.376856
0 0.231816 0.302222 0.456469 0.604445
2 0.283714 0.462468 0.116419 0.193498
0 0.927228 0.317521 0.145545 0.635042
4 0.204881 0.761476 0.400388 0.461907
0 0.348916 0.688103 0.269501 0.432259
4 0.188602 0.314087 0.3715 0.628174
3 0.909595 0.517615 0.178904 0.0688602
0 0.913325 0.539296 0.17335 0.338746
0 0.742446 0.382443 0.482472 0.763591
4 0.219811 0.0829316 0.439622 0.165863
3 0.365345 0.208608 0.719436 0.417216
0 0.781897 0.717996 0.25047 0.547196
4 0.741018 0.10973 0.517964 0.219461
0 0.712884 0.744938 0.574232 0.495115
3 0.888663 0.579398 0.141216 0.189559
0 0.0254454 0.802943 0.0508907 0.394113
4 0.149991 0.820185 0.288751 0.35963
4 0.876933 0.400619 0.119525 0.346882
1 0.277891 0.565829 0.138779 0.12787
3 0.0930156 0.287482 0.186031 0.574963
4 0.0307841 0.817548 0.0615681 0.364904
2 0.175373 0.744459 0.332073 0.492468
4 0.684587 0.0759839 0.630826 0.151968
4 0.799924 0.0934336 0.400151 0.186867
0 0.697384 0.334248 0.605232 0.668497
3 0.105592 0.210579 0.211183 0.420354
3 0.0526692 0.493111 0.049328 0.0437979
1 0.669663 0.710313 0.496361 0.373891
3 0.289026 0.585021 0.217056 0.175502
4 0.281381 0.207918 0.562762 0.415835
2 0.342444 0.740994 0.579339 0.518013
0 0.223631 0.368239 0.317326 0.736478
0 0.923379 0.717901 0.153243 0.564198
0 0.852459 0.286165 0.295082 0.572329
4 0.925451 0.343521 0.149097 0.674028
4 0.181092 0.196782 0.36148 0.393563
4 0.466475 0.323511 0.572794 0.647022
4 0.591909 0.297186 0.81135 0.594373
4 0.0202917 0.350105 0.0405834 0.478575
0 0.646049 0.452154 0.623535 0.904308
0 0.365345 0.208608 0.719436 0.417216
0 0.0307841 0.817548 0.0615681 0.364904
0 0.591909 0.297186 0.81135 0.594373
0 0.0182698 0.296211 0.0365397 0.592423
4 0.78044 0.320842 0.439119 0.641685
4 0.0182698 0.296211 0.0365397 0.592423
4 0.136416 0.213995 0.272831 0.42799
4 0.0248075 0.248645 0.0496149 0.497291
3 0.436011 0.132721 0.850471 0.265442
4 0.271162 0.0536256 0.542323 0.107251
3 0.0514427 0.450745 0.0544392 0.1348
0 0.423148 0.301059 0.570689 0.602117
0 0.0248075 0.248645 0.0496149 0.497291
4 0.33665 0.4437 0.491946 0.887401
4 0.852459 0.286165 0.295082 0.572329
4 0.070793 0.470242 0.0983836 0.166031
0 0.893739 0.324799 0.212522 0.649598
4 0.866556 0.69568 0.150278 0.425809
4 0.0211907 0.721519 0.0423814 0.556961
4 0.279934 0.57519 0.112753 0.132871
2 0.289026 0.585021 0.217056 0.175502
3 0.107264 0.819249 0.214528 0.361501
4 0.150794 0.218311 0.298074 0.436188
0 0.136416 0.213995 0.272831 0.42799
4 0.611833 0.496763 0.304841 0.795248
4 0.105592 0.210579 0.211183 0.420354
4 0.0930156 0.287482 0.186031 0.574963
4 0.0254454 0.802943 0.0508907 0.394113
2 0.243101 0.744911 0.432044 0.49648
4 0.0513863 0.725595 0.102773 0.53149
4 0.59052 0.445962 0.415459 0.891923
4 0.646049 0.452154 0.623535 0.904308
2 0.916055 0.469996 0.167889 0.222029
0 0.274011 0.808186 0.460667 0.383627
4 0.893739 0.324799 0.212522 0.649598
4 0.268426 0.78638 0.514006 0.40476
4 0.107264 0.819249 0.214528 0.361501
2 0.0514427 0.450745 0.0544392 0.1348
1 0.19502 0.779369 0.38207 0.425335
4 0.0303928 0.449247 0.0607855 0.161037
4 0.0307803 0.702547 0.0615607 0.515627
1 0.781897 0.717996 0.25047 0.547196
1 0.0769613 0.815924 0.153923 0.357857
1 0.0444932 0.604245 0.0675244 0.278567
2 0.400812 0.765852 0.617992 0.419049
2 0.409737 0.781354 0.554392 0.437293
3 0.0769613 0.815924 0.153923 0.357857
1 0.738645 0.746614 0.480344 0.497291
3 0.879926 0.454256 0.107973 0.210496
4 0.400812 0.765852 0.617992 0.419049
2 0.279934 0.57519 0.112753 0.132871
4 0.916055 0.469996 0.167889 0.222029
2 0.070793 0.470242 0.0983836 0.166031
2 0.0526692 0.493111 0.049328 0.0437979
4 0.354703 0.296005 0.588941 0.592009
1 0.0514427 0.450745 0.0544392 0.1348
3 0.866556 0.69568 0.150278 0.425809
2 0.0307803 0.702547 0.0615607 0.515627
4 0.022757 0.710263 0.0455139 0.579475
0 0.20549 0.235246 0.399857 0.470492
4 0.913325 0.539296 0.17335 0.338746
4 0.0769613 0.815924 0.153923 0.357857
4 0.0958948 0.688086 0.179686 0.426836
4 0.289026 0.585021 0.217056 0.175502
1 0.0303928 0.449247 0.0607855 0.161037
0 0.577416 0.688867 0.28373 0.359523
0 0.280505 0.534452 0.118071 0.0456596
1 0.569114 0.691866 0.29267 0.379047
0 0.879807 0.521017 0.102877 0.063506
0 0.870754 0.526169 0.107677 0.0507777
0 0.668755 0.710356 0.494485 0.373749
0 0.884192 0.443309 0.0988861 0.220733
0 0.283791 0.524101 0.113571 0.0660877
0 0.0527063 0.493117 0.0492749 0.0437702
2 0.569666 0.693694 0.291775 0.373668
4 0.569114 0.691866 0.29267 0.379047
0 0.833462 0.783488 0.333076 0.421345
3 0.664664 0.747382 0.487106 0.463082
0 0.2892 0.584985 0.217029 0.175397
4 0.664664 0.747382 0.487106 0.463082
0 0.481229 0.754877 0.476054 0.450024
0 0.470518 0.0253694 0.918788 0.0507388
0 0.0514803 0.450732 0.0543839 0.134742
0 0.277917 0.565896 0.138859 0.127948
0 0.909612 0.517638 0.178893 0.0688203
0 0.0342097 0.501987 0.0684194 0.0919541
0 0.866662 0.695488 0.149716 0.425362
3 0.506682 0.436163 0.451119 0.872327
0 0.341984 0.741048 0.57818 0.517904
0 0.283716 0.462491 0.116449 0.193498
2 0.879807 0.521017 0.102877 0.063506
3 0.380916 0.430976 0.533701 0.861952
0 0.0710832 0.580436 0.111365 0.230151
3 0.152306 0.459425 0.304612 0.91885
0 0.571172 0.736215 0.326561 0.52757
0 0.12701 0.770115 0.250995 0.450479
0 0.436053 0.12302 0.85014 0.246039
3 0.627618 0.477835 0.5087 0.911329
3 0.609227 0.758384 0.376528 0.483233
0 0.888653 0.579564 0.140967 0.189774
3 0.835397 0.604124 0.200026 0.597113
0 0.242876 0.745062 0.431565 0.496421
2 0.884192 0.443309 0.0988861 0.220733
3 0.754231 0.595349 0.280782 0.721636
3 0.7351 0.767771 0.517556 0.464458
4 0.609227 0.758384 0.376528 0.483233
0 0.297427 0.529758 0.152535 0.0854503
3 0.572583 0.43112 0.656248 0.862239
0 0.436225 0.257812 0.780894 0.515623
3 0.223571 0.368519 0.31808 0.737038
0 0.607164 0.0198483 0.784903 0.0396965
3 0.6119 0.500377 0.303206 0.787825
3 0.236005 0.577012 0.179024 0.426139
0 0.322945 0.0286618 0.64148 0.0573237
3 0.733797 0.487522 0.405413 0.878305
2 0.668755 0.710356 0.494485 0.373749
0 0.818764 0.658364 0.229441 0.476548
3 0.860193 0.576338 0.279615 0.190452
0 0.933468 0.791932 0.133065 0.416137
3 0.577996 0.698262 0.282101 0.367889
0 0.0962356 0.688295 0.18038 0.427158
3 0.913318 0.539455 0.173364 0.33971
4 0.884192 0.443309 0.0988861 0.220733
3 0.697493 0.380037 0.605014 0.760075
3 0.536618 0.340003 0.805396 0.680005
3 0.867114 0.323363 0.255688 0.646726
3 0.905412 0.625788 0.189177 0.748424
3 0.359249 0.790497 0.527383 0.419006
3 0.273217 0.808014 0.458731 0.383972
3 0.828019 0.777616 0.340803 0.444768
3 0.886825 0.41595 0.101893 0.296571
0 0.219914 0.0821597 0.439827 0.164319
3 0.780563 0.321088 0.438874 0.642176
3 0.0942028 0.429896 0.184672 0.859792
1 0.888653 0.579564 0.140967 0.189774
3 0.283791 0.524101 0.113571 0.0660877
1 0.884192 0.443309 0.0988861 0.220733
1 0.879807 0.521017 0.102877 0.063506
3 0.255367 0.574061 0.157663 0.213213
3 0.118571 0.595461 0.237141 0.618722
3 0.219914 0.0821597 0.439827 0.164319
3 0.168449 0.309643 0.332634 0.619285
3 0.12701 0.770115 0.250995 0.450479
0 0.0304185 0.449245 0.0608371 0.160853
4 0.879807 0.521017 0.102877 0.063506
0 0.876964 0.400666 0.119458 0.346704
3 0.925533 0.343576 0.148934 0.674159
3 0.915318 0.417173 0.169365 0.603355
3 0.15077 0.218136 0.298023 0.435581
3 0.646743 0.0475881 0.706514 0.0951763
0 0.255367 0.574061 0.157663 0.213213
4 0.547419 0.747194 0.306848 0.505612
3 0.923383 0.718349 0.153234 0.563303
3 0.356668 0.295268 0.584636 0.590535
3 0.498914 0.0265446 0.911474 0.0530891
3 0.933934 0.798127 0.132132 0.403747
4 0.83382 0.789088 0.33236 0.412585
3 0.360349 0.442863 0.31201 0.885726
3 0.191482 0.81763 0.351023 0.36474
3 0.781729 0.717941 0.250154 0.546642
4 0.283791 0.524101 0.113571 0.0660877
3 0.684422 0.0753867 0.631155 0.150773
3 0.740949 0.109035 0.518102 0.21807
3 0.290605 0.0360908 0.581209 0.0721816
3 0.607164 0.0198483 0.784903 0.0396965
3 0.180761 0.196675 0.360835 0.39335
3 0.0962356 0.688295 0.18038 0.427158
3 0.126118 0.827734 0.249578 0.344532
0 0.646743 0.0475881 0.706514 0.0951763
0 0.0308474 0.702535 0.0616949 0.515518
3 0.879807 0.521017 0.102877 0.063506
3 0.0250339 0.248597 0.0500679 0.497194
0 0.175319 0.744634 0.332239 0.49267
4 0.283716 0.462491 0.116449 0.193498
4 0.540758 0.0244645 0.865017 0.048929
4 0.500417 0.435036 0.504973 0.870071
0 0.740949 0.109035 0.518102 0.21807
0 0.799931 0.0929136 0.400139 0.185827
3 0.0183979 0.296372 0.0367959 0.592745
0 0.684422 0.0753867 0.631155 0.150773
3 0.137801 0.214007 0.275602 0.428014
4 0.0514803 0.450732 0.0543839 0.134742
0 0.120506 0.676719 0.241013 0.448512
3 0.466634 0.321636 0.570773 0.643272
3 0.852525 0.28678 0.29495 0.57356
0 0.0229027 0.710265 0.0458054 0.579471
0 0.933934 0.798127 0.132132 0.403747
2 0.81148 0.734063 0.300846 0.526052
3 0.273738 0.246329 0.538525 0.492658
4 0.487628 0.762981 0.416472 0.474038
4 0.436053 0.12302 0.85014 0.246039
3 0.303159 0.522245 0.147803 0.308279
3 0.487628 0.762981 0.416472 0.474038
3 0.283716 0.462491 0.116449 0.193498
0 0.0203486 0.350617 0.0406972 0.477274
3 0.348772 0.687969 0.269267 0.431925
3 0.070815 0.470329 0.0984148 0.166192
3 0.361637 0.791904 0.610254 0.411257
4 0.359249 0.790497 0.527383 0.419006
3 0.0304185 0.449245 0.0608371 0.160853
3 0.0236248 0.76789 0.0472496 0.464219
3 0.0229027 0.710265 0.0458054 0.579471
3 0.799931 0.0929136 0.400139 0.185827
0 0.0771705 0.815616 0.154341 0.358493
4 0.436225 0.257812 0.780894 0.515623
3 0.0428002 0.357545 0.084201 0.413615
0 0.070815 0.470329 0.0984148 0.166192
3 0.0710832 0.580436 0.111365 0.230151
0 0.495897 0.385766 0.557844 0.771533
4 0.933934 0.798127 0.132132 0.403747
3 0.0342097 0.501987 0.0684194 0.0919541
2 0.547419 0.747194 0.306848 0.505612
4 0.7351 0.767771 0.517556 0.464458
0 0.271207 0.0532632 0.542413 0.106526
0 0.0213773 0.721485 0.0427547 0.557031
3 0.0308897 0.817387 0.0617794 0.365226
4 0.147975 0.770354 0.293918 0.441099
4 0.905412 0.625788 0.189177 0.748424
3 0.474362 0.266859 0.825932 0.533718
3 0.83204 0.716681 0.33592 0.566637
3 0.0308474 0.702535 0.0616949 0.515518
1 0.832469 0.787198 0.335061 0.416345
4 0.923383 0.718349 0.153234 0.563303
3 0.933468 0.791932 0.133065 0.416137
0 0.915318 0.417173 0.169365 0.603355
0 0.0514885 0.725686 0.102977 0.531544
3 0.0213773 0.721485 0.0427547 0.557031
4 0.341984 0.741048 0.57818 0.517904
0 0.0445197 0.604568 0.0675039 0.279199
3 0.265341 0.737704 0.499159 0.520672
2 0.487628 0.762981 0.416472 0.474038
3 0.204777 0.761574 0.40021 0.461855
3 0.0203486 0.350617 0.0406972 0.477274
1 0.283716 0.462491 0.116449 0.193498
4 0.0527063 0.493117 0.0492749 0.0437702
3 0.277917 0.565896 0.138859 0.127948
1 0.283791 0.524101 0.113571 0.0660877
4 0.363912 0.0282281 0.724368 0.0564562
4 0.0942156 0.772934 0.188431 0.438862
0 0.389068 0.730426 0.413169 0.45986
3 0.0445197 0.604568 0.0675039 0.279199
3 0.297427 0.529758 0.152535 0.0854503
3 0.547419 0.747194 0.306848 0.505612
4 0.646743 0.0475881 0.706514 0.0951763
3 0.423898 0.742359 0.557851 0.515282
0 0.107331 0.818951 0.214662 0.362097
4 0.0428002 0.357545 0.084201 0.413615
1 0.149904 0.809451 0.292815 0.370004
3 0.0514885 0.725686 0.102977 0.531544
4 0.915318 0.417173 0.169365 0.603355
4 0.933468 0.791932 0.133065 0.416137
4 0.743767 0.382296 0.479051 0.762843
4 0.697165 0.334236 0.605671 0.668472
4 0.475475 0.280928 0.604218 0.561857
4 0.273217 0.808014 0.458731 0.383972
0 0.56312 0.439487 0.403466 0.878975
2 0.283791 0.524101 0.113571 0.0660877
0 0.410247 0.781361 0.553099 0.437277
4 0.204777 0.761574 0.40021 0.461855
4 0.188391 0.313154 0.371057 0.626308
2 0.283716 0.462491 0.116449 0.193498
0 0.805183 0.341121 0.389635 0.682243
3 0.909612 0.517638 0.178893 0.0688203
0 0.231555 0.301545 0.455718 0.60309
4 0.219914 0.0821597 0.439827 0.164319
0 0.860193 0.576338 0.279615 0.190452
4 0.740949 0.109035 0.518102 0.21807
0 0.0428002 0.357545 0.084201 0.413615
3 0.365817 0.208163 0.72043 0.416327
0 0.92737 0.318016 0.14526 0.636033
3 0.888653 0.579564 0.140967 0.189774
0 0.220172 0.80814 0.410071 0.377058
0 0.348772 0.687969 0.269267 0.431925
4 0.149894 0.820181 0.288422 0.359638
0 0.743767 0.382296 0.479051 0.762843
0 0.913318 0.539455 0.173364 0.33971
4 0.876964 0.400666 0.119458 0.346704
1 0.277917 0.565896 0.138859 0.127948
0 0.781729 0.717941 0.250154 0.546642
3 0.0936761 0.287276 0.187352 0.574551
4 0.684422 0.0753867 0.631155 0.150773
0 0.712849 0.744977 0.574303 0.495201
4 0.0308897 0.817387 0.0617794 0.365226
4 0.799931 0.0929136 0.400139 0.185827
2 0.175319 0.744634 0.332239 0.49267
3 0.106181 0.210477 0.212361 0.419936
3 0.417283 0.162204 0.738092 0.324408
0 0.025586 0.802932 0.051172 0.394137
3 0.0527063 0.493117 0.0492749 0.0437702
1 0.668755 0.710356 0.494485 0.373749
3 0.2892 0.584985 0.217029 0.175397
4 0.365817 0.208163 0.72043 0.416327
2 0.341984 0.741048 0.57818 0.517904
0 0.697165 0.334236 0.605671 0.668472
4 0.925533 0.343576 0.148934 0.674159
4 0.180761 0.196675 0.360835 0.39335
0 0.223571 0.368519 0.31808 0.737038
4 0.591291 0.296348 0.812722 0.592695
0 0.852525 0.28678 0.29495 0.57356
0 0.923383 0.718349 0.153234 0.563303
4 0.0203486 0.350617 0.0406972 0.477274
4 0.780563 0.321088 0.438874 0.642176
0 0.365817 0.208163 0.72043 0.416327
4 0.0183979 0.296372 0.0367959 0.592745
4 0.137801 0.214007 0.275602 0.428014
0 0.64581 0.451699 0.62262 0.903399
0 0.0308897 0.817387 0.0617794 0.365226
4 0.0250339 0.248597 0.0500679 0.497194
4 0.271207 0.0532632 0.542413 0.106526
3 0.0514803 0.450732 0.0543839 0.134742
0 0.591291 0.296348 0.812722 0.592695
4 0.337598 0.443381 0.490853 0.886762
4 0.852525 0.28678 0.29495 0.57356
0 0.0183979 0.296372 0.0367959 0.592745
0 0.475475 0.280928 0.604218 0.561857
4 0.866662 0.695488 0.149716 0.425362
4 0.070815 0.470329 0.0984148 0.166192
4 0.315543 0.251935 0.568065 0.50387
4 0.0213773 0.721485 0.0427547 0.557031
4 0.15077 0.218136 0.298023 0.435581
4 0.279943 0.575323 0.112751 0.13309
0 0.0250339 0.248597 0.0500679 0.497194
2 0.2892 0.584985 0.217029 0.175397
4 0.6119 0.500377 0.303206 0.787825
4 0.106181 0.210477 0.212361 0.419936
4 0.0936761 0.287276 0.187352 0.574551
4 0.025586 0.802932 0.051172 0.394137
4 0.0514885 0.725686 0.102977 0.531544
2 0.242876 0.745062 0.431565 0.496421
0 0.893912 0.325189 0.212177 0.650379
4 0.589907 0.445976 0.413544 0.891952
4 0.64581 0.451699 0.62262 0.903399
0 0.137801 0.214007 0.275602 0.428014
2 0.916052 0.470072 0.167896 0.221947
4 0.893912 0.325189 0.212177 0.650379
4 0.267574 0.786309 0.512161 0.404966
4 0.107331 0.818951 0.214662 0.362097
0 0.273217 0.808014 0.458731 0.383972
2 0.0514803 0.450732 0.0543839 0.134742
4 0.0304185 0.449245 0.0608371 0.160853
1 0.194856 0.779339 0.381705 0.425479
4 0.0308474 0.702535 0.0616949 0.515518
1 0.781729 0.717941 0.250154 0.546642
1 0.0771705 0.815616 0.154341 0.358493
1 0.0445197 0.604568 0.0675039 0.279199
2 0.400973 0.765861 0.617673 0.418985
2 0.410247 0.781361 0.553099 0.437277
3 0.0771705 0.815616 0.154341 0.358493
3 0.879941 0.454275 0.107928 0.210397
4 0.400973 0.765861 0.617673 0.418985
1 0.73837 0.746699 0.480185 0.497196
2 0.279943 0.575323 0.112751 0.13309
4 0.916052 0.470072 0.167896 0.221947
2 0.070815 0.470329 0.0984148 0.166192
2 0.0527063 0.493117 0.0492749 0.0437702
1 0.0514803 0.450732 0.0543839 0.134742
3 0.866662 0.695488 0.149716 0.425362
2 0.0308474 0.702535 0.0616949 0.515518
4 0.0229027 0.710265 0.0458054 0.579471
4 0.913318 0.539455 0.173364 0.33971
4 0.0771705 0.815616 0.154341 0.358493
4 0.0962356 0.688295 0.18038 0.427158
0 0.205202 0.234877 0.399209 0.469753
4 0.2892 0.584985 0.217029 0.175397
1 0.0304185 0.449245 0.0608371 0.160853
