0 0.567908 0.680764 0.251613 0.321864
0 0.941577 0.515689 0.102774 0.0625063
1 0.564283 0.684389 0.245186 0.311693
0 0.945894 0.44524 0.0969997 0.206781
0 0.932119 0.518614 0.0893604 0.0491089
0 0.54178 0.730954 0.297676 0.397112
0 0.834514 0.773141 0.330972 0.443123
0 0.187647 0.745945 0.3738 0.499895
0 0.743695 0.721956 0.51261 0.418095
0 0.264093 0.741624 0.523741 0.507558
4 0.567389 0.682057 0.252172 0.323823
0 0.940791 0.402566 0.107955 0.321688
2 0.564108 0.678317 0.244449 0.324909
0 0.552399 0.0291659 0.895202 0.0583318
0 0.881067 0.728885 0.235998 0.516106
1 0.941577 0.515689 0.102774 0.0625063
0 0.384815 0.756057 0.605952 0.487403
3 0.528817 0.763171 0.522261 0.473658
0 0.124646 0.742905 0.249293 0.508208
3 0.839819 0.706695 0.306722 0.581318
3 0.528119 0.404049 0.542961 0.808099
3 0.564311 0.75797 0.310251 0.443003
1 0.945894 0.44524 0.0969997 0.206781
4 0.238559 0.744031 0.467836 0.501986
0 0.476747 0.678121 0.0810177 0.423584
3 0.69668 0.769516 0.600929 0.439511
3 0.540564 0.420135 0.379391 0.840271
4 0.941577 0.515689 0.102774 0.0625063
3 0.820772 0.610595 0.339549 0.699312
0 0.658886 0.0446103 0.682229 0.0892205
4 0.54178 0.730954 0.297676 0.397112
3 0.166355 0.777962 0.3044 0.444077
3 0.268298 0.768659 0.388846 0.462682
3 0.354861 0.772789 0.359401 0.454422
3 0.225855 0.74373 0.447597 0.511837
0 0.940722 0.513353 0.118556 0.0639066
0 0.412219 0.0318271 0.824438 0.0636542
4 0.528817 0.763171 0.522261 0.473658
3 0.93492 0.326163 0.130159 0.621674
3 0.7891 0.767608 0.414336 0.464785
3 0.460277 0.484417 0.133492 0.829831
3 0.130533 0.368135 0.261066 0.729803
3 0.849084 0.322149 0.301832 0.644298
3 0.249824 0.503254 0.485328 0.993492
3 0.744116 0.503554 0.505655 0.992893
3 0.332435 0.5 0.343243 1
3 0.133151 0.509065 0.266303 0.98187
3 0.83385 0.772671 0.332301 0.454659
0 0.0586747 0.788198 0.117083 0.415742
3 0.941577 0.515689 0.102774 0.0625063
3 0.930617 0.555183 0.138767 0.16522
0 0.943205 0.572544 0.1099 0.180656
3 0.682858 0.726134 0.432447 0.391958
3 0.940791 0.402566 0.107955 0.321688
0 0.769395 0.0710332 0.461209 0.142066
4 0.522552 0.732417 0.349867 0.535165
4 0.945894 0.44524 0.0969997 0.206781
3 0.162874 0.737372 0.324212 0.494977
3 0.425259 0.771198 0.381304 0.457603
3 0.930532 0.776066 0.138936 0.447867
3 0.733468 0.31287 0.533065 0.625741
3 0.568638 0.654511 0.262364 0.400027
2 0.941577 0.515689 0.102774 0.0625063
0 0.671831 0.354089 0.653145 0.708178
3 0.432608 0.0293839 0.865215 0.0587678
0 0.0830796 0.773337 0.165575 0.44771
0 0.522552 0.732417 0.349867 0.535165
3 0.163318 0.445312 0.315588 0.890624
0 0.853388 0.679122 0.288735 0.63403
3 0.248748 0.298836 0.415334 0.597672
3 0.111034 0.797492 0.218673 0.405015
0 0.554368 0.267312 0.786814 0.534625
3 0.560591 0.441874 0.270337 0.797677
3 0.709212 0.0667263 0.581577 0.133453
3 0.626834 0.321568 0.746332 0.643137
1 0.943205 0.572544 0.1099 0.180656
4 0.835475 0.770962 0.326155 0.458076
4 0.69668 0.769516 0.600929 0.439511
3 0.404174 0.5 0.375122 1
3 0.332663 0.774201 0.422951 0.451599
0 0.79104 0.311246 0.417921 0.60872
3 0.917025 0.739724 0.16595 0.520552
3 0.359583 0.25041 0.344107 0.4989
4 0.573146 0.0285532 0.853709 0.0571064
3 0.615975 0.0312604 0.768049 0.0625208
3 0.903122 0.695059 0.193755 0.609882
3 0.79104 0.311246 0.417921 0.60872
3 0.940722 0.513353 0.118556 0.0639066
4 0.903122 0.695059 0.193755 0.609882
3 0.16457 0.313576 0.320447 0.627153
3 0.78948 0.539359 0.402774 0.921282
3 0.294796 0.313222 0.589592 0.626444
0 0.903302 0.776341 0.193395 0.447319
3 0.495504 0.289382 0.517122 0.578765
3 0.381902 0.0505536 0.763803 0.101107
3 0.817812 0.274278 0.364376 0.548555
3 0.38261 0.237199 0.76522 0.474399
0 0.027055 0.564957 0.0541101 0.849781
4 0.930532 0.776066 0.138936 0.447867
0 0.573084 0.414478 0.559768 0.828955
0 0.720965 0.469768 0.558071 0.939536
0 0.0204675 0.682248 0.0409351 0.632376
0 0.632795 0.750604 0.37331 0.448553
0 0.381902 0.0505536 0.763803 0.101107
3 0.0348734 0.337097 0.0697469 0.674194
2 0.945894 0.44524 0.0969997 0.206781
3 0.125978 0.761607 0.245169 0.464567
3 0.654925 0.421665 0.585209 0.84333
0 0.13851 0.139042 0.27702 0.278084
3 0.0324553 0.447959 0.0649106 0.895918
3 0.551215 0.715801 0.319523 0.568399
3 0.458532 0.767702 0.467403 0.445656
3 0.024733 0.651264 0.049466 0.692932
3 0.326918 0.0738785 0.653836 0.147757
4 0.917025 0.739724 0.16595 0.520552
4 0.79963 0.775877 0.399004 0.433487
4 0.425259 0.771198 0.381304 0.457603
3 0.13851 0.139042 0.27702 0.278084
0 0.0158252 0.790129 0.0316503 0.419742
0 0.326918 0.0738785 0.653836 0.147757
4 0.354861 0.772789 0.359401 0.454422
3 0.632795 0.750604 0.37331 0.448553
4 0.115947 0.748942 0.231894 0.490925
2 0.522552 0.732417 0.349867 0.535165
4 0.658886 0.0446103 0.682229 0.0892205
3 0.0213175 0.789831 0.042635 0.420338
4 0.674067 0.316186 0.651867 0.632372
3 0.869139 0.773475 0.261721 0.453049
4 0.573084 0.414478 0.559768 0.828955
3 0.0150727 0.767582 0.0301453 0.464837
3 0.283544 0.729583 0.445428 0.540834
4 0.769395 0.0710332 0.461209 0.142066
3 0.0458707 0.271908 0.0917415 0.543815
3 0.943205 0.572544 0.1099 0.180656
2 0.840576 0.744744 0.318848 0.488836
3 0.0308082 0.512559 0.0616164 0.961471
4 0.720965 0.469768 0.558071 0.939536
3 0.663247 0.518581 0.4455 0.875071
0 0.930617 0.555183 0.138767 0.16522
0 0.943294 0.369957 0.113413 0.500869
3 0.430416 0.25512 0.384185 0.510187
3 0.945894 0.44524 0.0969997 0.206781
4 0.432608 0.0293839 0.865215 0.0587678
4 0.79104 0.311246 0.417921 0.60872
4 0.554247 0.420891 0.37694 0.841782
4 0.578788 0.277682 0.840968 0.555364
1 0.940791 0.402566 0.107955 0.321688
0 0.568962 0.290467 0.574408 0.580934
3 0.451262 0.287689 0.816792 0.575378
4 0.204002 0.768041 0.354748 0.463917
4 0.458532 0.767702 0.467403 0.445656
4 0.940791 0.402566 0.107955 0.321688
0 0.930532 0.776066 0.138936 0.447867
0 0.458532 0.767702 0.467403 0.445656
4 0.162874 0.737372 0.324212 0.494977
3 0.267189 0.115695 0.534377 0.23139
0 0.0308082 0.512559 0.0616164 0.961471
4 0.0830796 0.773337 0.165575 0.44771
4 0.334327 0.739546 0.646771 0.508645
0 0.0213175 0.789831 0.042635 0.420338
4 0.375576 0.213075 0.751153 0.426151
4 0.268298 0.768659 0.388846 0.462682
4 0.332663 0.774201 0.422951 0.451599
1 0.835734 0.775713 0.328532 0.440978
4 0.477886 0.469998 0.482189 0.939996
4 0.565058 0.281713 0.567096 0.563426
3 0.027055 0.564957 0.0541101 0.849781
0 0.7891 0.767608 0.414336 0.464785
3 0.108848 0.308444 0.217695 0.616887
4 0.0213175 0.789831 0.042635 0.420338
3 0.61142 0.280096 0.625339 0.560192
4 0.943294 0.369957 0.113413 0.500869
3 0.567836 0.248444 0.817573 0.496888
4 0.817812 0.274278 0.364376 0.548555
0 0.817812 0.274278 0.364376 0.548555
4 0.135957 0.786859 0.255068 0.426283
3 0.334327 0.739546 0.646771 0.508645
0 0.267189 0.115695 0.534377 0.23139
3 0.0761292 0.78548 0.152258 0.429039
4 0.839819 0.706695 0.306722 0.581318
0 0.554247 0.420891 0.37694 0.841782
3 0.195122 0.128156 0.390244 0.256313
0 0.233701 0.588517 0.456842 0.822965
4 0.432583 0.298291 0.395587 0.596582
4 0.404174 0.5 0.375122 1
0 0.111034 0.797492 0.218673 0.405015
2 0.743695 0.721956 0.51261 0.418095
3 0.0940306 0.313006 0.188061 0.613465
4 0.0458707 0.271908 0.0917415 0.543815
4 0.869139 0.773475 0.261721 0.453049
4 0.13851 0.139042 0.27702 0.278084
4 0.0158252 0.790129 0.0316503 0.419742
2 0.458532 0.767702 0.467403 0.445656
0 0.195122 0.128156 0.390244 0.256313
0 0.425259 0.771198 0.381304 0.457603
0 0.0348734 0.337097 0.0697469 0.674194
4 0.0348734 0.337097 0.0697469 0.674194
0 0.0458707 0.271908 0.0917415 0.543815
0 0.0324553 0.447959 0.0649106 0.895918
4 0.930937 0.305344 0.138125 0.610688
4 0.0308082 0.512559 0.0616164 0.961471
4 0.343592 0.5 0.337102 1
4 0.024733 0.651264 0.049466 0.692932
0 0.660833 0.766133 0.537587 0.467734
4 0.0324553 0.447959 0.0649106 0.895918
0 0.930937 0.305344 0.138125 0.610688
3 0.0586747 0.788198 0.117083 0.415742
4 0.930617 0.555183 0.138767 0.16522
4 0.027055 0.564957 0.0541101 0.849781
4 0.682858 0.726134 0.432447 0.391958
0 0.140248 0.392717 0.274745 0.785433
0 0.879292 0.342558 0.241416 0.668905
4 0.381902 0.0505536 0.763803 0.101107
3 0.944553 0.457911 0.110894 0.195667
2 0.54178 0.730954 0.297676 0.397112
4 0.40148 0.245713 0.333964 0.48234
0 0.168762 0.315753 0.337524 0.631506
4 0.237653 0.501986 0.462624 0.996027
4 0.460277 0.484417 0.133492 0.829831
0 0.354861 0.772789 0.359401 0.454422
4 0.163318 0.445312 0.315588 0.890624
0 0.78948 0.539359 0.402774 0.921282
0 0.733468 0.31287 0.533065 0.625741
4 0.849084 0.322149 0.301832 0.644298
0 0.471541 0.271499 0.448689 0.542999
4 0.944553 0.457911 0.110894 0.195667
4 0.940722 0.513353 0.118556 0.0639066
4 0.0586747 0.788198 0.117083 0.415742
0 0.903122 0.695059 0.193755 0.609882
2 0.16457 0.313576 0.320447 0.627153
0 0.332663 0.774201 0.422951 0.451599
4 0.78948 0.539359 0.402774 0.921282
0 0.460277 0.484417 0.133492 0.829831
0 0.944553 0.457911 0.110894 0.195667
0 0.38261 0.237199 0.76522 0.474399
0 0.161062 0.586664 0.319889 0.826672
0 0.294796 0.313222 0.589592 0.626444
2 0.632795 0.750604 0.37331 0.448553
4 0.820772 0.610595 0.339549 0.699312
0 0.268298 0.768659 0.388846 0.462682
4 0.326918 0.0738785 0.653836 0.147757
0 0.820772 0.610595 0.339549 0.699312
4 0.294796 0.313222 0.589592 0.626444
4 0.134738 0.303834 0.269477 0.607668
2 0.225855 0.74373 0.447597 0.511837
0 0.477886 0.469998 0.482189 0.939996
2 0.248748 0.298836 0.415334 0.597672
0 0.560591 0.441874 0.270337 0.797677
4 0.195122 0.128156 0.390244 0.256313
1 0.175494 0.740917 0.349394 0.504204
0 0.359583 0.25041 0.344107 0.4989
2 0.362851 0.742944 0.635478 0.514111
1 0.125978 0.761607 0.245169 0.464567
4 0.267189 0.115695 0.534377 0.23139
4 0.632795 0.750604 0.37331 0.448553
4 0.126698 0.546312 0.253395 0.907376
1 0.743695 0.721956 0.51261 0.418095
3 0.476747 0.678121 0.0810177 0.423584
1 0.0586747 0.788198 0.117083 0.415742
2 0.79104 0.311246 0.417921 0.60872
2 0.663247 0.518581 0.4455 0.875071
1 0.554247 0.420891 0.37694 0.841782
4 0.248748 0.298836 0.415334 0.597672
2 0.944553 0.457911 0.110894 0.195667
0 0.108848 0.308444 0.217695 0.616887
4 0.106144 0.38013 0.212288 0.692998
2 0.0761292 0.78548 0.152258 0.429039
2 0.930532 0.776066 0.138936 0.447867
0 0.204002 0.768041 0.354748 0.463917
2 0.930617 0.555183 0.138767 0.16522
0 0.404174 0.5 0.375122 1
1 0.903302 0.776341 0.193395 0.447319
2 0.294796 0.313222 0.589592 0.626444
2 0.93492 0.326163 0.130159 0.621674
1 0.362851 0.742944 0.635478 0.514111
4 0.560591 0.441874 0.270337 0.797677
2 0.425259 0.771198 0.381304 0.457603
1 0.114887 0.528003 0.229775 0.943994
0 0.248748 0.298836 0.415334 0.597672
2 0.111034 0.797492 0.218673 0.405015
2 0.503312 0.278714 0.519408 0.557429
2 0.108848 0.308444 0.217695 0.616887
2 0.251197 0.5 0.471631 1
2 0.932547 0.388236 0.123119 0.377979
2 0.733802 0.49953 0.525424 0.999059
2 0.7891 0.767608 0.414336 0.464785
2 0.603937 0.428042 0.397211 0.856084
2 0.769395 0.0710332 0.461209 0.142066
2 0.460277 0.484417 0.133492 0.829831
2 0.163318 0.445312 0.315588 0.890624
2 0.359583 0.25041 0.344107 0.4989
1 0.638995 0.290689 0.72201 0.581378
2 0.343592 0.5 0.337102 1
0 0.528817 0.763171 0.522261 0.473658
2 0.670899 0.324788 0.658202 0.649577
2 0.0213175 0.789831 0.042635 0.420338
2 0.903302 0.776341 0.193395 0.447319
1 0.853388 0.679122 0.288735 0.63403
0 0.343592 0.5 0.337102 1
1 0.940722 0.513353 0.118556 0.0639066
0 0.567914 0.680774 0.251611 0.321834
0 0.941586 0.515698 0.102784 0.0624803
1 0.564302 0.684385 0.245188 0.311719
0 0.945901 0.445249 0.0970085 0.206739
0 0.932126 0.518637 0.089362 0.0490827
0 0.542201 0.730736 0.296851 0.396573
0 0.834525 0.773186 0.330949 0.443022
0 0.187634 0.745935 0.373789 0.499985
0 0.743927 0.722048 0.512146 0.418039
0 0.263498 0.741634 0.522575 0.507604
4 0.56739 0.682068 0.252174 0.323777
0 0.940797 0.402631 0.10796 0.321589
2 0.564103 0.678335 0.24445 0.32488
0 0.551989 0.029108 0.896023 0.058216
1 0.941586 0.515698 0.102784 0.0624803
0 0.881568 0.728886 0.234932 0.515661
0 0.38497 0.756057 0.605615 0.487638
3 0.529377 0.763238 0.522394 0.473524
0 0.124806 0.742909 0.249612 0.508258
3 0.839859 0.706764 0.306628 0.581155
3 0.528326 0.401746 0.543412 0.803492
3 0.564159 0.757964 0.309764 0.442991
1 0.945901 0.445249 0.0970085 0.206739
4 0.238513 0.744036 0.467726 0.50204
3 0.696628 0.769522 0.601983 0.439516
0 0.476739 0.677962 0.0809349 0.423263
3 0.540382 0.420115 0.380523 0.84023
4 0.941586 0.515698 0.102784 0.0624803
3 0.821032 0.611042 0.338948 0.698539
4 0.542201 0.730736 0.296851 0.396573
0 0.658543 0.0446366 0.682913 0.0892731
3 0.166472 0.77812 0.304528 0.44376
3 0.267861 0.768629 0.388492 0.462743
3 0.354026 0.7727 0.359083 0.454601
3 0.225782 0.74377 0.44746 0.511944
4 0.529377 0.763238 0.522394 0.473524
0 0.940737 0.513369 0.118526 0.0638849
3 0.934948 0.32617 0.130105 0.621393
3 0.787789 0.767598 0.416956 0.464805
3 0.459973 0.482187 0.134364 0.833796
3 0.130488 0.368876 0.260976 0.731305
3 0.849338 0.322302 0.301325 0.644604
0 0.411037 0.035979 0.822074 0.0719579
3 0.250217 0.50315 0.48571 0.9937
3 0.743787 0.503595 0.50627 0.992811
3 0.332711 0.5 0.342699 1
3 0.133151 0.509091 0.266302 0.981817
3 0.833833 0.772686 0.332335 0.454629
3 0.941586 0.515698 0.102784 0.0624803
3 0.930673 0.555188 0.138655 0.165154
3 0.683442 0.726171 0.433611 0.39189
3 0.940797 0.402631 0.10796 0.321589
4 0.522587 0.732344 0.349871 0.535311
3 0.162928 0.737298 0.324333 0.494875
4 0.945901 0.445249 0.0970085 0.206739
0 0.0588069 0.788219 0.117351 0.415705
3 0.424879 0.77127 0.381431 0.45746
3 0.930896 0.776108 0.138208 0.447785
3 0.733854 0.312906 0.532292 0.625813
3 0.56865 0.654497 0.262293 0.399898
0 0.943236 0.572509 0.10983 0.180594
0 0.769469 0.0712155 0.461062 0.142431
2 0.941586 0.515698 0.102784 0.0624803
3 0.432615 0.0293689 0.86523 0.0587377
0 0.672684 0.351762 0.651305 0.703524
3 0.249073 0.298719 0.41476 0.597437
3 0.111193 0.797457 0.218981 0.405086
0 0.0836265 0.773223 0.166672 0.447933
0 0.522587 0.732344 0.349871 0.535311
3 0.626561 0.322175 0.746879 0.644351
3 0.560488 0.440275 0.270541 0.800792
3 0.709402 0.0669173 0.581197 0.133835
0 0.853658 0.680742 0.288062 0.630845
4 0.696628 0.769522 0.601983 0.439516
1 0.943236 0.572509 0.10983 0.180594
4 0.835469 0.770976 0.326158 0.458048
0 0.554559 0.266667 0.78559 0.533334
3 0.404777 0.5 0.375397 1
3 0.331245 0.774389 0.421976 0.451221
3 0.9175 0.739746 0.165 0.520509
3 0.360549 0.249853 0.341459 0.497007
4 0.573197 0.0284482 0.853607 0.0568965
3 0.616095 0.0311542 0.767809 0.0623083
3 0.903386 0.695185 0.193228 0.60963
3 0.791343 0.31115 0.417315 0.608456
0 0.791343 0.31115 0.417315 0.608456
3 0.940737 0.513369 0.118526 0.0638849
4 0.903386 0.695185 0.193228 0.60963
3 0.16469 0.31404 0.320621 0.628079
3 0.294419 0.313374 0.588838 0.626748
3 0.790787 0.542924 0.399387 0.914151
3 0.495666 0.289179 0.516677 0.578358
3 0.381741 0.0506924 0.763482 0.101385
3 0.382312 0.236951 0.764623 0.473903
0 0.904522 0.77637 0.190956 0.44726
3 0.817797 0.274122 0.364406 0.548244
4 0.930896 0.776108 0.138208 0.447785
3 0.0348066 0.337434 0.0696131 0.674868
0 0.0271757 0.565124 0.0543514 0.850136
0 0.573161 0.41374 0.560066 0.82748
2 0.945901 0.445249 0.0970085 0.206739
0 0.720961 0.467993 0.558077 0.935985
3 0.126132 0.761617 0.245471 0.464594
3 0.654518 0.421028 0.584155 0.842057
0 0.0206446 0.682294 0.0412893 0.63244
0 0.632912 0.750706 0.373505 0.448668
3 0.0324379 0.447879 0.0648758 0.895758
3 0.551357 0.715826 0.319228 0.568348
3 0.458279 0.767711 0.467924 0.44562
3 0.0248856 0.6513 0.0497712 0.693305
3 0.32672 0.073964 0.653441 0.147928
0 0.138806 0.138715 0.277612 0.277431
4 0.795851 0.775899 0.40657 0.433642
4 0.9175 0.739746 0.165 0.520509
4 0.424879 0.77127 0.381431 0.45746
3 0.138806 0.138715 0.277612 0.277431
4 0.354026 0.7727 0.359083 0.454601
3 0.632912 0.750706 0.373505 0.448668
4 0.116366 0.748858 0.232733 0.491072
2 0.522587 0.732344 0.349871 0.535311
4 0.658543 0.0446366 0.682913 0.0892731
0 0.0159372 0.790148 0.0318744 0.419704
0 0.32672 0.073964 0.653441 0.147928
4 0.573161 0.41374 0.560066 0.82748
3 0.0214041 0.789779 0.0428083 0.420442
4 0.674077 0.315953 0.651845 0.631907
3 0.869922 0.773505 0.260155 0.45299
3 0.0151953 0.767578 0.0303907 0.464844
3 0.283064 0.729634 0.445939 0.540732
4 0.769469 0.0712155 0.461062 0.142431
3 0.0458133 0.27198 0.0916265 0.543959
3 0.943236 0.572509 0.10983 0.180594
2 0.840559 0.744792 0.318882 0.488737
4 0.720961 0.467993 0.558077 0.935985
3 0.662468 0.519901 0.443772 0.872215
3 0.430313 0.254669 0.383467 0.509137
3 0.945901 0.445249 0.0970085 0.206739
4 0.791343 0.31115 0.417315 0.608456
4 0.432615 0.0293689 0.86523 0.0587377
4 0.554287 0.420879 0.377667 0.841758
4 0.579076 0.277728 0.840257 0.555456
0 0.930673 0.555188 0.138655 0.165154
3 0.451284 0.287548 0.814925 0.575096
1 0.940797 0.402631 0.10796 0.321589
0 0.943313 0.370139 0.113374 0.500068
4 0.204078 0.768159 0.354886 0.463682
0 0.569001 0.290309 0.574087 0.580618
4 0.458279 0.767711 0.467924 0.44562
4 0.940797 0.402631 0.10796 0.321589
4 0.162928 0.737298 0.324333 0.494875
3 0.267077 0.115395 0.534154 0.230789
4 0.375315 0.212796 0.750631 0.425592
4 0.0836265 0.773223 0.166672 0.447933
0 0.930896 0.776108 0.138208 0.447785
4 0.334072 0.739554 0.646218 0.508693
0 0.458279 0.767711 0.467924 0.44562
4 0.478002 0.469229 0.482114 0.938457
4 0.267861 0.768629 0.388492 0.462743
4 0.331245 0.774389 0.421976 0.451221
0 0.0308654 0.512517 0.0617307 0.961613
4 0.565309 0.281914 0.565603 0.563827
1 0.835739 0.775755 0.328523 0.4409
3 0.0271757 0.565124 0.0543514 0.850136
0 0.0214041 0.789779 0.0428083 0.420442
3 0.108758 0.308666 0.217515 0.617333
4 0.0214041 0.789779 0.0428083 0.420442
3 0.611593 0.280417 0.622517 0.560834
3 0.567909 0.245066 0.817794 0.490132
4 0.943313 0.370139 0.113374 0.500068
0 0.787789 0.767598 0.416956 0.464805
4 0.817797 0.274122 0.364406 0.548244
3 0.334072 0.739554 0.646218 0.508693
4 0.136118 0.787067 0.255246 0.425867
0 0.817797 0.274122 0.364406 0.548244
3 0.0765687 0.785455 0.153137 0.429089
4 0.839859 0.706764 0.306628 0.581155
0 0.267077 0.115395 0.534154 0.230789
3 0.195073 0.127743 0.390145 0.255486
4 0.432631 0.297573 0.395117 0.595146
0 0.554287 0.420879 0.377667 0.841758
4 0.404777 0.5 0.375397 1
2 0.743927 0.722048 0.512146 0.418039
3 0.0937829 0.313491 0.187566 0.614748
4 0.0458133 0.27198 0.0916265 0.543959
4 0.869922 0.773505 0.260155 0.45299
0 0.233657 0.590736 0.456784 0.818528
4 0.138806 0.138715 0.277612 0.277431
4 0.0159372 0.790148 0.0318744 0.419704
2 0.458279 0.767711 0.467924 0.44562
0 0.111193 0.797457 0.218981 0.405086
4 0.0348066 0.337434 0.0696131 0.674868
0 0.195073 0.127743 0.390145 0.255486
0 0.424879 0.77127 0.381431 0.45746
0 0.0348066 0.337434 0.0696131 0.674868
4 0.930982 0.305274 0.138036 0.610548
4 0.345104 0.5 0.335077 1
4 0.0308654 0.512517 0.0617307 0.961613
4 0.0248856 0.6513 0.0497712 0.693305
0 0.0458133 0.27198 0.0916265 0.543959
3 0.0588069 0.788219 0.117351 0.415705
4 0.930673 0.555188 0.138655 0.165154
4 0.0271757 0.565124 0.0543514 0.850136
0 0.66171 0.766127 0.541726 0.467747
0 0.930982 0.305274 0.138036 0.610548
4 0.683442 0.726171 0.433611 0.39189
4 0.381741 0.0506924 0.763482 0.101385
4 0.401384 0.245196 0.333161 0.481061
3 0.944568 0.457928 0.110864 0.195607
0 0.140282 0.394333 0.274811 0.788666
2 0.542201 0.730736 0.296851 0.396573
0 0.879575 0.342533 0.240851 0.668838
4 0.237655 0.502078 0.462618 0.995845
4 0.459973 0.482187 0.134364 0.833796
0 0.168843 0.315908 0.337685 0.631815
4 0.163511 0.446705 0.315884 0.893409
4 0.849338 0.322302 0.301325 0.644604
4 0.940737 0.513369 0.118526 0.0638849
0 0.354026 0.7727 0.359083 0.454601
4 0.944568 0.457928 0.110864 0.195607
0 0.790787 0.542924 0.399387 0.914151
0 0.472651 0.294848 0.462425 0.589696
0 0.733854 0.312906 0.532292 0.625813
4 0.0588069 0.788219 0.117351 0.415705
2 0.16469 0.31404 0.320621 0.628079
4 0.790787 0.542924 0.399387 0.914151
0 0.430313 0.254669 0.383467 0.509137
0 0.903386 0.695185 0.193228 0.60963
2 0.632912 0.750706 0.373505 0.448668
0 0.331245 0.774389 0.421976 0.451221
0 0.459973 0.482187 0.134364 0.833796
0 0.382312 0.236951 0.764623 0.473903
0 0.944568 0.457928 0.110864 0.195607
0 0.161219 0.588437 0.320213 0.823126
4 0.821032 0.611042 0.338948 0.698539
0 0.294419 0.313374 0.588838 0.626748
4 0.32672 0.073964 0.653441 0.147928
4 0.294419 0.313374 0.588838 0.626748
4 0.134779 0.304021 0.269558 0.608042
2 0.225782 0.74377 0.44746 0.511944
0 0.267861 0.768629 0.388492 0.462743
0 0.821032 0.611042 0.338948 0.698539
0 0.478002 0.469229 0.482114 0.938457
4 0.195073 0.127743 0.390145 0.255486
2 0.249073 0.298719 0.41476 0.597437
1 0.198019 0.744467 0.392437 0.499794
2 0.362892 0.742939 0.635298 0.514122
1 0.126132 0.761617 0.245471 0.464594
4 0.267077 0.115395 0.534154 0.230789
4 0.126619 0.546876 0.253237 0.906249
4 0.632912 0.750706 0.373505 0.448668
0 0.360549 0.249853 0.341459 0.497007
0 0.560488 0.440275 0.270541 0.800792
4 0.130488 0.368876 0.260976 0.731305
1 0.743927 0.722048 0.512146 0.418039
3 0.476739 0.677962 0.0809349 0.423263
1 0.0588069 0.788219 0.117351 0.415705
2 0.791343 0.31115 0.417315 0.608456
2 0.662468 0.519901 0.443772 0.872215
1 0.554287 0.420879 0.377667 0.841758
4 0.249073 0.298719 0.41476 0.597437
2 0.944568 0.457928 0.110864 0.195607
0 0.108758 0.308666 0.217515 0.617333
2 0.0765687 0.785455 0.153137 0.429089
2 0.930896 0.776108 0.138208 0.447785
2 0.930673 0.555188 0.138655 0.165154
2 0.294419 0.313374 0.588838 0.626748
1 0.904522 0.77637 0.190956 0.44726
0 0.204078 0.768159 0.354886 0.463682
2 0.934948 0.32617 0.130105 0.621393
4 0.560488 0.440275 0.270541 0.800792
1 0.362892 0.742939 0.635298 0.514122
2 0.424879 0.77127 0.381431 0.45746
0 0.404777 0.5 0.375397 1
1 0.114705 0.528126 0.22941 0.943747
2 0.503364 0.278666 0.518446 0.557332
2 0.111193 0.797457 0.218981 0.405086
2 0.108758 0.308666 0.217515 0.617333
4 0.0937829 0.313491 0.187566 0.614748
2 0.251273 0.5 0.471682 1
2 0.932587 0.388306 0.123008 0.377624
2 0.733839 0.499614 0.525075 0.999227
2 0.60373 0.427933 0.39684 0.855866
0 0.249073 0.298719 0.41476 0.597437
2 0.787789 0.767598 0.416956 0.464805
2 0.769469 0.0712155 0.461062 0.142431
2 0.163511 0.446705 0.315884 0.893409
2 0.459973 0.482187 0.134364 0.833796
2 0.360549 0.249853 0.341459 0.497007
2 0.345104 0.5 0.335077 1
1 0.639458 0.290772 0.721085 0.581544
2 0.670945 0.324981 0.65811 0.649962
2 0.0214041 0.789779 0.0428083 0.420442
2 0.904522 0.77637 0.190956 0.44726
1 0.853658 0.680742 0.288062 0.630845
1 0.940737 0.513369 0.118526 0.0638849
0 0.529377 0.763238 0.522394 0.473524
1 0.821032 0.611042 0.338948 0.698539
2 0.382312 0.236951 0.764623 0.473903
2 0.105904 0.380937 0.211808 0.694547
2 0.0159372 0.790148 0.0318744 0.419704
