0 0.168339 0.535247 0.0965187 0.0465846
0 0.119154 0.533725 0.133452 0.0511193
0 0.0912894 0.534515 0.0818522 0.0497507
0 0.761572 0.749282 0.476856 0.495668
0 0.171509 0.529738 0.0911248 0.0725025
0 0.100165 0.527465 0.0971921 0.0774395
0 0.772721 0.643519 0.454558 0.700016
0 0.101118 0.598818 0.16426 0.190882
0 0.77787 0.499839 0.44426 0.999679
0 0.663421 0.718392 0.673157 0.558003
0 0.42365 0.271175 0.522936 0.533546
3 0.114683 0.393852 0.223391 0.767256
0 0.135005 0.585426 0.171285 0.164344
3 0.237441 0.453062 0.469163 0.90272
0 0.386236 0.730943 0.384211 0.516246
0 0.0967784 0.8373 0.193557 0.309383
3 0.747047 0.454064 0.505244 0.882535
0 0.432711 0.0335656 0.825322 0.0671312
0 0.180239 0.738238 0.359487 0.505193
3 0.0949234 0.486904 0.105558 0.269827
0 0.151887 0.483498 0.121797 0.275963
3 0.81783 0.645639 0.364339 0.704405
4 0.761572 0.749282 0.476856 0.495668
0 0.447137 0.734646 0.550548 0.523552
3 0.332369 0.5 0.658388 1
0 0.847346 0.290573 0.305307 0.575081
0 0.0949234 0.486904 0.105558 0.269827
3 0.172406 0.405847 0.332387 0.801339
0 0.824659 0.76351 0.350683 0.47298
3 0.100165 0.527465 0.0971921 0.0774395
3 0.892306 0.733659 0.215388 0.532682
3 0.767841 0.726248 0.453517 0.547505
0 0.227302 0.0745578 0.454603 0.149116
0 0.526844 0.0432863 0.946313 0.0865726
3 0.823965 0.750479 0.352071 0.499041
0 0.0802629 0.52071 0.107626 0.166212
0 0.932581 0.706345 0.134837 0.58499
3 0.161135 0.262215 0.319137 0.506354
3 0.827827 0.732553 0.344345 0.534893
3 0.825736 0.503252 0.348528 0.993496
3 0.935747 0.761387 0.128506 0.477225
0 0.301726 0.0420063 0.603451 0.0840126
0 0.0318319 0.543626 0.0636638 0.691107
0 0.400927 0.676202 0.190976 0.546756
0 0.168349 0.466862 0.109912 0.242803
0 0.706051 0.608167 0.587898 0.780619
3 0.253469 0.773512 0.44043 0.452976
3 0.318593 0.587098 0.338774 0.801221
0 0.0272929 0.699632 0.0545857 0.593976
0 0.0740924 0.742764 0.131445 0.486629
4 0.42365 0.271175 0.522936 0.533546
3 0.563836 0.502615 0.861843 0.99477
3 0.452805 0.769345 0.346684 0.46131
0 0.0919484 0.749059 0.183897 0.489273
0 0.21036 0.634099 0.238778 0.326965
0 0.290726 0.745468 0.544725 0.503014
4 0.758239 0.497353 0.483522 0.994706
3 0.946264 0.675665 0.107471 0.625071
3 0.620982 0.748493 0.344695 0.503015
3 0.939084 0.767185 0.121832 0.46563
3 0.101118 0.598818 0.16426 0.190882
3 0.227302 0.0745578 0.454603 0.149116
0 0.412084 0.783199 0.491165 0.417463
3 0.527074 0.764236 0.307154 0.471528
0 0.939084 0.767185 0.121832 0.46563
3 0.823229 0.295899 0.353308 0.574605
3 0.706051 0.608167 0.587898 0.780619
4 0.151887 0.483498 0.121797 0.275963
3 0.790493 0.315468 0.419015 0.630935
4 0.649758 0.718611 0.700483 0.547284
3 0.409438 0.502523 0.441851 0.977675
3 0.190019 0.80112 0.370136 0.397761
3 0.649758 0.718611 0.700483 0.547284
4 0.932581 0.706345 0.134837 0.58499
0 0.59336 0.097182 0.81328 0.194364
3 0.0484949 0.777674 0.0969898 0.4418
4 0.772721 0.643519 0.454558 0.700016
3 0.360066 0.77211 0.344338 0.455781
4 0.847346 0.290573 0.305307 0.575081
3 0.171509 0.529738 0.0911248 0.0725025
3 0.25138 0.783306 0.490573 0.42205
3 0.147792 0.750899 0.293581 0.486895
3 0.0302363 0.681073 0.0604727 0.633326
3 0.168349 0.466862 0.109912 0.242803
0 0.552006 0.0661639 0.882927 0.132328
0 0.318593 0.587098 0.338774 0.801221
3 0.0326475 0.257707 0.065295 0.515413
3 0.59336 0.097182 0.81328 0.194364
3 0.474855 0.717957 0.636025 0.538496
3 0.655946 0.312187 0.688108 0.614273
4 0.168349 0.466862 0.109912 0.242803
3 0.521966 0.0322589 0.956067 0.0645178
3 0.121796 0.266698 0.243591 0.533396
3 0.338564 0.0347092 0.675073 0.0694183
3 0.111023 0.26006 0.222046 0.503021
3 0.746508 0.760635 0.503862 0.464354
0 0.437567 0.4784 0.541677 0.954433
3 0.400927 0.676202 0.190976 0.546756
3 0.879601 0.288029 0.240799 0.552683
3 0.120625 0.830741 0.24125 0.338519
0 0.529797 0.766148 0.590676 0.45327
3 0.951195 0.563914 0.0976091 0.749611
0 0.259492 0.249217 0.502318 0.491624
3 0.0390898 0.824151 0.0781797 0.351698
0 0.260114 0.506189 0.441438 0.978532
3 0.831655 0.158716 0.336691 0.317432
3 0.37325 0.272877 0.605663 0.539712
3 0.431276 0.781679 0.445559 0.426409
4 0.159023 0.528384 0.104515 0.0695868
4 0.935747 0.761387 0.128506 0.477225
3 0.224631 0.282119 0.442689 0.563924
4 0.939084 0.767185 0.121832 0.46563
3 0.620965 0.772424 0.444428 0.441625
3 0.552006 0.0661639 0.882927 0.132328
4 0.892306 0.733659 0.215388 0.532682
1 0.826123 0.751828 0.347753 0.48972
3 0.877005 0.479683 0.245989 0.951826
0 0.831655 0.158716 0.336691 0.317432
3 0.918404 0.519962 0.163192 0.906313
3 0.339474 0.735316 0.439552 0.514723
3 0.489613 0.333611 0.864531 0.667221
4 0.209913 0.749666 0.417393 0.492093
0 0.737275 0.303352 0.525451 0.606704
4 0.237441 0.453062 0.469163 0.90272
3 0.0318319 0.543626 0.0636638 0.691107
4 0.59336 0.097182 0.81328 0.194364
1 0.438268 0.781865 0.542787 0.422625
3 0.0293519 0.385786 0.0587038 0.713962
3 0.456326 0.329571 0.559574 0.655893
2 0.151887 0.483498 0.121797 0.275963
4 0.831141 0.503282 0.337718 0.993437
4 0.432711 0.0335656 0.825322 0.0671312
4 0.552006 0.0661639 0.882927 0.132328
3 0.285468 0.0568532 0.570936 0.113706
0 0.332637 0.266581 0.658126 0.533162
4 0.526844 0.0432863 0.946313 0.0865726
1 0.199018 0.799947 0.396061 0.382279
4 0.827827 0.732553 0.344345 0.534893
3 0.636756 0.177849 0.726488 0.355698
0 0.951195 0.563914 0.0976091 0.749611
4 0.0949234 0.486904 0.105558 0.269827
3 0.0678895 0.428798 0.134474 0.779398
0 0.636756 0.177849 0.726488 0.355698
1 0.151887 0.483498 0.121797 0.275963
0 0.494016 0.501163 0.709628 0.997674
4 0.706051 0.608167 0.587898 0.780619
3 0.0342442 0.729844 0.0684885 0.538062
0 0.640269 0.518701 0.701374 0.956476
0 0.0342442 0.729844 0.0684885 0.538062
4 0.464782 0.780763 0.555935 0.424902
4 0.474855 0.717957 0.636025 0.538496
2 0.126057 0.601012 0.197496 0.194272
0 0.530614 0.713354 0.779461 0.55019
4 0.767841 0.726248 0.453517 0.547505
3 0.467954 0.269825 0.467249 0.527569
0 0.935747 0.761387 0.128506 0.477225
3 0.0919484 0.749059 0.183897 0.489273
1 0.108532 0.82693 0.217064 0.33154
0 0.114683 0.393852 0.223391 0.767256
4 0.149879 0.817005 0.298249 0.365989
0 0.0390898 0.824151 0.0781797 0.351698
4 0.310623 0.783417 0.409863 0.421158
4 0.172406 0.405847 0.332387 0.801339
4 0.100165 0.527465 0.0971921 0.0774395
0 0.0712221 0.495468 0.121192 0.56959
4 0.227302 0.0745578 0.454603 0.149116
4 0.115303 0.832318 0.230388 0.317814
3 0.0906534 0.317716 0.181307 0.600326
4 0.318381 0.770786 0.356651 0.458428
2 0.171509 0.529738 0.0911248 0.0725025
4 0.332369 0.5 0.658388 1
2 0.277011 0.738147 0.517949 0.505886
4 0.0390898 0.824151 0.0781797 0.351698
3 0.135005 0.585426 0.171285 0.164344
4 0.437567 0.4784 0.541677 0.954433
0 0.0293519 0.385786 0.0587038 0.713962
4 0.147792 0.750899 0.293581 0.486895
4 0.332637 0.266581 0.658126 0.533162
0 0.877005 0.479683 0.245989 0.951826
4 0.108583 0.774268 0.217167 0.434326
0 0.120625 0.830741 0.24125 0.338519
4 0.521621 0.501396 0.913437 0.997209
4 0.228921 0.782907 0.446787 0.434186
1 0.172406 0.405847 0.332387 0.801339
3 0.21036 0.634099 0.238778 0.326965
4 0.452805 0.769345 0.346684 0.46131
0 0.0416359 0.80715 0.0832718 0.373343
4 0.489613 0.333611 0.864531 0.667221
4 0.951195 0.563914 0.0976091 0.749611
0 0.189912 0.262143 0.373025 0.512552
4 0.386236 0.730943 0.384211 0.516246
0 0.121796 0.266698 0.243591 0.533396
0 0.827827 0.732553 0.344345 0.534893
0 0.892306 0.733659 0.215388 0.532682
3 0.0712221 0.495468 0.121192 0.56959
4 0.824659 0.76351 0.350683 0.47298
4 0.527074 0.764236 0.307154 0.471528
4 0.222725 0.256404 0.433378 0.501197
0 0.874327 0.284592 0.251345 0.569183
0 0.0326475 0.257707 0.065295 0.515413
4 0.400927 0.676202 0.190976 0.546756
4 0.620982 0.748493 0.344695 0.503015
4 0.121796 0.266698 0.243591 0.533396
4 0.301726 0.0420063 0.603451 0.0840126
4 0.114683 0.393852 0.223391 0.767256
3 0.516699 0.775968 0.545986 0.432877
1 0.529797 0.766148 0.590676 0.45327
3 0.0740924 0.742764 0.131445 0.486629
3 0.151887 0.483498 0.121797 0.275963
4 0.111023 0.26006 0.222046 0.503021
4 0.318593 0.587098 0.338774 0.801221
1 0.144344 0.812027 0.287038 0.358979
0 0.489613 0.333611 0.864531 0.667221
4 0.0295793 0.303264 0.0591585 0.606529
2 0.0740924 0.742764 0.131445 0.486629
4 0.0906534 0.317716 0.181307 0.600326
4 0.877005 0.479683 0.245989 0.951826
4 0.126057 0.601012 0.197496 0.194272
0 0.918404 0.519962 0.163192 0.906313
0 0.329605 0.500321 0.656463 0.999358
1 0.126057 0.601012 0.197496 0.194272
2 0.386236 0.730943 0.384211 0.516246
4 0.636756 0.177849 0.726488 0.355698
0 0.527074 0.764236 0.307154 0.471528
4 0.620965 0.772424 0.444428 0.441625
2 0.474855 0.717957 0.636025 0.538496
0 0.398356 0.772404 0.351425 0.455192
0 0.577352 0.757722 0.295944 0.484556
2 0.9289 0.763213 0.1422 0.469889
4 0.156528 0.301872 0.312156 0.603744
4 0.0484949 0.777674 0.0969898 0.4418
4 0.0272929 0.699632 0.0545857 0.593976
1 0.641352 0.722798 0.677324 0.54591
0 0.557153 0.77678 0.392818 0.435956
4 0.681757 0.287451 0.636486 0.574901
1 0.335709 0.781564 0.527529 0.419321
0 0.172406 0.405847 0.332387 0.801339
4 0.918404 0.519962 0.163192 0.906313
4 0.290726 0.745468 0.544725 0.503014
3 0.0802629 0.52071 0.107626 0.166212
4 0.0293371 0.441086 0.0586742 0.726537
0 0.144344 0.812027 0.287038 0.358979
2 0.0919484 0.749059 0.183897 0.489273
2 0.757006 0.719025 0.485989 0.53135
0 0.0906534 0.317716 0.181307 0.600326
4 0.640269 0.518701 0.701374 0.956476
2 0.168349 0.466862 0.109912 0.242803
4 0.0342442 0.729844 0.0684885 0.538062
4 0.874327 0.284592 0.251345 0.569183
4 0.831655 0.158716 0.336691 0.317432
1 0.168349 0.466862 0.109912 0.242803
1 0.0949234 0.486904 0.105558 0.269827
2 0.685611 0.311612 0.628778 0.623224
4 0.0678895 0.428798 0.134474 0.779398
0 0.111023 0.26006 0.222046 0.503021
4 0.21036 0.634099 0.238778 0.326965
2 0.106157 0.82912 0.212314 0.34176
3 0.102551 0.841115 0.204986 0.302515
0 0.0678895 0.428798 0.134474 0.779398
0 0.767841 0.726248 0.453517 0.547505
4 0.0740924 0.742764 0.131445 0.486629
1 0.715662 0.752856 0.568676 0.480207
2 0.189269 0.275892 0.378537 0.551785
1 0.939084 0.767185 0.121832 0.46563
4 0.0712221 0.495468 0.121192 0.56959
4 0.790493 0.315468 0.419015 0.630935
2 0.591889 0.773763 0.557764 0.436348
2 0.636756 0.177849 0.726488 0.355698
1 0.260351 0.765732 0.500422 0.449132
2 0.596981 0.338784 0.806038 0.677568
2 0.620982 0.748493 0.344695 0.503015
0 0.318381 0.770786 0.356651 0.458428
2 0.0390898 0.824151 0.0781797 0.351698
2 0.147792 0.750899 0.293581 0.486895
1 0.159023 0.528384 0.104515 0.0695868
1 0.279102 0.501418 0.558205 0.997164
2 0.607122 0.713442 0.767096 0.552275
2 0.260114 0.506189 0.441438 0.978532
1 0.0318319 0.543626 0.0636638 0.691107
2 0.0272929 0.699632 0.0545857 0.593976
1 0.852022 0.30182 0.295957 0.58637
0 0.234112 0.788216 0.459843 0.408392
1 0.0416359 0.80715 0.0832718 0.373343
2 0.400927 0.676202 0.190976 0.546756
4 0.0802629 0.52071 0.107626 0.166212
0 0.190019 0.80112 0.370136 0.397761
1 0.557153 0.77678 0.392818 0.435956
1 0.932581 0.706345 0.134837 0.58499
2 0.831357 0.305906 0.337285 0.607237
2 0.21036 0.634099 0.238778 0.326965
2 0.808308 0.759506 0.383384 0.465801
2 0.326425 0.5 0.650022 1
2 0.0802629 0.52071 0.107626 0.166212
1 0.100165 0.527465 0.0971921 0.0774395
2 0.527074 0.764236 0.307154 0.471528
2 0.706599 0.734652 0.41773 0.530695
2 0.100165 0.527465 0.0971921 0.0774395
0 0.655946 0.312187 0.688108 0.614273
0 0.310623 0.783417 0.409863 0.421158
2 0.827827 0.732553 0.344345 0.534893
0 0.168456 0.535265 0.0962658 0.0465489
0 0.118535 0.533736 0.132251 0.0510827
0 0.0912814 0.534526 0.081846 0.0497328
0 0.761643 0.749644 0.476714 0.494977
0 0.171547 0.529723 0.0910581 0.0724903
0 0.0999608 0.527437 0.0967212 0.0774731
0 0.772698 0.65271 0.454603 0.681663
0 0.777789 0.499843 0.444422 0.999685
0 0.100841 0.598942 0.163907 0.19114
0 0.662954 0.718335 0.674092 0.558134
3 0.114376 0.394047 0.222795 0.76746
3 0.237173 0.453465 0.46864 0.903281
0 0.423795 0.271148 0.522279 0.533511
0 0.135198 0.585462 0.17081 0.164414
0 0.38668 0.730901 0.385451 0.516306
3 0.747472 0.454074 0.504376 0.882418
0 0.0965937 0.837286 0.193187 0.309406
3 0.09474 0.487156 0.105127 0.27003
0 0.432745 0.0336712 0.8251 0.0673425
0 0.180494 0.738298 0.35998 0.505042
3 0.817679 0.650913 0.364643 0.693948
4 0.761643 0.749644 0.476714 0.494977
0 0.152053 0.483948 0.121373 0.27666
3 0.332541 0.5 0.658669 1
0 0.447068 0.734758 0.550927 0.523372
0 0.847343 0.290576 0.305314 0.575066
0 0.09474 0.487156 0.105127 0.27003
3 0.171881 0.406397 0.331361 0.802162
3 0.0999608 0.527437 0.0967212 0.0774731
3 0.892123 0.733675 0.215755 0.532651
0 0.824639 0.763633 0.350721 0.472733
3 0.767293 0.726265 0.454648 0.547469
3 0.823924 0.750629 0.352153 0.498743
0 0.227167 0.0743993 0.454334 0.148799
0 0.0802718 0.520529 0.107553 0.165629
0 0.526856 0.0434492 0.946289 0.0868984
3 0.161091 0.262405 0.319057 0.506671
3 0.825527 0.503404 0.348946 0.993193
3 0.827739 0.732695 0.344522 0.534609
0 0.932241 0.707128 0.135517 0.583636
3 0.935719 0.761209 0.128563 0.477583
0 0.301573 0.0420221 0.603146 0.0840443
0 0.0319365 0.543572 0.0638731 0.68881
3 0.253268 0.773462 0.440849 0.453076
3 0.317553 0.583235 0.342431 0.809142
0 0.168427 0.46701 0.109733 0.242932
0 0.400898 0.67501 0.192101 0.550071
0 0.706427 0.61315 0.587145 0.770659
4 0.423795 0.271148 0.522279 0.533511
3 0.564003 0.502656 0.861426 0.994689
3 0.452776 0.769328 0.347132 0.461343
0 0.0274974 0.699714 0.0549948 0.593927
0 0.0740012 0.742718 0.13125 0.486602
3 0.946171 0.676763 0.107658 0.623081
3 0.62082 0.748598 0.346522 0.502804
4 0.758283 0.497334 0.483434 0.994668
0 0.0917026 0.749076 0.183405 0.48932
3 0.93903 0.767263 0.121939 0.465475
3 0.100841 0.598942 0.163907 0.19114
0 0.210417 0.633881 0.238558 0.326672
0 0.290946 0.745651 0.545245 0.502638
3 0.227167 0.0743993 0.454334 0.148799
3 0.526894 0.764307 0.308183 0.471386
0 0.411808 0.783114 0.49219 0.417668
3 0.823147 0.295916 0.353457 0.574669
3 0.706427 0.61315 0.587145 0.770659
4 0.648855 0.718638 0.70229 0.547185
3 0.790767 0.315775 0.418467 0.63155
4 0.152053 0.483948 0.121373 0.27666
3 0.409588 0.502483 0.442163 0.977749
0 0.93903 0.767263 0.121939 0.465475
3 0.190221 0.801076 0.370565 0.397849
3 0.648855 0.718638 0.70229 0.547185
3 0.0486587 0.777586 0.0973174 0.441942
4 0.932241 0.707128 0.135517 0.583636
3 0.359958 0.771982 0.34482 0.456036
4 0.772698 0.65271 0.454603 0.681663
4 0.847343 0.290576 0.305314 0.575066
3 0.251414 0.783239 0.490856 0.422164
3 0.171547 0.529723 0.0910581 0.0724903
3 0.148128 0.750904 0.294254 0.486985
3 0.0303867 0.68133 0.0607734 0.63272
0 0.593498 0.0976837 0.813005 0.195367
3 0.168427 0.46701 0.109733 0.242932
3 0.0327006 0.25785 0.0654012 0.5157
3 0.593498 0.0976837 0.813005 0.195367
3 0.474546 0.717895 0.636172 0.538573
3 0.656814 0.312172 0.686372 0.614054
3 0.522012 0.0323069 0.955977 0.0646138
4 0.168427 0.46701 0.109733 0.242932
0 0.317553 0.583235 0.342431 0.809142
0 0.551961 0.0665713 0.8828 0.133143
3 0.33834 0.0347423 0.674679 0.0694846
3 0.111217 0.260223 0.222434 0.503329
3 0.121355 0.266772 0.24271 0.533544
3 0.746355 0.760894 0.50418 0.463876
3 0.400898 0.67501 0.192101 0.550071
3 0.879589 0.287905 0.240823 0.552458
3 0.120641 0.830705 0.241282 0.338589
3 0.951079 0.564673 0.0978411 0.747447
0 0.437959 0.477071 0.539994 0.951685
3 0.0391857 0.823878 0.0783713 0.352245
3 0.831971 0.159568 0.336058 0.319136
0 0.529853 0.766309 0.591637 0.452899
3 0.374067 0.272929 0.603801 0.539779
3 0.431616 0.781671 0.446404 0.426411
0 0.259513 0.249221 0.502272 0.491545
4 0.159114 0.528385 0.10427 0.0695859
4 0.935719 0.761209 0.128563 0.477583
3 0.224501 0.282382 0.442445 0.564313
0 0.260813 0.506099 0.443164 0.9787
3 0.62288 0.772495 0.44915 0.441424
3 0.551961 0.0665713 0.8828 0.133143
4 0.93903 0.767263 0.121939 0.465475
4 0.892123 0.733675 0.215755 0.532651
3 0.876871 0.479155 0.246258 0.950595
1 0.826074 0.751927 0.347851 0.489523
0 0.0294062 0.441082 0.0588125 0.725388
3 0.918335 0.520062 0.163329 0.906177
3 0.338846 0.735263 0.442808 0.514807
3 0.488961 0.333873 0.862895 0.667746
0 0.831971 0.159568 0.336058 0.319136
4 0.210118 0.749678 0.417812 0.49218
4 0.237173 0.453465 0.46864 0.903281
3 0.0319365 0.543572 0.0638731 0.68881
1 0.438163 0.781803 0.54324 0.422772
4 0.593498 0.0976837 0.813005 0.195367
3 0.029404 0.385938 0.058808 0.713898
3 0.455696 0.328093 0.55852 0.652806
2 0.152053 0.483948 0.121373 0.27666
0 0.737695 0.303406 0.524609 0.606812
4 0.831086 0.503304 0.337827 0.993391
4 0.432745 0.0336712 0.8251 0.0673425
4 0.551961 0.0665713 0.8828 0.133143
3 0.285292 0.0568229 0.570584 0.113646
4 0.526856 0.0434492 0.946289 0.0868984
4 0.827739 0.732695 0.344522 0.534609
1 0.199334 0.799933 0.396681 0.38233
3 0.637058 0.179533 0.725884 0.359065
0 0.332696 0.266575 0.658036 0.533149
4 0.09474 0.487156 0.105127 0.27003
3 0.0678012 0.428956 0.134292 0.779267
1 0.152053 0.483948 0.121373 0.27666
0 0.951079 0.564673 0.0978411 0.747447
4 0.706427 0.61315 0.587145 0.770659
3 0.034508 0.729812 0.0690159 0.538109
0 0.637058 0.179533 0.725884 0.359065
0 0.491329 0.501187 0.705148 0.997626
4 0.465072 0.780781 0.55662 0.42489
4 0.474546 0.717895 0.636172 0.538573
2 0.126146 0.601068 0.197306 0.194388
0 0.639867 0.520437 0.701502 0.953186
4 0.767293 0.726265 0.454648 0.547469
0 0.034508 0.729812 0.0690159 0.538109
3 0.467762 0.26981 0.467366 0.527578
3 0.0917026 0.749076 0.183405 0.48932
4 0.150122 0.816928 0.298666 0.366144
4 0.309752 0.783309 0.412386 0.421414
0 0.529861 0.713265 0.77887 0.550341
1 0.108513 0.826924 0.217026 0.331553
4 0.0999608 0.527437 0.0967212 0.0774731
4 0.171881 0.406397 0.331361 0.802162
3 0.0904683 0.318855 0.180937 0.602581
4 0.227167 0.0743993 0.454334 0.148799
4 0.115391 0.8323 0.230543 0.317842
4 0.318032 0.770676 0.357436 0.458648
2 0.171547 0.529723 0.0910581 0.0724903
4 0.332541 0.5 0.658669 1
0 0.935719 0.761209 0.128563 0.477583
0 0.114376 0.394047 0.222795 0.76746
2 0.27745 0.738081 0.518995 0.505921
4 0.0391857 0.823878 0.0783713 0.352245
4 0.437959 0.477071 0.539994 0.951685
0 0.0712259 0.496344 0.121051 0.567161
3 0.135198 0.585462 0.17081 0.164414
0 0.0391857 0.823878 0.0783713 0.352245
4 0.148128 0.750904 0.294254 0.486985
4 0.332696 0.266575 0.658036 0.533149
4 0.108513 0.773967 0.217025 0.434908
4 0.228978 0.782932 0.446924 0.434136
4 0.491329 0.501187 0.705148 0.997626
3 0.210417 0.633881 0.238558 0.326672
4 0.452776 0.769328 0.347132 0.461343
1 0.171881 0.406397 0.331361 0.802162
4 0.951079 0.564673 0.0978411 0.747447
4 0.488961 0.333873 0.862895 0.667746
0 0.876871 0.479155 0.246258 0.950595
4 0.38668 0.730901 0.385451 0.516306
0 0.120641 0.830705 0.241282 0.338589
0 0.189849 0.262296 0.372884 0.51276
3 0.0712259 0.496344 0.121051 0.567161
0 0.0416882 0.807073 0.0833764 0.373521
4 0.824639 0.763633 0.350721 0.472733
0 0.121355 0.266772 0.24271 0.533544
4 0.526894 0.764307 0.308183 0.471386
0 0.827739 0.732695 0.344522 0.534609
0 0.892123 0.733675 0.215755 0.532651
4 0.22264 0.25652 0.433184 0.501334
4 0.400898 0.67501 0.192101 0.550071
4 0.62082 0.748598 0.346522 0.502804
4 0.121355 0.266772 0.24271 0.533544
4 0.301573 0.0420221 0.603146 0.0840443
0 0.874401 0.284398 0.251197 0.568796
0 0.0327006 0.25785 0.0654012 0.5157
4 0.114376 0.394047 0.222795 0.76746
3 0.517108 0.776024 0.547507 0.432754
1 0.529853 0.766309 0.591637 0.452899
3 0.0740012 0.742718 0.13125 0.486602
3 0.152053 0.483948 0.121373 0.27666
4 0.111217 0.260223 0.222434 0.503329
4 0.0296188 0.30366 0.0592375 0.607319
4 0.317553 0.583235 0.342431 0.809142
1 0.145348 0.811976 0.289016 0.359097
2 0.0740012 0.742718 0.13125 0.486602
4 0.0904683 0.318855 0.180937 0.602581
4 0.876871 0.479155 0.246258 0.950595
4 0.126146 0.601068 0.197306 0.194388
0 0.488961 0.333873 0.862895 0.667746
1 0.126146 0.601068 0.197306 0.194388
2 0.38668 0.730901 0.385451 0.516306
4 0.637058 0.179533 0.725884 0.359065
0 0.918335 0.520062 0.163329 0.906177
4 0.62288 0.772495 0.44915 0.441424
0 0.329571 0.500357 0.6564 0.999287
2 0.474546 0.717895 0.636172 0.538573
4 0.600856 0.498788 0.724716 0.993451
0 0.526894 0.764307 0.308183 0.471386
2 0.928478 0.76331 0.143044 0.469745
4 0.0486587 0.777586 0.0973174 0.441942
4 0.156429 0.302462 0.311978 0.604924
0 0.398465 0.772306 0.351605 0.455388
4 0.0274974 0.699714 0.0549948 0.593927
0 0.577126 0.757855 0.297259 0.484289
1 0.640928 0.722761 0.677402 0.546014
4 0.681964 0.287819 0.636072 0.575639
4 0.290946 0.745651 0.545245 0.502638
4 0.918335 0.520062 0.163329 0.906177
1 0.334057 0.781388 0.532032 0.419715
3 0.0802718 0.520529 0.107553 0.165629
4 0.0294062 0.441082 0.0588125 0.725388
2 0.757041 0.719405 0.485917 0.530513
2 0.0917026 0.749076 0.183405 0.48932
0 0.557652 0.776802 0.394934 0.435855
0 0.171881 0.406397 0.331361 0.802162
2 0.168427 0.46701 0.109733 0.242932
4 0.034508 0.729812 0.0690159 0.538109
0 0.145348 0.811976 0.289016 0.359097
0 0.0904683 0.318855 0.180937 0.602581
4 0.874401 0.284398 0.251197 0.568796
4 0.831971 0.159568 0.336058 0.319136
1 0.168427 0.46701 0.109733 0.242932
1 0.09474 0.487156 0.105127 0.27003
2 0.685969 0.311541 0.628062 0.623082
4 0.0319365 0.543572 0.0638731 0.68881
4 0.0678012 0.428956 0.134292 0.779267
4 0.210417 0.633881 0.238558 0.326672
3 0.102452 0.841102 0.204779 0.302541
2 0.106089 0.829032 0.212178 0.341935
0 0.111217 0.260223 0.222434 0.503329
4 0.0740012 0.742718 0.13125 0.486602
0 0.767293 0.726265 0.454648 0.547469
0 0.0678012 0.428956 0.134292 0.779267
1 0.715492 0.753425 0.569016 0.478977
2 0.188835 0.275796 0.37767 0.551592
1 0.93903 0.767263 0.121939 0.465475
4 0.0712259 0.496344 0.121051 0.567161
4 0.790767 0.315775 0.418467 0.63155
2 0.59238 0.773857 0.559816 0.436144
2 0.637058 0.179533 0.725884 0.359065
2 0.597535 0.338613 0.80493 0.677226
1 0.240816 0.744167 0.464774 0.490746
2 0.62082 0.748598 0.346522 0.502804
1 0.2791 0.501467 0.558199 0.997066
2 0.148128 0.750904 0.294254 0.486985
2 0.0391857 0.823878 0.0783713 0.352245
1 0.159114 0.528385 0.10427 0.0695859
2 0.605969 0.713369 0.768805 0.552423
2 0.260813 0.506099 0.443164 0.9787
1 0.0319365 0.543572 0.0638731 0.68881
2 0.0274974 0.699714 0.0549948 0.593927
1 0.852031 0.301815 0.295938 0.586405
1 0.0416882 0.807073 0.0833764 0.373521
0 0.318032 0.770676 0.357436 0.458648
2 0.400898 0.67501 0.192101 0.550071
4 0.0802718 0.520529 0.107553 0.165629
1 0.557652 0.776802 0.394934 0.435855
1 0.932241 0.707128 0.135517 0.583636
2 0.831526 0.305893 0.336947 0.60717
0 0.234195 0.788304 0.459998 0.408206
2 0.210417 0.633881 0.238558 0.326672
0 0.190221 0.801076 0.370565 0.397849
2 0.808364 0.759675 0.383273 0.465504
2 0.326512 0.5 0.65016 1
2 0.0802718 0.520529 0.107553 0.165629
1 0.0999608 0.527437 0.0967212 0.0774731
2 0.706776 0.73462 0.420632 0.53076
2 0.526894 0.764307 0.308183 0.471386
2 0.0999608 0.527437 0.0967212 0.0774731
2 0.827739 0.732695 0.344522 0.534609
2 0.359958 0.771982 0.34482 0.456036
