0 0.562713 0.596116 0.15275 0.155132
0 0.563632 0.565058 0.156561 0.212677
1 0.561824 0.596055 0.153888 0.150086
0 0.814339 0.762242 0.371322 0.462032
0 0.807164 0.258123 0.0342352 0.0493167
1 0.563632 0.565058 0.156561 0.212677
0 0.565953 0.500581 0.150929 0.35605
0 0.7403 0.638124 0.512717 0.226391
4 0.560976 0.594315 0.153884 0.160253
0 0.270025 0.758971 0.531128 0.459389
0 0.170984 0.762235 0.339656 0.456504
0 0.469735 0.582308 0.0744704 0.222219
0 0.807261 0.207671 0.0345335 0.168187
0 0.894153 0.201195 0.0307493 0.114526
3 0.890262 0.207296 0.0104864 0.067265
0 0.848397 0.254663 0.0997734 0.0472465
2 0.563268 0.567979 0.153413 0.205898
0 0.560617 0.750119 0.319549 0.466306
0 0.421094 0.716877 0.452353 0.401438
0 0.369037 0.754504 0.711162 0.477056
0 0.82062 0.828114 0.357075 0.332895
0 0.364109 0.848794 0.72008 0.289114
0 0.854604 0.214774 0.0815575 0.158908
4 0.556117 0.755418 0.887765 0.462017
0 0.709666 0.758952 0.580667 0.450786
0 0.59046 0.589442 0.197478 0.254462
4 0.369037 0.754504 0.711162 0.477056
0 0.102381 0.842781 0.204619 0.302826
0 0.495785 0.847612 0.49612 0.291249
0 0.846022 0.214349 0.116565 0.3441
0 0.881258 0.238272 0.0631046 0.082571
4 0.421094 0.716877 0.452353 0.401438
3 0.321581 0.840099 0.63592 0.319802
3 0.937275 0.699633 0.125451 0.600733
0 0.274057 0.611806 0.410958 0.350847
0 0.807501 0.66215 0.384999 0.675699
0 0.31963 0.620624 0.593477 0.264543
0 0.894849 0.149349 0.0352438 0.200037
3 0.641804 0.833922 0.710783 0.332157
3 0.231786 0.840569 0.449171 0.318863
3 0.776031 0.316924 0.0914486 0.41453
3 0.817378 0.82949 0.365244 0.34102
3 0.39513 0.383709 0.407254 0.760417
3 0.80884 0.657308 0.382321 0.685384
0 0.8066 0.321434 0.0533222 0.169439
3 0.894849 0.149349 0.0352438 0.200037
3 0.665185 0.36954 0.27429 0.641269
3 0.221461 0.415172 0.436076 0.830344
3 0.812503 0.214839 0.0671751 0.354868
3 0.158966 0.836763 0.306641 0.326474
3 0.337663 0.417662 0.431848 0.832575
0 0.746274 0.694596 0.507453 0.329759
3 0.830318 0.202213 0.243213 0.404425
3 0.916847 0.202841 0.166306 0.405683
3 0.923887 0.607379 0.152226 0.745419
0 0.812503 0.214839 0.0671751 0.354868
3 0.668926 0.251274 0.492694 0.502549
0 0.120084 0.771821 0.240168 0.440512
0 0.94092 0.820325 0.118159 0.359351
3 0.933642 0.25947 0.131075 0.223463
3 0.444123 0.342338 0.378465 0.679356
0 0.239414 0.671117 0.468517 0.326617
3 0.562249 0.502384 0.15966 0.376002
0 0.971832 0.260067 0.056336 0.291194
4 0.363263 0.846485 0.726526 0.293057
4 0.524585 0.753701 0.379523 0.478841
3 0.778449 0.285238 0.083551 0.126767
3 0.944648 0.363879 0.110704 0.484177
0 0.529613 0.608048 0.217232 0.192147
3 0.946491 0.198543 0.0854494 0.319178
3 0.634954 0.320922 0.430204 0.641844
3 0.941792 0.826498 0.116416 0.347003
3 0.931824 0.773412 0.136353 0.453176
3 0.585682 0.125368 0.580531 0.250736
3 0.807164 0.258123 0.0342352 0.0493167
2 0.369037 0.754504 0.711162 0.477056
3 0.523165 0.351811 0.325377 0.701166
0 0.943642 0.246105 0.0898518 0.210468
4 0.709666 0.758952 0.580667 0.450786
3 0.549958 0.385941 0.212911 0.603265
3 0.131385 0.471059 0.26277 0.938485
3 0.971832 0.260067 0.056336 0.291194
0 0.0816397 0.17235 0.163279 0.3447
4 0.604931 0.834345 0.691177 0.33131
0 0.478775 0.347768 0.338121 0.669674
3 0.615143 0.199537 0.56402 0.399075
4 0.803431 0.760279 0.393138 0.459296
3 0.0291585 0.773681 0.0583171 0.452638
3 0.172611 0.766466 0.342959 0.452852
0 0.0219164 0.665693 0.0438327 0.664123
3 0.741523 0.234004 0.388076 0.468008
3 0.634911 0.764145 0.730177 0.453502
3 0.587714 0.549324 0.225103 0.468273
3 0.846022 0.214349 0.116565 0.3441
3 0.894153 0.201195 0.0307493 0.114526
3 0.881258 0.238272 0.0631046 0.082571
3 0.274057 0.611806 0.410958 0.350847
3 0.605943 0.357929 0.311644 0.70764
3 0.33477 0.289434 0.450281 0.569186
3 0.522479 0.292853 0.457158 0.585706
1 0.562249 0.502384 0.15966 0.376002
3 0.545556 0.839317 0.535684 0.321365
3 0.953233 0.142886 0.0935348 0.285772
3 0.0816397 0.17235 0.163279 0.3447
3 0.8066 0.321434 0.0533222 0.169439
4 0.565953 0.500581 0.150929 0.35605
3 0.965167 0.173956 0.0696664 0.333905
3 0.517321 0.106402 0.615854 0.212804
3 0.365412 0.226375 0.572656 0.45275
3 0.592755 0.406863 0.250834 0.595468
3 0.943642 0.246105 0.0898518 0.210468
3 0.173659 0.335162 0.343084 0.670324
3 0.811918 0.771289 0.376163 0.457421
0 0.931824 0.773412 0.136353 0.453176
3 0.138262 0.201581 0.276523 0.40143
0 0.953233 0.142886 0.0935348 0.285772
3 0.193582 0.217643 0.387165 0.434403
3 0.681418 0.460258 0.253559 0.560586
4 0.270025 0.758971 0.531128 0.459389
4 0.845194 0.811414 0.309613 0.377171
0 0.648609 0.835079 0.687648 0.310682
3 0.803646 0.524 0.392709 0.428401
3 0.0219164 0.665693 0.0438327 0.664123
3 0.807261 0.207671 0.0345335 0.168187
0 0.62665 0.269454 0.54909 0.538909
3 0.754425 0.425026 0.170054 0.367315
3 0.31963 0.620624 0.593477 0.264543
3 0.0381644 0.298624 0.0763287 0.597247
3 0.0469148 0.252729 0.0938295 0.505459
0 0.944648 0.363879 0.110704 0.484177
4 0.927979 0.754649 0.144042 0.490702
3 0.486775 0.164707 0.631898 0.329414
4 0.941792 0.826498 0.116416 0.347003
3 0.236994 0.571707 0.44567 0.309008
3 0.848397 0.254663 0.0997734 0.0472465
4 0.231786 0.840569 0.449171 0.318863
0 0.847895 0.340544 0.245949 0.222409
3 0.402398 0.252719 0.414247 0.504683
0 0.236994 0.571707 0.44567 0.309008
3 0.220355 0.294483 0.429623 0.581671
3 0.746998 0.74738 0.506004 0.427981
4 0.648609 0.835079 0.687648 0.310682
0 0.941792 0.826498 0.116416 0.347003
3 0.94092 0.820325 0.118159 0.359351
3 0.0624963 0.209031 0.124993 0.418062
4 0.321581 0.840099 0.63592 0.319802
0 0.933642 0.25947 0.131075 0.223463
3 0.524585 0.753701 0.379523 0.478841
3 0.46534 0.501796 0.0642841 0.248506
3 0.0309614 0.814885 0.0619228 0.370229
3 0.779285 0.587775 0.441429 0.528786
3 0.449032 0.843104 0.588059 0.313793
0 0.916847 0.202841 0.166306 0.405683
3 0.529613 0.608048 0.217232 0.192147
3 0.284259 0.213064 0.502021 0.426128
0 0.553545 0.104344 0.578691 0.208687
3 0.146309 0.667719 0.287486 0.664561
0 0.027778 0.728233 0.055556 0.543534
0 0.549958 0.385941 0.212911 0.603265
3 0.0968006 0.766225 0.193601 0.456201
2 0.807164 0.258123 0.0342352 0.0493167
4 0.449032 0.843104 0.588059 0.313793
3 0.0208359 0.371417 0.0416718 0.731252
0 0.741523 0.234004 0.388076 0.468008
3 0.240793 0.649849 0.475893 0.284743
4 0.797022 0.834087 0.405956 0.331825
0 0.587714 0.549324 0.225103 0.468273
3 0.260764 0.233704 0.474921 0.467408
0 0.46534 0.501796 0.0642841 0.248506
0 0.402398 0.252719 0.414247 0.504683
0 0.556117 0.755418 0.887765 0.462017
3 0.854604 0.214774 0.0815575 0.158908
3 0.0162174 0.450352 0.0324348 0.755089
0 0.322362 0.432334 0.324512 0.808083
0 0.937275 0.699633 0.125451 0.600733
0 0.830318 0.202213 0.243213 0.404425
0 0.0260519 0.811522 0.0521039 0.376956
0 0.255792 0.217897 0.460706 0.435794
3 0.119546 0.839203 0.237291 0.312083
4 0.80884 0.657308 0.382321 0.685384
3 0.334119 0.758447 0.636971 0.473777
0 0.0158837 0.549249 0.0317674 0.75663
0 0.965167 0.173956 0.0696664 0.333905
3 0.0707978 0.739417 0.141596 0.465612
0 0.803646 0.524 0.392709 0.428401
0 0.845194 0.811414 0.309613 0.377171
0 0.142651 0.208314 0.285302 0.416629
0 0.441926 0.237883 0.599507 0.475766
0 0.109905 0.825722 0.219811 0.348555
0 0.486775 0.164707 0.631898 0.329414
3 0.23435 0.729041 0.456155 0.447756
4 0.158966 0.836763 0.306641 0.326474
2 0.8066 0.321434 0.0533222 0.169439
3 0.847895 0.340544 0.245949 0.222409
4 0.59046 0.589442 0.197478 0.254462
3 0.7403 0.638124 0.512717 0.226391
4 0.94092 0.820325 0.118159 0.359351
3 0.736943 0.659701 0.492997 0.531284
4 0.940216 0.629255 0.119569 0.535962
4 0.478775 0.347768 0.338121 0.669674
4 0.0309614 0.814885 0.0619228 0.370229
2 0.448772 0.842298 0.595444 0.295553
4 0.120084 0.771821 0.240168 0.440512
2 0.807261 0.207671 0.0345335 0.168187
4 0.0816397 0.17235 0.163279 0.3447
0 0.778449 0.285238 0.083551 0.126767
3 0.558996 0.81736 0.877674 0.34599
0 0.754425 0.425026 0.170054 0.367315
2 0.560617 0.750119 0.319549 0.466306
3 0.59046 0.589442 0.197478 0.254462
3 0.212107 0.664932 0.414096 0.646657
4 0.923887 0.607379 0.152226 0.745419
0 0.93517 0.563482 0.129659 0.873036
4 0.807261 0.207671 0.0345335 0.168187
0 0.111474 0.166656 0.222948 0.333312
3 0.111474 0.166656 0.222948 0.333312
0 0.0624963 0.209031 0.124993 0.418062
4 0.556297 0.845691 0.441255 0.291584
3 0.0579246 0.64924 0.115849 0.548067
4 0.0624963 0.209031 0.124993 0.418062
0 0.0309614 0.814885 0.0619228 0.370229
0 0.193841 0.229611 0.387682 0.459223
2 0.854604 0.214774 0.0815575 0.158908
3 0.072383 0.459716 0.144766 0.881659
3 0.233008 0.808539 0.458856 0.376391
4 0.549958 0.385941 0.212911 0.603265
4 0.812503 0.214839 0.0671751 0.354868
0 0.545556 0.839317 0.535684 0.321365
4 0.172611 0.766466 0.342959 0.452852
3 0.0965141 0.194583 0.193028 0.379728
2 0.421094 0.716877 0.452353 0.401438
4 0.0193288 0.627658 0.0386577 0.724723
4 0.953233 0.142886 0.0935348 0.285772
4 0.0469148 0.252729 0.0938295 0.505459
0 0.254113 0.406596 0.445016 0.813192
4 0.109905 0.825722 0.219811 0.348555
0 0.0208359 0.371417 0.0416718 0.731252
4 0.0260519 0.811522 0.0521039 0.376956
2 0.577159 0.602627 0.186431 0.157824
4 0.0381644 0.298624 0.0763287 0.597247
4 0.894849 0.149349 0.0352438 0.200037
4 0.191996 0.33674 0.378609 0.673479
2 0.754425 0.425026 0.170054 0.367315
0 0.0469148 0.252729 0.0938295 0.505459
2 0.815571 0.768595 0.368859 0.448595
4 0.027778 0.728233 0.055556 0.543534
4 0.0965141 0.194583 0.193028 0.379728
1 0.832478 0.816344 0.335043 0.367312
4 0.0208359 0.371417 0.0416718 0.731252
4 0.807164 0.258123 0.0342352 0.0493167
4 0.0162174 0.450352 0.0324348 0.755089
4 0.965167 0.173956 0.0696664 0.333905
4 0.944648 0.363879 0.110704 0.484177
4 0.111474 0.166656 0.222948 0.333312
4 0.429095 0.255789 0.404458 0.511577
2 0.803646 0.524 0.392709 0.428401
4 0.62665 0.269454 0.54909 0.538909
4 0.0707978 0.739417 0.141596 0.465612
4 0.102381 0.842781 0.204619 0.302826
4 0.217456 0.227769 0.418876 0.455537
0 0.634954 0.320922 0.430204 0.641844
2 0.31963 0.620624 0.593477 0.264543
2 0.779285 0.587775 0.441429 0.528786
2 0.848397 0.254663 0.0997734 0.0472465
1 0.226415 0.764352 0.447769 0.459681
4 0.585682 0.125368 0.580531 0.250736
4 0.971832 0.260067 0.056336 0.291194
0 0.0965141 0.194583 0.193028 0.379728
0 0.604095 0.832305 0.785145 0.335389
4 0.830318 0.202213 0.243213 0.404425
0 0.946491 0.198543 0.0854494 0.319178
0 0.779285 0.587775 0.441429 0.528786
0 0.605943 0.357929 0.311644 0.70764
3 0.787691 0.836112 0.422583 0.318827
4 0.916847 0.202841 0.166306 0.405683
4 0.291427 0.402896 0.410646 0.801589
4 0.239414 0.671117 0.468517 0.326617
4 0.847895 0.340544 0.245949 0.222409
2 0.681418 0.460258 0.253559 0.560586
3 0.469735 0.582308 0.0744704 0.222219
4 0.233008 0.808539 0.458856 0.376391
0 0.233008 0.808539 0.458856 0.376391
4 0.517321 0.106402 0.615854 0.212804
2 0.529613 0.608048 0.217232 0.192147
0 0.0707978 0.739417 0.141596 0.465612
3 0.0819533 0.287502 0.163907 0.565827
2 0.239414 0.671117 0.468517 0.326617
4 0.634954 0.320922 0.430204 0.641844
4 0.399508 0.350476 0.423365 0.700952
2 0.811536 0.578331 0.375083 0.785764
4 0.136551 0.326201 0.272217 0.652402
4 0.587714 0.549324 0.225103 0.468273
4 0.486775 0.164707 0.631898 0.329414
4 0.933642 0.25947 0.131075 0.223463
0 0.255989 0.286384 0.492375 0.565176
0 0.764771 0.837925 0.470457 0.324151
0 0.39513 0.383709 0.407254 0.760417
2 0.846022 0.214349 0.116565 0.3441
4 0.741523 0.234004 0.388076 0.468008
4 0.894153 0.201195 0.0307493 0.114526
0 0.562709 0.596122 0.152754 0.155097
0 0.563655 0.565093 0.156563 0.212571
1 0.561841 0.596056 0.153916 0.150059
0 0.814297 0.762267 0.371406 0.461996
1 0.563655 0.565093 0.156563 0.212571
0 0.80717 0.258089 0.0342243 0.0492748
0 0.565993 0.500674 0.15086 0.355893
0 0.740116 0.636496 0.512419 0.223176
4 0.560993 0.594317 0.153881 0.160276
0 0.269754 0.758995 0.530532 0.45945
0 0.170789 0.762204 0.339274 0.456593
0 0.469567 0.581468 0.0736561 0.220306
0 0.807269 0.207631 0.0344971 0.167873
0 0.894176 0.201065 0.0307516 0.114255
3 0.890264 0.207285 0.0104506 0.0672559
0 0.84839 0.254646 0.0998074 0.0472069
2 0.563272 0.568024 0.1534 0.205787
0 0.561039 0.75027 0.318317 0.466523
0 0.420423 0.716588 0.453634 0.400847
0 0.369033 0.754547 0.710712 0.47704
0 0.820634 0.828386 0.35703 0.33237
0 0.854654 0.21467 0.0815186 0.158611
0 0.36403 0.848858 0.720003 0.289096
4 0.555894 0.755455 0.888211 0.461971
0 0.70845 0.758986 0.5831 0.450704
4 0.369033 0.754547 0.710712 0.47704
0 0.59042 0.58925 0.197151 0.253926
4 0.420423 0.716588 0.453634 0.400847
3 0.321045 0.840569 0.634663 0.318862
0 0.102642 0.842884 0.205139 0.302621
0 0.496328 0.847654 0.494744 0.291276
0 0.846234 0.214017 0.116112 0.343247
0 0.881269 0.238209 0.0631992 0.0826531
3 0.937244 0.699564 0.125513 0.600872
0 0.273471 0.610722 0.411945 0.348485
0 0.807564 0.662114 0.384872 0.675773
0 0.894877 0.149269 0.0352158 0.199684
0 0.319303 0.619651 0.592501 0.261502
3 0.641743 0.834143 0.710917 0.331713
3 0.230848 0.840698 0.447352 0.318603
3 0.776112 0.316573 0.091258 0.413323
3 0.817425 0.829644 0.36515 0.340713
3 0.808829 0.657032 0.382342 0.685936
3 0.39472 0.38308 0.405542 0.758947
3 0.894877 0.149269 0.0352158 0.199684
3 0.221389 0.413103 0.43589 0.826205
3 0.665765 0.369892 0.272482 0.640248
3 0.812495 0.214534 0.0669258 0.354151
0 0.806608 0.321425 0.0532539 0.169493
3 0.158661 0.836901 0.306159 0.326198
3 0.831 0.201718 0.241493 0.403436
3 0.336553 0.416878 0.430032 0.830816
3 0.917565 0.202645 0.164871 0.405291
3 0.923942 0.607273 0.152117 0.744957
3 0.669132 0.250973 0.491572 0.501946
0 0.746308 0.692248 0.507383 0.324909
3 0.933703 0.259079 0.130928 0.222722
3 0.444431 0.342441 0.377473 0.679321
0 0.812495 0.214534 0.0669258 0.354151
0 0.120319 0.771758 0.240639 0.440634
3 0.562287 0.50245 0.15961 0.375722
0 0.239364 0.66838 0.468362 0.319956
0 0.940921 0.820406 0.118158 0.359188
4 0.363202 0.846562 0.726404 0.292982
4 0.524527 0.753751 0.378869 0.478849
3 0.778505 0.284837 0.0834398 0.125916
3 0.944978 0.364197 0.110044 0.484794
3 0.946652 0.198233 0.0849621 0.318326
0 0.972172 0.259908 0.0556551 0.29044
3 0.635099 0.3208 0.429403 0.641599
3 0.941817 0.826515 0.116366 0.34697
0 0.529586 0.607876 0.21712 0.191746
3 0.931805 0.773429 0.13639 0.453142
3 0.523402 0.351974 0.325219 0.701578
3 0.585394 0.12559 0.580115 0.25118
3 0.80717 0.258089 0.0342243 0.0492748
2 0.369033 0.754547 0.710712 0.47704
4 0.70845 0.758986 0.5831 0.450704
3 0.550222 0.387064 0.212326 0.601037
3 0.131213 0.469852 0.262427 0.935973
3 0.972172 0.259908 0.0556551 0.29044
0 0.943788 0.245609 0.0895227 0.209419
4 0.605399 0.834416 0.690687 0.331168
4 0.803606 0.760317 0.392788 0.459226
3 0.615083 0.200486 0.56327 0.400972
3 0.172523 0.766451 0.342796 0.452989
3 0.0295317 0.773675 0.0590635 0.452649
3 0.742221 0.233772 0.38631 0.467544
0 0.0815962 0.17165 0.163192 0.3433
3 0.633064 0.764149 0.733872 0.453528
3 0.587673 0.549237 0.224922 0.468024
3 0.846234 0.214017 0.116112 0.343247
3 0.894176 0.201065 0.0307516 0.114255
3 0.881269 0.238209 0.0631992 0.0826531
3 0.605986 0.358042 0.311208 0.707662
3 0.273471 0.610722 0.411945 0.348485
0 0.479294 0.347883 0.336962 0.669484
3 0.334611 0.289757 0.447622 0.569627
0 0.0220489 0.666155 0.0440979 0.663364
3 0.522282 0.293553 0.456942 0.587106
3 0.546263 0.839335 0.534239 0.32133
1 0.562287 0.50245 0.15961 0.375722
3 0.953521 0.142843 0.0929588 0.285686
3 0.0815962 0.17165 0.163192 0.3433
3 0.806608 0.321425 0.0532539 0.169493
4 0.565993 0.500674 0.15086 0.355893
3 0.965466 0.173783 0.069067 0.333215
3 0.517164 0.10557 0.615146 0.211141
3 0.365979 0.224312 0.574562 0.448625
3 0.592893 0.408332 0.250282 0.5926
3 0.943788 0.245609 0.0895227 0.209419
3 0.173197 0.335155 0.342185 0.670311
3 0.811901 0.77128 0.376198 0.457439
3 0.137707 0.201793 0.275414 0.40182
3 0.193567 0.218003 0.387135 0.434956
3 0.681553 0.461029 0.252667 0.559045
4 0.269754 0.758995 0.530532 0.45945
4 0.845268 0.811491 0.309464 0.377018
0 0.931805 0.773429 0.13639 0.453142
0 0.953521 0.142843 0.0929588 0.285686
3 0.803728 0.523613 0.392543 0.428089
3 0.0220489 0.666155 0.0440979 0.663364
3 0.807269 0.207631 0.0344971 0.167873
0 0.649611 0.835374 0.685536 0.310143
3 0.754693 0.42491 0.16919 0.367028
3 0.319303 0.619651 0.592501 0.261502
3 0.0382806 0.29853 0.0765611 0.59706
3 0.0471001 0.252309 0.0942003 0.504618
4 0.604955 0.833684 0.788718 0.323238
4 0.9279 0.754619 0.144201 0.490763
3 0.486899 0.16136 0.631098 0.32272
0 0.626583 0.269742 0.548429 0.539485
4 0.941817 0.826515 0.116366 0.34697
3 0.237017 0.571316 0.445805 0.307619
3 0.84839 0.254646 0.0998074 0.0472069
4 0.230848 0.840698 0.447352 0.318603
0 0.944978 0.364197 0.110044 0.484794
3 0.402507 0.253939 0.41397 0.507096
3 0.220066 0.295075 0.428839 0.582631
3 0.747212 0.745752 0.505576 0.424513
3 0.0627024 0.208939 0.125405 0.417877
3 0.940921 0.820406 0.118158 0.359188
0 0.847964 0.340585 0.246522 0.222503
4 0.321045 0.840569 0.634663 0.318862
0 0.237017 0.571316 0.445805 0.307619
3 0.524527 0.753751 0.378869 0.478849
3 0.465213 0.501267 0.0636366 0.246013
3 0.0311363 0.814888 0.0622726 0.370224
0 0.941817 0.826515 0.116366 0.34697
0 0.933703 0.259079 0.130928 0.222722
3 0.779445 0.587246 0.44111 0.528129
3 0.449383 0.843149 0.587151 0.313702
3 0.529586 0.607876 0.21712 0.191746
3 0.284479 0.211048 0.501602 0.422096
3 0.146124 0.670429 0.287005 0.659141
3 0.0971513 0.766223 0.194303 0.45633
2 0.80717 0.258089 0.0342243 0.0492748
4 0.449383 0.843149 0.587151 0.313702
3 0.020732 0.371368 0.041464 0.731027
4 0.797129 0.834248 0.405742 0.331504
0 0.917565 0.202645 0.164871 0.405291
0 0.553258 0.104244 0.578197 0.208489
0 0.550222 0.387064 0.212326 0.601037
0 0.0280512 0.72819 0.0561025 0.54362
3 0.260734 0.234366 0.472773 0.468732
0 0.742221 0.233772 0.38631 0.467544
3 0.01609 0.450247 0.0321801 0.751906
3 0.854654 0.21467 0.0815186 0.158611
0 0.587673 0.549237 0.224922 0.468024
0 0.465213 0.501267 0.0636366 0.246013
3 0.119554 0.839393 0.237317 0.311734
0 0.402507 0.253939 0.41397 0.507096
3 0.334103 0.75849 0.636791 0.473659
4 0.808829 0.657032 0.382342 0.685936
3 0.0708494 0.739585 0.141699 0.465893
0 0.322582 0.432042 0.323405 0.802027
0 0.831 0.201718 0.241493 0.403436
0 0.555894 0.755455 0.888211 0.461971
0 0.937244 0.699564 0.125513 0.600872
0 0.026294 0.811633 0.0525879 0.376733
0 0.256244 0.216214 0.460474 0.432428
0 0.0158427 0.550573 0.0316854 0.753338
0 0.965466 0.173783 0.069067 0.333215
0 0.803728 0.523613 0.392543 0.428089
3 0.234267 0.728295 0.456031 0.444672
0 0.845268 0.811491 0.309464 0.377018
0 0.442439 0.236318 0.600608 0.472636
0 0.142535 0.207796 0.285071 0.415593
0 0.11001 0.825799 0.22002 0.348402
0 0.486899 0.16136 0.631098 0.32272
4 0.158661 0.836901 0.306159 0.326198
2 0.806608 0.321425 0.0532539 0.169493
3 0.847964 0.340585 0.246522 0.222503
4 0.59042 0.58925 0.197151 0.253926
3 0.740116 0.636496 0.512419 0.223176
4 0.940921 0.820406 0.118158 0.359188
3 0.736874 0.658461 0.492268 0.527222
4 0.940262 0.628742 0.119476 0.535104
4 0.479294 0.347883 0.336962 0.669484
2 0.449706 0.842319 0.593277 0.295651
4 0.0311363 0.814888 0.0622726 0.370224
4 0.120319 0.771758 0.240639 0.440634
4 0.0815962 0.17165 0.163192 0.3433
2 0.807269 0.207631 0.0344971 0.167873
3 0.559451 0.818686 0.876695 0.343378
0 0.778505 0.284837 0.0834398 0.125916
2 0.561039 0.75027 0.318317 0.466523
3 0.59042 0.58925 0.197151 0.253926
3 0.21221 0.665523 0.414189 0.64139
4 0.923942 0.607273 0.152117 0.744957
4 0.807269 0.207631 0.0344971 0.167873
3 0.111395 0.165958 0.22279 0.331916
0 0.754693 0.42491 0.16919 0.367028
4 0.556826 0.84577 0.440741 0.291517
3 0.0576268 0.649582 0.115254 0.544243
4 0.0627024 0.208939 0.125405 0.417877
0 0.935242 0.563536 0.129516 0.872928
0 0.111395 0.165958 0.22279 0.331916
0 0.0627024 0.208939 0.125405 0.417877
3 0.232728 0.810368 0.458329 0.372784
3 0.0719563 0.459026 0.143913 0.878945
2 0.854654 0.21467 0.0815186 0.158611
4 0.550222 0.387064 0.212326 0.601037
0 0.193869 0.229201 0.387739 0.458402
4 0.812495 0.214534 0.0669258 0.354151
0 0.0311363 0.814888 0.0622726 0.370224
4 0.172523 0.766451 0.342796 0.452989
3 0.0957675 0.19466 0.191535 0.379897
2 0.420423 0.716588 0.453634 0.400847
4 0.01938 0.628084 0.0387599 0.724051
4 0.953521 0.142843 0.0929588 0.285686
4 0.0471001 0.252309 0.0942003 0.504618
0 0.546263 0.839335 0.534239 0.32133
4 0.11001 0.825799 0.22002 0.348402
4 0.026294 0.811633 0.0525879 0.376733
2 0.577057 0.602533 0.186272 0.15762
4 0.0382806 0.29853 0.0765611 0.59706
0 0.254124 0.405 0.444616 0.81
4 0.894877 0.149269 0.0352158 0.199684
4 0.191791 0.336828 0.378177 0.673656
2 0.754693 0.42491 0.16919 0.367028
0 0.020732 0.371368 0.041464 0.731027
4 0.0280512 0.72819 0.0561025 0.54362
4 0.0957675 0.19466 0.191535 0.379897
2 0.815534 0.768605 0.368931 0.448692
4 0.020732 0.371368 0.041464 0.731027
1 0.832498 0.816438 0.335005 0.367124
4 0.80717 0.258089 0.0342243 0.0492748
4 0.01609 0.450247 0.0321801 0.751906
4 0.965466 0.173783 0.069067 0.333215
0 0.0471001 0.252309 0.0942003 0.504618
4 0.944978 0.364197 0.110044 0.484794
4 0.111395 0.165958 0.22279 0.331916
2 0.803728 0.523613 0.392543 0.428089
4 0.429625 0.257201 0.40381 0.514403
4 0.626583 0.269742 0.548429 0.539485
4 0.0708494 0.739585 0.141699 0.465893
4 0.102642 0.842884 0.205139 0.302621
4 0.217413 0.228143 0.418324 0.456286
2 0.319303 0.619651 0.592501 0.261502
2 0.779445 0.587246 0.44111 0.528129
1 0.226325 0.764334 0.447599 0.459824
2 0.84839 0.254646 0.0998074 0.0472069
4 0.585394 0.12559 0.580115 0.25118
4 0.972172 0.259908 0.0556551 0.29044
4 0.831 0.201718 0.241493 0.403436
0 0.635099 0.3208 0.429403 0.641599
3 0.787799 0.836462 0.42237 0.318164
4 0.917565 0.202645 0.164871 0.405291
4 0.291072 0.402044 0.40891 0.799735
4 0.239364 0.66838 0.468362 0.319956
0 0.0957675 0.19466 0.191535 0.379897
4 0.847964 0.340585 0.246522 0.222503
2 0.681553 0.461029 0.252667 0.559045
4 0.232728 0.810368 0.458329 0.372784
0 0.604038 0.832509 0.785201 0.334981
0 0.946652 0.198233 0.0849621 0.318326
3 0.469567 0.581468 0.0736561 0.220306
4 0.517164 0.10557 0.615146 0.211141
0 0.779445 0.587246 0.44111 0.528129
2 0.529586 0.607876 0.21712 0.191746
0 0.605986 0.358042 0.311208 0.707662
3 0.0818064 0.287145 0.163613 0.565035
4 0.39949 0.350409 0.422803 0.700818
4 0.635099 0.3208 0.429403 0.641599
2 0.239364 0.66838 0.468362 0.319956
2 0.81165 0.577926 0.374873 0.78473
0 0.232728 0.810368 0.458329 0.372784
4 0.136158 0.326177 0.271456 0.652355
0 0.0708494 0.739585 0.141699 0.465893
4 0.587673 0.549237 0.224922 0.468024
4 0.486899 0.16136 0.631098 0.32272
4 0.933703 0.259079 0.130928 0.222722
2 0.846234 0.214017 0.116112 0.343247
4 0.742221 0.233772 0.38631 0.467544
4 0.894176 0.201065 0.0307516 0.114255
0 0.255583 0.286549 0.489915 0.565298
4 0.846234 0.214017 0.116112 0.343247
2 0.226325 0.764334 0.447599 0.459824
4 0.740116 0.636496 0.512419 0.223176
