0 0.0631619 0.754453 0.124132 0.379653
0 0.505235 0.678848 0.0729288 0.282185
1 0.0632364 0.754351 0.124458 0.38513
1 0.505235 0.678848 0.0729288 0.282185
0 0.507667 0.590018 0.0703207 0.240119
0 0.120939 0.769684 0.241878 0.400872
0 0.802167 0.77566 0.395666 0.438073
0 0.519828 0.675989 0.0704136 0.28676
2 0.505235 0.678848 0.0729288 0.282185
0 0.529332 0.610856 0.0562584 0.278338
0 0.51702 0.698792 0.0945651 0.339264
0 0.465187 0.511084 0.0614577 0.0819583
4 0.0636938 0.755985 0.125439 0.356637
3 0.767456 0.503672 0.397972 0.952523
0 0.345362 0.762627 0.389726 0.449243
2 0.0624277 0.750551 0.122542 0.355258
3 0.54202 0.462642 0.412168 0.915632
0 0.433059 0.518212 0.0954711 0.113582
4 0.505794 0.676358 0.072226 0.290464
0 0.421875 0.756792 0.211862 0.486417
3 0.0659633 0.696504 0.127601 0.502578
3 0.635621 0.462509 0.388265 0.802061
3 0.887082 0.755725 0.225837 0.477323
0 0.0677931 0.663167 0.135586 0.558287
3 0.936738 0.660406 0.126524 0.425089
0 0.644183 0.755931 0.318268 0.460225
0 0.591017 0.745639 0.238338 0.430502
3 0.638252 0.762893 0.315473 0.468769
4 0.121478 0.783578 0.242956 0.432843
3 0.634349 0.350381 0.602648 0.691865
4 0.0627071 0.774923 0.125414 0.450153
3 0.091633 0.488445 0.183266 0.944581
0 0.458974 0.456755 0.0552523 0.187884
3 0.336752 0.708455 0.266836 0.576887
0 0.0627071 0.774923 0.125414 0.450153
3 0.774859 0.756584 0.44847 0.486831
3 0.121478 0.783578 0.242956 0.432843
0 0.409115 0.69567 0.260128 0.332499
3 0.542439 0.308 0.414765 0.603453
3 0.355051 0.759684 0.3718 0.480631
3 0.888936 0.480764 0.222128 0.957651
3 0.209828 0.513017 0.407374 0.973965
0 0.759777 0.730164 0.480445 0.519657
3 0.835114 0.7645 0.329773 0.469933
3 0.571223 0.760847 0.185186 0.46528
3 0.823984 0.485933 0.278603 0.949886
3 0.458974 0.456755 0.0552523 0.187884
3 0.575341 0.742364 0.327584 0.515271
3 0.47585 0.676551 0.126155 0.294126
3 0.451693 0.460587 0.278989 0.896917
3 0.164423 0.783624 0.268066 0.432753
3 0.935717 0.831128 0.128565 0.337744
0 0.47585 0.676551 0.126155 0.294126
4 0.0659633 0.696504 0.127601 0.502578
3 0.291447 0.441946 0.418124 0.865752
4 0.80583 0.764114 0.388339 0.456764
3 0.304195 0.517292 0.276794 0.947748
3 0.298204 0.325309 0.542102 0.64018
0 0.195419 0.116535 0.390837 0.23307
3 0.743471 0.360477 0.428446 0.678917
3 0.422537 0.334865 0.559487 0.657596
3 0.472443 0.740823 0.274615 0.518354
3 0.352305 0.492874 0.321661 0.950233
3 0.402161 0.033571 0.804322 0.067142
0 0.091633 0.488445 0.183266 0.944581
3 0.533388 0.550081 0.0742378 0.419777
3 0.577946 0.0559076 0.801089 0.111815
0 0.290022 0.752489 0.523316 0.481894
3 0.23817 0.736551 0.454384 0.495148
0 0.393453 0.0366132 0.764011 0.0732264
3 0.105066 0.371454 0.209895 0.705261
3 0.292112 0.77998 0.399254 0.440039
3 0.465187 0.511084 0.0614577 0.0819583
3 0.195419 0.116535 0.390837 0.23307
0 0.937136 0.832497 0.125729 0.335007
3 0.770624 0.143483 0.458752 0.286967
3 0.323751 0.0661666 0.647501 0.132333
3 0.740599 0.74267 0.50122 0.504584
0 0.0675997 0.559843 0.135199 0.780233
3 0.421875 0.756792 0.211862 0.486417
2 0.519828 0.675989 0.0704136 0.28676
2 0.354247 0.757004 0.36934 0.434162
3 0.722836 0.219082 0.554328 0.438165
3 0.0625123 0.783155 0.122881 0.43369
4 0.552304 0.3117 0.404787 0.610204
0 0.552304 0.3117 0.404787 0.610204
3 0.107666 0.733227 0.214078 0.439491
3 0.519828 0.675989 0.0704136 0.28676
0 0.547769 0.101864 0.904463 0.203728
3 0.032697 0.320603 0.065394 0.641206
0 0.632037 0.0831698 0.735927 0.16634
3 0.937136 0.832497 0.125729 0.335007
3 0.529332 0.610856 0.0562584 0.278338
0 0.366463 0.0633788 0.732926 0.126758
2 0.591017 0.745639 0.238338 0.430502
3 0.323889 0.191539 0.647778 0.383078
3 0.0445779 0.41258 0.0891558 0.825159
3 0.170188 0.707637 0.340376 0.536743
3 0.5068 0.565626 0.0854325 0.447043
3 0.433059 0.518212 0.0954711 0.113582
3 0.40625 0.744067 0.321196 0.511866
3 0.573452 0.763644 0.303553 0.454126
0 0.265038 0.0828301 0.530076 0.16566
4 0.88768 0.781861 0.224641 0.436278
4 0.591017 0.745639 0.238338 0.430502
0 0.585271 0.0545768 0.829458 0.109154
3 0.427289 0.503772 0.0887526 0.2821
0 0.5068 0.565626 0.0854325 0.447043
4 0.290022 0.752489 0.523316 0.481894
4 0.935717 0.831128 0.128565 0.337744
3 0.982702 0.640225 0.0345957 0.260223
3 0.632037 0.0831698 0.735927 0.16634
0 0.626056 0.751659 0.302868 0.496681
1 0.507667 0.590018 0.0703207 0.240119
4 0.107666 0.733227 0.214078 0.439491
3 0.936468 0.280475 0.127063 0.560607
3 0.167436 0.378127 0.328411 0.717204
3 0.78978 0.279906 0.42044 0.559812
4 0.774859 0.756584 0.44847 0.486831
0 0.67086 0.215053 0.65828 0.430106
1 0.112437 0.74593 0.224874 0.422192
3 0.942488 0.741819 0.115025 0.514359
0 0.794629 0.102004 0.410742 0.204008
3 0.988871 0.536213 0.022258 0.140811
3 0.435654 0.0713733 0.799445 0.142747
0 0.942488 0.741819 0.115025 0.514359
3 0.214185 0.323404 0.421218 0.636301
0 0.814782 0.765786 0.370436 0.468428
0 0.569802 0.672234 0.147769 0.40948
3 0.852633 0.192317 0.294733 0.384634
0 0.988871 0.536213 0.022258 0.140811
3 0.569802 0.672234 0.147769 0.40948
3 0.554597 0.467214 0.26687 0.689628
3 0.87989 0.309432 0.240219 0.618863
0 0.770624 0.143483 0.458752 0.286967
3 0.228308 0.105203 0.456617 0.210407
3 0.794629 0.102004 0.410742 0.204008
3 0.964821 0.392068 0.0703586 0.547756
4 0.575341 0.742364 0.327584 0.515271
0 0.427289 0.503772 0.0887526 0.2821
4 0.507667 0.590018 0.0703207 0.240119
3 0.838842 0.30814 0.233937 0.600746
0 0.94677 0.336241 0.10646 0.65786
3 0.260366 0.222666 0.520733 0.445332
3 0.0426202 0.262693 0.0852404 0.525385
3 0.129506 0.319391 0.259012 0.638781
3 0.0564208 0.503667 0.112842 0.906875
3 0.743153 0.611015 0.513695 0.767823
0 0.88768 0.781861 0.224641 0.436278
4 0.446467 0.260015 0.605289 0.520029
4 0.668317 0.763275 0.345912 0.445786
3 0.507667 0.590018 0.0703207 0.240119
3 0.393906 0.236797 0.665448 0.473595
3 0.0675997 0.559843 0.135199 0.780233
4 0.366956 0.693416 0.342785 0.334902
4 0.931578 0.840714 0.136843 0.318572
4 0.931378 0.776925 0.137244 0.446151
3 0.547769 0.101864 0.904463 0.203728
0 0.032697 0.320603 0.065394 0.641206
3 0.600147 0.572645 0.264862 0.740557
3 0.655179 0.690494 0.336907 0.619011
0 0.982702 0.640225 0.0345957 0.260223
0 0.40625 0.744067 0.321196 0.511866
4 0.51702 0.698792 0.0945651 0.339264
4 0.0701152 0.514288 0.14023 0.88578
0 0.935717 0.831128 0.128565 0.337744
3 0.643194 0.161012 0.713611 0.322025
0 0.852633 0.192317 0.294733 0.384634
4 0.472443 0.740823 0.274615 0.518354
4 0.632037 0.0831698 0.735927 0.16634
4 0.626056 0.751659 0.302868 0.496681
3 0.293144 0.775786 0.484043 0.424766
4 0.5068 0.565626 0.0854325 0.447043
4 0.343931 0.20923 0.687862 0.418459
4 0.164423 0.783624 0.268066 0.432753
4 0.458974 0.456755 0.0552523 0.187884
4 0.339629 0.771635 0.34749 0.45673
4 0.54202 0.462642 0.412168 0.915632
0 0.964821 0.392068 0.0703586 0.547756
0 0.0426202 0.262693 0.0852404 0.525385
0 0.228308 0.105203 0.456617 0.210407
2 0.366956 0.693416 0.342785 0.334902
4 0.643194 0.161012 0.713611 0.322025
2 0.51702 0.698792 0.0945651 0.339264
4 0.393105 0.0439579 0.746006 0.0879157
4 0.435654 0.0713733 0.799445 0.142747
4 0.195419 0.116535 0.390837 0.23307
2 0.0627071 0.774923 0.125414 0.450153
0 0.0564208 0.503667 0.112842 0.906875
4 0.241839 0.781881 0.369961 0.436239
4 0.988871 0.536213 0.022258 0.140811
4 0.506057 0.102818 0.872887 0.205635
4 0.40625 0.744067 0.321196 0.511866
0 0.256135 0.784669 0.408117 0.409761
4 0.838386 0.30616 0.237517 0.593602
4 0.94677 0.336241 0.10646 0.65786
3 0.409115 0.69567 0.260128 0.332499
0 0.416989 0.761666 0.299423 0.449244
4 0.0973157 0.479999 0.194631 0.874834
4 0.519828 0.675989 0.0704136 0.28676
3 0.51702 0.698792 0.0945651 0.339264
4 0.577946 0.0559076 0.801089 0.111815
2 0.529332 0.610856 0.0562584 0.278338
4 0.354247 0.757004 0.36934 0.434162
3 0.572849 0.219495 0.525776 0.438972
0 0.533388 0.550081 0.0742378 0.419777
3 0.217377 0.772769 0.359372 0.426148
4 0.982702 0.640225 0.0345957 0.260223
0 0.393906 0.236797 0.665448 0.473595
0 0.0445779 0.41258 0.0891558 0.825159
2 0.06446 0.691922 0.127249 0.50437
4 0.964821 0.392068 0.0703586 0.547756
4 0.416989 0.761666 0.299423 0.449244
1 0.638252 0.762893 0.315473 0.468769
1 0.519828 0.675989 0.0704136 0.28676
4 0.032697 0.320603 0.065394 0.641206
2 0.645095 0.762218 0.321691 0.44694
0 0.575341 0.742364 0.327584 0.515271
0 0.472443 0.740823 0.274615 0.518354
4 0.451693 0.460587 0.278989 0.896917
4 0.0426202 0.262693 0.0852404 0.525385
0 0.47287 0.322199 0.529172 0.631684
4 0.635621 0.462509 0.388265 0.802061
4 0.529332 0.610856 0.0562584 0.278338
1 0.51702 0.698792 0.0945651 0.339264
4 0.794629 0.102004 0.410742 0.204008
4 0.427289 0.503772 0.0887526 0.2821
0 0.106267 0.327122 0.212534 0.626753
4 0.625932 0.374684 0.458489 0.699895
4 0.841466 0.474875 0.262508 0.941521
0 0.572849 0.219495 0.525776 0.438972
0 0.715322 0.320455 0.513573 0.64091
3 0.416989 0.761666 0.299423 0.449244
4 0.770624 0.143483 0.458752 0.286967
2 0.421875 0.756792 0.211862 0.486417
0 0.655179 0.690494 0.336907 0.619011
4 0.0445779 0.41258 0.0891558 0.825159
4 0.667349 0.328469 0.602804 0.656937
4 0.572849 0.219495 0.525776 0.438972
0 0.451693 0.460587 0.278989 0.896917
0 0.743153 0.611015 0.513695 0.767823
0 0.336752 0.708455 0.266836 0.576887
2 0.507667 0.590018 0.0703207 0.240119
1 0.803947 0.766082 0.392106 0.452461
4 0.228308 0.105203 0.456617 0.210407
0 0.323889 0.191539 0.647778 0.383078
4 0.105361 0.314344 0.210722 0.628687
0 0.339629 0.771635 0.34749 0.45673
4 0.265038 0.0828301 0.530076 0.16566
2 0.290022 0.752489 0.523316 0.481894
0 0.167436 0.378127 0.328411 0.717204
4 0.28664 0.152511 0.573281 0.305023
4 0.740599 0.74267 0.50122 0.504584
1 0.345362 0.762627 0.389726 0.449243
0 0.78978 0.279906 0.42044 0.559812
4 0.433059 0.518212 0.0954711 0.113582
3 0.505794 0.676358 0.072226 0.290464
0 0.544776 0.443097 0.415085 0.875622
0 0.164423 0.783624 0.268066 0.432753
1 0.533388 0.550081 0.0742378 0.419777
2 0.803947 0.766082 0.392106 0.452461
0 0.797298 0.495296 0.405404 0.990592
2 0.626056 0.751659 0.302868 0.496681
4 0.852633 0.192317 0.294733 0.384634
4 0.80952 0.498583 0.380961 0.997167
4 0.465187 0.511084 0.0614577 0.0819583
4 0.298204 0.325309 0.542102 0.64018
4 0.291447 0.441946 0.418124 0.865752
1 0.937136 0.832497 0.125729 0.335007
4 0.936738 0.660406 0.126524 0.425089
0 0.839145 0.313822 0.234266 0.621591
4 0.16008 0.501444 0.32016 0.963988
1 0.5068 0.565626 0.0854325 0.447043
0 0.298204 0.325309 0.542102 0.64018
4 0.722836 0.219082 0.554328 0.438165
2 0.572849 0.219495 0.525776 0.438972
4 0.434732 0.418914 0.488076 0.831207
4 0.209744 0.283176 0.419488 0.566352
4 0.304195 0.517292 0.276794 0.947748
2 0.105361 0.314344 0.210722 0.628687
2 0.233185 0.517704 0.452745 0.964592
2 0.433059 0.518212 0.0954711 0.113582
4 0.87989 0.309432 0.240219 0.618863
0 0.304195 0.517292 0.276794 0.947748
1 0.87989 0.309432 0.240219 0.618863
1 0.458974 0.456755 0.0552523 0.187884
2 0.937136 0.832497 0.125729 0.335007
4 0.170188 0.707637 0.340376 0.536743
4 0.421875 0.756792 0.211862 0.486417
2 0.47585 0.676551 0.126155 0.294126
4 0.202611 0.393077 0.391215 0.758674
1 0.0701152 0.514288 0.14023 0.88578
4 0.888936 0.480764 0.222128 0.957651
4 0.533388 0.550081 0.0742378 0.419777
1 0.251014 0.741959 0.459184 0.480322
0 0.233185 0.517704 0.452745 0.964592
2 0.559781 0.323621 0.398302 0.632312
2 0.634349 0.350381 0.602648 0.691865
4 0.352305 0.492874 0.321661 0.950233
2 0.187899 0.318337 0.371259 0.621211
0 0.0631564 0.754455 0.124125 0.379571
0 0.505248 0.678851 0.0729306 0.282236
1 0.0632415 0.754367 0.124479 0.385021
1 0.505248 0.678851 0.0729306 0.282236
0 0.50768 0.589886 0.0703217 0.239826
0 0.120439 0.769731 0.240879 0.40083
0 0.802228 0.775703 0.395543 0.43797
0 0.519854 0.676032 0.0703692 0.286781
2 0.505248 0.678851 0.0729306 0.282236
0 0.529415 0.610662 0.0560818 0.277903
0 0.516959 0.698309 0.0944748 0.338216
0 0.465197 0.511048 0.0614676 0.0818114
4 0.0636895 0.755985 0.125432 0.356584
3 0.768088 0.503308 0.396484 0.951937
0 0.34602 0.762656 0.388029 0.449279
2 0.0624246 0.75056 0.122537 0.35525
3 0.542059 0.462609 0.41179 0.915498
4 0.505808 0.676372 0.0722265 0.290441
3 0.0659737 0.696851 0.127604 0.501758
0 0.433034 0.517971 0.0953058 0.11274
0 0.421947 0.756794 0.211508 0.486413
3 0.636051 0.462361 0.383065 0.799252
3 0.887074 0.755745 0.225853 0.477229
3 0.937864 0.659197 0.124272 0.419694
0 0.0678156 0.663308 0.135631 0.557909
0 0.644086 0.755954 0.317988 0.460195
3 0.637928 0.762889 0.314669 0.4688
0 0.588269 0.745279 0.232831 0.429726
4 0.121361 0.78358 0.242723 0.43284
3 0.634205 0.351198 0.601748 0.693542
4 0.0627091 0.774952 0.125418 0.450096
3 0.0915634 0.488437 0.183127 0.944616
3 0.336931 0.7088 0.265501 0.575828
0 0.458977 0.456803 0.0552559 0.187802
3 0.775328 0.756583 0.447478 0.486834
3 0.121361 0.78358 0.242723 0.43284
0 0.0627091 0.774952 0.125418 0.450096
3 0.542417 0.308745 0.41466 0.605058
3 0.355613 0.759595 0.370407 0.480809
3 0.888859 0.48046 0.222282 0.956296
3 0.209936 0.513097 0.406832 0.973806
0 0.409886 0.695592 0.25855 0.332311
3 0.57112 0.760907 0.184865 0.465318
3 0.83518 0.764552 0.32964 0.469896
3 0.824341 0.485533 0.277721 0.949334
3 0.574951 0.742292 0.326527 0.515417
3 0.458977 0.456803 0.0552559 0.187802
0 0.759814 0.730192 0.480372 0.519735
3 0.475769 0.676614 0.126297 0.294245
3 0.45131 0.460588 0.276457 0.89657
3 0.164133 0.7836 0.26751 0.4328
3 0.935804 0.831127 0.128392 0.337746
4 0.0659737 0.696851 0.127604 0.501758
3 0.291771 0.441803 0.416097 0.865281
0 0.475769 0.676614 0.126297 0.294245
3 0.304236 0.51721 0.276375 0.947241
3 0.298187 0.326191 0.540952 0.641988
4 0.805914 0.764167 0.388172 0.456711
0 0.194969 0.117161 0.389937 0.234322
3 0.74446 0.360578 0.426373 0.679053
3 0.422907 0.335507 0.558072 0.658918
3 0.472347 0.740642 0.2738 0.518716
3 0.35226 0.492759 0.320747 0.949873
3 0.402177 0.0337632 0.804355 0.0675263
3 0.533409 0.550051 0.0739638 0.419091
3 0.578422 0.0563412 0.799963 0.112682
3 0.237361 0.736421 0.452865 0.495537
0 0.0915634 0.488437 0.183127 0.944616
3 0.105066 0.3721 0.209905 0.706599
3 0.291611 0.780098 0.397537 0.439804
0 0.289814 0.75232 0.522848 0.48241
3 0.465197 0.511048 0.0614676 0.0818114
0 0.393366 0.0368038 0.763915 0.0736077
3 0.194969 0.117161 0.389937 0.234322
3 0.770731 0.143623 0.458537 0.287246
3 0.323517 0.0666486 0.647035 0.133297
3 0.740419 0.742774 0.500752 0.504546
0 0.937208 0.832544 0.125583 0.334912
3 0.421947 0.756794 0.211508 0.486413
2 0.354644 0.756928 0.36845 0.433909
2 0.519854 0.676032 0.0703692 0.286781
3 0.264443 0.0834521 0.528886 0.166904
3 0.723278 0.21993 0.553445 0.43986
4 0.552206 0.312681 0.404937 0.612274
3 0.0625216 0.783163 0.122888 0.433674
0 0.0675791 0.560439 0.135158 0.779006
3 0.107422 0.733383 0.213622 0.439167
3 0.519854 0.676032 0.0703692 0.286781
3 0.0325415 0.320552 0.065083 0.641104
3 0.937208 0.832544 0.125583 0.334912
0 0.552206 0.312681 0.404937 0.612274
3 0.529415 0.610662 0.0560818 0.277903
0 0.54835 0.102019 0.9033 0.204038
0 0.632208 0.0838977 0.735585 0.167795
3 0.286557 0.152644 0.573113 0.305289
3 0.169555 0.708797 0.339111 0.534526
3 0.0443087 0.413035 0.0886174 0.826071
2 0.588269 0.745279 0.232831 0.429726
3 0.506842 0.565729 0.0852716 0.446916
3 0.433034 0.517971 0.0953058 0.11274
0 0.366273 0.0636637 0.732545 0.127327
3 0.572707 0.763658 0.301654 0.454304
3 0.406478 0.743885 0.320334 0.512229
4 0.887735 0.781735 0.224529 0.43653
4 0.588269 0.745279 0.232831 0.429726
3 0.427284 0.50365 0.0886955 0.281667
4 0.289814 0.75232 0.522848 0.48241
4 0.935804 0.831127 0.128392 0.337746
3 0.983005 0.638661 0.0339899 0.256907
3 0.632208 0.0838977 0.735585 0.167795
0 0.264443 0.0834521 0.528886 0.166904
3 0.936145 0.281348 0.127709 0.562504
1 0.50768 0.589886 0.0703217 0.239826
4 0.107422 0.733383 0.213622 0.439167
0 0.585889 0.0548586 0.828222 0.109717
3 0.167095 0.378551 0.327699 0.717941
3 0.790073 0.280707 0.419854 0.561415
0 0.506842 0.565729 0.0852716 0.446916
4 0.775328 0.756583 0.447478 0.486834
0 0.625982 0.751592 0.302363 0.496817
1 0.112041 0.745972 0.224082 0.422004
3 0.942732 0.74185 0.114536 0.514323
3 0.989044 0.536298 0.0219124 0.139647
3 0.435131 0.0714587 0.797998 0.142917
3 0.21408 0.324059 0.420909 0.637785
0 0.671273 0.21605 0.657455 0.4321
3 0.852628 0.192908 0.294744 0.385816
3 0.343993 0.208827 0.687986 0.417654
3 0.569859 0.671933 0.147571 0.408761
0 0.794692 0.101607 0.410615 0.203214
0 0.942732 0.74185 0.114536 0.514323
3 0.554547 0.470275 0.265652 0.681914
0 0.569859 0.671933 0.147571 0.408761
0 0.814802 0.765747 0.370397 0.468506
3 0.879954 0.309483 0.240093 0.618965
0 0.989044 0.536298 0.0219124 0.139647
3 0.227531 0.10566 0.455062 0.211319
3 0.794692 0.101607 0.410615 0.203214
3 0.965253 0.392911 0.0694944 0.544384
4 0.574951 0.742292 0.326527 0.515417
4 0.50768 0.589886 0.0703217 0.239826
3 0.838883 0.308016 0.233685 0.600518
0 0.770731 0.143623 0.458537 0.287246
3 0.0423826 0.26244 0.0847652 0.52488
3 0.129394 0.319511 0.258789 0.639022
3 0.0562214 0.503722 0.112443 0.906854
0 0.427284 0.50365 0.0886955 0.281667
3 0.743355 0.610871 0.513289 0.768342
0 0.946738 0.336544 0.106523 0.65768
4 0.44669 0.259519 0.604642 0.519037
4 0.64511 0.76222 0.321464 0.446927
3 0.50768 0.589886 0.0703217 0.239826
3 0.0675791 0.560439 0.135158 0.779006
4 0.367869 0.693072 0.340895 0.334178
4 0.931657 0.840613 0.136686 0.318735
4 0.931372 0.776892 0.137255 0.446217
3 0.54835 0.102019 0.9033 0.204038
0 0.887735 0.781735 0.224529 0.43653
3 0.600716 0.574397 0.262913 0.733456
3 0.653845 0.690454 0.33335 0.619092
4 0.070102 0.514531 0.140204 0.885295
4 0.516959 0.698309 0.0944748 0.338216
0 0.0325415 0.320552 0.065083 0.641104
0 0.983005 0.638661 0.0339899 0.256907
3 0.643583 0.162889 0.712834 0.325779
0 0.406478 0.743885 0.320334 0.512229
4 0.472347 0.740642 0.2738 0.518716
0 0.935804 0.831127 0.128392 0.337746
4 0.625982 0.751592 0.302363 0.496817
4 0.632208 0.0838977 0.735585 0.167795
3 0.293069 0.775934 0.483328 0.424489
4 0.506842 0.565729 0.0852716 0.446916
0 0.852628 0.192908 0.294744 0.385816
4 0.343993 0.208827 0.687986 0.417654
4 0.164133 0.7836 0.26751 0.4328
4 0.542059 0.462609 0.41179 0.915498
4 0.458977 0.456803 0.0552559 0.187802
4 0.339741 0.771765 0.345962 0.456469
2 0.367869 0.693072 0.340895 0.334178
2 0.516959 0.698309 0.0944748 0.338216
4 0.643583 0.162889 0.712834 0.325779
0 0.965253 0.392911 0.0694944 0.544384
4 0.392991 0.0441493 0.745456 0.0882986
4 0.435131 0.0714587 0.797998 0.142917
0 0.0423826 0.26244 0.0847652 0.52488
0 0.227531 0.10566 0.455062 0.211319
4 0.194969 0.117161 0.389937 0.234322
2 0.0627091 0.774952 0.125418 0.450096
4 0.989044 0.536298 0.0219124 0.139647
4 0.240998 0.781883 0.368143 0.436234
4 0.406478 0.743885 0.320334 0.512229
4 0.506059 0.10292 0.871607 0.20584
4 0.838478 0.306121 0.237178 0.593516
0 0.0562214 0.503722 0.112443 0.906854
3 0.409886 0.695592 0.25855 0.332311
4 0.946738 0.336544 0.106523 0.65768
4 0.0972842 0.480045 0.194568 0.87525
4 0.519854 0.676032 0.0703692 0.286781
3 0.516959 0.698309 0.0944748 0.338216
4 0.578422 0.0563412 0.799963 0.112682
0 0.254608 0.78476 0.405015 0.409627
3 0.572349 0.217463 0.524972 0.434803
4 0.354644 0.756928 0.36845 0.433909
2 0.529415 0.610662 0.0560818 0.277903
0 0.417035 0.761621 0.298689 0.449392
3 0.216095 0.772822 0.357364 0.426119
4 0.983005 0.638661 0.0339899 0.256907
2 0.0644689 0.692069 0.12726 0.503957
4 0.0562214 0.503722 0.112443 0.906854
0 0.533409 0.550051 0.0739638 0.419091
4 0.965253 0.392911 0.0694944 0.544384
4 0.417035 0.761621 0.298689 0.449392
1 0.637928 0.762889 0.314669 0.4688
4 0.0325415 0.320552 0.065083 0.641104
1 0.519854 0.676032 0.0703692 0.286781
0 0.0443087 0.413035 0.0886174 0.826071
0 0.394135 0.235623 0.664968 0.471246
4 0.45131 0.460588 0.276457 0.89657
2 0.64511 0.76222 0.321464 0.446927
4 0.0423826 0.26244 0.0847652 0.52488
4 0.636051 0.462361 0.383065 0.799252
1 0.516959 0.698309 0.0944748 0.338216
4 0.529415 0.610662 0.0560818 0.277903
4 0.794692 0.101607 0.410615 0.203214
0 0.574951 0.742292 0.326527 0.515417
0 0.472347 0.740642 0.2738 0.518716
4 0.427284 0.50365 0.0886955 0.281667
0 0.473122 0.322761 0.528381 0.632875
4 0.841454 0.474211 0.261962 0.940196
4 0.625793 0.375129 0.455907 0.700576
3 0.417035 0.761621 0.298689 0.449392
0 0.106278 0.327207 0.212557 0.627002
4 0.770731 0.143623 0.458537 0.287246
2 0.421947 0.756794 0.211508 0.486413
4 0.0443087 0.413035 0.0886174 0.826071
4 0.667943 0.328119 0.601195 0.656238
4 0.572349 0.217463 0.524972 0.434803
0 0.572349 0.217463 0.524972 0.434803
0 0.716425 0.320172 0.510714 0.640344
0 0.653845 0.690454 0.33335 0.619092
0 0.45131 0.460588 0.276457 0.89657
4 0.227531 0.10566 0.455062 0.211319
2 0.50768 0.589886 0.0703217 0.239826
1 0.804019 0.766132 0.391962 0.452335
4 0.105274 0.314226 0.210548 0.628451
4 0.264443 0.0834521 0.528886 0.166904
2 0.289814 0.75232 0.522848 0.48241
0 0.336931 0.7088 0.265501 0.575828
0 0.743355 0.610871 0.513289 0.768342
0 0.323822 0.191391 0.647644 0.382781
4 0.286557 0.152644 0.573113 0.305289
0 0.339741 0.771765 0.345962 0.456469
4 0.740419 0.742774 0.500752 0.504546
0 0.167095 0.378551 0.327699 0.717941
1 0.34602 0.762656 0.388029 0.449279
4 0.433034 0.517971 0.0953058 0.11274
3 0.505808 0.676372 0.0722265 0.290441
0 0.790073 0.280707 0.419854 0.561415
1 0.533409 0.550051 0.0739638 0.419091
2 0.804019 0.766132 0.391962 0.452335
0 0.544761 0.443104 0.414972 0.875636
4 0.323517 0.0666486 0.647035 0.133297
0 0.164133 0.7836 0.26751 0.4328
2 0.625982 0.751592 0.302363 0.496817
4 0.852628 0.192908 0.294744 0.385816
4 0.809574 0.498609 0.380851 0.997219
4 0.465197 0.511048 0.0614676 0.0818114
0 0.797365 0.495329 0.40527 0.990657
4 0.298187 0.326191 0.540952 0.641988
4 0.291771 0.441803 0.416097 0.865281
4 0.937864 0.659197 0.124272 0.419694
1 0.937208 0.832544 0.125583 0.334912
4 0.159799 0.501538 0.319597 0.964036
1 0.506842 0.565729 0.0852716 0.446916
4 0.723278 0.21993 0.553445 0.43986
2 0.572349 0.217463 0.524972 0.434803
4 0.434508 0.418804 0.486452 0.830874
4 0.209599 0.283842 0.419199 0.567684
4 0.304236 0.51721 0.276375 0.947241
2 0.232923 0.518246 0.451437 0.963507
2 0.105274 0.314226 0.210548 0.628451
0 0.839141 0.313897 0.234201 0.621802
2 0.433034 0.517971 0.0953058 0.11274
4 0.879954 0.309483 0.240093 0.618965
0 0.298187 0.326191 0.540952 0.641988
1 0.458977 0.456803 0.0552559 0.187802
1 0.879954 0.309483 0.240093 0.618965
4 0.169555 0.708797 0.339111 0.534526
2 0.937208 0.832544 0.125583 0.334912
4 0.421947 0.756794 0.211508 0.486413
2 0.475769 0.676614 0.126297 0.294245
0 0.304236 0.51721 0.276375 0.947241
4 0.202523 0.39351 0.390863 0.75946
1 0.070102 0.514531 0.140204 0.885295
4 0.888859 0.48046 0.222282 0.956296
4 0.533409 0.550051 0.0739638 0.419091
2 0.559778 0.324656 0.398351 0.634481
1 0.250324 0.741999 0.457996 0.480275
2 0.634205 0.351198 0.601748 0.693542
4 0.35226 0.492759 0.320747 0.949873
