0 0.370856 0.53712 0.0815358 0.100408
0 0.37046 0.457953 0.0859047 0.256547
0 0.804795 0.78847 0.390409 0.411805
2 0.370856 0.53712 0.0815358 0.100408
0 0.595953 0.758014 0.425972 0.480189
4 0.370856 0.53712 0.0815358 0.100408
0 0.712886 0.759327 0.559761 0.470198
1 0.370856 0.53712 0.0815358 0.100408
0 0.423623 0.544649 0.214753 0.108673
0 0.400339 0.535992 0.144093 0.108186
0 0.807483 0.562578 0.385033 0.860909
0 0.376799 0.408766 0.112176 0.440035
0 0.239109 0.57153 0.360625 0.174938
3 0.345856 0.539072 0.13832 0.136035
4 0.465893 0.734876 0.60587 0.501942
1 0.37046 0.457953 0.0859047 0.256547
3 0.133129 0.474011 0.266016 0.948021
3 0.906271 0.340696 0.187459 0.671669
3 0.202188 0.5 0.404375 1
3 0.699375 0.497953 0.547448 0.995905
3 0.575412 0.499051 0.480657 0.993702
3 0.370856 0.53712 0.0815358 0.100408
3 0.809299 0.777481 0.381402 0.445038
3 0.946809 0.781463 0.106381 0.437074
3 0.250656 0.478032 0.335111 0.753627
3 0.202689 0.688891 0.387412 0.595405
3 0.588373 0.746412 0.438491 0.507176
0 0.242651 0.743419 0.471604 0.499465
3 0.109788 0.40426 0.219576 0.808519
3 0.756302 0.505542 0.337565 0.988917
4 0.649024 0.760643 0.471438 0.450957
3 0.843487 0.528352 0.313026 0.926211
3 0.646263 0.524861 0.359981 0.950277
2 0.235038 0.735362 0.457672 0.512666
3 0.712579 0.712229 0.560685 0.550528
3 0.423623 0.544649 0.214753 0.108673
3 0.868998 0.315769 0.262003 0.631376
0 0.373152 0.649376 0.12446 0.337291
3 0.697075 0.335211 0.347013 0.661543
4 0.570794 0.753471 0.446649 0.485684
3 0.403694 0.408108 0.241387 0.760703
0 0.345856 0.539072 0.13832 0.136035
0 0.376539 0.622511 0.261816 0.283035
4 0.804159 0.792088 0.391683 0.404156
3 0.503986 0.439924 0.413442 0.867829
0 0.784665 0.717503 0.430671 0.541112
3 0.367678 0.312085 0.46447 0.624169
3 0.786409 0.254002 0.427182 0.508004
0 0.148773 0.213977 0.297546 0.427955
3 0.489544 0.771361 0.536041 0.457277
3 0.937399 0.650731 0.125202 0.651369
3 0.258654 0.802279 0.460199 0.395442
3 0.155989 0.779639 0.311977 0.429627
3 0.527622 0.711895 0.270143 0.576209
3 0.18759 0.813624 0.368103 0.372752
4 0.779468 0.770592 0.438282 0.458816
3 0.627662 0.27978 0.382331 0.548935
4 0.37046 0.457953 0.0859047 0.256547
3 0.687003 0.116025 0.625993 0.232049
3 0.437411 0.033983 0.866941 0.0679659
4 0.946809 0.781463 0.106381 0.437074
3 0.354013 0.321209 0.708027 0.642417
0 0.430318 0.0362841 0.842591 0.0725683
4 0.223916 0.761542 0.443876 0.462283
3 0.0189132 0.667256 0.0378265 0.665489
3 0.601115 0.742975 0.416234 0.494621
3 0.03059 0.769971 0.0611801 0.460058
3 0.705276 0.198283 0.515584 0.396566
3 0.119427 0.705753 0.237822 0.411864
4 0.647099 0.760208 0.511508 0.479583
3 0.43718 0.811992 0.428823 0.376017
3 0.43818 0.690167 0.250782 0.495944
3 0.376799 0.408766 0.112176 0.440035
3 0.904264 0.281694 0.191472 0.563388
0 0.355053 0.396793 0.13552 0.480898
3 0.35878 0.812419 0.430181 0.375161
0 0.601664 0.205521 0.439726 0.404323
3 0.496611 0.325927 0.320093 0.625474
3 0.188541 0.306117 0.377083 0.612234
0 0.0137212 0.596092 0.0274425 0.689512
3 0.518202 0.72075 0.413584 0.471013
3 0.438437 0.544913 0.264308 0.729338
4 0.79606 0.547356 0.40788 0.873119
0 0.155989 0.779639 0.311977 0.429627
2 0.239109 0.57153 0.360625 0.174938
3 0.914079 0.787758 0.171841 0.424483
3 0.933574 0.75954 0.132853 0.457719
4 0.160904 0.797272 0.32162 0.390699
3 0.127519 0.821847 0.255037 0.356306
3 0.0289269 0.828906 0.0578539 0.342189
3 0.499282 0.744621 0.56742 0.505683
0 0.898661 0.768391 0.202677 0.449013
4 0.907967 0.565459 0.184066 0.809629
3 0.239109 0.57153 0.360625 0.174938
0 0.908689 0.513475 0.182623 0.738276
2 0.37046 0.457953 0.0859047 0.256547
3 0.926637 0.565534 0.146726 0.817641
4 0.602902 0.284156 0.433731 0.557635
3 0.400339 0.535992 0.144093 0.108186
3 0.0137212 0.596092 0.0274425 0.689512
3 0.264472 0.313089 0.437036 0.626179
0 0.0189132 0.667256 0.0378265 0.665489
4 0.914079 0.787758 0.171841 0.424483
3 0.148773 0.213977 0.297546 0.427955
0 0.605402 0.395577 0.431015 0.788309
0 0.0121546 0.493311 0.0243092 0.660151
3 0.0268779 0.703368 0.0537559 0.593265
3 0.859499 0.169795 0.281002 0.339591
3 0.0747113 0.777173 0.149423 0.438435
0 0.622219 0.146539 0.610361 0.293078
0 0.937399 0.650731 0.125202 0.651369
0 0.119427 0.705753 0.237822 0.411864
3 0.383775 0.0728849 0.76755 0.14577
2 0.256227 0.801226 0.505627 0.37168
4 0.107197 0.791816 0.214394 0.412067
3 0.0949416 0.606201 0.186669 0.354525
3 0.909345 0.456926 0.18131 0.638365
0 0.933574 0.75954 0.132853 0.457719
0 0.130388 0.815798 0.260775 0.359978
3 0.0128111 0.389781 0.0256221 0.732338
0 0.911749 0.349033 0.176503 0.663158
3 0.714269 0.235647 0.571463 0.471293
4 0.18759 0.813624 0.368103 0.372752
4 0.727215 0.773887 0.536591 0.432932
3 0.570618 0.338643 0.473342 0.671762
4 0.636798 0.405728 0.362613 0.803074
0 0.946809 0.781463 0.106381 0.437074
3 0.0183641 0.350468 0.0367282 0.700936
3 0.755137 0.341456 0.489726 0.681095
0 0.0841819 0.834222 0.168364 0.329964
0 0.687003 0.116025 0.625993 0.232049
0 0.547907 0.748707 0.494728 0.502587
0 0.383775 0.0728849 0.76755 0.14577
3 0.0506257 0.269881 0.101251 0.539762
3 0.62261 0.18758 0.411452 0.370437
0 0.859499 0.169795 0.281002 0.339591
4 0.937399 0.650731 0.125202 0.651369
4 0.355053 0.396793 0.13552 0.480898
3 0.421978 0.0537747 0.768078 0.107549
0 0.098298 0.827997 0.196596 0.344006
1 0.376799 0.408766 0.112176 0.440035
3 0.242651 0.743419 0.471604 0.499465
4 0.376799 0.408766 0.112176 0.440035
0 0.43818 0.690167 0.250782 0.495944
0 0.465893 0.734876 0.60587 0.501942
3 0.355053 0.396793 0.13552 0.480898
0 0.527622 0.711895 0.270143 0.576209
3 0.622219 0.146539 0.610361 0.293078
3 0.0277317 0.272516 0.0554633 0.545032
3 0.0121546 0.493311 0.0243092 0.660151
0 0.904264 0.281694 0.191472 0.563388
0 0.827296 0.320049 0.345409 0.638711
4 0.933574 0.75954 0.132853 0.457719
3 0.48302 0.103655 0.663136 0.20731
4 0.0289269 0.828906 0.0578539 0.342189
3 0.128003 0.653058 0.253496 0.658074
3 0.892287 0.568437 0.215425 0.830958
0 0.786409 0.254002 0.427182 0.508004
3 0.05995 0.391006 0.1199 0.718881
3 0.480976 0.271349 0.628101 0.542698
3 0.298366 0.140394 0.596732 0.280788
0 0.220354 0.808604 0.432308 0.36688
4 0.127519 0.821847 0.255037 0.356306
3 0.132429 0.301961 0.264858 0.587426
4 0.296756 0.807442 0.481796 0.370028
3 0.515177 0.157911 0.616501 0.315821
0 0.202689 0.688891 0.387412 0.595405
4 0.148773 0.213977 0.297546 0.427955
0 0.0128111 0.389781 0.0256221 0.732338
4 0.0268779 0.703368 0.0537559 0.593265
4 0.0506257 0.269881 0.101251 0.539762
4 0.03059 0.769971 0.0611801 0.460058
4 0.603425 0.503303 0.438291 0.993394
0 0.0506257 0.269881 0.101251 0.539762
0 0.219794 0.230756 0.439589 0.461512
0 0.627662 0.27978 0.382331 0.548935
0 0.0268779 0.703368 0.0537559 0.593265
0 0.828919 0.75185 0.342162 0.496301
3 0.0472289 0.636668 0.0940361 0.291356
0 0.762522 0.494513 0.474955 0.989025
1 0.423623 0.544649 0.214753 0.108673
4 0.35878 0.812419 0.430181 0.375161
0 0.298366 0.140394 0.596732 0.280788
0 0.515177 0.157911 0.616501 0.315821
3 0.373152 0.649376 0.12446 0.337291
0 0.417187 0.794313 0.5935 0.381239
4 0.258654 0.802279 0.460199 0.395442
4 0.239109 0.57153 0.360625 0.174938
4 0.731739 0.495248 0.467094 0.990495
4 0.0747113 0.777173 0.149423 0.438435
0 0.48302 0.103655 0.663136 0.20731
4 0.403694 0.408108 0.241387 0.760703
4 0.0189132 0.667256 0.0378265 0.665489
4 0.430318 0.0362841 0.842591 0.0725683
4 0.372072 0.316209 0.661753 0.632418
4 0.376539 0.622511 0.261816 0.283035
4 0.904264 0.281694 0.191472 0.563388
0 0.0289269 0.828906 0.0578539 0.342189
3 0.220354 0.808604 0.432308 0.36688
4 0.906271 0.340696 0.187459 0.671669
4 0.0277317 0.272516 0.0554633 0.545032
4 0.373152 0.649376 0.12446 0.337291
3 0.0810417 0.361646 0.162083 0.688421
4 0.472127 0.792165 0.48329 0.41567
0 0.926637 0.565534 0.146726 0.817641
1 0.156248 0.808993 0.311678 0.371542
0 0.518202 0.72075 0.413584 0.471013
4 0.480976 0.271349 0.628101 0.542698
0 0.18759 0.813624 0.368103 0.372752
4 0.547907 0.748707 0.494728 0.502587
2 0.423623 0.544649 0.214753 0.108673
3 0.219794 0.230756 0.439589 0.461512
0 0.15142 0.253914 0.302841 0.507827
4 0.916473 0.461552 0.167054 0.730339
4 0.328167 0.736257 0.609334 0.499315
2 0.373152 0.649376 0.12446 0.337291
4 0.0841819 0.834222 0.168364 0.329964
4 0.0121546 0.493311 0.0243092 0.660151
4 0.0183641 0.350468 0.0367282 0.700936
2 0.328167 0.736257 0.609334 0.499315
4 0.0128111 0.389781 0.0256221 0.732338
0 0.0747113 0.777173 0.149423 0.438435
3 0.793315 0.693442 0.413369 0.587443
0 0.0277317 0.272516 0.0554633 0.545032
4 0.859499 0.169795 0.281002 0.339591
0 0.250656 0.478032 0.335111 0.753627
0 0.0472289 0.636668 0.0940361 0.291356
1 0.417187 0.794313 0.5935 0.381239
2 0.913824 0.505266 0.172352 0.700892
4 0.417187 0.794313 0.5935 0.381239
0 0.714269 0.235647 0.571463 0.471293
0 0.219195 0.348243 0.429154 0.674037
4 0.518202 0.72075 0.413584 0.471013
3 0.376539 0.622511 0.261816 0.283035
3 0.107197 0.791816 0.214394 0.412067
0 0.0289491 0.806394 0.0578983 0.387212
4 0.126653 0.312626 0.253305 0.625251
0 0.403694 0.408108 0.241387 0.760703
4 0.0137212 0.596092 0.0274425 0.689512
4 0.503986 0.439924 0.413442 0.867829
4 0.786409 0.254002 0.427182 0.508004
4 0.527622 0.711895 0.270143 0.576209
3 0.415404 0.802807 0.523777 0.373588
1 0.574389 0.764223 0.436021 0.453274
3 0.15142 0.253914 0.302841 0.507827
4 0.62261 0.18758 0.411452 0.370437
4 0.793315 0.693442 0.413369 0.587443
0 0.372072 0.316209 0.661753 0.632418
4 0.868998 0.315769 0.262003 0.631376
0 0.154062 0.313799 0.308124 0.627597
3 0.371397 0.469757 0.0897651 0.232867
1 0.822014 0.78638 0.355972 0.42419
4 0.714269 0.235647 0.571463 0.471293
0 0.646263 0.524861 0.359981 0.950277
2 0.465893 0.734876 0.60587 0.501942
0 0.480976 0.271349 0.628101 0.542698
4 0.852118 0.440985 0.295763 0.863863
4 0.0472289 0.636668 0.0940361 0.291356
4 0.423623 0.544649 0.214753 0.108673
4 0.561065 0.175642 0.585632 0.351284
0 0.647099 0.760208 0.511508 0.479583
4 0.253397 0.305242 0.506795 0.610484
0 0.0183641 0.350468 0.0367282 0.700936
4 0.119427 0.705753 0.237822 0.411864
1 0.234355 0.806743 0.460625 0.370936
2 0.574641 0.76582 0.445344 0.444845
4 0.48302 0.103655 0.663136 0.20731
0 0.496611 0.325927 0.320093 0.625474
2 0.0471688 0.596029 0.0939462 0.326711
2 0.921667 0.331039 0.156665 0.61608
4 0.133129 0.474011 0.266016 0.948021
4 0.687003 0.116025 0.625993 0.232049
0 0.0949416 0.606201 0.186669 0.354525
1 0.914079 0.787758 0.171841 0.424483
0 0.35878 0.812419 0.430181 0.375161
0 0.472127 0.792165 0.48329 0.41567
2 0.790938 0.769676 0.418123 0.446228
0 0.258654 0.802279 0.460199 0.395442
4 0.755137 0.341456 0.489726 0.681095
2 0.627662 0.27978 0.382331 0.548935
4 0.265816 0.313023 0.370047 0.608335
4 0.109788 0.40426 0.219576 0.808519
4 0.719216 0.465654 0.292941 0.907515
4 0.697075 0.335211 0.347013 0.661543
4 0.21495 0.349073 0.417685 0.686844
4 0.15142 0.253914 0.302841 0.507827
0 0.107394 0.298592 0.214788 0.571163
2 0.376539 0.622511 0.261816 0.283035
4 0.0810417 0.361646 0.162083 0.688421
4 0.05995 0.391006 0.1199 0.718881
1 0.59881 0.294371 0.439878 0.577859
2 0.62261 0.18758 0.411452 0.370437
4 0.0949416 0.606201 0.186669 0.354525
1 0.438437 0.544913 0.264308 0.729338
4 0.496611 0.325927 0.320093 0.625474
4 0.705276 0.198283 0.515584 0.396566
4 0.367678 0.312085 0.46447 0.624169
4 0.176261 0.533825 0.350648 0.920152
1 0.202689 0.688891 0.387412 0.595405
0 0.705276 0.198283 0.515584 0.396566
0 0.370838 0.537115 0.0815824 0.100412
0 0.370451 0.45794 0.0859462 0.25659
0 0.804785 0.788481 0.39043 0.411808
2 0.370838 0.537115 0.0815824 0.100412
0 0.596231 0.758021 0.42571 0.480313
4 0.370838 0.537115 0.0815824 0.100412
0 0.713784 0.759363 0.558969 0.470057
1 0.370838 0.537115 0.0815824 0.100412
0 0.42289 0.544566 0.213215 0.108665
0 0.400328 0.535994 0.144131 0.108191
0 0.807593 0.558475 0.384814 0.869353
3 0.345975 0.539199 0.138123 0.1356
0 0.376817 0.407967 0.112543 0.441991
0 0.239259 0.571259 0.360328 0.174331
4 0.466397 0.734524 0.603761 0.501561
3 0.133102 0.473493 0.265991 0.946985
1 0.370451 0.45794 0.0859462 0.25659
3 0.906387 0.340529 0.187227 0.671507
3 0.20203 0.5 0.404061 1
3 0.700365 0.497985 0.547676 0.99597
3 0.575403 0.498396 0.480522 0.992429
3 0.370838 0.537115 0.0815824 0.100412
3 0.80937 0.777262 0.38126 0.445475
3 0.946895 0.781163 0.106211 0.437674
3 0.250672 0.478246 0.335086 0.753274
3 0.20267 0.689238 0.387297 0.59482
3 0.58801 0.746391 0.439101 0.507219
4 0.650726 0.760736 0.472331 0.450843
3 0.109848 0.403914 0.219697 0.807827
3 0.756353 0.505541 0.336532 0.988917
0 0.242473 0.743235 0.471148 0.499862
3 0.844733 0.527874 0.310534 0.926367
3 0.646601 0.526294 0.358863 0.947412
2 0.23477 0.735375 0.456969 0.512612
3 0.713197 0.711791 0.56069 0.551555
3 0.42289 0.544566 0.213215 0.108665
3 0.871082 0.315664 0.257835 0.631086
3 0.697147 0.335341 0.345485 0.661692
4 0.570897 0.753416 0.446506 0.485894
3 0.403708 0.407669 0.242333 0.761793
0 0.373081 0.648583 0.123974 0.335679
4 0.803995 0.792093 0.392009 0.404182
3 0.503944 0.439417 0.413492 0.866882
3 0.368805 0.312034 0.462985 0.624069
0 0.345975 0.539199 0.138123 0.1356
3 0.787586 0.255246 0.424828 0.510491
0 0.37527 0.621655 0.257034 0.281397
0 0.784537 0.717603 0.430925 0.54098
3 0.490052 0.771871 0.533291 0.456259
0 0.148645 0.214259 0.29729 0.428518
3 0.937364 0.647834 0.125272 0.657033
3 0.25919 0.802425 0.459307 0.39515
3 0.155792 0.779585 0.311585 0.429879
3 0.52732 0.712132 0.267928 0.575736
3 0.186988 0.813766 0.366905 0.372468
4 0.778872 0.770377 0.439447 0.459246
3 0.627722 0.280049 0.382086 0.549528
3 0.687024 0.118293 0.625532 0.236587
4 0.370451 0.45794 0.0859462 0.25659
3 0.437162 0.0340894 0.866516 0.0681787
3 0.353874 0.320935 0.707747 0.64187
4 0.946895 0.781163 0.106211 0.437674
4 0.223657 0.761292 0.443343 0.462836
3 0.0190185 0.667506 0.038037 0.664988
3 0.0308702 0.769956 0.0617404 0.460088
3 0.601335 0.743046 0.41601 0.494836
0 0.430404 0.036402 0.84243 0.072804
3 0.704884 0.198419 0.51227 0.396838
3 0.119286 0.704723 0.237524 0.407752
4 0.646009 0.760039 0.513099 0.479922
3 0.437907 0.69054 0.250282 0.496081
3 0.436446 0.812817 0.426136 0.374366
3 0.376817 0.407967 0.112543 0.441991
3 0.904438 0.282266 0.191125 0.564532
3 0.358714 0.812769 0.428244 0.374463
3 0.497156 0.325723 0.319124 0.624943
3 0.188275 0.306184 0.37655 0.612368
3 0.517245 0.72032 0.411888 0.470194
4 0.795918 0.547236 0.408165 0.873404
3 0.438311 0.541571 0.264511 0.735004
3 0.933927 0.759498 0.132145 0.457555
2 0.239259 0.571259 0.360328 0.174331
3 0.914736 0.787702 0.170528 0.424597
0 0.601681 0.205424 0.439551 0.404061
4 0.16059 0.797171 0.320951 0.390969
0 0.355208 0.396923 0.135315 0.480661
3 0.0290954 0.828868 0.0581908 0.342265
3 0.12753 0.821985 0.255059 0.356029
3 0.498949 0.744517 0.567863 0.50593
3 0.239259 0.571259 0.360328 0.174331
0 0.0137763 0.596574 0.0275525 0.687919
4 0.908005 0.564972 0.18399 0.808898
0 0.155792 0.779585 0.311585 0.429879
3 0.926712 0.565172 0.146575 0.818203
3 0.400328 0.535994 0.144131 0.108191
3 0.0137763 0.596574 0.0275525 0.687919
2 0.370451 0.45794 0.0859462 0.25659
3 0.264616 0.313139 0.437081 0.626278
4 0.60289 0.284122 0.433708 0.557593
4 0.914736 0.787702 0.170528 0.424597
0 0.899248 0.768493 0.201504 0.448839
3 0.148645 0.214259 0.29729 0.428518
0 0.908697 0.512507 0.182605 0.736872
3 0.0270824 0.703207 0.0541649 0.593586
3 0.860552 0.171277 0.278896 0.342553
0 0.0190185 0.667506 0.038037 0.664988
0 0.605415 0.394777 0.430941 0.786672
3 0.0748102 0.777254 0.14962 0.438542
0 0.0121815 0.494019 0.0243629 0.657371
3 0.383591 0.0731458 0.767183 0.146292
2 0.256251 0.801263 0.505567 0.371634
4 0.10747 0.791677 0.21494 0.412379
3 0.0948991 0.605924 0.186574 0.352726
0 0.621562 0.147577 0.60794 0.295154
0 0.937364 0.647834 0.125272 0.657033
3 0.909348 0.45552 0.181303 0.635989
3 0.0128216 0.389532 0.0256433 0.731361
0 0.119286 0.704723 0.237524 0.407752
3 0.570724 0.338276 0.472961 0.671055
3 0.714877 0.238987 0.570246 0.477974
4 0.186988 0.813766 0.366905 0.372468
3 0.0183653 0.350246 0.0367307 0.700491
4 0.636899 0.405458 0.362294 0.802471
0 0.13038 0.816034 0.26076 0.359519
3 0.756163 0.341045 0.487674 0.680065
0 0.911749 0.349505 0.176501 0.664294
0 0.933927 0.759498 0.132145 0.457555
0 0.946895 0.781163 0.106211 0.437674
3 0.0506393 0.26981 0.101279 0.539619
3 0.622597 0.187672 0.410926 0.37037
0 0.0846488 0.834386 0.169298 0.32949
4 0.937364 0.647834 0.125272 0.657033
4 0.355208 0.396923 0.135315 0.480661
3 0.422205 0.0540572 0.767521 0.108114
3 0.242473 0.743235 0.471148 0.499862
0 0.687024 0.118293 0.625532 0.236587
0 0.383591 0.0731458 0.767183 0.146292
0 0.547508 0.748735 0.495334 0.50253
4 0.376817 0.407967 0.112543 0.441991
3 0.355208 0.396923 0.135315 0.480661
1 0.376817 0.407967 0.112543 0.441991
3 0.621562 0.147577 0.60794 0.295154
3 0.0277107 0.272386 0.0554215 0.544772
0 0.860552 0.171277 0.278896 0.342553
3 0.0121815 0.494019 0.0243629 0.657371
0 0.0988802 0.828044 0.19776 0.343913
0 0.437907 0.69054 0.250282 0.496081
0 0.466397 0.734524 0.603761 0.501561
0 0.52732 0.712132 0.267928 0.575736
3 0.89278 0.568402 0.214439 0.831255
3 0.48337 0.104436 0.662155 0.208873
4 0.933927 0.759498 0.132145 0.457555
3 0.127905 0.654026 0.253326 0.655604
4 0.0290954 0.828868 0.0581908 0.342265
0 0.904438 0.282266 0.191125 0.564532
0 0.830245 0.319897 0.339511 0.638318
3 0.482226 0.271085 0.625155 0.54217
3 0.05978 0.390877 0.11956 0.718036
3 0.298063 0.141129 0.596125 0.282258
4 0.12753 0.821985 0.255059 0.356029
3 0.132477 0.301874 0.264953 0.587342
4 0.296908 0.807749 0.479562 0.369508
3 0.515689 0.158131 0.615186 0.316261
0 0.787586 0.255246 0.424828 0.510491
4 0.148645 0.214259 0.29729 0.428518
4 0.0270824 0.703207 0.0541649 0.593586
4 0.0506393 0.26981 0.101279 0.539619
0 0.220021 0.808675 0.431538 0.366803
4 0.0308702 0.769956 0.0617404 0.460088
4 0.603366 0.503299 0.438356 0.993402
0 0.20267 0.689238 0.387297 0.59482
0 0.0128216 0.389532 0.0256433 0.731361
3 0.0472254 0.636576 0.0940008 0.289632
0 0.627722 0.280049 0.382086 0.549528
0 0.0506393 0.26981 0.101279 0.539619
1 0.42289 0.544566 0.213215 0.108665
0 0.219543 0.231787 0.439086 0.463574
4 0.358714 0.812769 0.428244 0.374463
0 0.0270824 0.703207 0.0541649 0.593586
3 0.373081 0.648583 0.123974 0.335679
0 0.829072 0.751447 0.341857 0.497106
4 0.25919 0.802425 0.459307 0.39515
4 0.0748102 0.777254 0.14962 0.438542
4 0.239259 0.571259 0.360328 0.174331
4 0.403708 0.407669 0.242333 0.761793
4 0.732187 0.495322 0.467229 0.990644
4 0.0190185 0.667506 0.038037 0.664988
0 0.298063 0.141129 0.596125 0.282258
4 0.430404 0.036402 0.84243 0.072804
4 0.372195 0.315567 0.660601 0.631134
0 0.515689 0.158131 0.615186 0.316261
0 0.417 0.795777 0.588524 0.378413
4 0.904438 0.282266 0.191125 0.564532
3 0.220021 0.808675 0.431538 0.366803
4 0.37527 0.621655 0.257034 0.281397
4 0.906387 0.340529 0.187227 0.671507
0 0.48337 0.104436 0.662155 0.208873
3 0.0809826 0.361582 0.161965 0.688462
4 0.373081 0.648583 0.123974 0.335679
4 0.0277107 0.272386 0.0554215 0.544772
4 0.471802 0.793247 0.480168 0.413506
1 0.155067 0.809135 0.30928 0.371208
4 0.482226 0.271085 0.625155 0.54217
0 0.0290954 0.828868 0.0581908 0.342265
2 0.42289 0.544566 0.213215 0.108665
4 0.547508 0.748735 0.495334 0.50253
3 0.219543 0.231787 0.439086 0.463574
0 0.926712 0.565172 0.146575 0.818203
4 0.916518 0.461846 0.166964 0.733545
4 0.326875 0.736351 0.605556 0.4992
2 0.373081 0.648583 0.123974 0.335679
0 0.517245 0.72032 0.411888 0.470194
0 0.186988 0.813766 0.366905 0.372468
4 0.0846488 0.834386 0.169298 0.32949
4 0.0121815 0.494019 0.0243629 0.657371
4 0.0183653 0.350246 0.0367307 0.700491
2 0.326875 0.736351 0.605556 0.4992
0 0.151219 0.254385 0.302438 0.508771
4 0.0128216 0.389532 0.0256433 0.731361
3 0.793218 0.691668 0.413565 0.591041
4 0.860552 0.171277 0.278896 0.342553
2 0.91387 0.504611 0.172259 0.700657
1 0.417 0.795777 0.588524 0.378413
4 0.417 0.795777 0.588524 0.378413
0 0.0748102 0.777254 0.14962 0.438542
0 0.0277107 0.272386 0.0554215 0.544772
4 0.713197 0.711791 0.56069 0.551555
0 0.0472254 0.636576 0.0940008 0.289632
3 0.10747 0.791677 0.21494 0.412379
3 0.37527 0.621655 0.257034 0.281397
0 0.250672 0.478246 0.335086 0.753274
4 0.126703 0.312593 0.253406 0.625187
4 0.517245 0.72032 0.411888 0.470194
4 0.0137763 0.596574 0.0275525 0.687919
4 0.503944 0.439417 0.413492 0.866882
4 0.787586 0.255246 0.424828 0.510491
4 0.52732 0.712132 0.267928 0.575736
3 0.414675 0.803856 0.519483 0.371638
0 0.714877 0.238987 0.570246 0.477974
0 0.219243 0.34865 0.429107 0.674968
3 0.151219 0.254385 0.302438 0.508771
1 0.574187 0.764218 0.43629 0.453384
4 0.793218 0.691668 0.413565 0.591041
4 0.622597 0.187672 0.410926 0.37037
4 0.871082 0.315664 0.257835 0.631086
0 0.0291642 0.806418 0.0583283 0.387165
0 0.403708 0.407669 0.242333 0.761793
0 0.700365 0.497985 0.547676 0.99597
0 0.372195 0.315567 0.660601 0.631134
3 0.371402 0.469761 0.089764 0.232884
1 0.82206 0.786373 0.355881 0.424492
0 0.153813 0.313786 0.307625 0.627573
4 0.714877 0.238987 0.570246 0.477974
2 0.466397 0.734524 0.603761 0.501561
4 0.854536 0.439956 0.290928 0.862044
0 0.646601 0.526294 0.358863 0.947412
4 0.0472254 0.636576 0.0940008 0.289632
0 0.482226 0.271085 0.625155 0.54217
4 0.42289 0.544566 0.213215 0.108665
4 0.560879 0.175829 0.583366 0.351659
4 0.253624 0.305273 0.507248 0.610546
4 0.119286 0.704723 0.237524 0.407752
2 0.574393 0.765868 0.44584 0.444811
1 0.234436 0.80683 0.460628 0.370905
0 0.646009 0.760039 0.513099 0.479922
4 0.48337 0.104436 0.662155 0.208873
2 0.921615 0.331262 0.15677 0.616964
2 0.0471174 0.59611 0.093824 0.325744
0 0.0183653 0.350246 0.0367307 0.700491
4 0.139646 0.402095 0.277496 0.791888
0 0.497156 0.325723 0.319124 0.624943
4 0.687024 0.118293 0.625532 0.236587
1 0.914736 0.787702 0.170528 0.424597
0 0.0948991 0.605924 0.186574 0.352726
2 0.790718 0.76968 0.418563 0.446305
2 0.627722 0.280049 0.382086 0.549528
4 0.756163 0.341045 0.487674 0.680065
0 0.471802 0.793247 0.480168 0.413506
0 0.358714 0.812769 0.428244 0.374463
4 0.26607 0.313265 0.369897 0.608526
4 0.697147 0.335341 0.345485 0.661692
4 0.71953 0.464569 0.291507 0.905252
4 0.151219 0.254385 0.302438 0.508771
4 0.214957 0.349474 0.417634 0.687722
4 0.0809826 0.361582 0.161965 0.688462
2 0.37527 0.621655 0.257034 0.281397
4 0.05978 0.390877 0.11956 0.718036
1 0.598655 0.294372 0.440168 0.577889
0 0.25919 0.802425 0.459307 0.39515
2 0.622597 0.187672 0.410926 0.37037
4 0.0948991 0.605924 0.186574 0.352726
4 0.497156 0.325723 0.319124 0.624943
0 0.107521 0.298468 0.215043 0.570992
4 0.368805 0.312034 0.462985 0.624069
1 0.438311 0.541571 0.264511 0.735004
4 0.704884 0.198419 0.51227 0.396838
4 0.176156 0.534667 0.350479 0.918573
1 0.20267 0.689238 0.387297 0.59482
2 0.899248 0.768493 0.201504 0.448839
1 0.697147 0.335341 0.345485 0.661692
