3 0.961106 0.270839 0.074398 0.332854
0 0.956871 0.265757 0.0862576 0.322619
0 0.835861 0.781547 0.328278 0.425747
1 0.95677 0.262111 0.0864599 0.311872
0 0.469611 0.765467 0.808907 0.443219
0 0.519372 0.0336147 0.961256 0.0672294
0 0.133994 0.881845 0.267988 0.236309
0 0.806165 0.679395 0.38692 0.602033
3 0.531531 0.628248 0.935852 0.708139
0 0.958488 0.322231 0.0830233 0.436328
3 0.799176 0.541346 0.401648 0.917309
0 0.371846 0.0469874 0.743454 0.0939747
0 0.625481 0.183498 0.749038 0.366997
3 0.178843 0.476989 0.353522 0.953979
0 0.659927 0.768504 0.680146 0.440792
0 0.720478 0.685838 0.559043 0.593032
0 0.263752 0.775937 0.518695 0.437403
3 0.512051 0.5 0.952423 1
3 0.720478 0.685838 0.559043 0.593032
0 0.604149 0.076455 0.791701 0.15291
4 0.838868 0.78101 0.322263 0.422521
3 0.953613 0.479943 0.0927746 0.589802
0 0.226763 0.179197 0.453525 0.358393
3 0.40519 0.71175 0.766387 0.508905
0 0.197099 0.792129 0.392318 0.415742
3 0.833607 0.783763 0.332786 0.432474
3 0.182602 0.268734 0.362917 0.514555
0 0.919014 0.799804 0.161972 0.399291
3 0.324234 0.796178 0.439477 0.407644
0 0.231868 0.890911 0.451997 0.218179
3 0.541744 0.770097 0.656027 0.459806
0 0.937126 0.771095 0.125749 0.45781
3 0.604149 0.076455 0.791701 0.15291
3 0.77812 0.38281 0.443761 0.76562
3 0.410592 0.573454 0.8191 0.829859
4 0.562939 0.467593 0.864025 0.923212
0 0.00774241 0.646035 0.0154848 0.707931
3 0.92213 0.802583 0.155741 0.394833
3 0.51243 0.342551 0.898271 0.684306
3 0.226763 0.179197 0.453525 0.358393
0 0.805259 0.213067 0.389481 0.426134
3 0.942033 0.707828 0.115933 0.556472
4 0.531093 0.764929 0.905267 0.446699
3 0.172713 0.768553 0.343482 0.457315
3 0.749833 0.225386 0.500335 0.450772
3 0.2676 0.478414 0.532346 0.956828
3 0.269053 0.864019 0.511809 0.271962
3 0.38918 0.770572 0.558666 0.458855
3 0.646292 0.36146 0.707415 0.722919
3 0.397842 0.386448 0.739713 0.772896
0 0.410088 0.258354 0.781958 0.516707
3 0.625481 0.183498 0.749038 0.366997
3 0.784593 0.773759 0.419666 0.452482
3 0.679107 0.77071 0.600457 0.45858
0 0.949994 0.215685 0.100013 0.431369
2 0.958542 0.262433 0.0829154 0.315364
3 0.534114 0.766704 0.928642 0.443984
3 0.555631 0.239812 0.888739 0.479623
3 0.948488 0.767281 0.103025 0.450208
4 0.580317 0.0599118 0.839365 0.119824
4 0.625481 0.183498 0.749038 0.366997
3 0.19352 0.885034 0.378625 0.229931
3 0.0831995 0.252519 0.166399 0.505039
3 0.680538 0.268604 0.638925 0.537208
0 0.00949927 0.691699 0.0189985 0.616603
3 0.130924 0.5 0.261437 1
0 0.252711 0.854191 0.495365 0.288292
3 0.0656445 0.760184 0.131289 0.479631
0 0.680538 0.268604 0.638925 0.537208
3 0.948095 0.224267 0.103811 0.448535
4 0.92213 0.802583 0.155741 0.394833
3 0.530727 0.0288861 0.938546 0.0577722
0 0.562939 0.467593 0.864025 0.923212
3 0.711448 0.420666 0.570221 0.783828
3 0.300018 0.0500576 0.600036 0.100115
3 0.83546 0.610857 0.32908 0.740306
4 0.525929 0.0376195 0.948141 0.075239
0 0.59557 0.317698 0.80886 0.635396
3 0.0329063 0.24717 0.0658127 0.49434
3 0.805259 0.213067 0.389481 0.426134
0 0.51893 0.160551 0.931361 0.321102
0 0.749833 0.225386 0.500335 0.450772
4 0.958542 0.262433 0.0829154 0.315364
3 0.957493 0.332326 0.0850145 0.448002
3 0.0256601 0.397315 0.0513203 0.787751
4 0.948095 0.224267 0.103811 0.448535
3 0.443927 0.0401658 0.887854 0.0803317
3 0.0656381 0.64545 0.131276 0.7091
4 0.555631 0.239812 0.888739 0.479623
3 0.0173076 0.796523 0.0346152 0.406955
0 0.953613 0.479943 0.0927746 0.589802
4 0.720478 0.685838 0.559043 0.593032
0 0.769209 0.775705 0.460872 0.430697
3 0.00774241 0.646035 0.0154848 0.707931
0 0.37706 0.691152 0.75412 0.576421
4 0.541744 0.770097 0.656027 0.459806
4 0.351077 0.773644 0.478301 0.452712
4 0.531531 0.628248 0.935852 0.708139
3 0.913792 0.785199 0.172416 0.429013
3 0.0121229 0.437655 0.0242458 0.837611
1 0.840136 0.766554 0.319728 0.448768
0 0.290836 0.0846893 0.581671 0.169379
3 0.267311 0.766256 0.524553 0.448223
4 0.937126 0.771095 0.125749 0.45781
0 0.711448 0.420666 0.570221 0.783828
0 0.482542 0.583836 0.915448 0.767834
0 0.0173076 0.796523 0.0346152 0.406955
4 0.696248 0.76588 0.607504 0.434138
4 0.958488 0.322231 0.0830233 0.436328
4 0.51243 0.342551 0.898271 0.684306
4 0.37706 0.691152 0.75412 0.576421
3 0.290836 0.0846893 0.581671 0.169379
3 0.864604 0.379765 0.270646 0.569702
3 0.0120533 0.756215 0.0241066 0.487571
4 0.784593 0.773759 0.419666 0.452482
1 0.205044 0.889688 0.405634 0.220624
4 0.165847 0.88449 0.331056 0.23102
3 0.0778354 0.443732 0.155671 0.875988
4 0.711448 0.420666 0.570221 0.783828
4 0.381852 0.775149 0.735579 0.427424
4 0.827274 0.698918 0.345452 0.565174
0 0.864604 0.379765 0.270646 0.569702
4 0.422138 0.0516033 0.844275 0.103207
3 0.526772 0.124813 0.92176 0.249626
3 0.00762542 0.4811 0.0152508 0.817902
3 0.123702 0.259642 0.247405 0.494865
3 0.424804 0.274087 0.687864 0.548174
0 0.119897 0.782527 0.239794 0.434946
3 0.029871 0.841347 0.059742 0.317307
4 0.913792 0.785199 0.172416 0.429013
4 0.526772 0.124813 0.92176 0.249626
0 0.480287 0.771964 0.693389 0.456072
0 0.0120533 0.756215 0.0241066 0.487571
4 0.267311 0.766256 0.524553 0.448223
4 0.424804 0.274087 0.687864 0.548174
0 0.345475 0.422888 0.689239 0.845777
4 0.269053 0.864019 0.511809 0.271962
4 0.345475 0.422888 0.689239 0.845777
3 0.00949927 0.691699 0.0189985 0.616603
3 0.269639 0.279397 0.529959 0.558793
0 0.029871 0.841347 0.059742 0.317307
4 0.749833 0.225386 0.500335 0.450772
0 0.00762542 0.4811 0.0152508 0.817902
4 0.953613 0.479943 0.0927746 0.589802
4 0.0121229 0.437655 0.0242458 0.837611
2 0.958488 0.322231 0.0830233 0.436328
4 0.00774241 0.646035 0.0154848 0.707931
3 0.737957 0.775558 0.524087 0.422394
0 0.235809 0.267666 0.459341 0.525423
4 0.325949 0.0446857 0.6483 0.0893713
4 0.226763 0.179197 0.453525 0.358393
4 0.680538 0.268604 0.638925 0.537208
4 0.119897 0.782527 0.239794 0.434946
0 0.0831995 0.252519 0.166399 0.505039
0 0.0121229 0.437655 0.0242458 0.837611
3 0.133519 0.862436 0.267038 0.275129
0 0.351077 0.773644 0.478301 0.452712
3 0.119897 0.782527 0.239794 0.434946
4 0.646292 0.36146 0.707415 0.722919
4 0.133519 0.862436 0.267038 0.275129
3 0.368286 0.777232 0.722257 0.431661
4 0.220964 0.493099 0.439198 0.985793
4 0.410592 0.573454 0.8191 0.829859
1 0.957493 0.332326 0.0850145 0.448002
4 0.805259 0.213067 0.389481 0.426134
0 0.751772 0.511986 0.49344 0.976028
4 0.817483 0.576384 0.364993 0.803536
4 0.00762542 0.4811 0.0152508 0.817902
4 0.751772 0.511986 0.49344 0.976028
4 0.0256601 0.397315 0.0513203 0.787751
4 0.235809 0.267666 0.459341 0.525423
0 0.818765 0.551325 0.36247 0.870311
4 0.180554 0.306051 0.3585 0.607002
4 0.0831995 0.252519 0.166399 0.505039
0 0.297831 0.273778 0.595662 0.547555
4 0.140923 0.445699 0.28131 0.891397
0 0.475756 0.309016 0.81063 0.618033
4 0.0656445 0.760184 0.131289 0.479631
1 0.220935 0.788309 0.439454 0.423382
2 0.267311 0.766256 0.524553 0.448223
4 0.029871 0.841347 0.059742 0.317307
4 0.290836 0.0846893 0.581671 0.169379
4 0.475992 0.191141 0.853 0.382282
0 0.0256601 0.397315 0.0513203 0.787751
3 0.92941 0.373358 0.139822 0.535696
4 0.297831 0.273778 0.595662 0.547555
4 0.0315822 0.295687 0.0631644 0.591375
1 0.133994 0.881845 0.267988 0.236309
3 0.475992 0.191141 0.853 0.382282
4 0.00949927 0.691699 0.0189985 0.616603
4 0.0778354 0.443732 0.155671 0.875988
4 0.123702 0.259642 0.247405 0.494865
4 0.172713 0.768553 0.343482 0.457315
2 0.378482 0.777268 0.740339 0.427942
2 0.835861 0.781547 0.328278 0.425747
1 0.948095 0.224267 0.103811 0.448535
2 0.847215 0.543298 0.30557 0.880135
0 0.0329063 0.24717 0.0658127 0.49434
0 0.679107 0.77071 0.600457 0.45858
0 0.0656445 0.760184 0.131289 0.479631
2 0.953613 0.479943 0.0927746 0.589802
4 0.0656381 0.64545 0.131276 0.7091
0 0.735561 0.328304 0.528877 0.656608
2 0.401977 0.651643 0.803955 0.668044
1 0.806165 0.679395 0.38692 0.602033
4 0.0173076 0.796523 0.0346152 0.406955
2 0.205044 0.889688 0.405634 0.220624
2 0.864604 0.379765 0.270646 0.569702
4 0.864604 0.379765 0.270646 0.569702
1 0.456753 0.768177 0.775485 0.43959
2 0.92941 0.373358 0.139822 0.535696
2 0.518291 0.769316 0.828664 0.437447
2 0.919014 0.799804 0.161972 0.399291
1 0.252711 0.854191 0.495365 0.288292
4 0.735561 0.328304 0.528877 0.656608
4 0.0120533 0.756215 0.0241066 0.487571
0 0.92941 0.373358 0.139822 0.535696
2 0.197099 0.792129 0.392318 0.415742
2 0.432868 0.475973 0.815536 0.951945
0 0.220964 0.493099 0.439198 0.985793
0 0.161615 0.265234 0.32323 0.530468
2 0.161615 0.265234 0.32323 0.530468
1 0.919014 0.799804 0.161972 0.399291
1 0.652457 0.77649 0.688562 0.443806
4 0.231868 0.890911 0.451997 0.218179
2 0.527163 0.355244 0.921137 0.710487
4 0.795587 0.461265 0.408825 0.782175
1 0.503968 0.319318 0.883493 0.638635
0 0.123702 0.259642 0.247405 0.494865
2 0.252711 0.854191 0.495365 0.288292
2 0.133974 0.880869 0.267948 0.238262
2 0.795587 0.461265 0.408825 0.782175
2 0.00774241 0.646035 0.0154848 0.707931
2 0.805259 0.213067 0.389481 0.426134
2 0.387571 0.275986 0.773765 0.551973
2 0.181834 0.5 0.359671 1
2 0.541744 0.770097 0.656027 0.459806
1 0.119897 0.782527 0.239794 0.434946
1 0.316485 0.778614 0.612274 0.432235
1 0.77812 0.38281 0.443761 0.76562
2 0.38918 0.770572 0.558666 0.458855
2 0.119897 0.782527 0.239794 0.434946
2 0.625481 0.183498 0.749038 0.366997
2 0.029871 0.841347 0.059742 0.317307
1 0.457142 0.263822 0.670779 0.527645
2 0.937126 0.771095 0.125749 0.45781
2 0.0256601 0.397315 0.0513203 0.787751
1 0.637047 0.380854 0.725907 0.761707
1 0.769209 0.775705 0.460872 0.430697
2 0.0173076 0.796523 0.0346152 0.406955
2 0.240618 0.264873 0.481236 0.529746
0 0.148168 0.540634 0.296337 0.918731
2 0.679107 0.77071 0.600457 0.45858
1 0.178843 0.476989 0.353522 0.953979
2 0.140923 0.445699 0.28131 0.891397
1 0.937126 0.771095 0.125749 0.45781
2 0.317185 0.49965 0.631114 0.97065
2 0.51893 0.160551 0.931361 0.321102
2 0.0656445 0.760184 0.131289 0.479631
2 0.130228 0.344585 0.260457 0.653126
2 0.784593 0.773759 0.419666 0.452482
2 0.806165 0.679395 0.38692 0.602033
2 0.071626 0.51326 0.143252 0.97348
1 0.209053 0.298711 0.410323 0.597423
1 0.530727 0.0288861 0.938546 0.0577722
2 0.0315822 0.295687 0.0631644 0.591375
2 0.948095 0.224267 0.103811 0.448535
2 0.00949927 0.691699 0.0189985 0.616603
1 0.341674 0.278044 0.661913 0.556011
4 0.92941 0.373358 0.139822 0.535696
2 0.711448 0.420666 0.570221 0.783828
2 0.00762542 0.4811 0.0152508 0.817902
2 0.0831995 0.252519 0.166399 0.505039
2 0.324234 0.796178 0.439477 0.407644
1 0.805259 0.213067 0.389481 0.426134
2 0.720478 0.685838 0.559043 0.593032
0 0.0656381 0.64545 0.131276 0.7091
2 0.659927 0.768504 0.680146 0.440792
1 0.541744 0.770097 0.656027 0.459806
1 0.0173076 0.796523 0.0346152 0.406955
1 0.604149 0.076455 0.791701 0.15291
1 0.0656445 0.760184 0.131289 0.479631
2 0.749833 0.225386 0.500335 0.450772
1 0.123702 0.259642 0.247405 0.494865
2 0.346096 0.355609 0.675065 0.711219
2 0.0120533 0.756215 0.0241066 0.487571
1 0.0120533 0.756215 0.0241066 0.487571
2 0.226763 0.179197 0.453525 0.358393
2 0.735561 0.328304 0.528877 0.656608
2 0.0121229 0.437655 0.0242458 0.837611
1 0.526772 0.124813 0.92176 0.249626
1 0.0778354 0.443732 0.155671 0.875988
2 0.680538 0.268604 0.638925 0.537208
1 0.679107 0.77071 0.600457 0.45858
1 0.029871 0.841347 0.059742 0.317307
1 0.443927 0.0401658 0.887854 0.0803317
2 0.604149 0.076455 0.791701 0.15291
2 0.422138 0.0516033 0.844275 0.103207
2 0.325949 0.0446857 0.6483 0.0893713
2 0.0656381 0.64545 0.131276 0.7091
3 0.96111 0.270819 0.0744148 0.332759
0 0.956873 0.265722 0.0862537 0.322503
0 0.835865 0.781541 0.32827 0.425751
1 0.956774 0.262077 0.0864515 0.31181
0 0.469899 0.765513 0.808343 0.443021
0 0.519391 0.0337235 0.961218 0.0674471
0 0.133681 0.881924 0.267362 0.236153
0 0.80609 0.679248 0.387076 0.602234
3 0.53161 0.629818 0.935663 0.70503
3 0.799413 0.541194 0.401174 0.917612
0 0.958482 0.322184 0.0830368 0.435839
3 0.178767 0.476955 0.353355 0.95391
0 0.37176 0.0471956 0.74334 0.0943912
0 0.625296 0.181332 0.749409 0.362663
0 0.660661 0.768507 0.678678 0.440821
3 0.512008 0.5 0.952511 1
0 0.721919 0.685997 0.556162 0.592697
0 0.263731 0.775989 0.518637 0.437172
3 0.721919 0.685997 0.556162 0.592697
4 0.838853 0.781004 0.322294 0.422542
0 0.604098 0.0762398 0.791803 0.15248
3 0.953632 0.479265 0.0927354 0.585089
3 0.405156 0.711579 0.765874 0.508987
0 0.226768 0.178374 0.453536 0.356747
3 0.833547 0.783673 0.332907 0.432654
3 0.3252 0.794799 0.439923 0.410402
0 0.196974 0.792188 0.392084 0.415625
3 0.182579 0.268254 0.362881 0.513591
3 0.541185 0.770146 0.656899 0.459708
3 0.604098 0.0762398 0.791803 0.15248
0 0.919551 0.799844 0.160899 0.399177
3 0.77862 0.382862 0.44276 0.765723
3 0.411069 0.574302 0.82004 0.828083
0 0.937204 0.771153 0.125592 0.457693
0 0.231954 0.890854 0.452246 0.218293
4 0.562865 0.469985 0.86419 0.927717
3 0.922502 0.802587 0.154995 0.394825
3 0.512384 0.343059 0.898335 0.684931
3 0.226768 0.178374 0.453536 0.356747
0 0.00778393 0.645885 0.0155679 0.708231
3 0.942115 0.708695 0.11577 0.553556
4 0.530898 0.764924 0.906524 0.44658
3 0.17259 0.768597 0.343261 0.457226
0 0.805291 0.213054 0.389417 0.426108
3 0.749734 0.225314 0.500532 0.450627
3 0.266876 0.478199 0.530838 0.956398
3 0.269758 0.86274 0.51287 0.274519
3 0.389159 0.770728 0.559819 0.458545
3 0.646228 0.361265 0.707544 0.72253
3 0.397829 0.384228 0.738604 0.768456
3 0.625296 0.181332 0.749409 0.362663
3 0.784126 0.773697 0.420567 0.452606
3 0.678163 0.770704 0.60255 0.458591
3 0.533969 0.76669 0.928995 0.444008
2 0.958539 0.262444 0.0829227 0.315202
3 0.555691 0.236083 0.888619 0.472165
3 0.948489 0.767333 0.103022 0.450107
0 0.950058 0.215664 0.0998838 0.431329
0 0.410292 0.25761 0.781537 0.515221
4 0.580344 0.0598572 0.839313 0.119714
3 0.193432 0.885113 0.378355 0.229774
4 0.625296 0.181332 0.749409 0.362663
3 0.0832709 0.252422 0.166542 0.504845
3 0.680274 0.268526 0.639452 0.537051
3 0.130727 0.5 0.261063 1
3 0.0655704 0.760307 0.131141 0.479386
0 0.00958163 0.691674 0.0191633 0.616652
3 0.948312 0.224209 0.103377 0.448418
3 0.530839 0.0289262 0.938323 0.0578524
3 0.711255 0.423403 0.570567 0.789144
4 0.922502 0.802587 0.154995 0.394825
3 0.299914 0.0498331 0.599828 0.0996661
0 0.252911 0.84761 0.495783 0.301363
4 0.525896 0.0377816 0.948207 0.0755632
0 0.680274 0.268526 0.639452 0.537051
3 0.0329786 0.247081 0.0659571 0.494162
3 0.836931 0.623095 0.326139 0.715703
3 0.805291 0.213054 0.389417 0.426108
0 0.562865 0.469985 0.86419 0.927717
0 0.595532 0.316719 0.808936 0.633438
0 0.519256 0.159591 0.931329 0.319182
0 0.749734 0.225314 0.500532 0.450627
3 0.957499 0.332113 0.0850018 0.447406
4 0.958539 0.262444 0.0829227 0.315202
3 0.025749 0.397422 0.051498 0.787778
3 0.443803 0.0403804 0.887605 0.0807608
4 0.948312 0.224209 0.103377 0.448418
4 0.555691 0.236083 0.888619 0.472165
3 0.0174186 0.796511 0.0348371 0.406978
3 0.0655982 0.645981 0.131196 0.708039
4 0.541185 0.770146 0.656899 0.459708
4 0.721919 0.685997 0.556162 0.592697
3 0.00778393 0.645885 0.0155679 0.708231
4 0.351347 0.773552 0.479393 0.452895
4 0.53161 0.629818 0.935663 0.70503
0 0.953632 0.479265 0.0927354 0.585089
3 0.914301 0.785273 0.171397 0.428819
0 0.376736 0.691268 0.753473 0.576092
0 0.76893 0.775662 0.461422 0.430844
3 0.0121454 0.437447 0.0242909 0.836664
3 0.2674 0.766203 0.524715 0.448303
1 0.840089 0.766547 0.319822 0.448718
4 0.937204 0.771153 0.125592 0.457693
4 0.695946 0.765852 0.608107 0.434136
4 0.958482 0.322184 0.0830368 0.435839
0 0.290768 0.0839799 0.581536 0.16796
4 0.512384 0.343059 0.898335 0.684931
4 0.376736 0.691268 0.753473 0.576092
0 0.711255 0.423403 0.570567 0.789144
3 0.864859 0.379617 0.27013 0.569435
3 0.290768 0.0839799 0.581536 0.16796
0 0.483196 0.58391 0.916652 0.767603
0 0.0174186 0.796511 0.0348371 0.406978
4 0.784126 0.773697 0.420567 0.452606
3 0.0121344 0.756213 0.0242688 0.487574
3 0.695946 0.765852 0.608107 0.434136
4 0.678163 0.770704 0.60255 0.458591
4 0.165599 0.884524 0.330551 0.230952
1 0.205035 0.889686 0.405608 0.220628
4 0.711255 0.423403 0.570567 0.789144
3 0.0774574 0.443614 0.154915 0.875486
4 0.381824 0.775364 0.734818 0.426864
4 0.827155 0.698753 0.34569 0.565445
4 0.421961 0.0520083 0.843922 0.104017
3 0.00764168 0.480961 0.0152834 0.816659
3 0.52681 0.123248 0.921663 0.246497
3 0.123944 0.259283 0.247889 0.49417
3 0.425258 0.27317 0.68635 0.546339
3 0.0299093 0.841222 0.0598186 0.317556
4 0.52681 0.123248 0.921663 0.246497
4 0.914301 0.785273 0.171397 0.428819
0 0.864859 0.379617 0.27013 0.569435
4 0.2674 0.766203 0.524715 0.448303
0 0.119536 0.782714 0.239073 0.434573
4 0.425258 0.27317 0.68635 0.546339
0 0.480174 0.772063 0.693202 0.455874
0 0.0121344 0.756213 0.0242688 0.487574
4 0.269758 0.86274 0.51287 0.274519
4 0.344979 0.419063 0.687818 0.838125
0 0.344979 0.419063 0.687818 0.838125
3 0.269636 0.279449 0.529963 0.558898
3 0.00958163 0.691674 0.0191633 0.616652
4 0.749734 0.225314 0.500532 0.450627
4 0.953632 0.479265 0.0927354 0.585089
4 0.0121454 0.437447 0.0242909 0.836664
4 0.00778393 0.645885 0.0155679 0.708231
3 0.37665 0.777906 0.715131 0.430092
2 0.958482 0.322184 0.0830368 0.435839
0 0.0299093 0.841222 0.0598186 0.317556
0 0.00764168 0.480961 0.0152834 0.816659
4 0.325851 0.0447292 0.64814 0.0894583
4 0.226768 0.178374 0.453536 0.356747
0 0.23576 0.267191 0.459229 0.524278
4 0.680274 0.268526 0.639452 0.537051
4 0.119536 0.782714 0.239073 0.434573
3 0.133323 0.862148 0.266645 0.275704
3 0.119536 0.782714 0.239073 0.434573
4 0.133323 0.862148 0.266645 0.275704
4 0.22073 0.493416 0.438758 0.985153
4 0.646228 0.361265 0.707544 0.72253
0 0.0121454 0.437447 0.0242909 0.836664
4 0.411069 0.574302 0.82004 0.828083
0 0.0832709 0.252422 0.166542 0.504845
4 0.805291 0.213054 0.389417 0.426108
1 0.957499 0.332113 0.0850018 0.447406
0 0.351347 0.773552 0.479393 0.452895
4 0.00764168 0.480961 0.0152834 0.816659
4 0.025749 0.397422 0.051498 0.787778
4 0.23576 0.267191 0.459229 0.524278
0 0.338839 0.290235 0.66239 0.580471
4 0.180538 0.306276 0.358477 0.607265
0 0.820748 0.552083 0.358503 0.869009
4 0.785843 0.513993 0.425978 0.950184
4 0.0832709 0.252422 0.166542 0.504845
4 0.321797 0.285873 0.631512 0.571747
4 0.140652 0.445587 0.28078 0.891173
4 0.0655704 0.760307 0.131141 0.479386
2 0.2674 0.766203 0.524715 0.448303
4 0.0299093 0.841222 0.0598186 0.317556
1 0.221005 0.78722 0.439604 0.425561
0 0.475344 0.308809 0.809148 0.617619
4 0.290768 0.0839799 0.581536 0.16796
4 0.476382 0.189924 0.852313 0.379848
3 0.929476 0.372708 0.139673 0.534546
0 0.025749 0.397422 0.051498 0.787778
4 0.0316795 0.295901 0.0633589 0.591803
1 0.133681 0.881924 0.267362 0.236153
3 0.476382 0.189924 0.852313 0.379848
4 0.00958163 0.691674 0.0191633 0.616652
4 0.0774574 0.443614 0.154915 0.875486
4 0.123944 0.259283 0.247889 0.49417
4 0.17259 0.768597 0.343261 0.457226
2 0.392309 0.768538 0.731771 0.448604
2 0.835865 0.781541 0.32827 0.425751
1 0.948312 0.224209 0.103377 0.448418
2 0.847412 0.54332 0.305175 0.880215
0 0.678163 0.770704 0.60255 0.458591
0 0.0329786 0.247081 0.0659571 0.494162
0 0.0655704 0.760307 0.131141 0.479386
2 0.953632 0.479265 0.0927354 0.585089
4 0.0655982 0.645981 0.131196 0.708039
2 0.401962 0.652093 0.803924 0.667052
4 0.847412 0.54332 0.305175 0.880215
1 0.80609 0.679248 0.387076 0.602234
4 0.0174186 0.796511 0.0348371 0.406978
2 0.205035 0.889686 0.405608 0.220628
0 0.735554 0.327977 0.528893 0.655954
4 0.864859 0.379617 0.27013 0.569435
2 0.864859 0.379617 0.27013 0.569435
2 0.929476 0.372708 0.139673 0.534546
1 0.45755 0.768273 0.773273 0.439276
4 0.0121344 0.756213 0.0242688 0.487574
2 0.919551 0.799844 0.160899 0.399177
1 0.252911 0.84761 0.495783 0.301363
4 0.735554 0.327977 0.528893 0.655954
2 0.196974 0.792188 0.392084 0.415625
2 0.43292 0.475842 0.815044 0.951684
1 0.919551 0.799844 0.160899 0.399177
2 0.161531 0.264906 0.323062 0.529812
0 0.929476 0.372708 0.139673 0.534546
4 0.231954 0.890854 0.452246 0.218293
1 0.649874 0.776525 0.693819 0.44391
2 0.527033 0.355592 0.92141 0.711185
0 0.22073 0.493416 0.438758 0.985153
0 0.161531 0.264906 0.323062 0.529812
1 0.503984 0.318991 0.883307 0.637982
2 0.252911 0.84761 0.495783 0.301363
2 0.795742 0.462535 0.408515 0.784916
2 0.133543 0.880913 0.267087 0.238174
0 0.123944 0.259283 0.247889 0.49417
2 0.00778393 0.645885 0.0155679 0.708231
2 0.805291 0.213054 0.389417 0.426108
2 0.387113 0.275512 0.772869 0.551024
2 0.181731 0.5 0.359453 1
2 0.541185 0.770146 0.656899 0.459708
1 0.119536 0.782714 0.239073 0.434573
1 0.316746 0.778723 0.612731 0.431983
1 0.77862 0.382862 0.44276 0.765723
2 0.389159 0.770728 0.559819 0.458545
2 0.119536 0.782714 0.239073 0.434573
2 0.625296 0.181332 0.749409 0.362663
2 0.0299093 0.841222 0.0598186 0.317556
1 0.457424 0.262602 0.668978 0.525203
2 0.937204 0.771153 0.125592 0.457693
1 0.636861 0.381131 0.726278 0.762262
2 0.025749 0.397422 0.051498 0.787778
2 0.0174186 0.796511 0.0348371 0.406978
1 0.76893 0.775662 0.461422 0.430844
2 0.24068 0.264503 0.481359 0.529005
2 0.678163 0.770704 0.60255 0.458591
1 0.178767 0.476955 0.353355 0.95391
2 0.140652 0.445587 0.28078 0.891173
1 0.937204 0.771153 0.125592 0.457693
2 0.317396 0.49984 0.631525 0.970337
0 0.147936 0.541726 0.295871 0.916548
2 0.519256 0.159591 0.931329 0.319182
2 0.0655704 0.760307 0.131141 0.479386
2 0.129875 0.345094 0.259751 0.654092
2 0.784126 0.773697 0.420567 0.452606
2 0.80609 0.679248 0.387076 0.602234
2 0.0713896 0.513509 0.142779 0.972982
1 0.209032 0.298851 0.410271 0.597702
1 0.530839 0.0289262 0.938323 0.0578524
2 0.948312 0.224209 0.103377 0.448418
2 0.0316795 0.295901 0.0633589 0.591803
2 0.00958163 0.691674 0.0191633 0.616652
1 0.341645 0.27731 0.66124 0.554174
4 0.929476 0.372708 0.139673 0.534546
2 0.542707 0.764219 0.90389 0.443373
2 0.711255 0.423403 0.570567 0.789144
2 0.00764168 0.480961 0.0152834 0.816659
2 0.3252 0.794799 0.439923 0.410402
2 0.721919 0.685997 0.556162 0.592697
2 0.0832709 0.252422 0.166542 0.504845
1 0.805291 0.213054 0.389417 0.426108
1 0.541185 0.770146 0.656899 0.459708
1 0.0174186 0.796511 0.0348371 0.406978
0 0.0655982 0.645981 0.131196 0.708039
1 0.604098 0.0762398 0.791803 0.15248
1 0.0655704 0.760307 0.131141 0.479386
2 0.749734 0.225314 0.500532 0.450627
1 0.123944 0.259283 0.247889 0.49417
2 0.344826 0.354698 0.67221 0.709395
2 0.0121344 0.756213 0.0242688 0.487574
1 0.0121344 0.756213 0.0242688 0.487574
2 0.226768 0.178374 0.453536 0.356747
2 0.735554 0.327977 0.528893 0.655954
2 0.0121454 0.437447 0.0242909 0.836664
1 0.52681 0.123248 0.921663 0.246497
1 0.0774574 0.443614 0.154915 0.875486
2 0.680274 0.268526 0.639452 0.537051
1 0.678163 0.770704 0.60255 0.458591
1 0.0299093 0.841222 0.0598186 0.317556
2 0.695946 0.765852 0.608107 0.434136
2 0.604098 0.0762398 0.791803 0.15248
1 0.443803 0.0403804 0.887605 0.0807608
2 0.421961 0.0520083 0.843922 0.104017
2 0.325851 0.0447292 0.64814 0.0894583
2 0.0655982 0.645981 0.131196 0.708039
2 0.53161 0.629818 0.935663 0.70503
