0 0.695565 0.589827 0.048263 0.140192
0 0.620058 0.544142 0.0622402 0.0705762
0 0.831684 0.754119 0.336632 0.485915
0 0.69555 0.563007 0.0477185 0.163064
0 0.621118 0.550748 0.0792072 0.109737
0 0.615855 0.533356 0.0713082 0.0867
0 0.761876 0.676268 0.181367 0.326376
0 0.524214 0.532037 0.0656111 0.0981285
0 0.53637 0.534219 0.0463408 0.0883522
0 0.702197 0.603457 0.0621349 0.169702
0 0.255508 0.760545 0.50289 0.467154
0 0.369674 0.522529 0.0743372 0.118736
0 0.515164 0.579319 0.0959059 0.185874
0 0.668313 0.578376 0.0814134 0.15243
0 0.372912 0.504129 0.0722369 0.0708082
0 0.529456 0.0280057 0.941089 0.0560114
0 0.398095 0.72719 0.201218 0.504697
0 0.654364 0.750864 0.691273 0.472963
0 0.651081 0.568706 0.0608474 0.166528
0 0.704898 0.498552 0.0686077 0.272701
0 0.729359 0.571724 0.114014 0.186401
0 0.43055 0.702695 0.258961 0.465353
3 0.528868 0.410675 0.621497 0.821349
0 0.352435 0.74684 0.657987 0.50632
0 0.649752 0.739409 0.371373 0.521183
3 0.652568 0.423517 0.65893 0.83845
0 0.923098 0.755154 0.153803 0.489691
0 0.378897 0.739727 0.426454 0.506738
0 0.656103 0.0331056 0.687794 0.0662113
3 0.921902 0.558393 0.156197 0.866463
0 0.466384 0.769394 0.638733 0.442443
3 0.338454 0.501586 0.610304 0.996827
0 0.0808845 0.77782 0.161156 0.43207
3 0.53637 0.534219 0.0463408 0.0883522
3 0.846133 0.535923 0.307735 0.928153
3 0.216147 0.551851 0.424094 0.896299
3 0.173802 0.231898 0.344937 0.441423
3 0.536982 0.4761 0.0527109 0.209549
0 0.55324 0.735359 0.569765 0.529282
4 0.695565 0.589827 0.048263 0.140192
3 0.190025 0.772878 0.356051 0.454244
0 0.380871 0.035432 0.759896 0.070864
3 0.643937 0.746942 0.710181 0.506115
0 0.173084 0.766651 0.344254 0.452791
0 0.885662 0.760267 0.228676 0.478633
3 0.373454 0.404252 0.0926655 0.393415
3 0.253553 0.424307 0.344342 0.848614
3 0.117277 0.783395 0.231063 0.433211
0 0.0570752 0.780922 0.113822 0.425907
0 0.22918 0.114152 0.45836 0.228304
0 0.825207 0.523141 0.349586 0.953718
3 0.703483 0.504979 0.593035 0.990042
0 0.501692 0.268909 0.767464 0.537818
0 0.216147 0.551851 0.424094 0.896299
4 0.654364 0.750864 0.691273 0.472963
0 0.773681 0.0649916 0.452638 0.129983
4 0.83236 0.75775 0.335279 0.475324
1 0.695565 0.589827 0.048263 0.140192
3 0.162878 0.498944 0.325511 0.936359
3 0.837855 0.753325 0.324291 0.493351
0 0.536982 0.4761 0.0527109 0.209549
3 0.710306 0.0463009 0.579389 0.0926019
3 0.266275 0.759616 0.448919 0.480767
3 0.372912 0.504129 0.0722369 0.0708082
1 0.839927 0.753274 0.320146 0.4881
3 0.366504 0.471189 0.412747 0.942379
3 0.592962 0.764499 0.511672 0.471002
0 0.635277 0.281896 0.722685 0.563793
4 0.242491 0.760432 0.477236 0.464723
0 0.532805 0.537006 0.0442986 0.0514374
2 0.695565 0.589827 0.048263 0.140192
3 0.22918 0.114152 0.45836 0.228304
3 0.801805 0.738496 0.396389 0.523008
3 0.173147 0.734618 0.345301 0.444888
3 0.929561 0.749421 0.140879 0.501158
4 0.351564 0.772325 0.639347 0.441109
0 0.710306 0.0463009 0.579389 0.0926019
3 0.499416 0.769251 0.438375 0.461498
4 0.55037 0.0271787 0.897655 0.0543573
2 0.69555 0.563007 0.0477185 0.163064
0 0.611746 0.47979 0.0878578 0.220567
3 0.894275 0.729342 0.21145 0.541317
3 0.363595 0.757592 0.417445 0.484816
4 0.704898 0.498552 0.0686077 0.272701
3 0.827624 0.256589 0.344752 0.508005
4 0.69555 0.563007 0.0477185 0.163064
3 0.754434 0.178758 0.491133 0.357516
3 0.787943 0.551807 0.241332 0.82416
3 0.499293 0.303364 0.657694 0.606729
3 0.86649 0.741341 0.26702 0.517318
3 0.509762 0.0294569 0.939143 0.0589139
3 0.0198813 0.276521 0.0397626 0.553043
3 0.203301 0.182597 0.40616 0.365194
3 0.92149 0.753208 0.157021 0.493584
3 0.060748 0.220854 0.121496 0.441707
0 0.787943 0.551807 0.241332 0.82416
4 0.656103 0.0331056 0.687794 0.0662113
4 0.738559 0.264872 0.522882 0.52707
3 0.238169 0.747599 0.471061 0.475044
0 0.554632 0.413692 0.58402 0.825775
4 0.72079 0.492239 0.558419 0.984478
3 0.62358 0.486165 0.100589 0.296377
3 0.302828 0.0620526 0.605518 0.124105
0 0.0175034 0.650809 0.0350069 0.675158
3 0.656103 0.0331056 0.687794 0.0662113
3 0.651081 0.568706 0.0608474 0.166528
4 0.533634 0.273008 0.680767 0.546015
4 0.761876 0.676268 0.181367 0.326376
3 0.43055 0.702695 0.258961 0.465353
3 0.615855 0.533356 0.0713082 0.0867
3 0.202153 0.287277 0.398376 0.567337
0 0.302828 0.0620526 0.605518 0.124105
3 0.522361 0.55765 0.0796515 0.419335
4 0.929561 0.749421 0.140879 0.501158
4 0.652568 0.423517 0.65893 0.83845
0 0.776281 0.262624 0.447437 0.522673
0 0.0240942 0.785863 0.0481884 0.424412
4 0.369674 0.522529 0.0743372 0.118736
3 0.704898 0.498552 0.0686077 0.272701
3 0.0199582 0.39546 0.0399165 0.728463
0 0.404011 0.288122 0.614571 0.576243
3 0.0174421 0.599527 0.0348843 0.755615
3 0.621118 0.550748 0.0792072 0.109737
4 0.363595 0.757592 0.417445 0.484816
0 0.274333 0.26117 0.539655 0.521391
0 0.663114 0.471343 0.671237 0.941778
3 0.338994 0.0382849 0.672787 0.0765699
4 0.773681 0.0649916 0.452638 0.129983
0 0.62358 0.486165 0.100589 0.296377
0 0.522361 0.55765 0.0796515 0.419335
3 0.917727 0.352014 0.164546 0.704028
3 0.0199094 0.775841 0.0398189 0.448317
3 0.303619 0.276659 0.578523 0.553317
3 0.369674 0.522529 0.0743372 0.118736
4 0.173084 0.766651 0.344254 0.452791
2 0.621118 0.550748 0.0792072 0.109737
3 0.738559 0.264872 0.522882 0.52707
3 0.635277 0.281896 0.722685 0.563793
1 0.702197 0.603457 0.0621349 0.169702
4 0.92149 0.753208 0.157021 0.493584
0 0.0169328 0.73658 0.0338656 0.524517
3 0.0198142 0.510981 0.0396284 0.870743
4 0.699688 0.743135 0.600625 0.513731
3 0.611746 0.47979 0.0878578 0.220567
3 0.668313 0.578376 0.0814134 0.15243
3 0.0285805 0.778549 0.0571609 0.442901
0 0.404735 0.48679 0.613374 0.97358
0 0.929561 0.749421 0.140879 0.501158
3 0.788729 0.494832 0.422543 0.966501
4 0.398095 0.72719 0.201218 0.504697
0 0.0199582 0.39546 0.0399165 0.728463
0 0.0285805 0.778549 0.0571609 0.442901
0 0.11923 0.774854 0.236844 0.44352
4 0.710306 0.0463009 0.579389 0.0926019
3 0.287874 0.10048 0.575749 0.20096
4 0.216147 0.551851 0.424094 0.896299
0 0.0198142 0.510981 0.0396284 0.870743
4 0.86649 0.741341 0.26702 0.517318
4 0.442811 0.249113 0.838537 0.498225
3 0.0755804 0.46319 0.151161 0.667497
4 0.0808845 0.77782 0.161156 0.43207
4 0.372912 0.504129 0.0722369 0.0708082
3 0.0570752 0.780922 0.113822 0.425907
4 0.801805 0.738496 0.396389 0.523008
4 0.787943 0.551807 0.241332 0.82416
4 0.395587 0.263657 0.614545 0.524389
3 0.669682 0.750759 0.660637 0.468646
3 0.125629 0.254963 0.251258 0.487206
3 0.773681 0.0649916 0.452638 0.129983
4 0.82406 0.509697 0.351879 0.976312
3 0.649752 0.739409 0.371373 0.521183
4 0.154581 0.773318 0.284581 0.453363
4 0.0285805 0.778549 0.0571609 0.442901
4 0.477149 0.777299 0.593493 0.433537
3 0.0808845 0.77782 0.161156 0.43207
0 0.0198813 0.276521 0.0397626 0.553043
0 0.060748 0.220854 0.121496 0.441707
4 0.312298 0.50196 0.599035 0.996079
0 0.817381 0.172327 0.365238 0.344654
4 0.894275 0.729342 0.21145 0.541317
1 0.536982 0.4761 0.0527109 0.209549
0 0.921855 0.613043 0.15629 0.767316
0 0.86649 0.741341 0.26702 0.517318
4 0.408206 0.0337522 0.81065 0.0675043
4 0.22918 0.114152 0.45836 0.228304
4 0.53637 0.534219 0.0463408 0.0883522
4 0.117277 0.783395 0.231063 0.433211
2 0.615855 0.533356 0.0713082 0.0867
1 0.174202 0.766001 0.340877 0.458243
3 0.398095 0.72719 0.201218 0.504697
4 0.436679 0.766407 0.472245 0.467186
0 0.287874 0.10048 0.575749 0.20096
4 0.303619 0.276659 0.578523 0.553317
3 0.469837 0.778773 0.538041 0.434281
2 0.668067 0.699382 0.385978 0.41034
4 0.253553 0.424307 0.344342 0.848614
2 0.372912 0.504129 0.0722369 0.0708082
3 0.0917047 0.530402 0.183409 0.889269
4 0.559698 0.768794 0.462891 0.462411
4 0.458256 0.44402 0.674187 0.88804
2 0.515164 0.579319 0.0959059 0.185874
3 0.830825 0.65916 0.338351 0.681679
4 0.921902 0.558393 0.156197 0.866463
4 0.817381 0.172327 0.365238 0.344654
4 0.515164 0.579319 0.0959059 0.185874
4 0.615855 0.533356 0.0713082 0.0867
0 0.226587 0.219555 0.437903 0.426575
3 0.395587 0.263657 0.614545 0.524389
4 0.229921 0.196869 0.455298 0.393738
4 0.668067 0.699382 0.385978 0.41034
4 0.36223 0.212689 0.71745 0.425379
3 0.524214 0.532037 0.0656111 0.0981285
4 0.378897 0.739727 0.426454 0.506738
4 0.917727 0.352014 0.164546 0.704028
3 0.323307 0.773981 0.59438 0.446196
4 0.524214 0.532037 0.0656111 0.0981285
3 0.250001 0.22604 0.481596 0.440851
4 0.702197 0.603457 0.0621349 0.169702
4 0.0209378 0.464358 0.0418757 0.873948
3 0.761876 0.676268 0.181367 0.326376
3 0.378897 0.739727 0.426454 0.506738
4 0.0175034 0.650809 0.0350069 0.675158
0 0.917727 0.352014 0.164546 0.704028
4 0.55324 0.735359 0.569765 0.529282
0 0.373454 0.404252 0.0926655 0.393415
4 0.373454 0.404252 0.0926655 0.393415
1 0.69555 0.563007 0.0477185 0.163064
3 0.55324 0.735359 0.569765 0.529282
4 0.0198813 0.276521 0.0397626 0.553043
0 0.592962 0.764499 0.511672 0.471002
4 0.43055 0.702695 0.258961 0.465353
4 0.827624 0.256589 0.344752 0.508005
3 0.0932741 0.312115 0.186548 0.520985
4 0.287874 0.10048 0.575749 0.20096
2 0.233512 0.757987 0.463168 0.468522
3 0.695565 0.589827 0.048263 0.140192
1 0.704898 0.498552 0.0686077 0.272701
2 0.378897 0.739727 0.426454 0.506738
4 0.0570752 0.780922 0.113822 0.425907
4 0.302828 0.0620526 0.605518 0.124105
4 0.430488 0.738669 0.72653 0.522662
3 0.729359 0.571724 0.114014 0.186401
4 0.0240942 0.785863 0.0481884 0.424412
3 0.488453 0.252596 0.815206 0.505192
4 0.0169328 0.73658 0.0338656 0.524517
4 0.060748 0.220854 0.121496 0.441707
2 0.634256 0.756092 0.626334 0.469469
4 0.536982 0.4761 0.0527109 0.209549
1 0.394086 0.767546 0.658134 0.445661
2 0.651081 0.568706 0.0608474 0.166528
2 0.430488 0.738669 0.72653 0.522662
0 0.801805 0.738496 0.396389 0.523008
3 0.69555 0.563007 0.0477185 0.163064
3 0.515164 0.579319 0.0959059 0.185874
0 0.760501 0.5 0.478998 1
4 0.522361 0.55765 0.0796515 0.419335
2 0.55324 0.735359 0.569765 0.529282
0 0.403886 0.226972 0.807772 0.453945
2 0.833948 0.7564 0.332104 0.474352
0 0.436679 0.766407 0.472245 0.467186
4 0.202153 0.287277 0.398376 0.567337
4 0.621118 0.550748 0.0792072 0.109737
4 0.125629 0.254963 0.251258 0.487206
2 0.524214 0.532037 0.0656111 0.0981285
1 0.690504 0.749961 0.617797 0.480699
1 0.537987 0.5469 0.0468094 0.105461
2 0.611746 0.47979 0.0878578 0.220567
1 0.62358 0.486165 0.100589 0.296377
4 0.62358 0.486165 0.100589 0.296377
0 0.699688 0.743135 0.600625 0.513731
4 0.611746 0.47979 0.0878578 0.220567
3 0.36223 0.212689 0.71745 0.425379
2 0.729359 0.571724 0.114014 0.186401
1 0.927617 0.76481 0.144765 0.470379
1 0.0570752 0.780922 0.113822 0.425907
0 0.253553 0.424307 0.344342 0.848614
3 0.430488 0.738669 0.72653 0.522662
1 0.621118 0.550748 0.0792072 0.109737
2 0.761876 0.676268 0.181367 0.326376
2 0.776281 0.262624 0.447437 0.522673
4 0.173802 0.231898 0.344937 0.441423
2 0.702197 0.603457 0.0621349 0.169702
3 0.702197 0.603457 0.0621349 0.169702
1 0.11923 0.774854 0.236844 0.44352
1 0.516175 0.764518 0.642956 0.452507
0 0.363595 0.757592 0.417445 0.484816
4 0.0917047 0.530402 0.183409 0.889269
2 0.398095 0.72719 0.201218 0.504697
4 0.668313 0.578376 0.0814134 0.15243
2 0.682264 0.244456 0.635472 0.488911
4 0.0755804 0.46319 0.151161 0.667497
4 0.0932741 0.312115 0.186548 0.520985
2 0.369674 0.522529 0.0743372 0.118736
1 0.398095 0.72719 0.201218 0.504697
1 0.227717 0.738588 0.450857 0.451235
4 0.162878 0.498944 0.325511 0.936359
0 0.271259 0.501869 0.537237 0.996263
2 0.0748983 0.773154 0.149797 0.453692
2 0.885662 0.760267 0.228676 0.478633
2 0.927617 0.76481 0.144765 0.470379
0 0.695584 0.589903 0.048295 0.140035
0 0.620064 0.544156 0.0622496 0.070579
0 0.831743 0.754125 0.336513 0.48593
0 0.695553 0.563054 0.0477217 0.163096
0 0.621169 0.550734 0.0791424 0.109711
0 0.615889 0.533359 0.0712655 0.0866918
0 0.760727 0.675126 0.179078 0.323823
0 0.524231 0.531998 0.0655609 0.0980443
0 0.536382 0.534216 0.0463532 0.0883296
0 0.255463 0.760532 0.50282 0.467312
0 0.701919 0.603351 0.0615335 0.169441
0 0.369684 0.522155 0.0743519 0.118028
0 0.515083 0.57987 0.096187 0.186949
0 0.668386 0.578367 0.0813971 0.152352
0 0.372911 0.504091 0.0722788 0.0707263
0 0.529668 0.0279072 0.940664 0.0558144
0 0.398573 0.727302 0.205186 0.504876
0 0.653704 0.750885 0.692591 0.472837
0 0.704934 0.498546 0.0686245 0.272043
0 0.729085 0.571733 0.113505 0.186352
0 0.651143 0.568756 0.0609842 0.166601
0 0.43043 0.702745 0.259165 0.46549
3 0.529352 0.410004 0.617161 0.81992
0 0.352201 0.746929 0.657888 0.506142
0 0.649767 0.739469 0.369854 0.521062
3 0.650766 0.42257 0.650774 0.836484
0 0.923331 0.755194 0.153339 0.489611
3 0.92184 0.558541 0.156321 0.86588
0 0.378543 0.739819 0.427719 0.506819
0 0.655843 0.0330993 0.688315 0.0661986
0 0.466583 0.769339 0.638184 0.442644
3 0.339325 0.501591 0.608911 0.996818
3 0.536382 0.534216 0.0463532 0.0883296
3 0.846065 0.535847 0.307869 0.928305
3 0.216243 0.552131 0.424372 0.895737
0 0.0814005 0.77777 0.162188 0.43217
3 0.173644 0.232419 0.34464 0.442656
3 0.536972 0.476041 0.0528031 0.209567
4 0.695584 0.589903 0.048295 0.140035
3 0.189711 0.772471 0.355535 0.455058
3 0.64357 0.747026 0.710891 0.505947
0 0.55359 0.735474 0.568597 0.529052
0 0.380979 0.0352515 0.760206 0.0705029
0 0.172995 0.76663 0.34409 0.452858
3 0.254583 0.423446 0.342011 0.846891
3 0.373392 0.404988 0.0925638 0.390845
0 0.885824 0.760286 0.228352 0.478575
3 0.117339 0.783116 0.23119 0.433769
3 0.701959 0.504971 0.596083 0.990058
0 0.0571552 0.780784 0.113977 0.426171
0 0.228986 0.114019 0.457972 0.228039
4 0.653704 0.750885 0.692591 0.472837
0 0.535891 0.272929 0.671329 0.545858
0 0.825391 0.523237 0.349217 0.953525
0 0.216243 0.552131 0.424372 0.895737
4 0.832336 0.757697 0.335328 0.475055
1 0.695584 0.589903 0.048295 0.140035
3 0.162605 0.499531 0.32498 0.937342
3 0.837918 0.753343 0.324165 0.493314
0 0.773506 0.064795 0.452989 0.12959
3 0.709784 0.0463609 0.580431 0.0927217
3 0.265795 0.759476 0.448294 0.481048
3 0.372911 0.504091 0.0722788 0.0707263
0 0.536972 0.476041 0.0528031 0.209567
3 0.366978 0.471023 0.411402 0.942046
1 0.839949 0.753275 0.320103 0.488074
3 0.592914 0.764614 0.513389 0.470772
4 0.242494 0.760425 0.477311 0.464883
2 0.695584 0.589903 0.048295 0.140035
0 0.532814 0.537016 0.0443026 0.0514225
3 0.228986 0.114019 0.457972 0.228039
3 0.801802 0.738686 0.396396 0.522628
3 0.173079 0.73496 0.345174 0.445407
3 0.929541 0.74939 0.140919 0.50122
4 0.351385 0.772214 0.639413 0.44141
3 0.499587 0.769218 0.438734 0.461565
4 0.550774 0.0270682 0.897256 0.0541365
2 0.695553 0.563054 0.0477217 0.163096
3 0.893961 0.730154 0.212077 0.539693
3 0.363417 0.757406 0.41695 0.485189
4 0.704934 0.498546 0.0686245 0.272043
0 0.709784 0.0463609 0.580431 0.0927217
3 0.827391 0.257402 0.345218 0.509717
4 0.695553 0.563054 0.0477217 0.163096
3 0.753591 0.178317 0.492818 0.356634
0 0.611873 0.479633 0.087771 0.220498
3 0.783107 0.557239 0.231121 0.804262
3 0.501027 0.302519 0.65193 0.605037
3 0.866469 0.741406 0.267062 0.517188
3 0.509793 0.0294483 0.939036 0.0588966
3 0.019874 0.27671 0.0397481 0.553421
3 0.921176 0.753371 0.157648 0.493257
3 0.203132 0.182481 0.405863 0.364963
3 0.0597164 0.221696 0.119433 0.443392
4 0.655843 0.0330993 0.688315 0.0661986
4 0.735989 0.265173 0.528021 0.52786
3 0.238204 0.747738 0.471167 0.475091
0 0.783107 0.557239 0.231121 0.804262
3 0.302663 0.0615437 0.605264 0.123087
3 0.623541 0.485873 0.100681 0.296313
3 0.655843 0.0330993 0.688315 0.0661986
3 0.651143 0.568756 0.0609842 0.166601
4 0.71806 0.492362 0.563879 0.984723
4 0.535891 0.272929 0.671329 0.545858
4 0.760727 0.675126 0.179078 0.323823
0 0.55486 0.413198 0.577879 0.824635
3 0.43043 0.702745 0.259165 0.46549
3 0.202028 0.287729 0.398115 0.568031
3 0.615889 0.533359 0.0712655 0.0866918
0 0.0176814 0.650736 0.0353628 0.675197
3 0.522357 0.557346 0.0796599 0.420526
4 0.929541 0.74939 0.140919 0.50122
4 0.650766 0.42257 0.650774 0.836484
4 0.369684 0.522155 0.0743519 0.118028
0 0.302663 0.0615437 0.605264 0.123087
3 0.0200657 0.395403 0.0401313 0.728676
3 0.704934 0.498546 0.0686245 0.272043
0 0.0243733 0.785744 0.0487466 0.424524
0 0.774526 0.263413 0.450949 0.524398
0 0.443199 0.248529 0.838322 0.497058
3 0.0176024 0.599397 0.0352047 0.755206
3 0.621169 0.550734 0.0791424 0.109711
4 0.363417 0.757406 0.41695 0.485189
0 0.68151 0.270753 0.636206 0.5386
3 0.339057 0.0380582 0.672989 0.0761164
4 0.773506 0.064795 0.452989 0.12959
0 0.405793 0.287977 0.611918 0.575954
3 0.917749 0.35145 0.164501 0.702899
0 0.274167 0.261421 0.539343 0.521882
0 0.662883 0.470544 0.671476 0.940172
3 0.0202077 0.775807 0.0404155 0.448385
3 0.303704 0.276676 0.577922 0.553353
0 0.623541 0.485873 0.100681 0.296313
3 0.369684 0.522155 0.0743519 0.118028
4 0.172995 0.76663 0.34409 0.452858
2 0.621169 0.550734 0.0791424 0.109711
0 0.522357 0.557346 0.0796599 0.420526
3 0.735989 0.265173 0.528021 0.52786
1 0.701919 0.603351 0.0615335 0.169441
3 0.634888 0.281929 0.723141 0.563858
4 0.921176 0.753371 0.157648 0.493257
3 0.0199685 0.510399 0.0399369 0.870842
4 0.698996 0.743301 0.602008 0.513397
3 0.668386 0.578367 0.0813971 0.152352
3 0.611873 0.479633 0.087771 0.220498
3 0.0287869 0.778382 0.0575738 0.443237
3 0.787806 0.494959 0.424387 0.966652
0 0.0171509 0.736522 0.0343018 0.524497
4 0.398573 0.727302 0.205186 0.504876
4 0.709784 0.0463609 0.580431 0.0927217
3 0.287514 0.100171 0.575028 0.200342
0 0.40637 0.486227 0.610977 0.972454
0 0.929541 0.74939 0.140919 0.50122
4 0.216243 0.552131 0.424372 0.895737
4 0.866469 0.741406 0.267062 0.517188
3 0.0755948 0.46404 0.15119 0.671323
4 0.443199 0.248529 0.838322 0.497058
0 0.0200657 0.395403 0.0401313 0.728676
0 0.0287869 0.778382 0.0575738 0.443237
4 0.0814005 0.77777 0.162188 0.43217
0 0.119398 0.774751 0.237188 0.443735
4 0.372911 0.504091 0.0722788 0.0707263
3 0.0571552 0.780784 0.113977 0.426171
0 0.0199685 0.510399 0.0399369 0.870842
4 0.783107 0.557239 0.231121 0.804262
4 0.801802 0.738686 0.396396 0.522628
3 0.773506 0.064795 0.452989 0.12959
3 0.66983 0.750753 0.660341 0.468498
3 0.125255 0.256579 0.250511 0.490539
4 0.396988 0.263798 0.612323 0.524639
4 0.824247 0.509673 0.351505 0.976517
3 0.649767 0.739469 0.369854 0.521062
4 0.154525 0.772991 0.2845 0.454018
4 0.0287869 0.778382 0.0575738 0.443237
3 0.0814005 0.77777 0.162188 0.43217
4 0.477271 0.777257 0.593216 0.433662
4 0.312086 0.501965 0.598235 0.99607
4 0.893961 0.730154 0.212077 0.539693
4 0.408231 0.0336255 0.810926 0.0672511
4 0.228986 0.114019 0.457972 0.228039
0 0.019874 0.27671 0.0397481 0.553421
1 0.536972 0.476041 0.0528031 0.209567
4 0.536382 0.534216 0.0463532 0.0883296
4 0.117339 0.783116 0.23119 0.433769
0 0.0597164 0.221696 0.119433 0.443392
0 0.817095 0.171823 0.36581 0.343647
2 0.615889 0.533359 0.0712655 0.0866918
1 0.17403 0.765913 0.340574 0.458447
4 0.43678 0.766278 0.472475 0.467444
3 0.398573 0.727302 0.205186 0.504876
0 0.866469 0.741406 0.267062 0.517188
0 0.921851 0.612909 0.156299 0.767071
4 0.303704 0.276676 0.577922 0.553353
2 0.666977 0.699033 0.382997 0.409279
3 0.469856 0.778734 0.537808 0.43439
4 0.254583 0.423446 0.342011 0.846891
0 0.287514 0.100171 0.575028 0.200342
3 0.0919009 0.529937 0.183802 0.890951
4 0.559685 0.768864 0.463827 0.462273
2 0.372911 0.504091 0.0722788 0.0707263
4 0.458794 0.443318 0.670675 0.886619
2 0.515083 0.57987 0.096187 0.186949
3 0.830907 0.661075 0.338187 0.677849
4 0.92184 0.558541 0.156321 0.86588
4 0.817095 0.171823 0.36581 0.343647
4 0.515083 0.57987 0.096187 0.186949
4 0.615889 0.533359 0.0712655 0.0866918
3 0.396988 0.263798 0.612323 0.524639
4 0.230312 0.196858 0.456175 0.393716
4 0.666977 0.699033 0.382997 0.409279
3 0.524231 0.531998 0.0655609 0.0980443
4 0.362445 0.212382 0.717905 0.424765
4 0.378543 0.739819 0.427719 0.506819
3 0.323275 0.773856 0.59445 0.446537
4 0.917749 0.35145 0.164501 0.702899
4 0.524231 0.531998 0.0655609 0.0980443
3 0.25007 0.22592 0.481638 0.440643
4 0.701919 0.603351 0.0615335 0.169441
0 0.226619 0.219566 0.437946 0.426622
3 0.760727 0.675126 0.179078 0.323823
4 0.0210555 0.463884 0.0421111 0.873062
3 0.378543 0.739819 0.427719 0.506819
4 0.0176814 0.650736 0.0353628 0.675197
4 0.55359 0.735474 0.568597 0.529052
1 0.695553 0.563054 0.0477217 0.163096
4 0.373392 0.404988 0.0925638 0.390845
4 0.019874 0.27671 0.0397481 0.553421
3 0.55359 0.735474 0.568597 0.529052
4 0.43043 0.702745 0.259165 0.46549
0 0.917749 0.35145 0.164501 0.702899
3 0.0926475 0.312594 0.185295 0.520541
4 0.827391 0.257402 0.345218 0.509717
4 0.287514 0.100171 0.575028 0.200342
0 0.373392 0.404988 0.0925638 0.390845
2 0.233412 0.757987 0.462982 0.468634
1 0.704934 0.498546 0.0686245 0.272043
4 0.430361 0.738771 0.726383 0.522458
4 0.302663 0.0615437 0.605264 0.123087
4 0.0571552 0.780784 0.113977 0.426171
3 0.729085 0.571733 0.113505 0.186352
2 0.378543 0.739819 0.427719 0.506819
0 0.592914 0.764614 0.513389 0.470772
3 0.695584 0.589903 0.048295 0.140035
4 0.0243733 0.785744 0.0487466 0.424524
3 0.48819 0.251704 0.812777 0.503407
4 0.0171509 0.736522 0.0343018 0.524497
4 0.0597164 0.221696 0.119433 0.443392
2 0.633692 0.756063 0.626764 0.469577
4 0.536972 0.476041 0.0528031 0.209567
1 0.393452 0.767427 0.659043 0.446012
2 0.651143 0.568756 0.0609842 0.166601
2 0.430361 0.738771 0.726383 0.522458
3 0.695553 0.563054 0.0477217 0.163096
3 0.515083 0.57987 0.096187 0.186949
4 0.522357 0.557346 0.0796599 0.420526
2 0.55359 0.735474 0.568597 0.529052
2 0.833963 0.756435 0.332074 0.474289
0 0.801802 0.738686 0.396396 0.522628
0 0.76185 0.5 0.4763 1
4 0.202028 0.287729 0.398115 0.568031
4 0.621169 0.550734 0.0791424 0.109711
1 0.690402 0.749958 0.61786 0.480711
2 0.524231 0.531998 0.0655609 0.0980443
4 0.125255 0.256579 0.250511 0.490539
1 0.538013 0.54689 0.0468518 0.105457
4 0.623541 0.485873 0.100681 0.296313
2 0.611873 0.479633 0.087771 0.220498
1 0.623541 0.485873 0.100681 0.296313
0 0.43678 0.766278 0.472475 0.467444
3 0.362445 0.212382 0.717905 0.424765
4 0.611873 0.479633 0.087771 0.220498
2 0.729085 0.571733 0.113505 0.186352
0 0.698996 0.743301 0.602008 0.513397
1 0.927526 0.764837 0.144947 0.470326
1 0.0571552 0.780784 0.113977 0.426171
1 0.621169 0.550734 0.0791424 0.109711
3 0.430361 0.738771 0.726383 0.522458
2 0.760727 0.675126 0.179078 0.323823
2 0.774526 0.263413 0.450949 0.524398
4 0.173644 0.232419 0.34464 0.442656
2 0.701919 0.603351 0.0615335 0.169441
3 0.701919 0.603351 0.0615335 0.169441
1 0.516432 0.764527 0.642302 0.452542
1 0.119398 0.774751 0.237188 0.443735
4 0.0919009 0.529937 0.183802 0.890951
0 0.254583 0.423446 0.342011 0.846891
2 0.398573 0.727302 0.205186 0.504876
0 0.362445 0.212382 0.717905 0.424765
0 0.363417 0.757406 0.41695 0.485189
4 0.668386 0.578367 0.0813971 0.152352
2 0.680892 0.242839 0.638217 0.485678
4 0.0755948 0.46404 0.15119 0.671323
4 0.0926475 0.312594 0.185295 0.520541
2 0.369684 0.522155 0.0743519 0.118028
1 0.398573 0.727302 0.205186 0.504876
1 0.227587 0.738892 0.450595 0.451717
4 0.162605 0.499531 0.32498 0.937342
2 0.0752035 0.772967 0.150407 0.454066
2 0.885824 0.760286 0.228352 0.478575
2 0.927526 0.764837 0.144947 0.470326
