0 0.845093 0.749543 0.309814 0.486792
0 0.767567 0.76091 0.464867 0.467509
1 0.845093 0.749543 0.309814 0.486792
0 0.838993 0.517503 0.322014 0.962808
3 0.65411 0.503458 0.393722 0.993085
0 0.649858 0.757777 0.63163 0.460558
0 0.395777 0.780065 0.407944 0.416275
0 0.549857 0.760761 0.47465 0.471245
3 0.777632 0.501286 0.444737 0.982936
3 0.459912 0.521195 0.253687 0.95761
0 0.108361 0.858303 0.215867 0.274783
3 0.468814 0.492607 0.351668 0.952753
0 0.178118 0.856656 0.352802 0.279477
0 0.909238 0.773286 0.181525 0.448891
3 0.370566 0.458736 0.386187 0.880147
3 0.929867 0.766205 0.140267 0.46759
0 0.372289 0.750705 0.51787 0.491245
3 0.454387 0.334949 0.46478 0.661822
3 0.646385 0.291575 0.347005 0.553204
3 0.847371 0.739235 0.305257 0.521531
3 0.341828 0.348938 0.503562 0.697877
3 0.330061 0.704515 0.445325 0.564802
3 0.483626 0.788299 0.256366 0.423402
3 0.774795 0.745238 0.446792 0.509523
0 0.293546 0.703054 0.552351 0.517637
3 0.501665 0.594884 0.107557 0.473878
3 0.909238 0.773286 0.181525 0.448891
3 0.86204 0.766322 0.27592 0.458775
4 0.767437 0.756888 0.465126 0.475793
3 0.548602 0.797144 0.241899 0.405711
3 0.26922 0.46204 0.529377 0.873879
3 0.195511 0.592922 0.390147 0.535443
3 0.20362 0.423669 0.400744 0.810789
3 0.700736 0.765035 0.369799 0.469931
0 0.284786 0.508221 0.539074 0.865865
0 0.499225 0.704592 0.115181 0.483155
3 0.623926 0.360326 0.36418 0.706156
3 0.632075 0.784786 0.314458 0.430428
3 0.413978 0.773341 0.282512 0.453318
3 0.555144 0.549069 0.200433 0.901862
3 0.275169 0.806054 0.400918 0.387891
3 0.198899 0.856166 0.391395 0.287668
3 0.468411 0.0353914 0.899758 0.0707827
3 0.533707 0.718489 0.165218 0.540168
0 0.468411 0.0353914 0.899758 0.0707827
0 0.682756 0.283755 0.31796 0.544963
3 0.442557 0.0503477 0.885114 0.100695
0 0.0893456 0.114678 0.178691 0.229355
3 0.143744 0.448118 0.287488 0.805225
3 0.249263 0.316631 0.429612 0.613416
0 0.5829 0.123388 0.829872 0.246777
3 0.740204 0.747871 0.508911 0.485296
0 0.531726 0.069945 0.91264 0.13989
0 0.657642 0.157201 0.684716 0.314403
3 0.130606 0.605561 0.261212 0.503657
3 0.34331 0.77473 0.36053 0.45054
3 0.786636 0.188912 0.426727 0.377823
3 0.0893456 0.114678 0.178691 0.229355
3 0.0212177 0.587392 0.0424354 0.675132
4 0.929867 0.766205 0.140267 0.46759
3 0.808088 0.325431 0.383825 0.650862
3 0.210584 0.682841 0.418283 0.625439
3 0.283616 0.661896 0.560563 0.656988
4 0.847371 0.739235 0.305257 0.521531
4 0.195511 0.592922 0.390147 0.535443
0 0.533707 0.718489 0.165218 0.540168
0 0.227871 0.833624 0.44865 0.323324
0 0.83253 0.317571 0.334941 0.609693
3 0.518219 0.773599 0.390723 0.445632
0 0.285694 0.596085 0.559263 0.561651
0 0.0137881 0.686971 0.0275761 0.626058
4 0.290194 0.683051 0.562369 0.607686
0 0.847658 0.116458 0.304684 0.232917
3 0.931278 0.506388 0.137443 0.948202
3 0.351695 0.246822 0.667729 0.493645
3 0.0286333 0.26502 0.0572666 0.53004
3 0.13866 0.280022 0.27732 0.506853
0 0.300538 0.116744 0.601075 0.233487
3 0.0353189 0.503528 0.0706377 0.689139
3 0.419843 0.738131 0.384966 0.502544
3 0.901414 0.524808 0.197172 0.943038
0 0.929867 0.766205 0.140267 0.46759
3 0.0967654 0.705644 0.193531 0.585657
0 0.0764899 0.856541 0.151774 0.277939
3 0.499225 0.704592 0.115181 0.483155
3 0.0442234 0.439338 0.0884467 0.768888
3 0.41457 0.0776237 0.82914 0.155247
4 0.661469 0.287788 0.334054 0.54836
4 0.0764899 0.856541 0.151774 0.277939
3 0.0347399 0.384498 0.0694797 0.768997
0 0.34331 0.77473 0.36053 0.45054
3 0.675874 0.19353 0.648251 0.38706
4 0.909238 0.773286 0.181525 0.448891
4 0.700736 0.765035 0.369799 0.469931
0 0.918676 0.565271 0.162647 0.866746
3 0.295081 0.770851 0.559918 0.436752
4 0.86204 0.766322 0.27592 0.458775
4 0.221214 0.846454 0.432449 0.288395
0 0.745244 0.240072 0.509511 0.480144
3 0.847658 0.116458 0.304684 0.232917
0 0.442557 0.0503477 0.885114 0.100695
0 0.210584 0.682841 0.418283 0.625439
4 0.498718 0.770724 0.495448 0.434501
4 0.126528 0.679195 0.253057 0.621215
4 0.248951 0.80783 0.487053 0.365024
0 0.0232274 0.803699 0.0464547 0.392601
3 0.868093 0.338903 0.263813 0.648731
4 0.275169 0.806054 0.400918 0.387891
0 0.483626 0.788299 0.256366 0.423402
4 0.328205 0.761641 0.521494 0.453567
3 0.526498 0.302818 0.585273 0.605635
0 0.41457 0.0776237 0.82914 0.155247
3 0.610479 0.156034 0.759439 0.312068
3 0.0304896 0.196325 0.0609791 0.39265
0 0.827746 0.718965 0.344508 0.562069
3 0.180962 0.123366 0.361925 0.246732
0 0.413978 0.773341 0.282512 0.453318
4 0.270699 0.573233 0.532674 0.49845
0 0.667856 0.502485 0.506981 0.995029
0 0.0177888 0.745446 0.0355775 0.509108
3 0.0764899 0.856541 0.151774 0.277939
0 0.786636 0.188912 0.426727 0.377823
4 0.17311 0.853249 0.343638 0.293502
3 0.897366 0.261238 0.205269 0.522476
3 0.139547 0.183506 0.279094 0.357419
3 0.531726 0.069945 0.91264 0.13989
3 0.0177888 0.745446 0.0355775 0.509108
3 0.170078 0.314849 0.33687 0.60184
4 0.395777 0.780065 0.407944 0.416275
3 0.745244 0.240072 0.509511 0.480144
3 0.143071 0.118109 0.286142 0.236219
0 0.548602 0.797144 0.241899 0.405711
4 0.838993 0.517503 0.322014 0.962808
4 0.268061 0.457256 0.529212 0.847686
0 0.792395 0.441036 0.415211 0.870432
0 0.273852 0.782306 0.506086 0.435389
3 0.0302656 0.836223 0.0605312 0.327554
3 0.300538 0.116744 0.601075 0.233487
3 0.607782 0.765528 0.465969 0.461712
4 0.0442234 0.439338 0.0884467 0.768888
4 0.34331 0.77473 0.36053 0.45054
4 0.548602 0.797144 0.241899 0.405711
4 0.129513 0.545884 0.259027 0.472569
3 0.0232274 0.803699 0.0464547 0.392601
3 0.717114 0.313762 0.565773 0.627525
4 0.112823 0.857307 0.225645 0.285387
3 0.185992 0.218427 0.371984 0.43187
3 0.835028 0.462194 0.329944 0.891551
3 0.0137881 0.686971 0.0275761 0.626058
4 0.485161 0.0386674 0.922981 0.0773348
0 0.0302656 0.836223 0.0605312 0.327554
4 0.0302656 0.836223 0.0605312 0.327554
4 0.0353189 0.503528 0.0706377 0.689139
0 0.632075 0.784786 0.314458 0.430428
3 0.0882478 0.274627 0.176496 0.474727
4 0.632075 0.784786 0.314458 0.430428
3 0.931724 0.322107 0.136553 0.603991
4 0.483626 0.788299 0.256366 0.423402
4 0.413978 0.773341 0.282512 0.453318
0 0.351695 0.246822 0.667729 0.493645
0 0.218827 0.314791 0.431135 0.611524
0 0.0304896 0.196325 0.0609791 0.39265
0 0.180962 0.123366 0.361925 0.246732
4 0.0166338 0.649021 0.0332677 0.665343
4 0.0893456 0.114678 0.178691 0.229355
4 0.0137881 0.686971 0.0275761 0.626058
4 0.649858 0.757777 0.63163 0.460558
4 0.747169 0.497571 0.505663 0.995142
0 0.0166338 0.649021 0.0332677 0.665343
4 0.247111 0.342446 0.451708 0.666203
0 0.897366 0.261238 0.205269 0.522476
0 0.932534 0.429226 0.134933 0.781216
4 0.531726 0.069945 0.91264 0.13989
4 0.658765 0.499577 0.366812 0.989026
4 0.527135 0.739701 0.364778 0.499404
4 0.0304896 0.196325 0.0609791 0.39265
4 0.533707 0.718489 0.165218 0.540168
4 0.499225 0.704592 0.115181 0.483155
0 0.931724 0.322107 0.136553 0.603991
0 0.275169 0.806054 0.400918 0.387891
4 0.5829 0.123388 0.829872 0.246777
4 0.0347399 0.384498 0.0694797 0.768997
4 0.847658 0.116458 0.304684 0.232917
4 0.0177888 0.745446 0.0355775 0.509108
3 0.112823 0.857307 0.225645 0.285387
0 0.0286333 0.26502 0.0572666 0.53004
3 0.703916 0.283377 0.326878 0.546954
4 0.341437 0.512041 0.406712 0.904571
4 0.459912 0.521195 0.253687 0.95761
4 0.0286333 0.26502 0.0572666 0.53004
2 0.293546 0.703054 0.552351 0.517637
0 0.143071 0.118109 0.286142 0.236219
0 0.700736 0.765035 0.369799 0.469931
4 0.918676 0.565271 0.162647 0.866746
4 0.501665 0.594884 0.107557 0.473878
4 0.396083 0.250852 0.728043 0.501704
3 0.270699 0.573233 0.532674 0.49845
0 0.676832 0.472195 0.341314 0.936535
4 0.0232274 0.803699 0.0464547 0.392601
1 0.108361 0.858303 0.215867 0.274783
4 0.874623 0.440151 0.250754 0.840952
3 0.227871 0.833624 0.44865 0.323324
2 0.285694 0.596085 0.559263 0.561651
1 0.202952 0.855009 0.400501 0.277779
1 0.649858 0.757777 0.63163 0.460558
4 0.623926 0.360326 0.36418 0.706156
3 0.097196 0.177861 0.194392 0.349627
2 0.814408 0.503099 0.371183 0.983295
4 0.932534 0.429226 0.134933 0.781216
4 0.442557 0.0503477 0.885114 0.100695
4 0.657642 0.157201 0.684716 0.314403
4 0.69573 0.236841 0.60854 0.473683
2 0.419843 0.738131 0.384966 0.502544
0 0.0967654 0.705644 0.193531 0.585657
2 0.249263 0.316631 0.429612 0.613416
1 0.231118 0.67413 0.456003 0.635804
0 0.874623 0.440151 0.250754 0.840952
4 0.897366 0.261238 0.205269 0.522476
4 0.143071 0.118109 0.286142 0.236219
1 0.285694 0.596085 0.559263 0.561651
4 0.786636 0.188912 0.426727 0.377823
1 0.775698 0.293715 0.448376 0.573334
4 0.526498 0.302818 0.585273 0.605635
4 0.555144 0.549069 0.200433 0.901862
0 0.195511 0.592922 0.390147 0.535443
4 0.139547 0.183506 0.279094 0.357419
4 0.180962 0.123366 0.361925 0.246732
4 0.931724 0.322107 0.136553 0.603991
0 0.0347399 0.384498 0.0694797 0.768997
0 0.65233 0.298434 0.456023 0.596869
4 0.179722 0.450646 0.355493 0.846516
4 0.097196 0.177861 0.194392 0.349627
2 0.284786 0.508221 0.539074 0.865865
2 0.909238 0.773286 0.181525 0.448891
2 0.17311 0.853249 0.343638 0.293502
1 0.762909 0.755144 0.466619 0.473294
2 0.83253 0.317571 0.334941 0.609693
4 0.302799 0.385385 0.440533 0.736204
4 0.0882478 0.274627 0.176496 0.474727
4 0.454387 0.334949 0.46478 0.661822
2 0.815786 0.761002 0.368428 0.464332
2 0.931724 0.322107 0.136553 0.603991
4 0.132703 0.489927 0.265406 0.791244
4 0.41457 0.0776237 0.82914 0.155247
0 0.0353189 0.503528 0.0706377 0.689139
4 0.468814 0.492607 0.351668 0.952753
4 0.300538 0.116744 0.601075 0.233487
4 0.784451 0.306571 0.431099 0.595436
1 0.83253 0.317571 0.334941 0.609693
2 0.527135 0.739701 0.364778 0.499404
2 0.499225 0.704592 0.115181 0.483155
2 0.34331 0.77473 0.36053 0.45054
0 0.733178 0.326948 0.533644 0.653896
2 0.341828 0.348938 0.503562 0.697877
2 0.185992 0.218427 0.371984 0.43187
2 0.248951 0.80783 0.487053 0.365024
2 0.932534 0.429226 0.134933 0.781216
0 0.501665 0.594884 0.107557 0.473878
4 0.65233 0.298434 0.456023 0.596869
0 0.0442234 0.439338 0.0884467 0.768888
1 0.0764899 0.856541 0.151774 0.277939
0 0.185992 0.218427 0.371984 0.43187
4 0.185992 0.218427 0.371984 0.43187
1 0.550307 0.764836 0.475577 0.447093
0 0.139547 0.183506 0.279094 0.357419
2 0.097196 0.177861 0.194392 0.349627
2 0.745244 0.240072 0.509511 0.480144
2 0.754197 0.744938 0.482822 0.483923
1 0.273852 0.782306 0.506086 0.435389
2 0.112823 0.857307 0.225645 0.285387
1 0.703916 0.283377 0.326878 0.546954
2 0.170078 0.314849 0.33687 0.60184
1 0.395777 0.780065 0.407944 0.416275
0 0.13866 0.280022 0.27732 0.506853
0 0.451482 0.305078 0.691548 0.610156
2 0.396083 0.250852 0.728043 0.501704
2 0.179722 0.450646 0.355493 0.846516
1 0.330061 0.704515 0.445325 0.564802
4 0.207897 0.28349 0.415795 0.563684
2 0.867433 0.747709 0.265134 0.492619
2 0.929867 0.766205 0.140267 0.46759
2 0.526498 0.302818 0.585273 0.605635
2 0.533707 0.718489 0.165218 0.540168
1 0.0967654 0.705644 0.193531 0.585657
2 0.626869 0.744354 0.514583 0.49406
0 0.302799 0.385385 0.440533 0.736204
2 0.300538 0.116744 0.601075 0.233487
0 0.097196 0.177861 0.194392 0.349627
2 0.792434 0.735131 0.415133 0.529738
0 0.555144 0.549069 0.200433 0.901862
2 0.13866 0.280022 0.27732 0.506853
4 0.13866 0.280022 0.27732 0.506853
2 0.139547 0.183506 0.279094 0.357419
2 0.847658 0.116458 0.304684 0.232917
1 0.909238 0.773286 0.181525 0.448891
2 0.275169 0.806054 0.400918 0.387891
2 0.717114 0.313762 0.565773 0.627525
2 0.221214 0.846454 0.432449 0.288395
2 0.0882478 0.274627 0.176496 0.474727
2 0.370566 0.458736 0.386187 0.880147
0 0.845093 0.749545 0.309814 0.4868
0 0.767592 0.760895 0.464816 0.467568
1 0.845093 0.749545 0.309814 0.4868
0 0.839119 0.517768 0.321762 0.962341
3 0.653999 0.503452 0.392148 0.993096
0 0.649873 0.757785 0.632463 0.460481
0 0.395963 0.780463 0.406166 0.415413
0 0.549422 0.760796 0.475389 0.471229
3 0.777884 0.50136 0.444232 0.982935
3 0.460373 0.521427 0.25157 0.957147
3 0.46939 0.491758 0.349289 0.950832
0 0.107482 0.85849 0.214118 0.274486
0 0.177851 0.857023 0.352284 0.278821
3 0.370893 0.459436 0.385344 0.881468
0 0.777884 0.50136 0.444232 0.982935
0 0.909145 0.773291 0.181709 0.448837
3 0.929854 0.766166 0.140293 0.467668
3 0.454986 0.335378 0.462472 0.662661
3 0.646523 0.291595 0.346432 0.553364
3 0.847372 0.739 0.305256 0.522001
0 0.371744 0.750684 0.516678 0.491488
3 0.342101 0.349426 0.502421 0.698853
3 0.32991 0.704989 0.445031 0.562459
3 0.483297 0.788131 0.256932 0.423737
3 0.774614 0.745306 0.447046 0.509388
3 0.502155 0.591979 0.106125 0.46615
3 0.909145 0.773291 0.181709 0.448837
0 0.293394 0.703278 0.551889 0.512037
3 0.862051 0.766297 0.275897 0.458767
4 0.767425 0.756884 0.46515 0.475866
3 0.548725 0.797073 0.241851 0.405855
3 0.269038 0.461865 0.528972 0.873127
3 0.195751 0.59261 0.390637 0.534883
3 0.203578 0.424589 0.400674 0.81236
3 0.701041 0.764931 0.370328 0.470138
3 0.62416 0.360187 0.36358 0.705818
3 0.632581 0.78479 0.314814 0.43042
0 0.284686 0.509176 0.538684 0.855616
0 0.49981 0.703724 0.113495 0.480731
3 0.413442 0.77321 0.283647 0.453581
3 0.55376 0.552241 0.196441 0.895519
3 0.275252 0.805794 0.40163 0.388413
3 0.198827 0.85657 0.391234 0.286859
3 0.468347 0.0353903 0.899733 0.0707806
3 0.533599 0.718683 0.163485 0.53939
3 0.442489 0.0503623 0.884979 0.100725
3 0.249287 0.31684 0.42976 0.613983
3 0.143694 0.448435 0.287387 0.805453
0 0.468347 0.0353903 0.899733 0.0707806
3 0.740297 0.747927 0.508649 0.485197
0 0.682708 0.283849 0.317594 0.545191
0 0.089347 0.114687 0.178694 0.229373
0 0.583357 0.12251 0.829381 0.24502
3 0.13057 0.60524 0.26114 0.502877
3 0.342907 0.77454 0.361756 0.45092
0 0.532308 0.0699084 0.911717 0.139817
3 0.786672 0.189416 0.426655 0.378831
0 0.657771 0.156122 0.684458 0.312245
3 0.089347 0.114687 0.178694 0.229373
3 0.0213547 0.58734 0.0427094 0.674358
4 0.929854 0.766166 0.140293 0.467668
3 0.21066 0.682748 0.418449 0.625823
3 0.808431 0.325541 0.383139 0.651082
4 0.195751 0.59261 0.390637 0.534883
3 0.283595 0.661997 0.5605 0.656891
4 0.847372 0.739 0.305256 0.522001
3 0.517953 0.773672 0.391915 0.445592
4 0.290134 0.684438 0.56228 0.605029
0 0.285637 0.593708 0.559121 0.554666
0 0.533599 0.718683 0.163485 0.53939
3 0.351503 0.24601 0.667268 0.49202
3 0.931124 0.506396 0.137751 0.947829
0 0.832908 0.317549 0.334184 0.609655
3 0.0286562 0.265018 0.0573123 0.530036
0 0.22816 0.833448 0.449207 0.3238
3 0.138589 0.279963 0.277179 0.506548
3 0.0354721 0.50367 0.0709442 0.688773
0 0.0138209 0.686841 0.0276418 0.626319
0 0.847928 0.116676 0.304144 0.233352
3 0.901211 0.524955 0.197578 0.94305
3 0.418829 0.73826 0.3854 0.502441
3 0.0961153 0.705436 0.192231 0.586337
3 0.016724 0.649027 0.033448 0.664998
0 0.300358 0.116833 0.600716 0.233666
3 0.414438 0.0775996 0.828876 0.155199
3 0.0443299 0.439638 0.0886598 0.76847
3 0.49981 0.703724 0.113495 0.480731
4 0.661647 0.287874 0.333206 0.548594
4 0.0757668 0.856576 0.150335 0.278023
0 0.929854 0.766166 0.140293 0.467668
3 0.034789 0.384682 0.0695781 0.769364
3 0.275098 0.570904 0.540686 0.486252
3 0.675837 0.19317 0.648326 0.38634
4 0.909145 0.773291 0.181709 0.448837
4 0.701041 0.764931 0.370328 0.470138
3 0.295153 0.770995 0.560044 0.436533
4 0.862051 0.766297 0.275897 0.458767
0 0.0757668 0.856576 0.150335 0.278023
4 0.221399 0.846434 0.432847 0.288437
0 0.342907 0.77454 0.361756 0.45092
3 0.847928 0.116676 0.304144 0.233352
0 0.918484 0.565525 0.163031 0.866271
4 0.498476 0.770877 0.495559 0.434118
4 0.249473 0.8059 0.488074 0.368905
4 0.126188 0.678845 0.252377 0.620287
3 0.868124 0.338888 0.263752 0.648747
0 0.745243 0.240367 0.509513 0.480734
4 0.0961153 0.705436 0.192231 0.586337
4 0.275252 0.805794 0.40163 0.388413
0 0.442489 0.0503623 0.884979 0.100725
4 0.328362 0.761916 0.521093 0.453035
0 0.21066 0.682748 0.418449 0.625823
3 0.526822 0.302909 0.584563 0.605817
3 0.610802 0.154293 0.758953 0.308585
0 0.0231629 0.803256 0.0463257 0.393488
3 0.0304965 0.196286 0.060993 0.392571
3 0.180887 0.123281 0.361774 0.246561
4 0.27055 0.573038 0.532409 0.498086
0 0.483297 0.788131 0.256932 0.423737
0 0.414438 0.0775996 0.828876 0.155199
3 0.0757668 0.856576 0.150335 0.278023
0 0.827657 0.718957 0.344685 0.562087
0 0.413442 0.77321 0.283647 0.453581
3 0.897465 0.261554 0.20507 0.523109
4 0.172899 0.853521 0.343233 0.292959
3 0.139488 0.18358 0.278976 0.357522
3 0.532308 0.0699084 0.911717 0.139817
0 0.667515 0.502648 0.504445 0.994704
0 0.0177558 0.745247 0.0355117 0.509506
3 0.0177558 0.745247 0.0355117 0.509506
3 0.16985 0.314923 0.336437 0.601948
4 0.395963 0.780463 0.406166 0.415413
3 0.745243 0.240367 0.509513 0.480734
3 0.142992 0.11808 0.285984 0.23616
0 0.786672 0.189416 0.426655 0.378831
4 0.839119 0.517768 0.321762 0.962341
4 0.267896 0.457149 0.528905 0.846685
3 0.0301798 0.835972 0.0603596 0.328055
3 0.300358 0.116833 0.600716 0.233666
3 0.6088 0.76557 0.467788 0.461671
4 0.0443299 0.439638 0.0886598 0.76847
0 0.548725 0.797073 0.241851 0.405855
4 0.342907 0.77454 0.361756 0.45092
4 0.129462 0.54637 0.258923 0.472313
3 0.716774 0.314262 0.566453 0.628524
3 0.0231629 0.803256 0.0463257 0.393488
4 0.548725 0.797073 0.241851 0.405855
0 0.274329 0.782387 0.507048 0.435226
4 0.112495 0.857436 0.224991 0.285129
3 0.185873 0.218015 0.371746 0.431021
3 0.835279 0.46285 0.329442 0.892594
3 0.0138209 0.686841 0.0276418 0.626319
4 0.0301798 0.835972 0.0603596 0.328055
4 0.485136 0.038736 0.922896 0.0774721
4 0.777884 0.50136 0.444232 0.982935
4 0.0354721 0.50367 0.0709442 0.688773
3 0.0880652 0.274606 0.17613 0.474222
4 0.632581 0.78479 0.314814 0.43042
3 0.931785 0.322107 0.13643 0.603807
0 0.0301798 0.835972 0.0603596 0.328055
4 0.483297 0.788131 0.256932 0.423737
4 0.413442 0.77321 0.283647 0.453581
0 0.632581 0.78479 0.314814 0.43042
4 0.016724 0.649027 0.033448 0.664998
4 0.089347 0.114687 0.178694 0.229373
4 0.649873 0.757785 0.632463 0.460481
4 0.0138209 0.686841 0.0276418 0.626319
0 0.351503 0.24601 0.667268 0.49202
0 0.218813 0.314821 0.431152 0.611677
0 0.0304965 0.196286 0.060993 0.392571
0 0.180887 0.123281 0.361774 0.246561
4 0.247102 0.344803 0.452036 0.671055
0 0.016724 0.649027 0.033448 0.664998
4 0.532308 0.0699084 0.911717 0.139817
0 0.897465 0.261554 0.20507 0.523109
4 0.65907 0.499128 0.365191 0.988118
4 0.52648 0.739747 0.363981 0.499366
4 0.0304965 0.196286 0.060993 0.392571
4 0.533599 0.718683 0.163485 0.53939
4 0.49981 0.703724 0.113495 0.480731
0 0.932533 0.429139 0.134934 0.780802
4 0.583357 0.12251 0.829381 0.24502
4 0.0213547 0.58734 0.0427094 0.674358
0 0.931785 0.322107 0.13643 0.603807
4 0.034789 0.384682 0.0695781 0.769364
4 0.847928 0.116676 0.304144 0.233352
4 0.0177558 0.745247 0.0355117 0.509506
3 0.112495 0.857436 0.224991 0.285129
0 0.275252 0.805794 0.40163 0.388413
3 0.703816 0.283482 0.326664 0.547167
4 0.341667 0.512401 0.405846 0.900308
0 0.0286562 0.265018 0.0573123 0.530036
4 0.0286562 0.265018 0.0573123 0.530036
4 0.460373 0.521427 0.25157 0.957147
2 0.293394 0.703278 0.551889 0.512037
4 0.918484 0.565525 0.163031 0.866271
0 0.142992 0.11808 0.285984 0.23616
4 0.502155 0.591979 0.106125 0.46615
4 0.396101 0.250927 0.72746 0.501854
0 0.701041 0.764931 0.370328 0.470138
4 0.0231629 0.803256 0.0463257 0.393488
0 0.676979 0.470813 0.340699 0.933792
3 0.22816 0.833448 0.449207 0.3238
4 0.874536 0.440631 0.250929 0.841721
1 0.107482 0.85849 0.214118 0.274486
4 0.62416 0.360187 0.36358 0.705818
2 0.285637 0.593708 0.559121 0.554666
1 0.202903 0.855352 0.400412 0.277185
1 0.649873 0.757785 0.632463 0.460481
3 0.0971371 0.177936 0.194274 0.349741
0 0.778517 0.3323 0.440913 0.655184
4 0.932533 0.429139 0.134934 0.780802
2 0.814971 0.503184 0.370058 0.983326
4 0.442489 0.0503623 0.884979 0.100725
4 0.657771 0.156122 0.684458 0.312245
4 0.695682 0.237043 0.608636 0.474087
2 0.418829 0.73826 0.3854 0.502441
2 0.249287 0.31684 0.42976 0.613983
1 0.231469 0.674036 0.456721 0.636136
4 0.897465 0.261554 0.20507 0.523109
4 0.142992 0.11808 0.285984 0.23616
1 0.285637 0.593708 0.559121 0.554666
4 0.786672 0.189416 0.426655 0.378831
0 0.0961153 0.705436 0.192231 0.586337
4 0.526822 0.302909 0.584563 0.605817
1 0.775725 0.293771 0.448329 0.573482
4 0.55376 0.552241 0.196441 0.895519
0 0.874536 0.440631 0.250929 0.841721
4 0.139488 0.18358 0.278976 0.357522
4 0.180887 0.123281 0.361774 0.246561
4 0.931785 0.322107 0.13643 0.603807
4 0.179586 0.450993 0.355229 0.846827
0 0.195751 0.59261 0.390637 0.534883
0 0.0213547 0.58734 0.0427094 0.674358
0 0.652317 0.2987 0.45642 0.597401
4 0.0971371 0.177936 0.194274 0.349741
0 0.034789 0.384682 0.0695781 0.769364
2 0.284686 0.509176 0.538684 0.855616
2 0.909145 0.773291 0.181709 0.448837
2 0.172899 0.853521 0.343233 0.292959
1 0.762847 0.755154 0.466643 0.473366
2 0.832908 0.317549 0.334184 0.609655
4 0.0880652 0.274606 0.17613 0.474222
4 0.454986 0.335378 0.462472 0.662661
2 0.815681 0.760972 0.368639 0.464403
2 0.931785 0.322107 0.13643 0.603807
4 0.132612 0.490281 0.265224 0.791048
4 0.414438 0.0775996 0.828876 0.155199
4 0.46939 0.491758 0.349289 0.950832
4 0.300358 0.116833 0.600716 0.233666
4 0.784661 0.3066 0.430677 0.59548
1 0.832908 0.317549 0.334184 0.609655
2 0.52648 0.739747 0.363981 0.499366
2 0.49981 0.703724 0.113495 0.480731
2 0.342907 0.77454 0.361756 0.45092
2 0.342101 0.349426 0.502421 0.698853
2 0.185873 0.218015 0.371746 0.431021
0 0.0354721 0.50367 0.0709442 0.688773
2 0.249473 0.8059 0.488074 0.368905
4 0.652317 0.2987 0.45642 0.597401
2 0.932533 0.429139 0.134934 0.780802
4 0.185873 0.218015 0.371746 0.431021
1 0.0757668 0.856576 0.150335 0.278023
1 0.549873 0.764915 0.476457 0.446895
2 0.0971371 0.177936 0.194274 0.349741
2 0.745243 0.240367 0.509513 0.480734
0 0.502155 0.591979 0.106125 0.46615
0 0.0443299 0.439638 0.0886598 0.76847
0 0.185873 0.218015 0.371746 0.431021
1 0.274329 0.782387 0.507048 0.435226
0 0.139488 0.18358 0.278976 0.357522
2 0.112495 0.857436 0.224991 0.285129
1 0.703816 0.283482 0.326664 0.547167
4 0.342101 0.349426 0.502421 0.698853
2 0.16985 0.314923 0.336437 0.601948
1 0.395963 0.780463 0.406166 0.415413
2 0.179586 0.450993 0.355229 0.846827
2 0.396101 0.250927 0.72746 0.501854
1 0.32991 0.704989 0.445031 0.562459
4 0.207813 0.282516 0.415626 0.5617
2 0.867479 0.747589 0.265042 0.492778
2 0.533599 0.718683 0.163485 0.53939
0 0.138589 0.279963 0.277179 0.506548
2 0.929854 0.766166 0.140293 0.467668
2 0.526822 0.302909 0.584563 0.605817
0 0.4519 0.305154 0.690847 0.610307
1 0.0961153 0.705436 0.192231 0.586337
2 0.626918 0.744448 0.514689 0.493975
2 0.300358 0.116833 0.600716 0.233666
2 0.792267 0.735229 0.415466 0.529542
0 0.342101 0.349426 0.502421 0.698853
2 0.138589 0.279963 0.277179 0.506548
4 0.138589 0.279963 0.277179 0.506548
2 0.139488 0.18358 0.278976 0.357522
2 0.847928 0.116676 0.304144 0.233352
0 0.0971371 0.177936 0.194274 0.349741
1 0.909145 0.773291 0.181709 0.448837
2 0.275252 0.805794 0.40163 0.388413
2 0.221399 0.846434 0.432847 0.288437
2 0.716774 0.314262 0.566453 0.628524
