3 0.861719 0.276813 0.0739819 0.327133
0 0.822817 0.791556 0.354366 0.404033
0 0.858732 0.27233 0.084021 0.291946
0 0.435816 0.527235 0.0462984 0.077156
0 0.547639 0.511572 0.0464385 0.050654
0 0.249454 0.8473 0.49099 0.287883
1 0.858732 0.27233 0.084021 0.291946
0 0.42556 0.525511 0.0659199 0.0879415
0 0.173196 0.849285 0.344584 0.286713
0 0.868401 0.294614 0.0983574 0.364774
0 0.9078 0.260465 0.183306 0.466944
0 0.493196 0.520983 0.118083 0.0720056
3 0.789065 0.481269 0.201232 0.633348
0 0.117742 0.853271 0.235484 0.278654
0 0.436453 0.472091 0.0481174 0.178198
3 0.790291 0.379984 0.189335 0.458185
0 0.865808 0.231807 0.0999157 0.428394
3 0.373036 0.624382 0.163596 0.337341
0 0.435288 0.560944 0.0501062 0.121393
0 0.482728 0.67339 0.204474 0.365582
3 0.435816 0.527235 0.0462984 0.077156
0 0.580945 0.729502 0.422943 0.531742
0 0.863652 0.221311 0.141514 0.432174
3 0.842577 0.61993 0.314845 0.738983
3 0.409787 0.403498 0.337906 0.803519
3 0.559787 0.420257 0.355598 0.813408
0 0.500227 0.780493 0.556182 0.417904
0 0.409729 0.57181 0.100412 0.136539
3 0.642223 0.494433 0.244278 0.572093
3 0.11545 0.394721 0.230901 0.743626
3 0.130509 0.745434 0.257687 0.494347
3 0.820873 0.738164 0.358254 0.500678
3 0.330571 0.479791 0.245217 0.867954
3 0.0855533 0.469833 0.16874 0.672467
3 0.785138 0.594851 0.312382 0.754925
3 0.461322 0.455524 0.380744 0.902889
3 0.819079 0.799001 0.361841 0.401997
3 0.900868 0.528774 0.198264 0.902712
0 0.250839 0.758376 0.482803 0.465158
3 0.688983 0.338468 0.444881 0.676935
3 0.617148 0.773877 0.345445 0.452246
0 0.0126261 0.59949 0.0252521 0.466437
0 0.546821 0.720711 0.0910517 0.469577
0 0.937908 0.800975 0.124185 0.398049
0 0.751314 0.728559 0.497372 0.516533
3 0.142252 0.48998 0.284097 0.97996
3 0.943939 0.826685 0.112122 0.34663
0 0.549832 0.461836 0.0497446 0.163
0 0.934029 0.253416 0.131942 0.460657
3 0.279019 0.667561 0.226352 0.604465
0 0.577511 0.522134 0.102126 0.0850143
3 0.436453 0.472091 0.0481174 0.178198
0 0.621762 0.079989 0.756475 0.159978
3 0.7856 0.218822 0.4288 0.437644
2 0.8614 0.276859 0.0825237 0.305144
3 0.901073 0.228897 0.197853 0.457795
0 0.56059 0.0342064 0.828125 0.0684129
0 0.6935 0.240022 0.613 0.480044
3 0.944898 0.716314 0.110205 0.490498
3 0.937924 0.587543 0.124152 0.504397
4 0.865808 0.231807 0.0999157 0.428394
3 0.241716 0.476259 0.344333 0.931696
3 0.907173 0.397371 0.185655 0.713207
4 0.820426 0.799383 0.359148 0.38143
0 0.415766 0.0362695 0.831533 0.0725389
0 0.577501 0.728972 0.249294 0.49471
3 0.621762 0.079989 0.756475 0.159978
3 0.577051 0.0545288 0.762438 0.109058
3 0.649084 0.250199 0.701832 0.500399
3 0.13281 0.310282 0.265619 0.58106
3 0.24509 0.74495 0.40545 0.473327
3 0.904919 0.287531 0.184946 0.494347
3 0.930722 0.434955 0.138556 0.676468
3 0.341676 0.289713 0.399009 0.578639
3 0.865808 0.231807 0.0999157 0.428394
3 0.934029 0.253416 0.131942 0.460657
3 0.522171 0.772223 0.479006 0.455554
3 0.575364 0.311321 0.701216 0.622643
3 0.421261 0.783284 0.616796 0.433432
3 0.0817094 0.653969 0.161523 0.428841
0 0.0129147 0.479747 0.0258294 0.533324
3 0.435288 0.560944 0.0501062 0.121393
3 0.332882 0.749283 0.268832 0.470111
3 0.128461 0.624623 0.256922 0.711699
3 0.44013 0.74928 0.601117 0.491501
0 0.425324 0.485438 0.0696441 0.216024
0 0.44013 0.74928 0.601117 0.491501
3 0.428371 0.279782 0.434043 0.549524
0 0.917746 0.789688 0.164508 0.414631
3 0.66057 0.62635 0.226704 0.629775
0 0.348445 0.839207 0.646081 0.29918
0 0.123445 0.10252 0.246891 0.205041
3 0.398968 0.036757 0.797935 0.073514
3 0.020196 0.760846 0.0403919 0.478309
3 0.874178 0.543246 0.121116 0.859427
0 0.81179 0.150275 0.376419 0.30055
3 0.863652 0.221311 0.141514 0.432174
3 0.409729 0.57181 0.100412 0.136539
0 0.577051 0.0545288 0.762438 0.109058
3 0.614147 0.573163 0.187951 0.441094
3 0.250485 0.846437 0.491716 0.307125
0 0.332882 0.749283 0.268832 0.470111
3 0.301132 0.367915 0.345801 0.718087
3 0.56059 0.0342064 0.828125 0.0684129
0 0.0122497 0.6447 0.0244994 0.650007
0 0.7856 0.218822 0.4288 0.437644
3 0.123445 0.10252 0.246891 0.205041
0 0.931593 0.735282 0.136815 0.503573
4 0.937343 0.775921 0.125314 0.432115
3 0.924341 0.334951 0.151318 0.580962
4 0.435816 0.527235 0.0462984 0.077156
3 0.318391 0.305627 0.636781 0.611253
3 0.687237 0.73989 0.594583 0.507621
3 0.546821 0.720711 0.0910517 0.469577
3 0.42556 0.525511 0.0659199 0.0879415
3 0.323206 0.833251 0.572125 0.333499
3 0.600219 0.782226 0.364343 0.414637
3 0.553346 0.276653 0.48485 0.552775
0 0.130509 0.745434 0.257687 0.494347
3 0.760132 0.791695 0.355107 0.41661
4 0.943939 0.826685 0.112122 0.34663
1 0.865808 0.231807 0.0999157 0.428394
3 0.576057 0.526554 0.105065 0.297176
3 0.175562 0.846245 0.350578 0.307509
3 0.81179 0.150275 0.376419 0.30055
0 0.826467 0.790499 0.347066 0.419001
3 0.0264326 0.82005 0.0528652 0.3599
3 0.549832 0.461836 0.0497446 0.163
3 0.844341 0.536545 0.201074 0.836464
0 0.357759 0.770944 0.665475 0.433205
4 0.858732 0.27233 0.084021 0.291946
3 0.775183 0.699005 0.449634 0.586989
3 0.577501 0.728972 0.249294 0.49471
4 0.687237 0.73989 0.594583 0.507621
3 0.0522792 0.736066 0.104558 0.519763
0 0.878092 0.232025 0.243816 0.464049
3 0.0322094 0.847242 0.0644188 0.305517
4 0.826467 0.790499 0.347066 0.419001
0 0.943939 0.826685 0.112122 0.34663
3 0.868401 0.294614 0.0983574 0.364774
3 0.0631256 0.319153 0.126251 0.583361
0 0.924341 0.334951 0.151318 0.580962
3 0.844958 0.284327 0.110141 0.32675
4 0.760132 0.791695 0.355107 0.41661
3 0.528832 0.36954 0.461909 0.73908
0 0.0429128 0.586915 0.0848888 0.28366
3 0.206637 0.31931 0.364269 0.638619
1 0.222578 0.850013 0.44123 0.285009
4 0.6935 0.240022 0.613 0.480044
3 0.374012 0.0584067 0.748024 0.116813
3 0.547639 0.511572 0.0464385 0.050654
3 0.425324 0.485438 0.0696441 0.216024
0 0.0184213 0.705224 0.0368426 0.589551
0 0.845427 0.291353 0.110776 0.349456
0 0.373036 0.624382 0.163596 0.337341
3 0.0122497 0.6447 0.0244994 0.650007
0 0.522171 0.772223 0.479006 0.455554
4 0.436453 0.472091 0.0481174 0.178198
4 0.621762 0.079989 0.756475 0.159978
3 0.0177639 0.27844 0.0355278 0.555279
4 0.175562 0.846245 0.350578 0.307509
4 0.522171 0.772223 0.479006 0.455554
3 0.937908 0.800975 0.124185 0.398049
3 0.326134 0.0975397 0.652267 0.195079
4 0.863652 0.221311 0.141514 0.432174
3 0.0289618 0.24584 0.0579237 0.49168
0 0.874178 0.543246 0.121116 0.859427
4 0.944898 0.716314 0.110205 0.490498
0 0.488894 0.268423 0.46913 0.52637
4 0.570141 0.0385533 0.778857 0.0771066
4 0.077877 0.785589 0.155684 0.414455
0 0.0289618 0.24584 0.0579237 0.49168
4 0.9078 0.260465 0.183306 0.466944
3 0.0910706 0.289568 0.182141 0.579136
0 0.374012 0.0584067 0.748024 0.116813
0 0.622045 0.662119 0.211085 0.396198
0 0.907173 0.397371 0.185655 0.713207
3 0.0509924 0.384195 0.101985 0.522406
0 0.0151016 0.347125 0.0302031 0.615947
3 0.0151016 0.347125 0.0302031 0.615947
4 0.323206 0.833251 0.572125 0.333499
4 0.237569 0.753886 0.469109 0.474308
3 0.0126261 0.59949 0.0252521 0.466437
4 0.385698 0.794999 0.624052 0.410002
4 0.415967 0.787435 0.697177 0.403799
4 0.415766 0.0362695 0.831533 0.0725389
0 0.892298 0.543026 0.192493 0.870682
4 0.246273 0.847422 0.483932 0.305156
0 0.323206 0.833251 0.572125 0.333499
0 0.760132 0.791695 0.355107 0.41661
3 0.493196 0.520983 0.118083 0.0720056
3 0.0129147 0.479747 0.0258294 0.533324
4 0.759648 0.782558 0.472164 0.408523
4 0.5795 0.770652 0.405061 0.436019
3 0.485028 0.499508 0.122621 0.238865
0 0.818847 0.575858 0.362306 0.813859
4 0.878092 0.232025 0.243816 0.464049
4 0.0322094 0.847242 0.0644188 0.305517
4 0.930722 0.434955 0.138556 0.676468
4 0.495804 0.737404 0.529477 0.517003
0 0.326134 0.0975397 0.652267 0.195079
3 0.577511 0.522134 0.102126 0.0850143
4 0.937924 0.587543 0.124152 0.504397
4 0.425324 0.485438 0.0696441 0.216024
2 0.482728 0.67339 0.204474 0.365582
3 0.917746 0.789688 0.164508 0.414631
0 0.0177639 0.27844 0.0355278 0.555279
4 0.934029 0.253416 0.131942 0.460657
2 0.332882 0.749283 0.268832 0.470111
3 0.622045 0.662119 0.211085 0.396198
3 0.193553 0.109642 0.387105 0.219285
2 0.789065 0.481269 0.201232 0.633348
0 0.575364 0.311321 0.701216 0.622643
4 0.482728 0.67339 0.204474 0.365582
4 0.121394 0.855563 0.242788 0.288874
4 0.0289618 0.24584 0.0579237 0.49168
0 0.421261 0.783284 0.616796 0.433432
2 0.845427 0.291353 0.110776 0.349456
3 0.580945 0.729502 0.422943 0.531742
3 0.0434193 0.501789 0.0868385 0.309502
0 0.844341 0.536545 0.201074 0.836464
3 0.0429128 0.586915 0.0848888 0.28366
2 0.547639 0.511572 0.0464385 0.050654
4 0.42556 0.525511 0.0659199 0.0879415
0 0.0322094 0.847242 0.0644188 0.305517
4 0.0177639 0.27844 0.0355278 0.555279
4 0.549832 0.461836 0.0497446 0.163
4 0.617148 0.773877 0.345445 0.452246
4 0.7856 0.218822 0.4288 0.437644
4 0.359607 0.750615 0.553847 0.48338
1 0.818699 0.791136 0.362601 0.407433
4 0.425042 0.258393 0.519839 0.516786
4 0.306736 0.284913 0.607348 0.569825
0 0.937924 0.587543 0.124152 0.504397
4 0.123445 0.10252 0.246891 0.205041
4 0.521871 0.266952 0.45812 0.523237
0 0.930722 0.434955 0.138556 0.676468
3 0.0184213 0.705224 0.0368426 0.589551
0 0.020196 0.760846 0.0403919 0.478309
3 0.390154 0.795831 0.654606 0.387138
4 0.0151016 0.347125 0.0302031 0.615947
2 0.305501 0.755281 0.52777 0.474765
2 0.892298 0.543026 0.192493 0.870682
4 0.892298 0.543026 0.192493 0.870682
3 0.482728 0.67339 0.204474 0.365582
4 0.348445 0.839207 0.646081 0.29918
4 0.81179 0.150275 0.376419 0.30055
4 0.924341 0.334951 0.151318 0.580962
0 0.0264326 0.82005 0.0528652 0.3599
4 0.130509 0.745434 0.257687 0.494347
2 0.546821 0.720711 0.0910517 0.469577
0 0.193553 0.109642 0.387105 0.219285
4 0.575364 0.311321 0.701216 0.622643
2 0.435816 0.527235 0.0462984 0.077156
2 0.844341 0.536545 0.201074 0.836464
1 0.435288 0.560944 0.0501062 0.121393
4 0.0992367 0.860762 0.197795 0.265724
2 0.409729 0.57181 0.100412 0.136539
2 0.785138 0.594851 0.312382 0.754925
0 0.0464535 0.716557 0.0925216 0.477328
4 0.0126261 0.59949 0.0252521 0.466437
2 0.495804 0.737404 0.529477 0.517003
4 0.546821 0.720711 0.0910517 0.469577
0 0.0817094 0.653969 0.161523 0.428841
1 0.688983 0.338468 0.444881 0.676935
4 0.0184213 0.705224 0.0368426 0.589551
4 0.0509924 0.384195 0.101985 0.522406
4 0.424171 0.348142 0.443727 0.696284
3 0.0992367 0.860762 0.197795 0.265724
0 0.077877 0.785589 0.155684 0.414455
4 0.0522792 0.736066 0.104558 0.519763
4 0.409729 0.57181 0.100412 0.136539
4 0.0129147 0.479747 0.0258294 0.533324
4 0.547639 0.511572 0.0464385 0.050654
4 0.409787 0.403498 0.337906 0.803519
4 0.0910706 0.289568 0.182141 0.579136
0 0.50074 0.438835 0.40422 0.870998
3 0.121394 0.855563 0.242788 0.288874
4 0.844341 0.536545 0.201074 0.836464
4 0.0122497 0.6447 0.0244994 0.650007
0 0.0434193 0.501789 0.0868385 0.309502
4 0.461322 0.455524 0.380744 0.902889
4 0.0631256 0.319153 0.126251 0.583361
2 0.577501 0.728972 0.249294 0.49471
3 0.526905 0.776421 0.495935 0.423736
2 0.81503 0.734402 0.369941 0.498581
0 0.617148 0.773877 0.345445 0.452246
4 0.332882 0.749283 0.268832 0.470111
4 0.507173 0.362708 0.465045 0.725416
4 0.020196 0.760846 0.0403919 0.478309
2 0.436453 0.472091 0.0481174 0.178198
4 0.13203 0.299968 0.264061 0.599936
4 0.577501 0.728972 0.249294 0.49471
4 0.0264326 0.82005 0.0528652 0.3599
1 0.600219 0.782226 0.364343 0.414637
4 0.907173 0.397371 0.185655 0.713207
4 0.868401 0.294614 0.0983574 0.364774
0 0.157351 0.314534 0.314702 0.629067
2 0.435288 0.560944 0.0501062 0.121393
4 0.0429128 0.586915 0.0848888 0.28366
3 0.861722 0.276824 0.0740013 0.327091
0 0.822801 0.7916 0.354399 0.403917
0 0.85874 0.272291 0.0840038 0.291922
0 0.435823 0.527236 0.0463022 0.0771272
0 0.547651 0.511587 0.0463805 0.0505689
0 0.249663 0.847354 0.49141 0.287801
1 0.85874 0.272291 0.0840038 0.291922
0 0.425566 0.525532 0.0658859 0.0878641
0 0.173195 0.849344 0.344568 0.28666
0 0.868249 0.294302 0.0980452 0.363957
0 0.907811 0.260856 0.183273 0.466895
0 0.493631 0.520966 0.117544 0.0719045
3 0.788979 0.480963 0.200607 0.631108
3 0.790437 0.380196 0.188533 0.458465
0 0.117975 0.853266 0.23595 0.278699
3 0.373134 0.621803 0.16323 0.331354
0 0.865809 0.231783 0.0998219 0.428404
0 0.436461 0.472137 0.0481337 0.178119
3 0.435823 0.527236 0.0463022 0.0771272
0 0.435301 0.560984 0.050099 0.121368
0 0.482796 0.672058 0.203518 0.362894
3 0.843706 0.621842 0.312587 0.735132
0 0.580657 0.729259 0.423567 0.532366
3 0.410406 0.403853 0.336409 0.804169
3 0.560513 0.419877 0.352874 0.81225
0 0.863715 0.221329 0.140504 0.432037
3 0.642749 0.49504 0.242081 0.56694
3 0.115204 0.394985 0.230408 0.743706
3 0.1304 0.745513 0.257472 0.494301
3 0.820876 0.738089 0.358247 0.500962
0 0.409846 0.571705 0.100114 0.13597
0 0.49665 0.780631 0.563299 0.417627
3 0.33083 0.480088 0.244592 0.864632
3 0.0854594 0.471179 0.168557 0.668722
3 0.784822 0.596029 0.310991 0.752344
3 0.900981 0.528875 0.198038 0.901404
3 0.46174 0.455279 0.37944 0.902356
3 0.819055 0.798998 0.361891 0.402003
3 0.690002 0.338685 0.442633 0.677371
3 0.616479 0.774016 0.346832 0.451969
0 0.25072 0.758207 0.482458 0.465525
0 0.0126819 0.599273 0.0253639 0.465274
3 0.142054 0.489979 0.283748 0.979958
0 0.54682 0.719697 0.0892954 0.467372
3 0.943926 0.826869 0.112149 0.346262
3 0.279983 0.670369 0.222959 0.596517
0 0.938012 0.801162 0.123975 0.397675
3 0.436461 0.472137 0.0481337 0.178119
0 0.549868 0.46184 0.0495861 0.162846
0 0.751376 0.728523 0.497248 0.516643
2 0.861388 0.276806 0.0824989 0.304898
3 0.785968 0.219136 0.428063 0.438272
0 0.934001 0.253419 0.131999 0.461005
3 0.901243 0.228579 0.197514 0.457158
0 0.577558 0.521624 0.101785 0.0837279
3 0.944965 0.716141 0.11007 0.489777
4 0.865809 0.231783 0.0998219 0.428404
3 0.937929 0.587035 0.124143 0.500955
3 0.241272 0.476062 0.344319 0.930975
0 0.621965 0.0803793 0.756071 0.160759
0 0.693655 0.239841 0.612691 0.479683
0 0.560558 0.0343273 0.828216 0.0686546
3 0.907191 0.396994 0.185617 0.711034
4 0.820421 0.799421 0.359158 0.381414
3 0.621965 0.0803793 0.756071 0.160759
3 0.577225 0.0547602 0.762065 0.10952
3 0.649335 0.250673 0.701331 0.501345
3 0.132608 0.310421 0.265215 0.581306
3 0.24504 0.745072 0.40345 0.473058
0 0.415713 0.0361632 0.831425 0.0723265
3 0.904883 0.287888 0.184967 0.494007
0 0.577069 0.728615 0.246499 0.493866
3 0.930788 0.434234 0.138423 0.673338
3 0.340254 0.290298 0.400585 0.580063
3 0.405119 0.283032 0.403772 0.554044
3 0.865809 0.231783 0.0998219 0.428404
3 0.575425 0.312027 0.700973 0.624054
3 0.934001 0.253419 0.131999 0.461005
3 0.519375 0.772378 0.484453 0.455245
3 0.420225 0.78343 0.618851 0.433141
3 0.0817034 0.653694 0.161522 0.427792
3 0.435301 0.560984 0.050099 0.121368
3 0.333004 0.74939 0.268234 0.46984
3 0.128212 0.628192 0.256424 0.703832
3 0.4409 0.749195 0.598284 0.491706
0 0.012937 0.480134 0.025874 0.53209
3 0.660419 0.626755 0.225075 0.624907
0 0.425334 0.485402 0.0696195 0.215824
3 0.399042 0.0366893 0.798084 0.0733785
3 0.0204882 0.760813 0.0409764 0.478375
3 0.873897 0.543177 0.120251 0.859247
3 0.863715 0.221329 0.140504 0.432037
0 0.91811 0.789837 0.163779 0.414342
0 0.123231 0.102562 0.246462 0.205125
0 0.34846 0.839387 0.646395 0.298892
3 0.409846 0.571705 0.100114 0.13597
3 0.614036 0.572692 0.18708 0.437368
3 0.250621 0.846524 0.491986 0.306952
0 0.812354 0.150581 0.375292 0.301161
3 0.300147 0.369028 0.34573 0.720081
3 0.560558 0.0343273 0.828216 0.0686546
0 0.577225 0.0547602 0.762065 0.10952
0 0.333004 0.74939 0.268234 0.46984
3 0.123231 0.102562 0.246462 0.205125
0 0.0123496 0.644663 0.0246992 0.649408
0 0.785968 0.219136 0.428063 0.438272
3 0.92439 0.334911 0.15122 0.580506
4 0.937647 0.775948 0.124706 0.431893
4 0.435823 0.527236 0.0463022 0.0771272
3 0.687063 0.739672 0.59474 0.508166
3 0.319127 0.305773 0.638254 0.611546
3 0.600187 0.782403 0.364475 0.41443
3 0.425566 0.525532 0.0658859 0.0878641
3 0.54682 0.719697 0.0892954 0.467372
3 0.32401 0.833292 0.574011 0.333415
3 0.553057 0.277505 0.483674 0.554642
0 0.359958 0.750543 0.55137 0.483599
3 0.759835 0.791777 0.354741 0.416446
0 0.931725 0.735376 0.136551 0.503188
4 0.943926 0.826869 0.112149 0.346262
1 0.865809 0.231783 0.0998219 0.428404
3 0.576095 0.525562 0.104815 0.294758
3 0.175626 0.846307 0.350689 0.307386
3 0.812354 0.150581 0.375292 0.301161
3 0.026685 0.820179 0.05337 0.359643
3 0.844049 0.536392 0.200048 0.836118
3 0.549868 0.46184 0.0495861 0.162846
4 0.85874 0.272291 0.0840038 0.291922
3 0.775612 0.699276 0.448775 0.586564
0 0.1304 0.745513 0.257472 0.494301
3 0.577069 0.728615 0.246499 0.493866
4 0.687063 0.739672 0.59474 0.508166
3 0.0523009 0.736196 0.104602 0.519611
3 0.0323802 0.847335 0.0647604 0.30533
0 0.826577 0.790546 0.346847 0.418907
4 0.826577 0.790546 0.346847 0.418907
3 0.868249 0.294302 0.0980452 0.363957
3 0.0630691 0.319388 0.126138 0.583628
3 0.84496 0.284435 0.11015 0.326915
3 0.52891 0.369778 0.460428 0.739555
4 0.759835 0.791777 0.354741 0.416446
3 0.206355 0.319649 0.363084 0.639298
0 0.878774 0.231841 0.242452 0.463682
1 0.222548 0.850099 0.441163 0.284881
4 0.693655 0.239841 0.612691 0.479683
0 0.943926 0.826869 0.112149 0.346262
3 0.547651 0.511587 0.0463805 0.0505689
0 0.92439 0.334911 0.15122 0.580506
3 0.374252 0.0584696 0.748504 0.116939
3 0.425334 0.485402 0.0696195 0.215824
0 0.0429231 0.587036 0.0849115 0.283694
3 0.0123496 0.644663 0.0246992 0.649408
4 0.436461 0.472137 0.0481337 0.178119
0 0.0186761 0.705062 0.0373521 0.589876
4 0.621965 0.0803793 0.756071 0.160759
0 0.845428 0.291343 0.110772 0.349392
0 0.373134 0.621803 0.16323 0.331354
3 0.0177362 0.278645 0.0354724 0.55517
4 0.175626 0.846307 0.350689 0.307386
0 0.519375 0.772378 0.484453 0.455245
4 0.519375 0.772378 0.484453 0.455245
3 0.938012 0.801162 0.123975 0.397675
3 0.360805 0.268351 0.543369 0.536701
3 0.32625 0.0978371 0.652501 0.195674
4 0.863715 0.221329 0.140504 0.432037
3 0.0288877 0.245886 0.0577753 0.491772
4 0.944965 0.716141 0.11007 0.489777
4 0.570381 0.0387444 0.778537 0.0774888
0 0.38964 0.796205 0.654806 0.386401
4 0.078013 0.785884 0.155946 0.413842
0 0.489173 0.268465 0.467297 0.526598
0 0.873897 0.543177 0.120251 0.859247
4 0.907811 0.260856 0.183273 0.466895
3 0.0909299 0.289726 0.18186 0.579453
3 0.454396 0.255102 0.52355 0.510204
0 0.0288877 0.245886 0.0577753 0.491772
3 0.448677 0.33371 0.462726 0.667421
3 0.0509812 0.384635 0.101962 0.521974
4 0.32401 0.833292 0.574011 0.333415
3 0.0150981 0.347403 0.0301963 0.615607
0 0.621639 0.658855 0.209767 0.389209
3 0.0126819 0.599273 0.0253639 0.465274
4 0.237284 0.753742 0.468566 0.474664
4 0.385411 0.795098 0.625634 0.409804
0 0.374252 0.0584696 0.748504 0.116939
4 0.415665 0.787671 0.69745 0.403331
4 0.415713 0.0361632 0.831425 0.0723265
0 0.907191 0.396994 0.185617 0.711034
0 0.0150981 0.347403 0.0301963 0.615607
4 0.246291 0.847519 0.483933 0.304963
3 0.493631 0.520966 0.117544 0.0719045
3 0.012937 0.480134 0.025874 0.53209
4 0.759881 0.782847 0.471641 0.407943
4 0.578901 0.77079 0.406292 0.43573
0 0.892424 0.54305 0.191583 0.870575
3 0.485314 0.499404 0.122306 0.238482
4 0.878774 0.231841 0.242452 0.463682
3 0.525109 0.785159 0.499399 0.417233
4 0.0323802 0.847335 0.0647604 0.30533
4 0.496341 0.737318 0.52776 0.517179
0 0.32401 0.833292 0.574011 0.333415
0 0.759835 0.791777 0.354741 0.416446
4 0.930788 0.434234 0.138423 0.673338
3 0.577558 0.521624 0.101785 0.0837279
4 0.425334 0.485402 0.0696195 0.215824
0 0.818834 0.576046 0.362333 0.813574
4 0.937929 0.587035 0.124143 0.500955
2 0.482796 0.672058 0.203518 0.362894
3 0.91811 0.789837 0.163779 0.414342
4 0.934001 0.253419 0.131999 0.461005
2 0.333004 0.74939 0.268234 0.46984
3 0.621639 0.658855 0.209767 0.389209
3 0.193496 0.109802 0.386992 0.219604
2 0.788979 0.480963 0.200607 0.631108
4 0.482796 0.672058 0.203518 0.362894
0 0.32625 0.0978371 0.652501 0.195674
4 0.121512 0.855605 0.243024 0.28879
4 0.0288877 0.245886 0.0577753 0.491772
0 0.0177362 0.278645 0.0354724 0.55517
2 0.845428 0.291343 0.110772 0.349392
3 0.580657 0.729259 0.423567 0.532366
0 0.575425 0.312027 0.700973 0.624054
3 0.0434311 0.501889 0.0868622 0.309128
3 0.0429231 0.587036 0.0849115 0.283694
0 0.420225 0.78343 0.618851 0.433141
4 0.425566 0.525532 0.0658859 0.0878641
2 0.547651 0.511587 0.0463805 0.0505689
4 0.549868 0.46184 0.0495861 0.162846
4 0.0177362 0.278645 0.0354724 0.55517
4 0.616479 0.774016 0.346832 0.451969
4 0.785968 0.219136 0.428063 0.438272
0 0.844049 0.536392 0.200048 0.836118
4 0.359958 0.750543 0.55137 0.483599
4 0.424963 0.258472 0.519338 0.516944
4 0.30678 0.285163 0.608786 0.570326
4 0.123231 0.102562 0.246462 0.205125
4 0.521886 0.267043 0.456898 0.523631
0 0.0323802 0.847335 0.0647604 0.30533
1 0.818656 0.791166 0.362689 0.407418
3 0.0186761 0.705062 0.0373521 0.589876
3 0.38964 0.796205 0.654806 0.386401
4 0.0150981 0.347403 0.0301963 0.615607
2 0.305698 0.755172 0.526573 0.475068
2 0.892424 0.54305 0.191583 0.870575
4 0.892424 0.54305 0.191583 0.870575
0 0.937929 0.587035 0.124143 0.500955
0 0.930788 0.434234 0.138423 0.673338
3 0.482796 0.672058 0.203518 0.362894
4 0.34846 0.839387 0.646395 0.298892
0 0.0204882 0.760813 0.0409764 0.478375
4 0.812354 0.150581 0.375292 0.301161
4 0.92439 0.334911 0.15122 0.580506
4 0.1304 0.745513 0.257472 0.494301
2 0.54682 0.719697 0.0892954 0.467372
4 0.575425 0.312027 0.700973 0.624054
0 0.026685 0.820179 0.05337 0.359643
2 0.435823 0.527236 0.0463022 0.0771272
2 0.844049 0.536392 0.200048 0.836118
4 0.0994295 0.860732 0.19817 0.265763
1 0.435301 0.560984 0.050099 0.121368
2 0.409846 0.571705 0.100114 0.13597
0 0.193496 0.109802 0.386992 0.219604
2 0.784822 0.596029 0.310991 0.752344
4 0.0126819 0.599273 0.0253639 0.465274
2 0.496341 0.737318 0.52776 0.517179
4 0.54682 0.719697 0.0892954 0.467372
1 0.690002 0.338685 0.442633 0.677371
4 0.0186761 0.705062 0.0373521 0.589876
4 0.0509812 0.384635 0.101962 0.521974
3 0.0994295 0.860732 0.19817 0.265763
4 0.424367 0.349523 0.443252 0.699046
4 0.0523009 0.736196 0.104602 0.519611
4 0.409846 0.571705 0.100114 0.13597
0 0.0464671 0.716468 0.0925572 0.47687
4 0.012937 0.480134 0.025874 0.53209
0 0.0817034 0.653694 0.161522 0.427792
4 0.547651 0.511587 0.0463805 0.0505689
4 0.410406 0.403853 0.336409 0.804169
4 0.0909299 0.289726 0.18186 0.579453
0 0.078013 0.785884 0.155946 0.413842
3 0.121512 0.855605 0.243024 0.28879
4 0.0123496 0.644663 0.0246992 0.649408
4 0.844049 0.536392 0.200048 0.836118
4 0.46174 0.455279 0.37944 0.902356
4 0.0630691 0.319388 0.126138 0.583628
0 0.501013 0.43879 0.402373 0.870909
2 0.577069 0.728615 0.246499 0.493866
4 0.507417 0.362833 0.463269 0.725666
0 0.0434311 0.501889 0.0868622 0.309128
2 0.814916 0.734278 0.370168 0.49884
4 0.333004 0.74939 0.268234 0.46984
4 0.0204882 0.760813 0.0409764 0.478375
4 0.131929 0.300062 0.263858 0.600124
2 0.436461 0.472137 0.0481337 0.178119
4 0.577069 0.728615 0.246499 0.493866
4 0.026685 0.820179 0.05337 0.359643
0 0.616479 0.774016 0.346832 0.451969
4 0.907191 0.396994 0.185617 0.711034
1 0.600187 0.782403 0.364475 0.41443
4 0.868249 0.294302 0.0980452 0.363957
