0 0.827807 0.602526 0.196354 0.0991331
0 0.948262 0.242084 0.100159 0.33835
0 0.794241 0.60135 0.12514 0.103649
0 0.624592 0.690826 0.0987925 0.375614
0 0.830188 0.772447 0.335934 0.420842
0 0.942929 0.292177 0.108558 0.484588
0 0.557753 0.753512 0.44165 0.477663
0 0.858372 0.599818 0.273386 0.1039
0 0.804574 0.562147 0.148956 0.174355
0 0.487825 0.0305691 0.924132 0.0611382
0 0.383913 0.778532 0.665303 0.425042
0 0.852994 0.372925 0.288971 0.619187
0 0.945496 0.21924 0.109008 0.385585
0 0.650424 0.734478 0.174595 0.493964
0 0.153042 0.849171 0.304213 0.301066
3 0.502624 0.501916 0.741464 0.996168
0 0.307467 0.742391 0.594871 0.508221
0 0.88266 0.251803 0.229688 0.392546
0 0.724534 0.224061 0.547113 0.448123
3 0.649647 0.501591 0.416128 0.996819
0 0.339947 0.0554834 0.677218 0.110967
0 0.0783911 0.859217 0.156782 0.281567
3 0.832081 0.352543 0.33266 0.670799
3 0.388178 0.492816 0.724314 0.985633
0 0.262484 0.823262 0.514417 0.34239
3 0.185415 0.4962 0.37083 0.992401
3 0.737449 0.351197 0.523486 0.671209
3 0.689957 0.437089 0.613242 0.855508
0 0.959725 0.786872 0.080549 0.409096
0 0.860901 0.721379 0.278199 0.373423
0 0.176142 0.786897 0.349394 0.41742
3 0.845371 0.766404 0.309258 0.439889
0 0.206172 0.173457 0.412344 0.346914
0 0.777353 0.773697 0.243207 0.435164
3 0.685679 0.781043 0.298972 0.437914
3 0.605787 0.768636 0.38922 0.462728
3 0.748526 0.776676 0.307826 0.446647
3 0.730175 0.222428 0.53965 0.444856
4 0.689957 0.437089 0.613242 0.855508
3 0.828765 0.775704 0.312395 0.448593
3 0.676452 0.739262 0.282641 0.429004
1 0.948262 0.242084 0.100159 0.33835
3 0.2027 0.330167 0.399538 0.657906
3 0.169551 0.248092 0.335996 0.470206
3 0.886248 0.431154 0.226679 0.731228
0 0.0173643 0.668916 0.0347286 0.662168
3 0.619553 0.542937 0.0979934 0.647359
0 0.555961 0.0440428 0.875441 0.0880857
3 0.654212 0.503714 0.687809 0.992571
3 0.206172 0.173457 0.412344 0.346914
0 0.609496 0.522054 0.0466284 0.135643
0 0.746606 0.342418 0.503721 0.661642
3 0.942229 0.785958 0.115541 0.428084
0 0.223318 0.261334 0.433905 0.509914
3 0.548334 0.320906 0.707394 0.638711
0 0.28047 0.0783109 0.56094 0.156622
3 0.932133 0.572519 0.135733 0.346379
3 0.707524 0.578795 0.19036 0.238844
3 0.86669 0.585015 0.266621 0.337477
3 0.503228 0.764259 0.519514 0.471483
3 0.478273 0.404726 0.767534 0.808493
3 0.0974316 0.734284 0.193539 0.50595
3 0.946347 0.346725 0.107306 0.482432
3 0.590657 0.0705711 0.818686 0.141142
0 0.407513 0.704139 0.675985 0.566828
0 0.0257716 0.702423 0.0515433 0.595153
3 0.889952 0.75478 0.220095 0.438984
3 0.360675 0.775775 0.545144 0.448449
4 0.834923 0.779178 0.328367 0.441644
3 0.877463 0.212119 0.245074 0.424237
0 0.590657 0.0705711 0.818686 0.141142
3 0.127196 0.4991 0.254392 0.998199
3 0.592597 0.77033 0.417678 0.459339
4 0.737449 0.351197 0.523486 0.671209
4 0.852994 0.372925 0.288971 0.619187
3 0.207258 0.685831 0.409078 0.602921
3 0.650424 0.734478 0.174595 0.493964
3 0.504668 0.736472 0.484244 0.492069
3 0.303378 0.790881 0.540672 0.418238
0 0.456414 0.489255 0.64123 0.97851
3 0.0435833 0.239278 0.0871667 0.478556
3 0.827807 0.602526 0.196354 0.0991331
0 0.0994274 0.856837 0.198855 0.286327
3 0.0988456 0.232424 0.197691 0.464848
3 0.316274 0.714129 0.617675 0.549013
4 0.371984 0.783218 0.656308 0.417094
0 0.131999 0.755292 0.26236 0.482652
3 0.636906 0.552905 0.0965504 0.19167
3 0.633607 0.263068 0.732787 0.526136
3 0.804574 0.562147 0.148956 0.174355
3 0.0326859 0.763045 0.0653718 0.47391
3 0.155027 0.841295 0.309734 0.317409
0 0.976044 0.78019 0.0479111 0.420879
0 0.607821 0.222028 0.784357 0.444055
4 0.698355 0.268962 0.591692 0.529567
3 0.858372 0.599818 0.273386 0.1039
4 0.88266 0.251803 0.229688 0.392546
3 0.78215 0.559473 0.0997791 0.178067
3 0.0387843 0.846048 0.0775685 0.307904
4 0.500401 0.0285476 0.931916 0.0570953
4 0.934973 0.252629 0.125383 0.444596
4 0.654212 0.503714 0.687809 0.992571
3 0.0334375 0.339722 0.066875 0.671586
3 0.500401 0.0285476 0.931916 0.0570953
0 0.0326859 0.763045 0.0653718 0.47391
0 0.676452 0.739262 0.282641 0.429004
0 0.946347 0.346725 0.107306 0.482432
3 0.94549 0.259201 0.0930254 0.384322
3 0.934973 0.252629 0.125383 0.444596
0 0.834476 0.470346 0.331047 0.866002
3 0.959725 0.786872 0.080549 0.409096
4 0.557753 0.753512 0.44165 0.477663
3 0.131999 0.755292 0.26236 0.482652
0 0.877463 0.212119 0.245074 0.424237
0 0.78215 0.559473 0.0997791 0.178067
4 0.590657 0.0705711 0.818686 0.141142
4 0.624592 0.690826 0.0987925 0.375614
3 0.706753 0.761025 0.428954 0.463771
4 0.948262 0.242084 0.100159 0.33835
0 0.669722 0.272975 0.657987 0.54595
3 0.555961 0.0440428 0.875441 0.0880857
3 0.944467 0.765839 0.111066 0.449286
3 0.948127 0.270091 0.103746 0.274251
2 0.804574 0.562147 0.148956 0.174355
0 0.944467 0.765839 0.111066 0.449286
3 0.609496 0.522054 0.0466284 0.135643
4 0.155027 0.841295 0.309734 0.317409
4 0.361526 0.5 0.710057 1
3 0.28047 0.0783109 0.56094 0.156622
4 0.502624 0.501916 0.741464 0.996168
0 0.886248 0.431154 0.226679 0.731228
3 0.24418 0.827667 0.479773 0.344666
4 0.555961 0.0440428 0.875441 0.0880857
3 0.0539068 0.746257 0.107814 0.507486
4 0.443871 0.766072 0.545904 0.467856
4 0.945496 0.21924 0.109008 0.385585
1 0.210392 0.840124 0.416565 0.31002
3 0.976044 0.78019 0.0479111 0.420879
4 0.834476 0.470346 0.331047 0.866002
3 0.415065 0.047433 0.820072 0.0948661
0 0.0676529 0.794387 0.135306 0.411226
4 0.605787 0.768636 0.38922 0.462728
3 0.624592 0.690826 0.0987925 0.375614
3 0.0173643 0.668916 0.0347286 0.662168
4 0.211739 0.827677 0.412107 0.344646
3 0.367747 0.288567 0.662073 0.575983
3 0.431369 0.777854 0.517756 0.430316
4 0.706753 0.761025 0.428954 0.463771
4 0.804574 0.562147 0.148956 0.174355
4 0.942229 0.785958 0.115541 0.428084
4 0.223318 0.261334 0.433905 0.509914
3 0.777353 0.773697 0.243207 0.435164
0 0.863768 0.579311 0.26869 0.214795
4 0.249281 0.741408 0.490207 0.50946
4 0.619553 0.542937 0.0979934 0.647359
4 0.886248 0.431154 0.226679 0.731228
4 0.959725 0.786872 0.080549 0.409096
0 0.0539068 0.746257 0.107814 0.507486
3 0.0155553 0.408858 0.0311106 0.759642
4 0.748526 0.776676 0.307826 0.446647
3 0.847954 0.565235 0.237386 0.1729
0 0.889952 0.75478 0.220095 0.438984
4 0.607821 0.222028 0.784357 0.444055
4 0.17013 0.310686 0.337567 0.613078
0 0.636906 0.552905 0.0965504 0.19167
0 0.716552 0.763014 0.445307 0.445094
0 0.489614 0.276015 0.740709 0.545379
4 0.470408 0.76631 0.619642 0.446508
3 0.0116728 0.522819 0.0233456 0.646553
4 0.0676529 0.794387 0.135306 0.411226
0 0.619553 0.542937 0.0979934 0.647359
0 0.0116728 0.522819 0.0233456 0.646553
3 0.0527041 0.598181 0.105408 0.678079
0 0.254594 0.657522 0.503822 0.660151
4 0.609496 0.522054 0.0466284 0.135643
4 0.685679 0.781043 0.298972 0.437914
0 0.942229 0.785958 0.115541 0.428084
3 0.124925 0.235092 0.249851 0.443748
3 0.945496 0.21924 0.109008 0.385585
0 0.503228 0.764259 0.519514 0.471483
4 0.360675 0.775775 0.545144 0.448449
4 0.0994274 0.856837 0.198855 0.286327
4 0.531781 0.287572 0.719643 0.565122
4 0.0387843 0.846048 0.0775685 0.307904
0 0.0387843 0.846048 0.0775685 0.307904
4 0.946347 0.346725 0.107306 0.482432
4 0.877463 0.212119 0.245074 0.424237
4 0.478273 0.404726 0.767534 0.808493
4 0.0539068 0.746257 0.107814 0.507486
4 0.932133 0.572519 0.135733 0.346379
0 0.932133 0.572519 0.135733 0.346379
1 0.827807 0.602526 0.196354 0.0991331
0 0.360675 0.775775 0.545144 0.448449
0 0.605787 0.768636 0.38922 0.462728
4 0.131999 0.755292 0.26236 0.482652
4 0.407513 0.704139 0.675985 0.566828
3 0.261834 0.386508 0.515848 0.769022
4 0.777353 0.773697 0.243207 0.435164
0 0.86669 0.585015 0.266621 0.337477
0 0.0988456 0.232424 0.197691 0.464848
1 0.846966 0.772723 0.306068 0.425008
3 0.0257716 0.702423 0.0515433 0.595153
4 0.207258 0.685831 0.409078 0.602921
4 0.176142 0.786897 0.349394 0.41742
4 0.206172 0.173457 0.412344 0.346914
4 0.415065 0.047433 0.820072 0.0948661
4 0.827807 0.602526 0.196354 0.0991331
0 0.304353 0.269234 0.555565 0.531349
3 0.0710576 0.855572 0.141973 0.288857
2 0.426436 0.758405 0.669693 0.467338
4 0.858372 0.599818 0.273386 0.1039
4 0.0334375 0.339722 0.066875 0.671586
3 0.223959 0.777572 0.440234 0.431195
2 0.948127 0.270091 0.103746 0.274251
4 0.944467 0.765839 0.111066 0.449286
3 0.0737234 0.446967 0.147447 0.891671
4 0.150485 0.228834 0.300969 0.457668
4 0.0173643 0.668916 0.0347286 0.662168
4 0.669914 0.773822 0.308239 0.452355
4 0.0988456 0.232424 0.197691 0.464848
2 0.600893 0.748652 0.350523 0.491144
4 0.283967 0.81391 0.558579 0.362041
2 0.835401 0.772143 0.307136 0.428953
3 0.794241 0.60135 0.12514 0.103649
4 0.976044 0.78019 0.0479111 0.420879
0 0.862033 0.775026 0.275935 0.449948
4 0.0257716 0.702423 0.0515433 0.595153
4 0.261834 0.386508 0.515848 0.769022
4 0.0326859 0.763045 0.0653718 0.47391
4 0.304353 0.269234 0.555565 0.531349
3 0.491416 0.265453 0.799604 0.530905
4 0.0116728 0.522819 0.0233456 0.646553
0 0.48774 0.679891 0.419501 0.575088
4 0.730175 0.222428 0.53965 0.444856
4 0.0974316 0.734284 0.193539 0.50595
4 0.200862 0.497349 0.401723 0.994697
0 0.169551 0.248092 0.335996 0.470206
4 0.0155553 0.408858 0.0311106 0.759642
4 0.0783911 0.859217 0.156782 0.281567
2 0.650424 0.734478 0.174595 0.493964
4 0.48774 0.679891 0.419501 0.575088
4 0.847954 0.565235 0.237386 0.1729
0 0.303378 0.790881 0.540672 0.418238
4 0.649647 0.501591 0.416128 0.996819
4 0.86669 0.585015 0.266621 0.337477
3 0.0994274 0.856837 0.198855 0.286327
0 0.685679 0.781043 0.298972 0.437914
0 0.64 0.769909 0.362981 0.433649
4 0.311233 0.0607856 0.618254 0.121571
0 0.748526 0.776676 0.307826 0.446647
4 0.860723 0.744061 0.278554 0.405668
4 0.260569 0.101283 0.521139 0.202566
2 0.706753 0.761025 0.428954 0.463771
3 0.250042 0.264272 0.481846 0.5199
0 0.0974316 0.734284 0.193539 0.50595
0 0.423065 0.331473 0.723033 0.661956
4 0.78215 0.559473 0.0997791 0.178067
4 0.0432907 0.273892 0.0865813 0.547783
2 0.946347 0.346725 0.107306 0.482432
0 0.0334375 0.339722 0.066875 0.671586
4 0.146487 0.474895 0.292402 0.949791
2 0.827807 0.602526 0.196354 0.0991331
1 0.223959 0.777572 0.440234 0.431195
0 0.649647 0.501591 0.416128 0.996819
0 0.0155553 0.408858 0.0311106 0.759642
0 0.0435833 0.239278 0.0871667 0.478556
3 0.0676529 0.794387 0.135306 0.411226
1 0.383913 0.778532 0.665303 0.425042
4 0.403234 0.277683 0.760787 0.555367
3 0.88266 0.251803 0.229688 0.392546
0 0.361526 0.5 0.710057 1
2 0.155027 0.841295 0.309734 0.317409
0 0.261834 0.386508 0.515848 0.769022
0 0.124925 0.235092 0.249851 0.443748
2 0.307467 0.742391 0.594871 0.508221
2 0.624592 0.690826 0.0987925 0.375614
0 0.190379 0.830211 0.374353 0.339579
4 0.0527041 0.598181 0.105408 0.678079
4 0.0737234 0.446967 0.147447 0.891671
0 0.654212 0.503714 0.687809 0.992571
2 0.609496 0.522054 0.0466284 0.135643
1 0.88266 0.251803 0.229688 0.392546
1 0.153042 0.849171 0.304213 0.301066
4 0.794241 0.60135 0.12514 0.103649
4 0.636906 0.552905 0.0965504 0.19167
2 0.959725 0.786872 0.080549 0.409096
2 0.223959 0.777572 0.440234 0.431195
0 0.689957 0.437089 0.613242 0.855508
4 0.650424 0.734478 0.174595 0.493964
2 0.869465 0.71982 0.261071 0.410273
2 0.0994274 0.856837 0.198855 0.286327
1 0.886248 0.431154 0.226679 0.731228
2 0.847954 0.565235 0.237386 0.1729
2 0.636906 0.552905 0.0965504 0.19167
1 0.729541 0.275543 0.536327 0.537933
2 0.131999 0.755292 0.26236 0.482652
1 0.0710576 0.855572 0.141973 0.288857
1 0.959725 0.786872 0.080549 0.409096
4 0.707524 0.578795 0.19036 0.238844
1 0.858372 0.599818 0.273386 0.1039
0 0.824397 0.602621 0.189372 0.099021
0 0.948281 0.241996 0.100143 0.338076
0 0.793417 0.601407 0.123426 0.103582
0 0.624144 0.685475 0.0964219 0.3645
0 0.83005 0.772426 0.335727 0.420866
0 0.943255 0.292009 0.1079 0.484009
0 0.557903 0.753464 0.441297 0.477852
0 0.802704 0.562138 0.145252 0.174516
0 0.85826 0.599827 0.272859 0.10371
0 0.487757 0.0305349 0.923963 0.0610699
0 0.383941 0.778753 0.665167 0.424576
0 0.853865 0.372904 0.287207 0.618974
0 0.945595 0.219255 0.10881 0.385058
3 0.503002 0.501945 0.740184 0.99611
0 0.650565 0.734411 0.173691 0.493481
0 0.152985 0.849207 0.304076 0.301001
3 0.650109 0.501568 0.413531 0.996864
0 0.307333 0.742314 0.594548 0.508447
0 0.724707 0.223798 0.546726 0.447597
0 0.883981 0.251716 0.227047 0.391988
0 0.339966 0.0553707 0.67732 0.110741
3 0.834128 0.351833 0.328163 0.669518
3 0.388381 0.492947 0.724031 0.985895
0 0.0787798 0.859277 0.15756 0.281445
3 0.185252 0.496283 0.370505 0.992566
3 0.737418 0.350998 0.523665 0.670896
3 0.690126 0.434277 0.613012 0.850004
0 0.262376 0.823342 0.51417 0.342299
3 0.845589 0.766291 0.308822 0.4396
0 0.959664 0.786933 0.0806721 0.408945
0 0.860983 0.719512 0.278034 0.369423
0 0.176126 0.786699 0.349343 0.417833
3 0.685349 0.781126 0.299479 0.437749
0 0.206198 0.172545 0.412395 0.345089
3 0.604861 0.768729 0.391063 0.462542
3 0.74801 0.776704 0.307646 0.446592
0 0.776036 0.773689 0.24148 0.435363
3 0.73044 0.222066 0.53912 0.444131
4 0.690126 0.434277 0.613012 0.850004
3 0.828603 0.775679 0.312109 0.448643
3 0.202722 0.329949 0.399585 0.657354
1 0.948281 0.241996 0.100143 0.338076
3 0.676959 0.737714 0.281457 0.425659
3 0.169535 0.248008 0.335961 0.47002
3 0.887624 0.430037 0.223932 0.728844
3 0.6194 0.543343 0.0962666 0.638477
0 0.0173833 0.669085 0.0347665 0.661829
3 0.65436 0.503698 0.687536 0.992604
3 0.206198 0.172545 0.412395 0.345089
0 0.555799 0.0440038 0.875721 0.0880077
3 0.942279 0.785994 0.115443 0.428012
3 0.547318 0.32113 0.706279 0.639114
3 0.932884 0.571415 0.134232 0.342886
0 0.609459 0.522279 0.0464003 0.135059
3 0.866653 0.583964 0.266694 0.338244
3 0.70914 0.577173 0.186958 0.235133
3 0.502335 0.764363 0.521457 0.471274
0 0.223286 0.261334 0.433853 0.509773
0 0.745818 0.342858 0.505281 0.662478
3 0.478547 0.402284 0.766689 0.80348
0 0.280454 0.0775034 0.560908 0.155007
3 0.946388 0.346544 0.107225 0.480339
3 0.0976353 0.734456 0.19398 0.505987
3 0.590447 0.0707143 0.819106 0.141429
3 0.890077 0.75463 0.219846 0.438247
3 0.360395 0.775858 0.546081 0.448284
4 0.834939 0.779139 0.328246 0.441721
3 0.879473 0.21197 0.241054 0.42394
3 0.127136 0.499179 0.254272 0.998357
0 0.407932 0.704628 0.675211 0.56585
3 0.591985 0.770307 0.418904 0.459386
0 0.0258759 0.702408 0.0517518 0.595183
4 0.737418 0.350998 0.523665 0.670896
0 0.590447 0.0707143 0.819106 0.141429
3 0.504925 0.736444 0.482888 0.491865
4 0.853865 0.372904 0.287207 0.618974
3 0.650565 0.734411 0.173691 0.493481
3 0.206991 0.687627 0.408518 0.599511
3 0.303408 0.791025 0.540947 0.41795
3 0.824397 0.602621 0.189372 0.099021
3 0.0436382 0.23924 0.0872765 0.478479
3 0.0988032 0.232316 0.197606 0.464632
3 0.316133 0.714438 0.617186 0.548504
4 0.3719 0.783418 0.656437 0.41671
3 0.802704 0.562138 0.145252 0.174516
0 0.457264 0.489275 0.638378 0.97855
3 0.633434 0.263053 0.733131 0.526106
3 0.636932 0.551909 0.0959684 0.188677
3 0.0328185 0.763068 0.065637 0.473864
0 0.0997244 0.85686 0.199449 0.28628
3 0.155055 0.841305 0.309759 0.317391
4 0.698148 0.269172 0.592196 0.52999
3 0.85826 0.599827 0.272859 0.10371
0 0.132111 0.755255 0.262584 0.482843
4 0.883981 0.251716 0.227047 0.391988
3 0.78167 0.559485 0.0987501 0.178223
0 0.607729 0.222087 0.784543 0.444175
0 0.975968 0.780261 0.048065 0.420741
3 0.0388499 0.845987 0.0776999 0.308026
4 0.500285 0.028478 0.931753 0.056956
4 0.936631 0.251683 0.122066 0.441431
3 0.0334677 0.33987 0.0669354 0.671602
4 0.65436 0.503698 0.687536 0.992604
3 0.500285 0.028478 0.931753 0.056956
3 0.959664 0.786933 0.0806721 0.408945
4 0.557903 0.753464 0.441297 0.477852
3 0.936631 0.251683 0.122066 0.441431
3 0.132111 0.755255 0.262584 0.482843
0 0.676959 0.737714 0.281457 0.425659
4 0.624144 0.685475 0.0964219 0.3645
4 0.590447 0.0707143 0.819106 0.141429
0 0.78167 0.559485 0.0987501 0.178223
3 0.706126 0.761131 0.426493 0.463707
0 0.946388 0.346544 0.107225 0.480339
4 0.948281 0.241996 0.100143 0.338076
0 0.0328185 0.763068 0.065637 0.473864
3 0.947083 0.257983 0.103543 0.361698
0 0.879473 0.21197 0.241054 0.42394
0 0.834851 0.468744 0.330298 0.863059
2 0.802704 0.562138 0.145252 0.174516
3 0.555799 0.0440038 0.875721 0.0880077
3 0.944806 0.765876 0.110388 0.449038
3 0.609459 0.522279 0.0464003 0.135059
4 0.155055 0.841305 0.309759 0.317391
3 0.280454 0.0775034 0.560908 0.155007
4 0.361618 0.500045 0.710057 0.99991
4 0.503002 0.501945 0.740184 0.99611
0 0.669601 0.27336 0.658208 0.54672
3 0.244088 0.827701 0.479531 0.344599
3 0.0539701 0.746263 0.10794 0.507474
0 0.944806 0.765876 0.110388 0.449038
4 0.555799 0.0440038 0.875721 0.0880077
4 0.443142 0.766174 0.547548 0.467651
3 0.975968 0.780261 0.048065 0.420741
4 0.945595 0.219255 0.10881 0.385058
1 0.2103 0.840137 0.416366 0.310069
3 0.414995 0.0475081 0.820059 0.0950162
0 0.887624 0.430037 0.223932 0.728844
4 0.834851 0.468744 0.330298 0.863059
4 0.604861 0.768729 0.391063 0.462542
3 0.624144 0.685475 0.0964219 0.3645
3 0.0173833 0.669085 0.0347665 0.661829
4 0.211617 0.827722 0.411881 0.344556
4 0.802704 0.562138 0.145252 0.174516
3 0.431359 0.777981 0.518028 0.43011
4 0.706126 0.761131 0.426493 0.463707
3 0.367929 0.288583 0.66166 0.575861
3 0.776036 0.773689 0.24148 0.435363
4 0.942279 0.785994 0.115443 0.428012
0 0.0678684 0.794069 0.135737 0.411863
4 0.223286 0.261334 0.433853 0.509773
4 0.248835 0.741321 0.489364 0.509724
4 0.6194 0.543343 0.0962666 0.638477
4 0.887624 0.430037 0.223932 0.728844
4 0.959664 0.786933 0.0806721 0.408945
3 0.0155021 0.409028 0.0310043 0.758791
0 0.863682 0.579452 0.268528 0.215063
4 0.74801 0.776704 0.307646 0.446592
3 0.847238 0.565297 0.235858 0.173041
4 0.607729 0.222087 0.784543 0.444175
4 0.170239 0.310677 0.337789 0.612918
3 0.01163 0.524022 0.02326 0.643055
4 0.470074 0.766364 0.620426 0.446328
0 0.0539701 0.746263 0.10794 0.507474
4 0.0678684 0.794069 0.135737 0.411863
0 0.890077 0.75463 0.219846 0.438247
3 0.0526417 0.600012 0.105283 0.673142
0 0.636932 0.551909 0.0959684 0.188677
0 0.716079 0.763039 0.443515 0.445011
4 0.685349 0.781126 0.299479 0.437749
4 0.609459 0.522279 0.0464003 0.135059
0 0.490047 0.276244 0.739554 0.545586
3 0.125035 0.234978 0.250069 0.443541
4 0.360395 0.775858 0.546081 0.448284
0 0.01163 0.524022 0.02326 0.643055
3 0.945595 0.219255 0.10881 0.385058
0 0.6194 0.543343 0.0962666 0.638477
4 0.0997244 0.85686 0.199449 0.28628
0 0.254092 0.660517 0.502769 0.654303
4 0.0388499 0.845987 0.0776999 0.308026
4 0.946388 0.346544 0.107225 0.480339
0 0.942279 0.785994 0.115443 0.428012
4 0.531347 0.287766 0.719077 0.565385
0 0.502335 0.764363 0.521457 0.471274
4 0.879473 0.21197 0.241054 0.42394
4 0.932884 0.571415 0.134232 0.342886
4 0.0539701 0.746263 0.10794 0.507474
4 0.478547 0.402284 0.766689 0.80348
1 0.824397 0.602621 0.189372 0.099021
4 0.407932 0.704628 0.675211 0.56585
0 0.0388499 0.845987 0.0776999 0.308026
4 0.132111 0.755255 0.262584 0.482843
4 0.776036 0.773689 0.24148 0.435363
0 0.932884 0.571415 0.134232 0.342886
3 0.261688 0.385904 0.515561 0.767658
3 0.0258759 0.702408 0.0517518 0.595183
1 0.847251 0.772558 0.305498 0.424809
0 0.360395 0.775858 0.546081 0.448284
0 0.604861 0.768729 0.391063 0.462542
4 0.176126 0.786699 0.349343 0.417833
4 0.206198 0.172545 0.412395 0.345089
4 0.414995 0.0475081 0.820059 0.0950162
4 0.824397 0.602621 0.189372 0.099021
0 0.0988032 0.232316 0.197606 0.464632
0 0.866653 0.583964 0.266694 0.338244
3 0.0712885 0.855504 0.14242 0.288992
2 0.426541 0.758274 0.669524 0.467646
0 0.304347 0.269239 0.555802 0.531201
4 0.0334677 0.33987 0.0669354 0.671602
3 0.223829 0.777621 0.439959 0.431138
4 0.85826 0.599827 0.272859 0.10371
2 0.948139 0.270154 0.103721 0.273989
4 0.944806 0.765876 0.110388 0.449038
3 0.0737082 0.446764 0.147416 0.891149
4 0.150583 0.22848 0.301166 0.45696
4 0.669847 0.773787 0.308385 0.452426
4 0.0173833 0.669085 0.0347665 0.661829
2 0.601193 0.748524 0.350427 0.491481
4 0.0988032 0.232316 0.197606 0.464632
4 0.283896 0.81407 0.558424 0.361786
2 0.835138 0.772032 0.306207 0.428972
4 0.975968 0.780261 0.048065 0.420741
3 0.793417 0.601407 0.123426 0.103582
4 0.0258759 0.702408 0.0517518 0.595183
4 0.261688 0.385904 0.515561 0.767658
4 0.0328185 0.763068 0.065637 0.473864
4 0.304347 0.269239 0.555802 0.531201
4 0.01163 0.524022 0.02326 0.643055
0 0.862935 0.774973 0.27413 0.450053
4 0.73044 0.222066 0.53912 0.444131
4 0.0976353 0.734456 0.19398 0.505987
4 0.200657 0.497421 0.401314 0.994843
4 0.0155021 0.409028 0.0310043 0.758791
4 0.0787798 0.859277 0.15756 0.281445
2 0.650565 0.734411 0.173691 0.493481
0 0.486934 0.68042 0.416817 0.5731
4 0.486934 0.68042 0.416817 0.5731
0 0.169535 0.248008 0.335961 0.47002
4 0.847238 0.565297 0.235858 0.173041
3 0.0997244 0.85686 0.199449 0.28628
4 0.866653 0.583964 0.266694 0.338244
2 0.706126 0.761131 0.426493 0.463707
4 0.650109 0.501568 0.413531 0.996864
4 0.311229 0.0603976 0.618302 0.120795
4 0.260584 0.100539 0.521167 0.201077
4 0.86083 0.742249 0.278339 0.401857
0 0.303408 0.791025 0.540947 0.41795
4 0.78167 0.559485 0.0987501 0.178223
3 0.250019 0.264268 0.481781 0.519714
0 0.685349 0.781126 0.299479 0.437749
4 0.0434421 0.273817 0.0868843 0.547633
4 0.146559 0.474598 0.292601 0.949196
0 0.640217 0.769908 0.362572 0.433649
2 0.946388 0.346544 0.107225 0.480339
0 0.74801 0.776704 0.307646 0.446592
2 0.824397 0.602621 0.189372 0.099021
1 0.223829 0.777621 0.439959 0.431138
4 0.890077 0.75463 0.219846 0.438247
3 0.464902 0.266265 0.7693 0.532531
0 0.0976353 0.734456 0.19398 0.505987
0 0.0334677 0.33987 0.0669354 0.671602
0 0.650109 0.501568 0.413531 0.996864
3 0.0678684 0.794069 0.135737 0.411863
0 0.0155021 0.409028 0.0310043 0.758791
4 0.402747 0.277171 0.75927 0.554343
1 0.383941 0.778753 0.665167 0.424576
3 0.883981 0.251716 0.227047 0.391988
0 0.0436382 0.23924 0.0872765 0.478479
2 0.155055 0.841305 0.309759 0.317391
0 0.361618 0.500045 0.710057 0.99991
2 0.307333 0.742314 0.594548 0.508447
0 0.261688 0.385904 0.515561 0.767658
2 0.624144 0.685475 0.0964219 0.3645
0 0.125035 0.234978 0.250069 0.443541
4 0.0526417 0.600012 0.105283 0.673142
4 0.0737082 0.446764 0.147416 0.891149
0 0.190287 0.830261 0.374159 0.339477
2 0.609459 0.522279 0.0464003 0.135059
1 0.883981 0.251716 0.227047 0.391988
1 0.152985 0.849207 0.304076 0.301001
0 0.65436 0.503698 0.687536 0.992604
4 0.793417 0.601407 0.123426 0.103582
4 0.636932 0.551909 0.0959684 0.188677
2 0.959664 0.786933 0.0806721 0.408945
2 0.223829 0.777621 0.439959 0.431138
4 0.650565 0.734411 0.173691 0.493481
2 0.869556 0.718859 0.260887 0.408016
2 0.0997244 0.85686 0.199449 0.28628
0 0.690126 0.434277 0.613012 0.850004
2 0.847238 0.565297 0.235858 0.173041
1 0.887624 0.430037 0.223932 0.728844
2 0.636932 0.551909 0.0959684 0.188677
1 0.72909 0.275815 0.537212 0.538453
2 0.132111 0.755255 0.262584 0.482843
1 0.0712885 0.855504 0.14242 0.288992
1 0.959664 0.786933 0.0806721 0.408945
4 0.70914 0.577173 0.186958 0.235133
1 0.85826 0.599827 0.272859 0.10371
2 0.491306 0.265332 0.799456 0.530664
1 0.591985 0.770307 0.418904 0.459386
