0 0.50026 0.554662 0.065861 0.0755593
0 0.745821 0.753053 0.507772 0.470391
0 0.665625 0.759642 0.403832 0.465596
0 0.500396 0.530592 0.0666502 0.127292
0 0.826063 0.771599 0.347874 0.456802
0 0.795994 0.214851 0.408012 0.429702
0 0.486073 0.556284 0.0955107 0.0854613
0 0.500922 0.503387 0.0661855 0.229815
0 0.541835 0.0291306 0.91633 0.0582613
0 0.710106 0.215883 0.579789 0.431766
0 0.612876 0.0543851 0.774248 0.10877
0 0.604114 0.747876 0.323359 0.45397
0 0.634598 0.181435 0.730804 0.362871
3 0.830603 0.5 0.338794 1
3 0.471546 0.5 0.761825 1
0 0.570079 0.252917 0.859842 0.505835
3 0.28749 0.769636 0.574874 0.460729
3 0.803688 0.746503 0.392625 0.49188
3 0.873913 0.762332 0.252173 0.475336
3 0.796444 0.225711 0.407113 0.451422
0 0.293151 0.76223 0.573603 0.466771
3 0.196954 0.785878 0.369641 0.428244
4 0.710106 0.215883 0.579789 0.431766
3 0.686015 0.5 0.62797 1
4 0.633227 0.759975 0.338869 0.467998
0 0.405003 0.0564269 0.806571 0.112854
0 0.486469 0.527107 0.089386 0.137021
3 0.131064 0.79644 0.261054 0.407119
4 0.580027 0.044997 0.839946 0.089994
3 0.358812 0.668305 0.336793 0.609656
3 0.183736 0.43562 0.360654 0.87124
3 0.32883 0.5 0.649888 1
3 0.938083 0.806614 0.123834 0.386773
4 0.730342 0.753888 0.539316 0.471171
0 0.204504 0.165987 0.409009 0.331973
4 0.570079 0.252917 0.859842 0.505835
3 0.731951 0.129217 0.536097 0.258434
4 0.634598 0.181435 0.730804 0.362871
3 0.777554 0.762648 0.444892 0.474705
3 0.50826 0.40028 0.878232 0.80056
0 0.770896 0.278148 0.458207 0.556296
3 0.296598 0.495759 0.492811 0.991518
3 0.943339 0.559402 0.113322 0.665159
3 0.677843 0.249434 0.644313 0.498868
3 0.658243 0.75607 0.517112 0.487859
4 0.4296 0.750897 0.699419 0.46219
3 0.377315 0.763924 0.639875 0.472151
3 0.204504 0.165987 0.409009 0.331973
3 0.524601 0.587863 0.112294 0.430586
0 0.393216 0.744903 0.399386 0.466152
3 0.941156 0.341939 0.117688 0.683877
3 0.855739 0.775296 0.288523 0.449408
4 0.500396 0.530592 0.0666502 0.127292
3 0.753443 0.601822 0.493115 0.77267
3 0.569807 0.298132 0.855959 0.596263
3 0.166338 0.208616 0.329749 0.402218
4 0.509562 0.0288105 0.957373 0.0576209
4 0.795994 0.214851 0.408012 0.429702
3 0.197132 0.285994 0.388887 0.571989
4 0.500922 0.503387 0.0661855 0.229815
3 0.500922 0.503387 0.0661855 0.229815
0 0.290854 0.0757538 0.581707 0.151508
3 0.178853 0.766195 0.355928 0.456259
3 0.483232 0.756894 0.552064 0.486213
3 0.126443 0.365186 0.252887 0.730372
3 0.580027 0.044997 0.839946 0.089994
0 0.804948 0.5 0.390105 1
0 0.922932 0.240481 0.154136 0.480962
0 0.75821 0.070397 0.483581 0.140794
3 0.482596 0.582859 0.098509 0.426192
3 0.509562 0.0288105 0.957373 0.0576209
4 0.658243 0.75607 0.517112 0.487859
1 0.50026 0.554662 0.065861 0.0755593
0 0.0106795 0.682517 0.0213591 0.608946
4 0.807032 0.772134 0.385937 0.451033
3 0.936461 0.797521 0.127078 0.404958
3 0.486469 0.527107 0.089386 0.137021
4 0.237974 0.775792 0.462171 0.448416
3 0.0370983 0.234957 0.0741966 0.469913
3 0.943163 0.726984 0.113673 0.434118
4 0.326653 0.766799 0.57179 0.466402
0 0.58889 0.765979 0.445635 0.456076
3 0.125395 0.21088 0.250791 0.421761
3 0.290854 0.0757538 0.581707 0.151508
4 0.873913 0.762332 0.252173 0.475336
3 0.126997 0.502105 0.253994 0.99579
3 0.0121693 0.656307 0.0243387 0.687385
4 0.537734 0.397825 0.922295 0.795649
3 0.0654802 0.762213 0.13096 0.475574
3 0.242644 0.748055 0.481157 0.483761
3 0.922932 0.240481 0.154136 0.480962
4 0.50026 0.554662 0.065861 0.0755593
3 0.340973 0.0497643 0.678595 0.0995287
4 0.80394 0.762067 0.392121 0.475867
3 0.0244236 0.796413 0.0488473 0.407173
3 0.0131565 0.767442 0.026313 0.465116
4 0.940184 0.795465 0.119632 0.40907
3 0.455563 0.267838 0.782935 0.535676
0 0.936461 0.797521 0.127078 0.404958
0 0.0639157 0.796912 0.127831 0.406176
0 0.731951 0.129217 0.536097 0.258434
0 0.527774 0.584565 0.114842 0.242565
3 0.0188161 0.788817 0.0376321 0.422367
3 0.75821 0.070397 0.483581 0.140794
4 0.938083 0.806614 0.123834 0.386773
3 0.50026 0.554662 0.065861 0.0755593
4 0.483232 0.756894 0.552064 0.486213
0 0.0188161 0.788817 0.0376321 0.422367
4 0.131064 0.79644 0.261054 0.407119
4 0.563789 0.5 0.872422 1
0 0.256812 0.103176 0.513624 0.206351
0 0.0119008 0.717243 0.0238016 0.565515
3 0.0209049 0.33667 0.0418098 0.67334
3 0.239623 0.200793 0.479246 0.401586
0 0.537734 0.397825 0.922295 0.795649
4 0.423285 0.0516857 0.84657 0.103371
0 0.0244236 0.796413 0.0488473 0.407173
3 0.256812 0.103176 0.513624 0.206351
4 0.686015 0.5 0.62797 1
3 0.393216 0.744903 0.399386 0.466152
3 0.370887 0.332449 0.669345 0.664897
3 0.500396 0.530592 0.0666502 0.127292
4 0.0639157 0.796912 0.127831 0.406176
4 0.0244236 0.796413 0.0488473 0.407173
0 0.0102878 0.56073 0.0205756 0.669186
4 0.770896 0.278148 0.458207 0.556296
3 0.341785 0.745281 0.662003 0.492001
0 0.0131565 0.767442 0.026313 0.465116
3 0.278379 0.26106 0.556759 0.522121
0 0.941156 0.341939 0.117688 0.683877
3 0.634598 0.181435 0.730804 0.362871
4 0.855739 0.775296 0.288523 0.449408
4 0.370887 0.332449 0.669345 0.664897
0 0.455305 0.760691 0.681511 0.456996
3 0.0639157 0.796912 0.127831 0.406176
3 0.459076 0.765863 0.601093 0.454213
3 0.633227 0.759975 0.338869 0.467998
3 0.486073 0.556284 0.0955107 0.0854613
0 0.658243 0.75607 0.517112 0.487859
4 0.898576 0.222252 0.202849 0.444504
0 0.482596 0.582859 0.098509 0.426192
3 0.0102878 0.56073 0.0205756 0.669186
4 0.75821 0.070397 0.483581 0.140794
3 0.012545 0.47946 0.02509 0.824893
4 0.942656 0.450103 0.114688 0.868092
4 0.407296 0.490706 0.662966 0.981413
2 0.500396 0.530592 0.0666502 0.127292
0 0.176463 0.771764 0.351683 0.451751
4 0.27276 0.205746 0.54552 0.411491
4 0.731951 0.129217 0.536097 0.258434
0 0.370887 0.332449 0.669345 0.664897
4 0.828924 0.480216 0.342151 0.960431
3 0.718286 0.766289 0.547084 0.455361
0 0.0547417 0.78817 0.109483 0.423659
0 0.012545 0.47946 0.02509 0.824893
4 0.204504 0.165987 0.409009 0.331973
1 0.823083 0.780153 0.353833 0.439694
4 0.435255 0.254709 0.78256 0.509419
3 0.330304 0.210526 0.652973 0.421051
4 0.153774 0.20225 0.307547 0.404501
0 0.873913 0.762332 0.252173 0.475336
4 0.943163 0.726984 0.113673 0.434118
2 0.228427 0.760378 0.452613 0.472637
4 0.0121693 0.656307 0.0243387 0.687385
0 0.483232 0.756894 0.552064 0.486213
0 0.775143 0.640473 0.449715 0.69253
4 0.227286 0.45457 0.449755 0.909139
2 0.374871 0.755304 0.738014 0.485306
0 0.938083 0.806614 0.123834 0.386773
0 0.34657 0.765893 0.582512 0.468214
0 0.80394 0.762067 0.392121 0.475867
3 0.527774 0.584565 0.114842 0.242565
4 0.012545 0.47946 0.02509 0.824893
0 0.131064 0.79644 0.261054 0.407119
0 0.125395 0.21088 0.250791 0.421761
4 0.0188161 0.788817 0.0376321 0.422367
3 0.0581487 0.609317 0.116297 0.587067
4 0.256812 0.103176 0.513624 0.206351
4 0.28586 0.5 0.571719 1
4 0.290854 0.0757538 0.581707 0.151508
4 0.125395 0.21088 0.250791 0.421761
4 0.286658 0.744695 0.567151 0.486027
4 0.258259 0.273619 0.506795 0.547239
4 0.0209049 0.33667 0.0418098 0.67334
3 0.0588546 0.491301 0.117709 0.913678
4 0.482596 0.582859 0.098509 0.426192
0 0.72042 0.55574 0.555035 0.87192
0 0.330304 0.210526 0.652973 0.421051
0 0.943339 0.559402 0.113322 0.665159
3 0.465871 0.226066 0.931742 0.452131
4 0.0316517 0.28486 0.0633033 0.56972
4 0.0131565 0.767442 0.026313 0.465116
4 0.0102878 0.56073 0.0205756 0.669186
4 0.20031 0.776146 0.392354 0.447709
3 0.0680738 0.343699 0.136148 0.670018
4 0.0547417 0.78817 0.109483 0.423659
0 0.0209049 0.33667 0.0418098 0.67334
2 0.393216 0.744903 0.399386 0.466152
4 0.486469 0.527107 0.089386 0.137021
4 0.778378 0.637527 0.443243 0.699859
4 0.126443 0.365186 0.252887 0.730372
0 0.943163 0.726984 0.113673 0.434118
2 0.486469 0.527107 0.089386 0.137021
3 0.67579 0.691612 0.419566 0.59195
0 0.471546 0.5 0.761825 1
0 0.0370983 0.234957 0.0741966 0.469913
4 0.486073 0.556284 0.0955107 0.0854613
4 0.393216 0.744903 0.399386 0.466152
0 0.303803 0.5 0.601085 1
4 0.32743 0.236483 0.63445 0.472966
4 0.201877 0.219063 0.399495 0.437804
0 0.258259 0.273619 0.506795 0.547239
3 0.108004 0.250052 0.216008 0.4871
0 0.358812 0.668305 0.336793 0.609656
0 0.296598 0.495759 0.492811 0.991518
1 0.658155 0.750919 0.390232 0.464334
1 0.832438 0.213887 0.335123 0.427774
2 0.486073 0.556284 0.0955107 0.0854613
0 0.0599241 0.709993 0.119848 0.396757
0 0.455563 0.267838 0.782935 0.535676
4 0.0599241 0.709993 0.119848 0.396757
2 0.941156 0.341939 0.117688 0.683877
0 0.121865 0.207712 0.243729 0.399758
1 0.183736 0.43562 0.360654 0.87124
1 0.775704 0.753467 0.448593 0.470194
0 0.524601 0.587863 0.112294 0.430586
1 0.757504 0.230099 0.484991 0.460198
4 0.0680738 0.343699 0.136148 0.670018
2 0.753775 0.764151 0.492449 0.460876
4 0.524601 0.587863 0.112294 0.430586
2 0.658155 0.750919 0.390232 0.464334
1 0.500396 0.530592 0.0666502 0.127292
4 0.108004 0.250052 0.216008 0.4871
2 0.161391 0.752733 0.322355 0.478344
0 0.229581 0.214002 0.450976 0.428003
4 0.177103 0.5 0.354205 1
4 0.126997 0.502105 0.253994 0.99579
1 0.500922 0.503387 0.0661855 0.229815
0 0.227286 0.45457 0.449755 0.909139
2 0.50026 0.554662 0.065861 0.0755593
1 0.936461 0.797521 0.127078 0.404958
4 0.358812 0.668305 0.336793 0.609656
2 0.482596 0.582859 0.098509 0.426192
4 0.67579 0.691612 0.419566 0.59195
4 0.527774 0.584565 0.114842 0.242565
1 0.4296 0.750897 0.699419 0.46219
1 0.228558 0.759151 0.451273 0.461359
2 0.937932 0.763935 0.124136 0.418766
1 0.652398 0.228403 0.695204 0.456806
0 0.634757 0.5 0.727743 1
4 0.0588546 0.491301 0.117709 0.913678
2 0.658243 0.75607 0.517112 0.487859
2 0.0106795 0.682517 0.0213591 0.608946
2 0.0599241 0.709993 0.119848 0.396757
2 0.922932 0.240481 0.154136 0.480962
2 0.0639157 0.796912 0.127831 0.406176
2 0.783601 0.496585 0.432798 0.993171
1 0.898576 0.222252 0.202849 0.444504
2 0.177103 0.5 0.354205 1
2 0.938083 0.806614 0.123834 0.386773
2 0.527774 0.584565 0.114842 0.242565
2 0.0119008 0.717243 0.0238016 0.565515
4 0.0581487 0.609317 0.116297 0.587067
2 0.296598 0.495759 0.492811 0.991518
2 0.126997 0.502105 0.253994 0.99579
2 0.27276 0.205746 0.54552 0.411491
1 0.580027 0.044997 0.839946 0.089994
0 0.0680738 0.343699 0.136148 0.670018
1 0.534527 0.251491 0.922485 0.502981
2 0.762022 0.215693 0.475957 0.431386
0 0.150183 0.267651 0.298099 0.535301
0 0.237974 0.775792 0.462171 0.448416
0 0.126443 0.365186 0.252887 0.730372
2 0.153774 0.20225 0.307547 0.404501
2 0.0244236 0.796413 0.0488473 0.407173
1 0.941156 0.341939 0.117688 0.683877
2 0.943339 0.559402 0.113322 0.665159
1 0.393216 0.744903 0.399386 0.466152
2 0.126443 0.365186 0.252887 0.730372
2 0.483232 0.756894 0.552064 0.486213
2 0.0131565 0.767442 0.026313 0.465116
2 0.0102878 0.56073 0.0205756 0.669186
1 0.201877 0.219063 0.399495 0.437804
2 0.131064 0.79644 0.261054 0.407119
2 0.75821 0.070397 0.483581 0.140794
2 0.0680738 0.343699 0.136148 0.670018
1 0.262904 0.5 0.519769 1
1 0.528136 0.02833 0.943729 0.0566601
2 0.0188161 0.788817 0.0376321 0.422367
2 0.753443 0.601822 0.493115 0.77267
2 0.500922 0.503387 0.0661855 0.229815
2 0.201877 0.219063 0.399495 0.437804
2 0.483002 0.269798 0.887571 0.539596
2 0.204504 0.165987 0.409009 0.331973
2 0.326653 0.766799 0.57179 0.466402
2 0.524601 0.587863 0.112294 0.430586
2 0.0316517 0.28486 0.0633033 0.56972
2 0.668205 0.495533 0.663589 0.991065
2 0.0209049 0.33667 0.0418098 0.67334
2 0.855739 0.775296 0.288523 0.449408
0 0.500268 0.554663 0.065873 0.0755561
0 0.746124 0.753095 0.507142 0.470287
0 0.665848 0.759687 0.404273 0.465634
0 0.50041 0.530698 0.0666645 0.127034
0 0.825944 0.771598 0.348111 0.456804
0 0.796338 0.214917 0.407323 0.429834
0 0.48608 0.556271 0.0954733 0.0854251
0 0.50096 0.503605 0.0661702 0.230281
0 0.541787 0.0287195 0.916427 0.057439
0 0.71035 0.216053 0.579299 0.432106
0 0.612873 0.0525049 0.774254 0.10501
0 0.604035 0.748052 0.323957 0.454366
3 0.830274 0.5 0.339452 1
0 0.634585 0.17434 0.730831 0.348681
3 0.471378 0.5 0.76168 1
0 0.570253 0.253075 0.859493 0.50615
3 0.28791 0.769597 0.575688 0.460805
3 0.803347 0.746626 0.393306 0.491676
3 0.873985 0.762212 0.252029 0.475577
3 0.796602 0.225696 0.406795 0.451393
3 0.197106 0.785635 0.369859 0.428729
3 0.686058 0.5 0.627885 1
4 0.71035 0.216053 0.579299 0.432106
4 0.633265 0.759995 0.339114 0.46805
0 0.292999 0.762205 0.573258 0.466895
0 0.405448 0.0568125 0.807618 0.113625
3 0.131231 0.796184 0.261369 0.407631
0 0.486467 0.527193 0.0893375 0.136832
4 0.580106 0.0440604 0.839787 0.0881207
3 0.359787 0.669193 0.334684 0.607742
3 0.18357 0.43621 0.360312 0.87242
3 0.304203 0.5 0.601608 1
3 0.9381 0.806502 0.1238 0.386996
4 0.730405 0.753935 0.53919 0.471062
4 0.570253 0.253075 0.859493 0.50615
0 0.204529 0.166218 0.409057 0.332436
3 0.730869 0.124844 0.538262 0.249688
3 0.777575 0.762659 0.44485 0.474683
4 0.634585 0.17434 0.730831 0.348681
3 0.508537 0.395326 0.875944 0.790651
3 0.296883 0.495827 0.491321 0.991655
0 0.771053 0.278441 0.457894 0.556882
3 0.943442 0.559007 0.113115 0.663374
3 0.677769 0.249586 0.644463 0.499173
3 0.658141 0.756113 0.520213 0.487774
4 0.429771 0.750919 0.699375 0.46215
3 0.204529 0.166218 0.409057 0.332436
3 0.524564 0.587909 0.112413 0.430855
3 0.941152 0.341315 0.117696 0.682629
4 0.50041 0.530698 0.0666645 0.127034
3 0.855958 0.775284 0.288085 0.449431
3 0.570242 0.297925 0.855032 0.595849
3 0.166367 0.208446 0.329802 0.401604
3 0.778405 0.641362 0.443191 0.692324
4 0.509695 0.0286648 0.956921 0.0573295
4 0.796338 0.214917 0.407323 0.429834
3 0.423428 0.760433 0.629643 0.479135
0 0.393401 0.744951 0.398597 0.466303
3 0.197021 0.285913 0.388651 0.571827
4 0.50096 0.503605 0.0661702 0.230281
3 0.50096 0.503605 0.0661702 0.230281
3 0.178881 0.766192 0.355965 0.45626
0 0.291093 0.0760981 0.582186 0.152196
3 0.126311 0.365533 0.252622 0.731066
3 0.580106 0.0440604 0.839787 0.0881207
3 0.482613 0.583201 0.0984523 0.42731
4 0.658141 0.756113 0.520213 0.487774
0 0.804968 0.5 0.390065 1
3 0.509695 0.0286648 0.956921 0.0573295
0 0.757999 0.0695114 0.484002 0.139023
1 0.500268 0.554663 0.065873 0.0755561
4 0.806874 0.772194 0.386252 0.451078
0 0.922847 0.24089 0.154307 0.481781
3 0.936442 0.797635 0.127116 0.40473
3 0.486467 0.527193 0.0893375 0.136832
3 0.0374625 0.234914 0.0749251 0.469827
4 0.238248 0.775658 0.462713 0.448684
3 0.94314 0.726753 0.113721 0.433478
4 0.326768 0.766812 0.572419 0.466375
3 0.125718 0.210722 0.251436 0.421444
0 0.0107543 0.682568 0.0215085 0.60866
3 0.291093 0.0760981 0.582186 0.152196
0 0.589053 0.766022 0.449111 0.456147
4 0.873985 0.762212 0.252029 0.475577
3 0.126879 0.502228 0.253759 0.995544
3 0.0122941 0.656383 0.0245881 0.687233
4 0.538305 0.393371 0.921035 0.786743
3 0.0656232 0.762187 0.131246 0.475625
3 0.242459 0.748037 0.480809 0.483994
3 0.922847 0.24089 0.154307 0.481781
3 0.341487 0.0498249 0.679676 0.0996497
4 0.500268 0.554663 0.065873 0.0755561
3 0.0318381 0.284924 0.0636762 0.569848
4 0.804017 0.762054 0.391965 0.475892
3 0.0245592 0.796274 0.0491185 0.407452
3 0.0133285 0.767282 0.026657 0.465435
4 0.940178 0.795586 0.119643 0.408828
3 0.45534 0.267356 0.780462 0.534712
3 0.0189956 0.788648 0.0379913 0.422704
4 0.9381 0.806502 0.1238 0.386996
3 0.757999 0.0695114 0.484002 0.139023
4 0.482448 0.75691 0.554246 0.48618
3 0.500268 0.554663 0.065873 0.0755561
0 0.0640581 0.796673 0.128116 0.406654
0 0.936442 0.797635 0.127116 0.40473
0 0.730869 0.124844 0.538262 0.249688
4 0.131231 0.796184 0.261369 0.407631
0 0.527619 0.583977 0.114452 0.241088
4 0.564321 0.5 0.871358 1
0 0.0189956 0.788648 0.0379913 0.422704
3 0.0209263 0.336377 0.0418525 0.672755
3 0.240533 0.200459 0.481066 0.400918
4 0.423542 0.052218 0.847085 0.104436
0 0.256844 0.10361 0.513688 0.207221
3 0.256844 0.10361 0.513688 0.207221
0 0.0120535 0.717177 0.0241069 0.565645
4 0.686058 0.5 0.627885 1
0 0.538305 0.393371 0.921035 0.786743
3 0.393401 0.744951 0.398597 0.466303
4 0.0640581 0.796673 0.128116 0.406654
3 0.50041 0.530698 0.0666645 0.127034
0 0.0245592 0.796274 0.0491185 0.407452
4 0.0245592 0.796274 0.0491185 0.407452
4 0.771053 0.278441 0.457894 0.556882
3 0.371789 0.329619 0.668212 0.659237
3 0.341854 0.745265 0.662009 0.492162
3 0.278408 0.260455 0.556816 0.52091
3 0.634585 0.17434 0.730831 0.348681
4 0.855958 0.775284 0.288085 0.449431
4 0.371789 0.329619 0.668212 0.659237
0 0.0103187 0.561073 0.0206374 0.667456
3 0.0640581 0.796673 0.128116 0.406654
3 0.457949 0.76589 0.603886 0.454261
0 0.0133285 0.767282 0.026657 0.465435
3 0.633265 0.759995 0.339114 0.46805
3 0.48608 0.556271 0.0954733 0.0854251
0 0.941152 0.341315 0.117696 0.682629
4 0.898356 0.2226 0.203289 0.4452
0 0.454677 0.760715 0.683894 0.456976
3 0.0103187 0.561073 0.0206374 0.667456
4 0.757999 0.0695114 0.484002 0.139023
0 0.658141 0.756113 0.520213 0.487774
3 0.012545 0.479014 0.02509 0.822464
4 0.942746 0.448968 0.114509 0.865316
4 0.408674 0.489548 0.664156 0.979096
0 0.482613 0.583201 0.0984523 0.42731
2 0.50041 0.530698 0.0666645 0.127034
4 0.274139 0.20542 0.548278 0.410839
4 0.730869 0.124844 0.538262 0.249688
4 0.82892 0.479039 0.34216 0.958079
0 0.371789 0.329619 0.668212 0.659237
3 0.718281 0.76635 0.547416 0.455328
0 0.176526 0.771784 0.351783 0.451725
4 0.204529 0.166218 0.409057 0.332436
1 0.823119 0.780116 0.353763 0.439769
4 0.435437 0.254467 0.779963 0.508934
3 0.332207 0.210128 0.656789 0.420256
4 0.153585 0.201925 0.30717 0.403851
0 0.0547936 0.788091 0.109587 0.423817
0 0.012545 0.479014 0.02509 0.822464
4 0.94314 0.726753 0.113721 0.433478
2 0.292999 0.762205 0.573258 0.466895
4 0.0122941 0.656383 0.0245881 0.687233
4 0.227287 0.455514 0.449766 0.911028
0 0.873985 0.762212 0.252029 0.475577
0 0.775212 0.644864 0.449575 0.683898
0 0.482448 0.75691 0.554246 0.48618
3 0.527619 0.583977 0.114452 0.241088
4 0.012545 0.479014 0.02509 0.822464
0 0.9381 0.806502 0.1238 0.386996
4 0.0189956 0.788648 0.0379913 0.422704
0 0.346399 0.76593 0.582908 0.46814
0 0.804017 0.762054 0.391965 0.475892
3 0.0580939 0.609354 0.116188 0.582481
4 0.285908 0.5 0.571816 1
0 0.131231 0.796184 0.261369 0.407631
4 0.256844 0.10361 0.513688 0.207221
0 0.125718 0.210722 0.251436 0.421444
4 0.291093 0.0760981 0.582186 0.152196
4 0.125718 0.210722 0.251436 0.421444
4 0.286547 0.744659 0.566896 0.486257
4 0.258208 0.273392 0.506643 0.546784
4 0.0209263 0.336377 0.0418525 0.672755
3 0.0587529 0.491021 0.117506 0.911193
4 0.482613 0.583201 0.0984523 0.42731
4 0.0318381 0.284924 0.0636762 0.569848
0 0.332207 0.210128 0.656789 0.420256
0 0.720518 0.558188 0.554707 0.867188
3 0.466103 0.225471 0.932091 0.450943
4 0.0133285 0.767282 0.026657 0.465435
4 0.0547936 0.788091 0.109587 0.423817
4 0.200308 0.776038 0.392348 0.447924
4 0.0103187 0.561073 0.0206374 0.667456
3 0.0679293 0.343945 0.135859 0.670457
2 0.393401 0.744951 0.398597 0.466303
0 0.943442 0.559007 0.113115 0.663374
4 0.486467 0.527193 0.0893375 0.136832
4 0.778405 0.641362 0.443191 0.692324
4 0.126311 0.365533 0.252622 0.731066
2 0.486467 0.527193 0.0893375 0.136832
4 0.0374625 0.234914 0.0749251 0.469827
0 0.0209263 0.336377 0.0418525 0.672755
3 0.675712 0.691959 0.418955 0.591417
0 0.94314 0.726753 0.113721 0.433478
4 0.48608 0.556271 0.0954733 0.0854251
0 0.471378 0.5 0.76168 1
0 0.0374625 0.234914 0.0749251 0.469827
4 0.393401 0.744951 0.398597 0.466303
4 0.201801 0.218972 0.399363 0.437133
3 0.108221 0.249893 0.216442 0.486751
0 0.304203 0.5 0.601608 1
1 0.658332 0.750981 0.390543 0.464329
0 0.258208 0.273392 0.506643 0.546784
1 0.832483 0.21399 0.335034 0.427979
2 0.48608 0.556271 0.0954733 0.0854251
0 0.359787 0.669193 0.334684 0.607742
0 0.296883 0.495827 0.491321 0.991655
2 0.210216 0.750382 0.41841 0.483507
0 0.0600164 0.709947 0.120033 0.396512
4 0.0600164 0.709947 0.120033 0.396512
2 0.941152 0.341315 0.117696 0.682629
1 0.18357 0.43621 0.360312 0.87242
0 0.45534 0.267356 0.780462 0.534712
1 0.77567 0.753493 0.44866 0.470084
0 0.122258 0.207533 0.244516 0.399365
4 0.0679293 0.343945 0.135859 0.670457
1 0.7577 0.230129 0.4846 0.460258
4 0.524564 0.587909 0.112413 0.430855
2 0.753952 0.764235 0.492097 0.460776
2 0.658332 0.750981 0.390543 0.464329
1 0.50041 0.530698 0.0666645 0.127034
4 0.108221 0.249893 0.216442 0.486751
0 0.524564 0.587909 0.112413 0.430855
0 0.229562 0.213766 0.450909 0.427532
0 0.0318381 0.284924 0.0636762 0.569848
4 0.126879 0.502228 0.253759 0.995544
1 0.50096 0.503605 0.0661702 0.230281
2 0.500268 0.554663 0.065873 0.0755561
2 0.454677 0.760715 0.683894 0.456976
1 0.936442 0.797635 0.127116 0.40473
0 0.227287 0.455514 0.449766 0.911028
4 0.359787 0.669193 0.334684 0.607742
2 0.482613 0.583201 0.0984523 0.42731
4 0.675712 0.691959 0.418955 0.591417
4 0.527619 0.583977 0.114452 0.241088
2 0.937918 0.763952 0.124164 0.418405
1 0.22849 0.75917 0.451119 0.461333
1 0.429771 0.750919 0.699375 0.46215
1 0.652284 0.228748 0.695433 0.457496
4 0.0587529 0.491021 0.117506 0.911193
0 0.610466 0.5 0.779069 1
2 0.658141 0.756113 0.520213 0.487774
2 0.0107543 0.682568 0.0215085 0.60866
2 0.0600164 0.709947 0.120033 0.396512
2 0.922847 0.24089 0.154307 0.481781
2 0.0640581 0.796673 0.128116 0.406654
2 0.783567 0.496592 0.432866 0.993185
1 0.898356 0.2226 0.203289 0.4452
2 0.177005 0.5 0.354009 1
2 0.9381 0.806502 0.1238 0.386996
2 0.527619 0.583977 0.114452 0.241088
4 0.0580939 0.609354 0.116188 0.582481
2 0.0120535 0.717177 0.0241069 0.565645
2 0.296883 0.495827 0.491321 0.991655
2 0.274139 0.20542 0.548278 0.410839
2 0.126879 0.502228 0.253759 0.995544
1 0.580106 0.0440604 0.839787 0.0881207
2 0.762361 0.215788 0.475278 0.431576
1 0.534881 0.251042 0.921609 0.502085
0 0.663439 0.5 0.573657 1
0 0.0679293 0.343945 0.135859 0.670457
2 0.153585 0.201925 0.30717 0.403851
2 0.0245592 0.796274 0.0491185 0.407452
1 0.941152 0.341315 0.117696 0.682629
0 0.150177 0.267559 0.298083 0.535117
2 0.943442 0.559007 0.113115 0.663374
1 0.393401 0.744951 0.398597 0.466303
2 0.126311 0.365533 0.252622 0.731066
2 0.482448 0.75691 0.554246 0.48618
2 0.0103187 0.561073 0.0206374 0.667456
1 0.201801 0.218972 0.399363 0.437133
2 0.0133285 0.767282 0.026657 0.465435
0 0.238248 0.775658 0.462713 0.448684
0 0.126311 0.365533 0.252622 0.731066
2 0.131231 0.796184 0.261369 0.407631
2 0.757999 0.0695114 0.484002 0.139023
2 0.0679293 0.343945 0.135859 0.670457
1 0.26285 0.5 0.519696 1
1 0.528112 0.0280135 0.943777 0.056027
2 0.753581 0.606061 0.492838 0.764298
2 0.0189956 0.788648 0.0379913 0.422704
2 0.50096 0.503605 0.0661702 0.230281
2 0.201801 0.218972 0.399363 0.437133
2 0.483014 0.26948 0.884726 0.53896
2 0.204529 0.166218 0.409057 0.332436
2 0.524564 0.587909 0.112413 0.430855
2 0.0318381 0.284924 0.0636762 0.569848
2 0.668095 0.495528 0.663809 0.991056
2 0.0209263 0.336377 0.0418525 0.672755
2 0.855958 0.775284 0.288085 0.449431
