0 0.921539 0.554965 0.154133 0.0791803
0 0.92023 0.539638 0.158608 0.0935401
0 0.920581 0.448439 0.158267 0.27553
0 0.919971 0.37497 0.156168 0.427043
0 0.9094 0.638557 0.1812 0.251535
0 0.909262 0.272324 0.181475 0.539036
0 0.471469 0.793824 0.644279 0.390227
0 0.787463 0.253514 0.425074 0.504137
1 0.92023 0.539638 0.158608 0.0935401
3 0.865484 0.281586 0.0723484 0.356267
0 0.516649 0.0260295 0.950437 0.0520591
0 0.826295 0.770404 0.34741 0.459191
0 0.911587 0.751087 0.176827 0.476969
4 0.922194 0.546794 0.154293 0.0796563
3 0.900745 0.314327 0.158477 0.607523
3 0.921093 0.453425 0.157814 0.268422
0 0.886741 0.717712 0.226518 0.414178
3 0.392793 0.499179 0.579467 0.998357
0 0.143999 0.855373 0.285731 0.285212
4 0.920581 0.448439 0.158267 0.27553
1 0.920581 0.448439 0.158267 0.27553
3 0.662448 0.784193 0.62637 0.431614
0 0.0651374 0.853944 0.13025 0.288497
0 0.701872 0.292225 0.596256 0.584451
3 0.886741 0.717712 0.226518 0.414178
2 0.920048 0.547497 0.159903 0.0777908
3 0.873401 0.266477 0.253198 0.525918
3 0.892828 0.747704 0.214343 0.504591
3 0.613594 0.5 0.581023 1
3 0.80315 0.780083 0.381706 0.439833
0 0.526911 0.790093 0.934081 0.39263
4 0.914764 0.759059 0.170472 0.481882
3 0.776962 0.74231 0.443724 0.493728
4 0.408092 0.794698 0.737563 0.395115
3 0.191575 0.437956 0.379997 0.874435
3 0.138222 0.471424 0.274755 0.942849
3 0.938086 0.764774 0.123829 0.470452
3 0.702156 0.499551 0.443426 0.990624
3 0.493945 0.491019 0.59866 0.982038
3 0.607382 0.332377 0.616788 0.66378
3 0.878719 0.472798 0.198291 0.370284
3 0.100524 0.432371 0.201047 0.824413
3 0.469195 0.787774 0.684839 0.424452
3 0.297628 0.789563 0.573372 0.420873
3 0.268511 0.490439 0.5362 0.97996
0 0.124893 0.780601 0.249499 0.422105
0 0.197383 0.140769 0.394766 0.281538
0 0.0165712 0.71105 0.0331425 0.576596
4 0.915449 0.642559 0.169103 0.25391
3 0.918812 0.537021 0.156136 0.102445
3 0.194991 0.811141 0.380009 0.377718
0 0.58721 0.0741314 0.825581 0.148263
3 0.640916 0.802955 0.706723 0.390005
4 0.919971 0.37497 0.156168 0.427043
4 0.910705 0.294426 0.17859 0.588852
0 0.402453 0.0585284 0.804906 0.117057
0 0.717871 0.776542 0.564258 0.417564
3 0.200144 0.285584 0.396689 0.567507
3 0.1744 0.17556 0.348584 0.35112
3 0.197383 0.140769 0.394766 0.281538
3 0.42208 0.715212 0.144895 0.519053
4 0.535363 0.0285487 0.904588 0.0570974
0 0.0133934 0.654297 0.0267869 0.56981
3 0.638337 0.719844 0.699071 0.534076
0 0.348698 0.121827 0.697396 0.243654
0 0.340351 0.784803 0.667906 0.42273
3 0.102584 0.747601 0.205168 0.441344
0 0.433121 0.0377678 0.861951 0.0755355
0 0.467794 0.284516 0.707247 0.569031
3 0.827598 0.243214 0.344803 0.485293
0 0.599763 0.27651 0.800475 0.55302
4 0.536909 0.788379 0.698363 0.423243
3 0.143073 0.851905 0.285308 0.29619
3 0.586682 0.314371 0.820251 0.628742
3 0.215484 0.730791 0.430967 0.508839
3 0.0484054 0.245854 0.0968107 0.491708
3 0.58721 0.0741314 0.825581 0.148263
0 0.171241 0.810787 0.340431 0.366809
3 0.395353 0.709262 0.179064 0.545211
0 0.0933062 0.849987 0.186612 0.300027
4 0.706266 0.271123 0.587468 0.542246
4 0.938086 0.764774 0.123829 0.470452
4 0.58721 0.0741314 0.825581 0.148263
0 0.441076 0.732814 0.598785 0.52034
3 0.706266 0.271123 0.587468 0.542246
0 0.242116 0.781166 0.479402 0.424926
3 0.919971 0.37497 0.156168 0.427043
3 0.489623 0.0313155 0.944868 0.062631
3 0.859019 0.764774 0.281962 0.470451
3 0.441076 0.732814 0.598785 0.52034
3 0.136806 0.182146 0.273611 0.364292
4 0.558082 0.286488 0.671937 0.572237
3 0.134925 0.162283 0.26985 0.31069
0 0.237301 0.147086 0.474602 0.294172
3 0.0903989 0.583084 0.180798 0.461924
3 0.783786 0.240265 0.432429 0.480531
2 0.809506 0.754116 0.380988 0.478407
4 0.547513 0.773316 0.761516 0.439787
0 0.0129106 0.503651 0.0258212 0.564586
3 0.818907 0.797734 0.358435 0.398146
3 0.308375 0.281323 0.606344 0.562646
4 0.827598 0.243214 0.344803 0.485293
0 0.450328 0.788395 0.689055 0.42321
3 0.0223886 0.77376 0.0447772 0.452479
3 0.914764 0.759059 0.170472 0.481882
4 0.873401 0.266477 0.253198 0.525918
3 0.767827 0.286392 0.464346 0.572785
3 0.035078 0.29222 0.0701561 0.584441
3 0.718755 0.368142 0.382047 0.716886
3 0.0165712 0.71105 0.0331425 0.576596
3 0.910347 0.258325 0.179307 0.505757
3 0.0133934 0.654297 0.0267869 0.56981
3 0.316369 0.721819 0.624912 0.535679
0 0.42208 0.715212 0.144895 0.519053
4 0.823103 0.77873 0.353794 0.433304
3 0.0283905 0.835354 0.056781 0.329291
0 0.0242579 0.807422 0.0485158 0.385156
0 0.776962 0.74231 0.443724 0.493728
0 0.0512292 0.776339 0.102458 0.427813
3 0.216874 0.143191 0.433749 0.286383
4 0.892828 0.747704 0.214343 0.504591
0 0.0283905 0.835354 0.056781 0.329291
4 0.358014 0.787739 0.61226 0.424522
0 0.783786 0.240265 0.432429 0.480531
4 0.194991 0.811141 0.380009 0.377718
4 0.327833 0.5 0.648742 1
3 0.168497 0.782418 0.334194 0.417904
3 0.717871 0.776542 0.564258 0.417564
3 0.0503584 0.6959 0.100717 0.322507
4 0.143073 0.851905 0.285308 0.29619
4 0.55153 0.492453 0.681828 0.984906
3 0.466533 0.28492 0.654608 0.569841
0 0.88629 0.242714 0.22742 0.485428
4 0.643633 0.798086 0.712733 0.381932
4 0.637164 0.30951 0.725672 0.61902
0 0.938086 0.764774 0.123829 0.470452
4 0.832695 0.761854 0.334609 0.476292
3 0.757669 0.488641 0.30539 0.903813
4 0.662448 0.784193 0.62637 0.431614
3 0.221426 0.217384 0.439454 0.434768
4 0.380078 0.280267 0.672829 0.560534
0 0.395353 0.709262 0.179064 0.545211
3 0.125346 0.276135 0.250693 0.529649
4 0.442973 0.734336 0.649403 0.514952
3 0.0512292 0.776339 0.102458 0.427813
4 0.247148 0.277053 0.483807 0.548314
3 0.423902 0.793024 0.701135 0.401999
3 0.0173121 0.383268 0.0346242 0.645229
4 0.767827 0.286392 0.464346 0.572785
3 0.0129106 0.503651 0.0258212 0.564586
4 0.413964 0.456727 0.679345 0.913454
1 0.9094 0.638557 0.1812 0.251535
4 0.0283905 0.835354 0.056781 0.329291
3 0.0259856 0.328409 0.0519713 0.619754
3 0.402453 0.0585284 0.804906 0.117057
4 0.0933062 0.849987 0.186612 0.300027
0 0.50023 0.437482 0.602305 0.874964
3 0.0629854 0.46283 0.125971 0.438945
3 0.348698 0.121827 0.697396 0.243654
3 0.547513 0.773316 0.761516 0.439787
0 0.583935 0.499618 0.648252 0.999235
2 0.911587 0.751087 0.176827 0.476969
1 0.90856 0.298079 0.18288 0.596159
3 0.0660888 0.813078 0.131694 0.369749
4 0.134925 0.162283 0.26985 0.31069
4 0.42208 0.715212 0.144895 0.519053
4 0.748397 0.764794 0.503206 0.458331
4 0.197383 0.140769 0.394766 0.281538
0 0.58918 0.288778 0.623557 0.577555
4 0.0165712 0.71105 0.0331425 0.576596
0 0.136806 0.182146 0.273611 0.364292
4 0.476125 0.381184 0.627137 0.762367
4 0.0133934 0.654297 0.0267869 0.56981
4 0.035078 0.29222 0.0701561 0.584441
4 0.242116 0.781166 0.479402 0.424926
3 0.0782009 0.352034 0.156402 0.664548
0 0.892828 0.747704 0.214343 0.504591
3 0.0933062 0.849987 0.186612 0.300027
2 0.340351 0.784803 0.667906 0.42273
4 0.0129106 0.503651 0.0258212 0.564586
4 0.0512292 0.776339 0.102458 0.427813
4 0.1744 0.17556 0.348584 0.35112
0 0.26328 0.280825 0.523786 0.559007
4 0.433121 0.0377678 0.861951 0.0755355
4 0.50852 0.512051 0.447985 0.963713
4 0.124893 0.780601 0.249499 0.422105
0 0.161276 0.740902 0.322552 0.483746
4 0.221426 0.217384 0.439454 0.434768
4 0.402453 0.0585284 0.804906 0.117057
2 0.205989 0.778004 0.411669 0.429632
3 0.0521266 0.553058 0.104253 0.335023
4 0.783786 0.240265 0.432429 0.480531
4 0.0173121 0.383268 0.0346242 0.645229
4 0.136806 0.182146 0.273611 0.364292
4 0.446615 0.295697 0.893229 0.591393
4 0.0259856 0.328409 0.0519713 0.619754
0 0.0173121 0.383268 0.0346242 0.645229
0 0.0484054 0.245854 0.0968107 0.491708
0 0.80315 0.780083 0.381706 0.439833
0 0.173548 0.202475 0.345483 0.381176
4 0.348698 0.121827 0.697396 0.243654
4 0.216874 0.143191 0.433749 0.286383
4 0.395353 0.709262 0.179064 0.545211
3 0.446615 0.295697 0.893229 0.591393
0 0.0503584 0.6959 0.100717 0.322507
2 0.918302 0.647766 0.163396 0.268293
4 0.162386 0.280291 0.324567 0.557191
0 0.293581 0.50712 0.526962 0.983477
2 0.483937 0.790801 0.596519 0.411474
0 0.662448 0.784193 0.62637 0.431614
0 0.368639 0.5 0.72298 1
0 0.638337 0.719844 0.699071 0.534076
0 0.035078 0.29222 0.0701561 0.584441
4 0.0484054 0.245854 0.0968107 0.491708
0 0.878719 0.472798 0.198291 0.370284
1 0.208409 0.792535 0.411253 0.402985
4 0.0242579 0.807422 0.0485158 0.385156
4 0.702156 0.499551 0.443426 0.990624
0 0.162386 0.280291 0.324567 0.557191
0 0.134925 0.162283 0.26985 0.31069
0 0.50852 0.512051 0.447985 0.963713
2 0.442973 0.734336 0.649403 0.514952
3 0.915449 0.642559 0.169103 0.25391
4 0.245128 0.476413 0.488596 0.948726
1 0.873401 0.266477 0.253198 0.525918
4 0.0651374 0.853944 0.13025 0.288497
2 0.717871 0.776542 0.564258 0.417564
4 0.638337 0.719844 0.699071 0.534076
0 0.702156 0.499551 0.443426 0.990624
2 0.886741 0.717712 0.226518 0.414178
0 0.0521266 0.553058 0.104253 0.335023
0 0.0903989 0.583084 0.180798 0.461924
0 0.221426 0.217384 0.439454 0.434768
4 0.100524 0.432371 0.201047 0.824413
4 0.142171 0.402632 0.284341 0.79799
1 0.859019 0.764774 0.281962 0.470451
2 0.124893 0.780601 0.249499 0.422105
2 0.253086 0.71881 0.504932 0.535058
0 0.718755 0.368142 0.382047 0.716886
2 0.921093 0.453425 0.157814 0.268422
4 0.161276 0.740902 0.322552 0.483746
4 0.0903989 0.583084 0.180798 0.461924
1 0.471469 0.793824 0.644279 0.390227
1 0.0651374 0.853944 0.13025 0.288497
0 0.0259856 0.328409 0.0519713 0.619754
2 0.0933062 0.849987 0.186612 0.300027
2 0.161276 0.740902 0.322552 0.483746
4 0.0782009 0.352034 0.156402 0.664548
1 0.926306 0.767186 0.147389 0.465628
2 0.143073 0.851905 0.285308 0.29619
2 0.702156 0.499551 0.443426 0.990624
4 0.718755 0.368142 0.382047 0.716886
4 0.0503584 0.6959 0.100717 0.322507
4 0.0521266 0.553058 0.104253 0.335023
1 0.143999 0.855373 0.285731 0.285212
2 0.909955 0.298928 0.180091 0.595628
4 0.120493 0.548054 0.2405 0.796338
4 0.886741 0.717712 0.226518 0.414178
1 0.919971 0.37497 0.156168 0.427043
4 0.173555 0.48774 0.347109 0.97548
2 0.878719 0.472798 0.198291 0.370284
0 0.757669 0.488641 0.30539 0.903813
4 0.0629854 0.46283 0.125971 0.438945
2 0.0503584 0.6959 0.100717 0.322507
2 0.287956 0.151737 0.575444 0.303473
4 0.316369 0.721819 0.624912 0.535679
2 0.26928 0.497121 0.536796 0.994242
2 0.42208 0.715212 0.144895 0.519053
2 0.787463 0.253514 0.425074 0.504137
2 0.938086 0.764774 0.123829 0.470452
2 0.0521266 0.553058 0.104253 0.335023
2 0.199505 0.190412 0.397172 0.380824
4 0.757669 0.488641 0.30539 0.903813
1 0.0503584 0.6959 0.100717 0.322507
1 0.191575 0.437956 0.379997 0.874435
2 0.0651374 0.853944 0.13025 0.288497
2 0.0129106 0.503651 0.0258212 0.564586
1 0.526911 0.790093 0.934081 0.39263
2 0.395353 0.709262 0.179064 0.545211
1 0.420421 0.787124 0.738906 0.425753
2 0.693727 0.292911 0.514618 0.582328
2 0.39027 0.284699 0.780541 0.569398
1 0.204848 0.240088 0.407206 0.472347
2 0.0512292 0.776339 0.102458 0.427813
2 0.0283905 0.835354 0.056781 0.329291
2 0.182631 0.482058 0.362465 0.964116
2 0.509388 0.49473 0.540128 0.989461
1 0.0242579 0.807422 0.0485158 0.385156
2 0.919971 0.37497 0.156168 0.427043
1 0.818907 0.797734 0.358435 0.398146
2 0.536909 0.788379 0.698363 0.423243
2 0.249981 0.250356 0.490908 0.500711
2 0.0903989 0.583084 0.180798 0.461924
2 0.0133934 0.654297 0.0267869 0.56981
4 0.878719 0.472798 0.198291 0.370284
2 0.0242579 0.807422 0.0485158 0.385156
2 0.555533 0.297717 0.829069 0.595435
2 0.0173121 0.383268 0.0346242 0.645229
2 0.783786 0.240265 0.432429 0.480531
2 0.662448 0.784193 0.62637 0.431614
0 0.921528 0.554977 0.154123 0.079178
0 0.920239 0.539633 0.158592 0.0935422
0 0.920592 0.448506 0.15824 0.275403
0 0.919977 0.375222 0.156162 0.426531
0 0.909531 0.637876 0.180939 0.250215
0 0.909482 0.272777 0.181036 0.539956
0 0.471207 0.793941 0.643607 0.390001
0 0.788355 0.25365 0.42329 0.504428
1 0.920239 0.539633 0.158592 0.0935422
3 0.865496 0.281588 0.0723137 0.356254
0 0.517065 0.0259489 0.950789 0.0518979
4 0.922195 0.546794 0.154276 0.0796464
0 0.91181 0.750959 0.176381 0.47676
0 0.826391 0.770229 0.347218 0.459541
3 0.900424 0.314462 0.157769 0.607238
3 0.921057 0.453191 0.157885 0.268916
0 0.886818 0.717107 0.226364 0.412949
3 0.395063 0.499081 0.571548 0.998163
0 0.14382 0.855726 0.285365 0.284529
4 0.920592 0.448506 0.15824 0.275403
1 0.920592 0.448506 0.15824 0.275403
3 0.66216 0.784178 0.62426 0.431643
3 0.886818 0.717107 0.226364 0.412949
0 0.0652823 0.853944 0.130542 0.288582
3 0.876063 0.266627 0.247874 0.526035
2 0.920062 0.547502 0.159876 0.0777763
0 0.701616 0.29226 0.596768 0.58452
3 0.893472 0.747213 0.213056 0.505573
3 0.613257 0.5 0.581472 1
3 0.803243 0.779893 0.380592 0.440214
3 0.777279 0.742401 0.442996 0.493729
4 0.91478 0.759081 0.170439 0.481838
4 0.408442 0.794795 0.736848 0.394955
3 0.191288 0.43809 0.379437 0.874538
3 0.137699 0.470972 0.273695 0.941944
3 0.938245 0.764687 0.12351 0.470625
3 0.607162 0.333228 0.615849 0.665109
3 0.702394 0.499896 0.442537 0.990301
3 0.496401 0.491051 0.590631 0.982102
3 0.878771 0.472987 0.198339 0.368305
0 0.527013 0.790142 0.933428 0.392595
3 0.100294 0.431998 0.200588 0.822604
3 0.468555 0.787862 0.685458 0.424275
3 0.268289 0.490841 0.535769 0.980519
3 0.298434 0.789678 0.574971 0.420644
0 0.124475 0.78062 0.248684 0.422184
4 0.915459 0.641829 0.169082 0.252476
0 0.197452 0.141459 0.394904 0.282918
3 0.918825 0.537053 0.156095 0.10238
0 0.0166477 0.711412 0.0332953 0.575921
3 0.195124 0.811306 0.380277 0.377387
3 0.641661 0.803043 0.703873 0.390199
4 0.919977 0.375222 0.156162 0.426531
4 0.910738 0.2945 0.178524 0.589
0 0.587057 0.0722401 0.825887 0.14448
3 0.199899 0.285671 0.396215 0.567558
0 0.402564 0.0587094 0.805129 0.117419
3 0.174279 0.174509 0.34833 0.349018
0 0.720167 0.776679 0.559666 0.417385
3 0.197452 0.141459 0.394904 0.282918
3 0.422443 0.715547 0.141646 0.517758
4 0.535591 0.0283554 0.904821 0.0567108
3 0.639119 0.719629 0.695923 0.534563
3 0.102496 0.747722 0.204991 0.441183
3 0.828756 0.243347 0.342488 0.485602
0 0.469674 0.284511 0.7 0.568717
4 0.53483 0.788506 0.69462 0.422987
0 0.0134264 0.654567 0.0268528 0.56838
3 0.143139 0.852123 0.285445 0.295753
0 0.433026 0.0378086 0.861781 0.0756172
0 0.348801 0.122705 0.697601 0.24541
3 0.58647 0.314439 0.820414 0.628879
3 0.215137 0.731081 0.430275 0.50839
0 0.340531 0.784668 0.668182 0.423074
3 0.0496923 0.245464 0.0993846 0.490927
3 0.587057 0.0722401 0.825887 0.14448
0 0.59955 0.275584 0.8009 0.551168
3 0.506382 0.801504 0.857631 0.391343
3 0.396352 0.710299 0.174604 0.54282
4 0.706677 0.271121 0.586647 0.542242
0 0.170945 0.811122 0.339834 0.366186
0 0.0935017 0.849958 0.187003 0.300084
4 0.938245 0.764687 0.12351 0.470625
4 0.587057 0.0722401 0.825887 0.14448
3 0.706677 0.271121 0.586647 0.542242
3 0.919977 0.375222 0.156162 0.426531
3 0.442927 0.732965 0.592931 0.520267
3 0.489726 0.0313558 0.944457 0.0627117
3 0.86026 0.764699 0.279481 0.470603
3 0.137755 0.18192 0.275509 0.36384
0 0.442927 0.732965 0.592931 0.520267
4 0.559909 0.286455 0.665078 0.571755
0 0.241868 0.781015 0.478989 0.425296
3 0.135129 0.162025 0.270259 0.309841
3 0.7839 0.241335 0.432201 0.482669
3 0.0901961 0.583847 0.180392 0.456677
2 0.809651 0.754173 0.380698 0.478346
4 0.545415 0.773377 0.75588 0.439735
3 0.818967 0.797565 0.358059 0.398689
3 0.308711 0.28141 0.606844 0.562821
0 0.236627 0.147391 0.473254 0.294782
0 0.0129005 0.504082 0.0258009 0.562098
4 0.828756 0.243347 0.342488 0.485602
3 0.0224973 0.773763 0.0449946 0.452475
3 0.91478 0.759081 0.170439 0.481838
3 0.76768 0.286674 0.464639 0.573348
3 0.0353982 0.292146 0.0707964 0.584291
3 0.719892 0.36822 0.379365 0.716054
4 0.876063 0.266627 0.247874 0.526035
3 0.0166477 0.711412 0.0332953 0.575921
3 0.910355 0.259428 0.179289 0.508057
3 0.0134264 0.654567 0.0268528 0.56838
3 0.316321 0.72195 0.624782 0.535618
0 0.449669 0.788401 0.690075 0.423199
0 0.422443 0.715547 0.141646 0.517758
4 0.823123 0.778415 0.353755 0.434066
3 0.0284244 0.835263 0.0568488 0.329475
3 0.215737 0.143554 0.431475 0.287108
0 0.0242934 0.807343 0.0485868 0.385314
4 0.893472 0.747213 0.213056 0.505573
0 0.777279 0.742401 0.442996 0.493729
4 0.358664 0.787792 0.613922 0.424415
0 0.0511944 0.776367 0.102389 0.427738
4 0.195124 0.811306 0.380277 0.377387
4 0.32769 0.5 0.648317 1
3 0.16812 0.78243 0.333453 0.41794
3 0.720167 0.776679 0.559666 0.417385
0 0.0284244 0.835263 0.0568488 0.329475
3 0.0503051 0.69561 0.10061 0.32158
4 0.143139 0.852123 0.285445 0.295753
4 0.551635 0.49249 0.676273 0.98498
3 0.467922 0.284905 0.649409 0.569809
0 0.7839 0.241335 0.432201 0.482669
4 0.645121 0.798112 0.709759 0.381846
4 0.637098 0.30944 0.725805 0.618881
3 0.75835 0.488769 0.303809 0.902854
4 0.833289 0.761476 0.333422 0.477048
4 0.66216 0.784178 0.62426 0.431643
3 0.221191 0.21587 0.438999 0.431739
0 0.886463 0.243299 0.227073 0.486597
4 0.381167 0.280337 0.671361 0.560675
0 0.938245 0.764687 0.12351 0.470625
3 0.125559 0.275533 0.251118 0.528918
3 0.0511944 0.776367 0.102389 0.427738
4 0.247039 0.277101 0.483522 0.54829
4 0.444432 0.734558 0.645592 0.514703
0 0.396352 0.710299 0.174604 0.54282
3 0.0172712 0.383201 0.0345423 0.64404
4 0.76768 0.286674 0.464639 0.573348
3 0.0129005 0.504082 0.0258009 0.562098
4 0.416467 0.45368 0.673558 0.90736
1 0.909531 0.637876 0.180939 0.250215
4 0.0284244 0.835263 0.0568488 0.329475
3 0.0259977 0.328341 0.0519955 0.619229
3 0.402564 0.0587094 0.805129 0.117419
4 0.0935017 0.849958 0.187003 0.300084
3 0.0627936 0.46327 0.125587 0.435613
3 0.348801 0.122705 0.697601 0.24541
2 0.91181 0.750959 0.176381 0.47676
0 0.501515 0.434242 0.59665 0.868484
1 0.908624 0.298306 0.182752 0.596501
0 0.584848 0.498805 0.64386 0.99761
3 0.0661775 0.812703 0.131874 0.370578
4 0.135129 0.162025 0.270259 0.309841
4 0.422443 0.715547 0.141646 0.517758
3 0.484284 0.790942 0.595569 0.411304
4 0.749225 0.764765 0.501549 0.458427
4 0.197452 0.141459 0.394904 0.282918
4 0.0166477 0.711412 0.0332953 0.575921
4 0.47708 0.377164 0.623074 0.754328
0 0.590285 0.288538 0.618093 0.577077
4 0.0134264 0.654567 0.0268528 0.56838
4 0.0353982 0.292146 0.0707964 0.584291
0 0.137755 0.18192 0.275509 0.36384
4 0.241868 0.781015 0.478989 0.425296
3 0.0779908 0.351594 0.155982 0.663909
3 0.0935017 0.849958 0.187003 0.300084
2 0.340531 0.784668 0.668182 0.423074
4 0.0129005 0.504082 0.0258009 0.562098
4 0.174279 0.174509 0.34833 0.349018
4 0.0511944 0.776367 0.102389 0.427738
4 0.221191 0.21587 0.438999 0.431739
4 0.433026 0.0378086 0.861781 0.0756172
4 0.124475 0.78062 0.248684 0.422184
0 0.893472 0.747213 0.213056 0.505573
4 0.509622 0.513795 0.441766 0.960354
4 0.402564 0.0587094 0.805129 0.117419
0 0.26332 0.280975 0.523804 0.55909
3 0.0520193 0.553172 0.104039 0.333374
2 0.241868 0.781015 0.478989 0.425296
0 0.160965 0.741157 0.32193 0.483406
4 0.7839 0.241335 0.432201 0.482669
4 0.0172712 0.383201 0.0345423 0.64404
4 0.445953 0.295894 0.891907 0.591788
4 0.137755 0.18192 0.275509 0.36384
4 0.0259977 0.328341 0.0519955 0.619229
4 0.215737 0.143554 0.431475 0.287108
4 0.348801 0.122705 0.697601 0.24541
0 0.173419 0.201935 0.345197 0.379885
4 0.396352 0.710299 0.174604 0.54282
3 0.445953 0.295894 0.891907 0.591788
0 0.0172712 0.383201 0.0345423 0.64404
2 0.918355 0.646775 0.16329 0.266347
4 0.162212 0.280397 0.324215 0.557151
0 0.0496923 0.245464 0.0993846 0.490927
0 0.803243 0.779893 0.380592 0.440214
2 0.484284 0.790942 0.595569 0.411304
0 0.0503051 0.69561 0.10061 0.32158
0 0.292272 0.509445 0.520393 0.979017
0 0.66216 0.784178 0.62426 0.431643
0 0.367769 0.5 0.720205 1
4 0.0496923 0.245464 0.0993846 0.490927
1 0.208264 0.792753 0.410938 0.402593
0 0.639119 0.719629 0.695923 0.534563
0 0.0353982 0.292146 0.0707964 0.584291
4 0.0242934 0.807343 0.0485868 0.385314
4 0.702394 0.499896 0.442537 0.990301
3 0.915459 0.641829 0.169082 0.252476
2 0.444432 0.734558 0.645592 0.514703
0 0.878771 0.472987 0.198339 0.368305
4 0.0652823 0.853944 0.130542 0.288582
4 0.244873 0.476686 0.488135 0.949068
1 0.876063 0.266627 0.247874 0.526035
0 0.135129 0.162025 0.270259 0.309841
0 0.162212 0.280397 0.324215 0.557151
0 0.509622 0.513795 0.441766 0.960354
2 0.720167 0.776679 0.559666 0.417385
4 0.639119 0.719629 0.695923 0.534563
2 0.886818 0.717107 0.226364 0.412949
0 0.702394 0.499896 0.442537 0.990301
0 0.0520193 0.553172 0.104039 0.333374
4 0.100294 0.431998 0.200588 0.822604
0 0.0901961 0.583847 0.180392 0.456677
0 0.221191 0.21587 0.438999 0.431739
4 0.141847 0.402356 0.283694 0.797305
2 0.124475 0.78062 0.248684 0.422184
1 0.86026 0.764699 0.279481 0.470603
2 0.921057 0.453191 0.157885 0.268916
4 0.0901961 0.583847 0.180392 0.456677
4 0.160965 0.741157 0.32193 0.483406
1 0.471207 0.793941 0.643607 0.390001
1 0.0652823 0.853944 0.130542 0.288582
2 0.0935017 0.849958 0.187003 0.300084
2 0.160965 0.741157 0.32193 0.483406
0 0.719892 0.36822 0.379365 0.716054
4 0.0779908 0.351594 0.155982 0.663909
0 0.0259977 0.328341 0.0519955 0.619229
1 0.926437 0.767178 0.147125 0.465644
2 0.143139 0.852123 0.285445 0.295753
2 0.702394 0.499896 0.442537 0.990301
4 0.0503051 0.69561 0.10061 0.32158
4 0.0520193 0.553172 0.104039 0.333374
1 0.14382 0.855726 0.285365 0.284529
4 0.719892 0.36822 0.379365 0.716054
4 0.120037 0.55285 0.239583 0.78499
2 0.909975 0.299008 0.18005 0.595794
4 0.886818 0.717107 0.226364 0.412949
1 0.919977 0.375222 0.156162 0.426531
2 0.878771 0.472987 0.198339 0.368305
4 0.172952 0.487516 0.345904 0.975032
4 0.0627936 0.46327 0.125587 0.435613
2 0.0503051 0.69561 0.10061 0.32158
2 0.287591 0.151946 0.574736 0.303892
4 0.316321 0.72195 0.624782 0.535618
2 0.267958 0.497164 0.533708 0.994328
2 0.422443 0.715547 0.141646 0.517758
2 0.788355 0.25365 0.42329 0.504428
2 0.938245 0.764687 0.12351 0.470625
0 0.75835 0.488769 0.303809 0.902854
2 0.194841 0.808477 0.383642 0.376121
2 0.0520193 0.553172 0.104039 0.333374
2 0.199331 0.189256 0.39681 0.378512
4 0.75835 0.488769 0.303809 0.902854
1 0.0503051 0.69561 0.10061 0.32158
1 0.191288 0.43809 0.379437 0.874538
2 0.0652823 0.853944 0.130542 0.288582
2 0.0129005 0.504082 0.0258009 0.562098
1 0.527013 0.790142 0.933428 0.392595
2 0.396352 0.710299 0.174604 0.54282
1 0.419732 0.787123 0.740065 0.425753
2 0.693191 0.293222 0.511586 0.582483
1 0.204672 0.240284 0.406869 0.472389
2 0.390024 0.284778 0.780048 0.569557
2 0.0511944 0.776367 0.102389 0.427738
2 0.0284244 0.835263 0.0568488 0.329475
2 0.51186 0.494802 0.532909 0.989604
2 0.18225 0.481967 0.36162 0.963934
1 0.0242934 0.807343 0.0485868 0.385314
2 0.919977 0.375222 0.156162 0.426531
2 0.53483 0.788506 0.69462 0.422987
1 0.818967 0.797565 0.358059 0.398689
2 0.250383 0.249835 0.491685 0.499669
2 0.0901961 0.583847 0.180392 0.456677
2 0.0134264 0.654567 0.0268528 0.56838
4 0.878771 0.472987 0.198339 0.368305
2 0.619672 0.305822 0.760656 0.611644
2 0.0242934 0.807343 0.0485868 0.385314
2 0.0172712 0.383201 0.0345423 0.64404
2 0.7839 0.241335 0.432201 0.482669
2 0.66216 0.784178 0.62426 0.431643
