0 0.0631912 0.752957 0.124274 0.375609
0 0.233383 0.620972 0.168274 0.167429
0 0.256199 0.610114 0.222927 0.194328
0 0.504786 0.679208 0.0723288 0.28029
1 0.063404 0.755175 0.125124 0.373308
1 0.504786 0.679208 0.0723288 0.28029
0 0.225226 0.667653 0.184068 0.232677
0 0.295382 0.581261 0.140864 0.180479
0 0.506714 0.621173 0.0698139 0.303491
0 0.803796 0.776799 0.392409 0.435715
0 0.0644545 0.676307 0.125516 0.387114
0 0.134128 0.771913 0.268257 0.415779
2 0.504786 0.679208 0.0723288 0.28029
1 0.256824 0.6042 0.218501 0.203327
0 0.516171 0.688692 0.0923148 0.319649
0 0.522834 0.629744 0.0754456 0.319909
0 0.0668353 0.478581 0.122836 0.21841
1 0.233383 0.620972 0.168274 0.167429
2 0.254978 0.601686 0.222064 0.20768
0 0.384517 0.634089 0.307003 0.253051
0 0.46366 0.550528 0.0738577 0.160365
3 0.106106 0.385747 0.211639 0.727724
3 0.0644545 0.676307 0.125516 0.387114
3 0.677274 0.45354 0.460153 0.827466
3 0.543521 0.446189 0.410336 0.885027
3 0.384517 0.634089 0.307003 0.253051
4 0.0636264 0.7555 0.125222 0.357911
3 0.77225 0.480204 0.382695 0.937324
2 0.0627806 0.749819 0.123145 0.356058
3 0.403157 0.749058 0.256052 0.459898
3 0.890263 0.755658 0.219474 0.472651
3 0.949364 0.650968 0.101272 0.404358
0 0.257636 0.480683 0.22629 0.414477
0 0.64478 0.756314 0.319003 0.460218
4 0.504786 0.679208 0.0723288 0.28029
0 0.551432 0.738106 0.159434 0.418297
3 0.644661 0.762492 0.331788 0.465835
3 0.0668353 0.478581 0.122836 0.21841
3 0.641416 0.353731 0.60701 0.698933
0 0.0622991 0.776256 0.124598 0.447488
4 0.0622991 0.776256 0.124598 0.447488
3 0.887254 0.786349 0.225492 0.427302
4 0.11881 0.780792 0.237619 0.438415
3 0.772018 0.757755 0.455151 0.48449
3 0.117589 0.779471 0.235179 0.424876
3 0.292186 0.49913 0.16153 0.353682
3 0.545095 0.308525 0.409945 0.605305
1 0.0644545 0.676307 0.125516 0.387114
3 0.889157 0.473677 0.221686 0.946641
4 0.225226 0.667653 0.184068 0.232677
4 0.256199 0.610114 0.222927 0.194328
3 0.571407 0.764587 0.195034 0.470825
3 0.259929 0.385912 0.252347 0.626178
0 0.292186 0.49913 0.16153 0.353682
3 0.836782 0.764422 0.326436 0.470442
3 0.157051 0.77057 0.248648 0.458859
3 0.569117 0.740764 0.312522 0.518473
3 0.937189 0.832049 0.125623 0.335901
0 0.762546 0.731432 0.474907 0.52003
3 0.309987 0.361364 0.518197 0.713449
3 0.177412 0.36141 0.354824 0.681283
4 0.2833 0.745889 0.238524 0.48963
3 0.641616 0.754645 0.288223 0.490709
0 0.571407 0.764587 0.195034 0.470825
3 0.433343 0.447482 0.313522 0.853078
3 0.21006 0.759334 0.286886 0.481331
0 0.196813 0.114965 0.393625 0.229929
4 0.797243 0.764007 0.405513 0.455732
0 0.259929 0.385912 0.252347 0.626178
3 0.835112 0.455548 0.251861 0.901614
3 0.275658 0.749779 0.316547 0.500442
3 0.329663 0.445763 0.32964 0.822719
0 0.394823 0.0374667 0.770843 0.0749334
4 0.233383 0.620972 0.168274 0.167429
3 0.58306 0.0589923 0.785824 0.117985
3 0.404933 0.0335691 0.809866 0.0671381
3 0.533539 0.566172 0.097852 0.454293
3 0.424755 0.347473 0.545547 0.686793
2 0.253881 0.716265 0.234708 0.445407
2 0.348949 0.632366 0.260555 0.247279
0 0.0617238 0.601014 0.123448 0.663191
0 0.938294 0.830882 0.123411 0.338235
3 0.487407 0.738997 0.238277 0.522006
3 0.453937 0.496039 0.062981 0.258039
3 0.0302029 0.317959 0.0604059 0.635918
0 0.403157 0.749058 0.256052 0.459898
3 0.196813 0.114965 0.393625 0.229929
3 0.757153 0.349953 0.398591 0.677807
3 0.772074 0.15169 0.455851 0.30338
3 0.749294 0.745272 0.501412 0.502944
1 0.176713 0.76532 0.353427 0.409597
2 0.551432 0.738106 0.159434 0.418297
3 0.352814 0.751616 0.266938 0.496769
3 0.509661 0.577313 0.0810905 0.462064
3 0.325506 0.0674631 0.651012 0.134926
3 0.258862 0.744595 0.326494 0.487377
3 0.938294 0.830882 0.123411 0.338235
3 0.299809 0.198681 0.599617 0.397363
0 0.552322 0.309009 0.405188 0.605119
0 0.63326 0.0919216 0.733481 0.183843
3 0.725728 0.238017 0.548544 0.476035
4 0.318411 0.752828 0.37054 0.471815
4 0.0644545 0.676307 0.125516 0.387114
4 0.552322 0.309009 0.405188 0.605119
3 0.0623446 0.781844 0.122631 0.436313
0 0.456534 0.674572 0.164132 0.296275
4 0.292186 0.49913 0.16153 0.353682
3 0.264881 0.0852666 0.529762 0.170533
0 0.199924 0.368739 0.365978 0.657776
0 0.20937 0.76123 0.274114 0.464219
3 0.331456 0.586338 0.246326 0.466017
0 0.506975 0.0999499 0.859651 0.1999
1 0.506714 0.621173 0.0698139 0.303491
0 0.407872 0.680532 0.259561 0.31226
3 0.56185 0.763965 0.287486 0.458672
0 0.371716 0.0593253 0.743432 0.118651
4 0.0668353 0.478581 0.122836 0.21841
3 0.796873 0.281281 0.406253 0.562561
4 0.551432 0.738106 0.159434 0.418297
2 0.404007 0.755479 0.268056 0.440784
3 0.522834 0.629744 0.0754456 0.319909
4 0.887254 0.786349 0.225492 0.427302
0 0.59121 0.0564142 0.81758 0.112828
3 0.212467 0.315521 0.424935 0.631042
3 0.447175 0.257353 0.604104 0.514705
3 0.399035 0.745213 0.262617 0.509574
0 0.673459 0.231619 0.653082 0.463238
0 0.950239 0.741116 0.0995223 0.510682
3 0.129363 0.325266 0.258726 0.650531
4 0.937189 0.832049 0.125623 0.335901
0 0.264881 0.0852666 0.529762 0.170533
0 0.616 0.750157 0.302436 0.499685
3 0.984889 0.630202 0.0302216 0.237142
3 0.935678 0.280467 0.128644 0.560935
3 0.318411 0.752828 0.37054 0.471815
3 0.556838 0.440172 0.28066 0.763731
0 0.988557 0.537061 0.0228856 0.138204
3 0.0401929 0.25787 0.0803857 0.515739
0 0.509661 0.577313 0.0810905 0.462064
0 0.796744 0.104107 0.406511 0.208213
4 0.295382 0.581261 0.140864 0.180479
3 0.432893 0.0702702 0.791914 0.14054
3 0.988557 0.537061 0.0228856 0.138204
3 0.63326 0.0919216 0.733481 0.183843
3 0.950239 0.741116 0.0995223 0.510682
3 0.517277 0.676536 0.0788387 0.285551
4 0.772018 0.757755 0.455151 0.48449
3 0.858062 0.196075 0.283877 0.39215
0 0.256629 0.755268 0.297685 0.483321
3 0.877134 0.305628 0.245732 0.611256
3 0.0450008 0.425563 0.0900017 0.689055
0 0.0625803 0.553726 0.122948 0.0834868
4 0.0934978 0.346803 0.186996 0.628276
4 0.56185 0.763965 0.287486 0.458672
3 0.0651163 0.406269 0.130233 0.566171
3 0.932729 0.774792 0.134541 0.450415
3 0.561881 0.681293 0.160526 0.433311
2 0.516171 0.688692 0.0923148 0.319649
0 0.56185 0.763965 0.287486 0.458672
0 0.772074 0.15169 0.455851 0.30338
3 0.593027 0.550796 0.28208 0.796754
3 0.796744 0.104107 0.406511 0.208213
3 0.261891 0.485827 0.221299 0.425575
3 0.7474 0.602533 0.5052 0.78473
0 0.399035 0.745213 0.262617 0.509574
3 0.551432 0.738106 0.159434 0.418297
3 0.226236 0.106921 0.452472 0.213841
3 0.96503 0.389827 0.0699408 0.549768
4 0.447175 0.257353 0.604104 0.514705
2 0.0622991 0.776256 0.124598 0.447488
0 0.946721 0.32976 0.106557 0.646545
4 0.692411 0.763129 0.388518 0.446688
0 0.887254 0.786349 0.225492 0.427302
4 0.0651163 0.406269 0.130233 0.566171
0 0.937189 0.832049 0.125623 0.335901
4 0.259929 0.385912 0.252347 0.626178
3 0.456534 0.674572 0.164132 0.296275
0 0.984889 0.630202 0.0302216 0.237142
4 0.938294 0.830882 0.123411 0.338235
0 0.334446 0.629385 0.233377 0.292742
0 0.561881 0.681293 0.160526 0.433311
4 0.835541 0.790666 0.328917 0.418667
0 0.0327429 0.321731 0.0654858 0.643462
4 0.569117 0.740764 0.312522 0.518473
3 0.0617238 0.601014 0.123448 0.663191
4 0.506714 0.621173 0.0698139 0.303491
4 0.516171 0.688692 0.0923148 0.319649
4 0.253881 0.716265 0.234708 0.445407
0 0.932729 0.774792 0.134541 0.450415
4 0.932729 0.774792 0.134541 0.450415
0 0.10597 0.343438 0.21194 0.655297
3 0.70201 0.686151 0.440362 0.627698
4 0.950239 0.741116 0.0995223 0.510682
4 0.63326 0.0919216 0.733481 0.183843
4 0.404007 0.755479 0.268056 0.440784
2 0.195886 0.58789 0.28698 0.295943
0 0.350023 0.753915 0.268855 0.478646
1 0.0647717 0.47833 0.127781 0.224925
4 0.839058 0.303044 0.233294 0.589027
0 0.858062 0.196075 0.283877 0.39215
0 0.96503 0.389827 0.0699408 0.549768
3 0.334446 0.629385 0.233377 0.292742
4 0.344527 0.187016 0.689054 0.374032
4 0.432893 0.0702702 0.791914 0.14054
4 0.393965 0.0449045 0.749779 0.089809
3 0.64394 0.191701 0.712121 0.383402
3 0.506714 0.621173 0.0698139 0.303491
4 0.509661 0.577313 0.0810905 0.462064
3 0.506975 0.0999499 0.859651 0.1999
4 0.64394 0.191701 0.712121 0.383402
4 0.157051 0.77057 0.248648 0.458859
0 0.226236 0.106921 0.452472 0.213841
3 0.46366 0.550528 0.0738577 0.160365
2 0.0647717 0.47833 0.127781 0.224925
4 0.487407 0.738997 0.238277 0.522006
3 0.295382 0.581261 0.140864 0.180479
0 0.0401929 0.25787 0.0803857 0.515739
4 0.257636 0.480683 0.22629 0.414477
0 0.0450008 0.425563 0.0900017 0.689055
4 0.506975 0.0999499 0.859651 0.1999
0 0.478387 0.325081 0.519544 0.639665
4 0.196813 0.114965 0.393625 0.229929
4 0.988557 0.537061 0.0228856 0.138204
3 0.225226 0.667653 0.184068 0.232677
3 0.255958 0.710374 0.233958 0.424659
4 0.399035 0.745213 0.262617 0.509574
4 0.641616 0.754645 0.288223 0.490709
1 0.644661 0.762492 0.331788 0.465835
4 0.226665 0.761814 0.268316 0.458697
3 0.221575 0.625571 0.156646 0.185906
2 0.134128 0.771913 0.268257 0.415779
0 0.448595 0.760058 0.226071 0.453661
2 0.522834 0.629744 0.0754456 0.319909
3 0.567298 0.218198 0.511752 0.435555
4 0.0327429 0.321731 0.0654858 0.643462
0 0.0651163 0.406269 0.130233 0.566171
4 0.543521 0.446189 0.410336 0.885027
0 0.453937 0.496039 0.062981 0.258039
0 0.838646 0.300247 0.231503 0.584868
4 0.946721 0.32976 0.106557 0.646545
4 0.58306 0.0589923 0.785824 0.117985
4 0.407872 0.680532 0.259561 0.31226
2 0.233252 0.625486 0.169867 0.155471
4 0.352814 0.751616 0.266938 0.496769
0 0.533539 0.566172 0.097852 0.454293
0 0.393451 0.219165 0.66837 0.438329
4 0.984889 0.630202 0.0302216 0.237142
0 0.487407 0.738997 0.238277 0.522006
0 0.235679 0.719867 0.197856 0.411145
3 0.507025 0.700416 0.0760144 0.342076
4 0.21006 0.759334 0.286886 0.481331
2 0.407872 0.680532 0.259561 0.31226
3 0.448595 0.760058 0.226071 0.453661
4 0.0401929 0.25787 0.0803857 0.515739
2 0.295382 0.581261 0.140864 0.180479
4 0.177412 0.36141 0.354824 0.681283
4 0.84194 0.422843 0.246753 0.843949
4 0.275658 0.749779 0.316547 0.500442
0 0.732439 0.315818 0.468491 0.631636
4 0.96503 0.389827 0.0699408 0.549768
4 0.478387 0.325081 0.519544 0.639665
4 0.677274 0.45354 0.460153 0.827466
1 0.516171 0.688692 0.0923148 0.319649
4 0.628587 0.765312 0.30897 0.451435
0 0.157051 0.77057 0.248648 0.458859
4 0.796744 0.104107 0.406511 0.208213
3 0.839058 0.303044 0.233294 0.589027
2 0.64397 0.762022 0.315314 0.447701
0 0.890263 0.755658 0.219474 0.472651
1 0.256629 0.755268 0.297685 0.483321
4 0.567298 0.218198 0.511752 0.435555
1 0.348949 0.632366 0.260555 0.247279
0 0.567298 0.218198 0.511752 0.435555
4 0.671447 0.32377 0.587331 0.64754
4 0.268941 0.294812 0.537559 0.589625
0 0.7474 0.602533 0.5052 0.78473
2 0.456534 0.674572 0.164132 0.296275
4 0.522834 0.629744 0.0754456 0.319909
4 0.772074 0.15169 0.455851 0.30338
3 0.423959 0.680142 0.229767 0.307161
1 0.805094 0.766874 0.389812 0.451111
4 0.331456 0.586338 0.246326 0.466017
4 0.0450008 0.425563 0.0900017 0.689055
0 0.299809 0.198681 0.599617 0.397363
4 0.226236 0.106921 0.452472 0.213841
4 0.264881 0.0852666 0.529762 0.170533
0 0.275658 0.749779 0.316547 0.500442
4 0.433343 0.447482 0.313522 0.853078
4 0.453937 0.496039 0.062981 0.258039
0 0.309987 0.361364 0.518197 0.713449
4 0.448595 0.760058 0.226071 0.453661
0 0.772018 0.757755 0.455151 0.48449
3 0.206494 0.767704 0.243447 0.447551
2 0.616 0.750157 0.302436 0.499685
4 0.890263 0.755658 0.219474 0.472651
0 0.70201 0.686151 0.440362 0.627698
0 0.787791 0.49365 0.420579 0.987299
0 0.796873 0.281281 0.406253 0.562561
2 0.506714 0.621173 0.0698139 0.303491
3 0.176713 0.76532 0.353427 0.409597
0 0.0631855 0.752958 0.124264 0.375534
0 0.233405 0.620972 0.168311 0.167351
0 0.25621 0.610111 0.222908 0.19424
0 0.504805 0.679215 0.0723289 0.280333
1 0.0634084 0.755181 0.125137 0.373237
1 0.504805 0.679215 0.0723289 0.280333
0 0.225242 0.668082 0.184177 0.23355
0 0.295402 0.581291 0.14087 0.180529
0 0.506732 0.621137 0.0698126 0.303385
0 0.803885 0.776851 0.392231 0.435595
0 0.0644551 0.676075 0.125508 0.386509
0 0.133863 0.771984 0.267726 0.415793
2 0.504805 0.679215 0.0723289 0.280333
1 0.256828 0.604188 0.218513 0.203302
0 0.516137 0.688518 0.092267 0.319218
0 0.522897 0.62967 0.0752624 0.319683
0 0.0668487 0.478645 0.12281 0.218205
1 0.233405 0.620972 0.168311 0.167351
2 0.254981 0.601677 0.222078 0.207681
0 0.384495 0.633793 0.306989 0.252524
3 0.106063 0.385807 0.211551 0.727859
3 0.0644551 0.676075 0.125508 0.386509
0 0.46369 0.550337 0.0738148 0.159948
3 0.677883 0.453338 0.454344 0.824748
3 0.543486 0.446174 0.410072 0.884899
3 0.384495 0.633793 0.306989 0.252524
4 0.0636215 0.755508 0.125212 0.357863
3 0.772868 0.479596 0.38129 0.936157
2 0.0627774 0.749826 0.123142 0.356061
3 0.403234 0.748942 0.255493 0.459574
3 0.89028 0.755665 0.21944 0.472468
3 0.950142 0.64978 0.0997162 0.399571
4 0.504805 0.679215 0.0723289 0.280333
0 0.257624 0.48067 0.226325 0.414568
0 0.644525 0.756352 0.318386 0.460152
0 0.550032 0.737747 0.156632 0.417482
3 0.643989 0.762513 0.330311 0.465865
3 0.0668487 0.478645 0.12281 0.218205
3 0.641473 0.354507 0.606479 0.70048
0 0.0623017 0.776268 0.124603 0.447465
4 0.0623017 0.776268 0.124603 0.447465
3 0.887225 0.786245 0.22555 0.42751
4 0.118765 0.78079 0.237529 0.43842
3 0.772628 0.757802 0.453897 0.484395
3 0.11755 0.77953 0.235101 0.424927
3 0.292177 0.499171 0.161592 0.353701
3 0.544967 0.309276 0.410055 0.606909
1 0.0644551 0.676075 0.125508 0.386509
3 0.889208 0.473163 0.221584 0.94473
4 0.25621 0.610111 0.222908 0.19424
4 0.225242 0.668082 0.184177 0.23355
3 0.571302 0.764615 0.194718 0.470769
3 0.259981 0.386064 0.252194 0.62589
3 0.836752 0.764506 0.326495 0.470329
3 0.156868 0.770493 0.248563 0.459014
0 0.292177 0.499171 0.161592 0.353701
3 0.568844 0.740731 0.311806 0.518537
3 0.937252 0.832067 0.125496 0.335865
3 0.310191 0.36143 0.516465 0.713522
3 0.177326 0.361432 0.354652 0.681206
3 0.641658 0.754603 0.287959 0.490793
4 0.282869 0.74587 0.237658 0.489599
3 0.432558 0.447631 0.311663 0.852663
3 0.209941 0.759248 0.286617 0.481503
0 0.762581 0.731502 0.474839 0.520002
0 0.571302 0.764615 0.194718 0.470769
4 0.797383 0.764071 0.405234 0.455656
3 0.835232 0.455182 0.251523 0.900971
0 0.196378 0.115715 0.392756 0.23143
0 0.259981 0.386064 0.252194 0.62589
3 0.27548 0.749691 0.315797 0.500617
3 0.329427 0.445641 0.329172 0.822367
4 0.233405 0.620972 0.168311 0.167351
3 0.404922 0.0337559 0.809845 0.0675118
3 0.583482 0.0595097 0.78484 0.119019
3 0.533417 0.566305 0.0972414 0.453715
3 0.42494 0.347894 0.544509 0.687657
2 0.253872 0.716084 0.234671 0.444999
2 0.348847 0.632199 0.26044 0.246958
0 0.394702 0.0376625 0.770719 0.0753249
3 0.487341 0.738891 0.237675 0.522218
3 0.453958 0.49634 0.0629763 0.258367
0 0.0617264 0.601544 0.123453 0.661832
3 0.0300625 0.318023 0.0601251 0.636046
3 0.196378 0.115715 0.392756 0.23143
0 0.938341 0.830955 0.123317 0.33809
3 0.758118 0.349954 0.396566 0.677828
0 0.403234 0.748942 0.255493 0.459574
3 0.749246 0.745412 0.501508 0.502797
3 0.772175 0.152153 0.45565 0.304305
1 0.1767 0.765353 0.3534 0.409538
2 0.550032 0.737747 0.156632 0.417482
3 0.352633 0.751621 0.266351 0.496758
3 0.509677 0.577462 0.0808659 0.461823
3 0.325287 0.0680749 0.650573 0.13615
3 0.258207 0.744545 0.325275 0.487578
3 0.299725 0.199412 0.599449 0.398823
3 0.938341 0.830955 0.123317 0.33809
3 0.726165 0.238798 0.547669 0.477596
4 0.0644551 0.676075 0.125508 0.386509
4 0.317892 0.7528 0.369058 0.47199
4 0.552176 0.309829 0.40544 0.606851
3 0.0623534 0.781852 0.122632 0.436297
0 0.552176 0.309829 0.40544 0.606851
4 0.292177 0.499171 0.161592 0.353701
3 0.26434 0.0860266 0.52868 0.172053
0 0.63346 0.0930165 0.733079 0.186033
3 0.331373 0.586136 0.24634 0.465307
0 0.456532 0.674611 0.164129 0.296301
1 0.506732 0.621137 0.0698126 0.303385
3 0.561438 0.764005 0.285846 0.458845
0 0.200824 0.369079 0.364018 0.657069
0 0.209284 0.761198 0.273893 0.464509
0 0.506895 0.100125 0.858349 0.20025
4 0.0668487 0.478645 0.12281 0.218205
3 0.797318 0.28185 0.405364 0.5637
0 0.407885 0.680397 0.259512 0.311908
3 0.522897 0.62967 0.0752624 0.319683
4 0.550032 0.737747 0.156632 0.417482
4 0.887225 0.786245 0.22555 0.42751
2 0.404034 0.755359 0.267955 0.440495
0 0.3715 0.0596791 0.743001 0.119358
3 0.4473 0.256834 0.603687 0.513668
3 0.212273 0.315892 0.424545 0.631783
3 0.398986 0.745283 0.262008 0.509433
3 0.129231 0.32533 0.258461 0.650659
4 0.937252 0.832067 0.125496 0.335865
3 0.935358 0.281161 0.129284 0.562323
3 0.985061 0.628883 0.0298777 0.234277
0 0.591762 0.0567182 0.816477 0.113436
3 0.556738 0.443603 0.278718 0.755008
0 0.950484 0.74119 0.0990316 0.510479
0 0.673861 0.232721 0.652277 0.465442
3 0.317892 0.7528 0.369058 0.47199
0 0.615918 0.750145 0.301962 0.499711
0 0.26434 0.0860266 0.52868 0.172053
3 0.0399581 0.257769 0.0799163 0.515539
4 0.295402 0.581291 0.14087 0.180529
3 0.432382 0.0704473 0.790542 0.140895
3 0.988688 0.537059 0.0226242 0.137199
0 0.0625714 0.553737 0.122919 0.0834784
3 0.950484 0.74119 0.0990316 0.510479
3 0.63346 0.0930165 0.733079 0.186033
3 0.517288 0.676582 0.0788116 0.285562
4 0.772628 0.757802 0.453897 0.484395
3 0.877074 0.305633 0.245852 0.611266
0 0.988688 0.537059 0.0226242 0.137199
3 0.858176 0.196778 0.283648 0.393556
3 0.0449289 0.425711 0.0898579 0.688265
0 0.509677 0.577462 0.0808659 0.461823
4 0.0934538 0.346698 0.186908 0.628249
0 0.796875 0.103947 0.406251 0.207894
4 0.561438 0.764005 0.285846 0.458845
3 0.0650916 0.406577 0.130183 0.564415
3 0.561905 0.681149 0.1604 0.432834
3 0.932712 0.77481 0.134576 0.450379
2 0.516137 0.688518 0.092267 0.319218
0 0.256467 0.755226 0.297037 0.483715
3 0.593958 0.553893 0.279065 0.78631
3 0.796875 0.103947 0.406251 0.207894
3 0.261906 0.485932 0.221276 0.425446
3 0.74766 0.603138 0.504681 0.783727
3 0.550032 0.737747 0.156632 0.417482
3 0.225512 0.107488 0.451024 0.214976
0 0.561438 0.764005 0.285846 0.458845
3 0.965398 0.390679 0.0692047 0.545924
0 0.772175 0.152153 0.45565 0.304305
4 0.4473 0.256834 0.603687 0.513668
2 0.0623017 0.776268 0.124603 0.447465
0 0.398986 0.745283 0.262008 0.509433
4 0.691054 0.763177 0.385732 0.446638
4 0.0650916 0.406577 0.130183 0.564415
4 0.259981 0.386064 0.252194 0.62589
3 0.456532 0.674611 0.164129 0.296301
4 0.938341 0.830955 0.123317 0.33809
0 0.946672 0.329871 0.106656 0.646079
0 0.887225 0.786245 0.22555 0.42751
4 0.83535 0.790644 0.329299 0.418712
0 0.937252 0.832067 0.125496 0.335865
4 0.568844 0.740731 0.311806 0.518537
0 0.985061 0.628883 0.0298777 0.234277
3 0.0617264 0.601544 0.123453 0.661832
0 0.561905 0.681149 0.1604 0.432834
4 0.506732 0.621137 0.0698126 0.303385
0 0.334377 0.628962 0.233329 0.291861
4 0.516137 0.688518 0.092267 0.319218
4 0.253872 0.716084 0.234671 0.444999
0 0.0325856 0.321762 0.0651713 0.643524
4 0.932712 0.77481 0.134576 0.450379
3 0.700025 0.686307 0.435254 0.627385
0 0.932712 0.77481 0.134576 0.450379
4 0.950484 0.74119 0.0990316 0.510479
4 0.63346 0.0930165 0.733079 0.186033
0 0.105975 0.343428 0.21195 0.655422
4 0.404034 0.755359 0.267955 0.440495
2 0.195655 0.588094 0.288401 0.295971
1 0.0647766 0.478385 0.127769 0.224635
4 0.839048 0.30301 0.233227 0.588985
3 0.334377 0.628962 0.233329 0.291861
0 0.349675 0.753879 0.267917 0.478921
4 0.344603 0.186706 0.689206 0.373413
3 0.64437 0.194085 0.71126 0.38817
4 0.393826 0.0451134 0.749263 0.0902267
4 0.432382 0.0704473 0.790542 0.140895
0 0.858176 0.196778 0.283648 0.393556
0 0.965398 0.390679 0.0692047 0.545924
3 0.506732 0.621137 0.0698126 0.303385
4 0.509677 0.577462 0.0808659 0.461823
3 0.506895 0.100125 0.858349 0.20025
4 0.156868 0.770493 0.248563 0.459014
4 0.64437 0.194085 0.71126 0.38817
3 0.46369 0.550337 0.0738148 0.159948
2 0.0647766 0.478385 0.127769 0.224635
3 0.295402 0.581291 0.14087 0.180529
4 0.487341 0.738891 0.237675 0.522218
4 0.257624 0.48067 0.226325 0.414568
4 0.506895 0.100125 0.858349 0.20025
4 0.196378 0.115715 0.392756 0.23143
0 0.225512 0.107488 0.451024 0.214976
4 0.988688 0.537059 0.0226242 0.137199
3 0.225242 0.668082 0.184177 0.23355
3 0.255968 0.710333 0.233893 0.424508
4 0.641658 0.754603 0.287959 0.490793
4 0.398986 0.745283 0.262008 0.509433
1 0.643989 0.762513 0.330311 0.465865
4 0.226509 0.761846 0.267967 0.458779
3 0.221609 0.625605 0.156694 0.185926
0 0.0399581 0.257769 0.0799163 0.515539
0 0.0449289 0.425711 0.0898579 0.688265
2 0.133863 0.771984 0.267726 0.415793
0 0.478566 0.325606 0.518876 0.640758
3 0.566931 0.216253 0.511402 0.43158
2 0.522897 0.62967 0.0752624 0.319683
4 0.0325856 0.321762 0.0651713 0.643524
4 0.543486 0.446174 0.410072 0.884899
0 0.448839 0.760025 0.225206 0.453842
4 0.946672 0.329871 0.106656 0.646079
4 0.583482 0.0595097 0.78484 0.119019
4 0.407885 0.680397 0.259512 0.311908
4 0.352633 0.751621 0.266351 0.496758
2 0.233275 0.625479 0.169908 0.155445
0 0.838646 0.300244 0.231445 0.584919
4 0.985061 0.628883 0.0298777 0.234277
0 0.0650916 0.406577 0.130183 0.564415
0 0.453958 0.49634 0.0629763 0.258367
4 0.209941 0.759248 0.286617 0.481503
3 0.50701 0.700198 0.0759955 0.341624
3 0.448839 0.760025 0.225206 0.453842
4 0.0399581 0.257769 0.0799163 0.515539
0 0.533417 0.566305 0.0972414 0.453715
2 0.407885 0.680397 0.259512 0.311908
0 0.39364 0.218004 0.667971 0.436008
4 0.177326 0.361432 0.354652 0.681206
4 0.84191 0.422184 0.246502 0.842609
0 0.487341 0.738891 0.237675 0.522218
2 0.295402 0.581291 0.14087 0.180529
0 0.235692 0.719907 0.19781 0.41097
4 0.27548 0.749691 0.315797 0.500617
4 0.965398 0.390679 0.0692047 0.545924
4 0.478566 0.325606 0.518876 0.640758
1 0.516137 0.688518 0.092267 0.319218
4 0.677883 0.453338 0.454344 0.824748
4 0.628573 0.765327 0.308644 0.451522
0 0.734015 0.31556 0.464898 0.631119
4 0.796875 0.103947 0.406251 0.207894
3 0.839048 0.30301 0.233227 0.588985
2 0.643902 0.762041 0.315018 0.447673
0 0.156868 0.770493 0.248563 0.459014
1 0.256467 0.755226 0.297037 0.483715
4 0.566931 0.216253 0.511402 0.43158
1 0.348847 0.632199 0.26044 0.246958
0 0.89028 0.755665 0.21944 0.472468
4 0.672147 0.323455 0.585657 0.646909
4 0.268408 0.295376 0.536504 0.590752
2 0.456532 0.674611 0.164129 0.296301
0 0.566931 0.216253 0.511402 0.43158
4 0.522897 0.62967 0.0752624 0.319683
4 0.772175 0.152153 0.45565 0.304305
3 0.423986 0.680102 0.229697 0.307046
4 0.331373 0.586136 0.24634 0.465307
1 0.805193 0.766947 0.389615 0.450935
4 0.0449289 0.425711 0.0898579 0.688265
0 0.74766 0.603138 0.504681 0.783727
4 0.225512 0.107488 0.451024 0.214976
4 0.26434 0.0860266 0.52868 0.172053
0 0.299725 0.199412 0.599449 0.398823
4 0.432558 0.447631 0.311663 0.852663
4 0.453958 0.49634 0.0629763 0.258367
0 0.27548 0.749691 0.315797 0.500617
4 0.448839 0.760025 0.225206 0.453842
3 0.206351 0.767763 0.243314 0.447608
2 0.615918 0.750145 0.301962 0.499711
4 0.89028 0.755665 0.21944 0.472468
0 0.310191 0.36143 0.516465 0.713522
2 0.506732 0.621137 0.0698126 0.303385
4 0.129231 0.32533 0.258461 0.650659
3 0.1767 0.765353 0.3534 0.409538
0 0.772628 0.757802 0.453897 0.484395
4 0.811133 0.498451 0.377733 0.996902
4 0.0617264 0.601544 0.123453 0.661832
