0 0.496079 0.654714 0.255813 0.44667
1 0.496088 0.653136 0.257079 0.454743
0 0.808919 0.768871 0.382161 0.450964
0 0.167669 0.614534 0.334181 0.305883
0 0.193963 0.731717 0.377221 0.536567
0 0.17593 0.660394 0.348337 0.420522
0 0.704017 0.509486 0.0579909 0.0584694
0 0.349832 0.693413 0.557862 0.492444
0 0.345031 0.676337 0.107143 0.430755
0 0.522286 0.67767 0.346975 0.458528
0 0.781974 0.514154 0.243216 0.111805
0 0.644811 0.547937 0.178465 0.178756
0 0.645041 0.689297 0.61122 0.455604
0 0.706176 0.454416 0.0561131 0.16506
4 0.495593 0.661698 0.258925 0.429868
3 0.81135 0.703949 0.377301 0.569851
2 0.50116 0.670513 0.263893 0.419116
4 0.808665 0.757147 0.382669 0.477831
0 0.448474 0.762865 0.263168 0.474269
3 0.32368 0.455412 0.634273 0.908551
0 0.472442 0.687414 0.253658 0.625173
3 0.551864 0.714041 0.302334 0.571918
0 0.592802 0.414637 0.336298 0.809713
3 0.55539 0.698722 0.431232 0.459274
3 0.806838 0.752611 0.379249 0.494777
3 0.676359 0.492582 0.275345 0.960014
0 0.678031 0.594894 0.110253 0.220345
3 0.947984 0.797968 0.104033 0.404064
0 0.492979 0.541907 0.301745 0.677499
3 0.620329 0.776344 0.312218 0.447313
0 0.563647 0.291723 0.437654 0.575102
3 0.810015 0.476678 0.37997 0.952787
0 0.431656 0.0287463 0.833925 0.0574927
3 0.882712 0.461308 0.234576 0.905427
3 0.20081 0.764982 0.370582 0.470036
3 0.205782 0.439308 0.402095 0.866616
3 0.592802 0.414637 0.336298 0.809713
3 0.599317 0.361378 0.502849 0.722757
0 0.448154 0.70223 0.353302 0.496978
0 0.0436952 0.679505 0.0873905 0.556095
0 0.197039 0.133963 0.394078 0.267926
0 0.946747 0.741332 0.106507 0.517337
3 0.872096 0.719009 0.255808 0.561982
0 0.601951 0.682209 0.207751 0.435062
3 0.231688 0.778868 0.334799 0.442264
3 0.854016 0.388637 0.291968 0.774473
3 0.711332 0.776584 0.264563 0.446833
3 0.935997 0.524739 0.128006 0.874426
4 0.551864 0.714041 0.302334 0.571918
3 0.934408 0.726951 0.131184 0.533508
3 0.390322 0.282808 0.714527 0.565617
0 0.563551 0.049211 0.872898 0.0984221
3 0.176837 0.784874 0.340299 0.430253
3 0.491394 0.701974 0.273231 0.557806
3 0.702518 0.377796 0.518686 0.755593
3 0.254626 0.733945 0.50354 0.523977
3 0.951573 0.777762 0.0968533 0.444476
3 0.500815 0.274144 0.552437 0.548287
3 0.555551 0.444711 0.442785 0.888798
4 0.472442 0.687414 0.253658 0.625173
4 0.448474 0.762865 0.263168 0.474269
3 0.781974 0.514154 0.243216 0.111805
3 0.472442 0.687414 0.253658 0.625173
3 0.754119 0.201691 0.491762 0.403381
3 0.197039 0.133963 0.394078 0.267926
4 0.475631 0.441882 0.548704 0.883764
3 0.609106 0.0415767 0.781788 0.0831533
3 0.711309 0.0809913 0.577382 0.161983
4 0.620329 0.776344 0.312218 0.447313
3 0.767075 0.0948372 0.46585 0.189674
3 0.513707 0.653079 0.285184 0.693842
0 0.0373999 0.576132 0.0747999 0.497888
3 0.590598 0.301199 0.39003 0.59472
3 0.365861 0.831244 0.237545 0.337511
3 0.5986 0.175319 0.731778 0.350639
3 0.191778 0.519765 0.378295 0.600708
3 0.028475 0.280997 0.0569499 0.561994
4 0.17961 0.612739 0.346957 0.302868
3 0.366793 0.725987 0.406153 0.540092
0 0.811208 0.743898 0.377585 0.512204
2 0.448474 0.762865 0.263168 0.474269
3 0.448474 0.762865 0.263168 0.474269
4 0.947984 0.797968 0.104033 0.404064
0 0.671343 0.496295 0.115243 0.254843
3 0.114941 0.822357 0.229314 0.355287
4 0.570427 0.735241 0.360635 0.529517
0 0.324292 0.444447 0.646506 0.888893
0 0.322034 0.0461937 0.64105 0.0923875
4 0.706176 0.454416 0.0561131 0.16506
3 0.159729 0.207544 0.316451 0.393707
3 0.944231 0.321638 0.111538 0.615935
4 0.951573 0.777762 0.0968533 0.444476
1 0.522286 0.67767 0.346975 0.458528
3 0.277129 0.0811737 0.554257 0.162347
0 0.516882 0.236469 0.546563 0.472937
3 0.644811 0.547937 0.178465 0.178756
0 0.277129 0.0811737 0.554257 0.162347
3 0.307313 0.237781 0.598725 0.475562
3 0.322034 0.0461937 0.64105 0.0923875
3 0.0237823 0.759133 0.0475646 0.481735
3 0.900488 0.152391 0.199024 0.304781
3 0.431656 0.0287463 0.833925 0.0574927
4 0.711332 0.776584 0.264563 0.446833
3 0.0373999 0.576132 0.0747999 0.497888
3 0.933068 0.627126 0.133864 0.418438
4 0.872096 0.719009 0.255808 0.561982
4 0.563647 0.291723 0.437654 0.575102
3 0.0314205 0.415416 0.062841 0.795249
4 0.592802 0.414637 0.336298 0.809713
4 0.254626 0.733945 0.50354 0.523977
3 0.704017 0.509486 0.0579909 0.0584694
4 0.704017 0.509486 0.0579909 0.0584694
3 0.0640715 0.253781 0.128143 0.507563
4 0.934408 0.726951 0.131184 0.533508
0 0.830619 0.0866943 0.338763 0.173389
4 0.513707 0.653079 0.285184 0.693842
4 0.365861 0.831244 0.237545 0.337511
1 0.645041 0.689297 0.61122 0.455604
3 0.198624 0.232671 0.392465 0.462535
3 0.0289175 0.815281 0.0578351 0.369439
3 0.645041 0.689297 0.61122 0.455604
0 0.353926 0.52348 0.0494621 0.292519
3 0.671343 0.496295 0.115243 0.254843
3 0.830619 0.0866943 0.338763 0.173389
0 0.711309 0.0809913 0.577382 0.161983
0 0.432388 0.313504 0.678319 0.627008
4 0.151194 0.733663 0.302388 0.526483
3 0.736831 0.481216 0.130957 0.203867
3 0.25305 0.109946 0.506099 0.219891
4 0.400541 0.0288406 0.774214 0.0576813
0 0.109949 0.82234 0.218655 0.341868
0 0.365861 0.831244 0.237545 0.337511
4 0.366793 0.725987 0.406153 0.540092
3 0.0436952 0.679505 0.0873905 0.556095
0 0.191778 0.519765 0.378295 0.600708
3 0.141603 0.797319 0.280202 0.397612
0 0.53372 0.456385 0.359174 0.857765
4 0.361599 0.691215 0.532732 0.473666
0 0.767075 0.0948372 0.46585 0.189674
4 0.522286 0.67767 0.346975 0.458528
4 0.817326 0.507075 0.365348 0.98585
0 0.947984 0.797968 0.104033 0.404064
4 0.1852 0.395988 0.363356 0.78037
4 0.50998 0.502123 0.316308 0.751604
4 0.231688 0.778868 0.334799 0.442264
4 0.627926 0.0547789 0.744148 0.109558
1 0.704017 0.509486 0.0579909 0.0584694
4 0.176837 0.784874 0.340299 0.430253
0 0.0329435 0.448952 0.065887 0.760605
4 0.432388 0.313504 0.678319 0.627008
3 0.706176 0.454416 0.0561131 0.16506
0 0.944231 0.321638 0.111538 0.615935
0 0.0697114 0.831646 0.13924 0.328044
3 0.766841 0.759541 0.329972 0.471118
2 0.365861 0.831244 0.237545 0.337511
0 0.25305 0.109946 0.506099 0.219891
4 0.579309 0.0390376 0.841383 0.0780752
4 0.191778 0.519765 0.378295 0.600708
3 0.184192 0.654276 0.367406 0.39539
0 0.146345 0.803525 0.290432 0.375162
0 0.817326 0.507075 0.365348 0.98585
0 0.900488 0.152391 0.199024 0.304781
4 0.35731 0.442581 0.58366 0.885163
0 0.0812826 0.818793 0.162565 0.362413
3 0.128157 0.191064 0.256313 0.382127
0 0.937661 0.587538 0.124678 0.75316
3 0.509351 0.653032 0.275225 0.428266
2 0.472442 0.687414 0.253658 0.625173
1 0.809863 0.754375 0.380273 0.479268
4 0.516882 0.236469 0.546563 0.472937
4 0.146345 0.803525 0.290432 0.375162
3 0.345031 0.676337 0.107143 0.430755
4 0.0289175 0.815281 0.0578351 0.369439
4 0.645041 0.689297 0.61122 0.455604
3 0.120441 0.428186 0.240883 0.816776
4 0.559235 0.470635 0.426206 0.937337
4 0.0436952 0.679505 0.0873905 0.556095
4 0.239247 0.465023 0.478493 0.92738
4 0.372664 0.216414 0.713498 0.432828
0 0.372664 0.216414 0.713498 0.432828
3 0.0928547 0.215436 0.185709 0.406506
0 0.0289175 0.815281 0.0578351 0.369439
4 0.197039 0.133963 0.394078 0.267926
3 0.353926 0.52348 0.0494621 0.292519
3 0.361599 0.691215 0.532732 0.473666
4 0.781974 0.514154 0.243216 0.111805
0 0.736831 0.481216 0.130957 0.203867
0 0.475631 0.441882 0.548704 0.883764
3 0.0812826 0.818793 0.162565 0.362413
3 0.226975 0.195824 0.45395 0.391648
4 0.0697114 0.831646 0.13924 0.328044
4 0.0255995 0.7317 0.0511989 0.536599
4 0.830619 0.0866943 0.338763 0.173389
4 0.20081 0.764982 0.370582 0.470036
4 0.900488 0.152391 0.199024 0.304781
0 0.676359 0.492582 0.275345 0.960014
4 0.226975 0.195824 0.45395 0.391648
0 0.0640715 0.253781 0.128143 0.507563
4 0.937661 0.587538 0.124678 0.75316
0 0.0255995 0.7317 0.0511989 0.536599
1 0.172535 0.62606 0.340993 0.346824
0 0.5986 0.175319 0.731778 0.350639
2 0.366793 0.725987 0.406153 0.540092
0 0.513707 0.653079 0.285184 0.693842
2 0.808919 0.768871 0.382161 0.450964
0 0.028475 0.280997 0.0569499 0.561994
0 0.23555 0.431063 0.46039 0.862125
4 0.5986 0.175319 0.731778 0.350639
4 0.325306 0.262087 0.632596 0.524175
4 0.671343 0.496295 0.115243 0.254843
4 0.0233208 0.79569 0.0466416 0.408619
0 0.599317 0.361378 0.502849 0.722757
4 0.0891931 0.797816 0.177764 0.394284
4 0.676359 0.492582 0.275345 0.960014
0 0.0233208 0.79569 0.0466416 0.408619
0 0.188071 0.773552 0.355351 0.452896
4 0.0812826 0.818793 0.162565 0.362413
0 0.170514 0.421662 0.339443 0.737103
0 0.872096 0.719009 0.255808 0.561982
4 0.277129 0.0811737 0.554257 0.162347
4 0.767075 0.0948372 0.46585 0.189674
3 0.355541 0.19909 0.711083 0.398179
4 0.322034 0.0461937 0.64105 0.0923875
2 0.190593 0.73264 0.375317 0.53472
4 0.935754 0.443516 0.128492 0.829906
4 0.711309 0.0809913 0.577382 0.161983
4 0.933068 0.627126 0.133864 0.418438
4 0.0314205 0.415416 0.062841 0.795249
0 0.854016 0.388637 0.291968 0.774473
4 0.0640715 0.253781 0.128143 0.507563
4 0.25305 0.109946 0.506099 0.219891
0 0.933068 0.627126 0.133864 0.418438
4 0.028475 0.280997 0.0569499 0.561994
4 0.0928547 0.215436 0.185709 0.406506
0 0.754119 0.201691 0.491762 0.403381
4 0.128157 0.191064 0.256313 0.382127
4 0.599317 0.361378 0.502849 0.722757
4 0.134203 0.45725 0.268405 0.834268
3 0.0697114 0.831646 0.13924 0.328044
0 0.935754 0.443516 0.128492 0.829906
4 0.944231 0.321638 0.111538 0.615935
3 0.0891931 0.797816 0.177764 0.394284
0 0.366793 0.725987 0.406153 0.540092
1 0.186344 0.726195 0.369879 0.53207
4 0.754119 0.201691 0.491762 0.403381
4 0.114941 0.822357 0.229314 0.355287
2 0.185305 0.617881 0.361507 0.304064
3 0.50998 0.502123 0.316308 0.751604
4 0.736831 0.481216 0.130957 0.203867
2 0.821747 0.52319 0.356506 0.95362
4 0.882712 0.461308 0.234576 0.905427
4 0.0373999 0.576132 0.0747999 0.497888
4 0.601951 0.682209 0.207751 0.435062
1 0.678031 0.594894 0.110253 0.220345
4 0.345031 0.676337 0.107143 0.430755
2 0.933068 0.627126 0.133864 0.418438
4 0.198624 0.232671 0.392465 0.462535
1 0.361599 0.691215 0.532732 0.473666
4 0.159729 0.207544 0.316451 0.393707
0 0.711332 0.776584 0.264563 0.446833
1 0.345031 0.676337 0.107143 0.430755
4 0.854016 0.388637 0.291968 0.774473
3 0.151194 0.733663 0.302388 0.526483
1 0.601951 0.682209 0.207751 0.435062
0 0.620329 0.776344 0.312218 0.447313
0 0.325306 0.262087 0.632596 0.524175
4 0.353926 0.52348 0.0494621 0.292519
2 0.944231 0.321638 0.111538 0.615935
1 0.706176 0.454416 0.0561131 0.16506
4 0.644811 0.547937 0.178465 0.178756
0 0.226975 0.195824 0.45395 0.391648
3 0.601951 0.682209 0.207751 0.435062
2 0.48288 0.709509 0.248355 0.545092
2 0.935754 0.443516 0.128492 0.829906
1 0.671343 0.496295 0.115243 0.254843
1 0.141603 0.797319 0.280202 0.397612
2 0.534839 0.443474 0.48576 0.886948
0 0.551864 0.714041 0.302334 0.571918
2 0.854016 0.388637 0.291968 0.774473
2 0.704017 0.509486 0.0579909 0.0584694
2 0.781974 0.514154 0.243216 0.111805
4 0.702518 0.377796 0.518686 0.755593
1 0.592802 0.414637 0.336298 0.809713
2 0.231688 0.778868 0.334799 0.442264
0 0.159729 0.207544 0.316451 0.393707
1 0.353926 0.52348 0.0494621 0.292519
2 0.948285 0.767019 0.10343 0.465961
2 0.645905 0.208011 0.696145 0.416022
2 0.114941 0.822357 0.229314 0.355287
2 0.146345 0.803525 0.290432 0.375162
2 0.0812826 0.818793 0.162565 0.362413
2 0.610891 0.405938 0.405847 0.811876
1 0.0697114 0.831646 0.13924 0.328044
1 0.951573 0.777762 0.0968533 0.444476
2 0.947984 0.797968 0.104033 0.404064
1 0.475631 0.441882 0.548704 0.883764
2 0.713448 0.477327 0.492385 0.954654
2 0.754119 0.201691 0.491762 0.403381
0 0.702518 0.377796 0.518686 0.755593
2 0.706176 0.454416 0.0561131 0.16506
0 0.49609 0.654728 0.255816 0.446595
1 0.496072 0.653148 0.257111 0.454688
0 0.808875 0.768894 0.382251 0.450985
0 0.167651 0.614522 0.334151 0.306001
0 0.193916 0.731688 0.377081 0.536624
0 0.175881 0.660498 0.348232 0.420771
0 0.704047 0.509493 0.0579735 0.0584597
0 0.349927 0.693478 0.557627 0.492471
0 0.345288 0.675805 0.106266 0.42959
0 0.522419 0.677675 0.347234 0.458444
0 0.781766 0.514092 0.24262 0.111578
0 0.644815 0.547778 0.178418 0.178368
0 0.645939 0.689347 0.612987 0.455568
0 0.706206 0.454458 0.0561116 0.164951
4 0.495604 0.661719 0.25892 0.429751
3 0.811353 0.70392 0.377295 0.569785
2 0.50116 0.670513 0.263919 0.419089
4 0.80866 0.757144 0.38268 0.477888
0 0.448318 0.762899 0.263336 0.474203
3 0.32358 0.45535 0.633835 0.908406
3 0.552017 0.714406 0.302291 0.571189
0 0.472353 0.687625 0.253679 0.624751
3 0.556693 0.698784 0.433817 0.459316
0 0.592771 0.414427 0.336327 0.809221
3 0.806822 0.752809 0.379341 0.494382
3 0.676033 0.492526 0.275385 0.959882
3 0.948002 0.79764 0.103997 0.404719
0 0.678093 0.595013 0.110193 0.22048
3 0.620626 0.776548 0.312077 0.446904
3 0.81011 0.476486 0.37978 0.952284
0 0.563797 0.289903 0.437189 0.571349
0 0.493077 0.540951 0.301905 0.679399
3 0.882676 0.461156 0.234648 0.90495
3 0.200779 0.765121 0.370529 0.469759
3 0.205919 0.438908 0.402355 0.86586
0 0.431437 0.0288512 0.833435 0.0577023
3 0.592771 0.414427 0.336327 0.809221
3 0.600289 0.36059 0.49897 0.721181
3 0.872251 0.719173 0.255497 0.561655
0 0.448258 0.702157 0.353053 0.496785
0 0.0442939 0.679886 0.0885877 0.556387
0 0.196319 0.134436 0.392637 0.268872
3 0.23176 0.778715 0.334469 0.442569
3 0.854328 0.388597 0.291344 0.774445
0 0.946766 0.741398 0.106469 0.517204
3 0.711649 0.776501 0.265028 0.446998
0 0.601148 0.68219 0.209298 0.435069
3 0.936024 0.524832 0.127953 0.874108
4 0.552017 0.714406 0.302291 0.571189
3 0.934437 0.727068 0.131126 0.533601
3 0.176764 0.784713 0.340186 0.430574
3 0.391294 0.280911 0.713263 0.561821
3 0.70369 0.377754 0.514769 0.755508
3 0.491306 0.702042 0.273411 0.557749
3 0.25455 0.733936 0.503368 0.524031
3 0.951583 0.777754 0.0968341 0.444492
0 0.563699 0.0498981 0.872602 0.0997963
3 0.555298 0.44474 0.443263 0.88876
3 0.5017 0.27325 0.550521 0.546501
4 0.472353 0.687625 0.253679 0.624751
4 0.448318 0.762899 0.263336 0.474203
3 0.781766 0.514092 0.24262 0.111578
3 0.754694 0.201366 0.490613 0.402731
3 0.472353 0.687625 0.253679 0.624751
3 0.196319 0.134436 0.392637 0.268872
4 0.476668 0.441863 0.549471 0.883726
3 0.609878 0.042045 0.780244 0.0840899
3 0.711983 0.0813076 0.576034 0.162615
4 0.620626 0.776548 0.312077 0.446904
3 0.513705 0.653476 0.285182 0.693048
3 0.767571 0.0950601 0.464858 0.19012
3 0.590867 0.299888 0.389139 0.592075
3 0.599675 0.175752 0.727083 0.351505
3 0.365677 0.830756 0.237455 0.338487
3 0.191714 0.521286 0.378058 0.596711
3 0.028594 0.280818 0.0571881 0.561636
0 0.0377408 0.57639 0.0754816 0.49754
4 0.179602 0.612689 0.346975 0.302873
3 0.366663 0.726025 0.406044 0.540111
3 0.448318 0.762899 0.263336 0.474203
2 0.448318 0.762899 0.263336 0.474203
4 0.948002 0.79764 0.103997 0.404719
4 0.570537 0.735259 0.360738 0.529482
3 0.115102 0.822174 0.229609 0.355653
0 0.811187 0.744129 0.377627 0.511741
3 0.159813 0.207363 0.316627 0.392872
4 0.706206 0.454458 0.0561116 0.164951
3 0.94451 0.321434 0.11098 0.615062
0 0.671368 0.496148 0.115128 0.254305
1 0.522419 0.677675 0.347234 0.458444
4 0.951583 0.777754 0.0968341 0.444492
0 0.324584 0.444427 0.646479 0.888853
0 0.321781 0.0466623 0.640662 0.0933247
3 0.276599 0.0818099 0.553199 0.16362
3 0.644815 0.547778 0.178418 0.178368
3 0.307252 0.237487 0.598492 0.474974
3 0.321781 0.0466623 0.640662 0.0933247
3 0.900976 0.152165 0.198047 0.304331
3 0.0240012 0.759093 0.0480025 0.481813
3 0.431437 0.0288512 0.833435 0.0577023
3 0.170473 0.424293 0.339357 0.731266
0 0.518046 0.236581 0.543933 0.473162
4 0.711649 0.776501 0.265028 0.446998
3 0.0377408 0.57639 0.0754816 0.49754
0 0.276599 0.0818099 0.553199 0.16362
3 0.933108 0.626704 0.133784 0.417562
4 0.872251 0.719173 0.255497 0.561655
4 0.563797 0.289903 0.437189 0.571349
3 0.0315804 0.415619 0.0631607 0.794974
4 0.592771 0.414427 0.336327 0.809221
4 0.25455 0.733936 0.503368 0.524031
3 0.704047 0.509493 0.0579735 0.0584597
4 0.704047 0.509493 0.0579735 0.0584597
3 0.0630498 0.252295 0.1261 0.50459
4 0.934437 0.727068 0.131126 0.533601
4 0.513705 0.653476 0.285182 0.693048
4 0.365677 0.830756 0.237455 0.338487
3 0.198524 0.232955 0.392335 0.462603
1 0.645939 0.689347 0.612987 0.455568
3 0.029008 0.815204 0.0580161 0.369592
0 0.831411 0.0867676 0.337177 0.173535
3 0.645939 0.689347 0.612987 0.455568
3 0.671368 0.496148 0.115128 0.254305
3 0.831411 0.0867676 0.337177 0.173535
4 0.151455 0.733631 0.302911 0.526539
3 0.736812 0.481088 0.130764 0.2034
0 0.353977 0.523758 0.0493684 0.293028
3 0.252301 0.110637 0.504602 0.221274
4 0.400556 0.0289729 0.77388 0.0579458
0 0.433844 0.310681 0.675301 0.621362
4 0.366663 0.726025 0.406044 0.540111
3 0.0442939 0.679886 0.0885877 0.556387
0 0.711983 0.0813076 0.576034 0.162615
3 0.141849 0.797136 0.280686 0.398044
4 0.361675 0.691264 0.53254 0.473687
4 0.522419 0.677675 0.347234 0.458444
4 0.817334 0.508366 0.365333 0.983269
0 0.365677 0.830756 0.237455 0.338487
0 0.11013 0.822142 0.219005 0.342321
4 0.185091 0.39616 0.363117 0.779631
4 0.510117 0.50428 0.3166 0.747201
0 0.533499 0.456722 0.358832 0.856803
0 0.191714 0.521286 0.378058 0.596711
4 0.23176 0.778715 0.334469 0.442569
0 0.767571 0.0950601 0.464858 0.19012
0 0.948002 0.79764 0.103997 0.404719
1 0.704047 0.509493 0.0579735 0.0584597
4 0.628903 0.055209 0.742194 0.110418
4 0.176764 0.784713 0.340186 0.430574
3 0.706206 0.454458 0.0561116 0.164951
4 0.433844 0.310681 0.675301 0.621362
2 0.365677 0.830756 0.237455 0.338487
3 0.767593 0.759542 0.331224 0.4711
3 0.184155 0.654058 0.367424 0.39482
4 0.191714 0.521286 0.378058 0.596711
4 0.579883 0.0395915 0.840234 0.079183
0 0.0330702 0.449394 0.0661403 0.759687
0 0.94451 0.321434 0.11098 0.615062
0 0.0698585 0.831508 0.139522 0.328334
0 0.252301 0.110637 0.504602 0.221274
4 0.358428 0.442563 0.582328 0.885127
0 0.900976 0.152165 0.198047 0.304331
0 0.14674 0.803611 0.29121 0.375043
0 0.817334 0.508366 0.365333 0.983269
3 0.127333 0.190631 0.254665 0.381263
3 0.50941 0.653037 0.275308 0.428196
2 0.472353 0.687625 0.253679 0.624751
1 0.809826 0.754394 0.380348 0.479234
0 0.0814521 0.818549 0.162904 0.362902
4 0.518046 0.236581 0.543933 0.473162
4 0.14674 0.803611 0.29121 0.375043
3 0.345288 0.675805 0.106266 0.42959
4 0.029008 0.815204 0.0580161 0.369592
4 0.645939 0.689347 0.612987 0.455568
0 0.9377 0.587741 0.124601 0.752654
3 0.120751 0.428052 0.241502 0.816691
4 0.373041 0.216168 0.713113 0.432336
4 0.559125 0.4707 0.426339 0.93735
4 0.0442939 0.679886 0.0885877 0.556387
4 0.23934 0.464757 0.478681 0.926938
3 0.353977 0.523758 0.0493684 0.293028
3 0.0930311 0.21493 0.186062 0.405337
4 0.196319 0.134436 0.392637 0.268872
3 0.361675 0.691264 0.53254 0.473687
4 0.781766 0.514092 0.24262 0.111578
3 0.226385 0.195365 0.45277 0.39073
3 0.0814521 0.818549 0.162904 0.362902
4 0.0698585 0.831508 0.139522 0.328334
0 0.373041 0.216168 0.713113 0.432336
4 0.0258205 0.731741 0.0516411 0.536517
4 0.831411 0.0867676 0.337177 0.173535
4 0.900976 0.152165 0.198047 0.304331
4 0.226385 0.195365 0.45277 0.39073
4 0.200779 0.765121 0.370529 0.469759
0 0.736812 0.481088 0.130764 0.2034
0 0.029008 0.815204 0.0580161 0.369592
4 0.9377 0.587741 0.124601 0.752654
0 0.476668 0.441863 0.549471 0.883726
1 0.172495 0.626054 0.340912 0.346806
2 0.366663 0.726025 0.406044 0.540111
0 0.676033 0.492526 0.275385 0.959882
2 0.808875 0.768894 0.382251 0.450985
0 0.0630498 0.252295 0.1261 0.50459
4 0.325566 0.260453 0.632559 0.520906
4 0.599675 0.175752 0.727083 0.351505
4 0.671368 0.496148 0.115128 0.254305
4 0.0234935 0.795675 0.046987 0.40865
4 0.089607 0.797837 0.178582 0.394259
0 0.0258205 0.731741 0.0516411 0.536517
4 0.676033 0.492526 0.275385 0.959882
0 0.599675 0.175752 0.727083 0.351505
4 0.0814521 0.818549 0.162904 0.362902
0 0.513705 0.653476 0.285182 0.693048
4 0.767571 0.0950601 0.464858 0.19012
3 0.354602 0.199107 0.709204 0.398215
0 0.235739 0.430128 0.460696 0.860257
0 0.028594 0.280818 0.0571881 0.561636
4 0.276599 0.0818099 0.553199 0.16362
0 0.600289 0.36059 0.49897 0.721181
4 0.321781 0.0466623 0.640662 0.0933247
4 0.935825 0.443465 0.128349 0.82943
2 0.190542 0.732621 0.375267 0.534758
0 0.187978 0.773514 0.355177 0.452972
0 0.0234935 0.795675 0.046987 0.40865
0 0.170473 0.424293 0.339357 0.731266
0 0.872251 0.719173 0.255497 0.561655
4 0.711983 0.0813076 0.576034 0.162615
4 0.0315804 0.415619 0.0631607 0.794974
4 0.933108 0.626704 0.133784 0.417562
4 0.0630498 0.252295 0.1261 0.50459
4 0.252301 0.110637 0.504602 0.221274
4 0.0930311 0.21493 0.186062 0.405337
4 0.028594 0.280818 0.0571881 0.561636
4 0.127333 0.190631 0.254665 0.381263
4 0.134219 0.457187 0.268438 0.834266
4 0.600289 0.36059 0.49897 0.721181
3 0.0698585 0.831508 0.139522 0.328334
0 0.854328 0.388597 0.291344 0.774445
0 0.933108 0.626704 0.133784 0.417562
4 0.94451 0.321434 0.11098 0.615062
3 0.089607 0.797837 0.178582 0.394259
0 0.754694 0.201366 0.490613 0.402731
0 0.935825 0.443465 0.128349 0.82943
4 0.754694 0.201366 0.490613 0.402731
1 0.186271 0.726197 0.369724 0.532114
4 0.115102 0.822174 0.229609 0.355653
3 0.510117 0.50428 0.3166 0.747201
2 0.185323 0.61781 0.361512 0.30408
4 0.736812 0.481088 0.130764 0.2034
2 0.821788 0.523442 0.356425 0.953117
0 0.366663 0.726025 0.406044 0.540111
4 0.882676 0.461156 0.234648 0.90495
4 0.601148 0.68219 0.209298 0.435069
4 0.0377408 0.57639 0.0754816 0.49754
1 0.678093 0.595013 0.110193 0.22048
4 0.345288 0.675805 0.106266 0.42959
4 0.198524 0.232955 0.392335 0.462603
2 0.933108 0.626704 0.133784 0.417562
4 0.159813 0.207363 0.316627 0.392872
1 0.361675 0.691264 0.53254 0.473687
1 0.345288 0.675805 0.106266 0.42959
0 0.711649 0.776501 0.265028 0.446998
4 0.854328 0.388597 0.291344 0.774445
1 0.601148 0.68219 0.209298 0.435069
4 0.353977 0.523758 0.0493684 0.293028
2 0.94451 0.321434 0.11098 0.615062
0 0.325566 0.260453 0.632559 0.520906
0 0.620626 0.776548 0.312077 0.446904
1 0.706206 0.454458 0.0561116 0.164951
4 0.644815 0.547778 0.178418 0.178368
3 0.601148 0.68219 0.209298 0.435069
2 0.482832 0.709575 0.248576 0.545102
0 0.226385 0.195365 0.45277 0.39073
2 0.935825 0.443465 0.128349 0.82943
1 0.671368 0.496148 0.115128 0.254305
1 0.141849 0.797136 0.280686 0.398044
2 0.854328 0.388597 0.291344 0.774445
2 0.534434 0.44346 0.486551 0.88692
2 0.704047 0.509493 0.0579735 0.0584597
2 0.781766 0.514092 0.24262 0.111578
4 0.70369 0.377754 0.514769 0.755508
0 0.552017 0.714406 0.302291 0.571189
1 0.592771 0.414427 0.336327 0.809221
1 0.353977 0.523758 0.0493684 0.293028
2 0.23176 0.778715 0.334469 0.442569
2 0.647462 0.209269 0.692436 0.418538
2 0.948326 0.767024 0.103348 0.465952
0 0.159813 0.207363 0.316627 0.392872
2 0.115102 0.822174 0.229609 0.355653
2 0.14674 0.803611 0.29121 0.375043
2 0.0814521 0.818549 0.162904 0.362902
2 0.611184 0.405216 0.404817 0.810433
1 0.0698585 0.831508 0.139522 0.328334
1 0.951583 0.777754 0.0968341 0.444492
2 0.948002 0.79764 0.103997 0.404719
2 0.71386 0.477191 0.490522 0.954381
1 0.476668 0.441863 0.549471 0.883726
2 0.754694 0.201366 0.490613 0.402731
2 0.706206 0.454458 0.0561116 0.164951
4 0.678093 0.595013 0.110193 0.22048
