0 0.587901 0.614327 0.143708 0.202527
1 0.591736 0.616495 0.14971 0.203765
0 0.569443 0.625494 0.203795 0.223525
0 0.836071 0.773218 0.327858 0.441443
0 0.599572 0.619996 0.161774 0.277127
0 0.256183 0.74404 0.503494 0.503621
0 0.463472 0.743145 0.458807 0.51371
0 0.655262 0.738812 0.270152 0.455425
4 0.591736 0.616495 0.14971 0.203765
0 0.596129 0.718027 0.156154 0.410597
0 0.637592 0.670013 0.223046 0.310643
0 0.507553 0.715107 0.186916 0.436472
0 0.462265 0.53011 0.0743824 0.103915
0 0.365073 0.738481 0.636208 0.520799
0 0.637545 0.557128 0.0786478 0.0952491
0 0.43091 0.783052 0.551229 0.415327
0 0.581093 0.0306 0.837814 0.0611999
4 0.639528 0.763803 0.389091 0.452636
3 0.476782 0.365391 0.475375 0.730782
3 0.600642 0.474751 0.182155 0.480315
0 0.599771 0.426343 0.164604 0.588858
2 0.590021 0.615108 0.142443 0.203635
3 0.93202 0.58755 0.135959 0.759666
0 0.648951 0.0471736 0.702098 0.0943472
4 0.256183 0.74404 0.503494 0.503621
0 0.162058 0.741862 0.323002 0.509392
4 0.473296 0.756179 0.578623 0.476345
3 0.283695 0.773939 0.447075 0.452122
3 0.879585 0.445779 0.24083 0.875626
0 0.557001 0.603717 0.268788 0.262645
0 0.423906 0.0316677 0.847811 0.0633353
3 0.279163 0.5 0.444282 1
3 0.742388 0.505793 0.515224 0.988415
3 0.219251 0.741864 0.435394 0.516272
3 0.180585 0.780634 0.3286 0.438732
3 0.355183 0.496555 0.298351 0.99311
0 0.765006 0.744224 0.469987 0.485121
3 0.639528 0.763803 0.389091 0.452636
0 0.61554 0.768205 0.3979 0.452461
4 0.838683 0.774019 0.322634 0.431992
3 0.604046 0.349683 0.51288 0.699367
0 0.686195 0.0720005 0.627611 0.144001
3 0.156431 0.478327 0.311894 0.933808
3 0.459162 0.396058 0.09979 0.731837
3 0.614234 0.757568 0.436471 0.484865
3 0.507553 0.715107 0.186916 0.436472
3 0.836181 0.74264 0.327637 0.492104
3 0.146917 0.308762 0.287243 0.617524
3 0.767722 0.76647 0.457483 0.46706
0 0.0644227 0.790919 0.128546 0.408997
3 0.9342 0.77674 0.131601 0.446519
0 0.83946 0.607161 0.32108 0.776837
0 0.935409 0.758503 0.129183 0.482994
3 0.832925 0.62819 0.334149 0.732645
2 0.569443 0.625494 0.203795 0.223525
3 0.842599 0.344024 0.314801 0.688048
0 0.778335 0.0875173 0.443329 0.175035
3 0.11131 0.793213 0.219338 0.413575
3 0.838367 0.769301 0.323266 0.461397
3 0.761662 0.275871 0.476675 0.551742
3 0.939685 0.377785 0.12063 0.754355
3 0.324027 0.732519 0.364577 0.534962
3 0.23892 0.295888 0.401555 0.591775
3 0.423906 0.0316677 0.847811 0.0633353
3 0.599572 0.619996 0.161774 0.277127
3 0.241221 0.254537 0.482443 0.509073
3 0.485609 0.768125 0.414194 0.46375
3 0.417713 0.777007 0.409864 0.445986
3 0.343175 0.373761 0.292622 0.736507
3 0.683293 0.411587 0.569379 0.823174
3 0.722996 0.0877599 0.554008 0.17552
0 0.111492 0.755175 0.222984 0.478011
3 0.346656 0.262334 0.693311 0.524669
4 0.599572 0.619996 0.161774 0.277127
3 0.709289 0.716946 0.363002 0.391614
3 0.359617 0.252744 0.292954 0.491104
3 0.370606 0.0580668 0.741212 0.116134
3 0.920195 0.74943 0.159611 0.49746
3 0.93004 0.648972 0.13992 0.541319
3 0.224272 0.507064 0.444666 0.985872
4 0.767722 0.76647 0.457483 0.46706
3 0.613602 0.0369324 0.772795 0.0738648
0 0.604383 0.27322 0.784962 0.546439
3 0.424636 0.5 0.386777 1
0 0.337387 0.785897 0.530899 0.413887
0 0.109814 0.131347 0.219629 0.262695
4 0.365073 0.738481 0.636208 0.520799
3 0.0249012 0.637282 0.0498025 0.714758
3 0.688341 0.289657 0.623318 0.579314
4 0.600235 0.0305977 0.799531 0.0611953
3 0.0271267 0.308277 0.0542534 0.616555
3 0.43091 0.783052 0.551229 0.415327
3 0.8322 0.224491 0.3356 0.448981
0 0.0227179 0.686245 0.0454357 0.621901
3 0.524927 0.399848 0.356754 0.799696
4 0.9342 0.77674 0.131601 0.446519
3 0.0260667 0.41945 0.0521333 0.838901
4 0.651884 0.748669 0.26834 0.468103
0 0.545955 0.348529 0.516953 0.697058
3 0.33045 0.0880376 0.660899 0.176075
4 0.599771 0.426343 0.164604 0.588858
1 0.599771 0.426343 0.164604 0.588858
3 0.109814 0.131347 0.219629 0.262695
0 0.0244313 0.539815 0.0488626 0.857768
3 0.462265 0.53011 0.0743824 0.103915
2 0.485136 0.771685 0.595243 0.441651
3 0.752755 0.684026 0.474717 0.631949
3 0.0232045 0.770859 0.046409 0.458283
3 0.66631 0.057975 0.667379 0.11595
3 0.0273063 0.791144 0.0546125 0.417713
0 0.9342 0.77674 0.131601 0.446519
0 0.370606 0.0580668 0.741212 0.116134
3 0.127925 0.770434 0.249425 0.449781
4 0.648951 0.0471736 0.702098 0.0943472
0 0.0238337 0.794033 0.0476673 0.411934
4 0.545955 0.348529 0.516953 0.697058
4 0.599659 0.74835 0.40882 0.503301
3 0.0393796 0.22576 0.0787593 0.45152
3 0.65895 0.481373 0.362465 0.962746
3 0.582211 0.266495 0.689815 0.532991
0 0.33045 0.0880376 0.660899 0.176075
3 0.436498 0.294497 0.390246 0.588994
0 0.709289 0.716946 0.363002 0.391614
4 0.920195 0.74943 0.159611 0.49746
4 0.393175 0.78456 0.555449 0.413487
0 0.0876711 0.782568 0.175342 0.434864
0 0.324027 0.732519 0.364577 0.534962
2 0.655262 0.738812 0.270152 0.455425
4 0.778335 0.0875173 0.443329 0.175035
4 0.237357 0.772356 0.420046 0.455289
0 0.459162 0.396058 0.09979 0.731837
3 0.480582 0.295177 0.702373 0.590353
3 0.324333 0.788724 0.463521 0.415926
4 0.180585 0.780634 0.3286 0.438732
4 0.423906 0.0316677 0.847811 0.0633353
4 0.174432 0.740982 0.347323 0.50399
3 0.637592 0.670013 0.223046 0.310643
4 0.111492 0.755175 0.222984 0.478011
4 0.667144 0.292911 0.662149 0.585822
3 0.580193 0.62116 0.183635 0.213989
4 0.369942 0.778042 0.417692 0.443916
4 0.0273063 0.791144 0.0546125 0.417713
3 0.529741 0.287263 0.525078 0.574526
0 0.93004 0.648972 0.13992 0.541319
0 0.790602 0.488605 0.418797 0.958408
4 0.485609 0.768125 0.414194 0.46375
0 0.623305 0.286283 0.573531 0.572565
3 0.107509 0.315901 0.215018 0.597943
4 0.343706 0.269272 0.687412 0.538544
4 0.686195 0.0720005 0.627611 0.144001
3 0.108019 0.512308 0.216037 0.975385
4 0.569443 0.625494 0.203795 0.223525
0 0.23891 0.130211 0.47782 0.260422
0 0.0273063 0.791144 0.0546125 0.417713
0 0.225766 0.543451 0.444119 0.913097
4 0.582211 0.266495 0.689815 0.532991
0 0.772547 0.292141 0.454906 0.581098
0 0.0393796 0.22576 0.0787593 0.45152
0 0.564686 0.753794 0.397919 0.492412
2 0.462265 0.53011 0.0743824 0.103915
3 0.538093 0.768327 0.50765 0.452901
3 0.23891 0.130211 0.47782 0.260422
3 0.365073 0.738481 0.636208 0.520799
4 0.741892 0.499962 0.516216 0.999924
4 0.465545 0.426556 0.44945 0.853113
0 0.024907 0.26938 0.049814 0.538761
0 0.8322 0.224491 0.3356 0.448981
4 0.436498 0.294497 0.390246 0.588994
0 0.93202 0.58755 0.135959 0.759666
2 0.463472 0.743145 0.458807 0.51371
4 0.480582 0.295177 0.702373 0.590353
0 0.688937 0.340877 0.619344 0.681754
0 0.916577 0.737951 0.166847 0.504649
4 0.8322 0.224491 0.3356 0.448981
4 0.725211 0.772101 0.545836 0.441711
0 0.935983 0.289897 0.128034 0.579793
0 0.130511 0.380667 0.259945 0.745389
4 0.93202 0.58755 0.135959 0.759666
4 0.0876711 0.782568 0.175342 0.434864
4 0.0238337 0.794033 0.0476673 0.411934
0 0.0260667 0.41945 0.0521333 0.838901
4 0.109814 0.131347 0.219629 0.262695
4 0.0393796 0.22576 0.0787593 0.45152
3 0.157351 0.131715 0.314701 0.263431
4 0.939685 0.377785 0.12063 0.754355
4 0.367583 0.5 0.300828 1
4 0.93004 0.648972 0.13992 0.541319
4 0.772547 0.292141 0.454906 0.581098
4 0.0249012 0.637282 0.0498025 0.714758
0 0.139391 0.290647 0.278782 0.581293
4 0.459162 0.396058 0.09979 0.731837
4 0.683293 0.411587 0.569379 0.823174
1 0.839144 0.76742 0.321713 0.450296
0 0.417713 0.777007 0.409864 0.445986
4 0.024907 0.26938 0.049814 0.538761
0 0.157351 0.131715 0.314701 0.263431
4 0.834265 0.511701 0.33147 0.976598
3 0.596972 0.36085 0.183416 0.721699
0 0.480582 0.295177 0.702373 0.590353
2 0.219251 0.741864 0.435394 0.516272
4 0.0253353 0.496064 0.0506705 0.941596
4 0.400457 0.244405 0.320227 0.477304
3 0.637541 0.717871 0.245729 0.485731
4 0.841087 0.690009 0.317827 0.619982
3 0.0644227 0.790919 0.128546 0.408997
1 0.43091 0.783052 0.551229 0.415327
4 0.156431 0.478327 0.311894 0.933808
0 0.434409 0.248848 0.374561 0.494061
2 0.365073 0.738481 0.636208 0.520799
3 0.0929841 0.780683 0.185401 0.431967
2 0.836071 0.773218 0.327858 0.441443
1 0.633207 0.768007 0.370622 0.450421
0 0.498407 0.276191 0.487761 0.552382
2 0.459162 0.396058 0.09979 0.731837
4 0.343175 0.373761 0.292622 0.736507
1 0.209631 0.756746 0.415808 0.476067
4 0.279163 0.5 0.444282 1
4 0.370606 0.0580668 0.741212 0.116134
4 0.879585 0.445779 0.24083 0.875626
0 0.359617 0.252744 0.292954 0.491104
2 0.146917 0.308762 0.287243 0.617524
4 0.0644227 0.790919 0.128546 0.408997
4 0.130511 0.380667 0.259945 0.745389
2 0.83946 0.607161 0.32108 0.776837
3 0.725211 0.772101 0.545836 0.441711
2 0.65895 0.481373 0.362465 0.962746
3 0.113681 0.708049 0.227362 0.583902
4 0.65895 0.481373 0.362465 0.962746
1 0.127925 0.770434 0.249425 0.449781
4 0.205992 0.5 0.408642 1
2 0.637592 0.670013 0.223046 0.310643
4 0.120235 0.51435 0.24047 0.9713
0 0.697282 0.5 0.605436 1
4 0.842599 0.344024 0.314801 0.688048
0 0.354754 0.292224 0.709508 0.584448
4 0.324027 0.732519 0.364577 0.534962
2 0.23892 0.295888 0.401555 0.591775
0 0.156431 0.478327 0.311894 0.933808
4 0.125935 0.276222 0.251871 0.552445
0 0.701283 0.763704 0.564284 0.472593
0 0.335635 0.775175 0.421185 0.449649
4 0.33045 0.0880376 0.660899 0.176075
4 0.23891 0.130211 0.47782 0.260422
1 0.725211 0.772101 0.545836 0.441711
2 0.772547 0.292141 0.454906 0.581098
1 0.538093 0.768327 0.50765 0.452901
4 0.241221 0.254537 0.482443 0.509073
2 0.507553 0.715107 0.186916 0.436472
4 0.507553 0.715107 0.186916 0.436472
0 0.241221 0.254537 0.482443 0.509073
4 0.23892 0.295888 0.401555 0.591775
2 0.0876711 0.782568 0.175342 0.434864
2 0.702132 0.278388 0.595736 0.556777
4 0.462265 0.53011 0.0743824 0.103915
2 0.9342 0.77674 0.131601 0.446519
1 0.688341 0.289657 0.623318 0.579314
2 0.765006 0.744224 0.469987 0.485121
4 0.157351 0.131715 0.314701 0.263431
2 0.935983 0.289897 0.128034 0.579793
1 0.709289 0.716946 0.363002 0.391614
1 0.0644227 0.790919 0.128546 0.408997
0 0.465545 0.426556 0.44945 0.853113
1 0.337387 0.785897 0.530899 0.413887
0 0.879585 0.445779 0.24083 0.875626
0 0.524927 0.399848 0.356754 0.799696
2 0.393175 0.78456 0.555449 0.413487
2 0.614234 0.757568 0.436471 0.484865
2 0.108019 0.512308 0.216037 0.975385
1 0.507553 0.715107 0.186916 0.436472
2 0.916577 0.737951 0.166847 0.504649
4 0.752755 0.684026 0.474717 0.631949
2 0.557001 0.603717 0.268788 0.262645
2 0.113269 0.262362 0.226537 0.524724
0 0.237357 0.772356 0.420046 0.455289
0 0.842599 0.344024 0.314801 0.688048
2 0.709289 0.716946 0.363002 0.391614
4 0.596129 0.718027 0.156154 0.410597
0 0.113269 0.262362 0.226537 0.524724
1 0.319548 0.738167 0.618112 0.507703
0 0.120235 0.51435 0.24047 0.9713
2 0.279163 0.5 0.444282 1
2 0.93202 0.58755 0.135959 0.759666
2 0.273172 0.783074 0.493968 0.432841
2 0.778335 0.0875173 0.443329 0.175035
2 0.801745 0.515331 0.396511 0.969338
2 0.93004 0.648972 0.13992 0.541319
1 0.934163 0.777012 0.131675 0.445976
2 0.934163 0.777012 0.131675 0.445976
2 0.359617 0.252744 0.292954 0.491104
1 0.128613 0.302715 0.254997 0.598565
3 0.596129 0.718027 0.156154 0.410597
2 0.0273063 0.791144 0.0546125 0.417713
2 0.241221 0.254537 0.482443 0.509073
2 0.156431 0.478327 0.311894 0.933808
2 0.346656 0.262334 0.693311 0.524669
0 0.180585 0.780634 0.3286 0.438732
0 0.23892 0.295888 0.401555 0.591775
4 0.637592 0.670013 0.223046 0.310643
2 0.33045 0.0880376 0.660899 0.176075
0 0.343175 0.373761 0.292622 0.736507
0 0.587903 0.614311 0.143682 0.202509
1 0.59172 0.616486 0.149686 0.20376
0 0.5695 0.625454 0.203638 0.223418
0 0.83608 0.773266 0.32784 0.441372
0 0.599593 0.620085 0.161783 0.277217
0 0.255966 0.74406 0.50305 0.503668
0 0.464144 0.743253 0.457362 0.513495
0 0.655193 0.738694 0.270028 0.45517
4 0.59172 0.616486 0.149686 0.20376
0 0.596134 0.717826 0.156137 0.410161
0 0.637604 0.670022 0.22312 0.310658
0 0.50689 0.714538 0.185326 0.435218
0 0.462263 0.529576 0.0743252 0.102743
0 0.365167 0.738524 0.635517 0.520831
0 0.637556 0.557142 0.0786345 0.0952234
0 0.430967 0.783056 0.550658 0.415274
0 0.580323 0.0306189 0.839353 0.0612378
4 0.639556 0.763853 0.390017 0.452628
3 0.476829 0.364836 0.475379 0.729672
3 0.600551 0.473715 0.182515 0.482799
2 0.590003 0.615091 0.142415 0.203658
0 0.599766 0.423759 0.164705 0.59419
3 0.932171 0.58722 0.135658 0.758055
4 0.255966 0.74406 0.50305 0.503668
0 0.648789 0.0470362 0.702422 0.0940724
4 0.473322 0.756184 0.577681 0.476342
3 0.283514 0.77406 0.446818 0.45188
0 0.162241 0.742049 0.323387 0.509736
3 0.879739 0.444672 0.240522 0.873103
3 0.279446 0.5 0.443985 1
3 0.742216 0.50581 0.515568 0.988379
0 0.556992 0.603685 0.268567 0.262319
0 0.424041 0.0316907 0.848081 0.0633815
3 0.219285 0.741884 0.435477 0.516233
3 0.180648 0.780554 0.328698 0.438892
3 0.355609 0.496042 0.297381 0.992085
3 0.639556 0.763853 0.390017 0.452628
4 0.838667 0.77406 0.322666 0.431976
0 0.765002 0.744235 0.469996 0.485084
0 0.615349 0.768208 0.397992 0.452549
3 0.604211 0.349636 0.513246 0.699272
3 0.156541 0.479242 0.312138 0.935023
3 0.459106 0.39328 0.0992947 0.726077
3 0.614539 0.757573 0.435951 0.484854
3 0.50689 0.714538 0.185326 0.435218
0 0.686207 0.0717279 0.627585 0.143456
3 0.836145 0.742635 0.32771 0.492002
3 0.147013 0.308881 0.28745 0.617761
3 0.767469 0.766487 0.457946 0.467026
3 0.934467 0.776719 0.131067 0.446562
3 0.83286 0.627708 0.334279 0.733626
3 0.842669 0.344678 0.314663 0.689357
2 0.5695 0.625454 0.203638 0.223418
3 0.111396 0.793033 0.219499 0.413933
3 0.83837 0.769299 0.32326 0.461403
3 0.761727 0.275663 0.476546 0.551327
3 0.939815 0.377129 0.12037 0.751994
0 0.0645331 0.790833 0.128768 0.409175
3 0.325368 0.732614 0.361643 0.534772
3 0.239725 0.294978 0.400774 0.589957
0 0.83952 0.606367 0.320961 0.778402
0 0.935467 0.758589 0.129066 0.482821
3 0.599593 0.620085 0.161783 0.277217
3 0.424041 0.0316907 0.848081 0.0633815
3 0.241261 0.255214 0.482521 0.510428
0 0.778285 0.0873821 0.44343 0.174764
3 0.486053 0.768112 0.412959 0.463776
3 0.417786 0.777038 0.409243 0.445925
3 0.344234 0.370505 0.291582 0.730094
3 0.723105 0.0877023 0.553789 0.175405
3 0.683104 0.410781 0.569045 0.821562
3 0.346322 0.26255 0.692645 0.525099
0 0.111722 0.755062 0.223445 0.478234
3 0.709754 0.717033 0.363989 0.391829
4 0.599593 0.620085 0.161783 0.277217
3 0.360001 0.251895 0.292222 0.489121
3 0.370384 0.05826 0.740769 0.11652
3 0.920107 0.749701 0.159786 0.497239
3 0.930268 0.647821 0.139465 0.537956
3 0.22471 0.507016 0.445567 0.985968
4 0.767469 0.766487 0.457946 0.467026
3 0.613559 0.0368142 0.772883 0.0736284
3 0.424766 0.5 0.3865 1
4 0.365167 0.738524 0.635517 0.520831
0 0.604352 0.273521 0.784954 0.547042
3 0.0250623 0.637479 0.0501245 0.714883
3 0.68871 0.289658 0.62258 0.579316
0 0.337479 0.786002 0.528889 0.413664
0 0.109801 0.131387 0.219601 0.262773
4 0.599872 0.030531 0.800255 0.061062
3 0.0271498 0.308382 0.0542996 0.616764
3 0.430967 0.783056 0.550658 0.415274
3 0.832077 0.223671 0.335846 0.447343
3 0.525056 0.399061 0.356287 0.798122
4 0.934467 0.776719 0.131067 0.446562
3 0.0261103 0.419532 0.0522205 0.839064
4 0.652228 0.748662 0.26906 0.468047
0 0.0229129 0.686327 0.0458258 0.621915
3 0.330416 0.0884375 0.660832 0.176875
4 0.599766 0.423759 0.164705 0.59419
0 0.546161 0.348473 0.517732 0.696945
3 0.109801 0.131387 0.219601 0.262773
1 0.599766 0.423759 0.164705 0.59419
3 0.462263 0.529576 0.0743252 0.102743
3 0.0234006 0.770811 0.0468012 0.458378
3 0.666184 0.0578128 0.667632 0.115626
3 0.752829 0.685316 0.474133 0.629368
2 0.485032 0.771695 0.594723 0.44167
3 0.0274056 0.790977 0.0548111 0.418046
0 0.0245581 0.540145 0.0491162 0.858521
3 0.127993 0.770395 0.249553 0.449916
4 0.648789 0.0470362 0.702422 0.0940724
0 0.934467 0.776719 0.131067 0.446562
4 0.546161 0.348473 0.517732 0.696945
0 0.370384 0.05826 0.740769 0.11652
4 0.60011 0.748342 0.40719 0.503317
3 0.0393224 0.225835 0.0786448 0.451669
3 0.658441 0.481249 0.362609 0.962497
3 0.581804 0.26637 0.689639 0.53274
0 0.0239859 0.793993 0.0479718 0.412014
3 0.436401 0.293683 0.389841 0.587367
0 0.330416 0.0884375 0.660832 0.176875
4 0.920107 0.749701 0.159786 0.497239
4 0.393961 0.784626 0.553474 0.413301
0 0.709754 0.717033 0.363989 0.391829
2 0.655193 0.738694 0.270028 0.45517
4 0.778285 0.0873821 0.44343 0.174764
4 0.237357 0.772441 0.420052 0.455117
3 0.481416 0.2955 0.704325 0.591
0 0.325368 0.732614 0.361643 0.534772
0 0.087849 0.782387 0.175698 0.435226
3 0.324148 0.788824 0.462602 0.415695
4 0.180648 0.780554 0.328698 0.438892
4 0.424041 0.0316907 0.848081 0.0633815
4 0.17453 0.741006 0.347527 0.503968
4 0.111722 0.755062 0.223445 0.478234
3 0.637604 0.670022 0.22312 0.310658
3 0.580157 0.621087 0.183508 0.213871
4 0.667807 0.292972 0.660558 0.585943
4 0.369767 0.778087 0.417462 0.443825
0 0.459106 0.39328 0.0992947 0.726077
4 0.0274056 0.790977 0.0548111 0.418046
3 0.529622 0.287012 0.524247 0.574025
4 0.486053 0.768112 0.412959 0.463776
4 0.343252 0.269377 0.686505 0.538754
3 0.107501 0.316172 0.215002 0.598388
4 0.686207 0.0717279 0.627585 0.143456
0 0.930268 0.647821 0.139465 0.537956
3 0.108099 0.512355 0.216198 0.97529
4 0.5695 0.625454 0.203638 0.223418
0 0.791005 0.487587 0.417989 0.956217
0 0.623352 0.286295 0.571246 0.57259
4 0.581804 0.26637 0.689639 0.53274
0 0.238825 0.130667 0.47765 0.261335
0 0.0274056 0.790977 0.0548111 0.418046
0 0.225912 0.543422 0.444447 0.913155
2 0.462263 0.529576 0.0743252 0.102743
3 0.538247 0.768313 0.50629 0.453018
3 0.365167 0.738524 0.635517 0.520831
3 0.238825 0.130667 0.47765 0.261335
4 0.46558 0.423909 0.44914 0.847818
4 0.742004 0.4989 0.515992 0.9978
0 0.77269 0.292595 0.45462 0.582048
0 0.0393224 0.225835 0.0786448 0.451669
0 0.565068 0.753776 0.395763 0.492448
4 0.436401 0.293683 0.389841 0.587367
0 0.832077 0.223671 0.335846 0.447343
0 0.0249008 0.269506 0.0498016 0.539012
2 0.464144 0.743253 0.457362 0.513495
4 0.481416 0.2955 0.704325 0.591
4 0.832077 0.223671 0.335846 0.447343
0 0.932171 0.58722 0.135658 0.758055
4 0.725153 0.772128 0.546103 0.441746
0 0.689576 0.339608 0.617845 0.679216
4 0.932171 0.58722 0.135658 0.758055
0 0.916644 0.737964 0.166712 0.504288
4 0.087849 0.782387 0.175698 0.435226
4 0.0239859 0.793993 0.0479718 0.412014
4 0.109801 0.131387 0.219601 0.262773
0 0.936093 0.28958 0.127815 0.57916
4 0.0393224 0.225835 0.0786448 0.451669
3 0.15721 0.131996 0.314421 0.263993
4 0.939815 0.377129 0.12037 0.751994
4 0.368265 0.5 0.30009 1
0 0.130546 0.381389 0.260048 0.746557
4 0.930268 0.647821 0.139465 0.537956
0 0.0261103 0.419532 0.0522205 0.839064
4 0.77269 0.292595 0.45462 0.582048
4 0.0250623 0.637479 0.0501245 0.714883
4 0.459106 0.39328 0.0992947 0.726077
4 0.683104 0.410781 0.569045 0.821562
1 0.839143 0.767458 0.321715 0.450264
4 0.0249008 0.269506 0.0498016 0.539012
4 0.834547 0.511679 0.330906 0.976642
0 0.139413 0.290904 0.278827 0.581809
3 0.597021 0.360861 0.183498 0.721723
2 0.219285 0.741884 0.435477 0.516233
4 0.400354 0.243987 0.319854 0.476358
4 0.0254216 0.496278 0.0508432 0.941839
0 0.417786 0.777038 0.409243 0.445925
0 0.15721 0.131996 0.314421 0.263993
3 0.637495 0.717969 0.245668 0.485837
4 0.841169 0.689721 0.317663 0.620558
0 0.481416 0.2955 0.704325 0.591
3 0.0645331 0.790833 0.128768 0.409175
4 0.156541 0.479242 0.312138 0.935023
1 0.430967 0.783056 0.550658 0.415274
2 0.643141 0.763901 0.349561 0.453793
2 0.365167 0.738524 0.635517 0.520831
3 0.0933322 0.780591 0.186097 0.43215
2 0.83608 0.773266 0.32784 0.441372
0 0.434196 0.248534 0.374088 0.493346
1 0.633077 0.768024 0.370913 0.450477
2 0.459106 0.39328 0.0992947 0.726077
4 0.344234 0.370505 0.291582 0.730094
0 0.498252 0.275883 0.487013 0.551767
1 0.209616 0.756528 0.415776 0.476538
4 0.279446 0.5 0.443985 1
4 0.370384 0.05826 0.740769 0.11652
4 0.879739 0.444672 0.240522 0.873103
2 0.147013 0.308881 0.28745 0.617761
4 0.0645331 0.790833 0.128768 0.409175
4 0.130546 0.381389 0.260048 0.746557
0 0.360001 0.251895 0.292222 0.489121
2 0.83952 0.606367 0.320961 0.778402
3 0.725153 0.772128 0.546103 0.441746
2 0.658441 0.481249 0.362609 0.962497
3 0.113804 0.707898 0.227608 0.584205
4 0.206237 0.5 0.409162 1
4 0.658441 0.481249 0.362609 0.962497
1 0.127993 0.770395 0.249553 0.449916
2 0.637604 0.670022 0.22312 0.310658
4 0.120275 0.514403 0.240551 0.971193
4 0.842669 0.344678 0.314663 0.689357
4 0.325368 0.732614 0.361643 0.534772
2 0.239725 0.294978 0.400774 0.589957
0 0.697547 0.5 0.604906 1
0 0.354348 0.292045 0.708695 0.584091
4 0.125953 0.27651 0.251906 0.55302
4 0.330416 0.0884375 0.660832 0.176875
0 0.156541 0.479242 0.312138 0.935023
4 0.238825 0.130667 0.47765 0.261335
2 0.77269 0.292595 0.45462 0.582048
0 0.701405 0.763713 0.564212 0.472573
1 0.725153 0.772128 0.546103 0.441746
1 0.538247 0.768313 0.50629 0.453018
0 0.335354 0.775263 0.420984 0.449475
4 0.241261 0.255214 0.482521 0.510428
2 0.50689 0.714538 0.185326 0.435218
4 0.50689 0.714538 0.185326 0.435218
4 0.239725 0.294978 0.400774 0.589957
2 0.087849 0.782387 0.175698 0.435226
2 0.701874 0.278538 0.596253 0.557076
4 0.462263 0.529576 0.0743252 0.102743
2 0.934467 0.776719 0.131067 0.446562
0 0.241261 0.255214 0.482521 0.510428
4 0.15721 0.131996 0.314421 0.263993
1 0.68871 0.289658 0.62258 0.579316
2 0.765002 0.744235 0.469996 0.485084
2 0.936093 0.28958 0.127815 0.57916
1 0.709754 0.717033 0.363989 0.391829
1 0.0645331 0.790833 0.128768 0.409175
1 0.337479 0.786002 0.528889 0.413664
2 0.393961 0.784626 0.553474 0.413301
0 0.46558 0.423909 0.44914 0.847818
2 0.108099 0.512355 0.216198 0.97529
2 0.614539 0.757573 0.435951 0.484854
1 0.50689 0.714538 0.185326 0.435218
0 0.879739 0.444672 0.240522 0.873103
2 0.916644 0.737964 0.166712 0.504288
4 0.752829 0.685316 0.474133 0.629368
2 0.556992 0.603685 0.268567 0.262319
2 0.11326 0.262794 0.226519 0.525588
4 0.596134 0.717826 0.156137 0.410161
2 0.709754 0.717033 0.363989 0.391829
1 0.319305 0.738156 0.61749 0.507704
0 0.237357 0.772441 0.420052 0.455117
2 0.279446 0.5 0.443985 1
2 0.932171 0.58722 0.135658 0.758055
0 0.842669 0.344678 0.314663 0.689357
2 0.273033 0.783304 0.493201 0.432369
2 0.778285 0.0873821 0.44343 0.174764
0 0.11326 0.262794 0.226519 0.525588
0 0.120275 0.514403 0.240551 0.971193
2 0.802208 0.51545 0.395584 0.969099
2 0.930268 0.647821 0.139465 0.537956
1 0.934568 0.777085 0.130864 0.445831
2 0.934568 0.777085 0.130864 0.445831
2 0.360001 0.251895 0.292222 0.489121
1 0.128632 0.302807 0.255077 0.598707
3 0.596134 0.717826 0.156137 0.410161
2 0.241261 0.255214 0.482521 0.510428
2 0.0274056 0.790977 0.0548111 0.418046
2 0.156541 0.479242 0.312138 0.935023
2 0.346322 0.26255 0.692645 0.525099
4 0.637604 0.670022 0.22312 0.310658
2 0.330416 0.0884375 0.660832 0.176875
0 0.180648 0.780554 0.328698 0.438892
0 0.239725 0.294978 0.400774 0.589957
2 0.237357 0.772441 0.420052 0.455117
