0 0.496475 0.654605 0.256365 0.446254
1 0.496165 0.652973 0.257017 0.455024
0 0.810884 0.748411 0.378233 0.492303
0 0.197345 0.734125 0.383999 0.531751
0 0.173124 0.616564 0.34513 0.308689
0 0.348147 0.697532 0.562715 0.502127
0 0.615745 0.684045 0.544428 0.455571
0 0.524058 0.670958 0.342421 0.466745
0 0.341575 0.690627 0.110814 0.460728
4 0.495999 0.661561 0.259453 0.43005
3 0.805816 0.766634 0.384189 0.450888
4 0.808953 0.752736 0.382093 0.485178
0 0.449298 0.767404 0.266232 0.465192
3 0.689851 0.503305 0.620298 0.993389
3 0.319955 0.458781 0.629678 0.916755
3 0.549252 0.697536 0.413568 0.465888
0 0.446639 0.705603 0.358021 0.5105
2 0.50142 0.670829 0.264402 0.418325
0 0.473686 0.684218 0.251768 0.631564
3 0.809228 0.745729 0.366568 0.508541
3 0.548919 0.712269 0.304727 0.575462
3 0.947897 0.794009 0.104206 0.411983
3 0.207287 0.478621 0.405507 0.945453
0 0.569689 0.317031 0.42736 0.633576
0 0.940717 0.730752 0.118565 0.538496
3 0.6142 0.778 0.32252 0.443999
3 0.811756 0.494274 0.376488 0.964438
3 0.208822 0.766879 0.354216 0.466243
3 0.698476 0.786808 0.253376 0.426384
3 0.874507 0.489857 0.250985 0.947134
0 0.426927 0.0283854 0.827003 0.0567709
3 0.605514 0.422588 0.470936 0.839837
3 0.179091 0.785436 0.34011 0.429128
0 0.199354 0.129881 0.398708 0.259762
3 0.880299 0.70668 0.239403 0.586641
3 0.244344 0.778363 0.32498 0.443273
3 0.951613 0.774301 0.0967738 0.451399
3 0.178205 0.613274 0.35162 0.315726
3 0.851286 0.370346 0.297427 0.731273
3 0.934565 0.538046 0.13087 0.903587
3 0.926731 0.724147 0.146537 0.534132
4 0.473686 0.684218 0.251768 0.631564
0 0.558272 0.0484298 0.883457 0.0968596
3 0.262171 0.735639 0.51929 0.523615
4 0.548919 0.712269 0.304727 0.575462
0 0.491016 0.52854 0.310073 0.704321
1 0.810884 0.748411 0.378233 0.492303
4 0.449298 0.767404 0.266232 0.465192
3 0.490941 0.698062 0.274241 0.567678
3 0.599685 0.26586 0.478418 0.53172
4 0.183872 0.619875 0.356368 0.310807
3 0.499345 0.640613 0.276964 0.718773
3 0.199354 0.129881 0.398708 0.259762
3 0.0332361 0.598552 0.0664723 0.633239
4 0.6142 0.778 0.32252 0.443999
3 0.756866 0.20435 0.486269 0.408701
3 0.601573 0.0401171 0.796854 0.0802341
3 0.714225 0.0852058 0.57155 0.170412
4 0.197345 0.734125 0.383999 0.531751
4 0.7272 0.755619 0.288616 0.481038
3 0.11081 0.817874 0.220262 0.364251
4 0.565707 0.733862 0.381147 0.532275
3 0.365923 0.826458 0.248098 0.347083
0 0.814717 0.732076 0.368377 0.535848
0 0.951613 0.774301 0.0967738 0.451399
3 0.375205 0.72712 0.405804 0.536941
3 0.449298 0.767404 0.266232 0.465192
4 0.947897 0.794009 0.104206 0.411983
3 0.709495 0.310937 0.498998 0.621874
3 0.598494 0.186863 0.727089 0.373726
3 0.190473 0.526434 0.378269 0.693234
3 0.397483 0.252739 0.738816 0.505479
3 0.165397 0.402399 0.329883 0.797795
3 0.0287252 0.286336 0.0574505 0.572672
4 0.47419 0.442248 0.608113 0.884495
4 0.951613 0.774301 0.0967738 0.451399
0 0.516453 0.235092 0.544843 0.470184
0 0.326432 0.0455157 0.649042 0.0910315
3 0.281153 0.0781608 0.562307 0.156322
3 0.16615 0.18803 0.330262 0.37606
3 0.0228946 0.762445 0.0457891 0.475109
3 0.947863 0.302021 0.104273 0.575455
2 0.449298 0.767404 0.266232 0.465192
4 0.940717 0.730752 0.118565 0.538496
3 0.326432 0.0455157 0.649042 0.0910315
0 0.281153 0.0781608 0.562307 0.156322
4 0.814717 0.732076 0.368377 0.535848
2 0.810884 0.748411 0.378233 0.492303
0 0.0305336 0.680601 0.0610673 0.61934
0 0.627327 0.0566952 0.745347 0.11339
3 0.905546 0.146161 0.188908 0.292322
3 0.30763 0.23021 0.596425 0.460421
4 0.809781 0.5 0.380438 1
3 0.426927 0.0283854 0.827003 0.0567709
3 0.7272 0.755619 0.288616 0.481038
0 0.125501 0.740309 0.251002 0.503619
4 0.125501 0.740309 0.251002 0.503619
4 0.524058 0.670958 0.342421 0.466745
4 0.880299 0.70668 0.239403 0.586641
4 0.698476 0.786808 0.253376 0.426384
3 0.511692 0.464774 0.534958 0.929548
4 0.561295 0.244273 0.442224 0.480334
4 0.365923 0.826458 0.248098 0.347083
3 0.0617748 0.264337 0.12355 0.528674
0 0.351944 0.521181 0.0474634 0.286013
4 0.513433 0.650612 0.282779 0.698777
0 0.426646 0.257752 0.695297 0.515504
4 0.585229 0.495792 0.405719 0.986792
3 0.0276678 0.808806 0.0553356 0.382388
3 0.133232 0.799617 0.260965 0.397865
0 0.334866 0.4458 0.669732 0.891601
0 0.52508 0.44535 0.342535 0.862269
3 0.0358805 0.445649 0.0717609 0.814366
0 0.832507 0.0878095 0.334987 0.175619
4 0.52508 0.44535 0.342535 0.862269
3 0.832507 0.0878095 0.334987 0.175619
4 0.615745 0.684045 0.544428 0.455571
3 0.258498 0.106345 0.516997 0.212691
4 0.401692 0.0290538 0.783602 0.0581076
0 0.0654383 0.820786 0.130569 0.349803
0 0.103885 0.813519 0.205984 0.36179
4 0.361349 0.692927 0.534083 0.477957
0 0.714225 0.0852058 0.57155 0.170412
4 0.375205 0.72712 0.405804 0.536941
0 0.365923 0.826458 0.248098 0.347083
0 0.809781 0.5 0.380438 1
1 0.615745 0.684045 0.544428 0.455571
0 0.190473 0.526434 0.378269 0.693234
4 0.244344 0.778363 0.32498 0.443273
0 0.947897 0.794009 0.104206 0.411983
0 0.947863 0.302021 0.104273 0.575455
3 0.199455 0.233572 0.393566 0.464424
1 0.524058 0.670958 0.342421 0.466745
4 0.179091 0.785436 0.34011 0.429128
4 0.466863 0.239172 0.629724 0.478345
0 0.905546 0.146161 0.188908 0.292322
4 0.662622 0.50148 0.6447 0.997041
3 0.184275 0.681554 0.367864 0.46047
4 0.558272 0.0484298 0.883457 0.0968596
0 0.511692 0.464774 0.534958 0.929548
0 0.0726841 0.810533 0.145368 0.378934
0 0.258498 0.106345 0.516997 0.212691
4 0.0819511 0.779307 0.163324 0.428516
3 0.11605 0.428457 0.232099 0.822664
2 0.365923 0.826458 0.248098 0.347083
0 0.238981 0.434741 0.467336 0.869482
2 0.473686 0.684218 0.251768 0.631564
4 0.627327 0.0566952 0.745347 0.11339
4 0.186796 0.425871 0.367151 0.851742
0 0.0353527 0.524518 0.0707054 0.640439
3 0.351944 0.521181 0.0474634 0.286013
4 0.0276678 0.808806 0.0553356 0.382388
3 0.52508 0.44535 0.342535 0.862269
0 0.7272 0.755619 0.288616 0.481038
4 0.379367 0.219654 0.731548 0.439308
2 0.192529 0.731174 0.379291 0.537652
3 0.361349 0.692927 0.534083 0.477957
4 0.589407 0.323171 0.383293 0.64387
3 0.0726841 0.810533 0.145368 0.378934
4 0.240505 0.482585 0.481009 0.961894
4 0.934295 0.602074 0.13141 0.795853
0 0.934295 0.602074 0.13141 0.795853
0 0.0236242 0.730756 0.0472484 0.538489
1 0.178205 0.613274 0.35162 0.315726
0 0.0276678 0.808806 0.0553356 0.382388
3 0.589407 0.323171 0.383293 0.64387
3 0.532687 0.242257 0.496294 0.4805
3 0.341575 0.690627 0.110814 0.460728
4 0.199354 0.129881 0.398708 0.259762
4 0.0305336 0.680601 0.0610673 0.61934
0 0.0819511 0.779307 0.163324 0.428516
0 0.0213385 0.797503 0.042677 0.404995
4 0.922418 0.661956 0.155165 0.505659
3 0.233292 0.201269 0.466584 0.402538
4 0.0228946 0.762445 0.0457891 0.475109
4 0.233292 0.201269 0.466584 0.402538
0 0.513433 0.650612 0.282779 0.698777
4 0.905546 0.146161 0.188908 0.292322
3 0.0933368 0.223498 0.186674 0.428292
0 0.851286 0.370346 0.297427 0.731273
0 0.0617748 0.264337 0.12355 0.528674
4 0.832507 0.0878095 0.334987 0.175619
4 0.0654383 0.820786 0.130569 0.349803
4 0.544687 0.210834 0.635152 0.421669
4 0.0726841 0.810533 0.145368 0.378934
4 0.934996 0.46809 0.130007 0.862778
0 0.598494 0.186863 0.727089 0.373726
4 0.665847 0.0760814 0.668306 0.152163
2 0.375205 0.72712 0.405804 0.536941
0 0.0287252 0.286336 0.0574505 0.572672
0 0.880299 0.70668 0.239403 0.586641
4 0.281153 0.0781608 0.562307 0.156322
4 0.326432 0.0455157 0.649042 0.0910315
0 0.922418 0.661956 0.155165 0.505659
0 0.0343424 0.410389 0.0686848 0.808396
4 0.764724 0.0982753 0.470551 0.196551
4 0.0343424 0.410389 0.0686848 0.808396
3 0.0819511 0.779307 0.163324 0.428516
0 0.585229 0.495792 0.405719 0.986792
4 0.258498 0.106345 0.516997 0.212691
4 0.0617748 0.264337 0.12355 0.528674
0 0.244344 0.778363 0.32498 0.443273
3 0.0654383 0.820786 0.130569 0.349803
4 0.0287252 0.286336 0.0574505 0.572672
4 0.947863 0.302021 0.104273 0.575455
4 0.874507 0.489857 0.250985 0.947134
0 0.934996 0.46809 0.130007 0.862778
0 0.375205 0.72712 0.405804 0.536941
4 0.13116 0.191762 0.262319 0.383524
4 0.334866 0.4458 0.669732 0.891601
0 0.756866 0.20435 0.486269 0.408701
2 0.187961 0.650799 0.36652 0.369331
4 0.341575 0.690627 0.110814 0.460728
4 0.11081 0.817874 0.220262 0.364251
4 0.0933368 0.223498 0.186674 0.428292
4 0.132197 0.477505 0.264394 0.887859
0 0.698476 0.786808 0.253376 0.426384
4 0.0353527 0.524518 0.0707054 0.640439
4 0.756866 0.20435 0.486269 0.408701
1 0.361349 0.692927 0.534083 0.477957
3 0.770442 0.727263 0.459117 0.545473
0 0.6142 0.778 0.32252 0.443999
1 0.341575 0.690627 0.110814 0.460728
2 0.947863 0.302021 0.104273 0.575455
1 0.189054 0.730456 0.374386 0.521528
0 0.364719 0.212627 0.729439 0.425254
4 0.851286 0.370346 0.297427 0.731273
4 0.351944 0.521181 0.0474634 0.286013
2 0.803322 0.521941 0.393356 0.956118
4 0.159244 0.210806 0.315525 0.405573
4 0.199455 0.233572 0.393566 0.464424
2 0.483644 0.709046 0.253709 0.549482
0 0.233292 0.201269 0.466584 0.402538
2 0.934996 0.46809 0.130007 0.862778
0 0.179091 0.785436 0.34011 0.429128
2 0.851286 0.370346 0.297427 0.731273
2 0.922418 0.661956 0.155165 0.505659
0 0.548919 0.712269 0.304727 0.575462
0 0.565707 0.733862 0.381147 0.532275
2 0.944037 0.760569 0.111925 0.478863
1 0.351944 0.521181 0.0474634 0.286013
2 0.709495 0.310937 0.498998 0.621874
2 0.947897 0.794009 0.104206 0.411983
2 0.244344 0.778363 0.32498 0.443273
2 0.756866 0.20435 0.486269 0.408701
1 0.226655 0.230717 0.447262 0.459604
2 0.652866 0.210845 0.682375 0.42169
1 0.133232 0.799617 0.260965 0.397865
2 0.11081 0.817874 0.220262 0.364251
1 0.926731 0.724147 0.146537 0.534132
1 0.1854 0.463969 0.365954 0.911307
2 0.0726841 0.810533 0.145368 0.378934
2 0.721976 0.485677 0.512961 0.971354
2 0.13116 0.191762 0.262319 0.383524
2 0.568428 0.461694 0.429931 0.919874
1 0.0654383 0.820786 0.130569 0.349803
1 0.951613 0.774301 0.0967738 0.451399
1 0.709495 0.310937 0.498998 0.621874
1 0.561295 0.244273 0.442224 0.480334
4 0.709495 0.310937 0.498998 0.621874
0 0.689987 0.618061 0.614284 0.763879
0 0.159244 0.210806 0.315525 0.405573
0 0.874507 0.489857 0.250985 0.947134
2 0.1854 0.463969 0.365954 0.911307
2 0.132197 0.477505 0.264394 0.887859
2 0.832507 0.0878095 0.334987 0.175619
2 0.137047 0.765364 0.272369 0.453157
1 0.689987 0.618061 0.614284 0.763879
2 0.516453 0.235092 0.544843 0.470184
2 0.814717 0.732076 0.368377 0.535848
1 0.426646 0.257752 0.695297 0.515504
2 0.202385 0.192654 0.40477 0.385309
2 0.599685 0.26586 0.478418 0.53172
1 0.533424 0.443683 0.500562 0.884768
2 0.934295 0.602074 0.13141 0.795853
3 0.446639 0.705603 0.358021 0.5105
2 0.714225 0.0852058 0.57155 0.170412
0 0.186094 0.391627 0.367337 0.778899
0 0.0933368 0.223498 0.186674 0.428292
0 0.709495 0.310937 0.498998 0.621874
2 0.627327 0.0566952 0.745347 0.11339
2 0.905546 0.146161 0.188908 0.292322
1 0.0213385 0.797503 0.042677 0.404995
0 0.13116 0.191762 0.262319 0.383524
2 0.698476 0.786808 0.253376 0.426384
2 0.348147 0.697532 0.562715 0.502127
2 0.549252 0.697536 0.413568 0.465888
2 0.332726 0.240743 0.647179 0.481487
0 0.132197 0.477505 0.264394 0.887859
2 0.0617748 0.264337 0.12355 0.528674
2 0.179091 0.785436 0.34011 0.429128
2 0.446639 0.705603 0.358021 0.5105
1 0.159244 0.210806 0.315525 0.405573
2 0.0819511 0.779307 0.163324 0.428516
2 0.0933368 0.223498 0.186674 0.428292
2 0.51365 0.0443237 0.889828 0.0886474
1 0.7272 0.755619 0.288616 0.481038
2 0.513433 0.650612 0.282779 0.698777
1 0.544687 0.210834 0.635152 0.421669
2 0.326432 0.0455157 0.649042 0.0910315
0 0.496485 0.654618 0.256367 0.446184
1 0.496147 0.652988 0.257045 0.454961
0 0.810862 0.748427 0.378275 0.492294
0 0.197293 0.734078 0.383871 0.531844
0 0.17308 0.616483 0.345056 0.308632
0 0.348109 0.697679 0.562736 0.502312
0 0.617194 0.684131 0.547364 0.455606
0 0.524234 0.67101 0.342753 0.466737
0 0.341794 0.690348 0.110204 0.46005
4 0.49601 0.661583 0.259448 0.429942
3 0.805793 0.766731 0.38424 0.450757
4 0.808965 0.752789 0.382071 0.485154
0 0.449145 0.767324 0.266398 0.465353
3 0.690484 0.503284 0.619032 0.993432
3 0.319626 0.458633 0.628642 0.916321
3 0.550249 0.697654 0.415595 0.465997
2 0.501418 0.670835 0.264426 0.418302
0 0.446497 0.705654 0.35826 0.510406
0 0.473608 0.68446 0.251758 0.631081
3 0.809202 0.746018 0.366721 0.507964
3 0.549067 0.712611 0.304813 0.574777
3 0.947936 0.79378 0.104128 0.412439
3 0.207313 0.477521 0.405532 0.94316
3 0.614531 0.778185 0.322353 0.44363
0 0.56966 0.315619 0.427237 0.630685
3 0.811905 0.494329 0.37619 0.964431
3 0.208781 0.767022 0.35426 0.465956
0 0.940803 0.730781 0.118394 0.538438
3 0.874444 0.48991 0.251113 0.947278
3 0.698755 0.786646 0.253546 0.426709
3 0.605759 0.421446 0.468662 0.83749
3 0.179124 0.785319 0.340231 0.429362
0 0.426669 0.028531 0.826458 0.0570619
3 0.880471 0.706965 0.239059 0.586069
3 0.244275 0.77817 0.325016 0.443659
3 0.951647 0.774327 0.0967055 0.451346
0 0.198448 0.130629 0.396896 0.261257
3 0.178123 0.613192 0.351479 0.315685
3 0.851611 0.370188 0.296778 0.73102
3 0.93455 0.538245 0.1309 0.903706
3 0.926821 0.724273 0.146358 0.534114
4 0.473608 0.68446 0.251758 0.631081
3 0.262204 0.735655 0.519362 0.523685
4 0.549067 0.712611 0.304813 0.574777
0 0.558492 0.0491983 0.883016 0.0983965
1 0.810862 0.748427 0.378275 0.492294
4 0.449145 0.767324 0.266398 0.465353
3 0.600664 0.265733 0.474382 0.531317
3 0.490832 0.698136 0.274461 0.567612
0 0.491214 0.527521 0.310099 0.706245
4 0.183825 0.619697 0.356283 0.310614
3 0.499327 0.640867 0.276936 0.718266
3 0.198448 0.130629 0.396896 0.261257
3 0.0335535 0.598697 0.0671071 0.631953
3 0.757234 0.203828 0.485532 0.407656
4 0.614531 0.778185 0.322353 0.44363
3 0.602504 0.040579 0.794992 0.0811581
3 0.714728 0.0853903 0.570545 0.170781
4 0.727779 0.755689 0.289478 0.480935
4 0.197293 0.734078 0.383871 0.531844
3 0.111009 0.817755 0.220651 0.364489
4 0.565876 0.733898 0.381392 0.532204
3 0.365726 0.825895 0.247985 0.34821
3 0.375082 0.727159 0.406119 0.536948
3 0.449145 0.767324 0.266398 0.465353
3 0.599818 0.18698 0.721581 0.37396
3 0.710491 0.310693 0.494927 0.621387
3 0.190399 0.527983 0.378046 0.684868
4 0.947936 0.79378 0.104128 0.412439
0 0.814677 0.732436 0.368417 0.535127
3 0.398353 0.252057 0.737163 0.504114
3 0.0288631 0.286381 0.0577262 0.572761
0 0.951647 0.774327 0.0967055 0.451346
3 0.165352 0.403072 0.329798 0.798622
4 0.53314 0.443685 0.500901 0.884691
4 0.951647 0.774327 0.0967055 0.451346
3 0.165787 0.187746 0.329581 0.375493
3 0.280492 0.0790128 0.560984 0.158026
3 0.0231271 0.762354 0.0462543 0.475292
3 0.948203 0.300919 0.103593 0.57302
0 0.518099 0.235103 0.541238 0.470207
2 0.449145 0.767324 0.266398 0.465353
4 0.940803 0.730781 0.118394 0.538438
0 0.326023 0.0461029 0.648364 0.0922058
3 0.326023 0.0461029 0.648364 0.0922058
4 0.814677 0.732436 0.368417 0.535127
2 0.810862 0.748427 0.378275 0.492294
3 0.906086 0.145881 0.187828 0.291763
3 0.307491 0.230231 0.59608 0.460463
4 0.809787 0.5 0.380426 1
0 0.280492 0.0790128 0.560984 0.158026
3 0.426669 0.028531 0.826458 0.0570619
4 0.126403 0.740225 0.252806 0.503914
0 0.0309851 0.681028 0.0619702 0.618727
3 0.727779 0.755689 0.289478 0.480935
0 0.628433 0.0571099 0.743134 0.11422
4 0.524234 0.67101 0.342753 0.466737
4 0.880471 0.706965 0.239059 0.586069
3 0.512695 0.464761 0.532759 0.929522
4 0.698755 0.786646 0.253546 0.426709
4 0.561593 0.2441 0.441433 0.479934
0 0.126403 0.740225 0.252806 0.503914
4 0.365726 0.825895 0.247985 0.34821
3 0.0607283 0.262946 0.121457 0.525892
4 0.513452 0.651005 0.282798 0.69799
3 0.0277602 0.80877 0.0555205 0.382459
3 0.133613 0.799518 0.261717 0.398186
0 0.428207 0.257167 0.692051 0.514334
0 0.351996 0.52156 0.0473976 0.286814
3 0.0359958 0.445754 0.0719917 0.813602
4 0.525043 0.445701 0.342436 0.861507
3 0.833313 0.0877656 0.333374 0.175531
4 0.617194 0.684131 0.547364 0.455606
3 0.257559 0.107251 0.515119 0.214503
4 0.401588 0.0292293 0.783076 0.0584586
0 0.525043 0.445701 0.342436 0.861507
0 0.335022 0.445755 0.670044 0.891509
0 0.833313 0.0877656 0.333374 0.175531
4 0.361314 0.693039 0.534105 0.478107
4 0.375082 0.727159 0.406119 0.536948
0 0.0656003 0.820764 0.130886 0.349898
0 0.104074 0.813519 0.206361 0.361862
0 0.714728 0.0853903 0.570545 0.170781
1 0.617194 0.684131 0.547364 0.455606
0 0.365726 0.825895 0.247985 0.34821
3 0.19934 0.233862 0.393417 0.4645
4 0.244275 0.77817 0.325016 0.443659
0 0.809787 0.5 0.380426 1
1 0.524234 0.67101 0.342753 0.466737
4 0.179124 0.785319 0.340231 0.429362
4 0.46924 0.239142 0.62485 0.478284
0 0.190399 0.527983 0.378046 0.684868
0 0.947936 0.79378 0.104128 0.412439
0 0.948203 0.300919 0.103593 0.57302
4 0.66265 0.501438 0.643904 0.997124
3 0.184231 0.680934 0.367833 0.458872
4 0.558492 0.0491983 0.883016 0.0983965
0 0.906086 0.145881 0.187828 0.291763
0 0.512695 0.464761 0.532759 0.929522
4 0.0823178 0.779308 0.164051 0.428602
2 0.365726 0.825895 0.247985 0.34821
3 0.116425 0.42857 0.232851 0.822943
2 0.473608 0.68446 0.251758 0.631081
4 0.628433 0.0571099 0.743134 0.11422
4 0.186718 0.424071 0.366999 0.848142
0 0.0728905 0.810399 0.145781 0.379202
0 0.257559 0.107251 0.515119 0.214503
3 0.351996 0.52156 0.0473976 0.286814
0 0.239035 0.4337 0.467369 0.8674
3 0.525043 0.445701 0.342436 0.861507
0 0.0355543 0.52548 0.0711086 0.638106
4 0.379724 0.219519 0.731051 0.439037
4 0.0277602 0.80877 0.0555205 0.382459
3 0.361314 0.693039 0.534105 0.478107
2 0.192452 0.731176 0.379181 0.537649
4 0.589582 0.322144 0.382633 0.64178
3 0.0728905 0.810399 0.145781 0.379202
0 0.727779 0.755689 0.289478 0.480935
4 0.934331 0.602105 0.131337 0.79579
4 0.240233 0.481984 0.480466 0.960655
1 0.178123 0.613192 0.351479 0.315685
3 0.589582 0.322144 0.382633 0.64178
3 0.341794 0.690348 0.110204 0.46005
3 0.53411 0.242161 0.493351 0.480045
4 0.0309851 0.681028 0.0619702 0.618727
4 0.198448 0.130629 0.396896 0.261257
0 0.934331 0.602105 0.131337 0.79579
3 0.232219 0.200711 0.464438 0.401422
0 0.0239112 0.730834 0.0478224 0.538331
4 0.92255 0.661809 0.1549 0.505121
4 0.421171 0.462102 0.712328 0.924205
4 0.0231271 0.762354 0.0462543 0.475292
0 0.0277602 0.80877 0.0555205 0.382459
4 0.232219 0.200711 0.464438 0.401422
0 0.0823178 0.779308 0.164051 0.428602
4 0.906086 0.145881 0.187828 0.291763
0 0.0215086 0.797486 0.0430173 0.405027
3 0.09338 0.223075 0.18676 0.427099
4 0.833313 0.0877656 0.333374 0.175531
4 0.0656003 0.820764 0.130886 0.349898
4 0.0728905 0.810399 0.145781 0.379202
0 0.513452 0.651005 0.282798 0.69799
4 0.935099 0.468111 0.129803 0.862747
4 0.666692 0.0764325 0.666616 0.152865
2 0.375082 0.727159 0.406119 0.536948
0 0.0607283 0.262946 0.121457 0.525892
0 0.851611 0.370188 0.296778 0.73102
4 0.280492 0.0790128 0.560984 0.158026
0 0.599818 0.18698 0.721581 0.37396
4 0.326023 0.0461029 0.648364 0.0922058
0 0.0288631 0.286381 0.0577262 0.572761
0 0.880471 0.706965 0.239059 0.586069
4 0.765149 0.0983629 0.469702 0.196726
4 0.0344949 0.410554 0.0689899 0.808117
4 0.599818 0.18698 0.721581 0.37396
0 0.92255 0.661809 0.1549 0.505121
3 0.0823178 0.779308 0.164051 0.428602
0 0.0344949 0.410554 0.0689899 0.808117
4 0.0607283 0.262946 0.121457 0.525892
4 0.257559 0.107251 0.515119 0.214503
0 0.585178 0.495514 0.405146 0.986287
3 0.0656003 0.820764 0.130886 0.349898
4 0.0288631 0.286381 0.0577262 0.572761
4 0.948203 0.300919 0.103593 0.57302
4 0.874444 0.48991 0.251113 0.947278
4 0.12996 0.191245 0.259919 0.382491
0 0.19234 0.773081 0.350984 0.453839
2 0.187915 0.64877 0.366423 0.365422
4 0.341794 0.690348 0.110204 0.46005
0 0.935099 0.468111 0.129803 0.862747
4 0.111009 0.817755 0.220651 0.364489
0 0.375082 0.727159 0.406119 0.536948
4 0.09338 0.223075 0.18676 0.427099
0 0.757234 0.203828 0.485532 0.407656
4 0.132296 0.47728 0.264593 0.887345
4 0.0355543 0.52548 0.0711086 0.638106
0 0.698755 0.786646 0.253546 0.426709
4 0.757234 0.203828 0.485532 0.407656
1 0.361314 0.693039 0.534105 0.478107
3 0.771316 0.727058 0.457369 0.545885
1 0.341794 0.690348 0.110204 0.46005
2 0.948203 0.300919 0.103593 0.57302
1 0.188958 0.730448 0.374199 0.521672
0 0.614531 0.778185 0.322353 0.44363
4 0.851611 0.370188 0.296778 0.73102
0 0.363664 0.212571 0.727328 0.425142
4 0.351996 0.52156 0.0473976 0.286814
4 0.19934 0.233862 0.393417 0.4645
4 0.159259 0.210597 0.315564 0.40444
2 0.803358 0.52203 0.393284 0.955939
2 0.935099 0.468111 0.129803 0.862747
0 0.232219 0.200711 0.464438 0.401422
2 0.851611 0.370188 0.296778 0.73102
2 0.92255 0.661809 0.1549 0.505121
0 0.549067 0.712611 0.304813 0.574777
2 0.944195 0.760611 0.11161 0.478778
0 0.565876 0.733898 0.381392 0.532204
1 0.351996 0.52156 0.0473976 0.286814
2 0.710491 0.310693 0.494927 0.621387
4 0.690104 0.62334 0.614018 0.753321
2 0.947936 0.79378 0.104128 0.412439
0 0.147509 0.801926 0.286904 0.396147
2 0.244275 0.77817 0.325016 0.443659
2 0.757234 0.203828 0.485532 0.407656
1 0.226579 0.231149 0.447185 0.460012
2 0.654477 0.211428 0.678579 0.422856
0 0.160812 0.499635 0.321624 0.850547
1 0.133613 0.799518 0.261717 0.398186
1 0.926821 0.724273 0.146358 0.534114
2 0.111009 0.817755 0.220651 0.364489
1 0.185312 0.46309 0.365803 0.909355
2 0.0728905 0.810399 0.145781 0.379202
2 0.722356 0.485737 0.51106 0.971475
2 0.12996 0.191245 0.259919 0.382491
1 0.0656003 0.820764 0.130886 0.349898
1 0.951647 0.774327 0.0967055 0.451346
2 0.56832 0.461632 0.429885 0.919749
1 0.561593 0.2441 0.441433 0.479934
1 0.710491 0.310693 0.494927 0.621387
4 0.710491 0.310693 0.494927 0.621387
2 0.185312 0.46309 0.365803 0.909355
0 0.159259 0.210597 0.315564 0.40444
2 0.132296 0.47728 0.264593 0.887345
0 0.690104 0.62334 0.614018 0.753321
2 0.833313 0.0877656 0.333374 0.175531
0 0.874444 0.48991 0.251113 0.947278
2 0.137405 0.765444 0.273073 0.453058
1 0.690104 0.62334 0.614018 0.753321
1 0.428207 0.257167 0.692051 0.514334
2 0.814677 0.732436 0.368417 0.535127
2 0.518099 0.235103 0.541238 0.470207
2 0.201601 0.192278 0.403202 0.384556
2 0.600664 0.265733 0.474382 0.531317
0 0.66265 0.501438 0.643904 0.997124
1 0.53314 0.443685 0.500901 0.884691
3 0.446497 0.705654 0.35826 0.510406
2 0.934331 0.602105 0.131337 0.79579
2 0.714728 0.0853903 0.570545 0.170781
0 0.09338 0.223075 0.18676 0.427099
0 0.186027 0.392629 0.367234 0.780665
2 0.628433 0.0571099 0.743134 0.11422
1 0.0215086 0.797486 0.0430173 0.405027
2 0.906086 0.145881 0.187828 0.291763
0 0.710491 0.310693 0.494927 0.621387
2 0.698755 0.786646 0.253546 0.426709
2 0.550249 0.697654 0.415595 0.465997
2 0.348109 0.697679 0.562736 0.502312
2 0.333002 0.240241 0.647087 0.480482
0 0.12996 0.191245 0.259919 0.382491
2 0.0607283 0.262946 0.121457 0.525892
2 0.179124 0.785319 0.340231 0.429362
2 0.446497 0.705654 0.35826 0.510406
1 0.159259 0.210597 0.315564 0.40444
2 0.0823178 0.779308 0.164051 0.428602
2 0.513305 0.0449058 0.889082 0.0898116
2 0.09338 0.223075 0.18676 0.427099
1 0.727779 0.755689 0.289478 0.480935
2 0.513452 0.651005 0.282798 0.69799
2 0.326023 0.0461029 0.648364 0.0922058
1 0.545774 0.210827 0.628982 0.421654
