0 0.499071 0.600563 0.0453979 0.166277
0 0.775354 0.760266 0.449292 0.462187
0 0.683782 0.76165 0.316263 0.456093
0 0.22161 0.538722 0.0814918 0.102915
0 0.53532 0.660748 0.112429 0.278318
0 0.221417 0.556316 0.0825923 0.0886801
0 0.647637 0.724853 0.329689 0.393935
2 0.499071 0.600563 0.0453979 0.166277
0 0.415764 0.597767 0.0923958 0.179758
4 0.499071 0.600563 0.0453979 0.166277
0 0.479756 0.599547 0.0820374 0.170387
3 0.131782 0.623258 0.245864 0.345208
3 0.3932 0.475185 0.465355 0.936555
0 0.863309 0.81378 0.273382 0.372441
0 0.398075 0.308337 0.456708 0.598657
4 0.772379 0.769663 0.455241 0.444362
3 0.859301 0.758608 0.281397 0.482784
3 0.101217 0.405067 0.202435 0.760333
0 0.455669 0.400033 0.318831 0.789617
3 0.782521 0.746501 0.434959 0.506998
3 0.400348 0.750393 0.266914 0.486758
3 0.896779 0.799109 0.206443 0.401781
3 0.413128 0.553641 0.0741665 0.135517
3 0.415764 0.597767 0.0923958 0.179758
0 0.252611 0.594528 0.222516 0.175973
3 0.261384 0.568612 0.174382 0.169592
3 0.103946 0.652104 0.207238 0.28244
3 0.122557 0.742045 0.244903 0.504405
3 0.324784 0.679583 0.234169 0.407912
3 0.152335 0.346486 0.29947 0.686776
0 0.457676 0.609889 0.132772 0.194224
3 0.850105 0.53329 0.280397 0.93342
3 0.411836 0.46779 0.188496 0.926617
0 0.466679 0.0932153 0.871621 0.186431
3 0.905081 0.514479 0.189838 0.859697
3 0.224925 0.419075 0.389194 0.803487
3 0.825855 0.367336 0.346148 0.734671
3 0.946517 0.738252 0.106965 0.523495
1 0.499071 0.600563 0.0453979 0.166277
3 0.833959 0.778719 0.332082 0.442563
0 0.528717 0.0350938 0.918607 0.0701876
3 0.876787 0.342032 0.246426 0.684063
3 0.647687 0.509644 0.518113 0.980712
3 0.800869 0.523222 0.297427 0.953556
3 0.94273 0.835453 0.11454 0.329094
3 0.329764 0.741005 0.442814 0.511308
3 0.905591 0.711693 0.188817 0.530521
4 0.683782 0.76165 0.316263 0.456093
3 0.742622 0.51858 0.349094 0.962839
3 0.213696 0.461326 0.214905 0.88321
3 0.799716 0.227447 0.400568 0.454894
3 0.122045 0.462105 0.24409 0.92421
3 0.558761 0.0339218 0.847956 0.0678437
3 0.837593 0.631904 0.324459 0.709161
3 0.66072 0.051573 0.678561 0.103146
0 0.369527 0.0559757 0.739053 0.111951
4 0.647637 0.724853 0.329689 0.393935
0 0.180834 0.120638 0.361669 0.241277
3 0.747568 0.593898 0.501025 0.793101
3 0.614264 0.749679 0.352357 0.500642
3 0.957796 0.498736 0.0844071 0.55053
3 0.954865 0.422272 0.0902704 0.631237
0 0.413128 0.553641 0.0741665 0.135517
3 0.724528 0.23624 0.550944 0.47248
3 0.197637 0.744889 0.335677 0.491698
0 0.939852 0.826619 0.120296 0.346761
3 0.706865 0.0693992 0.586271 0.138798
3 0.649521 0.372939 0.495222 0.745879
3 0.955638 0.277457 0.0887234 0.550748
3 0.275981 0.537876 0.205988 0.762228
3 0.765072 0.376666 0.380564 0.753332
3 0.39698 0.841282 0.587783 0.317436
0 0.197637 0.744889 0.335677 0.491698
0 0.220409 0.501023 0.083833 0.251235
3 0.725063 0.753455 0.410616 0.493091
4 0.398075 0.308337 0.456708 0.598657
3 0.468165 0.592457 0.0937048 0.213544
3 0.676788 0.190738 0.609486 0.381476
3 0.5835 0.12962 0.721774 0.25924
3 0.511949 0.503949 0.431912 0.992101
3 0.180834 0.120638 0.361669 0.241277
3 0.466617 0.154882 0.79638 0.309764
3 0.22161 0.538722 0.0814918 0.102915
3 0.0183149 0.817355 0.0366299 0.36529
3 0.498307 0.397824 0.583727 0.795647
3 0.323386 0.486783 0.313376 0.973567
3 0.783621 0.100826 0.432757 0.201652
3 0.396633 0.308427 0.452119 0.598196
3 0.628438 0.434329 0.359871 0.868658
3 0.221254 0.482534 0.0889932 0.225085
3 0.302612 0.834048 0.455342 0.331904
3 0.480615 0.393526 0.365127 0.787052
3 0.507823 0.840217 0.494544 0.319567
3 0.954612 0.681075 0.0907751 0.440479
3 0.54459 0.777808 0.448804 0.444385
3 0.513259 0.5072 0.242016 0.985601
3 0.240997 0.833766 0.454017 0.332469
3 0.015382 0.76612 0.0307641 0.46776
3 0.88322 0.183103 0.233559 0.366206
3 0.301783 0.738502 0.292626 0.47484
3 0.221417 0.556316 0.0825923 0.0886801
0 0.0138949 0.604014 0.0277899 0.739766
3 0.0270125 0.855533 0.054025 0.288934
3 0.957381 0.599625 0.0852376 0.360049
3 0.939852 0.826619 0.120296 0.346761
3 0.267299 0.0816824 0.534599 0.163365
3 0.0138949 0.604014 0.0277899 0.739766
4 0.725063 0.753455 0.410616 0.493091
3 0.833123 0.815625 0.333754 0.368749
0 0.0958732 0.884886 0.191746 0.223487
3 0.562361 0.411027 0.371439 0.822053
3 0.438754 0.29661 0.795432 0.593219
3 0.0174755 0.406965 0.0349509 0.758413
0 0.823953 0.0917462 0.352093 0.183492
3 0.0280015 0.380947 0.0560029 0.750897
0 0.513259 0.5072 0.242016 0.985601
0 0.400348 0.750393 0.266914 0.486758
3 0.324598 0.0643184 0.649197 0.128637
4 0.21894 0.534417 0.0788376 0.0995954
4 0.94273 0.835453 0.11454 0.329094
4 0.440668 0.457116 0.37131 0.899376
0 0.783621 0.100826 0.432757 0.201652
0 0.94273 0.835453 0.11454 0.329094
3 0.503527 0.0689879 0.915127 0.137976
3 0.823953 0.0917462 0.352093 0.183492
0 0.132695 0.64527 0.254434 0.269785
3 0.53532 0.660748 0.112429 0.278318
0 0.942175 0.766181 0.11565 0.467637
3 0.702786 0.763078 0.319752 0.4426
3 0.182535 0.849612 0.360352 0.300776
3 0.715071 0.700302 0.451962 0.584273
3 0.0143142 0.453691 0.0286285 0.727334
3 0.0325639 0.302188 0.0651279 0.604376
0 0.532258 0.582267 0.0991356 0.209673
0 0.66072 0.051573 0.678561 0.103146
3 0.055406 0.731129 0.110812 0.532377
0 0.267299 0.0816824 0.534599 0.163365
3 0.479756 0.599547 0.0820374 0.170387
4 0.55069 0.0311011 0.898621 0.0622022
3 0.222564 0.268016 0.445128 0.536032
3 0.147635 0.873513 0.29527 0.252975
3 0.637544 0.751511 0.317587 0.473062
4 0.833959 0.778719 0.332082 0.442563
4 0.220409 0.501023 0.083833 0.251235
4 0.939852 0.826619 0.120296 0.346761
0 0.107137 0.881962 0.214274 0.236076
4 0.896779 0.799109 0.206443 0.401781
0 0.468165 0.592457 0.0937048 0.213544
0 0.833959 0.778719 0.332082 0.442563
3 0.532258 0.582267 0.0991356 0.209673
0 0.706865 0.0693992 0.586271 0.138798
3 0.252611 0.594528 0.222516 0.175973
0 0.54774 0.74567 0.291103 0.462975
4 0.53532 0.660748 0.112429 0.278318
3 0.404374 0.813776 0.607822 0.353495
0 0.160752 0.866241 0.320196 0.260376
3 0.0853861 0.341233 0.170772 0.651769
0 0.753563 0.585951 0.492875 0.808582
0 0.384511 0.79364 0.54626 0.388875
0 0.573635 0.771311 0.392134 0.440792
3 0.264767 0.774459 0.502158 0.434055
0 0.479802 0.784609 0.552196 0.408568
3 0.0535703 0.293222 0.107141 0.586445
4 0.614264 0.749679 0.352357 0.500642
0 0.219563 0.827993 0.429881 0.325379
0 0.301783 0.738502 0.292626 0.47484
4 0.833123 0.815625 0.333754 0.368749
3 0.463963 0.262265 0.597326 0.524529
0 0.0535703 0.293222 0.107141 0.586445
4 0.439252 0.751351 0.462294 0.476652
0 0.507823 0.840217 0.494544 0.319567
0 0.54459 0.777808 0.448804 0.444385
0 0.231904 0.108456 0.463809 0.216913
0 0.955638 0.277457 0.0887234 0.550748
2 0.22161 0.538722 0.0814918 0.102915
4 0.221417 0.556316 0.0825923 0.0886801
0 0.896779 0.799109 0.206443 0.401781
3 0.0135498 0.705387 0.0270996 0.589226
0 0.0143142 0.453691 0.0286285 0.727334
0 0.261384 0.568612 0.174382 0.169592
2 0.457676 0.609889 0.132772 0.194224
0 0.264767 0.774459 0.502158 0.434055
0 0.329764 0.741005 0.442814 0.511308
1 0.0958732 0.884886 0.191746 0.223487
4 0.724528 0.23624 0.550944 0.47248
4 0.946517 0.738252 0.106965 0.523495
4 0.5835 0.12962 0.721774 0.25924
4 0.551389 0.765547 0.435192 0.447556
4 0.66072 0.051573 0.678561 0.103146
3 0.231904 0.108456 0.463809 0.216913
4 0.706865 0.0693992 0.586271 0.138798
4 0.321278 0.760646 0.525673 0.459454
0 0.614264 0.749679 0.352357 0.500642
4 0.149904 0.880693 0.298837 0.230141
0 0.88322 0.183103 0.233559 0.366206
3 0.535083 0.839532 0.440131 0.304164
0 0.0325639 0.302188 0.0651279 0.604376
3 0.573635 0.771311 0.392134 0.440792
3 0.49956 0.583509 0.0491991 0.193788
1 0.178956 0.843221 0.355884 0.300364
3 0.0517394 0.64393 0.10311 0.278759
4 0.180834 0.120638 0.361669 0.241277
4 0.153644 0.736468 0.306275 0.515736
3 0.0641896 0.425305 0.128379 0.711722
4 0.54774 0.74567 0.291103 0.462975
4 0.140001 0.444367 0.26752 0.847765
3 0.378262 0.0866334 0.756524 0.173267
0 0.76453 0.238881 0.47094 0.477762
2 0.221417 0.556316 0.0825923 0.0886801
0 0.511949 0.503949 0.431912 0.992101
0 0.263043 0.241276 0.523532 0.482552
4 0.0121572 0.637499 0.0243143 0.725003
4 0.459457 0.837708 0.567623 0.307684
4 0.676788 0.190738 0.609486 0.381476
3 0.408503 0.76035 0.445277 0.458324
0 0.0135498 0.705387 0.0270996 0.589226
0 0.438754 0.29661 0.795432 0.593219
0 0.957796 0.498736 0.0844071 0.55053
0 0.101217 0.405067 0.202435 0.760333
4 0.823953 0.0917462 0.352093 0.183492
0 0.954865 0.422272 0.0902704 0.631237
4 0.0270125 0.855533 0.054025 0.288934
4 0.783621 0.100826 0.432757 0.201652
0 0.957381 0.599625 0.0852376 0.360049
4 0.0836548 0.756114 0.16731 0.486901
2 0.439252 0.751351 0.462294 0.476652
4 0.859301 0.758608 0.281397 0.482784
0 0.122557 0.742045 0.244903 0.504405
4 0.466617 0.154882 0.79638 0.309764
4 0.511949 0.503949 0.431912 0.992101
4 0.210119 0.778085 0.410231 0.426782
2 0.400348 0.750393 0.266914 0.486758
0 0.535083 0.839532 0.440131 0.304164
4 0.954865 0.422272 0.0902704 0.631237
4 0.0325639 0.302188 0.0651279 0.604376
4 0.957796 0.498736 0.0844071 0.55053
4 0.88322 0.183103 0.233559 0.366206
4 0.507823 0.840217 0.494544 0.319567
4 0.0174755 0.406965 0.0349509 0.758413
0 0.5835 0.12962 0.721774 0.25924
4 0.0535703 0.293222 0.107141 0.586445
4 0.466679 0.0932153 0.871621 0.186431
0 0.0174755 0.406965 0.0349509 0.758413
4 0.647687 0.509644 0.518113 0.980712
0 0.463963 0.262265 0.597326 0.524529
4 0.457676 0.609889 0.132772 0.194224
4 0.222564 0.268016 0.445128 0.536032
3 0.229533 0.834114 0.442 0.317329
0 0.466617 0.154882 0.79638 0.309764
4 0.957381 0.599625 0.0852376 0.360049
4 0.0280015 0.380947 0.0560029 0.750897
1 0.770724 0.757497 0.456921 0.468732
0 0.954612 0.681075 0.0907751 0.440479
4 0.39698 0.841282 0.587783 0.317436
4 0.54459 0.777808 0.448804 0.444385
4 0.438754 0.29661 0.795432 0.593219
4 0.015382 0.76612 0.0307641 0.46776
0 0.0280015 0.380947 0.0560029 0.750897
3 0.104209 0.313866 0.208419 0.627732
4 0.413128 0.553641 0.0741665 0.135517
0 0.438542 0.363983 0.486872 0.727966
4 0.468165 0.592457 0.0937048 0.213544
2 0.197637 0.744889 0.335677 0.491698
0 0.676788 0.190738 0.609486 0.381476
4 0.182535 0.849612 0.360352 0.300776
0 0.715071 0.700302 0.451962 0.584273
4 0.955638 0.277457 0.0887234 0.550748
0 0.830143 0.709093 0.339714 0.56326
3 0.54774 0.74567 0.291103 0.462975
4 0.0183149 0.817355 0.0366299 0.36529
4 0.438542 0.363983 0.486872 0.727966
4 0.513259 0.5072 0.242016 0.985601
0 0.0517394 0.64393 0.10311 0.278759
4 0.363383 0.066471 0.726766 0.132942
1 0.54774 0.74567 0.291103 0.462975
3 0.0836548 0.756114 0.16731 0.486901
4 0.231904 0.108456 0.463809 0.216913
4 0.799716 0.227447 0.400568 0.454894
4 0.302612 0.834048 0.455342 0.331904
4 0.107137 0.881962 0.214274 0.236076
0 0.0270125 0.855533 0.054025 0.288934
4 0.267299 0.0816824 0.534599 0.163365
2 0.54774 0.74567 0.291103 0.462975
4 0.954612 0.681075 0.0907751 0.440479
2 0.252611 0.594528 0.222516 0.175973
4 0.463963 0.262265 0.597326 0.524529
4 0.0143142 0.453691 0.0286285 0.727334
3 0.457676 0.609889 0.132772 0.194224
4 0.055406 0.731129 0.110812 0.532377
4 0.0853861 0.341233 0.170772 0.651769
0 0.015382 0.76612 0.0307641 0.46776
2 0.122557 0.742045 0.244903 0.504405
4 0.104209 0.313866 0.208419 0.627732
0 0.235153 0.375312 0.449491 0.748978
4 0.876787 0.342032 0.246426 0.684063
2 0.103946 0.652104 0.207238 0.28244
4 0.736118 0.525961 0.489815 0.934831
2 0.358871 0.280286 0.516535 0.557856
4 0.181431 0.37454 0.35707 0.749081
4 0.213696 0.461326 0.214905 0.88321
0 0.499098 0.600593 0.0453694 0.166246
0 0.775391 0.760323 0.449218 0.461989
0 0.683802 0.761661 0.316321 0.456091
0 0.221622 0.538662 0.0814863 0.102796
0 0.535179 0.659782 0.112159 0.276276
0 0.221423 0.556316 0.0826032 0.088613
0 0.647631 0.72373 0.329747 0.391609
2 0.499098 0.600593 0.0453694 0.166246
0 0.415857 0.596752 0.0918411 0.17764
4 0.499098 0.600593 0.0453694 0.166246
3 0.132181 0.623113 0.245036 0.342616
3 0.393286 0.474564 0.465183 0.935347
0 0.479795 0.599498 0.0819736 0.170178
0 0.398206 0.308433 0.456386 0.598935
0 0.863223 0.813472 0.273555 0.373056
4 0.772402 0.769737 0.455196 0.444251
3 0.859964 0.758619 0.280072 0.482762
3 0.101039 0.405116 0.202079 0.759289
3 0.782592 0.746692 0.434816 0.506615
0 0.456947 0.399268 0.316088 0.788113
3 0.400051 0.750514 0.265148 0.48629
3 0.896819 0.798895 0.206362 0.402211
3 0.413181 0.553132 0.0739944 0.134397
3 0.415857 0.596752 0.0918411 0.17764
3 0.26137 0.568357 0.174361 0.16899
3 0.103835 0.651809 0.207019 0.281561
0 0.252741 0.594088 0.222557 0.174974
3 0.122466 0.742136 0.244734 0.504384
3 0.325636 0.677398 0.232137 0.402953
3 0.152163 0.347176 0.299137 0.688089
3 0.849901 0.533873 0.279519 0.932254
0 0.458299 0.6093 0.131297 0.192479
3 0.411834 0.466573 0.185915 0.924018
3 0.905448 0.513469 0.189103 0.856122
3 0.946492 0.737873 0.107017 0.524253
3 0.825885 0.367028 0.345811 0.734056
3 0.224985 0.419413 0.387519 0.804036
1 0.499098 0.600593 0.0453694 0.166246
3 0.834114 0.778728 0.331773 0.442545
0 0.466393 0.0944363 0.870641 0.188873
3 0.876964 0.34173 0.246072 0.683459
3 0.648028 0.509707 0.516541 0.980586
3 0.800621 0.523758 0.295952 0.952484
3 0.942752 0.835691 0.114496 0.328618
3 0.32876 0.741182 0.440258 0.51099
0 0.529091 0.0353093 0.917073 0.0706187
3 0.906003 0.710829 0.187995 0.527509
4 0.683802 0.761661 0.316321 0.456091
3 0.742183 0.519 0.347377 0.962001
3 0.800062 0.227261 0.399877 0.454522
3 0.215078 0.46122 0.211096 0.882261
3 0.121957 0.461698 0.243915 0.923397
3 0.558667 0.0341088 0.847458 0.0682176
3 0.838257 0.632514 0.322298 0.707998
3 0.661183 0.0518935 0.677635 0.103787
4 0.647631 0.72373 0.329747 0.391609
3 0.74755 0.593189 0.500926 0.794601
3 0.614151 0.749697 0.352517 0.500606
0 0.369339 0.0564528 0.738677 0.112906
3 0.957994 0.498288 0.0840129 0.546386
3 0.954974 0.421614 0.0900515 0.628774
0 0.180199 0.121544 0.360399 0.243088
3 0.724614 0.236457 0.550772 0.472914
3 0.197405 0.744909 0.334761 0.491506
3 0.707129 0.0697514 0.585743 0.139503
3 0.650219 0.372812 0.493416 0.745623
0 0.413181 0.553132 0.0739944 0.134397
3 0.9558 0.277522 0.0884008 0.549985
3 0.275862 0.538636 0.205739 0.758955
3 0.765307 0.376401 0.379593 0.752801
3 0.39666 0.84309 0.58742 0.313819
3 0.724805 0.753516 0.410755 0.492967
0 0.93995 0.826952 0.1201 0.346097
4 0.398206 0.308433 0.456386 0.598935
3 0.468275 0.592347 0.0936136 0.213312
3 0.677235 0.191813 0.608392 0.383627
0 0.197405 0.744909 0.334761 0.491506
0 0.22042 0.500953 0.0837734 0.250668
3 0.583622 0.130724 0.720943 0.261448
3 0.511832 0.503968 0.430926 0.992064
3 0.180199 0.121544 0.360399 0.243088
3 0.467138 0.157138 0.794756 0.314275
3 0.221622 0.538662 0.0814863 0.102796
3 0.323052 0.486167 0.312612 0.972334
3 0.0186176 0.817597 0.0372352 0.364805
3 0.499317 0.398054 0.581044 0.796109
3 0.783823 0.101066 0.432354 0.202131
3 0.396775 0.308543 0.451862 0.598541
3 0.628932 0.433459 0.358504 0.866918
3 0.221251 0.48258 0.0890007 0.224712
3 0.301707 0.834915 0.454684 0.330171
3 0.480645 0.392494 0.364322 0.784988
3 0.507715 0.841371 0.494893 0.317258
3 0.955071 0.678486 0.0898582 0.43459
3 0.544516 0.778195 0.449047 0.44361
3 0.513953 0.507213 0.240319 0.985574
3 0.883851 0.183015 0.232297 0.36603
3 0.301744 0.737957 0.292187 0.473521
3 0.0156749 0.765955 0.0313497 0.468091
3 0.240596 0.834184 0.453506 0.331632
3 0.7661 0.766537 0.441509 0.45107
3 0.221423 0.556316 0.0826032 0.088613
3 0.957746 0.599143 0.0845089 0.356964
3 0.0272364 0.855699 0.0544728 0.288602
3 0.93995 0.826952 0.1201 0.346097
3 0.26712 0.0827135 0.534241 0.165427
3 0.0140299 0.603636 0.0280599 0.737572
4 0.724805 0.753516 0.410755 0.492967
3 0.43964 0.298239 0.792432 0.596478
3 0.833146 0.81552 0.333709 0.368959
3 0.562833 0.409599 0.369932 0.819197
3 0.0175192 0.406929 0.0350384 0.757823
0 0.0140299 0.603636 0.0280599 0.737572
0 0.0963901 0.884892 0.19278 0.223491
3 0.0280098 0.380951 0.0560196 0.750761
0 0.824699 0.0919569 0.350602 0.183914
3 0.324492 0.0649455 0.648984 0.129891
4 0.218951 0.534383 0.0787992 0.0995159
4 0.942752 0.835691 0.114496 0.328618
0 0.513953 0.507213 0.240319 0.985574
4 0.440814 0.455 0.370887 0.895204
0 0.400051 0.750514 0.265148 0.48629
3 0.824699 0.0919569 0.350602 0.183914
3 0.503512 0.0697406 0.914283 0.139481
0 0.942752 0.835691 0.114496 0.328618
3 0.535179 0.659782 0.112159 0.276276
0 0.783823 0.101066 0.432354 0.202131
3 0.182661 0.850285 0.360677 0.299429
3 0.715303 0.700568 0.452261 0.583855
3 0.0144089 0.453569 0.0288179 0.725642
3 0.0325846 0.302268 0.0651691 0.604536
0 0.132762 0.644716 0.254255 0.268598
3 0.0553312 0.731175 0.110662 0.531414
0 0.9422 0.766229 0.115601 0.467542
3 0.479795 0.599498 0.0819736 0.170178
4 0.550969 0.0312718 0.898062 0.0625436
3 0.222605 0.268906 0.44521 0.537812
0 0.532257 0.582361 0.099146 0.209844
3 0.147956 0.87376 0.295913 0.25248
0 0.661183 0.0518935 0.677635 0.103787
3 0.637795 0.751593 0.317536 0.47282
4 0.834114 0.778728 0.331773 0.442545
4 0.22042 0.500953 0.0837734 0.250668
0 0.26712 0.0827135 0.534241 0.165427
4 0.93995 0.826952 0.1201 0.346097
3 0.532257 0.582361 0.099146 0.209844
4 0.896819 0.798895 0.206362 0.402211
3 0.252741 0.594088 0.222557 0.174974
4 0.535179 0.659782 0.112159 0.276276
0 0.468275 0.592347 0.0936136 0.213312
3 0.403077 0.815807 0.609477 0.34947
0 0.107439 0.88204 0.214879 0.235919
0 0.834114 0.778728 0.331773 0.442545
3 0.0854678 0.34136 0.170936 0.65219
0 0.707129 0.0697514 0.585743 0.139503
0 0.547984 0.745274 0.285464 0.461979
3 0.264143 0.773607 0.50083 0.435906
0 0.160715 0.866582 0.320122 0.259768
3 0.0533679 0.293071 0.106736 0.586142
0 0.753462 0.584346 0.493075 0.811881
4 0.614151 0.749697 0.352517 0.500606
0 0.383982 0.794415 0.545051 0.387354
0 0.573733 0.771611 0.39213 0.440221
4 0.833146 0.81552 0.333709 0.368959
3 0.463665 0.263799 0.595509 0.527598
4 0.438267 0.751366 0.461018 0.476773
0 0.47994 0.785994 0.551872 0.405792
0 0.219234 0.828398 0.4292 0.324744
0 0.301744 0.737957 0.292187 0.473521
0 0.0533679 0.293071 0.106736 0.586142
3 0.0137995 0.704855 0.027599 0.590289
2 0.221622 0.538662 0.0814863 0.102796
4 0.221423 0.556316 0.0826032 0.088613
0 0.507715 0.841371 0.494893 0.317258
0 0.544516 0.778195 0.449047 0.44361
0 0.231455 0.109638 0.462909 0.219276
2 0.458299 0.6093 0.131297 0.192479
1 0.0963901 0.884892 0.19278 0.223491
4 0.946492 0.737873 0.107017 0.524253
4 0.724614 0.236457 0.550772 0.472914
0 0.9558 0.277522 0.0884008 0.549985
4 0.583622 0.130724 0.720943 0.261448
4 0.552336 0.765638 0.433815 0.447387
0 0.896819 0.798895 0.206362 0.402211
4 0.661183 0.0518935 0.677635 0.103787
0 0.0144089 0.453569 0.0288179 0.725642
3 0.231455 0.109638 0.462909 0.219276
4 0.707129 0.0697514 0.585743 0.139503
4 0.320516 0.759926 0.523548 0.461087
0 0.26137 0.568357 0.174361 0.16899
4 0.150243 0.880905 0.299515 0.229802
0 0.264143 0.773607 0.50083 0.435906
3 0.535423 0.84031 0.439693 0.302619
0 0.32876 0.741182 0.440258 0.51099
3 0.573733 0.771611 0.39213 0.440221
3 0.499576 0.583523 0.0491834 0.193856
3 0.0517193 0.643853 0.103056 0.278071
1 0.179061 0.844144 0.356112 0.298633
3 0.064085 0.42592 0.12817 0.710047
4 0.547984 0.745274 0.285464 0.461979
4 0.180199 0.121544 0.360399 0.243088
0 0.614151 0.749697 0.352517 0.500606
4 0.153531 0.736444 0.306053 0.51586
4 0.139942 0.444327 0.267339 0.847347
3 0.377914 0.087956 0.755829 0.175912
0 0.883851 0.183015 0.232297 0.36603
2 0.221423 0.556316 0.0826032 0.088613
0 0.0325846 0.302268 0.0651691 0.604536
3 0.407258 0.760098 0.444292 0.458999
4 0.0123345 0.63739 0.0246691 0.72522
0 0.511832 0.503968 0.430926 0.992064
4 0.677235 0.191813 0.608392 0.383627
4 0.45867 0.839068 0.569174 0.304995
0 0.7647 0.238748 0.4706 0.477496
0 0.26278 0.241184 0.52323 0.482367
4 0.824699 0.0919569 0.350602 0.183914
2 0.438267 0.751366 0.461018 0.476773
4 0.0272364 0.855699 0.0544728 0.288602
4 0.783823 0.101066 0.432354 0.202131
4 0.0838962 0.755964 0.167792 0.48722
4 0.859964 0.758619 0.280072 0.482762
4 0.511832 0.503968 0.430926 0.992064
4 0.467138 0.157138 0.794756 0.314275
4 0.209967 0.777446 0.409972 0.428187
4 0.954974 0.421614 0.0900515 0.628774
2 0.400051 0.750514 0.265148 0.48629
0 0.43964 0.298239 0.792432 0.596478
0 0.957994 0.498288 0.0840129 0.546386
3 0.69945 0.745006 0.340496 0.490322
0 0.101039 0.405116 0.202079 0.759289
0 0.957746 0.599143 0.0845089 0.356964
0 0.0137995 0.704855 0.027599 0.590289
0 0.954974 0.421614 0.0900515 0.628774
4 0.0325846 0.302268 0.0651691 0.604536
4 0.957994 0.498288 0.0840129 0.546386
0 0.122466 0.742136 0.244734 0.504384
4 0.883851 0.183015 0.232297 0.36603
4 0.0175192 0.406929 0.0350384 0.757823
4 0.507715 0.841371 0.494893 0.317258
0 0.535423 0.84031 0.439693 0.302619
4 0.0533679 0.293071 0.106736 0.586142
4 0.466393 0.0944363 0.870641 0.188873
4 0.648028 0.509707 0.516541 0.980586
4 0.222605 0.268906 0.44521 0.537812
4 0.458299 0.6093 0.131297 0.192479
3 0.229167 0.834649 0.441214 0.316285
0 0.583622 0.130724 0.720943 0.261448
0 0.0175192 0.406929 0.0350384 0.757823
4 0.957746 0.599143 0.0845089 0.356964
0 0.463665 0.263799 0.595509 0.527598
4 0.0280098 0.380951 0.0560196 0.750761
1 0.770735 0.757542 0.456975 0.468687
4 0.43964 0.298239 0.792432 0.596478
4 0.39666 0.84309 0.58742 0.313819
4 0.544516 0.778195 0.449047 0.44361
0 0.467138 0.157138 0.794756 0.314275
4 0.0156749 0.765955 0.0313497 0.468091
4 0.468275 0.592347 0.0936136 0.213312
4 0.413181 0.553132 0.0739944 0.134397
0 0.955071 0.678486 0.0898582 0.43459
2 0.197405 0.744909 0.334761 0.491506
4 0.182661 0.850285 0.360677 0.299429
4 0.9558 0.277522 0.0884008 0.549985
3 0.547984 0.745274 0.285464 0.461979
0 0.0280098 0.380951 0.0560196 0.750761
4 0.439889 0.364057 0.482423 0.728114
0 0.439889 0.364057 0.482423 0.728114
4 0.0186176 0.817597 0.0372352 0.364805
4 0.513953 0.507213 0.240319 0.985574
0 0.677235 0.191813 0.608392 0.383627
0 0.715303 0.700568 0.452261 0.583855
0 0.835771 0.709449 0.328458 0.562479
4 0.362933 0.067205 0.725867 0.13441
3 0.0838962 0.755964 0.167792 0.48722
1 0.547984 0.745274 0.285464 0.461979
4 0.231455 0.109638 0.462909 0.219276
4 0.800062 0.227261 0.399877 0.454522
0 0.0517193 0.643853 0.103056 0.278071
4 0.301707 0.834915 0.454684 0.330171
4 0.107439 0.88204 0.214879 0.235919
2 0.547984 0.745274 0.285464 0.461979
4 0.26712 0.0827135 0.534241 0.165427
4 0.955071 0.678486 0.0898582 0.43459
2 0.252741 0.594088 0.222557 0.174974
4 0.463665 0.263799 0.595509 0.527598
3 0.458299 0.6093 0.131297 0.192479
4 0.0144089 0.453569 0.0288179 0.725642
4 0.0553312 0.731175 0.110662 0.531414
0 0.0272364 0.855699 0.0544728 0.288602
4 0.0854678 0.34136 0.170936 0.65219
2 0.122466 0.742136 0.244734 0.504384
4 0.876964 0.34173 0.246072 0.683459
2 0.103835 0.651809 0.207019 0.281561
4 0.215078 0.46122 0.211096 0.882261
4 0.735822 0.52604 0.48886 0.93492
4 0.181212 0.374891 0.356714 0.749782
2 0.359729 0.280414 0.514886 0.557917
4 0.240596 0.834184 0.453506 0.331632
4 0.334695 0.482259 0.341037 0.937433
4 0.715303 0.700568 0.452261 0.583855
