0 0.501753 0.750023 0.143095 0.329453
1 0.501753 0.750023 0.143095 0.329453
0 0.769292 0.763132 0.461416 0.460428
0 0.592424 0.743281 0.323738 0.353136
0 0.500758 0.684724 0.113767 0.438878
4 0.50268 0.750694 0.141392 0.326073
0 0.376368 0.763009 0.387731 0.473983
2 0.50268 0.750694 0.141392 0.326073
0 0.381757 0.750988 0.376813 0.349364
0 0.302571 0.753184 0.33861 0.493632
1 0.500758 0.684724 0.113767 0.438878
0 0.216268 0.757854 0.412098 0.473616
0 0.539312 0.0298653 0.921377 0.0597305
3 0.575974 0.769897 0.295329 0.460205
3 0.832867 0.533774 0.334266 0.924208
0 0.647827 0.0544081 0.704345 0.108816
3 0.510294 0.468593 0.343674 0.937186
3 0.114073 0.438796 0.228146 0.838937
3 0.511949 0.77978 0.194785 0.44044
4 0.762442 0.768793 0.475116 0.450296
3 0.285888 0.760731 0.396804 0.449224
0 0.807929 0.40924 0.384142 0.818479
4 0.511949 0.77978 0.194785 0.44044
3 0.892937 0.754579 0.214127 0.490842
3 0.750678 0.5 0.498644 1
3 0.202993 0.5 0.403321 1
3 0.643326 0.762727 0.26127 0.474547
3 0.360811 0.717153 0.247269 0.565694
0 0.149236 0.67399 0.289789 0.294389
3 0.844335 0.782284 0.31133 0.435432
0 0.219409 0.0897534 0.438819 0.179507
2 0.592424 0.743281 0.323738 0.353136
3 0.806692 0.745507 0.37761 0.508986
3 0.783231 0.256857 0.433538 0.513715
0 0.246341 0.792538 0.342254 0.398836
0 0.700003 0.090318 0.599995 0.180636
3 0.144607 0.478167 0.289215 0.956333
3 0.943569 0.796551 0.112861 0.406898
0 0.499203 0.644137 0.09294 0.532678
0 0.483466 0.78112 0.177986 0.437759
3 0.303702 0.561055 0.272902 0.877889
2 0.433193 0.781786 0.26513 0.436429
3 0.32821 0.457461 0.498978 0.914922
3 0.285503 0.840041 0.29973 0.319919
4 0.575974 0.769897 0.295329 0.460205
0 0.381122 0.0295933 0.762244 0.0591867
3 0.318083 0.348779 0.564042 0.697559
3 0.27601 0.494039 0.314022 0.914596
3 0.346087 0.482681 0.311037 0.965362
3 0.150243 0.764258 0.300021 0.464371
0 0.828434 0.782227 0.343132 0.435546
3 0.741261 0.0663676 0.517479 0.132735
3 0.415595 0.471404 0.286046 0.942809
4 0.412698 0.778759 0.304777 0.429519
3 0.252575 0.43316 0.447029 0.866321
3 0.500362 0.758585 0.14045 0.365168
0 0.770053 0.0596258 0.459895 0.119252
3 0.358383 0.52419 0.231536 0.856834
0 0.799356 0.252682 0.401288 0.505364
3 0.424867 0.32788 0.486547 0.65576
0 0.728917 0.249221 0.542166 0.498443
4 0.549071 0.0317722 0.901858 0.0635445
3 0.246341 0.792538 0.342254 0.398836
3 0.381757 0.750988 0.376813 0.349364
0 0.0217283 0.608795 0.0434567 0.615945
3 0.133588 0.674749 0.265308 0.304152
3 0.944461 0.800521 0.111078 0.398959
3 0.513622 0.0228745 0.949193 0.0457489
3 0.219409 0.0897534 0.438819 0.179507
3 0.777472 0.767567 0.421975 0.450792
3 0.633948 0.765275 0.306561 0.459747
3 0.152345 0.336787 0.304691 0.641613
3 0.942307 0.583239 0.115386 0.740636
4 0.433193 0.781786 0.26513 0.436429
3 0.0415932 0.768864 0.0831863 0.462272
3 0.0358134 0.814915 0.0716268 0.370171
3 0.941609 0.40139 0.116782 0.773218
3 0.213691 0.347199 0.413782 0.67606
3 0.587557 0.751506 0.317434 0.385173
4 0.207035 0.76166 0.410879 0.465745
0 0.285503 0.840041 0.29973 0.319919
3 0.0383413 0.832716 0.0766826 0.334569
0 0.534325 0.753593 0.244997 0.433301
3 0.0999151 0.602257 0.196395 0.346091
4 0.500758 0.684724 0.113767 0.438878
4 0.767157 0.260451 0.465686 0.520901
4 0.647827 0.0544081 0.704345 0.108816
3 0.60369 0.0385044 0.79262 0.0770089
3 0.142847 0.587893 0.285693 0.545161
3 0.499203 0.644137 0.09294 0.532678
3 0.179938 0.844549 0.34948 0.310902
4 0.806692 0.745507 0.37761 0.508986
0 0.944461 0.800521 0.111078 0.398959
0 0.676591 0.766041 0.264172 0.450579
3 0.926264 0.640323 0.147472 0.719355
3 0.0250716 0.659587 0.0501433 0.668881
0 0.274949 0.0751107 0.549898 0.150221
3 0.713004 0.270406 0.573991 0.540812
0 0.150243 0.764258 0.300021 0.464371
3 0.585583 0.360053 0.49624 0.720106
3 0.496735 0.288785 0.463481 0.57757
0 0.293928 0.0488813 0.587855 0.0977625
4 0.456327 0.0225367 0.912654 0.0450734
0 0.580801 0.267498 0.810577 0.534997
3 0.219071 0.831284 0.401869 0.337431
3 0.522919 0.401742 0.455562 0.803484
3 0.832524 0.358262 0.334952 0.716524
4 0.943569 0.796551 0.112861 0.406898
0 0.412698 0.778759 0.304777 0.429519
3 0.747943 0.349265 0.503981 0.698529
4 0.592424 0.743281 0.323738 0.353136
3 0.0711046 0.429949 0.142209 0.737965
3 0.708779 0.694847 0.582443 0.610306
3 0.506529 0.69045 0.147062 0.454028
4 0.823392 0.787291 0.353217 0.425418
0 0.303702 0.561055 0.272902 0.877889
3 0.551293 0.520908 0.274297 0.928653
4 0.892937 0.754579 0.214127 0.490842
3 0.018779 0.267644 0.037558 0.535287
0 0.0876729 0.853949 0.175346 0.282298
3 0.915177 0.29159 0.169646 0.58318
3 0.206124 0.749385 0.39952 0.479464
3 0.0603628 0.484166 0.120726 0.607111
3 0.534325 0.753593 0.244997 0.433301
4 0.944461 0.800521 0.111078 0.398959
2 0.483466 0.78112 0.177986 0.437759
0 0.433193 0.781786 0.26513 0.436429
4 0.643326 0.762727 0.26127 0.474547
0 0.204924 0.833174 0.392664 0.32007
3 0.433193 0.781786 0.26513 0.436429
3 0.700003 0.090318 0.599995 0.180636
0 0.0548238 0.643117 0.108976 0.280771
4 0.807929 0.40924 0.384142 0.818479
3 0.0450919 0.220947 0.0901839 0.441895
4 0.647972 0.259557 0.704057 0.519114
0 0.812045 0.746603 0.375104 0.506794
3 0.0377964 0.701526 0.0755928 0.596948
3 0.0202643 0.447982 0.0405285 0.645178
3 0.479195 0.635004 0.103047 0.559759
3 0.0785235 0.758656 0.157047 0.480279
3 0.0188114 0.371698 0.0376228 0.704658
0 0.0202643 0.447982 0.0405285 0.645178
3 0.34636 0.0339726 0.692719 0.0679451
0 0.360811 0.717153 0.247269 0.565694
0 0.219071 0.831284 0.401869 0.337431
3 0.406868 0.15438 0.813735 0.308759
4 0.411963 0.231009 0.782847 0.462018
4 0.700003 0.090318 0.599995 0.180636
4 0.676591 0.766041 0.264172 0.450579
3 0.0850768 0.330201 0.170154 0.660402
3 0.0213291 0.541567 0.0426582 0.534608
4 0.770053 0.0596258 0.459895 0.119252
3 0.0548238 0.643117 0.108976 0.280771
0 0.926264 0.640323 0.147472 0.719355
3 0.580801 0.267498 0.810577 0.534997
3 0.293928 0.0488813 0.587855 0.0977625
3 0.167682 0.177136 0.335365 0.354272
3 0.274949 0.0751107 0.549898 0.150221
4 0.499203 0.644137 0.09294 0.532678
3 0.210863 0.257365 0.421726 0.514729
4 0.381757 0.750988 0.376813 0.349364
3 0.412698 0.778759 0.304777 0.429519
0 0.892937 0.754579 0.214127 0.490842
0 0.943569 0.796551 0.112861 0.406898
4 0.219409 0.0897534 0.438819 0.179507
0 0.0785235 0.758656 0.157047 0.480279
4 0.777351 0.501192 0.445298 0.997617
0 0.614576 0.275544 0.490262 0.551088
0 0.939887 0.443742 0.120226 0.769239
4 0.159947 0.846785 0.317961 0.299583
1 0.759417 0.765266 0.479604 0.460933
3 0.614576 0.275544 0.490262 0.551088
3 0.140741 0.84126 0.279867 0.309196
3 0.411963 0.231009 0.782847 0.462018
4 0.126592 0.77366 0.253184 0.44879
2 0.302571 0.753184 0.33861 0.493632
3 0.0509871 0.586864 0.101974 0.363833
4 0.471586 0.465674 0.304551 0.931348
4 0.53436 0.247108 0.774215 0.494216
4 0.861579 0.502038 0.276843 0.995924
0 0.643326 0.762727 0.26127 0.474547
4 0.926264 0.640323 0.147472 0.719355
4 0.424867 0.32788 0.486547 0.65576
0 0.747943 0.349265 0.503981 0.698529
0 0.103896 0.850749 0.207792 0.298502
4 0.915177 0.29159 0.169646 0.58318
0 0.140741 0.84126 0.279867 0.309196
4 0.0383413 0.832716 0.0766826 0.334569
0 0.411963 0.231009 0.782847 0.462018
4 0.285503 0.840041 0.29973 0.319919
4 0.34636 0.0339726 0.692719 0.0679451
4 0.941609 0.40139 0.116782 0.773218
4 0.0415932 0.768864 0.0831863 0.462272
4 0.0250716 0.659587 0.0501433 0.668881
0 0.0450919 0.220947 0.0901839 0.441895
4 0.496735 0.288785 0.463481 0.57757
2 0.382946 0.737212 0.414621 0.39817
2 0.542617 0.712757 0.254274 0.527808
0 0.861579 0.502038 0.276843 0.995924
4 0.806543 0.291769 0.386914 0.583539
0 0.018779 0.267644 0.037558 0.535287
4 0.0358134 0.814915 0.0716268 0.370171
0 0.936115 0.312919 0.127769 0.625839
0 0.0170833 0.32105 0.0341665 0.6421
4 0.0785235 0.758656 0.157047 0.480279
4 0.614576 0.275544 0.490262 0.551088
4 0.0981177 0.854577 0.196235 0.289524
1 0.499203 0.644137 0.09294 0.532678
4 0.0450919 0.220947 0.0901839 0.441895
4 0.0202643 0.447982 0.0405285 0.645178
0 0.915177 0.29159 0.169646 0.58318
4 0.406868 0.15438 0.813735 0.308759
4 0.219071 0.831284 0.401869 0.337431
4 0.274949 0.0751107 0.549898 0.150221
2 0.412698 0.778759 0.304777 0.429519
4 0.942307 0.583239 0.115386 0.740636
1 0.0876729 0.853949 0.175346 0.282298
4 0.293928 0.0488813 0.587855 0.0977625
4 0.0377964 0.701526 0.0755928 0.596948
0 0.0509871 0.586864 0.101974 0.363833
1 0.176279 0.834028 0.346165 0.321466
4 0.018779 0.267644 0.037558 0.535287
4 0.246341 0.792538 0.342254 0.398836
4 0.196414 0.818109 0.381269 0.349494
4 0.149236 0.67399 0.289789 0.294389
4 0.747943 0.349265 0.503981 0.698529
2 0.248642 0.773125 0.372681 0.420093
4 0.0188114 0.371698 0.0376228 0.704658
0 0.942307 0.583239 0.115386 0.740636
0 0.515669 0.649039 0.138594 0.544715
4 0.167682 0.177136 0.335365 0.354272
0 0.496735 0.288785 0.463481 0.57757
4 0.318083 0.348779 0.564042 0.697559
0 0.424867 0.32788 0.486547 0.65576
4 0.0213291 0.541567 0.0426582 0.534608
4 0.479195 0.635004 0.103047 0.559759
4 0.285888 0.760731 0.396804 0.449224
3 0.103896 0.850749 0.207792 0.298502
2 0.285503 0.840041 0.29973 0.319919
4 0.484636 0.450318 0.459459 0.900637
2 0.202945 0.313012 0.400447 0.624302
3 0.196414 0.818109 0.381269 0.349494
2 0.16295 0.757656 0.320557 0.471513
0 0.479195 0.635004 0.103047 0.559759
0 0.728021 0.583945 0.543958 0.830847
4 0.557708 0.488156 0.391751 0.976312
4 0.0548238 0.643117 0.108976 0.280771
0 0.0383413 0.832716 0.0766826 0.334569
4 0.191635 0.84423 0.368131 0.31154
4 0.0850768 0.330201 0.170154 0.660402
4 0.0603628 0.484166 0.120726 0.607111
0 0.0377964 0.701526 0.0755928 0.596948
4 0.515669 0.649039 0.138594 0.544715
4 0.144607 0.478167 0.289215 0.956333
1 0.515669 0.649039 0.138594 0.544715
0 0.13108 0.313468 0.26216 0.626937
4 0.415595 0.471404 0.286046 0.942809
0 0.773026 0.496248 0.453947 0.992496
0 0.406868 0.15438 0.813735 0.308759
2 0.500758 0.684724 0.113767 0.438878
0 0.22155 0.5 0.422613 1
4 0.218674 0.401236 0.436428 0.76974
4 0.0509871 0.586864 0.101974 0.363833
0 0.202945 0.313012 0.400447 0.624302
0 0.158973 0.485552 0.317945 0.971105
4 0.13108 0.313468 0.26216 0.626937
0 0.585583 0.360053 0.49624 0.720106
1 0.381757 0.750988 0.376813 0.349364
2 0.939887 0.443742 0.120226 0.769239
4 0.32821 0.457461 0.498978 0.914922
0 0.510294 0.468593 0.343674 0.937186
2 0.944461 0.800521 0.111078 0.398959
4 0.24409 0.267156 0.48818 0.534312
0 0.142847 0.587893 0.285693 0.545161
0 0.24409 0.267156 0.48818 0.534312
4 0.0711046 0.429949 0.142209 0.737965
4 0.585583 0.360053 0.49624 0.720106
1 0.246341 0.792538 0.342254 0.398836
0 0.0999151 0.602257 0.196395 0.346091
2 0.303702 0.561055 0.272902 0.877889
4 0.142847 0.587893 0.285693 0.545161
1 0.190547 0.763111 0.379721 0.468687
2 0.149236 0.67399 0.289789 0.294389
0 0.0358134 0.814915 0.0716268 0.370171
4 0.6898 0.496509 0.6204 0.993017
0 0.0850768 0.330201 0.170154 0.660402
0 0.0603628 0.484166 0.120726 0.607111
2 0.376368 0.763009 0.387731 0.473983
4 0.117464 0.420161 0.234929 0.803046
1 0.944461 0.800521 0.111078 0.398959
2 0.74327 0.753154 0.513461 0.486559
4 0.346087 0.482681 0.311037 0.965362
1 0.828434 0.782227 0.343132 0.435546
4 0.551293 0.520908 0.274297 0.928653
2 0.936115 0.312919 0.127769 0.625839
4 0.358383 0.52419 0.231536 0.856834
0 0.0415932 0.768864 0.0831863 0.462272
4 0.0999151 0.602257 0.196395 0.346091
1 0.697481 0.254835 0.605038 0.50967
2 0.798367 0.497218 0.403266 0.994436
0 0.501758 0.750107 0.143083 0.329313
1 0.501758 0.750107 0.143083 0.329313
0 0.769259 0.763207 0.461483 0.460317
0 0.592222 0.74337 0.323379 0.353292
0 0.500736 0.684756 0.11377 0.43879
4 0.502683 0.750766 0.141375 0.325971
0 0.376219 0.762965 0.387929 0.474071
2 0.502683 0.750766 0.141375 0.325971
0 0.381646 0.751078 0.377065 0.349474
1 0.500736 0.684756 0.11377 0.43879
0 0.302816 0.753196 0.338685 0.493608
0 0.216246 0.757791 0.411851 0.473846
0 0.539269 0.0296874 0.921462 0.0593749
3 0.57589 0.769952 0.29521 0.460096
3 0.83273 0.534734 0.33454 0.922377
0 0.647638 0.0541615 0.704723 0.108323
3 0.5105 0.468598 0.343423 0.937196
3 0.11402 0.43816 0.228039 0.837778
4 0.762294 0.768872 0.475412 0.450251
3 0.511941 0.779781 0.194792 0.440437
3 0.286345 0.760739 0.397301 0.449175
4 0.511941 0.779781 0.194792 0.440437
0 0.80797 0.40845 0.384059 0.8169
3 0.892777 0.754225 0.214446 0.49155
3 0.750647 0.5 0.498707 1
3 0.202551 0.5 0.402136 1
3 0.643183 0.762764 0.261258 0.474472
3 0.360829 0.717368 0.247378 0.565264
3 0.844275 0.782219 0.31145 0.435562
0 0.149119 0.670631 0.289327 0.287291
3 0.80654 0.745638 0.377972 0.508725
2 0.592222 0.74337 0.323379 0.353292
0 0.219181 0.0900214 0.438363 0.180043
3 0.78338 0.256707 0.43324 0.513414
3 0.144533 0.476835 0.289067 0.953669
3 0.943563 0.796378 0.112874 0.407244
3 0.303867 0.562825 0.272718 0.874349
3 0.329738 0.457181 0.495445 0.914362
0 0.246193 0.793164 0.342631 0.397522
0 0.69965 0.0906616 0.600699 0.181323
3 0.285145 0.840281 0.300482 0.319437
2 0.43296 0.78187 0.265228 0.436261
4 0.57589 0.769952 0.29521 0.460096
3 0.31856 0.348687 0.563221 0.697374
0 0.499196 0.644153 0.092992 0.532674
0 0.483363 0.781158 0.178116 0.437684
3 0.276869 0.494465 0.312458 0.914359
3 0.346463 0.482619 0.310266 0.965238
0 0.381205 0.0299224 0.76241 0.0598448
3 0.150094 0.764339 0.299699 0.464319
3 0.741178 0.0671558 0.517644 0.134312
3 0.4159 0.471417 0.285649 0.942834
0 0.828445 0.782264 0.34311 0.435473
4 0.41238 0.778795 0.305445 0.429597
3 0.252907 0.433114 0.44629 0.866227
3 0.50038 0.758612 0.140461 0.365107
3 0.358397 0.523772 0.231819 0.858319
3 0.427214 0.327457 0.481522 0.654913
0 0.769953 0.0601967 0.460093 0.120393
4 0.549194 0.0315945 0.901612 0.063189
3 0.246193 0.793164 0.342631 0.397522
0 0.799493 0.252827 0.401013 0.505654
3 0.381646 0.751078 0.377065 0.349474
0 0.729191 0.249123 0.541618 0.498246
3 0.133976 0.67311 0.266042 0.300251
3 0.944454 0.800436 0.111092 0.399129
3 0.513397 0.022842 0.949294 0.045684
0 0.0218178 0.608488 0.0436356 0.613113
3 0.219181 0.0900214 0.438363 0.180043
3 0.777424 0.767702 0.422109 0.450633
3 0.633871 0.765341 0.306499 0.459737
3 0.152041 0.337276 0.304081 0.642816
3 0.942269 0.583372 0.115462 0.739548
4 0.43296 0.78187 0.265228 0.436261
3 0.0360671 0.815006 0.0721342 0.369988
3 0.0418612 0.768821 0.0837225 0.462358
3 0.941557 0.401983 0.116887 0.77446
3 0.213565 0.34804 0.413495 0.677534
3 0.587598 0.751594 0.317557 0.38541
3 0.0385258 0.832896 0.0770515 0.334207
4 0.206709 0.761649 0.410302 0.465877
3 0.100033 0.602227 0.196576 0.344589
4 0.500736 0.684756 0.11377 0.43879
4 0.76744 0.260549 0.46512 0.521097
0 0.285145 0.840281 0.300482 0.319437
4 0.647638 0.0541615 0.704723 0.108323
3 0.60371 0.0382857 0.79258 0.0765714
3 0.142795 0.593336 0.28559 0.518777
3 0.499196 0.644153 0.092992 0.532674
4 0.80654 0.745638 0.377972 0.508725
3 0.180007 0.844623 0.349782 0.310754
0 0.534273 0.753654 0.244875 0.43343
3 0.0251727 0.659618 0.0503453 0.668437
3 0.926221 0.641102 0.147558 0.717796
3 0.71353 0.270637 0.572941 0.541275
0 0.67689 0.766125 0.264926 0.450543
0 0.944454 0.800436 0.111092 0.399129
3 0.585722 0.35887 0.494577 0.71774
0 0.274642 0.0755284 0.549284 0.151057
3 0.497822 0.288661 0.459796 0.577322
4 0.456361 0.0226775 0.912721 0.0453549
0 0.150094 0.764339 0.299699 0.464319
3 0.832626 0.358213 0.334749 0.716427
3 0.218965 0.831789 0.402056 0.336423
3 0.523667 0.400575 0.453207 0.801151
4 0.943563 0.796378 0.112874 0.407244
3 0.748084 0.348296 0.503672 0.696593
4 0.592222 0.74337 0.323379 0.353292
0 0.293746 0.0493175 0.587491 0.0986351
3 0.0710029 0.430168 0.142006 0.737939
3 0.702544 0.754412 0.594108 0.483013
3 0.50653 0.690504 0.147116 0.453955
0 0.581289 0.266908 0.8087 0.533816
4 0.823388 0.787255 0.353224 0.42549
0 0.41238 0.778795 0.305445 0.429597
3 0.551402 0.517743 0.275029 0.935513
4 0.892777 0.754225 0.214446 0.49155
3 0.0187801 0.267744 0.0375602 0.535488
3 0.915275 0.292194 0.16945 0.584388
3 0.205723 0.74949 0.39859 0.479241
3 0.0602881 0.484803 0.120576 0.604669
0 0.303867 0.562825 0.272718 0.874349
3 0.534273 0.753654 0.244875 0.43343
4 0.944454 0.800436 0.111092 0.399129
2 0.483363 0.781158 0.178116 0.437684
0 0.0880368 0.854043 0.176074 0.282178
4 0.643183 0.762764 0.261258 0.474472
3 0.69965 0.0906616 0.600699 0.181323
3 0.43296 0.78187 0.265228 0.436261
4 0.80797 0.40845 0.384059 0.8169
3 0.0448487 0.220553 0.0896973 0.441106
4 0.648723 0.259483 0.702554 0.518966
0 0.204835 0.834186 0.392467 0.318091
0 0.43296 0.78187 0.265228 0.436261
3 0.0379461 0.701251 0.0758922 0.597498
3 0.0202956 0.448482 0.0405912 0.643651
0 0.0548699 0.643105 0.10905 0.279424
3 0.479249 0.635014 0.103172 0.55985
3 0.0788688 0.75875 0.157738 0.479936
3 0.0188311 0.37198 0.0376622 0.704178
0 0.811942 0.746694 0.37534 0.506612
3 0.346428 0.0343629 0.692856 0.0687258
3 0.407547 0.153798 0.815095 0.307597
0 0.0202956 0.448482 0.0405912 0.643651
4 0.413002 0.229792 0.784751 0.459584
0 0.360829 0.717368 0.247378 0.565264
0 0.218965 0.831789 0.402056 0.336423
4 0.69965 0.0906616 0.600699 0.181323
4 0.67689 0.766125 0.264926 0.450543
3 0.0213828 0.542175 0.0427656 0.532109
3 0.085019 0.330409 0.170038 0.660818
4 0.769953 0.0601967 0.460093 0.120393
3 0.0548699 0.643105 0.10905 0.279424
3 0.581289 0.266908 0.8087 0.533816
3 0.293746 0.0493175 0.587491 0.0986351
3 0.1674 0.17677 0.3348 0.353541
3 0.210511 0.25621 0.421022 0.51242
4 0.499196 0.644153 0.092992 0.532674
3 0.274642 0.0755284 0.549284 0.151057
0 0.926221 0.641102 0.147558 0.717796
4 0.381646 0.751078 0.377065 0.349474
3 0.41238 0.778795 0.305445 0.429597
4 0.219181 0.0900214 0.438363 0.180043
4 0.777316 0.501217 0.445369 0.997566
0 0.892777 0.754225 0.214446 0.49155
4 0.1601 0.847185 0.318244 0.298861
0 0.943563 0.796378 0.112874 0.407244
0 0.0788688 0.75875 0.157738 0.479936
1 0.759345 0.765292 0.479805 0.460971
3 0.413002 0.229792 0.784751 0.459584
3 0.141554 0.8414 0.281492 0.30902
3 0.614495 0.275554 0.487793 0.551108
0 0.614495 0.275554 0.487793 0.551108
4 0.127069 0.773643 0.254137 0.448857
0 0.939798 0.444081 0.120405 0.769866
2 0.302816 0.753196 0.338685 0.493608
3 0.0509785 0.586933 0.101957 0.363341
4 0.471962 0.465681 0.304073 0.931362
4 0.534621 0.246351 0.772556 0.492702
4 0.861954 0.502043 0.276092 0.995915
4 0.926221 0.641102 0.147558 0.717796
4 0.427214 0.327457 0.481522 0.654913
4 0.915275 0.292194 0.16945 0.584388
4 0.0385258 0.832896 0.0770515 0.334207
0 0.643183 0.762764 0.261258 0.474472
4 0.285145 0.840281 0.300482 0.319437
0 0.748084 0.348296 0.503672 0.696593
0 0.104099 0.850884 0.208198 0.298233
4 0.346428 0.0343629 0.692856 0.0687258
4 0.941557 0.401983 0.116887 0.77446
0 0.141554 0.8414 0.281492 0.30902
0 0.413002 0.229792 0.784751 0.459584
4 0.0251727 0.659618 0.0503453 0.668437
4 0.0418612 0.768821 0.0837225 0.462358
4 0.497822 0.288661 0.459796 0.577322
2 0.382871 0.737304 0.414717 0.398446
2 0.542566 0.712801 0.254233 0.527906
4 0.806717 0.29305 0.386567 0.586101
4 0.0360671 0.815006 0.0721342 0.369988
0 0.0448487 0.220553 0.0896973 0.441106
4 0.0788688 0.75875 0.157738 0.479936
0 0.0187801 0.267744 0.0375602 0.535488
0 0.861954 0.502043 0.276092 0.995915
4 0.614495 0.275554 0.487793 0.551108
0 0.936084 0.31328 0.127832 0.626559
4 0.0985948 0.85503 0.19719 0.288643
0 0.0171012 0.321199 0.0342025 0.642397
4 0.0448487 0.220553 0.0896973 0.441106
1 0.499196 0.644153 0.092992 0.532674
4 0.407547 0.153798 0.815095 0.307597
4 0.0202956 0.448482 0.0405912 0.643651
2 0.41238 0.778795 0.305445 0.429597
4 0.274642 0.0755284 0.549284 0.151057
4 0.218965 0.831789 0.402056 0.336423
4 0.942269 0.583372 0.115462 0.739548
1 0.0880368 0.854043 0.176074 0.282178
4 0.293746 0.0493175 0.587491 0.0986351
4 0.0379461 0.701251 0.0758922 0.597498
0 0.915275 0.292194 0.16945 0.584388
1 0.176261 0.834296 0.346233 0.321016
4 0.0187801 0.267744 0.0375602 0.535488
4 0.246193 0.793164 0.342631 0.397522
4 0.196239 0.819158 0.380981 0.347526
0 0.0509785 0.586933 0.101957 0.363341
4 0.149119 0.670631 0.289327 0.287291
4 0.748084 0.348296 0.503672 0.696593
2 0.248808 0.773189 0.372964 0.419996
4 0.0188311 0.37198 0.0376622 0.704178
4 0.1674 0.17677 0.3348 0.353541
4 0.31856 0.348687 0.563221 0.697374
4 0.0213828 0.542175 0.0427656 0.532109
4 0.479249 0.635014 0.103172 0.55985
0 0.942269 0.583372 0.115462 0.739548
0 0.515654 0.64899 0.138844 0.544835
0 0.497822 0.288661 0.459796 0.577322
0 0.427214 0.327457 0.481522 0.654913
4 0.48556 0.449967 0.456486 0.899933
4 0.286345 0.760739 0.397301 0.449175
3 0.104099 0.850884 0.208198 0.298233
2 0.285145 0.840281 0.300482 0.319437
2 0.202624 0.313238 0.399822 0.624611
3 0.196239 0.819158 0.380981 0.347526
2 0.161788 0.75769 0.318135 0.471052
4 0.557946 0.488166 0.391812 0.976332
4 0.0548699 0.643105 0.10905 0.279424
4 0.085019 0.330409 0.170038 0.660818
4 0.0602881 0.484803 0.120576 0.604669
0 0.727898 0.583502 0.544204 0.83183
0 0.479249 0.635014 0.103172 0.55985
4 0.515654 0.64899 0.138844 0.544835
4 0.144533 0.476835 0.289067 0.953669
0 0.0385258 0.832896 0.0770515 0.334207
1 0.515654 0.64899 0.138844 0.544835
4 0.4159 0.471417 0.285649 0.942834
0 0.0379461 0.701251 0.0758922 0.597498
0 0.131049 0.313571 0.262097 0.627142
4 0.0509785 0.586933 0.101957 0.363341
4 0.21871 0.402052 0.436392 0.771061
2 0.500736 0.684756 0.11377 0.43879
0 0.407547 0.153798 0.815095 0.307597
4 0.131049 0.313571 0.262097 0.627142
1 0.381646 0.751078 0.377065 0.349474
0 0.221656 0.5 0.422166 1
0 0.15822 0.48394 0.31644 0.967879
0 0.202624 0.313238 0.399822 0.624611
0 0.585722 0.35887 0.494577 0.71774
2 0.939798 0.444081 0.120405 0.769866
4 0.329738 0.457181 0.495445 0.914362
4 0.243937 0.26648 0.487874 0.53296
2 0.944454 0.800436 0.111092 0.399129
4 0.190809 0.327367 0.377718 0.629344
4 0.585722 0.35887 0.494577 0.71774
0 0.142795 0.593336 0.28559 0.518777
4 0.0710029 0.430168 0.142006 0.737939
1 0.189571 0.763166 0.377809 0.468748
1 0.246193 0.793164 0.342631 0.397522
2 0.303867 0.562825 0.272718 0.874349
4 0.142795 0.593336 0.28559 0.518777
0 0.5105 0.468598 0.343423 0.937196
2 0.149119 0.670631 0.289327 0.287291
4 0.689783 0.496211 0.620435 0.992423
0 0.100033 0.602227 0.196576 0.344589
0 0.243937 0.26648 0.487874 0.53296
2 0.376219 0.762965 0.387929 0.474071
4 0.11744 0.420376 0.23488 0.803489
0 0.0360671 0.815006 0.0721342 0.369988
0 0.0602881 0.484803 0.120576 0.604669
0 0.085019 0.330409 0.170038 0.660818
1 0.944454 0.800436 0.111092 0.399129
2 0.743087 0.753266 0.513826 0.486426
4 0.346463 0.482619 0.310266 0.965238
4 0.551402 0.517743 0.275029 0.935513
1 0.828445 0.782264 0.34311 0.435473
4 0.358397 0.523772 0.231819 0.858319
2 0.936084 0.31328 0.127832 0.626559
4 0.100033 0.602227 0.196576 0.344589
1 0.697942 0.254759 0.604116 0.509517
2 0.798254 0.49723 0.403492 0.99446
1 0.127069 0.773643 0.254137 0.448857
0 0.0418612 0.768821 0.0837225 0.462358
