0 0.500282 0.738673 0.298467 0.330413
0 0.835409 0.54849 0.163633 0.0782205
1 0.501201 0.735828 0.297713 0.343279
0 0.837331 0.456677 0.170317 0.252547
0 0.813748 0.764925 0.372505 0.466852
0 0.599539 0.354482 0.0431606 0.0755581
0 0.836631 0.738747 0.195234 0.46706
0 0.101927 0.271895 0.0308228 0.0818226
0 0.60077 0.753866 0.519764 0.355284
2 0.502116 0.741421 0.295735 0.313877
0 0.637021 0.403983 0.072604 0.181479
0 0.879483 0.566182 0.241034 0.107919
0 0.50241 0.674278 0.318249 0.427538
3 0.542384 0.785916 0.395247 0.408307
0 0.379186 0.741213 0.578137 0.517575
4 0.501411 0.733089 0.295312 0.340467
4 0.837263 0.54587 0.17116 0.0837046
0 0.572394 0.365752 0.0790715 0.112934
3 0.585453 0.788819 0.368513 0.422361
0 0.0803191 0.83396 0.160519 0.317142
0 0.422528 0.680941 0.146516 0.429101
0 0.382029 0.747167 0.518911 0.476016
3 0.510449 0.779556 0.320167 0.440889
0 0.184216 0.789309 0.361594 0.402319
0 0.928905 0.776432 0.14219 0.447136
0 0.102309 0.239258 0.0375443 0.241939
0 0.26358 0.432548 0.0494547 0.0731677
0 0.676573 0.448168 0.104963 0.289152
3 0.839335 0.449722 0.171914 0.269279
0 0.137926 0.287344 0.073894 0.122884
3 0.845398 0.465389 0.176134 0.376736
3 0.500647 0.759933 0.300236 0.374912
3 0.722878 0.37518 0.203542 0.462393
0 0.147273 0.816736 0.292872 0.349658
3 0.273166 0.344718 0.250776 0.689436
0 0.492651 0.780001 0.28087 0.439998
0 0.879512 0.537919 0.240975 0.102654
0 0.689727 0.745344 0.607185 0.506609
4 0.510449 0.779556 0.320167 0.440889
3 0.669357 0.337234 0.188337 0.584708
0 0.285469 0.446546 0.0767466 0.105437
3 0.881306 0.424476 0.237388 0.549348
3 0.832908 0.544894 0.176304 0.121608
1 0.836272 0.546126 0.174268 0.0809927
3 0.524283 0.580361 0.11462 0.556568
3 0.723709 0.449712 0.205919 0.329496
3 0.742051 0.315795 0.265724 0.626008
0 0.598703 0.323108 0.0428123 0.22753
4 0.818145 0.752807 0.363709 0.483994
0 0.60735 0.403179 0.0622409 0.150003
3 0.810912 0.519334 0.180945 0.309117
3 0.50264 0.611471 0.290342 0.547386
3 0.855963 0.339583 0.231188 0.514839
3 0.424909 0.551546 0.149098 0.501951
3 0.444909 0.392344 0.298023 0.709637
3 0.446191 0.620556 0.171744 0.524305
3 0.496166 0.473899 0.151062 0.542728
3 0.209446 0.350683 0.22295 0.616101
3 0.32485 0.409581 0.144204 0.464335
0 0.249778 0.735677 0.453509 0.528646
3 0.153846 0.30006 0.307692 0.600121
4 0.542384 0.785916 0.395247 0.408307
3 0.18023 0.39166 0.115895 0.22789
3 0.89299 0.332148 0.214019 0.544415
3 0.355643 0.333468 0.281877 0.652976
3 0.103424 0.319425 0.0357064 0.109698
3 0.414543 0.45053 0.193258 0.508387
0 0.287672 0.537222 0.183871 0.219682
3 0.915445 0.396512 0.16911 0.539337
3 0.554624 0.381369 0.15994 0.647504
3 0.499878 0.333281 0.570269 0.666562
3 0.799313 0.306585 0.328138 0.61317
0 0.898364 0.767276 0.203271 0.465449
0 0.738797 0.749123 0.395843 0.501755
3 0.274717 0.39736 0.1232 0.460857
3 0.24553 0.282602 0.491059 0.562288
3 0.216455 0.790919 0.390627 0.418162
3 0.641677 0.368033 0.121901 0.565778
3 0.0731415 0.471618 0.146283 0.319958
3 0.604935 0.30796 0.573494 0.615921
0 0.569072 0.60621 0.151997 0.550739
3 0.10239 0.453014 0.194223 0.231962
0 0.635882 0.419162 0.0928288 0.142639
3 0.33504 0.315151 0.523406 0.630302
2 0.837331 0.456677 0.170317 0.252547
4 0.585453 0.788819 0.368513 0.422361
0 0.295515 0.726555 0.271355 0.546889
3 0.748834 0.280692 0.486111 0.561385
0 0.392147 0.517289 0.106712 0.421575
3 0.602387 0.366168 0.101122 0.556315
3 0.206875 0.442162 0.0951111 0.111526
1 0.837331 0.456677 0.170317 0.252547
3 0.890934 0.460029 0.218131 0.2918
3 0.689106 0.469713 0.0891089 0.213971
3 0.738797 0.749123 0.395843 0.501755
3 0.329199 0.485993 0.122038 0.22514
3 0.226149 0.385921 0.12993 0.421182
3 0.227029 0.730633 0.439798 0.52954
3 0.160295 0.332679 0.170588 0.555604
3 0.2605 0.398414 0.0458343 0.184834
3 0.832699 0.189565 0.334601 0.37913
3 0.668006 0.404392 0.132463 0.402799
0 0.071034 0.0620714 0.142068 0.124143
3 0.346157 0.462265 0.0761406 0.302341
3 0.937864 0.7887 0.124273 0.422599
0 0.602387 0.366168 0.101122 0.556315
3 0.930879 0.321862 0.138242 0.510648
3 0.174708 0.391716 0.115209 0.357677
0 0.174708 0.391716 0.115209 0.357677
0 0.0184689 0.671997 0.0369378 0.499866
3 0.101927 0.271895 0.0308228 0.0818226
3 0.570924 0.394553 0.081974 0.372165
3 0.608822 0.049839 0.675937 0.099678
0 0.2605 0.398414 0.0458343 0.184834
0 0.104799 0.749942 0.209598 0.469516
3 0.250492 0.516192 0.103726 0.2078
3 0.26358 0.432548 0.0494547 0.0731677
0 0.103424 0.319425 0.0357064 0.109698
3 0.902218 0.762614 0.195565 0.474772
3 0.0875784 0.232653 0.175157 0.463006
2 0.48168 0.779189 0.310708 0.441622
3 0.676573 0.448168 0.104963 0.289152
3 0.691824 0.0820031 0.59921 0.164006
0 0.0220475 0.678432 0.044095 0.606632
3 0.789745 0.0779525 0.42051 0.155905
0 0.689106 0.469713 0.0891089 0.213971
3 0.882034 0.530964 0.235931 0.114153
3 0.385742 0.435647 0.131451 0.481892
3 0.146314 0.332798 0.0799 0.132166
4 0.809715 0.810799 0.373652 0.378402
3 0.476415 0.093399 0.854786 0.186798
3 0.879483 0.566182 0.241034 0.107919
0 0.0933514 0.822498 0.186703 0.355004
3 0.102309 0.239258 0.0375443 0.241939
4 0.839335 0.449722 0.171914 0.269279
3 0.815943 0.760339 0.368115 0.479322
0 0.0165466 0.549148 0.0330931 0.51346
0 0.0605163 0.694137 0.121033 0.330676
3 0.285469 0.446546 0.0767466 0.105437
0 0.146314 0.332798 0.0799 0.132166
3 0.392147 0.517289 0.106712 0.421575
3 0.398011 0.61648 0.117127 0.519626
3 0.836631 0.738747 0.195234 0.46706
3 0.104799 0.749942 0.209598 0.469516
0 0.398011 0.61648 0.117127 0.519626
0 0.329199 0.485993 0.122038 0.22514
3 0.587009 0.0686634 0.760882 0.137327
3 0.164541 0.804004 0.319663 0.391992
0 0.845398 0.465389 0.176134 0.376736
3 0.0345184 0.329184 0.0690368 0.554158
0 0.937864 0.7887 0.124273 0.422599
3 0.720493 0.712028 0.241084 0.524104
3 0.071034 0.0620714 0.142068 0.124143
3 0.274769 0.133845 0.549538 0.267689
0 0.0199635 0.428557 0.039927 0.486732
0 0.56377 0.101267 0.821429 0.202534
3 0.0184689 0.671997 0.0369378 0.499866
3 0.123258 0.81876 0.244558 0.36248
3 0.60735 0.403179 0.0622409 0.150003
2 0.836521 0.547859 0.17276 0.0814366
4 0.902218 0.762614 0.195565 0.474772
3 0.287541 0.428407 0.0671943 0.234564
3 0.637021 0.403983 0.072604 0.181479
0 0.216455 0.790919 0.390627 0.418162
3 0.196681 0.12415 0.393362 0.248299
3 0.598703 0.323108 0.0428123 0.22753
4 0.937864 0.7887 0.124273 0.422599
2 0.836631 0.738747 0.195234 0.46706
3 0.290967 0.0859382 0.581935 0.171876
0 0.295125 0.0763377 0.590249 0.152675
3 0.142709 0.76752 0.285417 0.446133
1 0.50241 0.674278 0.318249 0.427538
3 0.382252 0.0808527 0.764504 0.161705
3 0.908105 0.13063 0.18379 0.26126
0 0.0612348 0.763838 0.12247 0.448748
0 0.274769 0.133845 0.549538 0.267689
3 0.12002 0.0995482 0.24004 0.199096
0 0.641677 0.368033 0.121901 0.565778
0 0.287541 0.428407 0.0671943 0.234564
3 0.635882 0.419162 0.0928288 0.142639
0 0.133197 0.325203 0.105374 0.473661
3 0.599539 0.354482 0.0431606 0.0755581
0 0.250492 0.516192 0.103726 0.2078
0 0.691824 0.0820031 0.59921 0.164006
3 0.0220475 0.678432 0.044095 0.606632
0 0.355643 0.333468 0.281877 0.652976
3 0.406346 0.788449 0.319734 0.423102
3 0.872682 0.069057 0.254636 0.138114
0 0.18023 0.39166 0.115895 0.22789
0 0.424909 0.551546 0.149098 0.501951
3 0.0298213 0.36961 0.0596427 0.52014
2 0.101927 0.271895 0.0308228 0.0818226
2 0.805357 0.751785 0.37648 0.489861
0 0.634492 0.40126 0.0814476 0.381986
0 0.0357743 0.810717 0.0715486 0.378567
0 0.406346 0.788449 0.319734 0.423102
3 0.287672 0.537222 0.183871 0.219682
3 0.572394 0.365752 0.0790715 0.112934
0 0.872682 0.069057 0.254636 0.138114
0 0.832908 0.544894 0.176304 0.121608
0 0.444362 0.0881426 0.807512 0.176285
0 0.160295 0.332679 0.170588 0.555604
3 0.634492 0.40126 0.0814476 0.381986
3 0.133197 0.325203 0.105374 0.473661
0 0.0312006 0.721402 0.0624011 0.556714
0 0.587009 0.0686634 0.760882 0.137327
0 0.346157 0.462265 0.0761406 0.302341
3 0.0165466 0.549148 0.0330931 0.51346
0 0.0241457 0.213915 0.0482915 0.42783
0 0.936961 0.258575 0.126078 0.443181
0 0.608822 0.049839 0.675937 0.099678
0 0.908105 0.13063 0.18379 0.26126
3 0.193446 0.7886 0.378394 0.4228
1 0.813748 0.764925 0.372505 0.466852
2 0.60077 0.753866 0.519764 0.355284
3 0.0199635 0.428557 0.039927 0.486732
0 0.196681 0.12415 0.393362 0.248299
0 0.226149 0.385921 0.12993 0.421182
3 0.928905 0.776432 0.14219 0.447136
1 0.738797 0.749123 0.395843 0.501755
3 0.0920714 0.615504 0.184143 0.354619
3 0.0241457 0.213915 0.0482915 0.42783
3 0.569072 0.60621 0.151997 0.550739
4 0.418374 0.779295 0.448981 0.422233
3 0.0634687 0.259289 0.126937 0.502536
0 0.33504 0.315151 0.523406 0.630302
4 0.212029 0.754215 0.418874 0.480623
3 0.60077 0.753866 0.519764 0.355284
3 0.0605163 0.694137 0.121033 0.330676
4 0.598703 0.323108 0.0428123 0.22753
3 0.0342304 0.767218 0.0684607 0.465564
3 0.0549154 0.334789 0.109831 0.457381
0 0.791454 0.811797 0.390298 0.376405
0 0.83121 0.346107 0.214849 0.485727
3 0.295515 0.726555 0.271355 0.546889
0 0.273166 0.344718 0.250776 0.689436
0 0.12002 0.0995482 0.24004 0.199096
4 0.0397481 0.823474 0.0794962 0.353051
0 0.0920714 0.615504 0.184143 0.354619
3 0.0397481 0.823474 0.0794962 0.353051
0 0.789745 0.0779525 0.42051 0.155905
3 0.587436 0.729051 0.464555 0.520097
3 0.689727 0.745344 0.607185 0.506609
0 0.720493 0.712028 0.241084 0.524104
0 0.0397481 0.823474 0.0794962 0.353051
0 0.0875784 0.232653 0.175157 0.463006
0 0.524283 0.580361 0.11462 0.556568
3 0.137926 0.287344 0.073894 0.122884
3 0.0612348 0.763838 0.12247 0.448748
0 0.453763 0.336411 0.552067 0.672822
3 0.0572286 0.445752 0.114457 0.396432
4 0.216455 0.790919 0.390627 0.418162
4 0.930879 0.321862 0.138242 0.510648
0 0.206875 0.442162 0.0951111 0.111526
4 0.599539 0.354482 0.0431606 0.0755581
0 0.0731415 0.471618 0.146283 0.319958
4 0.928905 0.776432 0.14219 0.447136
0 0.446191 0.620556 0.171744 0.524305
0 0.164541 0.804004 0.319663 0.391992
0 0.570924 0.394553 0.081974 0.372165
0 0.550302 0.321646 0.568081 0.643293
4 0.550302 0.321646 0.568081 0.643293
0 0.0634687 0.259289 0.126937 0.502536
4 0.602387 0.366168 0.101122 0.556315
2 0.406346 0.788449 0.319734 0.423102
4 0.102309 0.239258 0.0375443 0.241939
0 0.124317 0.295004 0.248635 0.590009
0 0.554624 0.381369 0.15994 0.647504
1 0.148277 0.804495 0.293527 0.375043
4 0.56377 0.101267 0.821429 0.202534
2 0.102309 0.239258 0.0375443 0.241939
0 0.915445 0.396512 0.16911 0.539337
4 0.406346 0.788449 0.319734 0.423102
4 0.845398 0.465389 0.176134 0.376736
0 0.209446 0.350683 0.22295 0.616101
0 0.0345184 0.329184 0.0690368 0.554158
3 0.418374 0.779295 0.448981 0.422233
4 0.164541 0.804004 0.319663 0.391992
4 0.33504 0.315151 0.523406 0.630302
0 0.0298213 0.36961 0.0596427 0.52014
3 0.558658 0.697072 0.302917 0.515734
0 0.668006 0.404392 0.132463 0.402799
4 0.908105 0.13063 0.18379 0.26126
4 0.620603 0.761512 0.54926 0.415822
0 0.587436 0.729051 0.464555 0.520097
0 0.0571585 0.377212 0.106806 0.340436
4 0.0933514 0.822498 0.186703 0.355004
0 0.149925 0.694274 0.273199 0.549611
4 0.444362 0.0881426 0.807512 0.176285
0 0.10239 0.453014 0.194223 0.231962
0 0.780545 0.247494 0.438909 0.494988
2 0.569072 0.60621 0.151997 0.550739
4 0.915445 0.396512 0.16911 0.539337
4 0.789745 0.0779525 0.42051 0.155905
2 0.195105 0.738152 0.387441 0.509172
4 0.0803191 0.83396 0.160519 0.317142
4 0.587009 0.0686634 0.760882 0.137327
0 0.225441 0.296109 0.450882 0.590439
0 0.832699 0.189565 0.334601 0.37913
4 0.872682 0.069057 0.254636 0.138114
0 0.500282 0.738687 0.298474 0.330411
0 0.835406 0.548496 0.163623 0.0782196
1 0.501205 0.735845 0.297729 0.343266
0 0.837337 0.456747 0.170309 0.252406
0 0.813785 0.764939 0.37243 0.466838
0 0.599583 0.354319 0.0431587 0.0752105
0 0.836641 0.738425 0.195166 0.466416
0 0.101944 0.271899 0.030839 0.0818075
0 0.599192 0.753882 0.516596 0.35524
2 0.502122 0.741453 0.29573 0.313874
0 0.637243 0.403013 0.0722121 0.179509
0 0.879465 0.566194 0.241071 0.107927
0 0.50241 0.674282 0.31821 0.427495
3 0.541864 0.785926 0.394167 0.408316
0 0.379591 0.741221 0.577805 0.517557
4 0.501417 0.733119 0.295314 0.340442
4 0.837272 0.545869 0.171173 0.0837059
3 0.585445 0.788853 0.367579 0.422294
0 0.572413 0.365427 0.0790395 0.112241
0 0.0804693 0.833997 0.160826 0.317095
0 0.422477 0.680893 0.146067 0.428923
0 0.382665 0.746992 0.517664 0.475696
3 0.510404 0.779608 0.320015 0.440783
0 0.183917 0.789557 0.361025 0.401848
0 0.929052 0.776391 0.141895 0.447217
0 0.10232 0.239227 0.0375629 0.241826
3 0.839347 0.449821 0.171904 0.269095
0 0.263614 0.432463 0.0494872 0.0728736
0 0.676921 0.447878 0.104173 0.288466
3 0.845426 0.465406 0.176077 0.376657
3 0.50065 0.759948 0.300255 0.374942
3 0.722845 0.375392 0.203208 0.461723
0 0.13794 0.287263 0.0739357 0.122687
3 0.273094 0.344673 0.250251 0.689347
0 0.147027 0.816797 0.292394 0.349561
0 0.492604 0.780005 0.280793 0.439991
4 0.510404 0.779608 0.320015 0.440783
0 0.879501 0.537917 0.240997 0.102624
0 0.689794 0.745418 0.606861 0.50656
3 0.669421 0.337459 0.187923 0.58425
3 0.881391 0.424442 0.237218 0.549309
3 0.832922 0.544777 0.176306 0.12124
3 0.524435 0.580302 0.114449 0.556328
1 0.836256 0.546126 0.174232 0.0809938
3 0.72368 0.449761 0.205569 0.329267
3 0.742108 0.31596 0.265253 0.625745
0 0.28559 0.446362 0.0764711 0.104904
4 0.818275 0.752824 0.363451 0.484078
0 0.598755 0.322677 0.0427845 0.226131
3 0.810871 0.519024 0.180752 0.30805
3 0.502651 0.611546 0.290263 0.547242
3 0.855968 0.339717 0.230996 0.51452
3 0.425031 0.551121 0.14855 0.500875
0 0.607392 0.403057 0.0622105 0.149635
3 0.445065 0.392511 0.297529 0.709205
3 0.446072 0.620657 0.171258 0.524086
3 0.496401 0.473776 0.150595 0.542216
3 0.209408 0.35067 0.222518 0.615788
3 0.325735 0.408941 0.14194 0.46182
3 0.153616 0.300223 0.307233 0.600445
4 0.541864 0.785926 0.394167 0.408316
0 0.249709 0.73565 0.452958 0.528701
3 0.180448 0.3915 0.115645 0.227099
3 0.893145 0.332212 0.213711 0.544156
3 0.355902 0.33345 0.280911 0.652452
3 0.103442 0.31947 0.0357366 0.109515
3 0.414504 0.450174 0.19286 0.5071
3 0.554539 0.381488 0.159784 0.647196
3 0.915582 0.39663 0.168835 0.538668
3 0.499939 0.33342 0.569812 0.66684
0 0.287635 0.535565 0.182833 0.216365
3 0.799268 0.306633 0.327936 0.613266
3 0.274861 0.396935 0.122585 0.459593
3 0.245478 0.283276 0.490956 0.56361
3 0.21638 0.79121 0.389933 0.41758
3 0.641766 0.368133 0.121376 0.565443
3 0.0731532 0.47176 0.146306 0.319709
0 0.738918 0.749123 0.395415 0.501754
3 0.605088 0.308093 0.573024 0.616186
0 0.89842 0.767291 0.203161 0.465419
3 0.102362 0.452943 0.194241 0.231494
3 0.335114 0.315403 0.522781 0.630807
4 0.585445 0.788853 0.367579 0.422294
2 0.837337 0.456747 0.170309 0.252406
3 0.748924 0.281268 0.485794 0.562536
0 0.569256 0.606145 0.151455 0.550393
3 0.207147 0.442027 0.094712 0.111114
3 0.602354 0.366221 0.100818 0.555886
0 0.636095 0.418942 0.0925625 0.141786
3 0.89118 0.460051 0.217641 0.291482
1 0.837337 0.456747 0.170309 0.252406
0 0.295545 0.726611 0.270403 0.546778
0 0.392215 0.51664 0.10628 0.420088
3 0.68972 0.469137 0.0877417 0.212258
3 0.738918 0.749123 0.395415 0.501754
3 0.32956 0.485126 0.12084 0.223049
3 0.226381 0.385567 0.129324 0.42042
3 0.226872 0.730604 0.439268 0.529582
3 0.160317 0.332601 0.170583 0.555858
3 0.260527 0.397934 0.0458215 0.183669
3 0.832941 0.190319 0.334118 0.380638
3 0.668172 0.404394 0.132025 0.402156
3 0.346407 0.461499 0.0754005 0.300663
3 0.937964 0.788625 0.124071 0.42275
3 0.930886 0.321944 0.138227 0.510724
3 0.174765 0.391552 0.115205 0.357261
3 0.101944 0.271899 0.030839 0.0818075
3 0.570948 0.393988 0.0819075 0.370776
0 0.0704554 0.0623221 0.140911 0.124644
3 0.608934 0.0502166 0.675722 0.100433
0 0.602354 0.366221 0.100818 0.555886
3 0.250774 0.515078 0.102912 0.205562
3 0.263614 0.432463 0.0494872 0.0728736
0 0.0184871 0.672293 0.0369741 0.498122
0 0.174765 0.391552 0.115205 0.357261
3 0.902292 0.762634 0.195416 0.474733
3 0.0875203 0.232954 0.175041 0.463586
0 0.260527 0.397934 0.0458215 0.183669
2 0.481617 0.779199 0.310676 0.441603
3 0.676921 0.447878 0.104173 0.288466
3 0.691928 0.0826856 0.598894 0.165371
0 0.104689 0.749992 0.209379 0.469163
3 0.789851 0.0783998 0.420298 0.1568
3 0.882183 0.530955 0.235634 0.114077
3 0.146367 0.332808 0.0798467 0.131846
3 0.385756 0.435031 0.130856 0.48001
0 0.103442 0.31947 0.0357366 0.109515
4 0.809724 0.810543 0.373566 0.378913
3 0.879465 0.566194 0.241071 0.107927
3 0.47636 0.0945348 0.854142 0.18907
3 0.10232 0.239227 0.0375629 0.241826
0 0.68972 0.469137 0.0877417 0.212258
0 0.0220692 0.678608 0.0441383 0.606225
4 0.839347 0.449821 0.171904 0.269095
3 0.815979 0.76002 0.368041 0.47996
3 0.28559 0.446362 0.0764711 0.104904
0 0.0934511 0.822613 0.186902 0.354775
3 0.392215 0.51664 0.10628 0.420088
3 0.39824 0.616321 0.116373 0.518776
3 0.836641 0.738425 0.195166 0.466416
3 0.104689 0.749992 0.209379 0.469163
0 0.0605174 0.693215 0.121035 0.328623
0 0.0165541 0.549457 0.0331081 0.511997
0 0.146367 0.332808 0.0798467 0.131846
3 0.587121 0.0694826 0.760646 0.138965
0 0.39824 0.616321 0.116373 0.518776
3 0.164441 0.804349 0.319477 0.391303
3 0.0345585 0.329378 0.0691169 0.554075
0 0.32956 0.485126 0.12084 0.223049
3 0.721011 0.711575 0.239892 0.52308
3 0.0704554 0.0623221 0.140911 0.124644
3 0.274474 0.135251 0.548947 0.270503
0 0.845426 0.465406 0.176077 0.376657
3 0.0184871 0.672293 0.0369741 0.498122
3 0.12322 0.818849 0.244502 0.362303
3 0.607392 0.403057 0.0622105 0.149635
2 0.836497 0.547859 0.172705 0.081436
4 0.902292 0.762634 0.195416 0.474733
3 0.287717 0.427895 0.0667535 0.233392
0 0.937964 0.788625 0.124071 0.42275
3 0.637243 0.403013 0.0722121 0.179509
3 0.195775 0.125197 0.39155 0.250395
0 0.0199678 0.428835 0.0399356 0.485981
3 0.598755 0.322677 0.0427845 0.226131
0 0.563926 0.102408 0.821005 0.204816
4 0.937964 0.788625 0.124071 0.42275
3 0.29074 0.0867102 0.581481 0.17342
2 0.836641 0.738425 0.195166 0.466416
0 0.21638 0.79121 0.389933 0.41758
3 0.142254 0.767497 0.284508 0.446246
3 0.381759 0.0815487 0.763518 0.163097
1 0.50241 0.674282 0.31821 0.427495
3 0.90831 0.130884 0.183381 0.261769
0 0.294823 0.0768959 0.589646 0.153792
3 0.119257 0.100333 0.238514 0.200666
3 0.636095 0.418942 0.0925625 0.141786
3 0.599583 0.354319 0.0431587 0.0752105
3 0.0220692 0.678608 0.0441383 0.606225
3 0.406171 0.788716 0.318907 0.422568
3 0.872906 0.0693154 0.254188 0.138631
0 0.274474 0.135251 0.548947 0.270503
0 0.0612082 0.763862 0.122416 0.448751
0 0.287717 0.427895 0.0667535 0.233392
0 0.641766 0.368133 0.121376 0.565443
0 0.133218 0.325191 0.10543 0.473924
3 0.029841 0.369721 0.059682 0.519983
0 0.250774 0.515078 0.102912 0.205562
2 0.101944 0.271899 0.030839 0.0818075
2 0.805291 0.751794 0.376436 0.489896
0 0.355902 0.33345 0.280911 0.652452
0 0.691928 0.0826856 0.598894 0.165371
3 0.572413 0.365427 0.0790395 0.112241
3 0.287635 0.535565 0.182833 0.216365
0 0.180448 0.3915 0.115645 0.227099
0 0.425031 0.551121 0.14855 0.500875
0 0.634674 0.400989 0.0809784 0.380765
3 0.634674 0.400989 0.0809784 0.380765
3 0.133218 0.325191 0.10543 0.473924
0 0.406171 0.788716 0.318907 0.422568
0 0.0358006 0.810747 0.0716011 0.378506
0 0.872906 0.0693154 0.254188 0.138631
3 0.0165541 0.549457 0.0331081 0.511997
0 0.160317 0.332601 0.170583 0.555858
0 0.832922 0.544777 0.176306 0.12124
0 0.444231 0.0891748 0.806908 0.17835
0 0.0312161 0.721442 0.0624322 0.55671
0 0.346407 0.461499 0.0754005 0.300663
0 0.587121 0.0694826 0.760646 0.138965
3 0.19323 0.788869 0.377897 0.422261
0 0.024139 0.214532 0.048278 0.429065
2 0.599192 0.753882 0.516596 0.35524
3 0.0199678 0.428835 0.0399356 0.485981
0 0.936955 0.258781 0.126089 0.444331
1 0.813785 0.764939 0.37243 0.466838
0 0.608934 0.0502166 0.675722 0.100433
3 0.0920814 0.615349 0.184163 0.354043
3 0.929052 0.776391 0.141895 0.447217
1 0.738918 0.749123 0.395415 0.501754
3 0.569256 0.606145 0.151455 0.550393
3 0.024139 0.214532 0.048278 0.429065
0 0.90831 0.130884 0.183381 0.261769
4 0.418921 0.779312 0.447901 0.422275
3 0.0634083 0.259823 0.126817 0.503546
3 0.599192 0.753882 0.516596 0.35524
0 0.195775 0.125197 0.39155 0.250395
4 0.21185 0.754143 0.418538 0.480856
0 0.226381 0.385567 0.129324 0.42042
3 0.0605174 0.693215 0.121035 0.328623
4 0.598755 0.322677 0.0427845 0.226131
3 0.0342549 0.767165 0.0685098 0.465669
3 0.0549221 0.335054 0.109844 0.457985
3 0.295545 0.726611 0.270403 0.546778
0 0.335114 0.315403 0.522781 0.630807
4 0.0397972 0.82353 0.0795944 0.352941
3 0.0397972 0.82353 0.0795944 0.352941
3 0.587304 0.72918 0.464235 0.520176
3 0.689794 0.745418 0.606861 0.50656
0 0.791271 0.811741 0.389706 0.376517
0 0.831157 0.346252 0.214894 0.485514
0 0.273094 0.344673 0.250251 0.689347
3 0.13794 0.287263 0.0739357 0.122687
3 0.0612082 0.763862 0.122416 0.448751
0 0.119257 0.100333 0.238514 0.200666
0 0.0920814 0.615349 0.184163 0.354043
0 0.789851 0.0783998 0.420298 0.1568
0 0.721011 0.711575 0.239892 0.52308
3 0.0572291 0.445924 0.114458 0.395987
0 0.0397972 0.82353 0.0795944 0.352941
0 0.524435 0.580302 0.114449 0.556328
0 0.0875203 0.232954 0.175041 0.463586
4 0.21638 0.79121 0.389933 0.41758
4 0.930886 0.321944 0.138227 0.510724
0 0.453836 0.336558 0.551371 0.673116
4 0.599583 0.354319 0.0431587 0.0752105
4 0.929052 0.776391 0.141895 0.447217
0 0.207147 0.442027 0.094712 0.111114
0 0.0731532 0.47176 0.146306 0.319709
4 0.550399 0.321728 0.567662 0.643455
4 0.602354 0.366221 0.100818 0.555886
2 0.406171 0.788716 0.318907 0.422568
0 0.446072 0.620657 0.171258 0.524086
0 0.164441 0.804349 0.319477 0.391303
0 0.570948 0.393988 0.0819075 0.370776
4 0.10232 0.239227 0.0375629 0.241826
0 0.550399 0.321728 0.567662 0.643455
4 0.563926 0.102408 0.821005 0.204816
1 0.148136 0.804801 0.29326 0.374473
2 0.10232 0.239227 0.0375629 0.241826
4 0.845426 0.465406 0.176077 0.376657
4 0.406171 0.788716 0.318907 0.422568
0 0.0634083 0.259823 0.126817 0.503546
3 0.418921 0.779312 0.447901 0.422275
4 0.164441 0.804349 0.319477 0.391303
0 0.124239 0.295264 0.248479 0.590527
4 0.335114 0.315403 0.522781 0.630807
0 0.554539 0.381488 0.159784 0.647196
3 0.558735 0.697031 0.302664 0.515599
0 0.915582 0.39663 0.168835 0.538668
0 0.209408 0.35067 0.222518 0.615788
0 0.0345585 0.329378 0.0691169 0.554075
4 0.90831 0.130884 0.183381 0.261769
4 0.619875 0.761738 0.54777 0.415929
0 0.029841 0.369721 0.059682 0.519983
0 0.668172 0.404394 0.132025 0.402156
4 0.0934511 0.822613 0.186902 0.354775
4 0.444231 0.0891748 0.806908 0.17835
4 0.915582 0.39663 0.168835 0.538668
2 0.569256 0.606145 0.151455 0.550393
0 0.587304 0.72918 0.464235 0.520176
0 0.0571508 0.37751 0.106837 0.340945
4 0.789851 0.0783998 0.420298 0.1568
4 0.0804693 0.833997 0.160826 0.317095
2 0.194755 0.73817 0.38676 0.509135
4 0.587121 0.0694826 0.760646 0.138965
4 0.872906 0.0693154 0.254188 0.138631
4 0.0704554 0.0623221 0.140911 0.124644
4 0.453836 0.336558 0.551371 0.673116
4 0.0358006 0.810747 0.0716011 0.378506
0 0.149988 0.694003 0.272874 0.548921
4 0.245478 0.283276 0.490956 0.56361
