0 0.781844 0.724427 0.436311 0.540926
0 0.451308 0.716225 0.600692 0.53391
0 0.352459 0.767801 0.684847 0.442372
0 0.77381 0.522858 0.452379 0.954283
0 0.243769 0.762391 0.47604 0.463303
3 0.809661 0.725516 0.380678 0.548968
0 0.447544 0.273664 0.456985 0.53487
3 0.356206 0.5 0.702818 1
4 0.767922 0.718408 0.464157 0.550822
0 0.664355 0.730963 0.493611 0.517471
3 0.752834 0.50796 0.494332 0.984081
0 0.380768 0.513927 0.757439 0.945433
3 0.889485 0.72726 0.221029 0.545481
0 0.500999 0.495439 0.365747 0.942453
3 0.239611 0.775808 0.468793 0.448385
0 0.562246 0.704398 0.504172 0.555583
3 0.168599 0.797221 0.313651 0.405558
0 0.457037 0.0419062 0.891921 0.0838123
3 0.293258 0.503504 0.571482 0.992992
3 0.936638 0.567817 0.126724 0.864366
3 0.601403 0.504669 0.797195 0.990661
3 0.939387 0.780704 0.121226 0.438592
3 0.626273 0.734683 0.372198 0.530634
3 0.721715 0.719601 0.435234 0.560799
0 0.0669001 0.801164 0.133064 0.397671
3 0.857878 0.726535 0.284243 0.546929
0 0.938046 0.756605 0.123908 0.486789
3 0.412121 0.773323 0.549967 0.453353
3 0.76027 0.725165 0.472286 0.538389
3 0.156202 0.148717 0.312404 0.297435
3 0.525113 0.745863 0.489051 0.508274
0 0.156202 0.148717 0.312404 0.297435
3 0.562246 0.704398 0.504172 0.555583
3 0.133914 0.504496 0.267561 0.960948
3 0.451308 0.716225 0.600692 0.53391
3 0.500999 0.495439 0.365747 0.942453
3 0.206388 0.50458 0.40457 0.99084
3 0.212698 0.597142 0.420738 0.793255
3 0.760635 0.336851 0.431254 0.583846
4 0.562246 0.704398 0.504172 0.555583
0 0.857878 0.726535 0.284243 0.546929
4 0.243841 0.767054 0.477581 0.457673
4 0.753953 0.502571 0.492094 0.986572
3 0.938046 0.756605 0.123908 0.486789
0 0.347335 0.0843413 0.69467 0.168683
0 0.0117659 0.636442 0.0235318 0.720227
3 0.227212 0.700393 0.446228 0.575407
3 0.0253739 0.280356 0.0507478 0.560713
0 0.809237 0.090803 0.381526 0.181606
4 0.889485 0.72726 0.221029 0.545481
3 0.555381 0.330904 0.562267 0.65317
0 0.602806 0.0717028 0.794389 0.143406
3 0.0112047 0.772711 0.0224093 0.454578
3 0.142745 0.226978 0.283804 0.428351
4 0.842415 0.732359 0.315169 0.535282
4 0.939387 0.780704 0.121226 0.438592
0 0.568725 0.494487 0.530953 0.975373
3 0.803889 0.437024 0.392221 0.822315
3 0.788642 0.611738 0.422716 0.776524
3 0.193702 0.767216 0.385388 0.460899
3 0.54425 0.038768 0.911499 0.0775359
0 0.136605 0.794698 0.269948 0.410603
4 0.192025 0.790517 0.367281 0.418965
4 0.447544 0.273664 0.456985 0.53487
4 0.940557 0.722723 0.118886 0.54312
0 0.562158 0.0505697 0.85897 0.101139
3 0.937255 0.670773 0.125491 0.56461
4 0.788642 0.611738 0.422716 0.776524
3 0.0117659 0.636442 0.0235318 0.720227
3 0.0197458 0.47815 0.0394916 0.798998
3 0.0143454 0.561258 0.0286908 0.777982
0 0.300402 0.146231 0.600805 0.292463
3 0.568725 0.494487 0.530953 0.975373
3 0.776254 0.148492 0.447492 0.296984
0 0.650233 0.135425 0.699534 0.270851
3 0.602806 0.0717028 0.794389 0.143406
3 0.0241436 0.794719 0.0482872 0.410562
3 0.0387392 0.216558 0.0774784 0.433116
3 0.390289 0.0470123 0.769219 0.0940247
3 0.793527 0.28712 0.412946 0.574239
3 0.0166356 0.791837 0.0332712 0.416325
4 0.338733 0.771777 0.508676 0.456446
4 0.128868 0.806705 0.253038 0.38659
0 0.357085 0.279674 0.590294 0.553188
3 0.723059 0.217725 0.553882 0.43545
3 0.347335 0.0843413 0.69467 0.168683
3 0.809237 0.090803 0.381526 0.181606
3 0.212648 0.149135 0.425296 0.298271
3 0.0241305 0.386847 0.0482611 0.746138
4 0.451308 0.716225 0.600692 0.53391
0 0.0143454 0.561258 0.0286908 0.777982
3 0.874386 0.228006 0.251229 0.456012
3 0.139125 0.361498 0.277946 0.708468
3 0.0325158 0.344597 0.0650315 0.689193
4 0.0800704 0.797211 0.160141 0.405578
3 0.0771619 0.784673 0.153965 0.430655
4 0.562158 0.0505697 0.85897 0.101139
4 0.936638 0.567817 0.126724 0.864366
3 0.436356 0.502429 0.502101 0.995142
4 0.358745 0.500114 0.672431 0.999771
4 0.721715 0.719601 0.435234 0.560799
3 0.336136 0.715741 0.666805 0.539059
0 0.937255 0.670773 0.125491 0.56461
4 0.525113 0.745863 0.489051 0.508274
3 0.300402 0.146231 0.600805 0.292463
4 0.357085 0.279674 0.590294 0.553188
4 0.59444 0.344722 0.688535 0.667037
4 0.0241436 0.794719 0.0482872 0.410562
4 0.500999 0.495439 0.365747 0.942453
4 0.648749 0.735046 0.381245 0.520155
4 0.626273 0.734683 0.372198 0.530634
4 0.428926 0.770206 0.571907 0.459588
3 0.648749 0.735046 0.381245 0.520155
0 0.463958 0.760345 0.562407 0.479311
0 0.0166356 0.791837 0.0332712 0.416325
4 0.457037 0.0419062 0.891921 0.0838123
3 0.650233 0.135425 0.699534 0.270851
4 0.362273 0.756515 0.711486 0.47669
4 0.602806 0.0717028 0.794389 0.143406
0 0.723059 0.217725 0.553882 0.43545
0 0.776254 0.148492 0.447492 0.296984
0 0.436356 0.502429 0.502101 0.995142
4 0.568725 0.494487 0.530953 0.975373
0 0.0241436 0.794719 0.0482872 0.410562
0 0.874386 0.228006 0.251229 0.456012
3 0.493192 0.291114 0.819767 0.582228
0 0.212648 0.149135 0.425296 0.298271
0 0.0112047 0.772711 0.0224093 0.454578
3 0.206698 0.212666 0.410333 0.421793
3 0.32459 0.268469 0.636548 0.536938
0 0.0387392 0.216558 0.0774784 0.433116
0 0.939387 0.780704 0.121226 0.438592
4 0.689661 0.329289 0.521523 0.617761
0 0.82074 0.296928 0.35852 0.561327
3 0.473725 0.317746 0.439339 0.630814
1 0.441296 0.778749 0.573212 0.420755
4 0.0117659 0.636442 0.0235318 0.720227
0 0.212698 0.597142 0.420738 0.793255
3 0.084966 0.617542 0.169932 0.644628
3 0.937329 0.288118 0.125342 0.525326
4 0.468052 0.502871 0.462371 0.994258
3 0.419917 0.276581 0.499722 0.542791
0 0.937329 0.288118 0.125342 0.525326
0 0.932521 0.523308 0.134958 0.953384
4 0.156202 0.148717 0.312404 0.297435
0 0.59444 0.344722 0.688535 0.667037
3 0.123808 0.497218 0.247615 0.71766
4 0.0166356 0.791837 0.0332712 0.416325
0 0.0197458 0.47815 0.0394916 0.798998
4 0.809237 0.090803 0.381526 0.181606
4 0.616344 0.499209 0.767311 0.986761
0 0.676108 0.497767 0.647784 0.983867
3 0.205093 0.298461 0.400356 0.588084
4 0.0246919 0.448728 0.0493838 0.803727
0 0.0253739 0.280356 0.0507478 0.560713
2 0.233039 0.76396 0.461841 0.462958
4 0.206698 0.212666 0.410333 0.421793
0 0.15142 0.590323 0.301852 0.819355
0 0.809661 0.725516 0.380678 0.548968
2 0.362273 0.756515 0.711486 0.47669
4 0.0112047 0.772711 0.0224093 0.454578
0 0.375049 0.773214 0.524305 0.453572
4 0.650233 0.135425 0.699534 0.270851
0 0.626273 0.734683 0.372198 0.530634
4 0.0325158 0.344597 0.0650315 0.689193
4 0.0387392 0.216558 0.0774784 0.433116
0 0.889485 0.72726 0.221029 0.545481
4 0.826371 0.502174 0.347257 0.946156
1 0.810757 0.298284 0.378088 0.570514
3 0.689078 0.321806 0.621844 0.643612
4 0.133066 0.169938 0.266132 0.31995
4 0.0143454 0.561258 0.0286908 0.777982
4 0.538676 0.28651 0.526424 0.564227
4 0.0253739 0.280356 0.0507478 0.560713
4 0.212698 0.597142 0.420738 0.793255
4 0.206388 0.50458 0.40457 0.99084
2 0.767402 0.724715 0.465196 0.538575
4 0.347335 0.0843413 0.69467 0.168683
0 0.142745 0.226978 0.283804 0.428351
1 0.157477 0.319596 0.309589 0.62867
4 0.493192 0.291114 0.819767 0.582228
3 0.133066 0.169938 0.266132 0.31995
1 0.223795 0.773692 0.443516 0.450662
4 0.300402 0.146231 0.600805 0.292463
4 0.874386 0.228006 0.251229 0.456012
0 0.133066 0.169938 0.266132 0.31995
4 0.170264 0.145098 0.340528 0.290196
4 0.205093 0.298461 0.400356 0.588084
4 0.683646 0.216812 0.632707 0.433623
2 0.471555 0.76815 0.671473 0.443498
0 0.493192 0.291114 0.819767 0.582228
0 0.206698 0.212666 0.410333 0.421793
4 0.937329 0.288118 0.125342 0.525326
1 0.538676 0.28651 0.526424 0.564227
0 0.0325158 0.344597 0.0650315 0.689193
0 0.721715 0.719601 0.435234 0.560799
4 0.776254 0.148492 0.447492 0.296984
2 0.133066 0.169938 0.266132 0.31995
0 0.538676 0.28651 0.526424 0.564227
2 0.938046 0.756605 0.123908 0.486789
0 0.689661 0.329289 0.521523 0.617761
4 0.82074 0.296928 0.35852 0.561327
4 0.133914 0.504496 0.267561 0.960948
4 0.142745 0.226978 0.283804 0.428351
1 0.154788 0.50692 0.30432 0.98616
0 0.0241305 0.386847 0.0482611 0.746138
1 0.439377 0.284504 0.468761 0.566663
4 0.084966 0.617542 0.169932 0.644628
4 0.27099 0.500065 0.529517 0.992681
1 0.709015 0.306489 0.540558 0.592354
0 0.123808 0.497218 0.247615 0.71766
4 0.113248 0.547945 0.226496 0.744329
2 0.12676 0.422686 0.253519 0.734706
0 0.205093 0.298461 0.400356 0.588084
2 0.689078 0.321806 0.621844 0.643612
1 0.821034 0.72834 0.357931 0.540236
1 0.194408 0.248917 0.379743 0.479069
2 0.38974 0.556504 0.698229 0.859077
1 0.206388 0.50458 0.40457 0.99084
1 0.938046 0.756605 0.123908 0.486789
2 0.776439 0.302441 0.447122 0.604882
2 0.547106 0.316113 0.823544 0.632226
0 0.192025 0.790517 0.367281 0.418965
2 0.0800704 0.797211 0.160141 0.405578
2 0.212698 0.597142 0.420738 0.793255
0 0.27099 0.500065 0.529517 0.992681
1 0.142745 0.226978 0.283804 0.428351
2 0.128868 0.806705 0.253038 0.38659
2 0.170264 0.145098 0.340528 0.290196
2 0.939387 0.780704 0.121226 0.438592
1 0.442587 0.728626 0.668087 0.528692
2 0.300402 0.146231 0.600805 0.292463
2 0.206698 0.212666 0.410333 0.421793
0 0.084966 0.617542 0.169932 0.644628
2 0.809237 0.090803 0.381526 0.181606
1 0.293258 0.503504 0.571482 0.992992
2 0.776196 0.509018 0.447609 0.981964
2 0.937329 0.288118 0.125342 0.525326
2 0.148665 0.505453 0.292735 0.989094
2 0.113248 0.547945 0.226496 0.744329
2 0.650233 0.135425 0.699534 0.270851
2 0.407151 0.269806 0.546835 0.539612
2 0.926135 0.504933 0.14773 0.913716
2 0.30389 0.27333 0.598526 0.54666
2 0.723059 0.217725 0.553882 0.43545
2 0.156202 0.148717 0.312404 0.297435
2 0.626273 0.734683 0.372198 0.530634
2 0.937255 0.670773 0.125491 0.56461
1 0.257674 0.272163 0.496352 0.532444
2 0.525113 0.745863 0.489051 0.508274
2 0.290422 0.771341 0.54975 0.457318
2 0.874386 0.228006 0.251229 0.456012
2 0.721715 0.719601 0.435234 0.560799
2 0.538676 0.28651 0.526424 0.564227
2 0.347335 0.0843413 0.69467 0.168683
1 0.601403 0.504669 0.797195 0.990661
2 0.664355 0.730963 0.493611 0.517471
1 0.0166356 0.791837 0.0332712 0.416325
1 0.724886 0.730661 0.413282 0.525737
2 0.412121 0.773323 0.549967 0.453353
4 0.139125 0.361498 0.277946 0.708468
0 0.185619 0.504142 0.36076 0.991717
2 0.0111002 0.700342 0.0222004 0.599316
2 0.0143454 0.561258 0.0286908 0.777982
1 0.509744 0.258894 0.664729 0.517788
2 0.509744 0.258894 0.664729 0.517788
2 0.0241436 0.794719 0.0482872 0.410562
1 0.136605 0.794698 0.269948 0.410603
2 0.776254 0.148492 0.447492 0.296984
2 0.0112047 0.772711 0.0224093 0.454578
1 0.648749 0.735046 0.381245 0.520155
2 0.0166356 0.791837 0.0332712 0.416325
1 0.212698 0.597142 0.420738 0.793255
2 0.602806 0.0717028 0.794389 0.143406
2 0.0387392 0.216558 0.0774784 0.433116
2 0.37212 0.0509168 0.740975 0.101834
1 0.330155 0.77919 0.614965 0.428405
1 0.365838 0.265395 0.621967 0.530791
1 0.12676 0.422686 0.253519 0.734706
1 0.59444 0.344722 0.688535 0.667037
2 0.159242 0.241098 0.313791 0.46316
1 0.212648 0.149135 0.425296 0.298271
1 0.133066 0.169938 0.266132 0.31995
2 0.288479 0.503373 0.563129 0.993254
1 0.084966 0.617542 0.169932 0.644628
1 0.77381 0.522858 0.452379 0.954283
2 0.500999 0.495439 0.365747 0.942453
2 0.0325158 0.344597 0.0650315 0.689193
2 0.797717 0.723052 0.403863 0.553896
2 0.562246 0.704398 0.504172 0.555583
1 0.937255 0.670773 0.125491 0.56461
1 0.0669001 0.801164 0.133064 0.397671
1 0.0253739 0.280356 0.0507478 0.560713
2 0.192025 0.790517 0.367281 0.418965
2 0.0241305 0.386847 0.0482611 0.746138
1 0.436356 0.502429 0.502101 0.995142
1 0.0112047 0.772711 0.0224093 0.454578
2 0.50161 0.038201 0.924887 0.076402
1 0.463958 0.760345 0.562407 0.479311
1 0.0241436 0.794719 0.0482872 0.410562
0 0.781803 0.724473 0.436394 0.540793
0 0.45174 0.716097 0.600366 0.534134
0 0.352693 0.767833 0.685117 0.44227
0 0.773839 0.523321 0.452323 0.953358
0 0.243579 0.762397 0.475661 0.463281
3 0.809389 0.725585 0.381222 0.548831
3 0.356325 0.5 0.702961 1
0 0.447455 0.273726 0.456789 0.535069
4 0.768009 0.718387 0.463983 0.550791
0 0.664399 0.731018 0.49428 0.517343
3 0.753003 0.507977 0.493994 0.984046
3 0.889259 0.727385 0.221482 0.545231
0 0.38096 0.513858 0.757893 0.945606
0 0.50248 0.495884 0.362139 0.941216
3 0.239556 0.775819 0.468582 0.448362
0 0.56289 0.70436 0.501924 0.555639
3 0.168541 0.797281 0.313537 0.405437
3 0.293096 0.50356 0.571111 0.992879
3 0.936581 0.568238 0.126838 0.863524
0 0.457332 0.0419637 0.892261 0.0839273
3 0.603537 0.504725 0.792927 0.99055
3 0.939406 0.781133 0.121188 0.437734
3 0.626087 0.73477 0.373644 0.530459
3 0.722282 0.719682 0.436713 0.560635
3 0.857848 0.72664 0.284304 0.546721
3 0.411989 0.773317 0.551083 0.453365
0 0.067059 0.801237 0.13337 0.397526
3 0.760488 0.725437 0.471915 0.537865
0 0.938116 0.757009 0.123768 0.485981
3 0.155932 0.148978 0.311864 0.297955
3 0.524283 0.745957 0.491638 0.508086
3 0.56289 0.70436 0.501924 0.555639
3 0.133894 0.504975 0.267526 0.960854
3 0.45174 0.716097 0.600366 0.534134
3 0.50248 0.495884 0.362139 0.941216
0 0.155932 0.148978 0.311864 0.297955
3 0.205981 0.504659 0.403764 0.990681
3 0.212477 0.599407 0.420293 0.788856
3 0.76107 0.337889 0.430462 0.584676
4 0.56289 0.70436 0.501924 0.555639
4 0.753897 0.502598 0.492207 0.986534
4 0.243638 0.767017 0.477197 0.457806
3 0.938116 0.757009 0.123768 0.485981
0 0.857848 0.72664 0.284304 0.546721
3 0.226942 0.701339 0.445688 0.573614
3 0.0255948 0.279941 0.0511897 0.559883
4 0.889259 0.727385 0.221482 0.545231
3 0.55492 0.330586 0.560431 0.652314
0 0.347108 0.0835854 0.694216 0.167171
0 0.011876 0.636528 0.023752 0.720175
0 0.809246 0.0907102 0.381509 0.18142
3 0.0113221 0.772635 0.0226441 0.454731
4 0.842194 0.732338 0.315613 0.535325
3 0.142625 0.226493 0.283578 0.427684
4 0.939406 0.781133 0.121188 0.437734
3 0.804125 0.436057 0.391749 0.819551
3 0.788616 0.613588 0.422768 0.772824
3 0.193613 0.767211 0.385218 0.461047
0 0.603156 0.0717089 0.793688 0.143418
3 0.544445 0.0388637 0.911111 0.0777274
0 0.569726 0.494609 0.529294 0.975231
4 0.191932 0.790596 0.36709 0.418807
4 0.447455 0.273726 0.456789 0.535069
4 0.940545 0.722865 0.118911 0.542917
3 0.937218 0.670394 0.125565 0.563306
3 0.011876 0.636528 0.023752 0.720175
4 0.788616 0.613588 0.422768 0.772824
0 0.136451 0.794828 0.269632 0.410343
3 0.0198284 0.478371 0.0396568 0.798703
3 0.0144392 0.561506 0.0288784 0.778055
3 0.569726 0.494609 0.529294 0.975231
3 0.776188 0.147712 0.447624 0.295424
0 0.562243 0.0507257 0.858762 0.101451
3 0.603156 0.0717089 0.793688 0.143418
3 0.02425 0.794591 0.0485001 0.410819
3 0.0389782 0.215402 0.0779564 0.430804
3 0.390465 0.0467338 0.769225 0.0934676
0 0.300217 0.146153 0.600435 0.292305
3 0.793533 0.28706 0.412933 0.574121
0 0.650557 0.134815 0.698886 0.26963
3 0.0167775 0.791814 0.0335549 0.416371
4 0.338757 0.771767 0.508976 0.456465
4 0.128921 0.806675 0.253141 0.38665
3 0.722985 0.216513 0.554031 0.433026
3 0.347108 0.0835854 0.694216 0.167171
3 0.809246 0.0907102 0.381509 0.18142
3 0.211979 0.149171 0.423958 0.298342
3 0.0241387 0.386838 0.0482774 0.74547
4 0.45174 0.716097 0.600366 0.534134
0 0.358009 0.279637 0.586804 0.553111
3 0.874449 0.227147 0.251103 0.454294
3 0.139052 0.361743 0.277806 0.709219
3 0.0325668 0.344483 0.0651337 0.688966
4 0.0802725 0.797157 0.160545 0.405686
3 0.0771808 0.784703 0.153994 0.430595
4 0.562243 0.0507257 0.858762 0.101451
4 0.936581 0.568238 0.126838 0.863524
4 0.359409 0.500138 0.670733 0.999724
3 0.436604 0.502446 0.501145 0.995109
0 0.0144392 0.561506 0.0288784 0.778055
4 0.722282 0.719682 0.436713 0.560635
3 0.336372 0.71567 0.667276 0.539261
4 0.524283 0.745957 0.491638 0.508086
3 0.300217 0.146153 0.600435 0.292305
4 0.50248 0.495884 0.362139 0.941216
4 0.358009 0.279637 0.586804 0.553111
4 0.02425 0.794591 0.0485001 0.410819
4 0.64863 0.735184 0.382549 0.519985
4 0.626087 0.73477 0.373644 0.530459
4 0.595835 0.344337 0.684496 0.665732
4 0.428686 0.770217 0.573762 0.459567
3 0.64863 0.735184 0.382549 0.519985
4 0.457332 0.0419637 0.892261 0.0839273
0 0.937218 0.670394 0.125565 0.563306
3 0.650557 0.134815 0.698886 0.26963
4 0.362602 0.756344 0.712041 0.477066
4 0.603156 0.0717089 0.793688 0.143418
0 0.463211 0.760433 0.56507 0.479135
0 0.0167775 0.791814 0.0335549 0.416371
4 0.569726 0.494609 0.529294 0.975231
0 0.722985 0.216513 0.554031 0.433026
0 0.436604 0.502446 0.501145 0.995109
0 0.776188 0.147712 0.447624 0.295424
3 0.493554 0.290579 0.819175 0.581158
0 0.02425 0.794591 0.0485001 0.410819
3 0.206034 0.212172 0.409092 0.420517
3 0.324349 0.268578 0.635643 0.537156
0 0.874449 0.227147 0.251103 0.454294
0 0.211979 0.149171 0.423958 0.298342
0 0.0113221 0.772635 0.0226441 0.454731
3 0.473654 0.319452 0.43933 0.634229
4 0.690789 0.330245 0.51889 0.618877
0 0.939406 0.781133 0.121188 0.437734
0 0.0389782 0.215402 0.0779564 0.430804
1 0.441527 0.778828 0.57348 0.420592
4 0.011876 0.636528 0.023752 0.720175
3 0.0849006 0.61865 0.169801 0.644277
3 0.937562 0.287676 0.124876 0.52455
0 0.820808 0.297246 0.358384 0.56202
4 0.467981 0.502889 0.461147 0.994221
0 0.212477 0.599407 0.420293 0.788856
3 0.420112 0.276582 0.49866 0.542849
4 0.155932 0.148978 0.311864 0.297955
3 0.12361 0.497935 0.24722 0.716003
4 0.0167775 0.791814 0.0335549 0.416371
0 0.937562 0.287676 0.124876 0.52455
0 0.932534 0.523606 0.134932 0.952787
4 0.809246 0.0907102 0.381509 0.18142
4 0.594372 0.503034 0.808222 0.993931
0 0.595835 0.344337 0.684496 0.665732
0 0.0198284 0.478371 0.0396568 0.798703
4 0.0247102 0.448748 0.0494204 0.803166
3 0.20472 0.298963 0.399696 0.589036
4 0.206034 0.212172 0.409092 0.420517
0 0.676929 0.49784 0.646142 0.983765
2 0.232875 0.763966 0.461499 0.462939
0 0.0255948 0.279941 0.0511897 0.559883
2 0.362602 0.756344 0.712041 0.477066
4 0.0113221 0.772635 0.0226441 0.454731
0 0.151362 0.591682 0.301744 0.816637
4 0.650557 0.134815 0.698886 0.26963
0 0.809389 0.725585 0.381222 0.548831
4 0.0325668 0.344483 0.0651337 0.688966
4 0.0389782 0.215402 0.0779564 0.430804
0 0.374934 0.773204 0.524713 0.453593
4 0.826406 0.50203 0.347188 0.945604
3 0.689269 0.322022 0.621463 0.644044
1 0.811096 0.298563 0.377367 0.571017
0 0.626087 0.73477 0.373644 0.530459
4 0.133191 0.169752 0.266382 0.31967
4 0.0144392 0.561506 0.0288784 0.778055
0 0.889259 0.727385 0.221482 0.545231
4 0.538398 0.286641 0.525451 0.564507
4 0.0255948 0.279941 0.0511897 0.559883
4 0.212477 0.599407 0.420293 0.788856
4 0.205981 0.504659 0.403764 0.990681
4 0.347108 0.0835854 0.694216 0.167171
2 0.767517 0.724782 0.464966 0.538436
4 0.493554 0.290579 0.819175 0.581158
0 0.142625 0.226493 0.283578 0.427684
1 0.157033 0.31982 0.308737 0.62921
3 0.133191 0.169752 0.266382 0.31967
4 0.300217 0.146153 0.600435 0.292305
4 0.874449 0.227147 0.251103 0.454294
1 0.223547 0.773708 0.443003 0.450633
4 0.169681 0.145189 0.339362 0.290378
4 0.683627 0.215726 0.632747 0.431452
2 0.470571 0.76812 0.673837 0.443579
4 0.20472 0.298963 0.399696 0.589036
4 0.937562 0.287676 0.124876 0.52455
0 0.133191 0.169752 0.266382 0.31967
1 0.538398 0.286641 0.525451 0.564507
0 0.493554 0.290579 0.819175 0.581158
4 0.776188 0.147712 0.447624 0.295424
0 0.206034 0.212172 0.409092 0.420517
2 0.133191 0.169752 0.266382 0.31967
2 0.938116 0.757009 0.123768 0.485981
4 0.820808 0.297246 0.358384 0.56202
0 0.722282 0.719682 0.436713 0.560635
4 0.133894 0.504975 0.267526 0.960854
0 0.0325668 0.344483 0.0651337 0.688966
0 0.538398 0.286641 0.525451 0.564507
4 0.142625 0.226493 0.283578 0.427684
1 0.154464 0.506963 0.303674 0.986075
0 0.690789 0.330245 0.51889 0.618877
1 0.439402 0.285216 0.468485 0.568085
1 0.709942 0.306756 0.538549 0.59286
4 0.0849006 0.61865 0.169801 0.644277
4 0.271055 0.500204 0.529597 0.992622
0 0.0241387 0.386838 0.0482774 0.74547
4 0.112795 0.54949 0.225591 0.740862
2 0.126628 0.422974 0.253256 0.734734
2 0.689269 0.322022 0.621463 0.644044
1 0.192959 0.248697 0.376981 0.478694
1 0.821094 0.7284 0.357813 0.54013
2 0.390119 0.555984 0.698798 0.860116
0 0.12361 0.497935 0.24722 0.716003
0 0.20472 0.298963 0.399696 0.589036
1 0.205981 0.504659 0.403764 0.990681
1 0.938116 0.757009 0.123768 0.485981
2 0.776453 0.302629 0.447094 0.605258
2 0.547337 0.316342 0.822941 0.632684
2 0.212477 0.599407 0.420293 0.788856
2 0.0802725 0.797157 0.160545 0.405686
1 0.142625 0.226493 0.283578 0.427684
2 0.128921 0.806675 0.253141 0.38665
2 0.169681 0.145189 0.339362 0.290378
2 0.939406 0.781133 0.121188 0.437734
0 0.191932 0.790596 0.36709 0.418807
1 0.442462 0.728543 0.668908 0.528927
0 0.271055 0.500204 0.529597 0.992622
2 0.300217 0.146153 0.600435 0.292305
2 0.206034 0.212172 0.409092 0.420517
2 0.809246 0.0907102 0.381509 0.18142
2 0.776323 0.509014 0.447354 0.981971
1 0.293096 0.50356 0.571111 0.992879
2 0.937562 0.287676 0.124876 0.52455
2 0.148508 0.505556 0.292421 0.988888
0 0.0849006 0.61865 0.169801 0.644277
2 0.112795 0.54949 0.225591 0.740862
2 0.40683 0.269931 0.54797 0.539862
2 0.650557 0.134815 0.698886 0.26963
2 0.926166 0.50489 0.147668 0.913028
2 0.303485 0.273449 0.597578 0.546897
2 0.155932 0.148978 0.311864 0.297955
2 0.722985 0.216513 0.554031 0.433026
2 0.626087 0.73477 0.373644 0.530459
2 0.937218 0.670394 0.125565 0.563306
1 0.257444 0.2721 0.495902 0.532347
2 0.524283 0.745957 0.491638 0.508086
2 0.290605 0.771336 0.55005 0.457329
2 0.874449 0.227147 0.251103 0.454294
2 0.722282 0.719682 0.436713 0.560635
2 0.538398 0.286641 0.525451 0.564507
1 0.603537 0.504725 0.792927 0.99055
2 0.347108 0.0835854 0.694216 0.167171
2 0.664399 0.731018 0.49428 0.517343
1 0.0167775 0.791814 0.0335549 0.416371
1 0.725182 0.730749 0.413968 0.525629
2 0.411989 0.773317 0.551083 0.453365
4 0.139052 0.361743 0.277806 0.709219
2 0.0112158 0.700007 0.0224316 0.599987
2 0.0144392 0.561506 0.0288784 0.778055
2 0.509963 0.257756 0.665378 0.515513
1 0.136451 0.794828 0.269632 0.410343
2 0.02425 0.794591 0.0485001 0.410819
1 0.509963 0.257756 0.665378 0.515513
2 0.776188 0.147712 0.447624 0.295424
2 0.0113221 0.772635 0.0226441 0.454731
1 0.64863 0.735184 0.382549 0.519985
0 0.185523 0.504204 0.360563 0.991592
2 0.0167775 0.791814 0.0335549 0.416371
1 0.212477 0.599407 0.420293 0.788856
2 0.603156 0.0717089 0.793688 0.143418
2 0.0389782 0.215402 0.0779564 0.430804
2 0.372043 0.0505368 0.740733 0.101074
1 0.330304 0.779204 0.615007 0.42839
1 0.365868 0.265445 0.621315 0.53089
1 0.126628 0.422974 0.253256 0.734734
1 0.595835 0.344337 0.684496 0.665732
1 0.211979 0.149171 0.423958 0.298342
1 0.133191 0.169752 0.266382 0.31967
2 0.288387 0.503448 0.562887 0.993105
2 0.1587 0.241028 0.312784 0.463228
1 0.0849006 0.61865 0.169801 0.644277
1 0.773839 0.523321 0.452323 0.953358
2 0.50248 0.495884 0.362139 0.941216
2 0.0325668 0.344483 0.0651337 0.688966
2 0.797748 0.72313 0.403845 0.55374
2 0.56289 0.70436 0.501924 0.555639
1 0.937218 0.670394 0.125565 0.563306
1 0.0255948 0.279941 0.0511897 0.559883
1 0.067059 0.801237 0.13337 0.397526
2 0.0241387 0.386838 0.0482774 0.74547
2 0.191932 0.790596 0.36709 0.418807
1 0.436604 0.502446 0.501145 0.995109
1 0.0113221 0.772635 0.0226441 0.454731
1 0.463211 0.760433 0.56507 0.479135
2 0.501626 0.0382138 0.925027 0.0764277
1 0.02425 0.794591 0.0485001 0.410819
