0 0.229196 0.63572 0.22775 0.238307
0 0.0668178 0.549665 0.133636 0.0997972
1 0.233584 0.639878 0.228232 0.230475
0 0.743777 0.749843 0.512028 0.480535
0 0.0681152 0.468887 0.134816 0.246122
0 0.252269 0.694219 0.255527 0.352616
1 0.0671213 0.54095 0.134243 0.103974
0 0.453966 0.513362 0.0407229 0.0656717
0 0.235446 0.650608 0.225949 0.369846
0 0.220705 0.710166 0.44141 0.480967
0 0.456606 0.463014 0.0412354 0.171753
4 0.225173 0.636167 0.241057 0.254326
0 0.565583 0.02341 0.868834 0.04682
0 0.813671 0.764074 0.372657 0.471853
0 0.180584 0.747431 0.343654 0.440324
0 0.0694819 0.623578 0.13858 0.240324
0 0.169612 0.632917 0.339224 0.266338
0 0.41394 0.0219274 0.821037 0.0438548
4 0.171316 0.745357 0.342633 0.474948
4 0.0677177 0.543661 0.133869 0.100262
0 0.520038 0.141116 0.928148 0.282232
0 0.540293 0.20743 0.794729 0.414859
4 0.340953 0.750352 0.607467 0.439297
0 0.48128 0.511415 0.0894531 0.100433
3 0.171316 0.745357 0.342633 0.474948
3 0.166778 0.495126 0.321535 0.510919
0 0.0682734 0.421059 0.133186 0.359923
4 0.759413 0.75702 0.481173 0.476954
0 0.564347 0.771631 0.562693 0.428996
3 0.0682734 0.421059 0.133186 0.359923
0 0.06777 0.711131 0.13554 0.427474
3 0.759856 0.255558 0.480289 0.511117
0 0.486962 0.853579 0.460372 0.259465
3 0.51521 0.47101 0.657089 0.94202
0 0.0737636 0.773759 0.147527 0.427473
3 0.483138 0.458321 0.448049 0.916642
0 0.416108 0.808216 0.588663 0.341696
3 0.397016 0.414754 0.354957 0.829508
3 0.819959 0.754753 0.360082 0.490494
0 0.52046 0.688011 0.247673 0.380489
3 0.115657 0.364435 0.231315 0.708498
3 0.222417 0.529852 0.20446 0.45352
3 0.166986 0.262128 0.328904 0.523705
0 0.449803 0.604895 0.0656357 0.200273
3 0.260116 0.767079 0.501942 0.465843
3 0.778115 0.754788 0.44377 0.490424
3 0.84542 0.51065 0.30916 0.978701
0 0.683533 0.0345893 0.632934 0.0691786
0 0.3012 0.0419638 0.6024 0.0839277
0 0.394216 0.846039 0.526042 0.26848
3 0.929495 0.216878 0.0191147 0.0573259
3 0.569907 0.759123 0.623061 0.481753
0 0.656767 0.226888 0.686465 0.453775
3 0.268852 0.240309 0.520726 0.480617
3 0.715797 0.0404854 0.568405 0.0809708
0 0.212053 0.118951 0.424106 0.237903
3 0.168827 0.790887 0.328161 0.418227
0 0.372442 0.745996 0.532771 0.454923
0 0.642652 0.755045 0.629152 0.48273
3 0.258277 0.394969 0.30169 0.789938
3 0.119624 0.798558 0.239248 0.402884
3 0.662127 0.756171 0.65457 0.487658
3 0.308114 0.422466 0.391057 0.844931
3 0.952924 0.254893 0.0941523 0.490727
0 0.106675 0.776998 0.212465 0.417345
3 0.541244 0.816362 0.488248 0.367276
3 0.722575 0.5 0.55485 1
3 0.885296 0.751945 0.229408 0.49611
3 0.946777 0.504133 0.106447 0.869866
3 0.340953 0.750352 0.607467 0.439297
3 0.937482 0.783126 0.125037 0.433748
3 0.335121 0.800381 0.565142 0.399239
1 0.0682035 0.465355 0.13594 0.254709
0 0.967947 0.235729 0.064106 0.426634
3 0.508001 0.854492 0.446432 0.291015
4 0.640168 0.0174877 0.719664 0.0349754
3 0.404394 0.859552 0.517138 0.280897
4 0.658946 0.759483 0.682108 0.47981
0 0.944306 0.775446 0.111387 0.449108
4 0.453966 0.513362 0.0407229 0.0656717
3 0.963906 0.322548 0.072189 0.590569
3 0.944306 0.775446 0.111387 0.449108
3 0.578311 0.296631 0.757461 0.593262
0 0.767064 0.0437998 0.465873 0.0875996
4 0.616835 0.218242 0.76633 0.436483
0 0.41103 0.638909 0.133807 0.340459
4 0.456606 0.463014 0.0412354 0.171753
4 0.0681152 0.468887 0.134816 0.246122
0 0.664588 0.342544 0.670823 0.685087
0 0.0365035 0.752825 0.073007 0.49435
3 0.0682035 0.465355 0.13594 0.254709
3 0.212053 0.118951 0.424106 0.237903
4 0.168827 0.790887 0.328161 0.418227
0 0.214932 0.249263 0.416742 0.498527
3 0.800269 0.194319 0.399462 0.388638
4 0.524546 0.0232771 0.925259 0.0465541
0 0.244616 0.724847 0.245279 0.515409
3 0.664588 0.342544 0.670823 0.685087
4 0.370745 0.846254 0.566416 0.307492
4 0.260116 0.767079 0.501942 0.465843
3 0.685942 0.752798 0.624925 0.494404
3 0.453966 0.513362 0.0407229 0.0656717
0 0.29787 0.698477 0.379414 0.37222
0 0.479739 0.490899 0.0899054 0.223401
3 0.497983 0.0209973 0.932724 0.0419945
3 0.357915 0.22551 0.686175 0.45102
3 0.326916 0.319557 0.545386 0.639115
3 0.41758 0.576401 0.117319 0.414359
3 0.93096 0.716871 0.13808 0.566257
3 0.640168 0.0174877 0.719664 0.0349754
0 0.0911444 0.773477 0.182289 0.453045
3 0.500755 0.586762 0.225096 0.465458
0 0.229499 0.533399 0.226296 0.447239
3 0.776323 0.403948 0.447355 0.807896
0 0.534452 0.687664 0.277496 0.516921
4 0.664588 0.342544 0.670823 0.685087
3 0.106675 0.776998 0.212465 0.417345
0 0.963906 0.322548 0.072189 0.590569
4 0.569907 0.759123 0.623061 0.481753
3 0.0299455 0.288273 0.0598909 0.576546
4 0.416108 0.808216 0.588663 0.341696
4 0.937482 0.783126 0.125037 0.433748
4 0.0694819 0.623578 0.13858 0.240324
3 0.456606 0.463014 0.0412354 0.171753
4 0.520038 0.141116 0.928148 0.282232
0 0.255529 0.0849711 0.511058 0.169942
4 0.944306 0.775446 0.111387 0.449108
3 0.177988 0.385978 0.346617 0.771955
4 0.683533 0.0345893 0.632934 0.0691786
0 0.953526 0.304857 0.0929478 0.404089
3 0.431291 0.298642 0.576949 0.597284
3 0.656767 0.226888 0.686465 0.453775
3 0.353234 0.0257187 0.704224 0.0514373
3 0.123343 0.230845 0.246686 0.46169
3 0.532568 0.231525 0.781605 0.46305
3 0.969168 0.22853 0.0616644 0.422115
3 0.0728435 0.745589 0.145687 0.47967
3 0.616963 0.5 0.699699 1
1 0.229499 0.533399 0.226296 0.447239
3 0.3012 0.0419638 0.6024 0.0839277
4 0.541244 0.816362 0.488248 0.367276
2 0.240287 0.650433 0.230035 0.256225
4 0.689936 0.266695 0.620127 0.53339
0 0.505159 0.260223 0.650078 0.520445
3 0.0365035 0.752825 0.073007 0.49435
4 0.543848 0.748207 0.491948 0.469757
3 0.176245 0.161502 0.352491 0.323004
0 0.810905 0.328444 0.373544 0.567503
3 0.757766 0.685952 0.484468 0.628095
3 0.0341879 0.775628 0.0683758 0.448744
4 0.394216 0.846039 0.526042 0.26848
3 0.0694819 0.623578 0.13858 0.240324
0 0.781335 0.683965 0.437329 0.63207
4 0.508001 0.854492 0.446432 0.291015
3 0.810905 0.328444 0.373544 0.567503
4 0.0675983 0.413672 0.133257 0.36419
3 0.244616 0.724847 0.245279 0.515409
4 0.0728435 0.745589 0.145687 0.47967
0 0.0635142 0.371141 0.127028 0.492586
0 0.119624 0.798558 0.239248 0.402884
3 0.240287 0.650433 0.230035 0.256225
0 0.387407 0.32774 0.619365 0.65548
3 0.0635142 0.371141 0.127028 0.492586
4 0.666186 0.5 0.667628 1
4 0.0911444 0.773477 0.182289 0.453045
4 0.106675 0.776998 0.212465 0.417345
4 0.578311 0.296631 0.757461 0.593262
1 0.824073 0.765542 0.351854 0.468915
0 0.397016 0.414754 0.354957 0.829508
0 0.776323 0.403948 0.447355 0.807896
3 0.554124 0.752947 0.487593 0.488834
4 0.767064 0.0437998 0.465873 0.0875996
4 0.461727 0.19654 0.923454 0.393081
1 0.449803 0.604895 0.0656357 0.200273
4 0.83329 0.764134 0.333421 0.471733
4 0.885296 0.751945 0.229408 0.49611
0 0.0341879 0.775628 0.0683758 0.448744
0 0.730177 0.756385 0.539646 0.487229
4 0.0341879 0.775628 0.0683758 0.448744
3 0.0911444 0.773477 0.182289 0.453045
0 0.937482 0.783126 0.125037 0.433748
3 0.29787 0.698477 0.379414 0.37222
4 0.730177 0.756385 0.539646 0.487229
0 0.335121 0.800381 0.565142 0.399239
0 0.483138 0.458321 0.448049 0.916642
4 0.0310626 0.768194 0.0621252 0.463611
2 0.272477 0.421107 0.3031 0.842213
3 0.449803 0.604895 0.0656357 0.200273
0 0.83116 0.754422 0.33768 0.491155
2 0.169612 0.632917 0.339224 0.266338
0 0.791116 0.258065 0.417768 0.516131
0 0.800269 0.194319 0.399462 0.388638
4 0.119624 0.798558 0.239248 0.402884
4 0.212053 0.118951 0.424106 0.237903
4 0.214932 0.249263 0.416742 0.498527
4 0.235719 0.733993 0.443021 0.414333
4 0.969168 0.22853 0.0616644 0.422115
2 0.162677 0.756636 0.324397 0.457547
4 0.791116 0.258065 0.417768 0.516131
3 0.479739 0.490899 0.0899054 0.223401
4 0.0764365 0.306572 0.152873 0.585964
2 0.400895 0.749481 0.56011 0.449432
0 0.0343247 0.305945 0.0686494 0.567558
2 0.235719 0.733993 0.443021 0.414333
0 0.137124 0.268364 0.272579 0.521788
3 0.486962 0.853579 0.460372 0.259465
4 0.800269 0.194319 0.399462 0.388638
0 0.885296 0.751945 0.229408 0.49611
4 0.93096 0.716871 0.13808 0.566257
1 0.453966 0.513362 0.0407229 0.0656717
3 0.129003 0.146565 0.258007 0.282211
2 0.0669805 0.544738 0.133961 0.0935942
4 0.244616 0.724847 0.245279 0.515409
3 0.255529 0.0849711 0.511058 0.169942
2 0.0619764 0.746538 0.123953 0.506924
2 0.0694819 0.623578 0.13858 0.240324
0 0.946777 0.504133 0.106447 0.869866
2 0.0682035 0.465355 0.13594 0.254709
4 0.946777 0.504133 0.106447 0.869866
0 0.51521 0.47101 0.657089 0.94202
4 0.507363 0.837867 0.51862 0.290748
4 0.397016 0.414754 0.354957 0.829508
4 0.52046 0.688011 0.247673 0.380489
2 0.113412 0.534255 0.226824 0.394677
4 0.963906 0.322548 0.072189 0.590569
4 0.255529 0.0849711 0.511058 0.169942
4 0.493321 0.212985 0.690828 0.425969
4 0.177988 0.385978 0.346617 0.771955
4 0.353234 0.0257187 0.704224 0.0514373
4 0.51521 0.47101 0.657089 0.94202
0 0.541244 0.816362 0.488248 0.367276
4 0.108623 0.285355 0.217246 0.554332
4 0.0343247 0.305945 0.0686494 0.567558
4 0.952924 0.254893 0.0941523 0.490727
0 0.123343 0.230845 0.246686 0.46169
2 0.237021 0.536851 0.232908 0.46955
3 0.0764365 0.306572 0.152873 0.585964
4 0.387407 0.32774 0.619365 0.65548
0 0.569907 0.759123 0.623061 0.481753
3 0.52046 0.688011 0.247673 0.380489
1 0.43122 0.751582 0.609594 0.480226
4 0.3012 0.0419638 0.6024 0.0839277
0 0.0764365 0.306572 0.152873 0.585964
4 0.129003 0.146565 0.258007 0.282211
2 0.252269 0.694219 0.255527 0.352616
1 0.456606 0.463014 0.0412354 0.171753
4 0.483138 0.458321 0.448049 0.916642
4 0.357915 0.22551 0.686175 0.45102
0 0.338814 0.234322 0.666695 0.468644
4 0.222417 0.529852 0.20446 0.45352
0 0.508001 0.854492 0.446432 0.291015
4 0.43122 0.751582 0.609594 0.480226
4 0.774185 0.5 0.451629 1
0 0.93096 0.716871 0.13808 0.566257
4 0.123343 0.230845 0.246686 0.46169
4 0.479739 0.490899 0.0899054 0.223401
4 0.48128 0.511415 0.0894531 0.100433
3 0.41103 0.638909 0.133807 0.340459
4 0.0635142 0.371141 0.127028 0.492586
0 0.272477 0.421107 0.3031 0.842213
3 0.534452 0.687664 0.277496 0.516921
0 0.408937 0.19062 0.810372 0.381241
4 0.176245 0.161502 0.352491 0.323004
3 0.491686 0.174946 0.934221 0.349892
4 0.166778 0.495126 0.321535 0.510919
1 0.0682734 0.421059 0.133186 0.359923
4 0.272477 0.421107 0.3031 0.842213
3 0.43122 0.751582 0.609594 0.480226
4 0.263837 0.189501 0.527673 0.379001
2 0.456606 0.463014 0.0412354 0.171753
3 0.48128 0.511415 0.0894531 0.100433
2 0.453966 0.513362 0.0407229 0.0656717
4 0.449803 0.604895 0.0656357 0.200273
4 0.781335 0.683965 0.437329 0.63207
2 0.963906 0.322548 0.072189 0.590569
3 0.416108 0.808216 0.588663 0.341696
4 0.41103 0.638909 0.133807 0.340459
0 0.260116 0.767079 0.501942 0.465843
2 0.967947 0.235729 0.064106 0.426634
4 0.810905 0.328444 0.373544 0.567503
1 0.743777 0.749843 0.512028 0.480535
4 0.84542 0.51065 0.30916 0.978701
0 0.129003 0.146565 0.258007 0.282211
2 0.52046 0.688011 0.247673 0.380489
0 0.686204 0.669436 0.61685 0.661128
0 0.805789 0.511917 0.388421 0.976165
2 0.479739 0.490899 0.0899054 0.223401
2 0.724041 0.751938 0.551919 0.49046
2 0.29787 0.698477 0.379414 0.37222
0 0.166778 0.495126 0.321535 0.510919
0 0.41758 0.576401 0.117319 0.414359
4 0.244256 0.394976 0.484757 0.789953
0 0.731436 0.5 0.537129 1
4 0.41758 0.576401 0.117319 0.414359
2 0.214932 0.249263 0.416742 0.498527
4 0.29787 0.698477 0.379414 0.37222
1 0.628771 0.74244 0.562868 0.512502
1 0.944306 0.775446 0.111387 0.449108
2 0.338814 0.234322 0.666695 0.468644
2 0.153383 0.351345 0.301487 0.70269
0 0.229199 0.635701 0.227765 0.238329
0 0.0668198 0.549666 0.13364 0.0997985
1 0.233566 0.639869 0.228282 0.23048
0 0.743616 0.749814 0.512353 0.480522
0 0.068117 0.468954 0.134811 0.245973
0 0.252259 0.694282 0.255422 0.352783
1 0.0671304 0.540948 0.134261 0.103943
0 0.453992 0.513377 0.0407503 0.0655778
0 0.23545 0.650756 0.225947 0.369948
0 0.220757 0.710176 0.441513 0.48082
0 0.456618 0.4631 0.0412549 0.171783
4 0.225056 0.63621 0.241307 0.254423
0 0.565518 0.023232 0.868963 0.0464639
0 0.813673 0.764075 0.372653 0.471849
0 0.180754 0.747672 0.344184 0.440751
0 0.0694712 0.62348 0.138555 0.240144
0 0.169619 0.632954 0.339238 0.266471
0 0.413751 0.0220627 0.820984 0.0441254
4 0.171323 0.745376 0.342647 0.474957
4 0.0677128 0.543659 0.13386 0.100239
4 0.340604 0.750453 0.60801 0.439381
0 0.539284 0.205747 0.793067 0.411493
0 0.520422 0.138524 0.926832 0.277047
3 0.171323 0.745376 0.342647 0.474957
0 0.481357 0.511547 0.0895035 0.100124
3 0.166916 0.500112 0.319634 0.500883
4 0.759223 0.756999 0.481555 0.476998
0 0.0682881 0.421029 0.13315 0.359986
3 0.0682881 0.421029 0.13315 0.359986
0 0.565429 0.7707 0.564874 0.430913
3 0.760041 0.255204 0.479918 0.510408
0 0.0677504 0.710859 0.135501 0.426958
0 0.486572 0.853656 0.459477 0.259483
3 0.515849 0.470833 0.653762 0.941666
3 0.482284 0.457708 0.441457 0.915415
0 0.0738995 0.774014 0.147799 0.427024
3 0.39761 0.41389 0.350192 0.82778
0 0.415973 0.809386 0.588217 0.339575
3 0.81988 0.754843 0.360241 0.490314
3 0.115178 0.364225 0.230357 0.707471
3 0.223715 0.530796 0.200197 0.451439
0 0.520786 0.686962 0.247976 0.378509
3 0.166267 0.262872 0.327624 0.524769
3 0.262265 0.767268 0.5064 0.465463
3 0.777975 0.754852 0.444049 0.490297
0 0.449906 0.60475 0.0655824 0.200068
3 0.844948 0.510481 0.310104 0.979038
3 0.929513 0.216886 0.0190662 0.0573187
3 0.269045 0.241837 0.521309 0.483674
3 0.57016 0.759141 0.621927 0.481718
0 0.683388 0.0345834 0.633223 0.0691668
0 0.301146 0.0423577 0.602292 0.0847153
3 0.169367 0.791146 0.329226 0.417709
3 0.715778 0.0404611 0.568444 0.0809221
3 0.119788 0.798854 0.239577 0.402293
3 0.662686 0.756195 0.653644 0.487611
3 0.259518 0.394886 0.293813 0.789773
3 0.952992 0.254849 0.0940166 0.490749
3 0.309158 0.422145 0.388594 0.844289
3 0.541086 0.816587 0.487757 0.366827
0 0.656587 0.226127 0.686826 0.452255
3 0.723052 0.5 0.553895 1
0 0.643663 0.755047 0.631043 0.482802
0 0.211963 0.120097 0.423927 0.240193
3 0.885398 0.751909 0.229203 0.496183
3 0.94676 0.503463 0.10648 0.870598
0 0.372294 0.746055 0.533007 0.454978
0 0.10676 0.777401 0.212598 0.416654
3 0.340604 0.750453 0.60801 0.439381
3 0.937487 0.783261 0.125025 0.433477
3 0.335307 0.800642 0.565914 0.398715
1 0.0682201 0.465385 0.135951 0.254619
0 0.968191 0.235467 0.0636177 0.42757
3 0.507719 0.85452 0.445714 0.290959
3 0.404331 0.85957 0.516834 0.280859
4 0.639983 0.0173614 0.720034 0.0347228
4 0.65914 0.759467 0.681721 0.479858
4 0.453992 0.513377 0.0407503 0.0655778
3 0.964079 0.322722 0.0718428 0.59166
3 0.944261 0.775583 0.111477 0.448834
3 0.578124 0.295725 0.754188 0.59145
4 0.616784 0.21684 0.766433 0.433679
0 0.944261 0.775583 0.111477 0.448834
4 0.456618 0.4631 0.0412549 0.171783
4 0.068117 0.468954 0.134811 0.245973
0 0.767104 0.0436752 0.465792 0.0873504
0 0.411122 0.638269 0.13367 0.338997
3 0.0682201 0.465385 0.135951 0.254619
0 0.664998 0.341172 0.670004 0.682343
0 0.0365445 0.752821 0.0730889 0.494359
4 0.169367 0.791146 0.329226 0.417709
3 0.211963 0.120097 0.423927 0.240193
3 0.800299 0.194492 0.399401 0.388985
4 0.524455 0.0231365 0.925336 0.0462731
0 0.214317 0.250613 0.415642 0.501227
4 0.370672 0.846349 0.566811 0.307303
3 0.664998 0.341172 0.670004 0.682343
4 0.262265 0.767268 0.5064 0.465463
3 0.686299 0.752843 0.624198 0.494314
0 0.244644 0.724963 0.245213 0.515468
3 0.453992 0.513377 0.0407503 0.0655778
3 0.498042 0.0208844 0.93238 0.0417689
3 0.328136 0.319056 0.539822 0.638113
3 0.639983 0.0173614 0.720034 0.0347228
3 0.417753 0.576432 0.116892 0.414014
3 0.930892 0.717076 0.138217 0.565849
0 0.297807 0.698429 0.379607 0.372086
3 0.500506 0.586741 0.224461 0.464775
0 0.479797 0.491171 0.0899047 0.223718
3 0.776418 0.407506 0.447164 0.815012
4 0.664998 0.341172 0.670004 0.682343
3 0.10676 0.777401 0.212598 0.416654
0 0.0914802 0.773586 0.18296 0.452828
0 0.229409 0.533612 0.226156 0.4469
4 0.57016 0.759141 0.621927 0.481718
3 0.0300119 0.288199 0.0600238 0.576399
0 0.53464 0.687405 0.277708 0.51579
4 0.415973 0.809386 0.588217 0.339575
4 0.937487 0.783261 0.125025 0.433477
4 0.0694712 0.62348 0.138555 0.240144
3 0.456618 0.4631 0.0412549 0.171783
0 0.964079 0.322722 0.0718428 0.59166
4 0.520422 0.138524 0.926832 0.277047
4 0.944261 0.775583 0.111477 0.448834
3 0.177265 0.38609 0.345162 0.77218
4 0.683388 0.0345834 0.633223 0.0691668
3 0.431101 0.297873 0.57095 0.595746
0 0.255144 0.0860588 0.510288 0.172118
3 0.353159 0.0258699 0.704232 0.0517399
3 0.656587 0.226127 0.686826 0.452255
3 0.969516 0.228398 0.0609672 0.422322
3 0.121932 0.229993 0.243865 0.459987
3 0.0729138 0.745592 0.145828 0.47963
3 0.531521 0.231558 0.779305 0.463116
3 0.618019 0.5 0.696511 1
1 0.229409 0.533612 0.226156 0.4469
3 0.301146 0.0423577 0.602292 0.0847153
0 0.953594 0.304579 0.092812 0.404498
4 0.541086 0.816587 0.487757 0.366827
2 0.240296 0.650462 0.230025 0.256275
4 0.689857 0.266367 0.620286 0.532734
3 0.0365445 0.752821 0.0730889 0.494359
4 0.544133 0.748173 0.492274 0.469833
3 0.175338 0.160735 0.350675 0.32147
0 0.506341 0.260244 0.647088 0.520487
3 0.0342414 0.775608 0.0684827 0.448783
3 0.757202 0.686288 0.485596 0.627424
3 0.0694712 0.62348 0.138555 0.240144
4 0.507719 0.85452 0.445714 0.290959
0 0.810826 0.329689 0.373504 0.569792
3 0.810826 0.329689 0.373504 0.569792
3 0.244644 0.724963 0.245213 0.515468
4 0.067597 0.413645 0.133246 0.3643
4 0.0729138 0.745592 0.145828 0.47963
3 0.240296 0.650462 0.230025 0.256275
0 0.781039 0.684204 0.437921 0.631593
3 0.0634699 0.370996 0.12694 0.492984
4 0.666491 0.5 0.667018 1
0 0.0634699 0.370996 0.12694 0.492984
4 0.10676 0.777401 0.212598 0.416654
0 0.119788 0.798854 0.239577 0.402293
4 0.0914802 0.773586 0.18296 0.452828
4 0.578124 0.295725 0.754188 0.59145
0 0.385665 0.326023 0.603747 0.652045
1 0.824078 0.765539 0.351843 0.468923
4 0.460851 0.196086 0.921702 0.392172
3 0.436134 0.208997 0.639475 0.417994
3 0.554433 0.752967 0.487832 0.488881
4 0.767104 0.0436752 0.465792 0.0873504
1 0.449906 0.60475 0.0655824 0.200068
4 0.833401 0.764146 0.333197 0.471709
4 0.885398 0.751909 0.229203 0.496183
4 0.0342414 0.775608 0.0684827 0.448783
3 0.0914802 0.773586 0.18296 0.452828
0 0.39761 0.41389 0.350192 0.82778
3 0.297807 0.698429 0.379607 0.372086
4 0.73037 0.756422 0.539258 0.487155
0 0.73037 0.756422 0.539258 0.487155
0 0.776418 0.407506 0.447164 0.815012
0 0.0342414 0.775608 0.0684827 0.448783
4 0.0311421 0.768256 0.0622841 0.463489
2 0.272007 0.420711 0.301078 0.841421
3 0.449906 0.60475 0.0655824 0.200068
0 0.937487 0.783261 0.125025 0.433477
2 0.169619 0.632954 0.339238 0.266471
0 0.335307 0.800642 0.565914 0.398715
0 0.482284 0.457708 0.441457 0.915415
4 0.119788 0.798854 0.239577 0.402293
4 0.211963 0.120097 0.423927 0.240193
4 0.214317 0.250613 0.415642 0.501227
4 0.23785 0.73427 0.447768 0.414811
4 0.969516 0.228398 0.0609672 0.422322
0 0.831415 0.754492 0.33717 0.491017
0 0.800299 0.194492 0.399401 0.388985
0 0.791672 0.258021 0.416656 0.516041
3 0.479797 0.491171 0.0899047 0.223718
2 0.163047 0.75668 0.325092 0.457494
3 0.486572 0.853656 0.459477 0.259483
4 0.791672 0.258021 0.416656 0.516041
0 0.404331 0.85957 0.516834 0.280859
4 0.0767107 0.30642 0.153421 0.586356
2 0.401018 0.749596 0.560166 0.449734
2 0.23785 0.73427 0.447768 0.414811
4 0.800299 0.194492 0.399401 0.388985
0 0.13643 0.268025 0.271202 0.520946
4 0.930892 0.717076 0.138217 0.565849
1 0.453992 0.513377 0.0407503 0.0655778
0 0.0342879 0.305871 0.0685758 0.567754
3 0.334248 0.185185 0.66824 0.37037
3 0.128114 0.146284 0.256228 0.281114
2 0.0669841 0.544739 0.133968 0.0936037
4 0.244644 0.724963 0.245213 0.515468
2 0.0618867 0.746529 0.123773 0.506943
3 0.255144 0.0860588 0.510288 0.172118
2 0.0694712 0.62348 0.138555 0.240144
2 0.0682201 0.465385 0.135951 0.254619
0 0.885398 0.751909 0.229203 0.496183
4 0.94676 0.503463 0.10648 0.870598
4 0.507306 0.83773 0.518337 0.291145
4 0.39761 0.41389 0.350192 0.82778
4 0.520786 0.686962 0.247976 0.378509
0 0.94676 0.503463 0.10648 0.870598
4 0.964079 0.322722 0.0718428 0.59166
2 0.113364 0.534283 0.226728 0.394485
0 0.515849 0.470833 0.653762 0.941666
4 0.255144 0.0860588 0.510288 0.172118
4 0.436134 0.208997 0.639475 0.417994
4 0.353159 0.0258699 0.704232 0.0517399
4 0.177265 0.38609 0.345162 0.77218
4 0.515849 0.470833 0.653762 0.941666
4 0.108573 0.28468 0.217146 0.553143
4 0.0342879 0.305871 0.0685758 0.567754
4 0.952992 0.254849 0.0940166 0.490749
4 0.477663 0.265542 0.621538 0.531084
2 0.237265 0.537382 0.232289 0.468641
3 0.0767107 0.30642 0.153421 0.586356
4 0.385665 0.326023 0.603747 0.652045
0 0.541086 0.816587 0.487757 0.366827
3 0.520786 0.686962 0.247976 0.378509
0 0.121932 0.229993 0.243865 0.459987
1 0.431225 0.751644 0.608932 0.480259
4 0.128114 0.146284 0.256228 0.281114
4 0.301146 0.0423577 0.602292 0.0847153
0 0.57016 0.759141 0.621927 0.481718
1 0.456618 0.4631 0.0412549 0.171783
2 0.252259 0.694282 0.255422 0.352783
4 0.482284 0.457708 0.441457 0.915415
0 0.42851 0.215497 0.763792 0.430995
0 0.0767107 0.30642 0.153421 0.586356
4 0.223715 0.530796 0.200197 0.451439
4 0.431225 0.751644 0.608932 0.480259
4 0.121932 0.229993 0.243865 0.459987
4 0.774073 0.5 0.451854 1
0 0.507719 0.85452 0.445714 0.290959
4 0.479797 0.491171 0.0899047 0.223718
0 0.930892 0.717076 0.138217 0.565849
4 0.481357 0.511547 0.0895035 0.100124
3 0.411122 0.638269 0.13367 0.338997
4 0.0634699 0.370996 0.12694 0.492984
4 0.175338 0.160735 0.350675 0.32147
3 0.53464 0.687405 0.277708 0.51579
3 0.491818 0.173536 0.932901 0.347071
4 0.334248 0.185185 0.66824 0.37037
4 0.166916 0.500112 0.319634 0.500883
1 0.0682881 0.421029 0.13315 0.359986
4 0.272007 0.420711 0.301078 0.841421
0 0.272007 0.420711 0.301078 0.841421
3 0.431225 0.751644 0.608932 0.480259
3 0.481357 0.511547 0.0895035 0.100124
2 0.456618 0.4631 0.0412549 0.171783
2 0.453992 0.513377 0.0407503 0.0655778
4 0.449906 0.60475 0.0655824 0.200068
4 0.781039 0.684204 0.437921 0.631593
2 0.964079 0.322722 0.0718428 0.59166
3 0.415973 0.809386 0.588217 0.339575
4 0.411122 0.638269 0.13367 0.338997
1 0.743616 0.749814 0.512353 0.480522
2 0.968191 0.235467 0.0636177 0.42757
4 0.810826 0.329689 0.373504 0.569792
4 0.844948 0.510481 0.310104 0.979038
0 0.262265 0.767268 0.5064 0.465463
2 0.520786 0.686962 0.247976 0.378509
0 0.128114 0.146284 0.256228 0.281114
2 0.724328 0.751976 0.551345 0.490378
2 0.479797 0.491171 0.0899047 0.223718
2 0.297807 0.698429 0.379607 0.372086
0 0.686413 0.670459 0.616818 0.659082
0 0.805809 0.511954 0.388382 0.976092
0 0.166916 0.500112 0.319634 0.500883
4 0.243811 0.395198 0.483544 0.790397
0 0.417753 0.576432 0.116892 0.414014
4 0.417753 0.576432 0.116892 0.414014
2 0.214317 0.250613 0.415642 0.501227
4 0.297807 0.698429 0.379607 0.372086
0 0.731803 0.5 0.536394 1
1 0.630111 0.742453 0.565588 0.512479
1 0.944261 0.775583 0.111477 0.448834
2 0.336118 0.234574 0.661183 0.469148
2 0.152653 0.351059 0.300037 0.702117
2 0.79679 0.5 0.406421 1
