0 0.498663 0.65264 0.249597 0.40499
0 0.0906302 0.740179 0.154448 0.321101
0 0.302187 0.536298 0.11867 0.0686172
0 0.949055 0.543769 0.101685 0.0610129
1 0.496846 0.648193 0.249806 0.434845
0 0.694336 0.552366 0.121253 0.0795717
1 0.0907123 0.737335 0.155228 0.325817
0 0.301575 0.53116 0.108165 0.0925964
0 0.74869 0.547566 0.230236 0.0790429
0 0.95044 0.537053 0.0991205 0.0878765
0 0.946907 0.55778 0.106186 0.100203
4 0.0907123 0.737335 0.155228 0.325817
0 0.30639 0.461089 0.105231 0.229461
0 0.70757 0.55283 0.17545 0.0829465
0 0.301583 0.54805 0.11363 0.106619
2 0.0881374 0.738838 0.154318 0.317726
0 0.810657 0.593208 0.353505 0.165798
0 0.0900935 0.667553 0.159099 0.453704
0 0.833022 0.710503 0.333956 0.403174
2 0.497119 0.652376 0.255202 0.427448
0 0.748438 0.469148 0.228072 0.223522
0 0.950988 0.474791 0.0980247 0.214007
0 0.818628 0.638337 0.362718 0.259478
0 0.385316 0.678099 0.476544 0.416953
0 0.809689 0.761682 0.380623 0.4661
3 0.0980113 0.773989 0.17475 0.393973
0 0.401026 0.573027 0.427921 0.178859
0 0.153738 0.757993 0.264098 0.374692
0 0.317574 0.643695 0.163263 0.311183
3 0.0849222 0.730121 0.169844 0.367282
4 0.522783 0.723408 0.303023 0.525388
0 0.407662 0.0217907 0.807738 0.0435813
0 0.0943586 0.677448 0.188717 0.512972
0 0.192324 0.7351 0.370156 0.507068
3 0.551513 0.727849 0.398264 0.483491
0 0.593491 0.70236 0.449087 0.418504
3 0.169047 0.714863 0.338095 0.424346
0 0.928454 0.559555 0.143092 0.138342
0 0.0787853 0.757885 0.157571 0.407543
3 0.0919902 0.667976 0.17617 0.453
3 0.557289 0.74373 0.325384 0.512541
3 0.73911 0.44506 0.205033 0.301501
4 0.115848 0.793509 0.217002 0.412983
3 0.115848 0.793509 0.217002 0.412983
1 0.946907 0.55778 0.106186 0.100203
3 0.838002 0.441686 0.323996 0.883373
3 0.746638 0.443286 0.225457 0.446796
4 0.502197 0.657443 0.253109 0.379658
3 0.860242 0.312123 0.242695 0.624247
4 0.813748 0.753632 0.372504 0.48015
3 0.687536 0.828739 0.228584 0.342523
3 0.517419 0.566469 0.301012 0.624521
0 0.308924 0.369405 0.135636 0.461118
1 0.0900935 0.667553 0.159099 0.453704
3 0.603092 0.298179 0.345564 0.596359
4 0.301575 0.53116 0.108165 0.0925964
3 0.416602 0.435329 0.489966 0.870658
3 0.156999 0.807565 0.273796 0.384869
0 0.800042 0.548289 0.119097 0.06392
3 0.615494 0.806617 0.309698 0.386765
3 0.11207 0.474464 0.22414 0.867532
0 0.5438 0.0313826 0.819211 0.0627652
0 0.313209 0.030515 0.626419 0.0610301
3 0.500775 0.707304 0.319541 0.585392
3 0.759029 0.370302 0.250088 0.505598
3 0.761877 0.311706 0.476245 0.623413
0 0.0780897 0.642558 0.156179 0.569495
4 0.167772 0.773029 0.294765 0.378749
0 0.463014 0.746212 0.296404 0.507576
0 0.237181 0.0665289 0.474362 0.133058
0 0.432639 0.826691 0.292633 0.346619
3 0.665737 0.758139 0.297005 0.481735
4 0.750313 0.537546 0.229745 0.0939246
3 0.571599 0.316975 0.738647 0.63395
4 0.463014 0.746212 0.296404 0.507576
0 0.0739309 0.75151 0.147862 0.496979
3 0.94856 0.383846 0.10288 0.742591
4 0.557289 0.74373 0.325384 0.512541
3 0.317574 0.643695 0.163263 0.311183
0 0.363659 0.182296 0.687126 0.364592
3 0.120497 0.267026 0.240993 0.534053
3 0.750313 0.537546 0.229745 0.0939246
0 0.943868 0.315358 0.112263 0.630717
0 0.94452 0.693903 0.11096 0.366206
3 0.79923 0.761079 0.363382 0.466442
3 0.463014 0.746212 0.296404 0.507576
3 0.817022 0.300948 0.190794 0.596444
3 0.299422 0.339415 0.19059 0.652243
3 0.246259 0.356987 0.467973 0.713975
3 0.950776 0.463924 0.0984489 0.228615
3 0.823486 0.76 0.345636 0.48
3 0.212453 0.374545 0.302511 0.744947
3 0.748093 0.472786 0.226166 0.216993
3 0.582168 0.0346275 0.758672 0.0692549
3 0.895395 0.334404 0.209211 0.666303
3 0.942301 0.766757 0.115397 0.466485
3 0.154379 0.527222 0.308758 0.77811
3 0.28008 0.275892 0.522123 0.551784
0 0.73911 0.44506 0.205033 0.301501
3 0.174404 0.430178 0.336232 0.860356
3 0.951083 0.537148 0.0978338 0.0911247
3 0.635929 0.0694445 0.728142 0.138889
3 0.567054 0.302527 0.550072 0.605054
3 0.722094 0.154076 0.555812 0.308152
0 0.0949579 0.497641 0.184988 0.808469
3 0.354416 0.7771 0.409243 0.433683
3 0.948108 0.55959 0.103784 0.0995777
4 0.30639 0.461089 0.105231 0.229461
3 0.665574 0.108187 0.668853 0.216374
3 0.221155 0.829059 0.219078 0.341882
4 0.951083 0.537148 0.0978338 0.0911247
0 0.489418 0.717614 0.277133 0.520846
3 0.906472 0.748093 0.187055 0.503813
3 0.475335 0.0221887 0.88089 0.0443774
3 0.24934 0.819681 0.24566 0.354387
2 0.0739309 0.75151 0.147862 0.496979
4 0.950988 0.474791 0.0980247 0.214007
3 0.531154 0.436628 0.39466 0.873256
3 0.432639 0.826691 0.292633 0.346619
3 0.237181 0.0665289 0.474362 0.133058
3 0.268087 0.838836 0.238201 0.322328
3 0.558745 0.361445 0.370422 0.702832
0 0.613642 0.045071 0.751524 0.090142
3 0.725227 0.305668 0.263696 0.577251
2 0.153738 0.757993 0.264098 0.374692
3 0.934832 0.748007 0.130335 0.467214
3 0.357148 0.86411 0.321292 0.271781
0 0.872621 0.762592 0.254758 0.474816
1 0.297925 0.530777 0.129343 0.100038
0 0.0858251 0.737941 0.157094 0.524118
0 0.635929 0.0694445 0.728142 0.138889
3 0.380158 0.699035 0.488537 0.459654
3 0.307355 0.742426 0.562214 0.515149
3 0.943868 0.315358 0.112263 0.630717
0 0.665574 0.108187 0.668853 0.216374
3 0.140292 0.750136 0.266399 0.355642
3 0.0603816 0.556252 0.120763 0.732425
3 0.810657 0.593208 0.353505 0.165798
0 0.571599 0.316975 0.738647 0.63395
3 0.300984 0.473733 0.118057 0.232306
0 0.764969 0.18457 0.470063 0.369139
0 0.938275 0.767768 0.12345 0.464465
3 0.0780897 0.642558 0.156179 0.569495
4 0.500775 0.707304 0.319541 0.585392
4 0.511572 0.0272345 0.882091 0.054469
4 0.432639 0.826691 0.292633 0.346619
0 0.446042 0.291276 0.738788 0.582551
3 0.0334958 0.47189 0.0669916 0.890032
4 0.615494 0.806617 0.309698 0.386765
3 0.872621 0.762592 0.254758 0.474816
3 0.438622 0.279695 0.574976 0.559389
2 0.30639 0.461089 0.105231 0.229461
2 0.301575 0.53116 0.108165 0.0925964
3 0.313209 0.030515 0.626419 0.0610301
0 0.29338 0.0516626 0.586761 0.103325
3 0.734433 0.518881 0.202068 0.330255
4 0.748438 0.469148 0.228072 0.223522
3 0.308924 0.369405 0.135636 0.461118
3 0.668955 0.304789 0.46072 0.609577
0 0.97364 0.265699 0.05272 0.531398
3 0.198225 0.815262 0.253987 0.360579
4 0.168465 0.811177 0.255711 0.377646
0 0.307355 0.742426 0.562214 0.515149
4 0.687536 0.828739 0.228584 0.342523
3 0.0840421 0.345213 0.168084 0.690426
1 0.750061 0.547535 0.228036 0.079197
0 0.94856 0.383846 0.10288 0.742591
0 0.7308 0.531063 0.192951 0.11918
2 0.818628 0.638337 0.362718 0.259478
0 0.957669 0.218426 0.0846624 0.436852
0 0.221155 0.829059 0.219078 0.341882
2 0.74943 0.553315 0.227956 0.085885
4 0.0739309 0.75151 0.147862 0.496979
3 0.685505 0.753578 0.619067 0.4638
3 0.452532 0.720289 0.31817 0.528678
4 0.0953217 0.777937 0.165084 0.444126
1 0.30639 0.461089 0.105231 0.229461
3 0.74943 0.553315 0.227956 0.085885
0 0.299422 0.339415 0.19059 0.652243
3 0.301261 0.557456 0.121385 0.109225
3 0.0226901 0.293914 0.0453801 0.587828
3 0.29338 0.0516626 0.586761 0.103325
4 0.385316 0.678099 0.476544 0.416953
2 0.463014 0.746212 0.296404 0.507576
0 0.514992 0.361588 0.434376 0.723176
0 0.729402 0.685444 0.302354 0.34309
3 0.223724 0.231856 0.447447 0.463712
4 0.613642 0.045071 0.751524 0.090142
3 0.0246737 0.430905 0.0493475 0.861809
3 0.823054 0.121548 0.353893 0.243097
3 0.957669 0.218426 0.0846624 0.436852
4 0.778212 0.770315 0.310863 0.45937
4 0.942301 0.766757 0.115397 0.466485
0 0.0603816 0.556252 0.120763 0.732425
0 0.823054 0.121548 0.353893 0.243097
4 0.943868 0.315358 0.112263 0.630717
0 0.942301 0.766757 0.115397 0.466485
2 0.0787853 0.757885 0.157571 0.407543
3 0.928454 0.559555 0.143092 0.138342
4 0.94856 0.383846 0.10288 0.742591
3 0.97364 0.265699 0.05272 0.531398
0 0.357148 0.86411 0.321292 0.271781
4 0.94452 0.693903 0.11096 0.366206
2 0.432639 0.826691 0.292633 0.346619
3 0.818628 0.638337 0.362718 0.259478
3 0.108139 0.270509 0.216278 0.541018
4 0.345452 0.0213615 0.68815 0.042723
3 0.94452 0.693903 0.11096 0.366206
4 0.938275 0.767768 0.12345 0.464465
4 0.357148 0.86411 0.321292 0.271781
4 0.0919902 0.667976 0.17617 0.453
4 0.452532 0.720289 0.31817 0.528678
4 0.446042 0.291276 0.738788 0.582551
1 0.153738 0.757993 0.264098 0.374692
3 0.419788 0.233074 0.689383 0.466149
1 0.301583 0.54805 0.11363 0.106619
2 0.169047 0.714863 0.338095 0.424346
1 0.593491 0.70236 0.449087 0.418504
0 0.268087 0.838836 0.238201 0.322328
4 0.946907 0.55778 0.106186 0.100203
4 0.308924 0.369405 0.135636 0.461118
4 0.237181 0.0665289 0.474362 0.133058
4 0.872621 0.762592 0.254758 0.474816
4 0.363659 0.182296 0.687126 0.364592
4 0.635929 0.0694445 0.728142 0.138889
4 0.685505 0.753578 0.619067 0.4638
0 0.452095 0.453236 0.514071 0.906472
0 0.481014 0.288483 0.525368 0.576965
3 0.301784 0.52938 0.113983 0.0950005
0 0.295906 0.790907 0.441067 0.415892
4 0.317574 0.643695 0.163263 0.311183
4 0.846173 0.757103 0.307654 0.485793
3 0.0943586 0.677448 0.188717 0.512972
4 0.729402 0.685444 0.302354 0.34309
4 0.665737 0.758139 0.297005 0.481735
0 0.746638 0.443286 0.225457 0.446796
4 0.354416 0.7771 0.409243 0.433683
2 0.307355 0.742426 0.562214 0.515149
3 0.502243 0.65111 0.254934 0.412707
4 0.523576 0.297451 0.476887 0.594902
4 0.0787853 0.757885 0.157571 0.407543
4 0.74943 0.553315 0.227956 0.085885
0 0.846173 0.757103 0.307654 0.485793
4 0.571599 0.316975 0.738647 0.63395
4 0.618547 0.714236 0.523425 0.462341
1 0.308924 0.369405 0.135636 0.461118
2 0.806229 0.421323 0.334897 0.807542
4 0.29338 0.0516626 0.586761 0.103325
0 0.0334958 0.47189 0.0669916 0.890032
4 0.906472 0.748093 0.187055 0.503813
0 0.517419 0.566469 0.301012 0.624521
3 0.0894528 0.582668 0.17664 0.651726
4 0.392249 0.256631 0.47364 0.513262
4 0.665574 0.108187 0.668853 0.216374
0 0.793887 0.282389 0.412225 0.564779
0 0.665737 0.758139 0.297005 0.481735
4 0.0890432 0.499433 0.178086 0.836413
1 0.748335 0.461687 0.232244 0.24165
4 0.764969 0.18457 0.470063 0.369139
3 0.363659 0.182296 0.687126 0.364592
0 0.778212 0.770315 0.310863 0.45937
0 0.692088 0.748968 0.600403 0.480077
0 0.174404 0.430178 0.336232 0.860356
0 0.806229 0.421323 0.334897 0.807542
4 0.0226901 0.293914 0.0453801 0.587828
0 0.246259 0.356987 0.467973 0.713975
1 0.192324 0.7351 0.370156 0.507068
0 0.24934 0.819681 0.24566 0.354387
4 0.449357 0.435533 0.459029 0.870908
4 0.301583 0.54805 0.11363 0.106619
0 0.120497 0.267026 0.240993 0.534053
4 0.108139 0.270509 0.216278 0.541018
0 0.906472 0.748093 0.187055 0.503813
4 0.268087 0.838836 0.238201 0.322328
3 0.729402 0.685444 0.302354 0.34309
4 0.603092 0.298179 0.345564 0.596359
0 0.198225 0.815262 0.253987 0.360579
2 0.831109 0.325367 0.274475 0.630459
4 0.73911 0.44506 0.205033 0.301501
4 0.0246737 0.430905 0.0493475 0.861809
0 0.860242 0.312123 0.242695 0.624247
4 0.221155 0.829059 0.219078 0.341882
4 0.823054 0.121548 0.353893 0.243097
4 0.806229 0.421323 0.334897 0.807542
1 0.833022 0.710503 0.333956 0.403174
2 0.810657 0.593208 0.353505 0.165798
4 0.28008 0.275892 0.522123 0.551784
0 0.687536 0.828739 0.228584 0.342523
4 0.0334958 0.47189 0.0669916 0.890032
4 0.818628 0.638337 0.362718 0.259478
0 0.108139 0.270509 0.216278 0.541018
2 0.0953217 0.777937 0.165084 0.444126
0 0.0226901 0.293914 0.0453801 0.587828
2 0.354416 0.7771 0.409243 0.433683
4 0.307355 0.742426 0.562214 0.515149
0 0.0246737 0.430905 0.0493475 0.861809
3 0.0858251 0.737941 0.157094 0.524118
4 0.855505 0.354929 0.256796 0.690325
4 0.136984 0.453324 0.270882 0.906647
2 0.95044 0.537053 0.0991205 0.0878765
0 0.498642 0.652647 0.24964 0.40491
0 0.0906271 0.740188 0.15446 0.321111
0 0.302186 0.536309 0.118669 0.0685857
0 0.949068 0.543774 0.101679 0.0609856
1 0.496824 0.648189 0.249849 0.434783
0 0.694335 0.552378 0.121247 0.0795699
1 0.0907087 0.737366 0.155243 0.32577
0 0.301572 0.531174 0.10816 0.0925755
0 0.748698 0.547575 0.230246 0.0790463
0 0.950444 0.537041 0.0991123 0.0878655
0 0.946873 0.557844 0.106255 0.100288
4 0.0907087 0.737366 0.155243 0.32577
0 0.306378 0.461057 0.105245 0.229535
0 0.707483 0.552846 0.175365 0.0829461
0 0.301591 0.548056 0.113623 0.106701
2 0.0881327 0.73887 0.154323 0.317712
0 0.810882 0.593006 0.35392 0.165338
0 0.0901038 0.667583 0.15909 0.453593
0 0.832663 0.709261 0.334674 0.400711
2 0.497134 0.652374 0.255217 0.427383
0 0.74845 0.469248 0.228065 0.223316
0 0.950991 0.474931 0.0980183 0.213772
0 0.818632 0.639109 0.362682 0.26098
0 0.38537 0.678105 0.476398 0.416938
0 0.809652 0.761678 0.380697 0.466131
3 0.0979549 0.774018 0.174657 0.39395
0 0.401097 0.573076 0.427913 0.179092
0 0.153495 0.758017 0.263676 0.374598
0 0.317664 0.643642 0.163375 0.311112
3 0.0849266 0.730134 0.169853 0.367122
4 0.5227 0.723394 0.302758 0.52542
0 0.407321 0.0218371 0.807206 0.0436742
0 0.0944138 0.67765 0.188828 0.512816
0 0.192277 0.735062 0.370116 0.507082
3 0.551492 0.727806 0.3982 0.483402
3 0.169048 0.714846 0.338096 0.424478
0 0.593515 0.702226 0.449181 0.418251
0 0.928074 0.56029 0.143853 0.13984
0 0.0787907 0.757904 0.157581 0.407679
3 0.0919934 0.668031 0.176158 0.452854
3 0.557399 0.743696 0.324988 0.512607
3 0.738987 0.445102 0.204737 0.301371
4 0.115736 0.79361 0.216799 0.412781
3 0.115736 0.79361 0.216799 0.412781
3 0.837811 0.441634 0.324379 0.883268
1 0.946873 0.557844 0.106255 0.100288
3 0.746637 0.44376 0.225422 0.447388
4 0.502204 0.657428 0.253127 0.379692
3 0.860444 0.31223 0.242054 0.624296
4 0.813761 0.753691 0.372479 0.480174
3 0.517309 0.567673 0.300579 0.621916
3 0.687514 0.828437 0.228378 0.343127
3 0.60375 0.298148 0.342755 0.596296
1 0.0901038 0.667583 0.15909 0.453593
4 0.301572 0.531174 0.10816 0.0925755
0 0.309009 0.368206 0.135697 0.463782
3 0.416579 0.435319 0.488833 0.870639
3 0.156851 0.807604 0.273455 0.384792
3 0.615728 0.806463 0.309203 0.387075
0 0.800069 0.548295 0.119084 0.0639018
3 0.111899 0.474408 0.223799 0.867712
3 0.500926 0.707267 0.318968 0.585467
3 0.762471 0.311964 0.475059 0.623927
3 0.759155 0.37054 0.250301 0.507775
0 0.313212 0.0304808 0.626423 0.0609616
0 0.543835 0.0316363 0.818584 0.0632726
4 0.167572 0.77307 0.294437 0.378664
0 0.0780071 0.642647 0.156014 0.569327
0 0.463006 0.74637 0.296176 0.507259
3 0.665803 0.758149 0.296047 0.481772
4 0.750316 0.537542 0.229767 0.093928
3 0.572003 0.317111 0.736873 0.634223
4 0.463006 0.74637 0.296176 0.507259
0 0.237435 0.0662977 0.474869 0.132595
0 0.432655 0.827245 0.292343 0.34551
3 0.948564 0.38434 0.102871 0.743555
4 0.557399 0.743696 0.324988 0.512607
3 0.317664 0.643642 0.163375 0.311112
3 0.120331 0.268004 0.240663 0.536008
0 0.0738346 0.751521 0.147669 0.496959
3 0.750316 0.537542 0.229767 0.093928
3 0.799156 0.761104 0.363302 0.466517
0 0.363622 0.182289 0.686832 0.364579
3 0.817623 0.301123 0.187958 0.595507
3 0.299764 0.339219 0.190038 0.65327
3 0.463006 0.74637 0.296176 0.507259
3 0.246549 0.357191 0.467259 0.714381
3 0.82346 0.760016 0.345598 0.479968
3 0.950773 0.463959 0.0984533 0.228505
0 0.94453 0.694097 0.110939 0.366615
0 0.943891 0.31549 0.112219 0.63098
3 0.213024 0.374418 0.301241 0.744816
3 0.748084 0.472853 0.22617 0.216859
3 0.895218 0.334773 0.209565 0.666986
3 0.582309 0.0350069 0.758028 0.0700138
3 0.942339 0.766535 0.115322 0.46693
3 0.280634 0.275844 0.519914 0.551689
3 0.154324 0.530398 0.308648 0.771447
3 0.174259 0.430087 0.335864 0.860173
3 0.636261 0.0706474 0.727479 0.141295
3 0.951098 0.537138 0.0978046 0.0911002
3 0.72239 0.15425 0.55522 0.308499
3 0.567521 0.30242 0.546355 0.604841
3 0.35455 0.776822 0.408901 0.434437
3 0.948123 0.559611 0.103754 0.0995663
0 0.738987 0.445102 0.204737 0.301371
0 0.0948618 0.499626 0.184753 0.804389
4 0.306378 0.461057 0.105245 0.229535
3 0.666016 0.109435 0.667967 0.218869
3 0.221236 0.829315 0.218411 0.341371
4 0.951098 0.537138 0.0978046 0.0911002
3 0.906572 0.747803 0.186857 0.504394
0 0.489432 0.717609 0.27711 0.520951
3 0.475045 0.0221849 0.881082 0.0443699
3 0.249324 0.819681 0.245552 0.354646
2 0.0738346 0.751521 0.147669 0.496959
4 0.950991 0.474931 0.0980183 0.213772
3 0.531228 0.436643 0.393853 0.873285
3 0.432655 0.827245 0.292343 0.34551
3 0.237435 0.0662977 0.474869 0.132595
3 0.268161 0.839502 0.237725 0.320997
3 0.558835 0.36109 0.369562 0.702595
3 0.725416 0.306168 0.262636 0.57628
3 0.934898 0.747097 0.130204 0.465398
3 0.3573 0.864925 0.320699 0.270151
2 0.153495 0.758017 0.263676 0.374598
1 0.29794 0.530795 0.129339 0.100068
3 0.380387 0.698967 0.48803 0.459525
0 0.613753 0.0456419 0.750908 0.0912838
3 0.307394 0.74242 0.561935 0.515161
3 0.943891 0.31549 0.112219 0.63098
0 0.872844 0.762574 0.254313 0.474852
3 0.140232 0.750185 0.266316 0.355722
3 0.0601586 0.556292 0.120317 0.732116
0 0.085813 0.738028 0.157062 0.523943
0 0.636261 0.0706474 0.727479 0.141295
3 0.810882 0.593006 0.35392 0.165338
3 0.300985 0.473711 0.118026 0.232299
3 0.0780071 0.642647 0.156014 0.569327
0 0.666016 0.109435 0.667967 0.218869
4 0.500926 0.707267 0.318968 0.585467
4 0.432655 0.827245 0.292343 0.34551
3 0.0334042 0.471724 0.0668083 0.890263
4 0.511295 0.0273225 0.882393 0.054645
4 0.615728 0.806463 0.309203 0.387075
0 0.572003 0.317111 0.736873 0.634223
3 0.439144 0.279707 0.572884 0.559415
3 0.872844 0.762574 0.254313 0.474852
0 0.765179 0.183633 0.469642 0.367266
2 0.301572 0.531174 0.10816 0.0925755
3 0.313212 0.0304808 0.626423 0.0609616
2 0.306378 0.461057 0.105245 0.229535
3 0.734323 0.518804 0.201821 0.329794
4 0.74845 0.469248 0.228065 0.223316
3 0.309009 0.368206 0.135697 0.463782
0 0.938175 0.767748 0.123649 0.464505
3 0.670261 0.30479 0.456359 0.609581
3 0.198338 0.815256 0.253233 0.360777
0 0.446028 0.293008 0.739086 0.586017
4 0.168403 0.811316 0.255141 0.377368
0 0.293534 0.0515028 0.587067 0.103006
4 0.687514 0.828437 0.228378 0.343127
3 0.083952 0.345823 0.167904 0.691646
1 0.75006 0.547545 0.228053 0.0791949
0 0.97308 0.267165 0.0538393 0.53433
0 0.307394 0.74242 0.561935 0.515161
2 0.818632 0.639109 0.362682 0.26098
2 0.749438 0.553345 0.228009 0.0859063
0 0.948564 0.38434 0.102871 0.743555
4 0.0738346 0.751521 0.147669 0.496959
3 0.685533 0.753623 0.618859 0.463836
0 0.730755 0.53106 0.192833 0.119157
0 0.221236 0.829315 0.218411 0.341371
3 0.452596 0.720299 0.317973 0.528771
0 0.957231 0.218511 0.0855374 0.437022
4 0.0952873 0.777951 0.165009 0.444099
3 0.749438 0.553345 0.228009 0.0859063
1 0.306378 0.461057 0.105245 0.229535
3 0.301284 0.55743 0.121329 0.109204
3 0.0226778 0.293884 0.0453555 0.587769
3 0.293534 0.0515028 0.587067 0.103006
4 0.38537 0.678105 0.476398 0.416938
0 0.299764 0.339219 0.190038 0.65327
2 0.463006 0.74637 0.296176 0.507259
3 0.224206 0.23181 0.448413 0.46362
3 0.0246329 0.430895 0.0492658 0.861789
3 0.824124 0.120897 0.351753 0.241793
4 0.613753 0.0456419 0.750908 0.0912838
3 0.957231 0.218511 0.0855374 0.437022
4 0.778176 0.770279 0.310964 0.459441
0 0.515344 0.361436 0.433162 0.722872
4 0.942339 0.766535 0.115322 0.46693
4 0.943891 0.31549 0.112219 0.63098
0 0.729201 0.684956 0.302749 0.342164
3 0.928074 0.56029 0.143853 0.13984
2 0.0787907 0.757904 0.157581 0.407679
0 0.0601586 0.556292 0.120317 0.732116
4 0.948564 0.38434 0.102871 0.743555
3 0.97308 0.267165 0.0538393 0.53433
0 0.824124 0.120897 0.351753 0.241793
4 0.94453 0.694097 0.110939 0.366615
2 0.432655 0.827245 0.292343 0.34551
0 0.942339 0.766535 0.115322 0.46693
4 0.345279 0.0213979 0.687835 0.0427957
3 0.818632 0.639109 0.362682 0.26098
3 0.108028 0.270707 0.216056 0.541413
3 0.94453 0.694097 0.110939 0.366615
4 0.938175 0.767748 0.123649 0.464505
0 0.3573 0.864925 0.320699 0.270151
4 0.3573 0.864925 0.320699 0.270151
4 0.452596 0.720299 0.317973 0.528771
4 0.0919934 0.668031 0.176158 0.452854
3 0.419804 0.234493 0.690008 0.468986
4 0.446028 0.293008 0.739086 0.586017
1 0.153495 0.758017 0.263676 0.374598
1 0.301591 0.548056 0.113623 0.106701
2 0.169048 0.714846 0.338096 0.424478
1 0.593515 0.702226 0.449181 0.418251
4 0.946873 0.557844 0.106255 0.100288
4 0.309009 0.368206 0.135697 0.463782
4 0.237435 0.0662977 0.474869 0.132595
4 0.872844 0.762574 0.254313 0.474852
4 0.363622 0.182289 0.686832 0.364579
4 0.685533 0.753623 0.618859 0.463836
4 0.636261 0.0706474 0.727479 0.141295
0 0.268161 0.839502 0.237725 0.320997
3 0.301788 0.5294 0.113964 0.0949471
4 0.317664 0.643642 0.163375 0.311112
0 0.451997 0.453213 0.512622 0.906426
4 0.846273 0.757075 0.307454 0.485849
3 0.0944138 0.67765 0.188828 0.512816
0 0.481509 0.288674 0.523836 0.577347
4 0.729201 0.684956 0.302749 0.342164
4 0.665803 0.758149 0.296047 0.481772
4 0.35455 0.776822 0.408901 0.434437
0 0.296053 0.790689 0.440722 0.41648
3 0.502257 0.651098 0.254918 0.41266
2 0.307394 0.74242 0.561935 0.515161
4 0.524169 0.297497 0.474697 0.594993
4 0.0787907 0.757904 0.157581 0.407679
4 0.749438 0.553345 0.228009 0.0859063
4 0.572003 0.317111 0.736873 0.634223
4 0.618663 0.714099 0.523652 0.462066
2 0.806346 0.421831 0.334651 0.808605
4 0.293534 0.0515028 0.587067 0.103006
1 0.309009 0.368206 0.135697 0.463782
4 0.906572 0.747803 0.186857 0.504394
0 0.746637 0.44376 0.225422 0.447388
0 0.846273 0.757075 0.307454 0.485849
4 0.394239 0.256535 0.468114 0.51307
3 0.0894411 0.583252 0.176611 0.650464
0 0.0334042 0.471724 0.0668083 0.890263
0 0.517309 0.567673 0.300579 0.621916
4 0.666016 0.109435 0.667967 0.218869
4 0.0890135 0.499327 0.178027 0.836727
4 0.765179 0.183633 0.469642 0.367266
1 0.748329 0.461723 0.232253 0.241574
3 0.363622 0.182289 0.686832 0.364579
0 0.794477 0.283026 0.411045 0.566052
4 0.0226778 0.293884 0.0453555 0.587769
0 0.665803 0.758149 0.296047 0.481772
4 0.449012 0.435517 0.45811 0.870918
1 0.192277 0.735062 0.370116 0.507082
4 0.301591 0.548056 0.113623 0.106701
4 0.108028 0.270707 0.216056 0.541413
0 0.778176 0.770279 0.310964 0.459441
0 0.69213 0.749001 0.600288 0.480098
4 0.268161 0.839502 0.237725 0.320997
0 0.174259 0.430087 0.335864 0.860173
3 0.729201 0.684956 0.302749 0.342164
0 0.806346 0.421831 0.334651 0.808605
4 0.60375 0.298148 0.342755 0.596296
0 0.249324 0.819681 0.245552 0.354646
0 0.246549 0.357191 0.467259 0.714381
0 0.120331 0.268004 0.240663 0.536008
0 0.906572 0.747803 0.186857 0.504394
2 0.83175 0.325434 0.273061 0.630486
1 0.832663 0.709261 0.334674 0.400711
4 0.738987 0.445102 0.204737 0.301371
4 0.0246329 0.430895 0.0492658 0.861789
4 0.221236 0.829315 0.218411 0.341371
4 0.824124 0.120897 0.351753 0.241793
4 0.806346 0.421831 0.334651 0.808605
4 0.280634 0.275844 0.519914 0.551689
2 0.810882 0.593006 0.35392 0.165338
4 0.818632 0.639109 0.362682 0.26098
4 0.0334042 0.471724 0.0668083 0.890263
0 0.198338 0.815256 0.253233 0.360777
0 0.860444 0.31223 0.242054 0.624296
2 0.0952873 0.777951 0.165009 0.444099
0 0.687514 0.828437 0.228378 0.343127
4 0.307394 0.74242 0.561935 0.515161
2 0.35455 0.776822 0.408901 0.434437
3 0.085813 0.738028 0.157062 0.523943
4 0.855879 0.355268 0.256031 0.691017
4 0.136649 0.453331 0.270279 0.906663
0 0.108028 0.270707 0.216056 0.541413
2 0.950444 0.537041 0.0991123 0.0878655
0 0.0226778 0.293884 0.0453555 0.587769
4 0.762471 0.311964 0.475059 0.623927
