0 0.799232 0.749765 0.401537 0.496706
0 0.504798 0.753049 0.60099 0.486734
0 0.705982 0.749953 0.585893 0.498811
3 0.795553 0.73702 0.408894 0.52596
3 0.942357 0.774299 0.115286 0.451403
3 0.280046 0.5232 0.256922 0.953599
0 0.251289 0.830864 0.490313 0.325998
3 0.436512 0.504336 0.431219 0.991328
3 0.937946 0.809072 0.124109 0.381857
3 0.854761 0.753719 0.290478 0.492562
3 0.380419 0.501082 0.362951 0.997835
3 0.719778 0.746285 0.517347 0.507431
3 0.827986 0.501903 0.344028 0.996194
0 0.639591 0.028925 0.720818 0.0578499
3 0.947631 0.53359 0.104739 0.848769
0 0.0919978 0.852102 0.183459 0.291022
4 0.764897 0.746355 0.470206 0.503931
3 0.327798 0.277018 0.257155 0.541256
3 0.223164 0.348876 0.308426 0.697753
0 0.243348 0.741883 0.479287 0.495536
3 0.206561 0.539823 0.225919 0.833366
3 0.619506 0.745148 0.456602 0.509704
0 0.195791 0.669056 0.375501 0.427842
3 0.783809 0.175817 0.432383 0.351635
3 0.349346 0.0929793 0.698692 0.185959
0 0.389821 0.746737 0.734564 0.50185
0 0.0856328 0.347768 0.171266 0.682292
3 0.737236 0.0583451 0.525527 0.11669
3 0.231541 0.324434 0.463081 0.648869
0 0.47725 0.0331148 0.893927 0.0662297
3 0.110339 0.330507 0.220679 0.661013
3 0.31461 0.369691 0.259219 0.698621
0 0.130555 0.847675 0.259045 0.301678
3 0.382033 0.0550063 0.764066 0.110013
3 0.403849 0.755634 0.70203 0.488732
3 0.742687 0.502014 0.514616 0.995971
3 0.371965 0.700204 0.282863 0.536247
3 0.405409 0.311764 0.374327 0.595369
3 0.741934 0.749538 0.505529 0.4949
3 0.435229 0.0349507 0.870458 0.0699014
3 0.469485 0.682894 0.412863 0.601782
3 0.275605 0.666108 0.213446 0.609552
3 0.287183 0.138474 0.574366 0.276949
0 0.321744 0.807113 0.622545 0.372054
4 0.616718 0.744042 0.762266 0.498486
3 0.191575 0.832568 0.374474 0.334864
3 0.819535 0.747287 0.36093 0.505427
0 0.675156 0.0488072 0.649687 0.0976145
3 0.200623 0.735208 0.395508 0.522367
3 0.219008 0.497816 0.18634 0.244243
0 0.942357 0.774299 0.115286 0.451403
3 0.948832 0.643003 0.102336 0.499016
3 0.136711 0.838481 0.271882 0.323037
3 0.0122537 0.768005 0.0245074 0.463989
3 0.155792 0.64678 0.307308 0.469888
3 0.528721 0.5 0.532317 1
3 0.827505 0.234248 0.344991 0.459104
3 0.675156 0.0488072 0.649687 0.0976145
0 0.784534 0.0718707 0.430933 0.143741
3 0.944747 0.30091 0.110506 0.50752
3 0.267375 0.696054 0.348176 0.527252
3 0.0527246 0.36079 0.105449 0.718309
4 0.504798 0.753049 0.60099 0.486734
3 0.124189 0.42939 0.248377 0.841777
3 0.522061 0.748071 0.504285 0.486112
4 0.942357 0.774299 0.115286 0.451403
3 0.28631 0.236021 0.57262 0.472043
3 0.277647 0.820154 0.539075 0.359692
3 0.16054 0.344804 0.291556 0.689024
3 0.661804 0.0296806 0.676393 0.0593612
3 0.85083 0.355981 0.29834 0.696484
0 0.0789966 0.210778 0.157993 0.421556
0 0.00837545 0.65962 0.0167509 0.655149
3 0.93434 0.201951 0.13132 0.371702
4 0.661804 0.0296806 0.676393 0.0593612
4 0.937946 0.809072 0.124109 0.381857
4 0.828825 0.75656 0.34235 0.486879
3 0.697876 0.320835 0.566443 0.641373
3 0.442518 0.249596 0.403154 0.465617
3 0.651275 0.635994 0.633907 0.728011
3 0.67827 0.228369 0.631597 0.456737
3 0.00976384 0.570789 0.0195277 0.743696
3 0.0295931 0.401787 0.0591862 0.76566
0 0.287183 0.138474 0.574366 0.276949
0 0.737236 0.0583451 0.525527 0.11669
3 0.402216 0.244914 0.574198 0.489827
3 0.145716 0.5599 0.287293 0.440561
4 0.675156 0.0488072 0.649687 0.0976145
4 0.338761 0.803433 0.629162 0.393134
3 0.0150031 0.466976 0.0300062 0.779387
0 0.382033 0.0550063 0.764066 0.110013
3 0.216838 0.642954 0.382837 0.392497
3 0.00837545 0.65962 0.0167509 0.655149
4 0.619506 0.745148 0.456602 0.509704
4 0.719778 0.746285 0.517347 0.507431
4 0.191575 0.832568 0.374474 0.334864
4 0.393354 0.761216 0.769755 0.459503
3 0.55285 0.662859 0.460737 0.674281
3 0.751652 0.248563 0.496695 0.493428
0 0.00976384 0.570789 0.0195277 0.743696
3 0.0766915 0.846804 0.152995 0.29994
4 0.136711 0.838481 0.271882 0.323037
1 0.214101 0.83882 0.424968 0.311299
3 0.632317 0.500769 0.567253 0.998462
3 0.0841574 0.405691 0.168315 0.800891
3 0.0789966 0.210778 0.157993 0.421556
0 0.0108402 0.697836 0.0216804 0.604327
3 0.020257 0.809632 0.040514 0.380737
3 0.784534 0.0718707 0.430933 0.143741
3 0.0270668 0.828216 0.0541336 0.343568
3 0.0938078 0.538004 0.187616 0.701586
3 0.194246 0.195344 0.388492 0.390688
0 0.746617 0.180433 0.506766 0.360867
0 0.349346 0.0929793 0.698692 0.185959
3 0.0108402 0.697836 0.0216804 0.604327
4 0.719545 0.188896 0.560911 0.377792
3 0.061715 0.250125 0.12343 0.500251
4 0.784534 0.0718707 0.430933 0.143741
3 0.556599 0.752575 0.795643 0.476655
0 0.0150031 0.466976 0.0300062 0.779387
3 0.321179 0.739972 0.63384 0.513715
0 0.944747 0.30091 0.110506 0.50752
4 0.641463 0.25088 0.648718 0.501759
0 0.854761 0.753719 0.290478 0.492562
0 0.51098 0.676018 0.454453 0.630293
4 0.0270668 0.828216 0.0541336 0.343568
3 0.793373 0.602206 0.413254 0.779699
3 0.0683196 0.653714 0.136639 0.625153
3 0.588746 0.289237 0.504177 0.578474
3 0.0684756 0.757079 0.136951 0.467574
4 0.947631 0.53359 0.104739 0.848769
4 0.948832 0.643003 0.102336 0.499016
0 0.944631 0.478034 0.110739 0.805081
4 0.737236 0.0583451 0.525527 0.11669
0 0.360347 0.781596 0.650394 0.436809
0 0.67827 0.228369 0.631597 0.456737
0 0.542395 0.295969 0.508823 0.591938
0 0.194246 0.195344 0.388492 0.390688
2 0.211781 0.744932 0.420659 0.506354
4 0.553326 0.0325773 0.768641 0.0651546
0 0.0295931 0.401787 0.0591862 0.76566
0 0.937946 0.809072 0.124109 0.381857
0 0.219008 0.497816 0.18634 0.244243
0 0.111486 0.229682 0.222971 0.459364
4 0.751652 0.248563 0.496695 0.493428
4 0.831785 0.167159 0.33643 0.334318
0 0.0270668 0.828216 0.0541336 0.343568
4 0.0856328 0.347768 0.171266 0.682292
4 0.277265 0.817881 0.545484 0.352303
4 0.944747 0.30091 0.110506 0.50752
4 0.46418 0.25153 0.429305 0.478746
4 0.255586 0.741822 0.496559 0.506223
0 0.787069 0.240828 0.425862 0.475729
4 0.00837545 0.65962 0.0167509 0.655149
2 0.321179 0.739972 0.63384 0.513715
3 0.523792 0.253807 0.536094 0.507613
4 0.0789966 0.210778 0.157993 0.421556
4 0.403297 0.0382251 0.806594 0.0764502
4 0.93434 0.201951 0.13132 0.371702
0 0.169167 0.715861 0.337085 0.559957
0 0.482313 0.251726 0.473447 0.491593
4 0.0150031 0.466976 0.0300062 0.779387
4 0.0295931 0.401787 0.0591862 0.76566
4 0.402216 0.244914 0.574198 0.489827
0 0.651275 0.635994 0.633907 0.728011
4 0.0527246 0.36079 0.105449 0.718309
4 0.0919978 0.852102 0.183459 0.291022
2 0.456305 0.756279 0.645627 0.479912
0 0.831785 0.167159 0.33643 0.334318
0 0.061715 0.250125 0.12343 0.500251
0 0.020257 0.809632 0.040514 0.380737
1 0.822043 0.76075 0.355914 0.478499
4 0.379331 0.510308 0.347457 0.979384
4 0.061715 0.250125 0.12343 0.500251
4 0.697876 0.320835 0.566443 0.641373
4 0.0701009 0.786555 0.140202 0.413933
4 0.827505 0.234248 0.344991 0.459104
0 0.948832 0.643003 0.102336 0.499016
4 0.0108402 0.697836 0.0216804 0.604327
2 0.763119 0.748685 0.473762 0.501818
0 0.775646 0.742268 0.440475 0.515464
0 0.371965 0.700204 0.282863 0.536247
0 0.0122537 0.768005 0.0245074 0.463989
4 0.552478 0.250375 0.524176 0.498832
4 0.00976384 0.570789 0.0195277 0.743696
4 0.469485 0.682894 0.412863 0.601782
0 0.0701009 0.786555 0.140202 0.413933
4 0.405409 0.311764 0.374327 0.595369
4 0.768697 0.418564 0.462606 0.837129
0 0.267375 0.696054 0.348176 0.527252
0 0.0527246 0.36079 0.105449 0.718309
4 0.803077 0.592869 0.393846 0.802624
4 0.85083 0.355981 0.29834 0.696484
0 0.93434 0.201951 0.13132 0.371702
4 0.468727 0.501593 0.487382 0.996814
2 0.942357 0.774299 0.115286 0.451403
4 0.190693 0.764048 0.379122 0.458446
4 0.020257 0.809632 0.040514 0.380737
4 0.371965 0.700204 0.282863 0.536247
3 0.111486 0.229682 0.222971 0.459364
0 0.549113 0.74735 0.522623 0.505299
0 0.124189 0.42939 0.248377 0.841777
4 0.113406 0.388709 0.226811 0.758676
4 0.0122537 0.768005 0.0245074 0.463989
0 0.60173 0.249305 0.552778 0.497844
4 0.309789 0.514162 0.292717 0.971677
0 0.16054 0.344804 0.291556 0.689024
4 0.349346 0.0929793 0.698692 0.185959
0 0.804253 0.433238 0.391494 0.860766
4 0.219008 0.497816 0.18634 0.244243
4 0.231541 0.324434 0.463081 0.648869
4 0.699973 0.5 0.550471 1
2 0.599629 0.751118 0.641227 0.49411
4 0.195791 0.669056 0.375501 0.427842
4 0.28631 0.236021 0.57262 0.472043
4 0.55285 0.662859 0.460737 0.674281
4 0.145716 0.5599 0.287293 0.440561
4 0.582017 0.500241 0.538422 0.999518
4 0.287183 0.138474 0.574366 0.276949
4 0.651275 0.635994 0.633907 0.728011
0 0.145716 0.5599 0.287293 0.440561
2 0.216838 0.642954 0.382837 0.392497
2 0.214101 0.83882 0.424968 0.311299
4 0.16054 0.344804 0.291556 0.689024
2 0.106566 0.844158 0.213131 0.311683
1 0.942357 0.774299 0.115286 0.451403
0 0.406785 0.254921 0.367064 0.474155
4 0.851958 0.520256 0.296084 0.959488
0 0.748665 0.526573 0.50267 0.936908
0 0.697876 0.320835 0.566443 0.641373
4 0.206561 0.539823 0.225919 0.833366
0 0.231541 0.324434 0.463081 0.648869
0 0.85083 0.355981 0.29834 0.696484
4 0.111486 0.229682 0.222971 0.459364
4 0.267375 0.696054 0.348176 0.527252
2 0.51098 0.676018 0.454453 0.630293
1 0.130555 0.847675 0.259045 0.301678
2 0.0856328 0.347768 0.171266 0.682292
4 0.275605 0.666108 0.213446 0.609552
4 0.327798 0.277018 0.257155 0.541256
4 0.31461 0.369691 0.259219 0.698621
0 0.223164 0.348876 0.308426 0.697753
2 0.0700039 0.541949 0.140008 0.697593
4 0.194246 0.195344 0.388492 0.390688
2 0.16054 0.344804 0.291556 0.689024
4 0.0700039 0.541949 0.140008 0.697593
4 0.223164 0.348876 0.308426 0.697753
4 0.0683196 0.653714 0.136639 0.625153
2 0.944747 0.30091 0.110506 0.50752
0 0.495018 0.5 0.468156 1
2 0.937946 0.809072 0.124109 0.381857
2 0.944631 0.478034 0.110739 0.805081
0 0.402216 0.244914 0.574198 0.489827
2 0.746617 0.180433 0.506766 0.360867
3 0.379813 0.786357 0.716324 0.409669
2 0.145716 0.5599 0.287293 0.440561
1 0.0856328 0.347768 0.171266 0.682292
0 0.0938078 0.538004 0.187616 0.701586
0 0.275605 0.666108 0.213446 0.609552
1 0.155792 0.64678 0.307308 0.469888
0 0.327798 0.277018 0.257155 0.541256
2 0.0683196 0.653714 0.136639 0.625153
2 0.327798 0.277018 0.257155 0.541256
1 0.211781 0.744932 0.420659 0.506354
0 0.191575 0.832568 0.374474 0.334864
1 0.720634 0.251146 0.558092 0.500665
0 0.0683196 0.653714 0.136639 0.625153
2 0.223164 0.348876 0.308426 0.697753
2 0.31461 0.369691 0.259219 0.698621
2 0.619506 0.745148 0.456602 0.509704
0 0.793373 0.602206 0.413254 0.779699
0 0.658423 0.5 0.573835 1
1 0.438907 0.751877 0.739889 0.476215
2 0.155792 0.64678 0.307308 0.469888
2 0.948832 0.643003 0.102336 0.499016
2 0.406785 0.254921 0.367064 0.474155
1 0.345582 0.801287 0.675501 0.38256
2 0.0270668 0.828216 0.0541336 0.343568
2 0.79407 0.506214 0.411861 0.987572
2 0.367609 0.764147 0.695555 0.471707
2 0.93434 0.201951 0.13132 0.371702
2 0.402216 0.244914 0.574198 0.489827
2 0.784534 0.0718707 0.430933 0.143741
2 0.719778 0.746285 0.517347 0.507431
2 0.267375 0.696054 0.348176 0.527252
2 0.194246 0.195344 0.388492 0.390688
2 0.00837545 0.65962 0.0167509 0.655149
2 0.699973 0.5 0.550471 1
2 0.28631 0.236021 0.57262 0.472043
2 0.231541 0.324434 0.463081 0.648869
1 0.0919978 0.852102 0.183459 0.291022
2 0.714321 0.671895 0.564467 0.656209
2 0.787069 0.240828 0.425862 0.475729
0 0.28631 0.236021 0.57262 0.472043
1 0.145716 0.5599 0.287293 0.440561
1 0.020257 0.809632 0.040514 0.380737
2 0.280046 0.5232 0.256922 0.953599
2 0.403297 0.0382251 0.806594 0.0764502
2 0.00976384 0.570789 0.0195277 0.743696
2 0.277647 0.820154 0.539075 0.359692
0 0.799307 0.749775 0.401386 0.49668
0 0.504712 0.753073 0.600801 0.486713
0 0.705414 0.749937 0.587026 0.49892
3 0.795684 0.737081 0.408632 0.525838
3 0.942438 0.774475 0.115125 0.45105
3 0.280658 0.522949 0.257153 0.954102
3 0.436557 0.504319 0.431642 0.991363
3 0.937997 0.809266 0.124006 0.381467
0 0.251202 0.830938 0.4901 0.325904
3 0.854802 0.753817 0.290395 0.492366
3 0.380453 0.501086 0.363977 0.997829
3 0.719034 0.746379 0.518646 0.507242
3 0.827872 0.501964 0.344255 0.996073
0 0.639993 0.0290065 0.720014 0.0580129
3 0.947554 0.533407 0.104893 0.850337
4 0.765055 0.746357 0.46989 0.503944
3 0.328316 0.276674 0.257258 0.53998
3 0.223729 0.348967 0.307021 0.697935
0 0.0919766 0.85215 0.183413 0.291036
3 0.20686 0.539519 0.226058 0.836491
3 0.61847 0.745247 0.458802 0.509506
0 0.242619 0.741968 0.477821 0.495188
3 0.784081 0.175325 0.431838 0.350649
3 0.349085 0.0935056 0.698169 0.187011
3 0.737254 0.0588369 0.525491 0.117674
3 0.231619 0.324658 0.463239 0.649315
3 0.110627 0.330607 0.221255 0.661214
0 0.196094 0.669026 0.376382 0.427618
3 0.315559 0.369538 0.259026 0.698192
0 0.390129 0.746724 0.734449 0.501901
3 0.743255 0.50197 0.513189 0.99606
3 0.381929 0.0550996 0.763858 0.110199
0 0.0856483 0.34795 0.171297 0.682561
3 0.403563 0.755663 0.702731 0.488675
3 0.371972 0.700182 0.284361 0.537106
0 0.477986 0.0331068 0.893001 0.0662136
3 0.405793 0.311 0.375375 0.593928
3 0.741548 0.749593 0.506288 0.495006
0 0.130553 0.847696 0.259039 0.301731
3 0.435327 0.0349399 0.870654 0.0698799
3 0.469645 0.682638 0.414146 0.602709
3 0.275703 0.666514 0.213761 0.611158
3 0.286785 0.138859 0.57357 0.277719
4 0.617187 0.744041 0.761312 0.498471
3 0.8195 0.747275 0.361 0.50545
3 0.19162 0.832574 0.374582 0.334853
3 0.200648 0.735507 0.395556 0.521646
0 0.322089 0.807212 0.623193 0.371922
3 0.218928 0.498084 0.187611 0.244883
3 0.948785 0.643119 0.102431 0.499131
0 0.674878 0.0494658 0.650244 0.0989316
0 0.942438 0.774475 0.115125 0.45105
3 0.136787 0.83849 0.272033 0.323019
3 0.0124 0.767916 0.0248001 0.464167
3 0.156057 0.645625 0.307797 0.464438
3 0.527809 0.5 0.531075 1
3 0.827624 0.234333 0.344753 0.459249
3 0.674878 0.0494658 0.650244 0.0989316
3 0.267344 0.695974 0.348082 0.526949
3 0.944748 0.300945 0.110504 0.508352
3 0.0524539 0.360866 0.104908 0.718247
4 0.504712 0.753073 0.600801 0.486713
3 0.124183 0.42825 0.248365 0.838564
3 0.522104 0.74812 0.504328 0.48611
3 0.286847 0.235434 0.573694 0.470868
3 0.160596 0.344891 0.291319 0.689239
3 0.278028 0.82018 0.539831 0.35964
4 0.942438 0.774475 0.115125 0.45105
0 0.784718 0.0722148 0.430563 0.14443
3 0.661853 0.0299113 0.676295 0.0598226
3 0.851069 0.355382 0.297862 0.695345
3 0.934354 0.201932 0.131291 0.371318
4 0.661853 0.0299113 0.676295 0.0598226
4 0.937997 0.809266 0.124006 0.381467
0 0.0788616 0.210193 0.157723 0.420387
3 0.697721 0.320654 0.566274 0.640882
4 0.82881 0.756618 0.34238 0.486764
0 0.00842271 0.659649 0.0168454 0.655293
3 0.442395 0.249487 0.403794 0.465355
3 0.651089 0.638376 0.632225 0.723248
3 0.678378 0.227817 0.631143 0.455633
3 0.00980846 0.570726 0.0196169 0.744253
3 0.0295725 0.401771 0.0591449 0.764571
3 0.403778 0.244953 0.574268 0.489906
3 0.14583 0.559972 0.28751 0.438782
0 0.286785 0.138859 0.57357 0.277719
4 0.674878 0.0494658 0.650244 0.0989316
4 0.339473 0.803528 0.630532 0.392945
0 0.737254 0.0588369 0.525491 0.117674
3 0.015034 0.467446 0.030068 0.777862
3 0.216651 0.642648 0.383246 0.391571
3 0.00842271 0.659649 0.0168454 0.655293
4 0.61847 0.745247 0.458802 0.509506
4 0.719034 0.746379 0.518646 0.507242
4 0.393423 0.761269 0.769563 0.459419
4 0.19162 0.832574 0.374582 0.334853
0 0.381929 0.0550996 0.763858 0.110199
3 0.552923 0.664378 0.459162 0.671244
3 0.751966 0.24876 0.496068 0.493634
3 0.0765785 0.846727 0.152767 0.300185
4 0.136787 0.83849 0.272033 0.323019
3 0.631213 0.500747 0.565116 0.998506
1 0.213997 0.839042 0.424749 0.310926
3 0.0840711 0.404795 0.168142 0.79889
3 0.0788616 0.210193 0.157723 0.420387
3 0.0204056 0.809527 0.0408112 0.380945
0 0.00980846 0.570726 0.0196169 0.744253
3 0.784718 0.0722148 0.430563 0.14443
3 0.0271948 0.828052 0.0543896 0.343896
3 0.0935894 0.542753 0.187179 0.68293
0 0.0109365 0.697586 0.0218731 0.604829
3 0.193667 0.19514 0.387334 0.390279
3 0.0109365 0.697586 0.0218731 0.604829
4 0.719816 0.188302 0.560368 0.376603
3 0.061332 0.250022 0.122664 0.500044
0 0.74684 0.179869 0.50632 0.359737
4 0.784718 0.0722148 0.430563 0.14443
0 0.349085 0.0935056 0.698169 0.187011
3 0.55597 0.752591 0.7949 0.476578
3 0.321284 0.740065 0.634017 0.51362
4 0.641618 0.250648 0.648386 0.501296
0 0.015034 0.467446 0.030068 0.777862
4 0.0271948 0.828052 0.0543896 0.343896
0 0.944748 0.300945 0.110504 0.508352
0 0.511026 0.676553 0.45469 0.629488
0 0.854802 0.753817 0.290395 0.492366
3 0.0683804 0.653666 0.136761 0.62546
3 0.068509 0.756931 0.137018 0.468281
3 0.588244 0.289034 0.504114 0.578069
3 0.795302 0.605258 0.409396 0.773311
4 0.947554 0.533407 0.104893 0.850337
4 0.948785 0.643119 0.102431 0.499131
4 0.737254 0.0588369 0.525491 0.117674
2 0.211633 0.744946 0.420385 0.506542
4 0.554401 0.0325595 0.766454 0.065119
0 0.944593 0.47794 0.110815 0.805797
0 0.541808 0.295523 0.509098 0.591046
0 0.360632 0.781756 0.651094 0.436489
0 0.678378 0.227817 0.631143 0.455633
0 0.193667 0.19514 0.387334 0.390279
4 0.751966 0.24876 0.496068 0.493634
0 0.0295725 0.401771 0.0591449 0.764571
4 0.832309 0.167046 0.335383 0.334092
0 0.937997 0.809266 0.124006 0.381467
0 0.218928 0.498084 0.187611 0.244883
4 0.0856483 0.34795 0.171297 0.682561
0 0.111391 0.228983 0.222783 0.457965
4 0.27725 0.817979 0.545432 0.352165
4 0.944748 0.300945 0.110504 0.508352
4 0.464111 0.251487 0.429966 0.478643
0 0.0271948 0.828052 0.0543896 0.343896
4 0.255214 0.741959 0.495718 0.506021
4 0.00842271 0.659649 0.0168454 0.655293
2 0.321284 0.740065 0.634017 0.51362
3 0.523751 0.253944 0.535137 0.507887
4 0.0788616 0.210193 0.157723 0.420387
4 0.934354 0.201932 0.131291 0.371318
4 0.403385 0.0382333 0.806771 0.0764665
0 0.787396 0.240997 0.425209 0.475975
4 0.015034 0.467446 0.030068 0.777862
4 0.0295725 0.401771 0.0591449 0.764571
4 0.0919766 0.85215 0.183413 0.291036
4 0.0524539 0.360866 0.104908 0.718247
0 0.482236 0.251746 0.474228 0.491585
0 0.169499 0.715958 0.33778 0.559574
4 0.360321 0.231345 0.656073 0.462689
2 0.456644 0.756286 0.644928 0.47994
4 0.380011 0.510233 0.348453 0.979534
1 0.821995 0.760822 0.35601 0.478356
0 0.651089 0.638376 0.632225 0.723248
4 0.061332 0.250022 0.122664 0.500044
4 0.070086 0.786181 0.140172 0.414811
4 0.697721 0.320654 0.566274 0.640882
4 0.827624 0.234333 0.344753 0.459249
0 0.832309 0.167046 0.335383 0.334092
4 0.0109365 0.697586 0.0218731 0.604829
0 0.061332 0.250022 0.122664 0.500044
0 0.0204056 0.809527 0.0408112 0.380945
2 0.763216 0.748716 0.473568 0.501808
4 0.551968 0.25044 0.524699 0.498835
0 0.948785 0.643119 0.102431 0.499131
4 0.00980846 0.570726 0.0196169 0.744253
4 0.469645 0.682638 0.414146 0.602709
0 0.775524 0.742351 0.4407 0.515298
0 0.371972 0.700182 0.284361 0.537106
4 0.405793 0.311 0.375375 0.593928
0 0.0124 0.767916 0.0248001 0.464167
4 0.769216 0.417451 0.461568 0.834902
4 0.804066 0.596183 0.391868 0.795605
0 0.070086 0.786181 0.140172 0.414811
4 0.851069 0.355382 0.297862 0.695345
4 0.46025 0.502808 0.451864 0.994383
0 0.267344 0.695974 0.348082 0.526949
2 0.942438 0.774475 0.115125 0.45105
4 0.190726 0.763501 0.379193 0.459658
0 0.0524539 0.360866 0.104908 0.718247
4 0.0204056 0.809527 0.0408112 0.380945
3 0.111391 0.228983 0.222783 0.457965
4 0.371972 0.700182 0.284361 0.537106
0 0.934354 0.201932 0.131291 0.371318
4 0.113419 0.389068 0.226839 0.759247
0 0.124183 0.42825 0.248365 0.838564
4 0.0124 0.767916 0.0248001 0.464167
0 0.548138 0.747383 0.524352 0.505235
4 0.309912 0.513611 0.29331 0.972779
0 0.601543 0.249395 0.553144 0.49791
4 0.349085 0.0935056 0.698169 0.187011
4 0.218928 0.498084 0.187611 0.244883
4 0.231619 0.324658 0.463239 0.649315
0 0.160596 0.344891 0.291319 0.689239
4 0.699975 0.5 0.548638 1
2 0.599115 0.751126 0.638927 0.494077
4 0.196094 0.669026 0.376382 0.427618
0 0.804599 0.432949 0.390803 0.859983
4 0.552923 0.664378 0.459162 0.671244
4 0.14583 0.559972 0.28751 0.438782
4 0.580568 0.500232 0.536257 0.999535
4 0.286785 0.138859 0.57357 0.277719
4 0.651089 0.638376 0.632225 0.723248
2 0.216651 0.642648 0.383246 0.391571
2 0.213997 0.839042 0.424749 0.310926
0 0.14583 0.559972 0.28751 0.438782
4 0.160596 0.344891 0.291319 0.689239
2 0.106598 0.84414 0.213195 0.311721
1 0.942438 0.774475 0.115125 0.45105
4 0.852063 0.520201 0.295874 0.959598
4 0.20686 0.539519 0.226058 0.836491
0 0.407046 0.254775 0.368135 0.473799
4 0.111391 0.228983 0.222783 0.457965
4 0.267344 0.695974 0.348082 0.526949
0 0.749802 0.530242 0.500129 0.929394
0 0.697721 0.320654 0.566274 0.640882
2 0.511026 0.676553 0.45469 0.629488
0 0.231619 0.324658 0.463239 0.649315
1 0.130553 0.847696 0.259039 0.301731
4 0.275703 0.666514 0.213761 0.611158
0 0.851069 0.355382 0.297862 0.695345
2 0.0856483 0.34795 0.171297 0.682561
4 0.328316 0.276674 0.257258 0.53998
4 0.315559 0.369538 0.259026 0.698192
2 0.069874 0.543915 0.139748 0.68768
4 0.193667 0.19514 0.387334 0.390279
0 0.223729 0.348967 0.307021 0.697935
2 0.160596 0.344891 0.291319 0.689239
4 0.069874 0.543915 0.139748 0.68768
4 0.223729 0.348967 0.307021 0.697935
4 0.0683804 0.653666 0.136761 0.62546
2 0.944748 0.300945 0.110504 0.508352
2 0.937997 0.809266 0.124006 0.381467
2 0.944593 0.47794 0.110815 0.805797
2 0.74684 0.179869 0.50632 0.359737
3 0.379808 0.786599 0.716178 0.409238
2 0.14583 0.559972 0.28751 0.438782
0 0.494439 0.5 0.467321 1
0 0.403778 0.244953 0.574268 0.489906
1 0.0856483 0.34795 0.171297 0.682561
1 0.156057 0.645625 0.307797 0.464438
2 0.0683804 0.653666 0.136761 0.62546
2 0.328316 0.276674 0.257258 0.53998
0 0.0935894 0.542753 0.187179 0.68293
0 0.328316 0.276674 0.257258 0.53998
0 0.275703 0.666514 0.213761 0.611158
1 0.211633 0.744946 0.420385 0.506542
1 0.720757 0.251332 0.557645 0.50081
2 0.315559 0.369538 0.259026 0.698192
2 0.61847 0.745247 0.458802 0.509506
2 0.223729 0.348967 0.307021 0.697935
0 0.19162 0.832574 0.374582 0.334853
1 0.438816 0.751866 0.739845 0.476202
0 0.0683804 0.653666 0.136761 0.62546
2 0.156057 0.645625 0.307797 0.464438
2 0.948785 0.643119 0.102431 0.499131
2 0.407046 0.254775 0.368135 0.473799
0 0.795302 0.605258 0.409396 0.773311
1 0.345741 0.801368 0.675764 0.382452
2 0.794529 0.506159 0.410943 0.987683
2 0.0271948 0.828052 0.0543896 0.343896
0 0.657721 0.5 0.569957 1
2 0.367503 0.76427 0.696034 0.471459
2 0.934354 0.201932 0.131291 0.371318
2 0.403778 0.244953 0.574268 0.489906
2 0.784718 0.0722148 0.430563 0.14443
2 0.719034 0.746379 0.518646 0.507242
2 0.699975 0.5 0.548638 1
2 0.00842271 0.659649 0.0168454 0.655293
2 0.267344 0.695974 0.348082 0.526949
2 0.193667 0.19514 0.387334 0.390279
2 0.231619 0.324658 0.463239 0.649315
2 0.286847 0.235434 0.573694 0.470868
1 0.0919766 0.85215 0.183413 0.291036
2 0.714072 0.672703 0.564897 0.654594
2 0.787396 0.240997 0.425209 0.475975
1 0.14583 0.559972 0.28751 0.438782
1 0.0204056 0.809527 0.0408112 0.380945
0 0.286847 0.235434 0.573694 0.470868
2 0.280658 0.522949 0.257153 0.954102
2 0.403385 0.0382333 0.806771 0.0764665
2 0.00980846 0.570726 0.0196169 0.744253
2 0.278028 0.82018 0.539831 0.35964
1 0.148483 0.364858 0.273761 0.699964
