0 0.172849 0.652426 0.215941 0.20105
0 0.892432 0.559916 0.175313 0.0822793
0 0.149652 0.753689 0.2773 0.42561
0 0.889164 0.544687 0.16395 0.130526
1 0.178339 0.645501 0.214829 0.192639
3 0.885958 0.297715 0.073595 0.325679
0 0.173175 0.59966 0.215733 0.321893
0 0.88845 0.378496 0.0970169 0.484487
0 0.890439 0.293747 0.0873655 0.296833
0 0.882836 0.748686 0.219229 0.475372
0 0.898092 0.388994 0.140358 0.510254
0 0.834347 0.763842 0.331305 0.46284
4 0.173874 0.643238 0.217424 0.209462
0 0.919072 0.23257 0.161857 0.444205
0 0.484138 0.0274372 0.955643 0.0548744
0 0.920193 0.287502 0.148628 0.308131
0 0.223093 0.767288 0.432295 0.444391
0 0.0681207 0.762379 0.136241 0.47238
0 0.764991 0.754426 0.465648 0.483731
3 0.683397 0.504375 0.513794 0.991249
3 0.906021 0.418556 0.166533 0.452845
0 0.0202617 0.663038 0.0405235 0.51995
0 0.119608 0.816466 0.238896 0.35562
0 0.378406 0.0424676 0.755085 0.0849351
0 0.221327 0.680876 0.300639 0.274603
4 0.141346 0.768715 0.282252 0.451297
4 0.892432 0.559916 0.175313 0.0822793
4 0.889164 0.544687 0.16395 0.130526
3 0.539632 0.500179 0.59552 0.999642
0 0.567542 0.780575 0.549894 0.415035
0 0.477463 0.787183 0.504924 0.398078
0 0.0806896 0.71571 0.161379 0.536153
0 0.594495 0.022772 0.776767 0.045544
3 0.4774 0.5 0.351565 1
3 0.259666 0.774677 0.507486 0.450646
3 0.141346 0.768715 0.282252 0.451297
0 0.738563 0.223777 0.522873 0.447555
3 0.556148 0.5 0.413233 1
3 0.40078 0.517403 0.411419 0.965194
1 0.898092 0.388994 0.140358 0.510254
3 0.298293 0.505655 0.556249 0.983289
3 0.138975 0.379125 0.27795 0.745148
2 0.889164 0.544687 0.16395 0.130526
2 0.890439 0.293747 0.0873655 0.296833
3 0.859567 0.765855 0.280867 0.46829
0 0.217942 0.156271 0.435884 0.312543
2 0.176443 0.653348 0.22105 0.21605
0 0.907266 0.569295 0.185467 0.0957138
0 0.641061 0.0366301 0.717878 0.0732603
3 0.897048 0.546867 0.175818 0.131254
3 0.37276 0.502583 0.570566 0.994833
3 0.745248 0.698923 0.45722 0.602154
0 0.644764 0.759116 0.681882 0.468984
4 0.832761 0.766523 0.334435 0.46043
3 0.664861 0.350816 0.532595 0.689848
0 0.935359 0.777571 0.129281 0.444859
0 0.289673 0.065807 0.579346 0.131614
3 0.423195 0.674707 0.287749 0.585751
3 0.884242 0.713158 0.199922 0.508682
3 0.676086 0.233513 0.647828 0.467027
3 0.773259 0.47249 0.314984 0.687307
3 0.217942 0.156271 0.435884 0.312543
3 0.913111 0.359003 0.173779 0.718006
3 0.641061 0.0366301 0.717878 0.0732603
3 0.907266 0.569295 0.185467 0.0957138
3 0.816509 0.748348 0.350439 0.49496
0 0.362783 0.774866 0.685482 0.421092
3 0.805266 0.554811 0.319944 0.868054
3 0.516701 0.0284035 0.921315 0.0568069
4 0.55706 0.0232704 0.878924 0.0465407
3 0.372942 0.343647 0.490105 0.673107
3 0.46239 0.680291 0.23671 0.463166
3 0.544392 0.338863 0.544188 0.677726
3 0.139297 0.265706 0.278057 0.506557
3 0.328548 0.535799 0.382811 0.914043
4 0.91196 0.761884 0.17608 0.476232
0 0.751855 0.171656 0.496289 0.343312
0 0.906016 0.256927 0.127111 0.370119
0 0.167393 0.385506 0.315113 0.753639
3 0.655003 0.769908 0.394798 0.460184
3 0.113043 0.250741 0.226086 0.501482
4 0.281883 0.765667 0.546542 0.441864
4 0.173175 0.59966 0.215733 0.321893
3 0.945402 0.787612 0.109195 0.424775
3 0.780478 0.763789 0.38327 0.472422
3 0.0298092 0.776514 0.0596185 0.446972
3 0.906016 0.256927 0.127111 0.370119
3 0.923327 0.232043 0.153346 0.436694
1 0.88845 0.378496 0.0970169 0.484487
3 0.579511 0.775556 0.488654 0.448888
3 0.361446 0.779284 0.571895 0.441432
3 0.0806896 0.71571 0.161379 0.536153
3 0.88022 0.220996 0.23956 0.441993
0 0.0298092 0.776514 0.0596185 0.446972
0 0.467242 0.103551 0.909023 0.207102
1 0.86725 0.75684 0.2655 0.467726
3 0.601886 0.746567 0.525792 0.483577
3 0.49624 0.688201 0.229443 0.512991
4 0.641061 0.0366301 0.717878 0.0732603
0 0.649144 0.24329 0.701711 0.48658
3 0.379807 0.278458 0.645012 0.556916
3 0.574087 0.693543 0.321397 0.577101
3 0.466736 0.783241 0.556143 0.433519
0 0.913111 0.359003 0.173779 0.718006
3 0.256451 0.5684 0.407981 0.854336
0 0.774584 0.1263 0.450833 0.2526
0 0.0110264 0.577354 0.0220529 0.478412
4 0.906021 0.418556 0.166533 0.452845
3 0.751855 0.171656 0.496289 0.343312
3 0.899472 0.751938 0.201056 0.46826
3 0.331609 0.046905 0.659582 0.09381
4 0.539079 0.768823 0.768862 0.43605
2 0.88845 0.378496 0.0970169 0.484487
4 0.890439 0.293747 0.0873655 0.296833
3 0.88507 0.391632 0.0792946 0.504164
4 0.33779 0.776492 0.531362 0.447017
3 0.0534194 0.245389 0.106839 0.490778
3 0.774584 0.1263 0.450833 0.2526
4 0.780478 0.763789 0.38327 0.472422
0 0.17325 0.273857 0.339282 0.530023
3 0.574029 0.759833 0.775019 0.467217
4 0.859567 0.765855 0.280867 0.46829
1 0.889164 0.544687 0.16395 0.130526
4 0.567542 0.780575 0.549894 0.415035
4 0.676086 0.233513 0.647828 0.467027
3 0.446966 0.0434899 0.889567 0.0869798
3 0.0681207 0.762379 0.136241 0.47238
2 0.138897 0.820335 0.276548 0.349463
0 0.84307 0.22646 0.313861 0.452919
0 0.488434 0.744971 0.352725 0.481324
3 0.697118 0.646547 0.509438 0.705531
3 0.437966 0.741704 0.363688 0.489
4 0.476561 0.0332531 0.953122 0.0665063
0 0.911004 0.764419 0.177991 0.471162
4 0.945402 0.787612 0.109195 0.424775
3 0.23092 0.43137 0.4597 0.846338
3 0.0323163 0.305917 0.0646325 0.594627
0 0.523522 0.780431 0.548458 0.439138
3 0.652163 0.678922 0.39752 0.619322
2 0.832686 0.756306 0.331995 0.474283
4 0.198639 0.775158 0.384615 0.449684
0 0.780478 0.763789 0.38327 0.472422
0 0.258191 0.0913723 0.516382 0.182745
4 0.153182 0.38071 0.300833 0.749992
0 0.29434 0.750924 0.516499 0.46817
2 0.892432 0.559916 0.175313 0.0822793
3 0.0353916 0.807712 0.0707831 0.384576
4 0.546413 0.249737 0.683893 0.499475
0 0.546413 0.249737 0.683893 0.499475
3 0.0119433 0.403474 0.0238865 0.69877
4 0.655003 0.769908 0.394798 0.460184
3 0.32724 0.736107 0.530365 0.499445
4 0.579511 0.775556 0.488654 0.448888
4 0.88845 0.378496 0.0970169 0.484487
4 0.0681207 0.762379 0.136241 0.47238
4 0.17325 0.273857 0.339282 0.530023
0 0.483312 0.160286 0.966624 0.320572
4 0.402967 0.788105 0.658569 0.404508
3 0.920193 0.287502 0.148628 0.308131
4 0.0353916 0.807712 0.0707831 0.384576
0 0.945402 0.787612 0.109195 0.424775
0 0.859567 0.765855 0.280867 0.46829
4 0.119608 0.816466 0.238896 0.35562
1 0.890439 0.293747 0.0873655 0.296833
4 0.915484 0.249939 0.15733 0.429573
3 0.0202617 0.663038 0.0405235 0.51995
0 0.0119433 0.403474 0.0238865 0.69877
4 0.378406 0.0424676 0.755085 0.0849351
4 0.680585 0.742145 0.600971 0.499187
3 0.212595 0.773937 0.414429 0.434304
3 0.935359 0.777571 0.129281 0.444859
4 0.496569 0.782907 0.558891 0.434187
4 0.935359 0.777571 0.129281 0.444859
0 0.0353916 0.807712 0.0707831 0.384576
3 0.0110264 0.577354 0.0220529 0.478412
0 0.128124 0.254335 0.256249 0.481902
3 0.258191 0.0913723 0.516382 0.182745
4 0.643613 0.335549 0.528648 0.671097
3 0.191754 0.666787 0.247358 0.251851
3 0.119608 0.816466 0.238896 0.35562
3 0.604103 0.253693 0.544411 0.507385
4 0.467242 0.103551 0.909023 0.207102
2 0.764991 0.754426 0.465648 0.483731
1 0.141346 0.768715 0.282252 0.451297
4 0.84307 0.22646 0.313861 0.452919
0 0.643613 0.335549 0.528648 0.671097
3 0.891809 0.560165 0.182876 0.0808803
0 0.438179 0.276032 0.876358 0.552065
3 0.473092 0.253094 0.946184 0.506187
4 0.217942 0.156271 0.435884 0.312543
4 0.751855 0.171656 0.496289 0.343312
0 0.242486 0.273181 0.469599 0.543064
0 0.49624 0.688201 0.229443 0.512991
4 0.372942 0.343647 0.490105 0.673107
3 0.494254 0.266952 0.68905 0.533905
4 0.0202617 0.663038 0.0405235 0.51995
4 0.920193 0.287502 0.148628 0.308131
4 0.128124 0.254335 0.256249 0.481902
2 0.223093 0.767288 0.432295 0.444391
0 0.46239 0.680291 0.23671 0.463166
4 0.208643 0.427828 0.372947 0.842169
3 0.524771 0.7677 0.503724 0.449825
4 0.0323163 0.305917 0.0646325 0.594627
4 0.906016 0.256927 0.127111 0.370119
3 0.709267 0.305167 0.43985 0.500409
0 0.361446 0.779284 0.571895 0.441432
0 0.113784 0.393029 0.227569 0.777472
4 0.289673 0.065807 0.579346 0.131614
2 0.476608 0.764544 0.520329 0.455125
4 0.49146 0.156533 0.845821 0.313065
3 0.270346 0.2726 0.534659 0.545199
4 0.651924 0.50136 0.535304 0.997279
1 0.892432 0.559916 0.175313 0.0822793
0 0.113043 0.250741 0.226086 0.501482
0 0.655003 0.769908 0.394798 0.460184
4 0.488434 0.744971 0.352725 0.481324
4 0.0806896 0.71571 0.161379 0.536153
0 0.294533 0.347713 0.516946 0.673289
4 0.0119433 0.403474 0.0238865 0.69877
4 0.774584 0.1263 0.450833 0.2526
4 0.258191 0.0913723 0.516382 0.182745
4 0.0344281 0.790197 0.0688563 0.419606
1 0.35481 0.763703 0.637132 0.445237
4 0.113043 0.250741 0.226086 0.501482
4 0.463696 0.342789 0.566733 0.685577
0 0.805266 0.554811 0.319944 0.868054
4 0.242486 0.273181 0.469599 0.543064
2 0.882836 0.748686 0.219229 0.475372
0 0.773259 0.47249 0.314984 0.687307
4 0.0591214 0.263312 0.118243 0.526624
4 0.911768 0.547314 0.176464 0.135782
4 0.913111 0.359003 0.173779 0.718006
4 0.40078 0.517403 0.411419 0.965194
0 0.0323163 0.305917 0.0646325 0.594627
3 0.416831 0.78803 0.609472 0.407256
2 0.437966 0.741704 0.363688 0.489
4 0.0110264 0.577354 0.0220529 0.478412
2 0.710941 0.523556 0.477839 0.952887
4 0.4774 0.5 0.351565 1
2 0.340168 0.760526 0.638567 0.440845
0 0.423195 0.674707 0.287749 0.585751
3 0.483312 0.160286 0.966624 0.320572
4 0.379807 0.278458 0.645012 0.556916
3 0.177856 0.600059 0.214747 0.364171
4 0.49624 0.688201 0.229443 0.512991
4 0.764991 0.754426 0.465648 0.483731
2 0.0202617 0.663038 0.0405235 0.51995
0 0.0534194 0.245389 0.106839 0.490778
3 0.467242 0.103551 0.909023 0.207102
2 0.898092 0.388994 0.140358 0.510254
4 0.805266 0.554811 0.319944 0.868054
4 0.37276 0.502583 0.570566 0.994833
2 0.221327 0.680876 0.300639 0.274603
1 0.773259 0.47249 0.314984 0.687307
4 0.556148 0.5 0.413233 1
0 0.685059 0.271083 0.575241 0.542166
2 0.0681207 0.762379 0.136241 0.47238
0 0.710941 0.523556 0.477839 0.952887
4 0.46239 0.680291 0.23671 0.463166
1 0.153182 0.38071 0.300833 0.749992
2 0.208643 0.427828 0.372947 0.842169
4 0.574087 0.693543 0.321397 0.577101
0 0.709267 0.305167 0.43985 0.500409
2 0.920193 0.287502 0.148628 0.308131
2 0.330709 0.279033 0.628633 0.558066
0 0.463696 0.342789 0.566733 0.685577
1 0.915484 0.249939 0.15733 0.429573
4 0.265102 0.512073 0.431069 0.963572
2 0.913111 0.359003 0.173779 0.718006
0 0.330709 0.279033 0.628633 0.558066
4 0.652163 0.678922 0.39752 0.619322
2 0.559126 0.784873 0.541053 0.408855
4 0.19633 0.703828 0.263339 0.592343
0 0.911768 0.547314 0.176464 0.135782
4 0.423195 0.674707 0.287749 0.585751
4 0.539632 0.500179 0.59552 0.999642
1 0.935359 0.777571 0.129281 0.444859
2 0.0298092 0.776514 0.0596185 0.446972
2 0.644764 0.759116 0.681882 0.468984
4 0.697118 0.646547 0.509438 0.705531
1 0.556866 0.786813 0.5015 0.408625
2 0.49624 0.688201 0.229443 0.512991
4 0.882836 0.748686 0.219229 0.475372
3 0.171263 0.314358 0.340407 0.622409
1 0.685059 0.271083 0.575241 0.542166
2 0.907266 0.569295 0.185467 0.0957138
0 0.40078 0.517403 0.411419 0.965194
2 0.945402 0.787612 0.109195 0.424775
2 0.129657 0.259502 0.259313 0.517352
4 0.907266 0.569295 0.185467 0.0957138
1 0.221327 0.680876 0.300639 0.274603
2 0.655003 0.769908 0.394798 0.460184
1 0.906016 0.256927 0.127111 0.370119
2 0.780478 0.763789 0.38327 0.472422
0 0.574087 0.693543 0.321397 0.577101
2 0.574087 0.693543 0.321397 0.577101
1 0.920193 0.287502 0.148628 0.308131
2 0.915484 0.249939 0.15733 0.429573
2 0.579511 0.775556 0.488654 0.448888
2 0.0806896 0.71571 0.161379 0.536153
0 0.172862 0.652409 0.215964 0.201093
0 0.892418 0.559915 0.175285 0.0822283
0 0.149737 0.753513 0.2772 0.425196
0 0.889153 0.544651 0.163874 0.130497
1 0.178323 0.645509 0.214883 0.192757
3 0.885963 0.297741 0.0736179 0.325706
0 0.173175 0.599663 0.215724 0.322031
0 0.88814 0.378565 0.0962921 0.484124
0 0.889853 0.293779 0.0861588 0.29644
0 0.882861 0.748679 0.219183 0.47531
0 0.898018 0.389051 0.139948 0.510208
0 0.834339 0.763929 0.331321 0.462667
4 0.17387 0.643241 0.217413 0.209478
0 0.919158 0.232892 0.161684 0.444278
0 0.484024 0.0274141 0.95562 0.0548283
0 0.919749 0.287825 0.147703 0.3074
0 0.222882 0.767291 0.431902 0.444313
3 0.683426 0.504836 0.512807 0.990328
3 0.906048 0.418676 0.166344 0.452521
0 0.0685817 0.762349 0.137163 0.472403
0 0.765329 0.754408 0.464929 0.483812
0 0.0203326 0.663208 0.0406652 0.520227
0 0.119731 0.816341 0.239137 0.35587
0 0.378791 0.0424213 0.755995 0.0848427
4 0.141373 0.76872 0.282298 0.451244
0 0.220874 0.681001 0.299733 0.274913
4 0.892418 0.559915 0.175285 0.0822283
4 0.889153 0.544651 0.163874 0.130497
3 0.539596 0.500254 0.593839 0.999491
0 0.567485 0.780524 0.550018 0.41507
0 0.477589 0.787222 0.504507 0.397974
0 0.0807759 0.715654 0.161552 0.536288
3 0.478224 0.5 0.348549 1
0 0.593853 0.0226026 0.777934 0.0452052
3 0.259567 0.774585 0.507256 0.45083
3 0.141373 0.76872 0.282298 0.451244
3 0.402259 0.51775 0.408092 0.9645
3 0.556091 0.5 0.410266 1
1 0.898018 0.389051 0.139948 0.510208
3 0.298271 0.505589 0.553617 0.982706
3 0.138746 0.379166 0.277492 0.745093
0 0.740719 0.223901 0.518562 0.447802
2 0.889153 0.544651 0.163874 0.130497
2 0.889853 0.293779 0.0861588 0.29644
3 0.860063 0.766017 0.279873 0.467965
2 0.176472 0.653338 0.221047 0.215972
0 0.217931 0.156195 0.435861 0.31239
3 0.372944 0.502725 0.569296 0.99455
3 0.897061 0.546836 0.175747 0.131217
3 0.745954 0.699738 0.455391 0.600523
4 0.832755 0.766548 0.334429 0.46039
0 0.907245 0.569274 0.18551 0.0955785
0 0.640327 0.0361031 0.719346 0.0722062
3 0.664775 0.351309 0.531617 0.690057
0 0.646457 0.759141 0.678354 0.468954
0 0.935358 0.777724 0.129283 0.444552
3 0.424261 0.678809 0.283389 0.574457
0 0.289671 0.0653916 0.579342 0.130783
3 0.676373 0.233676 0.647255 0.467351
3 0.884263 0.712896 0.199899 0.507804
3 0.775244 0.471751 0.310902 0.684648
3 0.217931 0.156195 0.435861 0.31239
3 0.91314 0.359172 0.173719 0.718343
3 0.640327 0.0361031 0.719346 0.0722062
3 0.907245 0.569274 0.18551 0.0955785
3 0.816813 0.74841 0.349782 0.494965
3 0.806152 0.554981 0.317867 0.866859
3 0.516549 0.0283122 0.921466 0.0566243
3 0.374659 0.344293 0.486831 0.674372
0 0.362643 0.77482 0.685229 0.421119
4 0.556626 0.0231804 0.879769 0.0463609
3 0.462684 0.679711 0.234586 0.458521
3 0.544861 0.33975 0.541842 0.679501
3 0.139015 0.265549 0.277497 0.506277
3 0.329295 0.537532 0.378349 0.910316
4 0.912017 0.761926 0.175967 0.476148
3 0.655445 0.769948 0.394055 0.460104
0 0.751697 0.170021 0.496606 0.340042
3 0.112549 0.250697 0.225097 0.501394
4 0.281658 0.765676 0.546017 0.441787
0 0.16741 0.385571 0.314926 0.753517
4 0.173175 0.599663 0.215724 0.322031
3 0.945414 0.78778 0.109173 0.424439
0 0.538893 0.768787 0.76799 0.436049
3 0.0299296 0.776517 0.0598592 0.446966
3 0.780496 0.763977 0.382381 0.472046
3 0.905065 0.26018 0.123527 0.36317
3 0.923266 0.232171 0.153468 0.436892
3 0.579914 0.775518 0.487732 0.448965
1 0.88814 0.378565 0.0962921 0.484124
3 0.361511 0.779281 0.571587 0.441438
3 0.0807759 0.715654 0.161552 0.536288
3 0.880471 0.221096 0.239057 0.442192
1 0.86759 0.756639 0.264819 0.467318
3 0.380143 0.278243 0.642485 0.556486
3 0.602089 0.746726 0.524508 0.483319
3 0.496624 0.688399 0.227395 0.50851
4 0.640327 0.0361031 0.719346 0.0722062
3 0.574082 0.694677 0.318412 0.574187
0 0.0299296 0.776517 0.0598592 0.446966
3 0.466691 0.783232 0.555788 0.433535
0 0.467228 0.102209 0.908929 0.204418
3 0.255965 0.570846 0.406185 0.849189
0 0.648973 0.242277 0.702053 0.484554
3 0.751697 0.170021 0.496606 0.340042
4 0.906048 0.418676 0.166344 0.452521
0 0.91314 0.359172 0.173719 0.718343
4 0.889853 0.293779 0.0861588 0.29644
3 0.899598 0.751842 0.200803 0.46789
0 0.7745 0.125523 0.450999 0.251045
3 0.331712 0.0467408 0.659888 0.0934816
2 0.88814 0.378565 0.0962921 0.484124
4 0.538893 0.768787 0.76799 0.436049
4 0.337919 0.776473 0.531233 0.447055
3 0.88509 0.391505 0.0792423 0.503721
0 0.0110443 0.577736 0.0220887 0.477481
3 0.0535259 0.245378 0.107052 0.490757
3 0.7745 0.125523 0.450999 0.251045
4 0.780496 0.763977 0.382381 0.472046
3 0.574478 0.759848 0.773152 0.467201
4 0.860063 0.766017 0.279873 0.467965
1 0.889153 0.544651 0.163874 0.130497
4 0.567485 0.780524 0.550018 0.41507
4 0.676373 0.233676 0.647255 0.467351
3 0.446992 0.0435794 0.889789 0.0871588
0 0.173039 0.273796 0.338853 0.52995
3 0.0685817 0.762349 0.137163 0.472403
2 0.138967 0.820089 0.276678 0.349933
3 0.438559 0.741891 0.360822 0.488616
0 0.844641 0.226579 0.310719 0.453159
0 0.488026 0.745142 0.351384 0.481
4 0.476589 0.0334016 0.953178 0.0668032
4 0.945414 0.78778 0.109173 0.424439
3 0.229421 0.431169 0.456684 0.845647
3 0.0323409 0.305675 0.0646818 0.594071
4 0.198575 0.774973 0.384526 0.450054
3 0.652185 0.680147 0.393633 0.616635
2 0.832683 0.7563 0.331963 0.474323
0 0.911349 0.764474 0.177302 0.471051
4 0.153149 0.380762 0.300684 0.749899
0 0.52363 0.78038 0.548058 0.439239
3 0.0354649 0.807607 0.0709298 0.384786
2 0.892418 0.559915 0.175285 0.0822283
0 0.780496 0.763977 0.382381 0.472046
0 0.293598 0.751043 0.514834 0.467928
0 0.25818 0.0911798 0.516359 0.18236
4 0.546205 0.24929 0.684157 0.49858
3 0.0119355 0.403361 0.023871 0.697213
4 0.655445 0.769948 0.394055 0.460104
4 0.579914 0.775518 0.487732 0.448965
3 0.326886 0.736347 0.528462 0.49896
4 0.88814 0.378565 0.0962921 0.484124
0 0.546205 0.24929 0.684157 0.49858
4 0.0685817 0.762349 0.137163 0.472403
4 0.173039 0.273796 0.338853 0.52995
4 0.403185 0.788141 0.657869 0.404418
4 0.0354649 0.807607 0.0709298 0.384786
1 0.889853 0.293779 0.0861588 0.29644
0 0.483321 0.156921 0.966641 0.313842
4 0.119731 0.816341 0.239137 0.35587
0 0.945414 0.78778 0.109173 0.424439
3 0.0203326 0.663208 0.0406652 0.520227
4 0.915461 0.251001 0.156967 0.427715
4 0.378791 0.0424213 0.755995 0.0848427
0 0.860063 0.766017 0.279873 0.467965
3 0.212389 0.773903 0.414041 0.43429
4 0.681342 0.742246 0.599288 0.499065
3 0.935358 0.777724 0.129283 0.444552
0 0.0119355 0.403361 0.023871 0.697213
4 0.49649 0.782869 0.55879 0.434261
4 0.935358 0.777724 0.129283 0.444552
3 0.0110443 0.577736 0.0220887 0.477481
3 0.25818 0.0911798 0.516359 0.18236
4 0.642905 0.336113 0.527004 0.672227
3 0.191731 0.666858 0.247262 0.251947
0 0.0354649 0.807607 0.0709298 0.384786
0 0.127853 0.254198 0.255706 0.481752
3 0.119731 0.816341 0.239137 0.35587
3 0.604128 0.253764 0.543405 0.507529
4 0.467228 0.102209 0.908929 0.204418
2 0.765329 0.754408 0.464929 0.483812
1 0.141373 0.76872 0.282298 0.451244
4 0.844641 0.226579 0.310719 0.453159
3 0.891798 0.560162 0.182862 0.0808174
3 0.473141 0.251836 0.946281 0.503672
4 0.217931 0.156195 0.435861 0.31239
0 0.642905 0.336113 0.527004 0.672227
4 0.751697 0.170021 0.496606 0.340042
0 0.438536 0.275692 0.877072 0.551385
4 0.374659 0.344293 0.486831 0.674372
3 0.494114 0.266411 0.68895 0.532822
4 0.0203326 0.663208 0.0406652 0.520227
4 0.919749 0.287825 0.147703 0.3074
0 0.242075 0.273156 0.4687 0.543003
4 0.127853 0.254198 0.255706 0.481752
0 0.496624 0.688399 0.227395 0.50851
2 0.222882 0.767291 0.431902 0.444313
4 0.208528 0.427666 0.372182 0.841488
3 0.524828 0.767399 0.503603 0.450434
4 0.0323409 0.305675 0.0646818 0.594071
3 0.710718 0.306974 0.436729 0.495403
4 0.289671 0.0653916 0.579342 0.130783
2 0.476749 0.764323 0.519471 0.455576
4 0.491129 0.153085 0.844777 0.306169
3 0.270276 0.272511 0.534367 0.545022
0 0.462684 0.679711 0.234586 0.458521
4 0.651208 0.501435 0.533514 0.99713
0 0.361511 0.779281 0.571587 0.441438
1 0.892418 0.559915 0.175285 0.0822283
0 0.113439 0.392848 0.226879 0.777067
4 0.488026 0.745142 0.351384 0.481
4 0.0807759 0.715654 0.161552 0.536288
4 0.0119355 0.403361 0.023871 0.697213
4 0.7745 0.125523 0.450999 0.251045
0 0.112549 0.250697 0.225097 0.501394
4 0.25818 0.0911798 0.516359 0.18236
4 0.0344983 0.790187 0.0689966 0.419626
0 0.655445 0.769948 0.394055 0.460104
1 0.354466 0.763654 0.636253 0.445287
0 0.293998 0.348811 0.514169 0.674941
4 0.112549 0.250697 0.225097 0.501394
4 0.465165 0.34337 0.562321 0.68674
4 0.242075 0.273156 0.4687 0.543003
2 0.882861 0.748679 0.219183 0.47531
0 0.806152 0.554981 0.317867 0.866859
4 0.0592975 0.263279 0.118595 0.526558
4 0.911767 0.547288 0.176465 0.135728
4 0.91314 0.359172 0.173719 0.718343
4 0.402259 0.51775 0.408092 0.9645
0 0.775244 0.471751 0.310902 0.684648
3 0.416969 0.788074 0.608571 0.407163
2 0.438559 0.741891 0.360822 0.488616
4 0.0110443 0.577736 0.0220887 0.477481
0 0.0323409 0.305675 0.0646818 0.594071
2 0.711457 0.525257 0.475872 0.949486
3 0.483321 0.156921 0.966641 0.313842
4 0.478224 0.5 0.348549 1
2 0.339904 0.760522 0.637996 0.44076
3 0.177828 0.600145 0.214828 0.364304
4 0.380143 0.278243 0.642485 0.556486
4 0.496624 0.688399 0.227395 0.50851
0 0.424261 0.678809 0.283389 0.574457
4 0.765329 0.754408 0.464929 0.483812
3 0.467228 0.102209 0.908929 0.204418
2 0.0203326 0.663208 0.0406652 0.520227
2 0.898018 0.389051 0.139948 0.510208
4 0.806152 0.554981 0.317867 0.866859
4 0.372944 0.502725 0.569296 0.99455
2 0.220874 0.681001 0.299733 0.274913
0 0.0535259 0.245378 0.107052 0.490757
1 0.775244 0.471751 0.310902 0.684648
4 0.556091 0.5 0.410266 1
2 0.0685817 0.762349 0.137163 0.472403
2 0.919749 0.287825 0.147703 0.3074
4 0.462684 0.679711 0.234586 0.458521
4 0.574082 0.694677 0.318412 0.574187
2 0.208528 0.427666 0.372182 0.841488
1 0.153149 0.380762 0.300684 0.749899
2 0.330849 0.278818 0.628316 0.557635
1 0.915461 0.251001 0.156967 0.427715
0 0.685145 0.271553 0.573765 0.543106
0 0.711457 0.525257 0.475872 0.949486
4 0.264658 0.51226 0.428291 0.96274
0 0.465165 0.34337 0.562321 0.68674
2 0.91314 0.359172 0.173719 0.718343
0 0.710718 0.306974 0.436729 0.495403
4 0.652185 0.680147 0.393633 0.616635
2 0.559007 0.784876 0.541328 0.408814
4 0.196311 0.704015 0.263128 0.59197
4 0.539596 0.500254 0.593839 0.999491
4 0.424261 0.678809 0.283389 0.574457
0 0.330849 0.278818 0.628316 0.557635
1 0.935358 0.777724 0.129283 0.444552
2 0.646457 0.759141 0.678354 0.468954
2 0.0299296 0.776517 0.0598592 0.446966
0 0.911767 0.547288 0.176465 0.135728
4 0.697592 0.651372 0.506876 0.69597
1 0.556834 0.786831 0.501467 0.408567
2 0.496624 0.688399 0.227395 0.50851
4 0.882861 0.748679 0.219183 0.47531
1 0.685145 0.271553 0.573765 0.543106
3 0.170978 0.315784 0.339873 0.625218
2 0.907245 0.569274 0.18551 0.0955785
2 0.945414 0.78778 0.109173 0.424439
2 0.129478 0.25959 0.258957 0.517047
1 0.905065 0.26018 0.123527 0.36317
4 0.907245 0.569274 0.18551 0.0955785
2 0.655445 0.769948 0.394055 0.460104
1 0.220874 0.681001 0.299733 0.274913
2 0.780496 0.763977 0.382381 0.472046
0 0.402259 0.51775 0.408092 0.9645
2 0.574082 0.694677 0.318412 0.574187
0 0.574082 0.694677 0.318412 0.574187
2 0.915461 0.251001 0.156967 0.427715
2 0.579914 0.775518 0.487732 0.448965
4 0.329295 0.537532 0.378349 0.910316
2 0.658548 0.280677 0.588668 0.561355
2 0.0807759 0.715654 0.161552 0.536288
2 0.935358 0.777724 0.129283 0.444552
1 0.794789 0.771854 0.343905 0.441231
