0 0.758365 0.759419 0.483269 0.460483
0 0.825764 0.772108 0.348473 0.455783
0 0.523867 0.0351124 0.952266 0.0702249
0 0.428749 0.759211 0.690421 0.457718
0 0.363486 0.0430187 0.724468 0.0860373
3 0.393706 0.5 0.751581 1
0 0.416546 0.538251 0.745629 0.885707
4 0.756606 0.760894 0.486788 0.450943
0 0.59917 0.754011 0.716878 0.473819
3 0.198008 0.335037 0.389998 0.670073
3 0.809565 0.207915 0.380869 0.415831
0 0.218747 0.0992782 0.437494 0.198556
3 0.761549 0.761938 0.473536 0.476124
3 0.746059 0.140994 0.507882 0.281989
3 0.85043 0.414554 0.29914 0.82783
3 0.188114 0.482964 0.370697 0.965929
3 0.728439 0.367947 0.543122 0.733536
3 0.684216 0.503731 0.631568 0.992538
0 0.788021 0.245645 0.423958 0.479647
3 0.218747 0.0992782 0.437494 0.198556
3 0.937535 0.46576 0.124931 0.931521
3 0.826849 0.512351 0.346302 0.975297
3 0.12575 0.658781 0.250546 0.283824
3 0.450976 0.759829 0.608149 0.480343
3 0.883835 0.770447 0.232331 0.459105
3 0.612275 0.751189 0.471769 0.497623
3 0.140832 0.833506 0.281665 0.332988
4 0.532809 0.0442027 0.932606 0.0884054
0 0.141305 0.834414 0.28156 0.324719
3 0.748958 0.275121 0.502085 0.539653
0 0.936481 0.793476 0.127037 0.413049
3 0.943941 0.804142 0.112118 0.391716
0 0.244631 0.812363 0.476993 0.363706
0 0.0697522 0.847651 0.139504 0.304273
3 0.527312 0.0270475 0.945375 0.054095
0 0.460731 0.672123 0.723608 0.617786
3 0.179015 0.254118 0.354966 0.487712
3 0.140535 0.766747 0.280575 0.453103
3 0.174225 0.699199 0.3458 0.533249
0 0.565481 0.0754505 0.869037 0.150901
3 0.292028 0.0492688 0.584055 0.0985375
4 0.428749 0.759211 0.690421 0.457718
3 0.263827 0.800341 0.505392 0.399317
3 0.343409 0.778385 0.55846 0.44323
3 0.0287006 0.245884 0.0574013 0.491768
3 0.03073 0.37026 0.0614601 0.739385
3 0.282189 0.747789 0.544663 0.487265
4 0.739638 0.756104 0.510268 0.487792
3 0.0862691 0.248048 0.172538 0.496096
0 0.311376 0.787824 0.613455 0.407278
4 0.393706 0.5 0.751581 1
4 0.59917 0.754011 0.716878 0.473819
3 0.932028 0.765887 0.135944 0.450936
3 0.786635 0.754345 0.426729 0.473041
3 0.423172 0.037634 0.840445 0.0752679
0 0.778565 0.116245 0.442869 0.232491
4 0.565481 0.0754505 0.869037 0.150901
3 0.929091 0.354708 0.141817 0.708525
3 0.702457 0.179021 0.595086 0.358041
3 0.539351 0.0480994 0.910843 0.0961988
4 0.282189 0.747789 0.544663 0.487265
4 0.671965 0.337547 0.656071 0.670011
3 0.778565 0.116245 0.442869 0.232491
0 0.099305 0.841619 0.19861 0.316763
0 0.272478 0.0608844 0.544955 0.121769
3 0.587982 0.294854 0.824036 0.580489
4 0.343409 0.778385 0.55846 0.44323
3 0.0110187 0.763063 0.0220374 0.473874
4 0.510374 0.0239573 0.96507 0.0479147
0 0.772011 0.497204 0.455977 0.994407
0 0.0120727 0.659774 0.0241453 0.680451
0 0.702457 0.179021 0.595086 0.358041
3 0.414082 0.311597 0.703692 0.623194
4 0.825764 0.772108 0.348473 0.455783
3 0.0198727 0.834255 0.0397453 0.33149
3 0.460731 0.672123 0.723608 0.617786
3 0.868095 0.275617 0.263809 0.551235
3 0.565481 0.0754505 0.869037 0.150901
3 0.0120727 0.659774 0.0241453 0.680451
4 0.602183 0.492667 0.784977 0.985334
4 0.208386 0.819357 0.405145 0.361286
3 0.843501 0.773879 0.312997 0.452242
4 0.47411 0.755976 0.618306 0.488047
3 0.203858 0.758137 0.404855 0.467698
0 0.592246 0.168956 0.815507 0.337911
0 0.51253 0.279978 0.921589 0.559956
4 0.932028 0.765887 0.135944 0.450936
0 0.943941 0.804142 0.112118 0.391716
4 0.943941 0.804142 0.112118 0.391716
0 0.613087 0.253242 0.773826 0.506484
0 0.883835 0.770447 0.232331 0.459105
3 0.389184 0.758444 0.738071 0.468736
4 0.198008 0.335037 0.389998 0.670073
0 0.0128484 0.801298 0.0256967 0.397405
1 0.678054 0.287288 0.643891 0.564526
4 0.748958 0.275121 0.502085 0.539653
3 0.260782 0.380249 0.510332 0.760499
0 0.712443 0.210457 0.575113 0.417527
4 0.612275 0.751189 0.471769 0.497623
3 0.0155781 0.518451 0.0311563 0.826473
4 0.763983 0.496553 0.472034 0.97908
3 0.0211777 0.473735 0.0423555 0.935454
4 0.460731 0.672123 0.723608 0.617786
4 0.626127 0.758106 0.468342 0.474156
4 0.363486 0.0430187 0.724468 0.0860373
4 0.883835 0.770447 0.232331 0.459105
3 0.910147 0.285975 0.179707 0.565587
4 0.140832 0.833506 0.281665 0.332988
3 0.0677378 0.761267 0.135476 0.454851
0 0.12575 0.658781 0.250546 0.283824
0 0.626127 0.758106 0.468342 0.474156
3 0.556651 0.728167 0.777782 0.507989
0 0.929091 0.354708 0.141817 0.708525
0 0.453574 0.27601 0.639505 0.551533
0 0.671965 0.337547 0.656071 0.670011
3 0.109276 0.245693 0.218551 0.468866
3 0.0681829 0.676889 0.136366 0.344078
4 0.712443 0.210457 0.575113 0.417527
3 0.186968 0.820443 0.370034 0.350266
4 0.414082 0.311597 0.703692 0.623194
0 0.0198727 0.834255 0.0397453 0.33149
4 0.099305 0.841619 0.19861 0.316763
4 0.566152 0.282 0.835262 0.564
3 0.592246 0.168956 0.815507 0.337911
4 0.0198727 0.834255 0.0397453 0.33149
0 0.161457 0.753344 0.321445 0.481058
1 0.843501 0.773879 0.312997 0.452242
3 0.137964 0.318496 0.275929 0.59878
0 0.47411 0.755976 0.618306 0.488047
4 0.260782 0.380249 0.510332 0.760499
0 0.910147 0.285975 0.179707 0.565587
0 0.338054 0.296851 0.655218 0.593701
4 0.251951 0.270863 0.484564 0.541726
3 0.712443 0.210457 0.575113 0.417527
3 0.232703 0.263127 0.465406 0.526254
0 0.425065 0.184206 0.824484 0.368412
4 0.592246 0.168956 0.815507 0.337911
4 0.218747 0.0992782 0.437494 0.198556
0 0.224446 0.265603 0.436523 0.526985
0 0.746059 0.140994 0.507882 0.281989
0 0.602183 0.492667 0.784977 0.985334
0 0.248923 0.487192 0.489441 0.974383
0 0.0677378 0.761267 0.135476 0.454851
4 0.937535 0.46576 0.124931 0.931521
4 0.03073 0.37026 0.0614601 0.739385
4 0.778565 0.116245 0.442869 0.232491
4 0.0695452 0.825062 0.13909 0.349876
0 0.447166 0.115454 0.808542 0.230907
0 0.0862691 0.248048 0.172538 0.496096
4 0.162441 0.451488 0.322834 0.902977
4 0.0128484 0.801298 0.0256967 0.397405
3 0.626127 0.758106 0.468342 0.474156
4 0.203858 0.758137 0.404855 0.467698
4 0.929091 0.354708 0.141817 0.708525
4 0.910147 0.285975 0.179707 0.565587
0 0.868095 0.275617 0.263809 0.551235
4 0.0120727 0.659774 0.0241453 0.680451
4 0.140535 0.766747 0.280575 0.453103
3 0.099305 0.841619 0.19861 0.316763
4 0.272478 0.0608844 0.544955 0.121769
2 0.344071 0.750667 0.662545 0.48133
4 0.0862691 0.248048 0.172538 0.496096
0 0.0287006 0.245884 0.0574013 0.491768
4 0.137964 0.318496 0.275929 0.59878
4 0.0211777 0.473735 0.0423555 0.935454
0 0.0155781 0.518451 0.0311563 0.826473
4 0.875892 0.504815 0.248216 0.99037
3 0.086271 0.523801 0.172542 0.6401
0 0.937535 0.46576 0.124931 0.931521
0 0.612275 0.751189 0.471769 0.497623
3 0.528771 0.225515 0.917564 0.45103
4 0.0155781 0.518451 0.0311563 0.826473
4 0.868095 0.275617 0.263809 0.551235
4 0.0287006 0.245884 0.0574013 0.491768
4 0.447166 0.115454 0.808542 0.230907
2 0.243052 0.74863 0.47415 0.484667
4 0.467081 0.221754 0.792896 0.443508
4 0.109276 0.245693 0.218551 0.468866
3 0.117419 0.475128 0.234838 0.950256
2 0.929091 0.354708 0.141817 0.708525
1 0.538716 0.295752 0.910357 0.582038
0 0.939729 0.72282 0.120542 0.502137
0 0.375589 0.768252 0.564964 0.463497
4 0.12575 0.658781 0.250546 0.283824
4 0.0681829 0.676889 0.136366 0.344078
0 0.03073 0.37026 0.0614601 0.739385
4 0.85043 0.414554 0.29914 0.82783
1 0.211385 0.818265 0.419205 0.348572
4 0.809565 0.207915 0.380869 0.415831
0 0.833921 0.205865 0.332157 0.404635
1 0.483214 0.755608 0.624353 0.462212
2 0.768209 0.19758 0.463582 0.389407
0 0.0681829 0.676889 0.136366 0.344078
4 0.702457 0.179021 0.595086 0.358041
4 0.746059 0.140994 0.507882 0.281989
1 0.788021 0.245645 0.423958 0.479647
4 0.117419 0.475128 0.234838 0.950256
3 0.0697522 0.847651 0.139504 0.304273
4 0.179015 0.254118 0.354966 0.487712
2 0.479289 0.756504 0.627386 0.466238
1 0.936481 0.793476 0.127037 0.413049
0 0.342214 0.5 0.674927 1
0 0.85043 0.414554 0.29914 0.82783
1 0.728439 0.367947 0.543122 0.733536
3 0.416234 0.268221 0.832469 0.536441
1 0.712443 0.210457 0.575113 0.417527
3 0.312504 0.277178 0.52386 0.554355
1 0.761743 0.47852 0.476514 0.953662
2 0.937535 0.46576 0.124931 0.931521
4 0.174225 0.699199 0.3458 0.533249
1 0.833921 0.205865 0.332157 0.404635
2 0.12575 0.658781 0.250546 0.283824
0 0.0211777 0.473735 0.0423555 0.935454
0 0.177585 0.321553 0.352695 0.635304
2 0.613087 0.253242 0.773826 0.506484
1 0.768519 0.767221 0.462963 0.456093
2 0.099305 0.841619 0.19861 0.316763
0 0.875892 0.504815 0.248216 0.99037
2 0.140832 0.833506 0.281665 0.332988
3 0.447166 0.115454 0.808542 0.230907
0 0.719887 0.749412 0.446717 0.501176
2 0.140535 0.766747 0.280575 0.453103
2 0.211385 0.818265 0.419205 0.348572
2 0.728495 0.757573 0.531004 0.458122
0 0.17857 0.819493 0.34967 0.361014
4 0.086271 0.523801 0.172542 0.6401
2 0.51253 0.279978 0.921589 0.559956
2 0.943941 0.804142 0.112118 0.391716
2 0.467081 0.221754 0.792896 0.443508
2 0.19624 0.265215 0.39248 0.53043
2 0.0681829 0.676889 0.136366 0.344078
1 0.157 0.840966 0.312495 0.306426
2 0.455149 0.28558 0.631997 0.57116
1 0.32928 0.286235 0.610761 0.57247
3 0.425065 0.184206 0.824484 0.368412
2 0.357542 0.492174 0.71132 0.984348
2 0.928947 0.789168 0.142107 0.421663
2 0.910147 0.285975 0.179707 0.565587
2 0.702457 0.179021 0.595086 0.358041
2 0.592246 0.168956 0.815507 0.337911
0 0.109276 0.245693 0.218551 0.468866
1 0.372787 0.5 0.74069 1
1 0.198008 0.335037 0.389998 0.670073
1 0.592246 0.168956 0.815507 0.337911
2 0.0677378 0.761267 0.135476 0.454851
1 0.59917 0.754011 0.716878 0.473819
2 0.447166 0.115454 0.808542 0.230907
2 0.778565 0.116245 0.442869 0.232491
1 0.626127 0.758106 0.468342 0.474156
2 0.939729 0.72282 0.120542 0.502137
2 0.460731 0.672123 0.723608 0.617786
2 0.188114 0.482964 0.370697 0.965929
2 0.086271 0.523801 0.172542 0.6401
1 0.225944 0.759245 0.447103 0.463935
2 0.783314 0.501893 0.433373 0.988366
1 0.910147 0.285975 0.179707 0.565587
1 0.455149 0.28558 0.631997 0.57116
2 0.309524 0.270053 0.609661 0.540106
2 0.0287006 0.245884 0.0574013 0.491768
2 0.0115523 0.711812 0.0231046 0.576376
2 0.0697522 0.847651 0.139504 0.304273
2 0.612275 0.751189 0.471769 0.497623
1 0.188114 0.482964 0.370697 0.965929
1 0.85043 0.414554 0.29914 0.82783
0 0.162441 0.451488 0.322834 0.902977
2 0.492114 0.752535 0.622382 0.49493
2 0.719887 0.749412 0.446717 0.501176
2 0.0862691 0.248048 0.172538 0.496096
2 0.404462 0.76278 0.594029 0.47444
1 0.384091 0.776124 0.743687 0.428892
1 0.174225 0.699199 0.3458 0.533249
2 0.59917 0.754011 0.716878 0.473819
2 0.117419 0.475128 0.234838 0.950256
1 0.179015 0.254118 0.354966 0.487712
1 0.0128484 0.801298 0.0256967 0.397405
2 0.109276 0.245693 0.218551 0.468866
1 0.532809 0.0442027 0.932606 0.0884054
2 0.823065 0.768955 0.35387 0.46209
2 0.0198727 0.834255 0.0397453 0.33149
1 0.0697522 0.847651 0.139504 0.304273
2 0.0128484 0.801298 0.0256967 0.397405
2 0.868095 0.275617 0.263809 0.551235
2 0.174225 0.699199 0.3458 0.533249
1 0.939729 0.72282 0.120542 0.502137
1 0.565481 0.0754505 0.869037 0.150901
1 0.650592 0.502417 0.693952 0.995165
1 0.0677378 0.761267 0.135476 0.454851
1 0.883835 0.770447 0.232331 0.459105
2 0.0125707 0.640159 0.0251414 0.675704
1 0.937535 0.46576 0.124931 0.931521
1 0.0198727 0.834255 0.0397453 0.33149
1 0.140535 0.766747 0.280575 0.453103
2 0.03073 0.37026 0.0614601 0.739385
1 0.460731 0.672123 0.723608 0.617786
2 0.85043 0.414554 0.29914 0.82783
2 0.883835 0.770447 0.232331 0.459105
1 0.943941 0.804142 0.112118 0.391716
2 0.746059 0.140994 0.507882 0.281989
1 0.137964 0.318496 0.275929 0.59878
2 0.748958 0.275121 0.502085 0.539653
0 0.758415 0.759459 0.483171 0.460402
0 0.826032 0.772186 0.347936 0.455628
0 0.523635 0.0350742 0.95273 0.0701484
3 0.393951 0.5 0.750707 1
0 0.428723 0.759207 0.691126 0.457684
4 0.756519 0.760921 0.486962 0.450941
0 0.363649 0.0431787 0.724862 0.0863575
0 0.416905 0.532789 0.746904 0.896654
0 0.59894 0.754033 0.715729 0.473781
3 0.198192 0.333855 0.39038 0.667627
3 0.809737 0.207632 0.380527 0.415264
3 0.761476 0.762015 0.473683 0.475969
0 0.218511 0.0991624 0.437022 0.198325
3 0.746212 0.14096 0.507576 0.281919
3 0.85042 0.412906 0.299159 0.824493
3 0.188224 0.482776 0.370943 0.965552
3 0.683724 0.503716 0.632552 0.992568
3 0.728309 0.365954 0.543383 0.729549
0 0.7881 0.245428 0.423799 0.479243
3 0.218511 0.0991624 0.437022 0.198325
3 0.82621 0.512342 0.347579 0.975316
3 0.937563 0.465418 0.124874 0.930836
3 0.125786 0.659991 0.250644 0.285979
3 0.450454 0.759908 0.609912 0.480183
3 0.883687 0.770596 0.232625 0.458808
3 0.610768 0.751184 0.475298 0.497633
3 0.141082 0.833444 0.282165 0.333112
4 0.532565 0.0441921 0.933103 0.0883842
3 0.749083 0.27491 0.501834 0.539243
3 0.943978 0.804441 0.112044 0.391118
0 0.141731 0.834311 0.282401 0.32502
3 0.527032 0.0270494 0.945936 0.0540987
0 0.936452 0.793805 0.127095 0.412391
3 0.178966 0.254159 0.354886 0.487638
0 0.244425 0.81245 0.476531 0.36359
3 0.174233 0.700941 0.345822 0.531605
3 0.140664 0.76685 0.280839 0.453147
3 0.291868 0.0493147 0.583735 0.0986294
0 0.0698934 0.847744 0.139787 0.304113
0 0.461071 0.664989 0.725573 0.632105
4 0.428723 0.759207 0.691126 0.457684
3 0.263723 0.80053 0.505235 0.398941
3 0.343623 0.778616 0.559433 0.442768
3 0.0288072 0.245866 0.0576144 0.491732
0 0.56521 0.0763647 0.869581 0.152729
3 0.0308974 0.369259 0.0617948 0.736985
3 0.281946 0.747719 0.544143 0.487546
4 0.738757 0.756232 0.512022 0.487537
3 0.085761 0.247889 0.171522 0.495778
4 0.393951 0.5 0.750707 1
4 0.59894 0.754033 0.715729 0.473781
3 0.931925 0.766216 0.13615 0.450205
3 0.786924 0.754678 0.426153 0.472366
3 0.422952 0.0379693 0.840224 0.0759387
4 0.56521 0.0763647 0.869581 0.152729
0 0.310736 0.788046 0.612167 0.406898
3 0.929079 0.354312 0.141842 0.707658
3 0.702844 0.178766 0.594312 0.357533
0 0.778517 0.115882 0.442966 0.231763
4 0.281946 0.747719 0.544143 0.487546
3 0.539056 0.0481795 0.911379 0.096359
3 0.778517 0.115882 0.442966 0.231763
3 0.587742 0.294841 0.824517 0.580416
4 0.343623 0.778616 0.559433 0.442768
4 0.671355 0.336944 0.65729 0.668768
3 0.0112058 0.76298 0.0224116 0.47404
4 0.510127 0.024025 0.965127 0.04805
0 0.0994997 0.84163 0.198999 0.316739
0 0.272283 0.060989 0.544565 0.121978
4 0.826032 0.772186 0.347936 0.455628
3 0.4147 0.312085 0.702114 0.62417
3 0.461071 0.664989 0.725573 0.632105
3 0.0200229 0.83413 0.0400458 0.331739
0 0.771982 0.49721 0.456036 0.99442
0 0.0122306 0.660797 0.0244613 0.678406
3 0.867915 0.278254 0.264169 0.556508
3 0.56521 0.0763647 0.869581 0.152729
3 0.0122306 0.660797 0.0244613 0.678406
0 0.702844 0.178766 0.594312 0.357533
4 0.60251 0.492689 0.784082 0.985377
4 0.208143 0.819291 0.40468 0.361417
4 0.473496 0.756053 0.62061 0.487894
3 0.843777 0.773961 0.312447 0.452077
3 0.203781 0.758244 0.404708 0.467686
4 0.931925 0.766216 0.13615 0.450205
4 0.943978 0.804441 0.112044 0.391118
3 0.389305 0.758372 0.737873 0.468967
4 0.198192 0.333855 0.39038 0.667627
0 0.512327 0.279565 0.921126 0.559129
0 0.592037 0.16915 0.815925 0.338299
0 0.943978 0.804441 0.112044 0.391118
0 0.613093 0.253463 0.773813 0.506926
1 0.677466 0.287446 0.645069 0.564797
4 0.749083 0.27491 0.501834 0.539243
0 0.883687 0.770596 0.232625 0.458808
3 0.260661 0.37654 0.510094 0.75308
4 0.610768 0.751184 0.475298 0.497633
3 0.0156392 0.519484 0.0312785 0.823089
0 0.0130283 0.801203 0.0260567 0.397593
3 0.0212156 0.473286 0.0424313 0.934305
4 0.461071 0.664989 0.725573 0.632105
4 0.62389 0.758057 0.472799 0.474127
4 0.763951 0.496577 0.472097 0.979041
0 0.713157 0.210499 0.573685 0.417518
4 0.883687 0.770596 0.232625 0.458808
3 0.910145 0.28727 0.179709 0.568726
4 0.363649 0.0431787 0.724862 0.0863575
4 0.141082 0.833444 0.282165 0.333112
3 0.0678852 0.761324 0.13577 0.455161
3 0.555611 0.727677 0.780116 0.509087
0 0.125786 0.659991 0.250644 0.285979
3 0.109639 0.245647 0.219278 0.468595
3 0.0682554 0.677456 0.136511 0.344796
0 0.62389 0.758057 0.472799 0.474127
3 0.186862 0.820286 0.369813 0.350667
4 0.713157 0.210499 0.573685 0.417518
4 0.4147 0.312085 0.702114 0.62417
0 0.45483 0.276109 0.636411 0.551115
4 0.567829 0.28198 0.831484 0.563959
4 0.0994997 0.84163 0.198999 0.316739
0 0.929079 0.354312 0.141842 0.707658
4 0.0200229 0.83413 0.0400458 0.331739
0 0.671355 0.336944 0.65729 0.668768
3 0.592037 0.16915 0.815925 0.338299
1 0.843777 0.773961 0.312447 0.452077
3 0.138187 0.317656 0.276373 0.597001
4 0.260661 0.37654 0.510094 0.75308
0 0.0200229 0.83413 0.0400458 0.331739
4 0.251948 0.271044 0.484563 0.542088
0 0.161732 0.753546 0.321988 0.480721
3 0.231836 0.2631 0.463673 0.526199
0 0.473496 0.756053 0.62061 0.487894
3 0.713157 0.210499 0.573685 0.417518
0 0.910145 0.28727 0.179709 0.568726
0 0.338605 0.296956 0.655864 0.593912
4 0.592037 0.16915 0.815925 0.338299
4 0.218511 0.0991624 0.437022 0.198325
0 0.424668 0.184237 0.823342 0.368474
0 0.224398 0.265831 0.436481 0.527073
4 0.937563 0.465418 0.124874 0.930836
4 0.0308974 0.369259 0.0617948 0.736985
4 0.778517 0.115882 0.442966 0.231763
0 0.746212 0.14096 0.507576 0.281919
0 0.60251 0.492689 0.784082 0.985377
0 0.248809 0.487263 0.489165 0.974525
4 0.0696717 0.825036 0.139343 0.349927
0 0.0678852 0.761324 0.13577 0.455161
4 0.162584 0.451422 0.323128 0.902845
4 0.0130283 0.801203 0.0260567 0.397593
3 0.62389 0.758057 0.472799 0.474127
4 0.203781 0.758244 0.404708 0.467686
0 0.085761 0.247889 0.171522 0.495778
0 0.44618 0.116304 0.806229 0.232608
4 0.929079 0.354312 0.141842 0.707658
4 0.910145 0.28727 0.179709 0.568726
4 0.0122306 0.660797 0.0244613 0.678406
4 0.140664 0.76685 0.280839 0.453147
3 0.0994997 0.84163 0.198999 0.316739
4 0.272283 0.060989 0.544565 0.121978
4 0.085761 0.247889 0.171522 0.495778
2 0.343932 0.750566 0.662318 0.48163
4 0.138187 0.317656 0.276373 0.597001
0 0.867915 0.278254 0.264169 0.556508
4 0.0212156 0.473286 0.0424313 0.934305
4 0.875572 0.504702 0.248856 0.990595
3 0.0856505 0.529439 0.171301 0.624718
0 0.0156392 0.519484 0.0312785 0.823089
0 0.0288072 0.245866 0.0576144 0.491732
3 0.528875 0.226148 0.917388 0.452295
4 0.0156392 0.519484 0.0312785 0.823089
4 0.867915 0.278254 0.264169 0.556508
4 0.0288072 0.245866 0.0576144 0.491732
0 0.937563 0.465418 0.124874 0.930836
4 0.44618 0.116304 0.806229 0.232608
4 0.466099 0.223262 0.790947 0.446524
0 0.610768 0.751184 0.475298 0.497633
4 0.109639 0.245647 0.219278 0.468595
2 0.242853 0.748671 0.473808 0.484773
3 0.117401 0.47471 0.234802 0.949419
1 0.53916 0.295824 0.909468 0.582087
2 0.929079 0.354312 0.141842 0.707658
4 0.125786 0.659991 0.250644 0.285979
4 0.0682554 0.677456 0.136511 0.344796
0 0.93967 0.723751 0.12066 0.499706
4 0.85042 0.412906 0.299159 0.824493
0 0.375915 0.768407 0.566261 0.463186
4 0.809737 0.207632 0.380527 0.415264
1 0.211193 0.818099 0.4188 0.349013
1 0.48339 0.755607 0.625411 0.462075
0 0.0308974 0.369259 0.0617948 0.736985
2 0.768635 0.197495 0.46273 0.389137
4 0.702844 0.178766 0.594312 0.357533
0 0.83394 0.205917 0.33212 0.404763
4 0.746212 0.14096 0.507576 0.281919
0 0.0682554 0.677456 0.136511 0.344796
1 0.7881 0.245428 0.423799 0.479243
4 0.117401 0.47471 0.234802 0.949419
3 0.0698934 0.847744 0.139787 0.304113
4 0.178966 0.254159 0.354886 0.487638
2 0.479628 0.756467 0.628154 0.466228
1 0.936452 0.793805 0.127095 0.412391
3 0.415647 0.268268 0.831294 0.536535
1 0.713157 0.210499 0.573685 0.417518
1 0.728309 0.365954 0.543383 0.729549
4 0.174233 0.700941 0.345822 0.531605
3 0.31233 0.277149 0.524366 0.554298
1 0.83394 0.205917 0.33212 0.404763
2 0.937563 0.465418 0.124874 0.930836
1 0.761863 0.476867 0.476275 0.95034
2 0.125786 0.659991 0.250644 0.285979
0 0.85042 0.412906 0.299159 0.824493
2 0.613093 0.253463 0.773813 0.506926
1 0.768582 0.767283 0.462837 0.4562
0 0.0212156 0.473286 0.0424313 0.934305
2 0.0994997 0.84163 0.198999 0.316739
0 0.177762 0.32069 0.353062 0.633354
3 0.44618 0.116304 0.806229 0.232608
2 0.141082 0.833444 0.282165 0.333112
2 0.140664 0.76685 0.280839 0.453147
2 0.211193 0.818099 0.4188 0.349013
0 0.719891 0.749472 0.44929 0.501056
0 0.875572 0.504702 0.248856 0.990595
2 0.726781 0.7576 0.534058 0.458138
2 0.512327 0.279565 0.921126 0.559129
4 0.0856505 0.529439 0.171301 0.624718
2 0.466099 0.223262 0.790947 0.446524
2 0.943978 0.804441 0.112044 0.391118
2 0.195589 0.264646 0.391178 0.529291
2 0.0682554 0.677456 0.136511 0.344796
0 0.178658 0.819361 0.349808 0.361277
1 0.329343 0.286173 0.610621 0.572347
2 0.455436 0.285753 0.630851 0.571507
1 0.157307 0.84086 0.313101 0.30672
3 0.424668 0.184237 0.823342 0.368474
2 0.357479 0.492241 0.711258 0.984481
2 0.910145 0.28727 0.179709 0.568726
2 0.928796 0.789513 0.142407 0.420975
2 0.592037 0.16915 0.815925 0.338299
2 0.702844 0.178766 0.594312 0.357533
1 0.372944 0.5 0.740647 1
1 0.198192 0.333855 0.39038 0.667627
1 0.592037 0.16915 0.815925 0.338299
0 0.109639 0.245647 0.219278 0.468595
2 0.0678852 0.761324 0.13577 0.455161
2 0.44618 0.116304 0.806229 0.232608
1 0.59894 0.754033 0.715729 0.473781
2 0.778517 0.115882 0.442966 0.231763
1 0.62389 0.758057 0.472799 0.474127
2 0.93967 0.723751 0.12066 0.499706
2 0.461071 0.664989 0.725573 0.632105
2 0.0856505 0.529439 0.171301 0.624718
1 0.225819 0.75941 0.446839 0.463699
1 0.910145 0.28727 0.179709 0.568726
2 0.783308 0.501839 0.433384 0.988548
1 0.455436 0.285753 0.630851 0.571507
2 0.200443 0.487319 0.395366 0.974637
2 0.308764 0.27006 0.60813 0.540121
2 0.0288072 0.245866 0.0576144 0.491732
2 0.0117466 0.711986 0.0234933 0.576029
1 0.85042 0.412906 0.299159 0.824493
2 0.0698934 0.847744 0.139787 0.304113
1 0.188224 0.482776 0.370943 0.965552
2 0.610768 0.751184 0.475298 0.497633
2 0.719891 0.749472 0.44929 0.501056
2 0.085761 0.247889 0.171522 0.495778
2 0.404221 0.762882 0.595216 0.474235
1 0.384064 0.776244 0.743604 0.428677
2 0.59894 0.754033 0.715729 0.473781
1 0.174233 0.700941 0.345822 0.531605
1 0.178966 0.254159 0.354886 0.487638
0 0.162584 0.451422 0.323128 0.902845
2 0.117401 0.47471 0.234802 0.949419
1 0.0130283 0.801203 0.0260567 0.397593
2 0.109639 0.245647 0.219278 0.468595
1 0.532565 0.0441921 0.933103 0.0883842
2 0.823316 0.76906 0.353368 0.46188
2 0.0200229 0.83413 0.0400458 0.331739
1 0.0698934 0.847744 0.139787 0.304113
2 0.0130283 0.801203 0.0260567 0.397593
2 0.867915 0.278254 0.264169 0.556508
2 0.174233 0.700941 0.345822 0.531605
1 0.93967 0.723751 0.12066 0.499706
1 0.56521 0.0763647 0.869581 0.152729
1 0.650873 0.50241 0.693314 0.99518
1 0.0678852 0.761324 0.13577 0.455161
1 0.883687 0.770596 0.232625 0.458808
2 0.0126701 0.641513 0.0253402 0.672681
1 0.937563 0.465418 0.124874 0.930836
1 0.0200229 0.83413 0.0400458 0.331739
1 0.140664 0.76685 0.280839 0.453147
2 0.0308974 0.369259 0.0617948 0.736985
1 0.461071 0.664989 0.725573 0.632105
2 0.85042 0.412906 0.299159 0.824493
1 0.943978 0.804441 0.112044 0.391118
2 0.883687 0.770596 0.232625 0.458808
2 0.746212 0.14096 0.507576 0.281919
1 0.138187 0.317656 0.276373 0.597001
2 0.749083 0.27491 0.501834 0.539243
2 0.218511 0.0991624 0.437022 0.198325
1 0.929079 0.354312 0.141842 0.707658
