0 0.861321 0.692159 0.277357 0.2866
0 0.557255 0.599884 0.117632 0.161503
1 0.860414 0.693619 0.279047 0.28569
1 0.554322 0.598271 0.114461 0.154322
0 0.199131 0.68265 0.395537 0.306663
0 0.138371 0.668309 0.276609 0.268938
0 0.556328 0.569887 0.122227 0.224734
0 0.233531 0.753891 0.462963 0.464772
4 0.557255 0.599884 0.117632 0.161503
0 0.858144 0.772839 0.283713 0.451619
0 0.415886 0.74739 0.487806 0.493766
0 0.246586 0.646344 0.487312 0.255447
0 0.585606 0.609011 0.199468 0.169773
0 0.78597 0.650138 0.119783 0.368393
0 0.349283 0.751001 0.689155 0.497999
0 0.576355 0.356359 0.180372 0.663789
2 0.554322 0.598271 0.114461 0.154322
0 0.14128 0.759978 0.28256 0.471375
0 0.516796 0.0234276 0.966407 0.0468551
0 0.588818 0.670377 0.200788 0.312418
0 0.639097 0.701981 0.247703 0.338816
0 0.818275 0.268035 0.36345 0.53607
0 0.605545 0.0519313 0.78891 0.103863
0 0.712277 0.261667 0.575446 0.523334
0 0.374031 0.0304389 0.748061 0.0608778
3 0.603325 0.424765 0.463338 0.84953
3 0.180919 0.420894 0.358018 0.80732
0 0.821667 0.417974 0.356665 0.828717
3 0.547947 0.379457 0.235715 0.625777
4 0.861418 0.691384 0.277165 0.298667
3 0.241779 0.650162 0.476001 0.259962
3 0.786415 0.253439 0.42717 0.506878
0 0.658401 0.171449 0.683198 0.342898
4 0.602494 0.751502 0.248718 0.455817
3 0.259339 0.408319 0.508984 0.803648
3 0.916417 0.754167 0.167166 0.491667
0 0.553704 0.276597 0.892592 0.553195
3 0.392779 0.710055 0.456689 0.396053
1 0.576355 0.356359 0.180372 0.663789
0 0.0998344 0.83724 0.199669 0.314216
3 0.853353 0.768102 0.293294 0.463795
4 0.547947 0.379457 0.235715 0.625777
0 0.230662 0.101658 0.461323 0.203316
3 0.724334 0.486171 0.551331 0.972342
3 0.61745 0.350243 0.7651 0.700485
3 0.207096 0.295885 0.406555 0.582552
4 0.241779 0.650162 0.476001 0.259962
3 0.357772 0.5 0.707195 1
3 0.419297 0.371372 0.790281 0.742744
3 0.848399 0.446771 0.303202 0.809343
4 0.199131 0.68265 0.395537 0.306663
2 0.415886 0.74739 0.487806 0.493766
4 0.856468 0.774943 0.287064 0.450114
3 0.701192 0.0955197 0.597617 0.191039
4 0.247035 0.400429 0.485375 0.800858
4 0.578674 0.0394869 0.842653 0.0789738
0 0.256448 0.29484 0.498046 0.585629
3 0.859255 0.727608 0.281489 0.367796
4 0.138371 0.668309 0.276609 0.268938
3 0.591966 0.768199 0.296266 0.463601
4 0.40251 0.76557 0.604876 0.450141
4 0.14128 0.759978 0.28256 0.471375
4 0.818275 0.268035 0.36345 0.53607
4 0.916417 0.754167 0.167166 0.491667
0 0.5054 0.205477 0.951707 0.410955
4 0.670924 0.289866 0.658151 0.579732
0 0.469411 0.0981573 0.913836 0.196315
3 0.0421918 0.439794 0.0843836 0.767858
0 0.859999 0.632573 0.280002 0.406796
3 0.146423 0.837668 0.291628 0.324665
4 0.527746 0.0245285 0.944508 0.0490569
4 0.627235 0.0770875 0.745531 0.154175
1 0.233531 0.753891 0.462963 0.464772
3 0.484506 0.767324 0.44821 0.465352
3 0.843992 0.299802 0.312016 0.599605
3 0.68854 0.784993 0.28566 0.430013
0 0.523167 0.767451 0.391275 0.45671
0 0.150428 0.833903 0.299679 0.3225
3 0.230662 0.101658 0.461323 0.203316
3 0.920186 0.351385 0.159629 0.697605
3 0.19333 0.823144 0.379573 0.353712
4 0.32835 0.723006 0.650655 0.425152
0 0.75393 0.063723 0.49214 0.127446
3 0.70198 0.314879 0.596041 0.629758
3 0.0331027 0.279296 0.0662053 0.558592
4 0.553704 0.276597 0.892592 0.553195
3 0.0306224 0.77148 0.0612447 0.45704
3 0.732392 0.766735 0.463415 0.439596
0 0.917918 0.317934 0.164165 0.635869
3 0.578674 0.0394869 0.842653 0.0789738
3 0.109832 0.571538 0.219664 0.639403
0 0.295158 0.0664004 0.590315 0.132801
0 0.701192 0.0955197 0.597617 0.191039
0 0.497593 0.0645714 0.921831 0.129143
4 0.732392 0.766735 0.463415 0.439596
3 0.282756 0.798467 0.531211 0.403067
1 0.40251 0.76557 0.604876 0.450141
3 0.420633 0.782528 0.553218 0.434944
0 0.265988 0.398787 0.519733 0.797574
0 0.31485 0.5 0.629563 1
4 0.241057 0.732019 0.468798 0.417803
3 0.506561 0.0221925 0.961726 0.0443849
0 0.583357 0.767015 0.28263 0.458025
3 0.601087 0.607998 0.220504 0.160247
0 0.875915 0.450409 0.24817 0.705803
4 0.804831 0.773363 0.385383 0.453273
3 0.682125 0.772719 0.324961 0.449541
0 0.419297 0.371372 0.790281 0.742744
3 0.602494 0.751502 0.248718 0.455817
3 0.335763 0.738405 0.64722 0.515654
3 0.553704 0.276597 0.892592 0.553195
3 0.130533 0.445253 0.261066 0.779114
0 0.110337 0.819628 0.220675 0.360744
3 0.135827 0.703444 0.271653 0.569826
3 0.0834963 0.277681 0.166993 0.555363
3 0.0252484 0.801309 0.0504968 0.391835
4 0.132775 0.425507 0.265549 0.76971
3 0.302533 0.0393071 0.605066 0.0786142
0 0.916417 0.754167 0.167166 0.491667
4 0.419297 0.371372 0.790281 0.742744
3 0.905661 0.274898 0.188678 0.549795
4 0.821667 0.417974 0.356665 0.828717
3 0.0292388 0.80939 0.0584775 0.38122
4 0.655451 0.490158 0.689098 0.980316
3 0.118208 0.280346 0.236417 0.536941
4 0.658401 0.171449 0.683198 0.342898
3 0.595295 0.656864 0.187728 0.365193
3 0.627235 0.0770875 0.745531 0.154175
3 0.75393 0.063723 0.49214 0.127446
3 0.315646 0.30051 0.625103 0.60102
4 0.19333 0.823144 0.379573 0.353712
2 0.601087 0.607998 0.220504 0.160247
4 0.404605 0.0325459 0.806906 0.0650918
4 0.304765 0.467639 0.605771 0.935278
4 0.282756 0.798467 0.531211 0.403067
1 0.556328 0.569887 0.122227 0.224734
0 0.399056 0.351268 0.555585 0.702536
0 0.61745 0.350243 0.7651 0.700485
4 0.484506 0.767324 0.44821 0.465352
4 0.591966 0.768199 0.296266 0.463601
3 0.658401 0.171449 0.683198 0.342898
0 0.513219 0.761501 0.415734 0.476998
3 0.432006 0.286871 0.711187 0.573742
2 0.588818 0.670377 0.200788 0.312418
2 0.859325 0.711951 0.281351 0.337252
0 0.724334 0.486171 0.551331 0.972342
3 0.177391 0.768156 0.352585 0.447542
0 0.136278 0.460067 0.272388 0.740241
0 0.0252484 0.801309 0.0504968 0.391835
3 0.13817 0.659995 0.275815 0.272034
0 0.441285 0.779062 0.522472 0.441876
0 0.183274 0.407916 0.363207 0.794552
4 0.68854 0.784993 0.28566 0.430013
0 0.0513614 0.470368 0.102723 0.828185
3 0.404605 0.0325459 0.806906 0.0650918
2 0.875915 0.450409 0.24817 0.705803
3 0.555128 0.577591 0.119298 0.205572
4 0.875915 0.450409 0.24817 0.705803
4 0.905661 0.274898 0.188678 0.549795
3 0.295158 0.0664004 0.590315 0.132801
4 0.75393 0.063723 0.49214 0.127446
1 0.237751 0.658955 0.471668 0.278936
3 0.816299 0.774633 0.366827 0.438951
4 0.150428 0.833903 0.299679 0.3225
0 0.0292388 0.80939 0.0584775 0.38122
0 0.109832 0.571538 0.219664 0.639403
1 0.195144 0.819747 0.386646 0.346844
0 0.804831 0.773363 0.385383 0.453273
4 0.304246 0.297779 0.599028 0.595559
4 0.0421918 0.439794 0.0843836 0.767858
4 0.230662 0.101658 0.461323 0.203316
4 0.432006 0.286871 0.711187 0.573742
4 0.0292388 0.80939 0.0584775 0.38122
4 0.469411 0.0981573 0.913836 0.196315
4 0.701192 0.0955197 0.597617 0.191039
2 0.215607 0.772222 0.427327 0.437729
4 0.497593 0.0645714 0.921831 0.129143
0 0.70415 0.681299 0.0965138 0.417711
1 0.523167 0.767451 0.391275 0.45671
4 0.682125 0.772719 0.324961 0.449541
4 0.5054 0.205477 0.951707 0.410955
4 0.920186 0.351385 0.159629 0.697605
3 0.110337 0.819628 0.220675 0.360744
3 0.399056 0.351268 0.555585 0.702536
4 0.613458 0.36214 0.766135 0.72428
0 0.0834963 0.277681 0.166993 0.555363
0 0.822428 0.418471 0.23414 0.831069
1 0.588818 0.670377 0.200788 0.312418
4 0.302533 0.0393071 0.605066 0.0786142
3 0.70415 0.681299 0.0965138 0.417711
4 0.295158 0.0664004 0.590315 0.132801
0 0.603325 0.424765 0.463338 0.84953
4 0.180919 0.420894 0.358018 0.80732
4 0.0998344 0.83724 0.199669 0.314216
0 0.432006 0.286871 0.711187 0.573742
4 0.0834963 0.277681 0.166993 0.555363
0 0.0306224 0.77148 0.0612447 0.45704
4 0.110337 0.819628 0.220675 0.360744
0 0.0331027 0.279296 0.0662053 0.558592
1 0.843992 0.299802 0.312016 0.599605
4 0.207096 0.295885 0.406555 0.582552
4 0.603325 0.424765 0.463338 0.84953
3 0.523167 0.767451 0.391275 0.45671
4 0.0252484 0.801309 0.0504968 0.391835
0 0.68854 0.784993 0.28566 0.430013
2 0.839044 0.416531 0.321912 0.830748
3 0.863046 0.655891 0.273909 0.489318
4 0.523167 0.767451 0.391275 0.45671
4 0.0331027 0.279296 0.0662053 0.558592
2 0.372234 0.770842 0.655098 0.439914
3 0.241645 0.75483 0.471202 0.474015
2 0.556328 0.569887 0.122227 0.224734
1 0.639097 0.701981 0.247703 0.338816
0 0.250278 0.813378 0.486168 0.373245
4 0.863046 0.655891 0.273909 0.489318
0 0.356368 0.782126 0.548362 0.435748
4 0.0306224 0.77148 0.0612447 0.45704
3 0.0998344 0.83724 0.199669 0.314216
2 0.864523 0.63945 0.270954 0.460678
4 0.118208 0.280346 0.236417 0.536941
1 0.746873 0.748168 0.472062 0.433915
4 0.230803 0.810058 0.451304 0.366071
2 0.732392 0.766735 0.463415 0.439596
3 0.721948 0.681871 0.431135 0.292572
2 0.721948 0.681871 0.431135 0.292572
1 0.583357 0.767015 0.28263 0.458025
2 0.146423 0.837668 0.291628 0.324665
0 0.682125 0.772719 0.324961 0.449541
1 0.848399 0.446771 0.303202 0.809343
1 0.86305 0.63816 0.2739 0.397055
2 0.574053 0.762047 0.298627 0.452666
3 0.639097 0.701981 0.247703 0.338816
2 0.0306224 0.77148 0.0612447 0.45704
2 0.31485 0.5 0.629563 1
2 0.110337 0.819628 0.220675 0.360744
0 0.746873 0.748168 0.472062 0.433915
4 0.109832 0.571538 0.219664 0.639403
1 0.222683 0.414236 0.439205 0.810976
1 0.0998344 0.83724 0.199669 0.314216
1 0.585606 0.609011 0.199468 0.169773
3 0.5054 0.205477 0.951707 0.410955
2 0.804831 0.773363 0.385383 0.453273
2 0.682125 0.772719 0.324961 0.449541
0 0.118208 0.280346 0.236417 0.536941
1 0.769253 0.275711 0.461494 0.551422
0 0.0433295 0.345636 0.086659 0.691272
2 0.68854 0.784993 0.28566 0.430013
1 0.207096 0.295885 0.406555 0.582552
2 0.223702 0.290465 0.447405 0.580929
3 0.511099 0.0853171 0.920823 0.170634
2 0.639097 0.701981 0.247703 0.338816
2 0.920186 0.351385 0.159629 0.697605
4 0.588818 0.670377 0.200788 0.312418
2 0.916417 0.754167 0.167166 0.491667
2 0.19333 0.823144 0.379573 0.353712
0 0.168871 0.285629 0.334277 0.547581
2 0.513219 0.761501 0.415734 0.476998
2 0.308481 0.283696 0.616962 0.567392
2 0.490919 0.76119 0.456358 0.455279
4 0.822428 0.418471 0.23414 0.831069
2 0.118687 0.754851 0.237374 0.490298
1 0.14128 0.759978 0.28256 0.471375
2 0.591966 0.768199 0.296266 0.463601
1 0.136278 0.460067 0.272388 0.740241
1 0.512397 0.346688 0.799928 0.693375
2 0.0292388 0.80939 0.0584775 0.38122
2 0.468935 0.283673 0.856148 0.567346
2 0.712277 0.261667 0.575446 0.523334
2 0.199131 0.68265 0.395537 0.306663
1 0.917918 0.317934 0.164165 0.635869
2 0.268541 0.649883 0.533095 0.26893
2 0.228658 0.402104 0.450656 0.804209
1 0.681705 0.491726 0.56222 0.983451
2 0.0252484 0.801309 0.0504968 0.391835
2 0.0998344 0.83724 0.199669 0.314216
3 0.199131 0.68265 0.395537 0.306663
1 0.721948 0.681871 0.431135 0.292572
2 0.75393 0.063723 0.49214 0.127446
1 0.578674 0.0394869 0.842653 0.0789738
2 0.603325 0.424765 0.463338 0.84953
4 0.392779 0.710055 0.456689 0.396053
1 0.789741 0.449251 0.420518 0.895182
4 0.399056 0.351268 0.555585 0.702536
1 0.0252484 0.801309 0.0504968 0.391835
2 0.613458 0.36214 0.766135 0.72428
2 0.856468 0.774943 0.287064 0.450114
1 0.595946 0.271241 0.808109 0.542481
4 0.639097 0.701981 0.247703 0.338816
4 0.556328 0.569887 0.122227 0.224734
1 0.513219 0.761501 0.415734 0.476998
1 0.527746 0.0245285 0.944508 0.0490569
2 0.130533 0.445253 0.261066 0.779114
1 0.314063 0.292115 0.608482 0.58423
1 0.70415 0.681299 0.0965138 0.417711
2 0.0834963 0.277681 0.166993 0.555363
1 0.118208 0.280346 0.236417 0.536941
2 0.230662 0.101658 0.461323 0.203316
2 0.905661 0.274898 0.188678 0.549795
2 0.441285 0.779062 0.522472 0.441876
2 0.818275 0.268035 0.36345 0.53607
0 0.861324 0.692128 0.277352 0.286622
0 0.557262 0.59989 0.117639 0.161479
1 0.86042 0.693594 0.279036 0.285697
1 0.554332 0.598275 0.114476 0.154337
0 0.199192 0.682284 0.395666 0.305985
0 0.138451 0.668081 0.276772 0.268503
0 0.556351 0.569897 0.122243 0.224774
0 0.233419 0.753602 0.462731 0.464284
4 0.557262 0.59989 0.117639 0.161479
0 0.858147 0.772869 0.283707 0.451696
0 0.415663 0.747412 0.488455 0.493544
0 0.246501 0.646362 0.487153 0.255331
0 0.58561 0.608968 0.199509 0.169603
0 0.785946 0.650084 0.119684 0.36821
0 0.349311 0.750849 0.68915 0.498301
2 0.554332 0.598275 0.114476 0.154337
0 0.576418 0.355765 0.180859 0.665021
0 0.141435 0.760005 0.28287 0.471395
0 0.516672 0.0231777 0.966656 0.0463554
0 0.5888 0.670473 0.200906 0.312541
0 0.638966 0.701674 0.247619 0.338083
0 0.818789 0.268081 0.362422 0.536162
0 0.605635 0.0507454 0.788731 0.101491
0 0.712877 0.261803 0.574245 0.523606
0 0.374081 0.0304907 0.748162 0.0609815
3 0.602701 0.424211 0.462698 0.848422
3 0.181027 0.420882 0.358239 0.807018
0 0.821636 0.417921 0.356728 0.828351
3 0.547613 0.378399 0.236921 0.62783
4 0.861429 0.691382 0.277141 0.298626
3 0.241577 0.650226 0.475639 0.259966
3 0.786592 0.253457 0.426816 0.506913
3 0.259234 0.4083 0.508814 0.803294
4 0.602314 0.751473 0.248684 0.455687
3 0.916503 0.754302 0.166994 0.491395
0 0.658279 0.164261 0.683441 0.328522
3 0.391469 0.709683 0.45947 0.395229
0 0.55395 0.276502 0.8921 0.553004
4 0.547613 0.378399 0.236921 0.62783
3 0.853353 0.768102 0.293293 0.463797
1 0.576418 0.355765 0.180859 0.665021
0 0.10001 0.837478 0.200021 0.313737
0 0.2307 0.101274 0.4614 0.202548
3 0.72466 0.48638 0.550681 0.972759
3 0.618358 0.349012 0.763284 0.698024
3 0.207035 0.29609 0.406455 0.582857
4 0.241577 0.650226 0.475639 0.259966
3 0.357915 0.5 0.707222 1
3 0.419604 0.370948 0.788613 0.741897
3 0.848444 0.44579 0.303111 0.811232
4 0.199192 0.682284 0.395666 0.305985
2 0.415663 0.747412 0.488455 0.493544
4 0.856483 0.774939 0.287034 0.450122
3 0.700805 0.0939307 0.598389 0.187861
4 0.247016 0.400508 0.485383 0.801017
4 0.578754 0.0386482 0.842491 0.0772965
3 0.591378 0.768394 0.297068 0.463213
4 0.138451 0.668081 0.276772 0.268503
3 0.859242 0.727535 0.281516 0.367564
4 0.402143 0.765679 0.605417 0.449962
0 0.256396 0.294947 0.497936 0.585694
4 0.141435 0.760005 0.28287 0.471395
4 0.818789 0.268081 0.362422 0.536162
4 0.916503 0.754302 0.166994 0.491395
4 0.671877 0.289865 0.656247 0.57973
3 0.0423777 0.43965 0.0847554 0.766989
0 0.469416 0.0944949 0.913248 0.18899
0 0.505216 0.195438 0.950762 0.390876
3 0.146853 0.837661 0.292502 0.324678
0 0.86001 0.632698 0.279981 0.406581
4 0.527683 0.0242244 0.944634 0.0484487
1 0.233419 0.753602 0.462731 0.464284
3 0.484238 0.767581 0.448765 0.464838
4 0.627372 0.07477 0.745256 0.14954
3 0.688356 0.785012 0.285762 0.429977
3 0.84402 0.299503 0.31196 0.599006
3 0.2307 0.101274 0.4614 0.202548
3 0.920421 0.352614 0.159159 0.700058
3 0.193651 0.823059 0.380249 0.353882
4 0.328151 0.721744 0.650233 0.422503
0 0.522563 0.76749 0.392265 0.456657
0 0.151213 0.834019 0.301255 0.322311
3 0.0331337 0.279514 0.0662673 0.559027
3 0.030821 0.771552 0.061642 0.456897
0 0.753888 0.0636146 0.492223 0.127229
3 0.732529 0.766755 0.463293 0.439485
4 0.55395 0.276502 0.8921 0.553004
3 0.111072 0.571333 0.222143 0.636239
3 0.578754 0.0386482 0.842491 0.0772965
0 0.917948 0.319266 0.164103 0.638532
0 0.295127 0.0663469 0.590253 0.132694
1 0.402143 0.765679 0.605417 0.449962
4 0.732529 0.766755 0.463293 0.439485
3 0.283008 0.798358 0.532104 0.403284
0 0.700805 0.0939307 0.598389 0.187861
3 0.420344 0.78255 0.553851 0.434901
4 0.240915 0.730326 0.468537 0.414508
3 0.60105 0.607943 0.220457 0.160206
3 0.506437 0.0220559 0.961714 0.0441118
4 0.804769 0.773363 0.385482 0.453273
0 0.314799 0.5 0.629493 1
3 0.682125 0.772828 0.324877 0.449449
0 0.497945 0.0640824 0.92055 0.128165
3 0.602314 0.751473 0.248684 0.455687
0 0.876153 0.449649 0.247693 0.712135
0 0.583011 0.767061 0.28296 0.45802
3 0.335737 0.738374 0.647185 0.515733
3 0.130461 0.445316 0.260923 0.77845
0 0.419604 0.370948 0.788613 0.741897
3 0.55395 0.276502 0.8921 0.553004
3 0.0833924 0.277742 0.166785 0.555483
3 0.136335 0.7035 0.272669 0.568567
3 0.0254492 0.801457 0.0508985 0.391511
4 0.132655 0.425633 0.265309 0.769309
3 0.30247 0.0392965 0.604939 0.0785929
0 0.110476 0.819769 0.220951 0.360462
4 0.419604 0.370948 0.788613 0.741897
0 0.916503 0.754302 0.166994 0.491395
3 0.905683 0.276912 0.188634 0.553824
4 0.821636 0.417921 0.356728 0.828351
3 0.0293774 0.809338 0.0587548 0.381324
4 0.656139 0.490274 0.687722 0.980548
3 0.118469 0.280329 0.236938 0.536853
3 0.595298 0.656799 0.187703 0.365091
4 0.658279 0.164261 0.683441 0.328522
3 0.627372 0.07477 0.745256 0.14954
3 0.753888 0.0636146 0.492223 0.127229
3 0.315814 0.300677 0.625265 0.601354
4 0.193651 0.823059 0.380249 0.353882
2 0.60105 0.607943 0.220457 0.160206
4 0.404474 0.0325865 0.806936 0.065173
4 0.304408 0.465558 0.60506 0.931116
4 0.283008 0.798358 0.532104 0.403284
1 0.556351 0.569897 0.122243 0.224774
3 0.658279 0.164261 0.683441 0.328522
4 0.591378 0.768394 0.297068 0.463213
4 0.484238 0.767581 0.448765 0.464838
3 0.432735 0.28665 0.708041 0.573299
2 0.5888 0.670473 0.200906 0.312541
0 0.400393 0.351267 0.556412 0.702535
0 0.618358 0.349012 0.763284 0.698024
2 0.859342 0.711705 0.281317 0.336641
3 0.177935 0.768334 0.353672 0.4472
0 0.237944 0.41147 0.469874 0.800221
0 0.512493 0.761817 0.417063 0.476366
3 0.138288 0.659987 0.276056 0.272015
4 0.688356 0.785012 0.285762 0.429977
3 0.404474 0.0325865 0.806936 0.065173
0 0.136301 0.459799 0.272437 0.738209
0 0.72466 0.48638 0.550681 0.972759
2 0.876153 0.449649 0.247693 0.712135
3 0.55515 0.577609 0.119313 0.205544
4 0.876153 0.449649 0.247693 0.712135
0 0.0254492 0.801457 0.0508985 0.391511
0 0.440993 0.779182 0.523066 0.441635
4 0.905683 0.276912 0.188634 0.553824
3 0.295127 0.0663469 0.590253 0.132694
0 0.0518864 0.46975 0.103773 0.826116
4 0.753888 0.0636146 0.492223 0.127229
1 0.237706 0.659005 0.471585 0.27893
3 0.816095 0.774646 0.367235 0.438918
4 0.151213 0.834019 0.301255 0.322311
4 0.304315 0.297904 0.599108 0.595809
1 0.195527 0.819851 0.387427 0.34667
4 0.0423777 0.43965 0.0847554 0.766989
4 0.2307 0.101274 0.4614 0.202548
0 0.0293774 0.809338 0.0587548 0.381324
4 0.432735 0.28665 0.708041 0.573299
0 0.111072 0.571333 0.222143 0.636239
4 0.0293774 0.809338 0.0587548 0.381324
0 0.804769 0.773363 0.385482 0.453273
4 0.700805 0.0939307 0.598389 0.187861
4 0.469416 0.0944949 0.913248 0.18899
2 0.215653 0.772975 0.427398 0.436252
4 0.497945 0.0640824 0.92055 0.128165
1 0.522563 0.76749 0.392265 0.456657
0 0.703989 0.681211 0.0963295 0.417467
4 0.682125 0.772828 0.324877 0.449449
4 0.920421 0.352614 0.159159 0.700058
4 0.505216 0.195438 0.950762 0.390876
3 0.110476 0.819769 0.220951 0.360462
3 0.400393 0.351267 0.556412 0.702535
4 0.614484 0.361987 0.763925 0.723973
0 0.821921 0.418463 0.232479 0.829673
0 0.0833924 0.277742 0.166785 0.555483
1 0.5888 0.670473 0.200906 0.312541
4 0.30247 0.0392965 0.604939 0.0785929
3 0.703989 0.681211 0.0963295 0.417467
4 0.295127 0.0663469 0.590253 0.132694
4 0.181027 0.420882 0.358239 0.807018
4 0.10001 0.837478 0.200021 0.313737
4 0.0833924 0.277742 0.166785 0.555483
0 0.602701 0.424211 0.462698 0.848422
4 0.110476 0.819769 0.220951 0.360462
4 0.207035 0.29609 0.406455 0.582857
4 0.602701 0.424211 0.462698 0.848422
1 0.84402 0.299503 0.31196 0.599006
0 0.432735 0.28665 0.708041 0.573299
0 0.030821 0.771552 0.061642 0.456897
0 0.0331337 0.279514 0.0662673 0.559027
3 0.522563 0.76749 0.392265 0.456657
4 0.0254492 0.801457 0.0508985 0.391511
4 0.522563 0.76749 0.392265 0.456657
3 0.863082 0.655933 0.273836 0.488856
4 0.0331337 0.279514 0.0662673 0.559027
2 0.3721 0.77097 0.655118 0.439695
3 0.241524 0.754883 0.471028 0.474105
2 0.839026 0.4165 0.321949 0.830789
2 0.556351 0.569897 0.122243 0.224774
1 0.638966 0.701674 0.247619 0.338083
0 0.688356 0.785012 0.285762 0.429977
4 0.863082 0.655933 0.273836 0.488856
4 0.030821 0.771552 0.061642 0.456897
3 0.10001 0.837478 0.200021 0.313737
2 0.864719 0.63959 0.270562 0.460873
0 0.250339 0.813205 0.486376 0.373591
4 0.118469 0.280329 0.236938 0.536853
0 0.356317 0.782116 0.549615 0.435768
1 0.746919 0.748042 0.471857 0.433517
4 0.230924 0.810279 0.451579 0.365668
3 0.721837 0.681601 0.430734 0.292018
2 0.732529 0.766755 0.463293 0.439485
2 0.721837 0.681601 0.430734 0.292018
1 0.583011 0.767061 0.28296 0.45802
2 0.146853 0.837661 0.292502 0.324678
1 0.848444 0.44579 0.303111 0.811232
2 0.573314 0.762079 0.299666 0.452669
1 0.863056 0.638248 0.273888 0.39693
0 0.682125 0.772828 0.324877 0.449449
3 0.638966 0.701674 0.247619 0.338083
2 0.030821 0.771552 0.061642 0.456897
2 0.314799 0.5 0.629493 1
2 0.110476 0.819769 0.220951 0.360462
1 0.222858 0.414167 0.439569 0.81066
4 0.111072 0.571333 0.222143 0.636239
1 0.10001 0.837478 0.200021 0.313737
1 0.58561 0.608968 0.199509 0.169603
0 0.746919 0.748042 0.471857 0.433517
2 0.804769 0.773363 0.385482 0.453273
3 0.505216 0.195438 0.950762 0.390876
2 0.682125 0.772828 0.324877 0.449449
1 0.207035 0.29609 0.406455 0.582857
2 0.688356 0.785012 0.285762 0.429977
1 0.770076 0.275678 0.459847 0.551356
0 0.118469 0.280329 0.236938 0.536853
2 0.223613 0.290331 0.447227 0.580662
0 0.0435115 0.346583 0.0870229 0.693167
3 0.511383 0.08238 0.919209 0.16476
2 0.638966 0.701674 0.247619 0.338083
2 0.920421 0.352614 0.159159 0.700058
4 0.5888 0.670473 0.200906 0.312541
2 0.916503 0.754302 0.166994 0.491395
2 0.193651 0.823059 0.380249 0.353882
2 0.308833 0.283483 0.617665 0.566967
2 0.512493 0.761817 0.417063 0.476366
2 0.48987 0.761235 0.458169 0.455285
4 0.821921 0.418463 0.232479 0.829673
0 0.168792 0.285549 0.334145 0.54738
2 0.120032 0.754934 0.240063 0.490131
1 0.141435 0.760005 0.28287 0.471395
2 0.591378 0.768394 0.297068 0.463213
1 0.136301 0.459799 0.272437 0.738209
1 0.512872 0.346684 0.796993 0.693367
2 0.468298 0.283396 0.85368 0.566791
2 0.712877 0.261803 0.574245 0.523606
2 0.0293774 0.809338 0.0587548 0.381324
2 0.199192 0.682284 0.395666 0.305985
1 0.917948 0.319266 0.164103 0.638532
2 0.268323 0.649883 0.532691 0.268854
2 0.228749 0.402186 0.450844 0.804321
1 0.68128 0.49141 0.561401 0.982821
2 0.0254492 0.801457 0.0508985 0.391511
2 0.10001 0.837478 0.200021 0.313737
1 0.721837 0.681601 0.430734 0.292018
3 0.199192 0.682284 0.395666 0.305985
2 0.753888 0.0636146 0.492223 0.127229
2 0.602701 0.424211 0.462698 0.848422
1 0.578754 0.0386482 0.842491 0.0772965
4 0.400393 0.351267 0.556412 0.702535
4 0.391469 0.709683 0.45947 0.395229
1 0.0254492 0.801457 0.0508985 0.391511
1 0.789723 0.449273 0.420555 0.89496
2 0.856483 0.774939 0.287034 0.450122
4 0.638966 0.701674 0.247619 0.338083
2 0.614484 0.361987 0.763925 0.723973
1 0.596296 0.271324 0.807408 0.542647
4 0.556351 0.569897 0.122243 0.224774
1 0.512493 0.761817 0.417063 0.476366
2 0.130461 0.445316 0.260923 0.77845
1 0.527683 0.0242244 0.944634 0.0484487
1 0.314222 0.292062 0.608315 0.584124
1 0.703989 0.681211 0.0963295 0.417467
2 0.0833924 0.277742 0.166785 0.555483
1 0.118469 0.280329 0.236938 0.536853
2 0.2307 0.101274 0.4614 0.202548
2 0.905683 0.276912 0.188634 0.553824
2 0.440993 0.779182 0.523066 0.441635
2 0.818789 0.268081 0.362422 0.536162
2 0.283008 0.798358 0.532104 0.403284
2 0.469416 0.0944949 0.913248 0.18899
