0 0.502407 0.588945 0.0973133 0.158757
0 0.815005 0.776295 0.36999 0.435108
1 0.502407 0.588945 0.0973133 0.158757
0 0.49928 0.57187 0.107829 0.273806
0 0.367265 0.744435 0.451975 0.51113
0 0.492037 0.505189 0.142473 0.47801
0 0.527947 0.687475 0.253183 0.338485
0 0.522015 0.0249382 0.95597 0.0498764
0 0.524483 0.700749 0.180586 0.39141
4 0.502407 0.588945 0.0973133 0.158757
0 0.794503 0.269718 0.410994 0.538909
0 0.614234 0.0398165 0.771531 0.079633
0 0.366371 0.0300762 0.732743 0.0601525
0 0.708791 0.767924 0.582418 0.456584
0 0.668273 0.268332 0.663455 0.536663
0 0.521746 0.267532 0.942038 0.535063
0 0.111444 0.760236 0.222397 0.466016
4 0.631991 0.746825 0.417972 0.459039
0 0.796978 0.5 0.406044 1
3 0.475897 0.440052 0.30868 0.777834
3 0.815949 0.532807 0.368103 0.92215
0 0.240124 0.0861585 0.480247 0.172317
0 0.445309 0.742255 0.217135 0.49267
3 0.445309 0.742255 0.217135 0.49267
3 0.529546 0.489542 0.389607 0.970721
0 0.940871 0.778536 0.118259 0.442927
0 0.660103 0.0954131 0.679794 0.190826
3 0.169519 0.5 0.334724 1
3 0.600981 0.495519 0.798037 0.991038
3 0.313832 0.71472 0.491829 0.543988
3 0.780058 0.245437 0.439885 0.490874
3 0.566729 0.5947 0.142 0.230917
0 0.362185 0.380655 0.684029 0.76131
3 0.264194 0.614329 0.517937 0.746137
0 0.487571 0.183796 0.943428 0.367592
3 0.683118 0.751091 0.544699 0.447002
3 0.486932 0.428929 0.722328 0.857857
3 0.693976 0.0584027 0.612049 0.116805
0 0.475897 0.440052 0.30868 0.777834
4 0.585295 0.0322664 0.82941 0.0645327
3 0.816411 0.765593 0.367178 0.468814
2 0.367265 0.744435 0.451975 0.51113
3 0.611341 0.716693 0.777319 0.547262
3 0.936972 0.620643 0.126056 0.725082
3 0.834697 0.258586 0.330606 0.517172
0 0.508622 0.114126 0.937646 0.228252
3 0.768852 0.762119 0.455045 0.475762
3 0.295964 0.5 0.552169 1
3 0.940828 0.5 0.118344 1
3 0.931724 0.389872 0.136553 0.779745
3 0.19708 0.338087 0.38916 0.676174
3 0.490205 0.76143 0.314346 0.47714
4 0.794503 0.269718 0.410994 0.538909
4 0.816411 0.765593 0.367178 0.468814
3 0.240124 0.0861585 0.480247 0.172317
4 0.668273 0.268332 0.663455 0.536663
2 0.49873 0.594201 0.11061 0.190821
3 0.172266 0.240508 0.340653 0.463941
0 0.746562 0.0586574 0.506876 0.117315
3 0.687171 0.764353 0.495831 0.471295
1 0.492037 0.505189 0.142473 0.47801
0 0.710372 0.5 0.579256 1
3 0.40868 0.757108 0.405461 0.485784
3 0.584339 0.771763 0.303552 0.456475
0 0.264194 0.614329 0.517937 0.746137
0 0.07148 0.759261 0.14296 0.470625
3 0.109953 0.573252 0.218908 0.835592
3 0.940135 0.781077 0.119731 0.437846
0 0.30015 0.0587132 0.6003 0.117426
3 0.118155 0.789737 0.23631 0.420525
4 0.634446 0.0590652 0.731109 0.11813
0 0.269463 0.755038 0.481526 0.478401
3 0.870896 0.771221 0.258208 0.457557
3 0.244068 0.735643 0.474352 0.518188
3 0.592594 0.289252 0.814812 0.578503
3 0.0920256 0.746977 0.18277 0.49361
4 0.689762 0.759632 0.570732 0.461576
4 0.244068 0.735643 0.474352 0.518188
0 0.631991 0.746825 0.417972 0.459039
3 0.222409 0.783487 0.275741 0.433025
3 0.492037 0.505189 0.142473 0.47801
3 0.0277833 0.249113 0.0555667 0.498225
0 0.335238 0.435855 0.456308 0.87171
4 0.498307 0.0220677 0.952962 0.0441355
3 0.283317 0.768162 0.305491 0.463675
3 0.175103 0.791965 0.278421 0.416069
3 0.0316961 0.420203 0.0633922 0.793416
3 0.172451 0.252808 0.344901 0.505617
3 0.527947 0.687475 0.253183 0.338485
3 0.369347 0.418028 0.691697 0.832939
4 0.620271 0.47006 0.759458 0.94012
3 0.231021 0.216298 0.460627 0.432596
4 0.815949 0.532807 0.368103 0.92215
3 0.30608 0.0390974 0.612159 0.0781949
3 0.670871 0.684167 0.590795 0.628104
4 0.537201 0.277922 0.91594 0.555845
3 0.511037 0.0234741 0.957149 0.0469482
3 0.942183 0.781572 0.115635 0.436857
4 0.0920256 0.746977 0.18277 0.49361
4 0.539784 0.764121 0.37447 0.448404
4 0.940135 0.781077 0.119731 0.437846
3 0.912119 0.339096 0.175762 0.678192
0 0.450784 0.334349 0.71879 0.668697
4 0.264194 0.614329 0.517937 0.746137
0 0.566729 0.5947 0.142 0.230917
3 0.0234829 0.683931 0.0469659 0.628834
3 0.0424464 0.767846 0.0848927 0.464308
3 0.0229354 0.598811 0.0458707 0.799767
0 0.229343 0.511795 0.450706 0.951504
0 0.0234829 0.683931 0.0469659 0.628834
4 0.870896 0.771221 0.258208 0.457557
4 0.34021 0.760699 0.450266 0.465155
3 0.0337926 0.780938 0.0675852 0.438123
3 0.802328 0.352466 0.395345 0.704931
3 0.272446 0.298527 0.540124 0.597055
4 0.475897 0.440052 0.30868 0.777834
4 0.611341 0.716693 0.777319 0.547262
4 0.366371 0.0300762 0.732743 0.0601525
4 0.94543 0.762957 0.10914 0.474085
0 0.232488 0.243613 0.455116 0.479351
0 0.870896 0.771221 0.258208 0.457557
3 0.0781987 0.513828 0.156397 0.972343
0 0.927354 0.665206 0.145292 0.669318
4 0.927354 0.665206 0.145292 0.669318
0 0.367493 0.266386 0.666252 0.532772
4 0.463713 0.357968 0.730855 0.715936
3 0.660103 0.0954131 0.679794 0.190826
4 0.912119 0.339096 0.175762 0.678192
4 0.508622 0.114126 0.937646 0.228252
2 0.683118 0.751091 0.544699 0.447002
4 0.660103 0.0954131 0.679794 0.190826
0 0.940135 0.781077 0.119731 0.437846
4 0.487571 0.183796 0.943428 0.367592
4 0.746562 0.0586574 0.506876 0.117315
4 0.367493 0.266386 0.666252 0.532772
0 0.589373 0.467865 0.821253 0.935729
4 0.229343 0.511795 0.450706 0.951504
3 0.401477 0.0317726 0.799549 0.0635453
3 0.0304737 0.723747 0.0609474 0.552505
1 0.817658 0.771895 0.364684 0.452396
3 0.367493 0.266386 0.666252 0.532772
0 0.931724 0.389872 0.136553 0.779745
3 0.416583 0.771699 0.466002 0.445477
4 0.301128 0.238017 0.601715 0.476034
4 0.524483 0.700749 0.180586 0.39141
0 0.162463 0.788556 0.278116 0.420003
0 0.529546 0.489542 0.389607 0.970721
4 0.768852 0.762119 0.455045 0.475762
4 0.931724 0.389872 0.136553 0.779745
3 0.539784 0.764121 0.37447 0.448404
0 0.0229354 0.598811 0.0458707 0.799767
4 0.936007 0.513651 0.127985 0.907445
3 0.120485 0.235963 0.240971 0.457725
0 0.802328 0.352466 0.395345 0.704931
4 0.240124 0.0861585 0.480247 0.172317
0 0.035176 0.786018 0.070352 0.427965
4 0.687171 0.764353 0.495831 0.471295
4 0.141318 0.785648 0.269844 0.428704
4 0.350011 0.758195 0.339107 0.48361
3 0.0593585 0.691152 0.118717 0.607337
0 0.611341 0.716693 0.777319 0.547262
4 0.584339 0.771763 0.303552 0.456475
0 0.0304737 0.723747 0.0609474 0.552505
4 0.45163 0.757656 0.386954 0.484687
4 0.0337926 0.780938 0.0675852 0.438123
3 0.614234 0.0398165 0.771531 0.079633
4 0.416583 0.771699 0.466002 0.445477
4 0.533228 0.774732 0.284106 0.450536
4 0.369347 0.418028 0.691697 0.832939
0 0.912119 0.339096 0.175762 0.678192
4 0.222409 0.783487 0.275741 0.433025
4 0.0572612 0.749798 0.114522 0.490916
0 0.226811 0.779233 0.288139 0.441535
0 0.09215 0.778898 0.1843 0.442205
4 0.759659 0.5 0.480681 1
1 0.125924 0.78498 0.249568 0.421158
4 0.283317 0.768162 0.305491 0.463675
4 0.802328 0.352466 0.395345 0.704931
4 0.262757 0.192753 0.525515 0.385505
0 0.301128 0.238017 0.601715 0.476034
0 0.0302048 0.508024 0.0604096 0.930755
4 0.245622 0.298064 0.488626 0.596129
0 0.172451 0.252808 0.344901 0.505617
0 0.0337926 0.780938 0.0675852 0.438123
0 0.936007 0.513651 0.127985 0.907445
0 0.0277833 0.249113 0.0555667 0.498225
4 0.0302048 0.508024 0.0604096 0.930755
4 0.30015 0.0587132 0.6003 0.117426
2 0.510654 0.575346 0.0878793 0.181109
4 0.0234829 0.683931 0.0469659 0.628834
4 0.172451 0.252808 0.344901 0.505617
4 0.492037 0.505189 0.142473 0.47801
4 0.225252 0.778434 0.39173 0.425633
3 0.510654 0.575346 0.0878793 0.181109
4 0.670871 0.684167 0.590795 0.628104
2 0.524483 0.700749 0.180586 0.39141
3 0.282651 0.777006 0.341905 0.445988
0 0.109953 0.573252 0.218908 0.835592
3 0.71223 0.283006 0.57554 0.566013
4 0.157665 0.340823 0.314012 0.677182
4 0.0424464 0.767846 0.0848927 0.464308
3 0.301128 0.238017 0.601715 0.476034
1 0.392468 0.760773 0.508815 0.456938
4 0.0229354 0.598811 0.0458707 0.799767
4 0.0685594 0.523427 0.137119 0.953147
4 0.529546 0.489542 0.389607 0.970721
1 0.205995 0.762374 0.40409 0.457503
0 0.448632 0.763199 0.43089 0.449457
4 0.0277717 0.279779 0.0555434 0.559558
4 0.0849494 0.42899 0.169899 0.79472
4 0.0304737 0.723747 0.0609474 0.552505
0 0.45163 0.757656 0.386954 0.484687
3 0.759659 0.5 0.480681 1
0 0.533228 0.774732 0.284106 0.450536
4 0.134744 0.498549 0.269488 0.99657
1 0.475897 0.440052 0.30868 0.777834
0 0.283317 0.768162 0.305491 0.463675
2 0.815005 0.776295 0.36999 0.435108
4 0.109953 0.573252 0.218908 0.835592
1 0.713196 0.761855 0.573607 0.455953
0 0.670871 0.684167 0.590795 0.628104
3 0.515793 0.243144 0.949153 0.486288
0 0.196368 0.737315 0.38552 0.512661
0 0.282651 0.777006 0.341905 0.445988
1 0.0695867 0.788406 0.139173 0.411431
4 0.120485 0.235963 0.240971 0.457725
0 0.584339 0.771763 0.303552 0.456475
0 0.687171 0.764353 0.495831 0.471295
4 0.566729 0.5947 0.142 0.230917
4 0.204176 0.244757 0.402609 0.480632
2 0.262757 0.192753 0.525515 0.385505
3 0.0695867 0.788406 0.139173 0.411431
0 0.0593585 0.691152 0.118717 0.607337
1 0.524483 0.700749 0.180586 0.39141
0 0.120485 0.235963 0.240971 0.457725
1 0.942183 0.781572 0.115635 0.436857
2 0.118155 0.789737 0.23631 0.420525
3 0.522241 0.160141 0.922224 0.320281
2 0.0795945 0.78283 0.159163 0.425586
1 0.226811 0.779233 0.288139 0.441535
1 0.625332 0.772064 0.459626 0.443821
1 0.794503 0.269718 0.410994 0.538909
2 0.687171 0.764353 0.495831 0.471295
1 0.509788 0.76882 0.308587 0.450677
2 0.448632 0.763199 0.43089 0.449457
0 0.350011 0.758195 0.339107 0.48361
0 0.262757 0.192753 0.525515 0.385505
1 0.282651 0.777006 0.341905 0.445988
2 0.445309 0.742255 0.217135 0.49267
2 0.938074 0.494831 0.123851 0.964024
2 0.0572612 0.749798 0.114522 0.490916
0 0.134744 0.498549 0.269488 0.99657
2 0.196368 0.737315 0.38552 0.512661
0 0.272446 0.298527 0.540124 0.597055
0 0.768852 0.762119 0.455045 0.475762
2 0.49928 0.57187 0.107829 0.273806
2 0.527947 0.687475 0.253183 0.338485
2 0.45163 0.757656 0.386954 0.484687
2 0.584339 0.771763 0.303552 0.456475
4 0.527947 0.687475 0.253183 0.338485
2 0.940135 0.781077 0.119731 0.437846
2 0.942183 0.781572 0.115635 0.436857
0 0.539784 0.764121 0.37447 0.448404
2 0.28501 0.775016 0.38331 0.430741
2 0.204176 0.244757 0.402609 0.480632
2 0.273483 0.498505 0.546967 0.997009
2 0.768852 0.762119 0.455045 0.475762
2 0.494368 0.270896 0.856213 0.541791
0 0.157665 0.340823 0.314012 0.677182
2 0.175103 0.791965 0.278421 0.416069
1 0.585295 0.0322664 0.82941 0.0645327
2 0.729041 0.261775 0.541919 0.52355
1 0.527947 0.687475 0.253183 0.338485
1 0.912119 0.339096 0.175762 0.678192
2 0.611341 0.716693 0.777319 0.547262
2 0.912119 0.339096 0.175762 0.678192
2 0.644348 0.499195 0.710272 0.998391
4 0.445309 0.742255 0.217135 0.49267
2 0.533228 0.774732 0.284106 0.450536
2 0.0849494 0.42899 0.169899 0.79472
4 0.49928 0.57187 0.107829 0.273806
2 0.746562 0.0586574 0.506876 0.117315
1 0.555319 0.495356 0.814995 0.990711
2 0.222409 0.783487 0.275741 0.433025
2 0.870896 0.771221 0.258208 0.457557
2 0.157665 0.340823 0.314012 0.677182
1 0.19708 0.338087 0.38916 0.676174
2 0.283317 0.768162 0.305491 0.463675
1 0.940828 0.5 0.118344 1
2 0.0337926 0.780938 0.0675852 0.438123
2 0.803232 0.272648 0.393536 0.545295
2 0.144575 0.5 0.288921 1
0 0.0849494 0.42899 0.169899 0.79472
1 0.621834 0.27344 0.756332 0.54688
4 0.335238 0.435855 0.456308 0.87171
2 0.350011 0.758195 0.339107 0.48361
2 0.120485 0.235963 0.240971 0.457725
2 0.172451 0.252808 0.344901 0.505617
1 0.931724 0.389872 0.136553 0.779745
1 0.927354 0.665206 0.145292 0.669318
0 0.502404 0.588955 0.0973181 0.158737
0 0.815093 0.776484 0.369815 0.43474
1 0.502404 0.588955 0.0973181 0.158737
0 0.499294 0.571542 0.107803 0.273022
0 0.367371 0.744459 0.451467 0.511081
0 0.492041 0.504932 0.142319 0.477635
0 0.5277 0.687067 0.252731 0.337582
0 0.521929 0.0248157 0.956143 0.0496314
4 0.502404 0.588955 0.0973181 0.158737
0 0.524375 0.700854 0.180492 0.391619
0 0.794454 0.269605 0.411091 0.538514
0 0.614 0.0393927 0.772 0.0787853
0 0.366298 0.0301088 0.732595 0.0602177
0 0.709261 0.76806 0.581478 0.456334
0 0.668167 0.268182 0.663667 0.536365
0 0.521842 0.266202 0.94128 0.532404
4 0.631171 0.746923 0.41634 0.459207
3 0.474993 0.439899 0.308518 0.777268
0 0.111558 0.760464 0.222602 0.465517
3 0.8162 0.534052 0.367601 0.919591
0 0.796947 0.5 0.406105 1
0 0.239995 0.0856948 0.479991 0.17139
3 0.445382 0.742264 0.217015 0.492633
0 0.445382 0.742264 0.217015 0.492633
3 0.529083 0.489432 0.388544 0.970038
0 0.941048 0.778722 0.117904 0.442556
3 0.169452 0.5 0.334594 1
3 0.600911 0.495522 0.798179 0.991045
0 0.659691 0.0933705 0.680618 0.186741
3 0.31399 0.714524 0.491446 0.544378
3 0.779909 0.245156 0.440182 0.490311
3 0.566539 0.594895 0.141982 0.23122
3 0.264054 0.614069 0.517553 0.746714
0 0.362292 0.379309 0.683849 0.758618
3 0.682687 0.750847 0.543708 0.446492
3 0.487516 0.428761 0.719364 0.857523
3 0.69357 0.0583998 0.61286 0.1168
0 0.487549 0.17968 0.94301 0.35936
4 0.585114 0.0319715 0.829772 0.0639431
3 0.816479 0.765796 0.367043 0.468408
2 0.367371 0.744459 0.451467 0.511081
3 0.611505 0.716947 0.776989 0.546611
3 0.937111 0.621198 0.125777 0.723612
0 0.474993 0.439899 0.308518 0.777268
3 0.83454 0.258286 0.33092 0.516572
3 0.76865 0.762482 0.455479 0.475035
3 0.296065 0.5 0.551978 1
3 0.940708 0.5 0.118584 1
3 0.93167 0.388337 0.13666 0.776674
3 0.19696 0.339124 0.388919 0.678249
3 0.490497 0.761861 0.314195 0.476277
4 0.751191 0.276689 0.497618 0.553378
4 0.816479 0.765796 0.367043 0.468408
3 0.239995 0.0856948 0.479991 0.17139
0 0.508735 0.110778 0.936549 0.221556
2 0.498745 0.594053 0.110585 0.190552
3 0.172173 0.240276 0.340456 0.463482
3 0.68723 0.764618 0.496622 0.470765
4 0.59325 0.289235 0.813499 0.578469
3 0.409111 0.7572 0.405541 0.4856
3 0.584076 0.77218 0.303293 0.455639
1 0.492041 0.504932 0.142319 0.477635
3 0.109953 0.574251 0.218915 0.833587
0 0.746475 0.0588301 0.507051 0.11766
3 0.940242 0.78126 0.119517 0.43748
0 0.264054 0.614069 0.517553 0.746714
0 0.710049 0.5 0.579901 1
0 0.0715469 0.759448 0.143094 0.470203
3 0.118153 0.78986 0.236306 0.420279
4 0.634152 0.0582248 0.731695 0.11645
3 0.870493 0.771406 0.259015 0.457188
3 0.243901 0.735848 0.473988 0.517803
3 0.59325 0.289235 0.813499 0.578469
0 0.300054 0.0585626 0.600108 0.117125
3 0.092011 0.747245 0.182716 0.493118
0 0.269387 0.755019 0.481344 0.478506
4 0.689698 0.75967 0.570321 0.461497
4 0.243901 0.735848 0.473988 0.517803
3 0.0278042 0.249202 0.0556083 0.498403
3 0.222265 0.783676 0.275939 0.432649
3 0.492041 0.504932 0.142319 0.477635
4 0.498239 0.0220278 0.95287 0.0440555
3 0.283316 0.768197 0.305095 0.463607
3 0.174825 0.792242 0.278507 0.415516
3 0.0316963 0.420092 0.0633925 0.792903
0 0.631171 0.746923 0.41634 0.459207
3 0.172389 0.252928 0.344779 0.505857
0 0.335197 0.435716 0.456461 0.871433
3 0.5277 0.687067 0.252731 0.337582
3 0.369342 0.418191 0.691141 0.832833
3 0.231003 0.215891 0.460586 0.431782
4 0.620314 0.470558 0.759372 0.941116
3 0.306019 0.0390587 0.612038 0.0781174
4 0.8162 0.534052 0.367601 0.919591
3 0.669626 0.68577 0.588001 0.624756
3 0.510978 0.0234138 0.957097 0.0468276
3 0.942273 0.781696 0.115453 0.436608
4 0.092011 0.747245 0.182716 0.493118
4 0.539744 0.764153 0.373408 0.448397
4 0.940242 0.78126 0.119517 0.43748
3 0.912121 0.338457 0.175758 0.676914
4 0.264054 0.614069 0.517553 0.746714
3 0.0236214 0.683643 0.0472428 0.629419
3 0.0426422 0.767858 0.0852844 0.464285
3 0.02302 0.598945 0.04604 0.799336
0 0.451817 0.332873 0.715721 0.665746
0 0.566539 0.594895 0.141982 0.23122
4 0.340227 0.760638 0.450236 0.465346
4 0.870493 0.771406 0.259015 0.457188
3 0.0338894 0.780967 0.0677788 0.438066
3 0.802157 0.353037 0.395687 0.706073
3 0.272418 0.299552 0.540108 0.599103
4 0.474993 0.439899 0.308518 0.777268
0 0.0236214 0.683643 0.0472428 0.629419
0 0.229202 0.511881 0.450434 0.951441
4 0.94566 0.763216 0.108681 0.473568
4 0.366298 0.0301088 0.732595 0.0602177
4 0.611505 0.716947 0.776989 0.546611
3 0.0779378 0.513981 0.155876 0.972038
4 0.927323 0.665716 0.145355 0.66826
0 0.232513 0.243333 0.455171 0.478714
4 0.464054 0.357957 0.728224 0.715913
3 0.659691 0.0933705 0.680618 0.186741
0 0.870493 0.771406 0.259015 0.457188
4 0.912121 0.338457 0.175758 0.676914
0 0.927323 0.665716 0.145355 0.66826
4 0.508735 0.110778 0.936549 0.221556
2 0.682687 0.750847 0.543708 0.446492
4 0.659691 0.0933705 0.680618 0.186741
0 0.367754 0.266243 0.66606 0.532487
4 0.487549 0.17968 0.94301 0.35936
3 0.401275 0.0318143 0.799367 0.0636285
4 0.367754 0.266243 0.66606 0.532487
3 0.0306605 0.72359 0.0613211 0.55282
4 0.746475 0.0588301 0.507051 0.11766
4 0.229202 0.511881 0.450434 0.951441
1 0.817718 0.772173 0.364564 0.451899
4 0.301328 0.237603 0.602117 0.475206
3 0.367754 0.266243 0.66606 0.532487
0 0.940242 0.78126 0.119517 0.43748
3 0.41673 0.771697 0.46577 0.445517
4 0.524375 0.700854 0.180492 0.391619
0 0.590813 0.466982 0.818373 0.933963
0 0.93167 0.388337 0.13666 0.776674
4 0.760114 0.49473 0.479772 0.98946
3 0.760114 0.49473 0.479772 0.98946
4 0.76865 0.762482 0.455479 0.475035
0 0.16208 0.788606 0.278612 0.42
4 0.93167 0.388337 0.13666 0.776674
4 0.935881 0.513709 0.128239 0.906679
3 0.539744 0.764153 0.373408 0.448397
3 0.120415 0.235877 0.240829 0.457549
0 0.529083 0.489432 0.388544 0.970038
4 0.239995 0.0856948 0.479991 0.17139
0 0.02302 0.598945 0.04604 0.799336
4 0.68723 0.764618 0.496622 0.470765
4 0.350207 0.758215 0.339188 0.48357
4 0.14126 0.7859 0.269698 0.428199
3 0.059335 0.691076 0.11867 0.607441
4 0.584076 0.77218 0.303293 0.455639
0 0.802157 0.353037 0.395687 0.706073
0 0.0353184 0.786061 0.0706368 0.427878
4 0.451933 0.757923 0.386834 0.484155
4 0.0338894 0.780967 0.0677788 0.438066
3 0.614 0.0393927 0.772 0.0787853
4 0.41673 0.771697 0.46577 0.445517
0 0.611505 0.716947 0.776989 0.546611
4 0.533281 0.775446 0.284286 0.449108
0 0.0306605 0.72359 0.0613211 0.55282
4 0.369342 0.418191 0.691141 0.832833
4 0.83454 0.258286 0.33092 0.516572
4 0.222265 0.783676 0.275939 0.432649
4 0.0572542 0.749995 0.114508 0.490553
4 0.283316 0.768197 0.305095 0.463607
1 0.125927 0.785033 0.249539 0.421016
4 0.802157 0.353037 0.395687 0.706073
4 0.262666 0.192536 0.525333 0.385071
0 0.912121 0.338457 0.175758 0.676914
4 0.429199 0.231942 0.855357 0.463883
0 0.0920679 0.778973 0.184136 0.442054
0 0.226443 0.779156 0.288636 0.441688
4 0.245629 0.298966 0.488673 0.597932
0 0.301328 0.237603 0.602117 0.475206
0 0.0302182 0.507888 0.0604364 0.930151
4 0.0302182 0.507888 0.0604364 0.930151
4 0.300054 0.0585626 0.600108 0.117125
2 0.510631 0.575345 0.0879331 0.181067
4 0.0236214 0.683643 0.0472428 0.629419
4 0.172389 0.252928 0.344779 0.505857
4 0.492041 0.504932 0.142319 0.477635
0 0.0338894 0.780967 0.0677788 0.438066
0 0.172389 0.252928 0.344779 0.505857
0 0.0278042 0.249202 0.0556083 0.498403
0 0.935881 0.513709 0.128239 0.906679
4 0.224431 0.778425 0.392215 0.425637
3 0.510631 0.575345 0.0879331 0.181067
4 0.669626 0.68577 0.588001 0.624756
2 0.524375 0.700854 0.180492 0.391619
3 0.282514 0.776932 0.341353 0.446136
3 0.712001 0.283069 0.575998 0.566139
4 0.157472 0.342622 0.313658 0.680739
4 0.0426422 0.767858 0.0852844 0.464285
1 0.392612 0.760781 0.508434 0.456915
4 0.02302 0.598945 0.04604 0.799336
3 0.301328 0.237603 0.602117 0.475206
4 0.0685169 0.523505 0.137034 0.95299
4 0.529083 0.489432 0.388544 0.970038
0 0.109953 0.574251 0.218915 0.833587
4 0.282514 0.776932 0.341353 0.446136
1 0.205692 0.762366 0.40347 0.457505
4 0.027801 0.280188 0.0556019 0.560376
4 0.08441 0.430515 0.16882 0.797333
4 0.0306605 0.72359 0.0613211 0.55282
0 0.449311 0.763213 0.429679 0.449466
4 0.134701 0.498622 0.269401 0.996408
1 0.474993 0.439899 0.308518 0.777268
2 0.815093 0.776484 0.369815 0.43474
0 0.451933 0.757923 0.386834 0.484155
0 0.533281 0.775446 0.284286 0.449108
4 0.109953 0.574251 0.218915 0.833587
1 0.713139 0.761953 0.573721 0.45569
0 0.283316 0.768197 0.305095 0.463607
3 0.51559 0.239906 0.948076 0.479813
0 0.669626 0.68577 0.588001 0.624756
4 0.120415 0.235877 0.240829 0.457549
1 0.0696215 0.788467 0.139243 0.411285
0 0.196076 0.737487 0.384919 0.512398
0 0.282514 0.776932 0.341353 0.446136
4 0.566539 0.594895 0.141982 0.23122
4 0.204151 0.244527 0.402571 0.480124
0 0.584076 0.77218 0.303293 0.455639
2 0.262666 0.192536 0.525333 0.385071
3 0.0696215 0.788467 0.139243 0.411285
0 0.68723 0.764618 0.496622 0.470765
1 0.524375 0.700854 0.180492 0.391619
0 0.059335 0.691076 0.11867 0.607441
3 0.522344 0.155185 0.920527 0.310369
1 0.942273 0.781696 0.115453 0.436608
2 0.118153 0.78986 0.236306 0.420279
2 0.0796843 0.782865 0.159326 0.425478
0 0.120415 0.235877 0.240829 0.457549
1 0.226443 0.779156 0.288636 0.441688
1 0.624869 0.772149 0.458322 0.443627
1 0.794454 0.269605 0.411091 0.538514
2 0.68723 0.764618 0.496622 0.470765
1 0.510056 0.768874 0.308139 0.450557
2 0.449311 0.763213 0.429679 0.449466
2 0.445382 0.742264 0.217015 0.492633
1 0.282514 0.776932 0.341353 0.446136
0 0.350207 0.758215 0.339188 0.48357
0 0.262666 0.192536 0.525333 0.385071
2 0.937914 0.494589 0.124172 0.963875
2 0.0572542 0.749995 0.114508 0.490553
2 0.196076 0.737487 0.384919 0.512398
0 0.134701 0.498622 0.269401 0.996408
2 0.499294 0.571542 0.107803 0.273022
2 0.5277 0.687067 0.252731 0.337582
0 0.76865 0.762482 0.455479 0.475035
0 0.272418 0.299552 0.540108 0.599103
2 0.451933 0.757923 0.386834 0.484155
2 0.584076 0.77218 0.303293 0.455639
4 0.5277 0.687067 0.252731 0.337582
2 0.940242 0.78126 0.119517 0.43748
2 0.942273 0.781696 0.115453 0.436608
2 0.204151 0.244527 0.402571 0.480124
2 0.284588 0.77499 0.383584 0.430788
2 0.93167 0.388337 0.13666 0.776674
2 0.273332 0.498515 0.546664 0.99703
2 0.76865 0.762482 0.455479 0.475035
0 0.539744 0.764153 0.373408 0.448397
2 0.493924 0.270826 0.853143 0.541652
3 0.224431 0.778425 0.392215 0.425637
2 0.174825 0.792242 0.278507 0.415516
1 0.5277 0.687067 0.252731 0.337582
2 0.728892 0.261545 0.542216 0.523091
1 0.912121 0.338457 0.175758 0.676914
1 0.585114 0.0319715 0.829772 0.0639431
2 0.611505 0.716947 0.776989 0.546611
2 0.912121 0.338457 0.175758 0.676914
0 0.157472 0.342622 0.313658 0.680739
2 0.644588 0.499138 0.708942 0.998276
4 0.445382 0.742264 0.217015 0.492633
2 0.08441 0.430515 0.16882 0.797333
2 0.533281 0.775446 0.284286 0.449108
4 0.499294 0.571542 0.107803 0.273022
2 0.746475 0.0588301 0.507051 0.11766
1 0.555943 0.49494 0.811602 0.989881
2 0.222265 0.783676 0.275939 0.432649
2 0.870493 0.771406 0.259015 0.457188
2 0.157472 0.342622 0.313658 0.680739
1 0.19696 0.339124 0.388919 0.678249
2 0.283316 0.768197 0.305095 0.463607
1 0.940708 0.5 0.118584 1
2 0.0338894 0.780967 0.0677788 0.438066
2 0.144394 0.5 0.288644 1
2 0.80317 0.272667 0.39366 0.545334
4 0.335197 0.435716 0.456461 0.871433
2 0.120415 0.235877 0.240829 0.457549
1 0.621963 0.273333 0.756073 0.546667
2 0.350207 0.758215 0.339188 0.48357
