0 0.719401 0.532757 0.116292 0.0627376
0 0.726489 0.528471 0.117633 0.087749
0 0.836234 0.655381 0.327531 0.276167
0 0.832041 0.760287 0.335917 0.479425
0 0.732958 0.46268 0.10947 0.21953
0 0.0215119 0.526375 0.0430238 0.126934
0 0.725411 0.578791 0.122844 0.156158
0 0.491344 0.50509 0.065325 0.0496754
0 0.238336 0.861616 0.459389 0.226414
0 0.162494 0.859424 0.32383 0.220882
0 0.472931 0.505478 0.0612083 0.0645334
0 0.0293813 0.531422 0.0587625 0.130023
0 0.767542 0.608376 0.203875 0.211959
0 0.45347 0.0205543 0.873881 0.0411086
0 0.518955 0.755842 0.958989 0.475796
0 0.518293 0.883234 0.949086 0.224427
0 0.368473 0.757836 0.729033 0.465881
0 0.686667 0.751678 0.626667 0.496644
0 0.188911 0.738479 0.377421 0.469361
0 0.700458 0.539962 0.171769 0.196068
3 0.812988 0.431015 0.360107 0.833388
0 0.812331 0.872896 0.375339 0.246609
0 0.673348 0.637808 0.246737 0.285111
0 0.525746 0.559768 0.152922 0.170366
0 0.733538 0.437646 0.116045 0.354493
3 0.730415 0.878437 0.539169 0.243126
3 0.696139 0.426701 0.584378 0.853403
0 0.528869 0.709722 0.511862 0.456192
3 0.579865 0.884104 0.838177 0.231792
3 0.836246 0.784723 0.327509 0.430554
1 0.767542 0.608376 0.203875 0.211959
0 0.353002 0.868182 0.696908 0.243548
0 0.0181431 0.49056 0.0362862 0.220954
4 0.600291 0.748398 0.799418 0.489399
0 0.342186 0.247044 0.650023 0.494088
3 0.794711 0.856606 0.410579 0.286787
3 0.496828 0.395476 0.752491 0.790952
0 0.324724 0.0276297 0.645716 0.0552594
3 0.931838 0.80137 0.136324 0.39726
0 0.838214 0.594402 0.323573 0.433377
0 0.603006 0.708472 0.251718 0.547787
3 0.29093 0.604593 0.537909 0.751829
3 0.535923 0.447029 0.500061 0.866151
3 0.364516 0.878999 0.685148 0.242001
0 0.366897 0.687912 0.384721 0.429841
3 0.696802 0.584998 0.172441 0.493819
0 0.219368 0.0755096 0.438736 0.151019
1 0.732041 0.530606 0.103865 0.0791121
3 0.114016 0.40241 0.228032 0.804821
3 0.90114 0.761612 0.197721 0.476776
3 0.921808 0.434666 0.156384 0.792376
3 0.642963 0.0529746 0.714073 0.105949
3 0.405959 0.36764 0.523142 0.73528
0 0.837399 0.445319 0.325201 0.741779
3 0.184198 0.428635 0.367612 0.857269
3 0.165894 0.877488 0.331788 0.245023
3 0.16116 0.220519 0.319166 0.441037
3 0.646514 0.326165 0.700216 0.65233
4 0.775911 0.760181 0.448179 0.477711
3 0.784638 0.318637 0.430725 0.637274
3 0.417121 0.306018 0.776821 0.612036
3 0.350174 0.440528 0.623117 0.881057
3 0.603549 0.0355421 0.792902 0.0710842
3 0.467585 0.290493 0.132625 0.580986
3 0.08793 0.544343 0.17586 0.43297
0 0.29093 0.604593 0.537909 0.751829
3 0.527049 0.493384 0.351776 0.954841
3 0.926605 0.588323 0.14679 0.556618
3 0.828444 0.814814 0.343112 0.366153
0 0.487774 0.613224 0.127057 0.272543
4 0.726489 0.528471 0.117633 0.087749
2 0.732958 0.46268 0.10947 0.21953
3 0.733538 0.437646 0.116045 0.354493
0 0.730006 0.886292 0.539833 0.224319
3 0.919361 0.323653 0.161278 0.621869
3 0.522215 0.02063 0.917385 0.04126
4 0.599132 0.886911 0.801642 0.224497
3 0.219368 0.0755096 0.438736 0.151019
3 0.835578 0.622763 0.328844 0.699842
3 0.399286 0.872227 0.773792 0.23849
3 0.685567 0.109641 0.628866 0.219282
0 0.390094 0.171964 0.631854 0.343928
0 0.12615 0.877168 0.252301 0.245664
3 0.449794 0.474099 0.495789 0.948198
3 0.92054 0.788531 0.15892 0.422938
3 0.292848 0.0346007 0.585695 0.0692013
0 0.0227917 0.702686 0.0455834 0.508588
0 0.56091 0.0261221 0.842429 0.0522443
3 0.202314 0.2009 0.404627 0.401801
0 0.685567 0.109641 0.628866 0.219282
0 0.112938 0.690173 0.225875 0.413731
3 0.832597 0.64929 0.334805 0.285646
3 0.0208606 0.751497 0.0417212 0.497005
3 0.755168 0.213639 0.489663 0.427279
4 0.730006 0.886292 0.539833 0.224319
0 0.453702 0.437136 0.430335 0.874271
3 0.232704 0.719986 0.461932 0.495955
3 0.801372 0.752972 0.397255 0.494057
4 0.725411 0.578791 0.122844 0.156158
4 0.405959 0.36764 0.523142 0.73528
0 0.0913814 0.857369 0.182763 0.237091
0 0.0226253 0.829213 0.0452506 0.341574
4 0.836368 0.654094 0.327263 0.267658
0 0.936293 0.295962 0.127415 0.550957
3 0.603006 0.708472 0.251718 0.547787
4 0.90114 0.761612 0.197721 0.476776
3 0.233387 0.483459 0.466773 0.966918
0 0.0849357 0.587088 0.169871 0.260818
4 0.423318 0.754982 0.825695 0.468872
4 0.931838 0.80137 0.136324 0.39726
3 0.370035 0.283291 0.589149 0.566583
0 0.450599 0.125021 0.688978 0.250043
0 0.407092 0.278561 0.518196 0.557122
3 0.193105 0.277412 0.377971 0.554823
3 0.700458 0.539962 0.171769 0.196068
0 0.725557 0.185703 0.548886 0.371406
3 0.112938 0.690173 0.225875 0.413731
4 0.383727 0.876251 0.7243 0.247499
0 0.0326055 0.496685 0.0652109 0.204823
3 0.0360937 0.260742 0.0721873 0.521484
3 0.600291 0.748398 0.799418 0.489399
3 0.508925 0.183362 0.852531 0.366725
3 0.381923 0.0257871 0.755404 0.0515742
3 0.933712 0.28056 0.132577 0.56112
0 0.821442 0.117528 0.357115 0.235056
0 0.835578 0.622763 0.328844 0.699842
1 0.836234 0.655381 0.327531 0.276167
4 0.836246 0.784723 0.327509 0.430554
0 0.268773 0.0462211 0.537546 0.0924422
3 0.0284001 0.30196 0.0568002 0.60392
3 0.452709 0.101119 0.842692 0.202237
3 0.0283867 0.853606 0.0567735 0.292789
3 0.0849357 0.587088 0.169871 0.260818
0 0.642963 0.0529746 0.714073 0.105949
4 0.491344 0.50509 0.065325 0.0496754
4 0.544975 0.0223309 0.899962 0.0446617
3 0.821442 0.117528 0.357115 0.235056
3 0.152579 0.234543 0.305158 0.469085
3 0.0226253 0.829213 0.0452506 0.341574
4 0.290008 0.739017 0.578385 0.487269
0 0.0703669 0.742922 0.140734 0.461916
3 0.779383 0.884223 0.441235 0.227294
4 0.794711 0.856606 0.410579 0.286787
1 0.732958 0.46268 0.10947 0.21953
4 0.350174 0.440528 0.623117 0.881057
2 0.829035 0.564699 0.287917 0.457009
4 0.342186 0.247044 0.650023 0.494088
3 0.487774 0.613224 0.127057 0.272543
4 0.129798 0.8581 0.259595 0.22746
4 0.0215119 0.526375 0.0430238 0.126934
3 0.61564 0.737822 0.510917 0.514286
3 0.316456 0.733409 0.632911 0.500455
1 0.203698 0.861206 0.404383 0.22674
4 0.472931 0.505478 0.0612083 0.0645334
4 0.92054 0.788531 0.15892 0.422938
2 0.61564 0.737822 0.510917 0.514286
4 0.528869 0.709722 0.511862 0.456192
3 0.528869 0.709722 0.511862 0.456192
4 0.212013 0.875817 0.422855 0.248365
3 0.487161 0.344673 0.0955576 0.398555
3 0.491344 0.50509 0.065325 0.0496754
4 0.603549 0.0355421 0.792902 0.0710842
0 0.0283867 0.853606 0.0567735 0.292789
0 0.487161 0.344673 0.0955576 0.398555
4 0.188911 0.738479 0.377421 0.469361
3 0.20184 0.859717 0.399251 0.220805
0 0.350174 0.440528 0.623117 0.881057
4 0.390094 0.171964 0.631854 0.343928
3 0.472931 0.505478 0.0612083 0.0645334
3 0.41898 0.756939 0.81242 0.477711
4 0.732958 0.46268 0.10947 0.21953
4 0.400324 0.0232512 0.79375 0.0465023
4 0.0703669 0.742922 0.140734 0.461916
0 0.0207765 0.337139 0.0415531 0.625857
4 0.544684 0.430245 0.59953 0.860491
4 0.0181431 0.49056 0.0362862 0.220954
2 0.316456 0.733409 0.632911 0.500455
4 0.812331 0.872896 0.375339 0.246609
4 0.837019 0.422212 0.325963 0.772557
4 0.508925 0.183362 0.852531 0.366725
3 0.0207765 0.337139 0.0415531 0.625857
4 0.0283867 0.853606 0.0567735 0.292789
4 0.828444 0.814814 0.343112 0.366153
4 0.673348 0.637808 0.246737 0.285111
3 0.866276 0.728109 0.267447 0.400952
1 0.828444 0.814814 0.343112 0.366153
4 0.642963 0.0529746 0.714073 0.105949
4 0.578538 0.300284 0.791545 0.600568
4 0.685567 0.109641 0.628866 0.219282
3 0.871099 0.667988 0.257803 0.29142
0 0.919361 0.323653 0.161278 0.621869
4 0.24874 0.205425 0.497479 0.410849
4 0.12615 0.877168 0.252301 0.245664
4 0.219368 0.0755096 0.438736 0.151019
2 0.673348 0.637808 0.246737 0.285111
4 0.366897 0.687912 0.384721 0.429841
3 0.0555343 0.358711 0.111069 0.66108
3 0.0913814 0.857369 0.182763 0.237091
4 0.292848 0.0346007 0.585695 0.0692013
4 0.866276 0.728109 0.267447 0.400952
4 0.452709 0.101119 0.842692 0.202237
4 0.0207765 0.337139 0.0415531 0.625857
4 0.487774 0.613224 0.127057 0.272543
4 0.442723 0.278224 0.492878 0.556449
0 0.578538 0.300284 0.791545 0.600568
4 0.0913814 0.857369 0.182763 0.237091
3 0.096568 0.224307 0.193136 0.448614
0 0.92054 0.788531 0.15892 0.422938
3 0.525746 0.559768 0.152922 0.170366
2 0.836291 0.407763 0.327418 0.779889
0 0.508925 0.183362 0.852531 0.366725
2 0.732041 0.530606 0.103865 0.0791121
4 0.0226253 0.829213 0.0452506 0.341574
4 0.338217 0.865954 0.640382 0.245667
0 0.910376 0.413649 0.179247 0.804067
3 0.148849 0.650408 0.297699 0.438178
2 0.0215119 0.526375 0.0430238 0.126934
3 0.25093 0.222979 0.476626 0.445959
3 0.0326055 0.496685 0.0652109 0.204823
3 0.337273 0.205367 0.662042 0.410734
4 0.467585 0.290493 0.132625 0.580986
0 0.544684 0.430245 0.59953 0.860491
0 0.0511092 0.718553 0.102218 0.499717
3 0.767542 0.608376 0.203875 0.211959
3 0.0181431 0.49056 0.0362862 0.220954
4 0.520259 0.883423 0.897328 0.233154
1 0.733538 0.437646 0.116045 0.354493
3 0.0807874 0.292101 0.161575 0.579309
4 0.0208606 0.751497 0.0417212 0.497005
4 0.926605 0.588323 0.14679 0.556618
4 0.721793 0.419726 0.134375 0.398731
3 0.129798 0.8581 0.259595 0.22746
0 0.926605 0.588323 0.14679 0.556618
4 0.238336 0.861616 0.459389 0.226414
2 0.528869 0.709722 0.511862 0.456192
4 0.706588 0.36039 0.586824 0.720781
0 0.479475 0.884378 0.835165 0.231245
4 0.0284001 0.30196 0.0568002 0.60392
0 0.90114 0.761612 0.197721 0.476776
4 0.29093 0.604593 0.537909 0.751829
1 0.0309036 0.543118 0.0618071 0.115086
4 0.61564 0.737822 0.510917 0.514286
3 0.366897 0.687912 0.384721 0.429841
0 0.931838 0.80137 0.136324 0.39726
4 0.835578 0.622763 0.328844 0.699842
3 0.477276 0.402488 0.299428 0.804976
4 0.152579 0.234543 0.305158 0.469085
2 0.366897 0.687912 0.384721 0.429841
0 0.152579 0.234543 0.305158 0.469085
1 0.725411 0.578791 0.122844 0.156158
3 0.209399 0.648065 0.418797 0.556336
4 0.436748 0.368581 0.806406 0.737162
0 0.745527 0.357973 0.508945 0.715947
4 0.922451 0.412012 0.155098 0.802959
3 0.732958 0.46268 0.10947 0.21953
4 0.487161 0.344673 0.0955576 0.398555
0 0.24874 0.205425 0.497479 0.410849
4 0.933712 0.28056 0.132577 0.56112
4 0.0555343 0.358711 0.111069 0.66108
4 0.0360937 0.260742 0.0721873 0.521484
4 0.525746 0.559768 0.152922 0.170366
3 0.0511092 0.718553 0.102218 0.499717
4 0.198905 0.222142 0.385768 0.444283
4 0.821442 0.117528 0.357115 0.235056
4 0.755168 0.213639 0.489663 0.427279
0 0.794711 0.856606 0.410579 0.286787
4 0.0807874 0.292101 0.161575 0.579309
3 0.0293813 0.531422 0.0587625 0.130023
0 0.148849 0.650408 0.297699 0.438178
3 0.673348 0.637808 0.246737 0.285111
4 0.449794 0.474099 0.495789 0.948198
2 0.0293813 0.531422 0.0587625 0.130023
0 0.0360937 0.260742 0.0721873 0.521484
4 0.700458 0.539962 0.171769 0.196068
4 0.137137 0.270733 0.274274 0.541466
0 0.417121 0.306018 0.776821 0.612036
4 0.096568 0.224307 0.193136 0.448614
1 0.222613 0.749081 0.443283 0.463764
2 0.525746 0.559768 0.152922 0.170366
0 0.641391 0.879467 0.717218 0.241066
2 0.836234 0.655381 0.327531 0.276167
2 0.196394 0.712628 0.392789 0.492286
0 0.666343 0.413875 0.481139 0.825955
4 0.114016 0.40241 0.228032 0.804821
3 0.732041 0.530606 0.103865 0.0791121
1 0.0326055 0.496685 0.0652109 0.204823
0 0.0284001 0.30196 0.0568002 0.60392
3 0.838214 0.594402 0.323573 0.433377
4 0.767542 0.608376 0.203875 0.211959
2 0.491344 0.50509 0.065325 0.0496754
0 0.467585 0.290493 0.132625 0.580986
4 0.784638 0.318637 0.430725 0.637274
4 0.0309036 0.543118 0.0618071 0.115086
4 0.603006 0.708472 0.251718 0.547787
0 0.137137 0.270733 0.274274 0.541466
4 0.0326055 0.496685 0.0652109 0.204823
1 0.92054 0.788531 0.15892 0.422938
1 0.533524 0.884092 0.926366 0.22423
2 0.554352 0.753067 0.883901 0.493865
0 0.527049 0.493384 0.351776 0.954841
0 0.719403 0.532759 0.116302 0.0627331
0 0.726492 0.528536 0.117599 0.0876519
0 0.836244 0.655412 0.327513 0.276152
0 0.832089 0.760282 0.335821 0.479437
0 0.732939 0.462761 0.1095 0.219432
0 0.0215141 0.526418 0.0430283 0.126828
0 0.725442 0.579309 0.122781 0.157181
0 0.491452 0.505084 0.06535 0.0496365
0 0.238026 0.861711 0.458881 0.226594
0 0.162349 0.859567 0.323542 0.221114
0 0.472944 0.505428 0.0612144 0.0644608
0 0.0293922 0.531491 0.0587843 0.129961
0 0.76784 0.608899 0.204272 0.213009
0 0.453362 0.0205622 0.873815 0.0411243
0 0.519072 0.75587 0.958755 0.475741
0 0.518373 0.883296 0.948967 0.224318
0 0.368529 0.757814 0.729297 0.465859
0 0.689902 0.75168 0.620196 0.496641
0 0.188633 0.73878 0.376865 0.468837
0 0.700461 0.540031 0.171732 0.19501
3 0.813538 0.431066 0.359146 0.833121
0 0.812262 0.873075 0.375475 0.246216
0 0.673373 0.637118 0.246497 0.283533
3 0.729489 0.878664 0.541022 0.242672
0 0.525733 0.55938 0.152891 0.169566
0 0.733525 0.437804 0.116116 0.355288
3 0.696988 0.426697 0.582606 0.853394
3 0.579765 0.884237 0.838389 0.231527
0 0.52918 0.709221 0.511462 0.455346
3 0.836263 0.784929 0.327473 0.430142
1 0.76784 0.608899 0.204272 0.213009
4 0.601606 0.748405 0.796788 0.489408
0 0.0181432 0.49057 0.0362864 0.220981
0 0.352986 0.867918 0.697182 0.244027
3 0.794337 0.857055 0.411325 0.285889
3 0.495813 0.395743 0.75412 0.791486
0 0.342233 0.245063 0.649696 0.490126
3 0.932031 0.801823 0.135939 0.396354
0 0.324806 0.0276856 0.645962 0.0553712
0 0.838205 0.592972 0.32359 0.43651
3 0.535747 0.446845 0.499018 0.864925
3 0.291274 0.606209 0.538317 0.748161
0 0.603043 0.708288 0.251717 0.547234
3 0.3646 0.879134 0.685255 0.241731
3 0.696741 0.584757 0.172383 0.492906
0 0.366585 0.686945 0.385677 0.427946
3 0.114542 0.403342 0.229083 0.806683
1 0.732031 0.530632 0.103914 0.0791206
3 0.900901 0.761624 0.198199 0.476752
0 0.219415 0.0749731 0.43883 0.149946
3 0.921761 0.434394 0.156478 0.791936
3 0.642679 0.0528077 0.714642 0.105615
3 0.406211 0.364224 0.522094 0.728448
3 0.184646 0.429464 0.36848 0.858928
3 0.165696 0.877539 0.331392 0.244922
3 0.161436 0.220285 0.319707 0.44057
3 0.646207 0.32716 0.700787 0.65432
3 0.784834 0.318905 0.430332 0.63781
4 0.775887 0.76015 0.448227 0.477669
0 0.837402 0.44409 0.325196 0.744566
3 0.350631 0.437987 0.621624 0.875975
3 0.417007 0.30586 0.775305 0.611719
3 0.603479 0.0353765 0.793042 0.070753
3 0.467561 0.289769 0.134513 0.579538
3 0.0880368 0.544898 0.176074 0.437219
3 0.526386 0.492825 0.352019 0.95419
3 0.92651 0.588131 0.14698 0.557666
0 0.291274 0.606209 0.538317 0.748161
3 0.82847 0.815753 0.343059 0.364414
4 0.726492 0.528536 0.117599 0.0876519
2 0.732939 0.462761 0.1095 0.219432
3 0.733525 0.437804 0.116116 0.355288
3 0.91952 0.323773 0.16096 0.622132
3 0.522117 0.020722 0.917709 0.041444
4 0.598778 0.886986 0.80239 0.224337
0 0.487873 0.612738 0.127002 0.271652
3 0.219415 0.0749731 0.43883 0.149946
3 0.835595 0.622103 0.328809 0.702692
3 0.39973 0.872165 0.774831 0.238568
3 0.68526 0.109727 0.629481 0.219454
0 0.72898 0.886418 0.541892 0.224036
3 0.292913 0.0345944 0.585825 0.0691888
3 0.920784 0.788944 0.158432 0.422111
3 0.450845 0.473323 0.49157 0.946646
3 0.202396 0.200735 0.404792 0.401471
0 0.39042 0.165401 0.632392 0.330801
0 0.126019 0.877208 0.252037 0.245584
3 0.832647 0.649248 0.334706 0.285549
0 0.560711 0.0261016 0.842509 0.0522031
0 0.022828 0.702737 0.0456561 0.508636
3 0.0209413 0.751484 0.0418827 0.497031
3 0.755244 0.213731 0.489512 0.427461
4 0.72898 0.886418 0.541892 0.224036
4 0.406211 0.364224 0.522094 0.728448
4 0.725442 0.579309 0.122781 0.157181
3 0.802445 0.752973 0.395109 0.494055
3 0.232771 0.720189 0.462039 0.495128
0 0.113547 0.690957 0.227094 0.414891
0 0.68526 0.109727 0.629481 0.219454
0 0.454225 0.434809 0.42852 0.869618
4 0.836375 0.654117 0.327251 0.267614
3 0.265519 0.489851 0.531039 0.979701
3 0.603043 0.708288 0.251717 0.547234
4 0.900901 0.761624 0.198199 0.476752
4 0.423586 0.754946 0.826237 0.468782
0 0.0913118 0.857248 0.182624 0.23765
4 0.932031 0.801823 0.135939 0.396354
0 0.0226879 0.829054 0.0453758 0.341892
0 0.936346 0.295918 0.127308 0.55088
3 0.37116 0.283494 0.586495 0.566988
3 0.193214 0.276827 0.378182 0.553653
3 0.700461 0.540031 0.171732 0.19501
0 0.0851002 0.58843 0.1702 0.263429
3 0.113547 0.690957 0.227094 0.414891
4 0.383763 0.876355 0.72375 0.24729
0 0.408105 0.278985 0.515803 0.55797
3 0.0361968 0.26081 0.0723935 0.52162
3 0.508382 0.179799 0.853366 0.359597
3 0.382016 0.0258094 0.755969 0.0516188
0 0.450405 0.120117 0.689702 0.240234
3 0.933893 0.28057 0.132214 0.56114
3 0.601606 0.748405 0.796788 0.489408
0 0.725543 0.186025 0.548914 0.372051
1 0.836244 0.655412 0.327513 0.276152
4 0.836263 0.784929 0.327473 0.430142
0 0.821765 0.117131 0.35647 0.234262
0 0.0325993 0.496711 0.0651987 0.204954
3 0.0284783 0.302379 0.0569566 0.604757
3 0.452432 0.0976921 0.843662 0.195384
3 0.0284283 0.853445 0.0568567 0.29311
0 0.835595 0.622103 0.328809 0.702692
3 0.0851002 0.58843 0.1702 0.263429
4 0.491452 0.505084 0.06535 0.0496365
4 0.545052 0.0224256 0.899947 0.0448513
0 0.268781 0.0460531 0.537562 0.0921061
3 0.821765 0.117131 0.35647 0.234262
3 0.1531 0.234403 0.3062 0.468807
0 0.642679 0.0528077 0.714642 0.105615
3 0.0226879 0.829054 0.0453758 0.341892
4 0.289963 0.739389 0.578292 0.486527
3 0.779204 0.88433 0.441592 0.227034
4 0.350631 0.437987 0.621624 0.875975
4 0.794337 0.857055 0.411325 0.285889
1 0.732939 0.462761 0.1095 0.219432
2 0.829868 0.564619 0.289531 0.457979
4 0.342233 0.245063 0.649696 0.490126
0 0.0704427 0.743133 0.140885 0.461644
3 0.487873 0.612738 0.127002 0.271652
4 0.129586 0.858231 0.259171 0.227739
4 0.0215141 0.526418 0.0430283 0.126828
3 0.616107 0.737674 0.509538 0.514018
3 0.316403 0.733632 0.632807 0.499958
4 0.472944 0.505428 0.0612144 0.0644608
4 0.920784 0.788944 0.158432 0.422111
2 0.616107 0.737674 0.509538 0.514018
1 0.203569 0.861272 0.404145 0.226856
4 0.52918 0.709221 0.511462 0.455346
3 0.52918 0.709221 0.511462 0.455346
3 0.487346 0.337857 0.0965405 0.412052
3 0.491452 0.505084 0.06535 0.0496365
4 0.21163 0.875835 0.422038 0.248329
4 0.603479 0.0353765 0.793042 0.070753
4 0.188633 0.73878 0.376865 0.468837
3 0.201545 0.859833 0.398664 0.220996
4 0.39042 0.165401 0.632392 0.330801
3 0.472944 0.505428 0.0612144 0.0644608
0 0.487346 0.337857 0.0965405 0.412052
3 0.419095 0.756936 0.812819 0.477816
4 0.732939 0.462761 0.1095 0.219432
0 0.0284283 0.853445 0.0568567 0.29311
0 0.350631 0.437987 0.621624 0.875975
4 0.0704427 0.743133 0.140885 0.461644
4 0.400408 0.0232647 0.794269 0.0465294
4 0.544036 0.430433 0.599786 0.860865
4 0.0181432 0.49057 0.0362864 0.220981
4 0.508382 0.179799 0.853366 0.359597
4 0.837124 0.421974 0.325752 0.772496
2 0.316403 0.733632 0.632807 0.499958
3 0.0207843 0.33754 0.0415686 0.62607
4 0.812262 0.873075 0.375475 0.246216
4 0.0284283 0.853445 0.0568567 0.29311
0 0.0207843 0.33754 0.0415686 0.62607
4 0.82847 0.815753 0.343059 0.364414
4 0.673373 0.637118 0.246497 0.283533
3 0.866191 0.727325 0.267619 0.399383
1 0.82847 0.815753 0.343059 0.364414
4 0.578052 0.300516 0.792221 0.601031
4 0.642679 0.0528077 0.714642 0.105615
3 0.87091 0.667749 0.258179 0.290874
4 0.68526 0.109727 0.629481 0.219454
4 0.248709 0.205406 0.497419 0.410811
4 0.126019 0.877208 0.252037 0.245584
4 0.219415 0.0749731 0.43883 0.149946
4 0.366585 0.686945 0.385677 0.427946
2 0.673373 0.637118 0.246497 0.283533
3 0.0555194 0.359629 0.111039 0.663084
3 0.0913118 0.857248 0.182624 0.23765
4 0.452432 0.0976921 0.843662 0.195384
4 0.292913 0.0345944 0.585825 0.0691888
4 0.866191 0.727325 0.267619 0.399383
4 0.0913118 0.857248 0.182624 0.23765
4 0.443642 0.27841 0.489628 0.55682
4 0.0207843 0.33754 0.0415686 0.62607
0 0.91952 0.323773 0.16096 0.622132
4 0.487873 0.612738 0.127002 0.271652
3 0.09728 0.224183 0.19456 0.448257
3 0.525733 0.55938 0.152891 0.169566
2 0.836362 0.407633 0.327277 0.779938
4 0.0226879 0.829054 0.0453758 0.341892
0 0.578052 0.300516 0.792221 0.601031
2 0.732031 0.530632 0.103914 0.0791206
0 0.920784 0.788944 0.158432 0.422111
4 0.338376 0.865638 0.640805 0.246279
3 0.149368 0.650628 0.298736 0.438772
3 0.0325993 0.496711 0.0651987 0.204954
0 0.508382 0.179799 0.853366 0.359597
3 0.250437 0.222717 0.475449 0.445433
2 0.0215141 0.526418 0.0430283 0.126828
4 0.467561 0.289769 0.134513 0.579538
3 0.337499 0.205398 0.662514 0.410795
3 0.76784 0.608899 0.204272 0.213009
0 0.910333 0.41358 0.179333 0.803796
3 0.0181432 0.49057 0.0362864 0.220981
4 0.520425 0.883513 0.897521 0.232974
1 0.733525 0.437804 0.116116 0.355288
3 0.0812292 0.292581 0.162458 0.580485
0 0.544036 0.430433 0.599786 0.860865
4 0.0209413 0.751484 0.0418827 0.497031
4 0.72182 0.419988 0.134233 0.398684
4 0.92651 0.588131 0.14698 0.557666
3 0.129586 0.858231 0.259171 0.227739
0 0.0513009 0.718666 0.102602 0.499681
4 0.238026 0.861711 0.458881 0.226594
4 0.706572 0.360804 0.586856 0.721608
2 0.52918 0.709221 0.511462 0.455346
4 0.0284783 0.302379 0.0569566 0.604757
4 0.291274 0.606209 0.538317 0.748161
0 0.92651 0.588131 0.14698 0.557666
4 0.616107 0.737674 0.509538 0.514018
3 0.366585 0.686945 0.385677 0.427946
1 0.0309336 0.543234 0.0618673 0.115217
0 0.479685 0.884456 0.835536 0.231088
4 0.835595 0.622103 0.328809 0.702692
3 0.476692 0.40137 0.300847 0.80274
4 0.1531 0.234403 0.3062 0.468807
0 0.900901 0.761624 0.198199 0.476752
2 0.366585 0.686945 0.385677 0.427946
1 0.725442 0.579309 0.122781 0.157181
4 0.436152 0.368977 0.807286 0.737955
0 0.932031 0.801823 0.135939 0.396354
3 0.209569 0.648942 0.419137 0.553788
4 0.922371 0.411915 0.155258 0.802748
4 0.487346 0.337857 0.0965405 0.412052
3 0.732939 0.462761 0.1095 0.219432
4 0.933893 0.28057 0.132214 0.56114
0 0.1531 0.234403 0.3062 0.468807
4 0.0555194 0.359629 0.111039 0.663084
4 0.0361968 0.26081 0.0723935 0.52162
4 0.525733 0.55938 0.152891 0.169566
0 0.745711 0.35834 0.508579 0.716679
4 0.198842 0.22183 0.385685 0.443659
3 0.0513009 0.718666 0.102602 0.499681
0 0.248709 0.205406 0.497419 0.410811
4 0.821765 0.117131 0.35647 0.234262
4 0.755244 0.213731 0.489512 0.427461
4 0.0812292 0.292581 0.162458 0.580485
3 0.0293922 0.531491 0.0587843 0.129961
0 0.794337 0.857055 0.411325 0.285889
3 0.673373 0.637118 0.246497 0.283533
4 0.450845 0.473323 0.49157 0.946646
2 0.0293922 0.531491 0.0587843 0.129961
0 0.149368 0.650628 0.298736 0.438772
4 0.700461 0.540031 0.171732 0.19501
4 0.137795 0.270105 0.275591 0.540211
4 0.09728 0.224183 0.19456 0.448257
1 0.222599 0.749279 0.443238 0.463411
2 0.525733 0.55938 0.152891 0.169566
0 0.0361968 0.26081 0.0723935 0.52162
0 0.417007 0.30586 0.775305 0.611719
2 0.836244 0.655412 0.327513 0.276152
2 0.196723 0.712686 0.393446 0.49168
3 0.732031 0.530632 0.103914 0.0791206
4 0.114542 0.403342 0.229083 0.806683
0 0.64091 0.879689 0.718179 0.240622
1 0.0325993 0.496711 0.0651987 0.204954
3 0.838205 0.592972 0.32359 0.43651
4 0.76784 0.608899 0.204272 0.213009
0 0.667093 0.41433 0.479781 0.826766
2 0.491452 0.505084 0.06535 0.0496365
4 0.784834 0.318905 0.430332 0.63781
4 0.0309336 0.543234 0.0618673 0.115217
0 0.0284783 0.302379 0.0569566 0.604757
4 0.603043 0.708288 0.251717 0.547234
4 0.0325993 0.496711 0.0651987 0.204954
1 0.920784 0.788944 0.158432 0.422111
1 0.53359 0.884171 0.926209 0.224075
2 0.555058 0.753041 0.882434 0.493918
0 0.467561 0.289769 0.134513 0.579538
0 0.137795 0.270105 0.275591 0.540211
1 0.837402 0.44409 0.325196 0.744566
