0 0.499875 0.520574 0.055019 0.0744839
0 0.500985 0.459952 0.0552854 0.196116
0 0.79625 0.762903 0.4075 0.458295
0 0.530196 0.517623 0.0974371 0.0733969
0 0.604163 0.514937 0.0408409 0.0760105
0 0.559709 0.564866 0.165176 0.159837
0 0.502361 0.433878 0.062038 0.28394
0 0.4993 0.546678 0.0520887 0.133249
0 0.528897 0.463142 0.0997889 0.190006
0 0.600412 0.735188 0.304957 0.529625
0 0.440102 0.603193 0.17371 0.259486
0 0.25918 0.771762 0.502709 0.43887
0 0.483201 0.516652 0.0891977 0.0943976
0 0.382011 0.757605 0.531846 0.481244
0 0.557038 0.709163 0.174805 0.458926
0 0.530171 0.465906 0.121588 0.355433
3 0.810792 0.51653 0.372221 0.966941
3 0.550476 0.390988 0.281583 0.781976
0 0.426183 0.697272 0.185678 0.586971
0 0.0764819 0.852916 0.152801 0.284956
3 0.426183 0.697272 0.185678 0.586971
3 0.605312 0.411346 0.31115 0.822693
0 0.379268 0.729512 0.305134 0.525146
3 0.895059 0.696757 0.209882 0.605333
3 0.840605 0.729212 0.318791 0.530709
3 0.944665 0.452004 0.11067 0.419787
3 0.923903 0.638858 0.152194 0.617179
0 0.923794 0.829413 0.152411 0.341173
3 0.685707 0.750546 0.622996 0.498908
3 0.40822 0.388231 0.263956 0.724645
4 0.500985 0.459952 0.0552854 0.196116
3 0.447222 0.355014 0.248152 0.671915
4 0.499875 0.520574 0.055019 0.0744839
3 0.55116 0.575763 0.183131 0.595311
3 0.200999 0.323314 0.375693 0.643124
3 0.518278 0.355454 0.245272 0.710908
0 0.691952 0.733114 0.404277 0.53052
3 0.371567 0.409148 0.262301 0.799749
3 0.787158 0.687748 0.425685 0.613678
3 0.723308 0.410161 0.312821 0.820322
3 0.536901 0.36675 0.422239 0.733499
3 0.927903 0.838981 0.144195 0.322038
0 0.153803 0.793576 0.305406 0.400212
3 0.279708 0.356594 0.405013 0.713188
3 0.408103 0.353034 0.461983 0.706068
3 0.741685 0.546236 0.381102 0.907528
3 0.622038 0.585764 0.19661 0.731331
3 0.904599 0.363804 0.190803 0.541447
3 0.300124 0.380251 0.279533 0.760503
3 0.84154 0.772566 0.316921 0.454869
3 0.836411 0.389145 0.305696 0.764087
2 0.499875 0.520574 0.055019 0.0744839
3 0.935988 0.75299 0.128023 0.479583
3 0.880064 0.308372 0.239871 0.568149
3 0.481198 0.498033 0.0931895 0.27217
3 0.132082 0.493264 0.264165 0.983548
3 0.809631 0.254867 0.380738 0.509735
3 0.133912 0.30131 0.266494 0.595905
3 0.701869 0.345393 0.399556 0.690787
0 0.529624 0.766738 0.444183 0.454042
0 0.450522 0.032195 0.901044 0.0643899
0 0.121522 0.840498 0.241191 0.310959
3 0.250423 0.777254 0.47825 0.445493
0 0.593074 0.47333 0.0683122 0.201761
3 0.789957 0.311795 0.341924 0.622749
3 0.492638 0.752622 0.379952 0.494755
3 0.327072 0.569421 0.183074 0.621932
3 0.674249 0.401539 0.301395 0.803078
3 0.340038 0.646427 0.173678 0.671074
3 0.401111 0.604025 0.159916 0.642316
3 0.102756 0.415016 0.205512 0.820494
0 0.16646 0.0977576 0.332919 0.195515
3 0.678847 0.55412 0.299932 0.859784
3 0.96921 0.411135 0.0615797 0.337868
3 0.775873 0.113025 0.448254 0.22605
3 0.392291 0.755995 0.405975 0.488011
3 0.578196 0.743876 0.305828 0.512248
0 0.529713 0.024653 0.940574 0.0493059
3 0.260639 0.574338 0.289527 0.818263
0 0.654324 0.709888 0.150092 0.531097
3 0.632077 0.354832 0.42122 0.709663
3 0.193932 0.51217 0.33773 0.952388
3 0.332973 0.67618 0.305647 0.64764
3 0.969914 0.493201 0.0601725 0.315373
3 0.632921 0.244369 0.610311 0.488738
3 0.914442 0.822708 0.171116 0.354584
0 0.0888883 0.81363 0.177053 0.361846
3 0.485853 0.0232921 0.93161 0.0465841
3 0.630939 0.0521746 0.738122 0.104349
3 0.265055 0.725555 0.484151 0.526397
3 0.739549 0.265172 0.520902 0.530345
0 0.0201579 0.656255 0.0403157 0.669191
3 0.253916 0.647099 0.391267 0.705803
3 0.416432 0.519457 0.229259 0.500307
3 0.960533 0.23844 0.0789334 0.439884
3 0.968738 0.311721 0.0625236 0.407757
3 0.124896 0.716592 0.249792 0.540467
3 0.502361 0.433878 0.062038 0.28394
2 0.500985 0.459952 0.0552854 0.196116
3 0.950006 0.582292 0.0999874 0.411912
3 0.664398 0.077114 0.671204 0.154228
3 0.499875 0.520574 0.055019 0.0744839
3 0.456618 0.168044 0.638593 0.336089
3 0.530171 0.465906 0.121588 0.355433
3 0.12299 0.837533 0.244581 0.324934
3 0.181425 0.804641 0.348575 0.390718
0 0.481198 0.498033 0.0931895 0.27217
3 0.0278084 0.273853 0.0556168 0.547705
3 0.702938 0.106784 0.594124 0.213567
3 0.16646 0.0977576 0.332919 0.195515
3 0.920984 0.196885 0.158033 0.39377
0 0.334839 0.0402441 0.669679 0.0804883
4 0.502361 0.433878 0.062038 0.28394
3 0.572486 0.192638 0.611637 0.385276
0 0.84154 0.772566 0.316921 0.454869
3 0.530196 0.517623 0.0974371 0.0733969
3 0.702368 0.757719 0.593439 0.472727
0 0.927903 0.838981 0.144195 0.322038
3 0.590434 0.0366208 0.766145 0.0732417
3 0.379268 0.729512 0.305134 0.525146
0 0.124896 0.716592 0.249792 0.540467
3 0.483201 0.516652 0.0891977 0.0943976
3 0.4993 0.546678 0.0520887 0.133249
3 0.215262 0.234986 0.430523 0.469972
3 0.161016 0.764487 0.320946 0.452486
0 0.0246047 0.719121 0.0492095 0.561758
1 0.500985 0.459952 0.0552854 0.196116
4 0.791254 0.754268 0.416759 0.477666
0 0.590434 0.0366208 0.766145 0.0732417
3 0.336075 0.176719 0.639112 0.353439
3 0.0478212 0.237224 0.0956424 0.474449
0 0.702492 0.76096 0.576172 0.45891
0 0.0565029 0.760434 0.113006 0.462624
3 0.830005 0.0986998 0.33999 0.1974
4 0.84154 0.772566 0.316921 0.454869
3 0.557038 0.709163 0.174805 0.458926
3 0.274835 0.201124 0.549671 0.402247
4 0.685707 0.750546 0.622996 0.498908
0 0.920984 0.196885 0.158033 0.39377
3 0.0218845 0.343217 0.043769 0.686433
0 0.830005 0.0986998 0.33999 0.1974
0 0.194457 0.707879 0.387783 0.552817
4 0.927903 0.838981 0.144195 0.322038
3 0.450522 0.032195 0.901044 0.0643899
3 0.172411 0.649459 0.339037 0.664927
2 0.4993 0.546678 0.0520887 0.133249
0 0.935988 0.75299 0.128023 0.479583
4 0.576451 0.728318 0.317016 0.543363
3 0.293893 0.0466509 0.587787 0.0933018
2 0.379268 0.729512 0.305134 0.525146
0 0.0188747 0.47597 0.0377494 0.767361
0 0.969914 0.493201 0.0601725 0.315373
3 0.0884212 0.299457 0.176842 0.580824
0 0.664398 0.077114 0.671204 0.154228
3 0.470676 0.771067 0.464425 0.45763
3 0.604163 0.514937 0.0408409 0.0760105
0 0.26153 0.0689048 0.523059 0.13781
1 0.499875 0.520574 0.055019 0.0744839
0 0.96921 0.411135 0.0615797 0.337868
3 0.0193644 0.58026 0.0387287 0.773042
0 0.556027 0.746808 0.31404 0.506384
0 0.0361901 0.803313 0.0723803 0.393374
3 0.0770247 0.391923 0.154049 0.739107
0 0.630939 0.0521746 0.738122 0.104349
3 0.0659975 0.477103 0.131995 0.789652
4 0.469811 0.755723 0.557329 0.47766
3 0.26153 0.0689048 0.523059 0.13781
3 0.0565029 0.760434 0.113006 0.462624
3 0.593074 0.47333 0.0683122 0.201761
0 0.381914 0.167494 0.710984 0.334988
3 0.0311214 0.766814 0.0622428 0.466372
4 0.236368 0.788993 0.463117 0.422015
2 0.440102 0.603193 0.17371 0.259486
3 0.100408 0.653689 0.200816 0.571541
4 0.467523 0.0250187 0.917556 0.0500375
1 0.4993 0.546678 0.0520887 0.133249
3 0.0403916 0.823265 0.0807832 0.353469
0 0.401111 0.604025 0.159916 0.642316
3 0.654324 0.709888 0.150092 0.531097
4 0.625191 0.744949 0.327855 0.510102
0 0.233534 0.0897052 0.467068 0.17941
4 0.0403916 0.823265 0.0807832 0.353469
3 0.625191 0.744949 0.327855 0.510102
2 0.382011 0.757605 0.531846 0.481244
4 0.923794 0.829413 0.152411 0.341173
0 0.968738 0.311721 0.0625236 0.407757
0 0.0403916 0.823265 0.0807832 0.353469
4 0.440102 0.603193 0.17371 0.259486
3 0.100323 0.274944 0.200647 0.549888
0 0.332973 0.67618 0.305647 0.64764
4 0.492638 0.752622 0.379952 0.494755
0 0.702938 0.106784 0.594124 0.213567
4 0.284258 0.770196 0.431358 0.459607
0 0.960533 0.23844 0.0789334 0.439884
3 0.642043 0.6341 0.125072 0.561916
4 0.155205 0.809565 0.300872 0.380871
4 0.381914 0.167494 0.710984 0.334988
0 0.0218845 0.343217 0.043769 0.686433
1 0.817623 0.78355 0.364754 0.4329
0 0.55116 0.575763 0.183131 0.595311
3 0.500985 0.459952 0.0552854 0.196116
3 0.382011 0.757605 0.531846 0.481244
0 0.0278084 0.273853 0.0556168 0.547705
4 0.528897 0.463142 0.0997889 0.190006
2 0.263779 0.762941 0.510135 0.46808
4 0.702368 0.757719 0.593439 0.472727
4 0.392291 0.755995 0.405975 0.488011
0 0.685707 0.750546 0.622996 0.498908
4 0.556027 0.746808 0.31404 0.506384
4 0.0924671 0.839077 0.184934 0.321846
4 0.840605 0.729212 0.318791 0.530709
0 0.775873 0.113025 0.448254 0.22605
0 0.284258 0.770196 0.431358 0.459607
4 0.263779 0.762941 0.510135 0.46808
4 0.96921 0.411135 0.0615797 0.337868
4 0.939933 0.704343 0.120133 0.543264
3 0.0246047 0.719121 0.0492095 0.561758
1 0.167018 0.81111 0.328977 0.366724
3 0.559709 0.564866 0.165176 0.159837
0 0.632077 0.354832 0.42122 0.709663
0 0.0478212 0.237224 0.0956424 0.474449
0 0.492638 0.752622 0.379952 0.494755
3 0.440102 0.603193 0.17371 0.259486
3 0.568478 0.766346 0.331806 0.454444
0 0.344405 0.360657 0.467778 0.721314
3 0.691952 0.733114 0.404277 0.53052
4 0.515423 0.189562 0.603548 0.379124
4 0.570175 0.0281629 0.853432 0.0563258
0 0.108404 0.294314 0.216809 0.574816
4 0.0764819 0.852916 0.152801 0.284956
4 0.0827129 0.765955 0.165426 0.454926
0 0.515423 0.189562 0.603548 0.379124
4 0.16646 0.0977576 0.332919 0.195515
3 0.233534 0.0897052 0.467068 0.17941
0 0.775543 0.264926 0.448914 0.529853
4 0.530171 0.465906 0.121588 0.355433
3 0.528897 0.463142 0.0997889 0.190006
1 0.0764819 0.852916 0.152801 0.284956
4 0.920984 0.196885 0.158033 0.39377
4 0.968738 0.311721 0.0625236 0.407757
4 0.121522 0.840498 0.241191 0.310959
2 0.528897 0.463142 0.0997889 0.190006
4 0.0361901 0.803313 0.0723803 0.393374
4 0.0478212 0.237224 0.0956424 0.474449
4 0.0202899 0.422234 0.0405798 0.73834
4 0.55116 0.575763 0.183131 0.595311
0 0.416432 0.519457 0.229259 0.500307
4 0.830005 0.0986998 0.33999 0.1974
3 0.30636 0.775606 0.406629 0.438327
4 0.406303 0.0346181 0.812607 0.0692363
4 0.557038 0.709163 0.174805 0.458926
4 0.0201579 0.656255 0.0403157 0.669191
4 0.969914 0.493201 0.0601725 0.315373
2 0.79625 0.762903 0.4075 0.458295
4 0.0246047 0.719121 0.0492095 0.561758
2 0.576451 0.728318 0.317016 0.543363
0 0.840605 0.729212 0.318791 0.530709
4 0.630939 0.0521746 0.738122 0.104349
4 0.664398 0.077114 0.671204 0.154228
4 0.523874 0.768213 0.384609 0.457084
4 0.0278084 0.273853 0.0556168 0.547705
4 0.960533 0.23844 0.0789334 0.439884
4 0.632921 0.244369 0.610311 0.488738
0 0.392291 0.755995 0.405975 0.488011
1 0.218285 0.776746 0.432729 0.432158
4 0.344405 0.360657 0.467778 0.721314
4 0.950006 0.582292 0.0999874 0.411912
0 0.238303 0.341291 0.402777 0.682582
3 0.0888883 0.81363 0.177053 0.361846
0 0.327072 0.569421 0.183074 0.621932
4 0.702938 0.106784 0.594124 0.213567
0 0.238411 0.212912 0.476821 0.424368
4 0.775873 0.113025 0.448254 0.22605
1 0.502361 0.433878 0.062038 0.28394
0 0.371567 0.409148 0.262301 0.799749
4 0.126645 0.282886 0.25329 0.565772
3 0.0542863 0.615175 0.108573 0.535395
4 0.775543 0.264926 0.448914 0.529853
4 0.326439 0.728563 0.386629 0.519765
0 0.181425 0.804641 0.348575 0.390718
4 0.100323 0.274944 0.200647 0.549888
0 0.950006 0.582292 0.0999874 0.411912
4 0.238411 0.212912 0.476821 0.424368
4 0.536901 0.36675 0.422239 0.733499
4 0.0565029 0.760434 0.113006 0.462624
4 0.170844 0.761473 0.339514 0.460365
4 0.559709 0.564866 0.165176 0.159837
1 0.121522 0.840498 0.241191 0.310959
4 0.238303 0.341291 0.402777 0.682582
4 0.530196 0.517623 0.0974371 0.0733969
4 0.332973 0.67618 0.305647 0.64764
0 0.253916 0.647099 0.391267 0.705803
0 0.632921 0.244369 0.610311 0.488738
3 0.220325 0.801207 0.430907 0.387233
0 0.923903 0.638858 0.152194 0.617179
0 0.187676 0.288349 0.375353 0.576699
4 0.632077 0.354832 0.42122 0.709663
4 0.923903 0.638858 0.152194 0.617179
4 0.233534 0.0897052 0.467068 0.17941
0 0.944665 0.452004 0.11067 0.419787
0 0.499888 0.520573 0.0550224 0.0744541
0 0.500997 0.460034 0.0552847 0.195911
0 0.79643 0.76319 0.407139 0.457738
0 0.530313 0.517627 0.0975836 0.0733378
0 0.604381 0.514628 0.0403072 0.0750948
0 0.559822 0.564882 0.165676 0.159835
0 0.50238 0.433933 0.0620289 0.283951
0 0.499316 0.546696 0.052084 0.13316
0 0.528975 0.463218 0.0998907 0.189716
0 0.6004 0.735304 0.304616 0.529391
0 0.440202 0.603451 0.173472 0.259762
0 0.483215 0.516684 0.0891647 0.0943919
0 0.259182 0.771648 0.502541 0.439079
0 0.38217 0.757613 0.530339 0.481225
0 0.557117 0.709196 0.174229 0.458818
0 0.530227 0.466376 0.121675 0.356158
3 0.811235 0.516636 0.371093 0.966728
3 0.550505 0.391099 0.281238 0.782199
3 0.426105 0.697507 0.185778 0.586847
0 0.426105 0.697507 0.185778 0.586847
0 0.0767422 0.853077 0.153328 0.28463
3 0.60555 0.410886 0.310501 0.821773
3 0.895172 0.696857 0.209656 0.60519
0 0.379079 0.729569 0.305166 0.525118
3 0.841028 0.729467 0.317944 0.530323
3 0.945056 0.451699 0.109888 0.417969
3 0.924208 0.638688 0.151584 0.615684
3 0.685694 0.750616 0.623021 0.498768
3 0.408326 0.388722 0.263715 0.724234
4 0.500997 0.460034 0.0552847 0.195911
3 0.447234 0.355365 0.248207 0.672134
0 0.923718 0.829515 0.152564 0.34097
3 0.518307 0.355824 0.245141 0.711648
3 0.200993 0.323382 0.375219 0.643244
4 0.499888 0.520573 0.0550224 0.0744541
3 0.551158 0.575172 0.182978 0.593235
3 0.37166 0.409518 0.261881 0.79935
3 0.787231 0.687958 0.425538 0.613239
3 0.723238 0.409808 0.312323 0.819616
3 0.537168 0.366964 0.421588 0.733927
0 0.689939 0.733188 0.400591 0.530418
3 0.927891 0.839124 0.144219 0.321752
3 0.279989 0.356691 0.404282 0.713383
3 0.408527 0.353186 0.460822 0.706373
3 0.741348 0.546722 0.38012 0.906555
3 0.622278 0.586145 0.195037 0.727269
0 0.153717 0.79394 0.305243 0.399518
3 0.904995 0.364043 0.190009 0.539995
3 0.300171 0.380344 0.279107 0.760688
3 0.841471 0.772628 0.317058 0.454744
3 0.836451 0.38919 0.305318 0.763914
3 0.935957 0.753076 0.128086 0.479569
2 0.499888 0.520573 0.0550224 0.0744541
3 0.880267 0.308577 0.239466 0.567977
3 0.48122 0.498352 0.0931437 0.272429
3 0.13204 0.493079 0.26408 0.983246
3 0.810095 0.254844 0.37981 0.509688
3 0.133938 0.301553 0.266565 0.596421
3 0.702033 0.345492 0.398707 0.690984
3 0.250402 0.777297 0.478084 0.445406
3 0.790074 0.311935 0.341236 0.622729
0 0.594738 0.472747 0.0647631 0.199897
0 0.529128 0.766721 0.445007 0.454094
3 0.492421 0.752557 0.379605 0.494887
0 0.450349 0.0323259 0.900698 0.0646517
0 0.121523 0.840792 0.241204 0.310385
3 0.327359 0.569354 0.182173 0.620592
3 0.674396 0.401154 0.300858 0.802308
3 0.340121 0.646658 0.173116 0.670542
3 0.401024 0.604132 0.159754 0.642179
3 0.102822 0.415713 0.205644 0.821858
3 0.678663 0.553316 0.298937 0.854391
3 0.776053 0.113654 0.447894 0.227309
3 0.969264 0.411156 0.0614717 0.337378
3 0.392353 0.755921 0.405052 0.488158
0 0.16608 0.0980217 0.33216 0.196043
3 0.578354 0.743852 0.305097 0.512295
3 0.261145 0.575554 0.288133 0.815573
3 0.194192 0.512335 0.336747 0.951656
3 0.632416 0.35498 0.420366 0.70996
3 0.333205 0.676567 0.304766 0.646865
3 0.969992 0.493112 0.0600166 0.314553
3 0.632894 0.245153 0.609454 0.490306
3 0.91425 0.82282 0.1715 0.35436
0 0.653152 0.708853 0.146816 0.526933
0 0.530129 0.0248271 0.939743 0.0496543
3 0.485492 0.0234529 0.930752 0.0469058
3 0.631208 0.052641 0.737583 0.105282
3 0.739885 0.2653 0.52023 0.530601
3 0.265223 0.7256 0.483584 0.526423
0 0.0891044 0.813815 0.177487 0.361485
3 0.41641 0.519758 0.229301 0.500646
3 0.254234 0.647926 0.390016 0.704148
3 0.960738 0.238473 0.0785242 0.439392
3 0.968873 0.311882 0.0622549 0.407035
3 0.50238 0.433933 0.0620289 0.283951
3 0.12455 0.716205 0.2491 0.541155
3 0.950061 0.581702 0.0998783 0.410191
3 0.499888 0.520573 0.0550224 0.0744541
2 0.500997 0.460034 0.0552847 0.195911
0 0.0201601 0.656359 0.0403202 0.669131
3 0.45702 0.16884 0.637159 0.33768
3 0.664843 0.0777755 0.670314 0.155551
3 0.530227 0.466376 0.121675 0.356158
3 0.12303 0.83772 0.244687 0.324561
3 0.181201 0.804818 0.348146 0.390363
3 0.0277466 0.273886 0.0554931 0.547771
3 0.703414 0.107631 0.593172 0.215262
0 0.48122 0.498352 0.0931437 0.272429
3 0.921939 0.196855 0.156122 0.393711
3 0.16608 0.0980217 0.33216 0.196043
3 0.572465 0.193717 0.610781 0.387435
3 0.530313 0.517627 0.0975836 0.0733378
3 0.702094 0.757854 0.594001 0.472486
4 0.50238 0.433933 0.0620289 0.283951
0 0.334579 0.0404328 0.669157 0.0808657
3 0.590606 0.0369182 0.765234 0.0738364
3 0.379079 0.729569 0.305166 0.525118
0 0.841471 0.772628 0.317058 0.454744
3 0.499316 0.546696 0.052084 0.13316
3 0.483215 0.516684 0.0891647 0.0943919
3 0.215132 0.235838 0.430264 0.471676
0 0.927891 0.839124 0.144219 0.321752
3 0.160592 0.764451 0.320126 0.452679
0 0.12455 0.716205 0.2491 0.541155
3 0.335944 0.177483 0.638625 0.354966
4 0.791366 0.754502 0.416547 0.477247
1 0.500997 0.460034 0.0552847 0.195911
3 0.0476646 0.23727 0.0953292 0.474541
3 0.830904 0.0990787 0.338192 0.198157
0 0.0246144 0.71901 0.0492289 0.561979
3 0.274406 0.202342 0.548811 0.404683
4 0.841471 0.772628 0.317058 0.454744
3 0.557117 0.709196 0.174229 0.458818
0 0.590606 0.0369182 0.765234 0.0738364
4 0.685694 0.750616 0.623021 0.498768
3 0.0218487 0.343457 0.0436974 0.686914
0 0.702621 0.761053 0.575756 0.458759
3 0.450349 0.0323259 0.900698 0.0646517
0 0.0564888 0.760388 0.112978 0.462886
4 0.927891 0.839124 0.144219 0.321752
3 0.172113 0.650272 0.33827 0.663165
2 0.499316 0.546696 0.052084 0.13316
0 0.921939 0.196855 0.156122 0.393711
3 0.293722 0.0469458 0.587444 0.0938916
0 0.830904 0.0990787 0.338192 0.198157
0 0.194072 0.707588 0.387019 0.553385
4 0.60549 0.753904 0.334731 0.47916
2 0.379079 0.729569 0.305166 0.525118
3 0.0883603 0.299587 0.176721 0.581142
0 0.935957 0.753076 0.128086 0.479569
3 0.470394 0.771024 0.464001 0.457799
3 0.604381 0.514628 0.0403072 0.0750948
0 0.0188798 0.476288 0.0377596 0.765992
0 0.969992 0.493112 0.0600166 0.314553
3 0.0193824 0.580362 0.0387649 0.772625
1 0.499888 0.520573 0.0550224 0.0744541
3 0.0769901 0.392666 0.15398 0.740393
0 0.664843 0.0777755 0.670314 0.155551
3 0.0659818 0.477195 0.131964 0.788656
0 0.261478 0.069389 0.522956 0.138778
3 0.261478 0.069389 0.522956 0.138778
0 0.969264 0.411156 0.0614717 0.337378
4 0.46998 0.755692 0.556821 0.477726
3 0.0564888 0.760388 0.112978 0.462886
3 0.594738 0.472747 0.0647631 0.199897
0 0.555948 0.746744 0.313656 0.506511
0 0.0362735 0.803378 0.072547 0.393243
3 0.03115 0.766787 0.0622999 0.466427
0 0.631208 0.052641 0.737583 0.105282
4 0.236324 0.789175 0.462943 0.421651
2 0.440202 0.603451 0.173472 0.259762
3 0.100259 0.653826 0.200519 0.569841
4 0.467097 0.0251582 0.916508 0.0503163
1 0.499316 0.546696 0.052084 0.13316
0 0.381692 0.168123 0.710157 0.336247
3 0.0405104 0.823389 0.0810207 0.353222
3 0.653152 0.708853 0.146816 0.526933
4 0.0405104 0.823389 0.0810207 0.353222
0 0.401024 0.604132 0.159754 0.642179
3 0.624875 0.745095 0.326699 0.509809
2 0.38217 0.757613 0.530339 0.481225
4 0.923718 0.829515 0.152564 0.34097
0 0.233352 0.0901672 0.466705 0.180334
3 0.100294 0.275101 0.200588 0.550202
4 0.440202 0.603451 0.173472 0.259762
4 0.492421 0.752557 0.379605 0.494887
4 0.284475 0.770166 0.430758 0.459668
3 0.641648 0.631516 0.123381 0.555068
4 0.155128 0.809755 0.300788 0.38049
0 0.968873 0.311882 0.0622549 0.407035
4 0.381692 0.168123 0.710157 0.336247
0 0.333205 0.676567 0.304766 0.646865
1 0.817659 0.783613 0.364681 0.432773
0 0.0405104 0.823389 0.0810207 0.353222
0 0.703414 0.107631 0.593172 0.215262
0 0.960738 0.238473 0.0785242 0.439392
3 0.500997 0.460034 0.0552847 0.195911
3 0.38217 0.757613 0.530339 0.481225
0 0.0218487 0.343457 0.0436974 0.686914
4 0.528975 0.463218 0.0998907 0.189716
2 0.263771 0.762887 0.509914 0.468267
0 0.551158 0.575172 0.182978 0.593235
4 0.702094 0.757854 0.594001 0.472486
4 0.392353 0.755921 0.405052 0.488158
4 0.555948 0.746744 0.313656 0.506511
4 0.0927149 0.839377 0.18543 0.321246
0 0.0277466 0.273886 0.0554931 0.547771
4 0.841028 0.729467 0.317944 0.530323
4 0.263771 0.762887 0.509914 0.468267
4 0.969264 0.411156 0.0614717 0.337378
3 0.0246144 0.71901 0.0492289 0.561979
4 0.939918 0.704464 0.120164 0.54314
1 0.166739 0.811365 0.328429 0.366225
3 0.559822 0.564882 0.165676 0.159835
3 0.440202 0.603451 0.173472 0.259762
0 0.685694 0.750616 0.623021 0.498768
3 0.568613 0.766354 0.331044 0.454463
3 0.689939 0.733188 0.400591 0.530418
0 0.284475 0.770166 0.430758 0.459668
0 0.776053 0.113654 0.447894 0.227309
4 0.51556 0.190888 0.602693 0.381776
4 0.570172 0.0283735 0.851978 0.056747
4 0.0767422 0.853077 0.153328 0.28463
4 0.0827991 0.765963 0.165598 0.454943
0 0.632416 0.35498 0.420366 0.70996
0 0.0476646 0.23727 0.0953292 0.474541
0 0.492421 0.752557 0.379605 0.494887
4 0.16608 0.0980217 0.33216 0.196043
3 0.233352 0.0901672 0.466705 0.180334
0 0.344813 0.360719 0.466797 0.721438
3 0.528975 0.463218 0.0998907 0.189716
4 0.530227 0.466376 0.121675 0.356158
1 0.0767422 0.853077 0.153328 0.28463
0 0.108521 0.294522 0.217042 0.575265
0 0.51556 0.190888 0.602693 0.381776
4 0.921939 0.196855 0.156122 0.393711
4 0.121523 0.840792 0.241204 0.310385
4 0.968873 0.311882 0.0622549 0.407035
0 0.775955 0.265028 0.44809 0.530055
4 0.0362735 0.803378 0.072547 0.393243
4 0.0476646 0.23727 0.0953292 0.474541
4 0.0202664 0.422408 0.0405327 0.737753
4 0.551158 0.575172 0.182978 0.593235
2 0.528975 0.463218 0.0998907 0.189716
4 0.830904 0.0990787 0.338192 0.198157
3 0.306571 0.775598 0.405666 0.438366
4 0.406103 0.0347547 0.812207 0.0695095
4 0.557117 0.709196 0.174229 0.458818
4 0.0201601 0.656359 0.0403202 0.669131
4 0.969992 0.493112 0.0600166 0.314553
2 0.79643 0.76319 0.407139 0.457738
4 0.0246144 0.71901 0.0492289 0.561979
0 0.41641 0.519758 0.229301 0.500646
2 0.576286 0.728525 0.317163 0.542949
4 0.631208 0.052641 0.737583 0.105282
4 0.664843 0.0777755 0.670314 0.155551
4 0.523485 0.768168 0.384673 0.457215
4 0.0277466 0.273886 0.0554931 0.547771
4 0.960738 0.238473 0.0785242 0.439392
4 0.632894 0.245153 0.609454 0.490306
1 0.21805 0.77688 0.432243 0.431911
4 0.344813 0.360719 0.466797 0.721438
0 0.841028 0.729467 0.317944 0.530323
4 0.950061 0.581702 0.0998783 0.410191
3 0.0891044 0.813815 0.177487 0.361485
4 0.703414 0.107631 0.593172 0.215262
4 0.776053 0.113654 0.447894 0.227309
0 0.392353 0.755921 0.405052 0.488158
1 0.50238 0.433933 0.0620289 0.283951
0 0.23869 0.341397 0.401865 0.682793
4 0.126638 0.28303 0.253277 0.56606
3 0.0542923 0.615112 0.108585 0.533479
0 0.327359 0.569354 0.182173 0.620592
4 0.775955 0.265028 0.44809 0.530055
0 0.23828 0.21421 0.47656 0.426942
4 0.326796 0.728623 0.385572 0.519757
4 0.100294 0.275101 0.200588 0.550202
4 0.23828 0.21421 0.47656 0.426942
4 0.537168 0.366964 0.421588 0.733927
4 0.0564888 0.760388 0.112978 0.462886
4 0.170594 0.761496 0.339027 0.460346
0 0.37166 0.409518 0.261881 0.79935
0 0.181201 0.804818 0.348146 0.390363
1 0.121523 0.840792 0.241204 0.310385
4 0.559822 0.564882 0.165676 0.159835
4 0.23869 0.341397 0.401865 0.682793
0 0.950061 0.581702 0.0998783 0.410191
4 0.333205 0.676567 0.304766 0.646865
4 0.530313 0.517627 0.0975836 0.0733378
3 0.219913 0.801396 0.430075 0.386856
0 0.254234 0.647926 0.390016 0.704148
4 0.632416 0.35498 0.420366 0.70996
4 0.924208 0.638688 0.151584 0.615684
4 0.233352 0.0901672 0.466705 0.180334
4 0.781914 0.637661 0.436137 0.721067
4 0.741348 0.546722 0.38012 0.906555
0 0.924208 0.638688 0.151584 0.615684
0 0.632894 0.245153 0.609454 0.490306
0 0.187571 0.288753 0.375142 0.577506
