0 0.567824 0.68362 0.251399 0.319124
1 0.564432 0.689559 0.245307 0.308542
0 0.746946 0.514386 0.0803606 0.066669
0 0.749337 0.462826 0.0802394 0.177934
0 0.234615 0.663197 0.459473 0.350587
0 0.742806 0.711267 0.514387 0.40692
2 0.564533 0.680816 0.244847 0.319417
0 0.253861 0.740983 0.503345 0.512684
4 0.567458 0.683399 0.252196 0.318707
0 0.466427 0.599661 0.0666994 0.252697
0 0.835175 0.767264 0.32965 0.453082
3 0.575983 0.656155 0.266164 0.391262
0 0.771097 0.521582 0.127804 0.0817169
0 0.56305 0.0288293 0.873901 0.0576586
0 0.73707 0.52554 0.0984228 0.107861
0 0.360022 0.741706 0.635988 0.516588
3 0.517326 0.764011 0.548123 0.471977
0 0.163255 0.649177 0.324733 0.322057
3 0.759406 0.504795 0.481188 0.99041
0 0.641916 0.0401452 0.716168 0.0802905
3 0.535537 0.422027 0.379807 0.844054
3 0.514716 0.397365 0.518905 0.794729
0 0.557258 0.754507 0.274864 0.426981
1 0.744081 0.557577 0.0826988 0.147683
3 0.687916 0.767675 0.580899 0.443034
3 0.572573 0.757577 0.310678 0.439357
3 0.711368 0.418947 0.503108 0.837895
4 0.687916 0.767675 0.580899 0.443034
3 0.918329 0.523171 0.163342 0.953657
3 0.621933 0.764052 0.494919 0.471896
3 0.34157 0.776741 0.383255 0.446518
4 0.234615 0.663197 0.459473 0.350587
0 0.683337 0.0557701 0.633325 0.11154
3 0.462761 0.58106 0.0750053 0.426806
0 0.675803 0.706318 0.210997 0.379657
3 0.26093 0.776266 0.410531 0.447468
0 0.711368 0.418947 0.503108 0.837895
0 0.408021 0.0357607 0.816042 0.0715215
4 0.517326 0.764011 0.548123 0.471977
3 0.731347 0.763462 0.528198 0.473076
4 0.572573 0.757577 0.310678 0.439357
1 0.746946 0.514386 0.0803606 0.066669
3 0.128972 0.430697 0.257945 0.861393
0 0.133143 0.740723 0.266287 0.515745
3 0.318832 0.475517 0.368348 0.93458
4 0.53169 0.742575 0.344787 0.51485
3 0.859007 0.519291 0.281987 0.961419
4 0.253861 0.740983 0.503345 0.512684
4 0.746946 0.514386 0.0803606 0.066669
3 0.172169 0.803094 0.321704 0.393811
3 0.833467 0.764063 0.333066 0.471873
0 0.575329 0.277383 0.849007 0.554767
3 0.41194 0.777442 0.390769 0.445116
0 0.769514 0.0799453 0.460973 0.159891
3 0.624845 0.329819 0.749151 0.659639
3 0.252186 0.501816 0.50012 0.996369
3 0.163255 0.649177 0.324733 0.322057
3 0.841586 0.706703 0.316828 0.578329
3 0.431378 0.0290131 0.862756 0.0580261
3 0.174249 0.461592 0.339511 0.923184
3 0.257026 0.297052 0.43644 0.594105
4 0.621933 0.764052 0.494919 0.471896
3 0.738046 0.285387 0.523909 0.570774
3 0.936432 0.771421 0.127136 0.457157
0 0.53169 0.742575 0.344787 0.51485
3 0.83406 0.355509 0.331879 0.711018
3 0.746946 0.514386 0.0803606 0.066669
0 0.940206 0.755823 0.119588 0.488354
0 0.128114 0.651229 0.256227 0.378311
4 0.749337 0.462826 0.0802394 0.177934
0 0.539905 0.417252 0.497756 0.834504
4 0.731347 0.763462 0.528198 0.473076
3 0.172671 0.316543 0.337517 0.633086
3 0.711401 0.0716246 0.577199 0.143249
3 0.625683 0.710314 0.322148 0.355293
0 0.0293513 0.561598 0.0587027 0.765017
3 0.247155 0.723744 0.489043 0.512005
3 0.935755 0.573522 0.12849 0.816933
4 0.83574 0.763392 0.326664 0.473215
3 0.611954 0.0326052 0.776092 0.0652105
4 0.576776 0.0284179 0.846448 0.0568359
3 0.764788 0.732436 0.470423 0.527614
3 0.365224 0.243806 0.329841 0.484297
3 0.182246 0.743831 0.363251 0.512339
3 0.117845 0.827318 0.232831 0.345363
3 0.395322 0.479544 0.358198 0.959087
2 0.53169 0.742575 0.344787 0.51485
0 0.0607347 0.813672 0.121376 0.363562
3 0.134903 0.297196 0.269806 0.594391
3 0.387576 0.313769 0.312333 0.627539
3 0.0280517 0.639951 0.0561035 0.687121
3 0.308265 0.246827 0.616529 0.493654
3 0.313113 0.788223 0.441052 0.423553
3 0.935557 0.739798 0.128886 0.520403
3 0.385177 0.0478409 0.770355 0.0956817
3 0.929045 0.367635 0.14191 0.735271
3 0.0881329 0.43547 0.176266 0.829425
0 0.744081 0.557577 0.0826988 0.147683
3 0.382731 0.185019 0.765462 0.370039
3 0.0146327 0.765239 0.0292654 0.469522
3 0.474333 0.294006 0.460505 0.588012
0 0.13598 0.134201 0.271961 0.268402
3 0.452553 0.768812 0.478788 0.442837
3 0.036572 0.371156 0.0731439 0.742312
3 0.0328782 0.438835 0.0657564 0.87767
3 0.13598 0.134201 0.271961 0.268402
4 0.41194 0.777442 0.390769 0.445116
3 0.749337 0.462826 0.0802394 0.177934
3 0.562325 0.573545 0.261663 0.534798
4 0.34157 0.776741 0.383255 0.446518
0 0.329098 0.0639593 0.658196 0.127919
4 0.936432 0.771421 0.127136 0.457157
3 0.921404 0.688365 0.157193 0.623269
3 0.234615 0.663197 0.459473 0.350587
1 0.749337 0.462826 0.0802394 0.177934
4 0.122706 0.745229 0.245413 0.497097
4 0.659702 0.0480246 0.680595 0.0960491
4 0.171871 0.739092 0.34229 0.507784
3 0.0222654 0.792438 0.0445309 0.415124
3 0.156111 0.805563 0.301338 0.384716
3 0.5418 0.269122 0.875741 0.538244
4 0.452553 0.768812 0.478788 0.442837
3 0.0465826 0.27199 0.0931652 0.543981
4 0.514716 0.397365 0.518905 0.794729
4 0.431378 0.0290131 0.862756 0.0580261
0 0.409876 0.780364 0.551749 0.419931
0 0.936432 0.771421 0.127136 0.457157
4 0.769514 0.0799453 0.460973 0.159891
4 0.575329 0.277383 0.849007 0.554767
0 0.0239553 0.691405 0.0479106 0.617189
0 0.776263 0.48406 0.447473 0.967839
0 0.547751 0.293528 0.536845 0.587057
0 0.625683 0.710314 0.322148 0.355293
0 0.0829333 0.810041 0.165867 0.379917
0 0.107123 0.81513 0.212198 0.359928
3 0.27312 0.0935699 0.54624 0.18714
4 0.0823185 0.772369 0.164326 0.447982
3 0.0797927 0.339856 0.159585 0.679713
4 0.360022 0.741706 0.635988 0.516588
0 0.62393 0.333987 0.609241 0.667974
0 0.0149779 0.791069 0.0299559 0.417862
0 0.462761 0.58106 0.0750053 0.426806
0 0.0310378 0.495751 0.0620755 0.930402
4 0.375249 0.189716 0.750498 0.379433
3 0.744081 0.557577 0.0826988 0.147683
3 0.433261 0.249684 0.385265 0.499368
2 0.742806 0.711267 0.514387 0.40692
4 0.940206 0.755823 0.119588 0.488354
4 0.313113 0.788223 0.441052 0.423553
3 0.360022 0.741706 0.635988 0.516588
3 0.100741 0.304528 0.201481 0.609056
4 0.21123 0.782005 0.385542 0.435989
4 0.163255 0.649177 0.324733 0.322057
3 0.123685 0.587932 0.24737 0.820183
3 0.53169 0.742575 0.344787 0.51485
3 0.0293513 0.561598 0.0587027 0.765017
4 0.462761 0.58106 0.0750053 0.426806
3 0.198011 0.110487 0.396022 0.220974
4 0.711368 0.418947 0.503108 0.837895
4 0.501423 0.276611 0.506932 0.553223
4 0.0222654 0.792438 0.0445309 0.415124
4 0.128114 0.651229 0.256227 0.378311
1 0.219581 0.649216 0.434149 0.324481
0 0.838895 0.510465 0.322209 0.97907
4 0.62393 0.333987 0.609241 0.667974
0 0.27312 0.0935699 0.54624 0.18714
0 0.820382 0.305358 0.359235 0.610715
4 0.437116 0.305016 0.400809 0.610032
0 0.0222654 0.792438 0.0445309 0.415124
4 0.820382 0.305358 0.359235 0.610715
4 0.756881 0.500455 0.486239 0.99909
0 0.735512 0.551992 0.105934 0.378077
3 0.735512 0.551992 0.105934 0.378077
2 0.452553 0.768812 0.478788 0.442837
4 0.591857 0.421714 0.46783 0.843428
0 0.0347309 0.297884 0.0694619 0.595769
2 0.746946 0.514386 0.0803606 0.066669
3 0.0829333 0.810041 0.165867 0.379917
0 0.935755 0.573522 0.12849 0.816933
4 0.143204 0.818151 0.274805 0.363699
3 0.784552 0.513838 0.146172 0.27408
0 0.73152 0.29859 0.536961 0.597179
4 0.0146327 0.765239 0.0292654 0.469522
0 0.918329 0.523171 0.163342 0.953657
4 0.918329 0.523171 0.163342 0.953657
0 0.41194 0.777442 0.390769 0.445116
2 0.844549 0.704036 0.310902 0.4277
4 0.764788 0.732436 0.470423 0.527614
4 0.13598 0.134201 0.271961 0.268402
4 0.0465826 0.27199 0.0931652 0.543981
0 0.198011 0.110487 0.396022 0.220974
4 0.73707 0.52554 0.0984228 0.107861
0 0.921404 0.688365 0.157193 0.623269
4 0.334628 0.5 0.35721 1
4 0.73152 0.29859 0.536961 0.597179
3 0.771097 0.521582 0.127804 0.0817169
0 0.621933 0.764052 0.494919 0.471896
4 0.036572 0.371156 0.0731439 0.742312
1 0.764788 0.732436 0.470423 0.527614
4 0.395322 0.479544 0.358198 0.959087
0 0.929045 0.367635 0.14191 0.735271
4 0.935755 0.573522 0.12849 0.816933
0 0.784552 0.513838 0.146172 0.27408
4 0.844549 0.704036 0.310902 0.4277
4 0.0310378 0.495751 0.0620755 0.930402
4 0.156111 0.805563 0.301338 0.384716
0 0.437116 0.305016 0.400809 0.610032
1 0.625683 0.710314 0.322148 0.355293
4 0.859007 0.519291 0.281987 0.961419
4 0.0293513 0.561598 0.0587027 0.765017
4 0.929045 0.367635 0.14191 0.735271
2 0.675803 0.706318 0.210997 0.379657
4 0.385177 0.0478409 0.770355 0.0956817
4 0.400656 0.241271 0.329119 0.473325
0 0.731347 0.763462 0.528198 0.473076
3 0.0607347 0.813672 0.121376 0.363562
0 0.177896 0.297396 0.355792 0.594792
4 0.921404 0.688365 0.157193 0.623269
0 0.570336 0.42007 0.343964 0.840141
4 0.0239553 0.691405 0.0479106 0.617189
4 0.107123 0.81513 0.212198 0.359928
4 0.0607347 0.813672 0.121376 0.363562
1 0.711368 0.418947 0.503108 0.837895
3 0.128114 0.651229 0.256227 0.378311
0 0.382731 0.185019 0.765462 0.370039
0 0.34157 0.776741 0.383255 0.446518
2 0.73707 0.52554 0.0984228 0.107861
4 0.174249 0.461592 0.339511 0.923184
2 0.283009 0.743484 0.526404 0.506905
1 0.838598 0.757959 0.322804 0.475593
4 0.784552 0.513838 0.146172 0.27408
0 0.308265 0.246827 0.616529 0.493654
0 0.126998 0.323691 0.253997 0.647383
2 0.749337 0.462826 0.0802394 0.177934
3 0.556471 0.709485 0.26816 0.349433
4 0.308265 0.246827 0.616529 0.493654
2 0.557258 0.754507 0.274864 0.426981
3 0.675803 0.706318 0.210997 0.379657
2 0.771097 0.521582 0.127804 0.0817169
0 0.145366 0.456608 0.285589 0.913216
3 0.122706 0.745229 0.245413 0.497097
2 0.360022 0.741706 0.635988 0.516588
4 0.134903 0.297196 0.269806 0.594391
2 0.172671 0.316543 0.337517 0.633086
0 0.313113 0.788223 0.441052 0.423553
0 0.26093 0.776266 0.410531 0.447468
1 0.171871 0.739092 0.34229 0.507784
0 0.684805 0.771953 0.62878 0.447225
0 0.365224 0.243806 0.329841 0.484297
4 0.123685 0.587932 0.24737 0.820183
1 0.130473 0.821264 0.254432 0.344803
4 0.735512 0.551992 0.105934 0.378077
2 0.839627 0.517617 0.320745 0.964766
4 0.27312 0.0935699 0.54624 0.18714
4 0.253495 0.5 0.494915 1
2 0.73152 0.29859 0.536961 0.597179
4 0.257026 0.297052 0.43644 0.594105
4 0.128972 0.430697 0.257945 0.861393
4 0.100741 0.304528 0.201481 0.609056
4 0.625683 0.710314 0.322148 0.355293
4 0.198011 0.110487 0.396022 0.220974
1 0.0607347 0.813672 0.121376 0.363562
0 0.23917 0.505866 0.467932 0.988267
4 0.172671 0.316543 0.337517 0.633086
3 0.466427 0.599661 0.0666994 0.252697
4 0.0881329 0.43547 0.176266 0.829425
2 0.117845 0.827318 0.232831 0.345363
0 0.209293 0.782338 0.401818 0.435325
1 0.360022 0.741706 0.635988 0.516588
0 0.100741 0.304528 0.201481 0.609056
2 0.784552 0.513838 0.146172 0.27408
2 0.0829333 0.810041 0.165867 0.379917
2 0.625683 0.710314 0.322148 0.355293
2 0.257026 0.297052 0.43644 0.594105
0 0.143204 0.818151 0.274805 0.363699
0 0.257026 0.297052 0.43644 0.594105
4 0.771097 0.521582 0.127804 0.0817169
4 0.0797927 0.339856 0.159585 0.679713
0 0.530209 0.75788 0.471826 0.484241
2 0.936432 0.771421 0.127136 0.457157
0 0.562325 0.573545 0.261663 0.534798
2 0.238591 0.672399 0.469782 0.397859
2 0.462761 0.58106 0.0750053 0.426806
1 0.466427 0.599661 0.0666994 0.252697
4 0.675803 0.706318 0.210997 0.379657
0 0.123685 0.587932 0.24737 0.820183
2 0.308265 0.246827 0.616529 0.493654
2 0.929045 0.367635 0.14191 0.735271
2 0.209293 0.782338 0.401818 0.435325
2 0.756881 0.500455 0.486239 0.99909
2 0.529418 0.281237 0.533281 0.562474
1 0.550889 0.421819 0.36891 0.843638
2 0.929538 0.5 0.140923 1
2 0.41194 0.777442 0.390769 0.445116
0 0.395322 0.479544 0.358198 0.959087
2 0.836325 0.761611 0.327349 0.476778
2 0.940206 0.755823 0.119588 0.488354
1 0.933636 0.772841 0.132729 0.454319
1 0.462761 0.58106 0.0750053 0.426806
0 0.156111 0.805563 0.301338 0.384716
0 0.567833 0.68363 0.251398 0.319105
1 0.564453 0.689549 0.245308 0.308573
0 0.746966 0.514391 0.0803904 0.0666773
0 0.749349 0.462784 0.0802757 0.178057
0 0.234604 0.665597 0.459436 0.355511
2 0.564531 0.68083 0.244855 0.319395
0 0.742845 0.711156 0.514309 0.406672
0 0.253679 0.740969 0.50299 0.512707
4 0.567464 0.683415 0.252198 0.31867
0 0.466449 0.600656 0.0666589 0.25477
0 0.835185 0.767288 0.32963 0.453051
3 0.575973 0.656211 0.265992 0.391169
0 0.771101 0.521608 0.127762 0.0817807
0 0.562478 0.0287539 0.875043 0.0575079
0 0.737067 0.525679 0.0984463 0.108082
0 0.359901 0.741678 0.636021 0.516645
3 0.51766 0.764003 0.54718 0.471995
0 0.16326 0.649205 0.324755 0.32223
3 0.759549 0.504842 0.480901 0.990316
0 0.641592 0.0400289 0.716815 0.0800578
3 0.535286 0.42203 0.380746 0.84406
3 0.514816 0.395069 0.519073 0.790137
1 0.744109 0.557608 0.0827246 0.147799
3 0.688406 0.767673 0.582704 0.443033
0 0.557256 0.75449 0.27474 0.427024
3 0.572381 0.757533 0.310167 0.439395
3 0.711622 0.4184 0.50505 0.8368
4 0.688406 0.767673 0.582704 0.443033
3 0.918413 0.523173 0.163175 0.953655
3 0.622549 0.764046 0.496382 0.471907
3 0.340897 0.77673 0.381283 0.446541
4 0.234604 0.665597 0.459436 0.355511
3 0.462748 0.580705 0.0751413 0.4274
3 0.260418 0.776115 0.409607 0.447771
4 0.51766 0.764003 0.54718 0.471995
3 0.731116 0.763485 0.528667 0.473031
4 0.572381 0.757533 0.310167 0.439395
0 0.683307 0.0558309 0.633386 0.111662
1 0.746966 0.514391 0.0803904 0.0666773
0 0.675865 0.706503 0.210876 0.37984
0 0.711622 0.4184 0.50505 0.8368
3 0.128914 0.43119 0.257828 0.862379
0 0.40802 0.0357858 0.816039 0.0715716
3 0.318863 0.475215 0.36823 0.93547
4 0.531934 0.742499 0.344262 0.515002
3 0.859446 0.519375 0.281108 0.96125
4 0.253679 0.740969 0.50299 0.512707
4 0.746966 0.514391 0.0803904 0.0666773
0 0.133206 0.740719 0.266412 0.515814
3 0.833457 0.764149 0.333086 0.471703
3 0.172066 0.802951 0.321549 0.394097
0 0.575625 0.277775 0.848326 0.55555
3 0.411759 0.777605 0.389307 0.44479
3 0.16326 0.649205 0.324755 0.32223
3 0.252429 0.501727 0.500402 0.996547
3 0.626204 0.329175 0.746246 0.65835
0 0.76961 0.0799575 0.460781 0.159915
3 0.841602 0.70678 0.316796 0.57819
3 0.25716 0.296532 0.435199 0.593064
3 0.17441 0.461828 0.339797 0.923655
3 0.431575 0.0290113 0.863149 0.0580226
4 0.622549 0.764046 0.496382 0.471907
3 0.738371 0.285079 0.523258 0.570158
3 0.936574 0.77137 0.126852 0.45726
3 0.834433 0.355243 0.331135 0.710487
3 0.746966 0.514391 0.0803904 0.0666773
4 0.749349 0.462784 0.0802757 0.178057
0 0.531934 0.742499 0.344262 0.515002
0 0.940141 0.755957 0.119719 0.488086
0 0.540056 0.416938 0.49819 0.833875
0 0.128114 0.651356 0.256228 0.378521
4 0.731116 0.763485 0.528667 0.473031
3 0.172733 0.31717 0.337509 0.634341
3 0.711576 0.0717516 0.576847 0.143503
3 0.625568 0.710227 0.321852 0.355032
3 0.247143 0.724011 0.489067 0.512612
3 0.935832 0.573353 0.128335 0.816773
3 0.611975 0.0324339 0.776051 0.0648678
4 0.83572 0.76346 0.326686 0.47308
4 0.576677 0.0282769 0.846647 0.0565538
0 0.029472 0.561827 0.0589439 0.764979
3 0.764872 0.73246 0.470256 0.527588
3 0.365805 0.243187 0.327509 0.482256
3 0.182235 0.743807 0.36324 0.512386
3 0.117972 0.827465 0.233093 0.345069
3 0.395961 0.479259 0.358749 0.958518
2 0.531934 0.742499 0.344262 0.515002
3 0.134894 0.2974 0.269788 0.5948
3 0.3877 0.310319 0.311942 0.620637
3 0.0282558 0.640054 0.0565116 0.687343
3 0.307717 0.247477 0.615434 0.494953
3 0.312056 0.788293 0.438743 0.423413
3 0.935294 0.740205 0.129412 0.519589
3 0.384963 0.0479262 0.769925 0.0958524
0 0.0608784 0.813874 0.121666 0.363172
3 0.382449 0.185349 0.764898 0.370698
3 0.929062 0.366963 0.141876 0.733927
3 0.0879386 0.435858 0.175877 0.830195
3 0.014788 0.765189 0.0295761 0.469622
3 0.474274 0.293502 0.460134 0.587005
3 0.659402 0.0480221 0.681196 0.0960441
3 0.452829 0.768798 0.478219 0.442837
3 0.0365622 0.371456 0.0731245 0.742911
0 0.744109 0.557608 0.0827246 0.147799
0 0.136087 0.134183 0.272173 0.268366
3 0.0328837 0.438786 0.0657675 0.877571
3 0.136087 0.134183 0.272173 0.268366
4 0.411759 0.777605 0.389307 0.44479
3 0.749349 0.462784 0.0802757 0.178057
3 0.562385 0.571427 0.262092 0.539097
4 0.340897 0.77673 0.381283 0.446541
4 0.936574 0.77137 0.126852 0.45726
3 0.234604 0.665597 0.459436 0.355511
3 0.921371 0.688385 0.157258 0.62323
1 0.749349 0.462784 0.0802757 0.178057
0 0.328879 0.0640717 0.657758 0.128143
4 0.122972 0.745195 0.245944 0.497155
4 0.659402 0.0480221 0.681196 0.0960441
4 0.171883 0.739104 0.342316 0.507756
3 0.0223763 0.792379 0.0447526 0.415241
3 0.156 0.80551 0.301142 0.384802
3 0.54213 0.268804 0.874756 0.537609
4 0.452829 0.768798 0.478219 0.442837
3 0.0465299 0.272162 0.0930598 0.544323
4 0.514816 0.395069 0.519073 0.790137
4 0.431575 0.0290113 0.863149 0.0580226
4 0.76961 0.0799575 0.460781 0.159915
4 0.575625 0.277775 0.848326 0.55555
0 0.41005 0.780636 0.55123 0.41944
0 0.936574 0.77137 0.126852 0.45726
0 0.547845 0.293192 0.536634 0.586385
4 0.0826676 0.772259 0.165026 0.448203
3 0.273031 0.0936075 0.546062 0.187215
0 0.775965 0.484125 0.44807 0.967864
3 0.0796382 0.340494 0.159276 0.680989
4 0.359901 0.741678 0.636021 0.516645
0 0.0241762 0.691401 0.0483524 0.617198
4 0.374956 0.189895 0.749912 0.379789
0 0.0833149 0.810172 0.16663 0.379656
0 0.625568 0.710227 0.321852 0.355032
3 0.744109 0.557608 0.0827246 0.147799
0 0.62438 0.332184 0.60827 0.664368
2 0.742845 0.711156 0.514309 0.406672
0 0.107248 0.81558 0.212444 0.359067
3 0.43303 0.249145 0.38443 0.498289
4 0.940141 0.755957 0.119719 0.488086
0 0.0151022 0.791069 0.0302044 0.417862
0 0.0310849 0.495754 0.0621698 0.930142
4 0.312056 0.788293 0.438743 0.423413
0 0.462748 0.580705 0.0751413 0.4274
3 0.359901 0.741678 0.636021 0.516645
3 0.100666 0.304773 0.201331 0.609547
4 0.210891 0.781808 0.384833 0.436383
3 0.123613 0.58838 0.247227 0.819129
4 0.16326 0.649205 0.324755 0.32223
3 0.531934 0.742499 0.344262 0.515002
3 0.029472 0.561827 0.0589439 0.764979
3 0.197897 0.110523 0.395794 0.221047
4 0.462748 0.580705 0.0751413 0.4274
4 0.711622 0.4184 0.50505 0.8368
4 0.501448 0.276464 0.506136 0.552927
4 0.0223763 0.792379 0.0447526 0.415241
4 0.128114 0.651356 0.256228 0.378521
1 0.219439 0.649263 0.433865 0.324676
4 0.62438 0.332184 0.60827 0.664368
4 0.437029 0.303622 0.400294 0.607243
4 0.820349 0.304358 0.359302 0.608716
0 0.838894 0.510665 0.322212 0.97867
0 0.273031 0.0936075 0.546062 0.187215
4 0.757598 0.500567 0.484804 0.998866
3 0.735528 0.551884 0.106146 0.378337
2 0.452829 0.768798 0.478219 0.442837
0 0.820349 0.304358 0.359302 0.608716
4 0.592214 0.421559 0.468424 0.843119
0 0.0223763 0.792379 0.0447526 0.415241
2 0.746966 0.514391 0.0803904 0.0666773
0 0.735528 0.551884 0.106146 0.378337
3 0.0833149 0.810172 0.16663 0.379656
4 0.143249 0.818217 0.274904 0.363566
0 0.0347189 0.298257 0.0694378 0.596515
3 0.78453 0.513973 0.14604 0.274458
4 0.014788 0.765189 0.0295761 0.469622
4 0.918413 0.523173 0.163175 0.953655
0 0.935832 0.573353 0.128335 0.816773
4 0.764872 0.73246 0.470256 0.527588
2 0.844569 0.704029 0.310862 0.427656
4 0.136087 0.134183 0.272173 0.268366
0 0.732028 0.298718 0.535945 0.597436
0 0.918413 0.523173 0.163175 0.953655
4 0.0465299 0.272162 0.0930598 0.544323
4 0.737067 0.525679 0.0984463 0.108082
0 0.411759 0.777605 0.389307 0.44479
4 0.336467 0.5 0.353983 1
4 0.732028 0.298718 0.535945 0.597436
3 0.771101 0.521608 0.127762 0.0817807
4 0.0365622 0.371456 0.0731245 0.742911
1 0.764872 0.73246 0.470256 0.527588
0 0.197897 0.110523 0.395794 0.221047
4 0.395961 0.479259 0.358749 0.958518
0 0.921371 0.688385 0.157258 0.62323
4 0.935832 0.573353 0.128335 0.816773
0 0.622549 0.764046 0.496382 0.471907
4 0.844569 0.704029 0.310862 0.427656
4 0.0310849 0.495754 0.0621698 0.930142
4 0.156 0.80551 0.301142 0.384802
0 0.929062 0.366963 0.141876 0.733927
1 0.625568 0.710227 0.321852 0.355032
0 0.78453 0.513973 0.14604 0.274458
4 0.029472 0.561827 0.0589439 0.764979
4 0.859446 0.519375 0.281108 0.96125
2 0.675865 0.706503 0.210876 0.37984
4 0.929062 0.366963 0.141876 0.733927
0 0.437029 0.303622 0.400294 0.607243
4 0.400389 0.240746 0.328184 0.47207
4 0.384963 0.0479262 0.769925 0.0958524
3 0.0608784 0.813874 0.121666 0.363172
4 0.921371 0.688385 0.157258 0.62323
4 0.107248 0.81558 0.212444 0.359067
4 0.0241762 0.691401 0.0483524 0.617198
4 0.0608784 0.813874 0.121666 0.363172
0 0.731116 0.763485 0.528667 0.473031
3 0.128114 0.651356 0.256228 0.378521
0 0.177844 0.297652 0.355688 0.595304
1 0.711622 0.4184 0.50505 0.8368
0 0.570264 0.420061 0.343975 0.840122
2 0.737067 0.525679 0.0984463 0.108082
0 0.382449 0.185349 0.764898 0.370698
0 0.340897 0.77673 0.381283 0.446541
4 0.17441 0.461828 0.339797 0.923655
2 0.282712 0.743665 0.526121 0.507474
1 0.8386 0.757994 0.322801 0.475537
4 0.78453 0.513973 0.14604 0.274458
3 0.556864 0.709356 0.267405 0.349118
2 0.749349 0.462784 0.0802757 0.178057
4 0.307717 0.247477 0.615434 0.494953
2 0.557256 0.75449 0.27474 0.427024
3 0.675865 0.706503 0.210876 0.37984
2 0.771101 0.521608 0.127762 0.0817807
3 0.122972 0.745195 0.245944 0.497155
0 0.307717 0.247477 0.615434 0.494953
0 0.126927 0.324306 0.253853 0.648612
4 0.134894 0.2974 0.269788 0.5948
2 0.359901 0.741678 0.636021 0.516645
2 0.172733 0.31717 0.337509 0.634341
0 0.145398 0.457051 0.285657 0.914103
0 0.312056 0.788293 0.438743 0.423413
0 0.260418 0.776115 0.409607 0.447771
4 0.123613 0.58838 0.247227 0.819129
1 0.171883 0.739104 0.342316 0.507756
4 0.735528 0.551884 0.106146 0.378337
1 0.130546 0.821409 0.254572 0.344549
2 0.839656 0.51771 0.320688 0.964579
4 0.273031 0.0936075 0.546062 0.187215
4 0.25716 0.296532 0.435199 0.593064
0 0.365805 0.243187 0.327509 0.482256
2 0.732028 0.298718 0.535945 0.597436
4 0.253506 0.5 0.494922 1
0 0.685025 0.771978 0.628332 0.447239
4 0.128914 0.43119 0.257828 0.862379
4 0.100666 0.304773 0.201331 0.609547
4 0.625568 0.710227 0.321852 0.355032
4 0.197897 0.110523 0.395794 0.221047
1 0.0608784 0.813874 0.121666 0.363172
4 0.172733 0.31717 0.337509 0.634341
3 0.466449 0.600656 0.0666589 0.25477
0 0.239166 0.506177 0.467932 0.987647
4 0.0879386 0.435858 0.175877 0.830195
2 0.117972 0.827465 0.233093 0.345069
1 0.359901 0.741678 0.636021 0.516645
2 0.78453 0.513973 0.14604 0.274458
2 0.0833149 0.810172 0.16663 0.379656
2 0.625568 0.710227 0.321852 0.355032
0 0.20903 0.782169 0.401277 0.435663
2 0.25716 0.296532 0.435199 0.593064
0 0.100666 0.304773 0.201331 0.609547
4 0.771101 0.521608 0.127762 0.0817807
4 0.0796382 0.340494 0.159276 0.680989
2 0.936574 0.77137 0.126852 0.45726
0 0.143249 0.818217 0.274904 0.363566
2 0.238601 0.672976 0.469832 0.399095
2 0.462748 0.580705 0.0751413 0.4274
0 0.25716 0.296532 0.435199 0.593064
1 0.466449 0.600656 0.0666589 0.25477
4 0.675865 0.706503 0.210876 0.37984
2 0.307717 0.247477 0.615434 0.494953
0 0.530396 0.757821 0.471011 0.484359
2 0.929062 0.366963 0.141876 0.733927
0 0.562385 0.571427 0.262092 0.539097
2 0.20903 0.782169 0.401277 0.435663
0 0.123613 0.58838 0.247227 0.819129
2 0.757598 0.500567 0.484804 0.998866
2 0.529364 0.281212 0.532499 0.562424
1 0.550824 0.421829 0.369255 0.843658
2 0.929535 0.5 0.140931 1
2 0.411759 0.777605 0.389307 0.44479
2 0.836344 0.761584 0.327313 0.476831
2 0.940141 0.755957 0.119719 0.488086
1 0.933816 0.772845 0.132369 0.45431
0 0.395961 0.479259 0.358749 0.958518
1 0.462748 0.580705 0.0751413 0.4274
