0 0.833562 0.792086 0.332876 0.407655
0 0.771734 0.762077 0.456531 0.461155
0 0.62203 0.762157 0.75594 0.461174
0 0.921799 0.342129 0.107365 0.513813
0 0.379528 0.789213 0.734859 0.393949
0 0.91877 0.272687 0.0984322 0.348096
3 0.734244 0.507472 0.501067 0.985057
0 0.533755 0.0272292 0.932491 0.0544585
3 0.896529 0.573977 0.206943 0.852046
0 0.264672 0.784541 0.519376 0.400909
3 0.541395 0.501671 0.639504 0.996657
3 0.350298 0.50102 0.602763 0.997959
0 0.365948 0.0534899 0.731895 0.10698
3 0.282478 0.502946 0.558437 0.994108
0 0.927724 0.820118 0.144553 0.359765
3 0.393305 0.503101 0.751714 0.993799
0 0.478847 0.749454 0.849632 0.488951
3 0.947703 0.549273 0.104595 0.165902
3 0.201018 0.788265 0.3857 0.42347
0 0.477888 0.0411836 0.955775 0.0823672
3 0.454239 0.688056 0.271182 0.521669
3 0.943896 0.735134 0.112208 0.475936
3 0.293565 0.786976 0.565035 0.426048
3 0.136291 0.810523 0.270704 0.378954
3 0.360698 0.625442 0.430642 0.697446
0 0.218343 0.148263 0.436686 0.296527
4 0.834237 0.798921 0.331526 0.396161
3 0.338676 0.365607 0.632505 0.719214
3 0.821269 0.789161 0.352968 0.421678
3 0.714047 0.781424 0.558505 0.437152
3 0.618513 0.500387 0.548548 0.999226
0 0.93695 0.244433 0.126099 0.460336
0 0.909907 0.796578 0.180186 0.406844
3 0.933481 0.390608 0.133037 0.709049
3 0.135276 0.296381 0.269259 0.582901
3 0.934152 0.327492 0.126916 0.52406
0 0.648312 0.042042 0.703376 0.0840839
3 0.778017 0.242441 0.443966 0.484882
0 0.718949 0.249686 0.562101 0.499373
3 0.255703 0.499417 0.501905 0.998833
3 0.535634 0.746183 0.906583 0.486978
3 0.932931 0.268872 0.121194 0.377856
3 0.218343 0.148263 0.436686 0.296527
3 0.935848 0.824426 0.128304 0.351148
4 0.511412 0.764539 0.948427 0.44729
3 0.507832 0.0341469 0.953666 0.0682939
3 0.591471 0.781681 0.534413 0.436639
0 0.0118443 0.689451 0.0236887 0.613372
3 0.60983 0.678259 0.420831 0.582376
3 0.141303 0.739613 0.282605 0.490972
0 0.878636 0.824263 0.242728 0.351475
3 0.720946 0.348606 0.525554 0.681616
3 0.169075 0.5 0.33815 1
0 0.650067 0.0777282 0.699866 0.155456
3 0.125979 0.452698 0.251958 0.903473
3 0.59994 0.314009 0.493467 0.628019
0 0.870516 0.232508 0.25535 0.457336
3 0.648312 0.042042 0.703376 0.0840839
0 0.50294 0.781806 0.64423 0.41784
4 0.533755 0.0272292 0.932491 0.0544585
0 0.288092 0.0775177 0.576183 0.155035
3 0.909907 0.796578 0.180186 0.406844
3 0.746861 0.17232 0.506278 0.344641
0 0.0572894 0.807218 0.114579 0.377073
3 0.923617 0.235653 0.152766 0.471306
0 0.187146 0.785085 0.372108 0.405648
3 0.6473 0.249103 0.705399 0.498205
3 0.818218 0.517194 0.363564 0.955194
3 0.0870464 0.250978 0.174093 0.501956
0 0.0261844 0.796012 0.0523689 0.407976
3 0.536838 0.687241 0.340055 0.542149
4 0.413582 0.788266 0.731991 0.3947
3 0.202681 0.708664 0.403375 0.544975
3 0.422697 0.782941 0.684333 0.434117
3 0.650067 0.0777282 0.699866 0.155456
1 0.832614 0.78692 0.334772 0.415214
3 0.320552 0.0597145 0.640498 0.119429
4 0.648312 0.042042 0.703376 0.0840839
3 0.0108419 0.688203 0.0216837 0.610214
3 0.422837 0.734526 0.629566 0.496622
3 0.0357318 0.245223 0.0714636 0.490447
0 0.778943 0.15108 0.442113 0.302159
3 0.456065 0.284244 0.657239 0.568489
3 0.298921 0.29623 0.530957 0.592461
4 0.714047 0.781424 0.558505 0.437152
3 0.443594 0.0550465 0.887187 0.110093
4 0.341757 0.786229 0.556281 0.427541
0 0.904289 0.538649 0.191423 0.904217
3 0.0573918 0.735491 0.114784 0.450682
3 0.594414 0.0255761 0.790898 0.0511522
3 0.870516 0.232508 0.25535 0.457336
3 0.0183884 0.774089 0.0367768 0.451823
3 0.0285775 0.305303 0.0571549 0.596247
4 0.672582 0.289935 0.654835 0.57987
4 0.935848 0.824426 0.128304 0.351148
3 0.659077 0.642599 0.670405 0.702442
3 0.878636 0.824263 0.242728 0.351475
0 0.0138896 0.732241 0.0277791 0.535519
4 0.591471 0.781681 0.534413 0.436639
4 0.201018 0.788265 0.3857 0.42347
4 0.136291 0.810523 0.270704 0.378954
3 0.31314 0.731806 0.617644 0.509421
0 0.159105 0.2741 0.315332 0.529929
4 0.449125 0.783098 0.705992 0.433804
3 0.0289873 0.79807 0.0579746 0.403861
4 0.159105 0.2741 0.315332 0.529929
3 0.0261844 0.796012 0.0523689 0.407976
4 0.650067 0.0777282 0.699866 0.155456
3 0.927724 0.820118 0.144553 0.359765
3 0.0141205 0.43592 0.0282409 0.816491
0 0.326366 0.725223 0.634339 0.51977
4 0.0289873 0.79807 0.0579746 0.403861
4 0.91877 0.272687 0.0984322 0.348096
4 0.934152 0.327492 0.126916 0.52406
0 0.0753984 0.805906 0.150797 0.388189
0 0.943896 0.735134 0.112208 0.475936
0 0.422697 0.782941 0.684333 0.434117
4 0.477888 0.0411836 0.955775 0.0823672
0 0.0289873 0.79807 0.0579746 0.403861
0 0.947703 0.549273 0.104595 0.165902
4 0.494797 0.736302 0.678901 0.495146
4 0.947703 0.549273 0.104595 0.165902
0 0.0103063 0.607024 0.0206127 0.661827
3 0.50294 0.781806 0.64423 0.41784
0 0.0183884 0.774089 0.0367768 0.451823
4 0.870516 0.232508 0.25535 0.457336
0 0.454685 0.147362 0.894745 0.294723
3 0.0138896 0.732241 0.0277791 0.535519
4 0.914722 0.5266 0.170556 0.939051
4 0.943896 0.735134 0.112208 0.475936
0 0.935848 0.824426 0.128304 0.351148
4 0.658716 0.765881 0.682568 0.444242
3 0.26179 0.0934211 0.523581 0.186842
3 0.0656859 0.801558 0.131123 0.387337
3 0.658716 0.765881 0.682568 0.444242
4 0.909907 0.796578 0.180186 0.406844
4 0.693515 0.394748 0.574663 0.789367
0 0.826721 0.519669 0.346558 0.955837
3 0.863965 0.512255 0.235894 0.873695
4 0.59994 0.314009 0.493467 0.628019
4 0.0753984 0.805906 0.150797 0.388189
2 0.245049 0.781802 0.483848 0.419715
4 0.927724 0.820118 0.144553 0.359765
4 0.350477 0.730259 0.650867 0.507104
4 0.0118443 0.689451 0.0236887 0.613372
4 0.623032 0.237325 0.509322 0.472988
0 0.0141205 0.43592 0.0282409 0.816491
3 0.623032 0.237325 0.509322 0.472988
4 0.933481 0.390608 0.133037 0.709049
4 0.086682 0.782445 0.173364 0.418891
4 0.93695 0.244433 0.126099 0.460336
0 0.83592 0.231852 0.328161 0.463704
2 0.764679 0.751752 0.470643 0.476215
4 0.415728 0.0593611 0.824669 0.118722
4 0.771734 0.762077 0.456531 0.461155
3 0.771734 0.762077 0.456531 0.461155
4 0.778017 0.242441 0.443966 0.484882
0 0.933481 0.390608 0.133037 0.709049
3 0.463375 0.232297 0.926751 0.464594
0 0.454239 0.688056 0.271182 0.521669
4 0.218343 0.148263 0.436686 0.296527
3 0.0609965 0.572053 0.121993 0.618032
4 0.878636 0.824263 0.242728 0.351475
4 0.0141205 0.43592 0.0282409 0.816491
4 0.29487 0.78802 0.586146 0.412184
4 0.0630116 0.77061 0.126023 0.44478
0 0.535597 0.780876 0.60081 0.438248
0 0.141303 0.739613 0.282605 0.490972
0 0.360698 0.625442 0.430642 0.697446
3 0.086682 0.782445 0.173364 0.418891
4 0.778943 0.15108 0.442113 0.302159
0 0.557339 0.240464 0.651823 0.480928
4 0.496027 0.255906 0.696556 0.511813
3 0.245049 0.781802 0.483848 0.419715
2 0.934152 0.327492 0.126916 0.52406
4 0.0285775 0.305303 0.0571549 0.596247
3 0.178151 0.279484 0.356302 0.558969
0 0.136291 0.810523 0.270704 0.378954
4 0.0261844 0.796012 0.0523689 0.407976
4 0.338676 0.365607 0.632505 0.719214
4 0.665825 0.501877 0.609531 0.996245
4 0.454685 0.147362 0.894745 0.294723
1 0.91877 0.272687 0.0984322 0.348096
4 0.288092 0.0775177 0.576183 0.155035
0 0.0285775 0.305303 0.0571549 0.596247
0 0.0870464 0.250978 0.174093 0.501956
3 0.0915874 0.400337 0.183175 0.800417
0 0.714047 0.781424 0.558505 0.437152
4 0.0870464 0.250978 0.174093 0.501956
0 0.536838 0.687241 0.340055 0.542149
0 0.463375 0.232297 0.926751 0.464594
4 0.536838 0.687241 0.340055 0.542149
0 0.279428 0.501934 0.546956 0.964911
4 0.350298 0.50102 0.602763 0.997959
4 0.0138896 0.732241 0.0277791 0.535519
2 0.230529 0.657848 0.457054 0.646656
4 0.454239 0.688056 0.271182 0.521669
1 0.220244 0.780703 0.435919 0.408388
0 0.086682 0.782445 0.173364 0.418891
4 0.0183884 0.774089 0.0367768 0.451823
4 0.230529 0.657848 0.457054 0.646656
4 0.469666 0.5 0.655144 1
2 0.833562 0.792086 0.332876 0.407655
4 0.825621 0.534064 0.345979 0.911781
4 0.193921 0.444153 0.383317 0.879795
4 0.0357318 0.245223 0.0714636 0.490447
4 0.0103063 0.607024 0.0206127 0.661827
0 0.278315 0.344229 0.467605 0.659995
0 0.226937 0.279218 0.439816 0.552096
4 0.226937 0.279218 0.439816 0.552096
0 0.0357318 0.245223 0.0714636 0.490447
4 0.360698 0.625442 0.430642 0.697446
4 0.125979 0.452698 0.251958 0.903473
0 0.671788 0.345525 0.576302 0.69105
4 0.463375 0.232297 0.926751 0.464594
4 0.254881 0.502646 0.493802 0.994708
4 0.393305 0.503101 0.751714 0.993799
0 0.230529 0.657848 0.457054 0.646656
4 0.0915874 0.400337 0.183175 0.800417
3 0.454685 0.147362 0.894745 0.294723
4 0.60983 0.678259 0.420831 0.582376
2 0.62203 0.762157 0.75594 0.461174
2 0.368722 0.780756 0.715041 0.425867
0 0.60983 0.678259 0.420831 0.582376
4 0.659077 0.642599 0.670405 0.702442
4 0.141303 0.739613 0.282605 0.490972
4 0.785149 0.291427 0.389001 0.52418
4 0.755419 0.50417 0.482925 0.974256
2 0.288045 0.735707 0.566977 0.499172
3 0.785149 0.291427 0.389001 0.52418
2 0.927724 0.820118 0.144553 0.359765
1 0.927724 0.820118 0.144553 0.359765
4 0.278315 0.344229 0.467605 0.659995
0 0.785149 0.291427 0.389001 0.52418
0 0.59994 0.314009 0.493467 0.628019
0 0.193921 0.444153 0.383317 0.879795
0 0.0573918 0.735491 0.114784 0.450682
2 0.932931 0.268872 0.121194 0.377856
1 0.921799 0.342129 0.107365 0.513813
0 0.338676 0.365607 0.632505 0.719214
2 0.878636 0.824263 0.242728 0.351475
2 0.914722 0.5266 0.170556 0.939051
2 0.133622 0.266191 0.267244 0.532382
1 0.694674 0.262623 0.590967 0.525246
1 0.878636 0.824263 0.242728 0.351475
2 0.935848 0.824426 0.128304 0.351148
1 0.909907 0.796578 0.180186 0.406844
2 0.141303 0.739613 0.282605 0.490972
2 0.826721 0.519669 0.346558 0.955837
2 0.536838 0.687241 0.340055 0.542149
2 0.298921 0.29623 0.530957 0.592461
1 0.326804 0.312713 0.618479 0.625425
2 0.60983 0.678259 0.420831 0.582376
1 0.923617 0.235653 0.152766 0.471306
0 0.222062 0.787938 0.430952 0.424124
1 0.446212 0.783504 0.738327 0.414632
2 0.478847 0.749454 0.849632 0.488951
2 0.454685 0.147362 0.894745 0.294723
0 0.456065 0.284244 0.657239 0.568489
1 0.904289 0.538649 0.191423 0.904217
1 0.1552 0.276877 0.3072 0.548909
2 0.125979 0.452698 0.251958 0.903473
4 0.0609965 0.572053 0.121993 0.618032
2 0.0753984 0.805906 0.150797 0.388189
2 0.778943 0.15108 0.442113 0.302159
2 0.358118 0.785327 0.598972 0.429346
2 0.591471 0.781681 0.534413 0.436639
2 0.714047 0.781424 0.558505 0.437152
1 0.623032 0.237325 0.509322 0.472988
0 0.0915874 0.400337 0.183175 0.800417
0 0.125979 0.452698 0.251958 0.903473
2 0.933481 0.390608 0.133037 0.709049
3 0.379528 0.789213 0.734859 0.393949
0 0.863965 0.512255 0.235894 0.873695
1 0.870516 0.232508 0.25535 0.457336
1 0.202681 0.708664 0.403375 0.544975
2 0.0261844 0.796012 0.0523689 0.407976
2 0.0108419 0.688203 0.0216837 0.610214
2 0.496027 0.255906 0.696556 0.511813
4 0.863965 0.512255 0.235894 0.873695
2 0.755419 0.50417 0.482925 0.974256
2 0.0289873 0.79807 0.0579746 0.403861
2 0.136291 0.810523 0.270704 0.378954
2 0.943896 0.735134 0.112208 0.475936
2 0.178151 0.279484 0.356302 0.558969
2 0.463375 0.232297 0.926751 0.464594
2 0.360698 0.625442 0.430642 0.697446
0 0.31285 0.502869 0.599805 0.994262
1 0.0572894 0.807218 0.114579 0.377073
2 0.187873 0.492113 0.375746 0.984226
2 0.0285775 0.305303 0.0571549 0.596247
2 0.201018 0.788265 0.3857 0.42347
2 0.0915874 0.400337 0.183175 0.800417
2 0.947703 0.549273 0.104595 0.165902
2 0.909907 0.796578 0.180186 0.406844
2 0.476361 0.783847 0.679089 0.432306
2 0.454239 0.688056 0.271182 0.521669
2 0.279428 0.501934 0.546956 0.964911
2 0.718949 0.249686 0.562101 0.499373
2 0.870516 0.232508 0.25535 0.457336
0 0.833565 0.792092 0.332871 0.407662
0 0.771781 0.762109 0.456437 0.46118
0 0.623325 0.762171 0.753349 0.461229
0 0.921392 0.341215 0.106619 0.510978
0 0.37974 0.789288 0.734615 0.393792
3 0.73453 0.50786 0.499178 0.984281
0 0.918345 0.272623 0.0976805 0.347967
0 0.533665 0.0269793 0.932671 0.0539586
3 0.897432 0.57693 0.205135 0.84614
3 0.542531 0.501733 0.635554 0.996534
3 0.35079 0.501334 0.597195 0.997331
0 0.264687 0.78464 0.519313 0.400718
0 0.366224 0.0533028 0.732448 0.106606
3 0.281859 0.503101 0.556402 0.993797
0 0.928302 0.820274 0.143397 0.359452
3 0.392622 0.50321 0.748837 0.993579
3 0.948145 0.548185 0.10371 0.162582
3 0.201024 0.788308 0.385634 0.423385
0 0.478866 0.74951 0.848388 0.488833
3 0.944016 0.7346 0.111968 0.475104
3 0.454891 0.688741 0.267913 0.518399
3 0.293638 0.786978 0.565103 0.426044
3 0.136192 0.810582 0.270485 0.378837
0 0.477889 0.0411709 0.955778 0.0823418
3 0.338942 0.367247 0.630805 0.722272
3 0.363795 0.631549 0.422961 0.684772
4 0.834229 0.79894 0.331542 0.396194
3 0.82112 0.789069 0.353192 0.421862
3 0.714004 0.781349 0.558432 0.437301
3 0.618014 0.500433 0.543209 0.999134
0 0.218416 0.147941 0.436833 0.295882
3 0.933475 0.386615 0.13305 0.698152
3 0.134813 0.296556 0.268334 0.583149
3 0.934021 0.32807 0.126831 0.524548
0 0.936927 0.244729 0.126147 0.460884
3 0.778084 0.242712 0.443832 0.485423
0 0.910704 0.796512 0.178592 0.406976
0 0.647979 0.0413886 0.704042 0.0827771
3 0.254802 0.499545 0.499847 0.999089
3 0.932656 0.269051 0.12087 0.377338
3 0.536164 0.746254 0.905049 0.486956
3 0.218416 0.147941 0.436833 0.295882
3 0.936255 0.824577 0.127491 0.350846
4 0.511296 0.764424 0.948392 0.447503
3 0.507777 0.0338203 0.953511 0.0676406
3 0.591617 0.781603 0.533513 0.436795
0 0.718828 0.250506 0.562344 0.501012
3 0.611 0.681049 0.415543 0.576068
3 0.721213 0.349783 0.523828 0.683313
3 0.140831 0.739609 0.281662 0.490838
0 0.0119606 0.689777 0.0239212 0.612722
3 0.168669 0.5 0.337339 1
3 0.125738 0.452483 0.251476 0.902876
0 0.879433 0.824476 0.241134 0.351047
3 0.555799 0.343927 0.551595 0.687854
0 0.649769 0.0765052 0.700461 0.15301
3 0.647979 0.0413886 0.704042 0.0827771
3 0.746508 0.170894 0.506983 0.341789
3 0.910704 0.796512 0.178592 0.406976
4 0.533665 0.0269793 0.932671 0.0539586
3 0.924231 0.23578 0.151538 0.471559
0 0.873369 0.232785 0.248998 0.456852
3 0.64709 0.246276 0.70582 0.492552
0 0.288047 0.0768023 0.576094 0.153605
0 0.502553 0.781787 0.644879 0.417958
3 0.818411 0.517623 0.363177 0.954482
0 0.0573433 0.807244 0.114687 0.377042
3 0.0870081 0.250999 0.174016 0.501999
3 0.537035 0.688643 0.334555 0.5383
0 0.186955 0.785152 0.371711 0.405493
4 0.413811 0.788294 0.731607 0.39462
3 0.202274 0.708852 0.40261 0.544595
3 0.422526 0.782898 0.684678 0.434204
3 0.649769 0.0765052 0.700461 0.15301
0 0.0262957 0.795999 0.0525914 0.408002
1 0.832616 0.786857 0.334768 0.415345
3 0.32059 0.0592922 0.640675 0.118584
3 0.0108974 0.688493 0.0217949 0.609359
4 0.647979 0.0413886 0.704042 0.0827771
3 0.457268 0.2843 0.654017 0.568601
3 0.0357232 0.245249 0.0714464 0.490498
3 0.423713 0.734677 0.626158 0.496436
3 0.298851 0.296958 0.530749 0.593916
0 0.778969 0.150484 0.442061 0.300968
4 0.714004 0.781349 0.558432 0.437301
3 0.443521 0.0550143 0.887042 0.110029
3 0.873369 0.232785 0.248998 0.456852
4 0.341792 0.786256 0.556533 0.427487
3 0.594358 0.025396 0.791076 0.0507921
3 0.057363 0.735396 0.114726 0.450511
3 0.0185739 0.774022 0.0371477 0.451956
3 0.028534 0.305102 0.057068 0.595664
3 0.703897 0.269012 0.579601 0.538024
4 0.672281 0.291126 0.655437 0.582251
4 0.936255 0.824577 0.127491 0.350846
0 0.905331 0.538911 0.189339 0.90366
3 0.660921 0.648311 0.665938 0.691129
3 0.603583 0.245948 0.479137 0.491895
3 0.879433 0.824476 0.241134 0.351047
4 0.591617 0.781603 0.533513 0.436795
4 0.201024 0.788308 0.385634 0.423385
3 0.312947 0.731775 0.617246 0.509508
4 0.136192 0.810582 0.270485 0.378837
0 0.0140689 0.732252 0.0281377 0.535497
4 0.448865 0.783017 0.706518 0.433966
3 0.0290558 0.798038 0.0581115 0.403923
4 0.158703 0.274056 0.314545 0.529892
3 0.0262957 0.795999 0.0525914 0.408002
4 0.649769 0.0765052 0.700461 0.15301
3 0.928302 0.820274 0.143397 0.359452
0 0.158703 0.274056 0.314545 0.529892
3 0.0140947 0.435214 0.0281893 0.813702
4 0.0290558 0.798038 0.0581115 0.403923
4 0.918345 0.272623 0.0976805 0.347967
4 0.934021 0.32807 0.126831 0.524548
4 0.477889 0.0411709 0.955778 0.0823418
0 0.32612 0.7255 0.633537 0.519285
4 0.948145 0.548185 0.10371 0.162582
3 0.502553 0.781787 0.644879 0.417958
4 0.496381 0.736425 0.674677 0.494999
0 0.0754147 0.805915 0.150829 0.38817
0 0.422526 0.782898 0.684678 0.434204
3 0.0140689 0.732252 0.0281377 0.535497
0 0.944016 0.7346 0.111968 0.475104
0 0.0290558 0.798038 0.0581115 0.403923
4 0.914936 0.526668 0.170128 0.938345
4 0.873369 0.232785 0.248998 0.456852
4 0.944016 0.7346 0.111968 0.475104
0 0.948145 0.548185 0.10371 0.162582
0 0.0103099 0.607874 0.0206199 0.658296
4 0.65967 0.765927 0.68066 0.44414
0 0.45486 0.145463 0.895098 0.290927
0 0.0185739 0.774022 0.0371477 0.451956
3 0.261769 0.0929478 0.523537 0.185896
3 0.0657208 0.801516 0.13118 0.387379
3 0.65967 0.765927 0.68066 0.44414
0 0.936255 0.824577 0.127491 0.350846
4 0.910704 0.796512 0.178592 0.406976
4 0.693425 0.394988 0.573253 0.789573
3 0.865707 0.510952 0.2309 0.869652
4 0.0754147 0.805915 0.150829 0.38817
4 0.603583 0.245948 0.479137 0.491895
2 0.244988 0.781795 0.483746 0.419753
4 0.928302 0.820274 0.143397 0.359452
4 0.0119606 0.689777 0.0239212 0.612722
4 0.350605 0.730499 0.6497 0.50674
0 0.826969 0.520044 0.346062 0.955155
4 0.933475 0.386615 0.13305 0.698152
4 0.621999 0.327281 0.519847 0.654562
4 0.0863592 0.782475 0.172718 0.418768
4 0.557123 0.240431 0.649188 0.480863
4 0.936927 0.244729 0.126147 0.460884
4 0.415913 0.0593085 0.8252 0.118617
0 0.0140947 0.435214 0.0281893 0.813702
2 0.764864 0.751778 0.470272 0.476262
4 0.771781 0.762109 0.456437 0.46118
3 0.463631 0.22947 0.927262 0.458939
3 0.771781 0.762109 0.456437 0.46118
4 0.778084 0.242712 0.443832 0.485423
0 0.836635 0.232095 0.326731 0.464191
4 0.218416 0.147941 0.436833 0.295882
3 0.0607825 0.574016 0.121565 0.609537
0 0.933475 0.386615 0.13305 0.698152
4 0.879433 0.824476 0.241134 0.351047
4 0.0140947 0.435214 0.0281893 0.813702
0 0.454891 0.688741 0.267913 0.518399
4 0.294633 0.788082 0.585631 0.412108
4 0.0629223 0.770594 0.125845 0.444789
3 0.0863592 0.782475 0.172718 0.418768
4 0.778969 0.150484 0.442061 0.300968
2 0.934021 0.32807 0.126831 0.524548
3 0.244988 0.781795 0.483746 0.419753
0 0.140831 0.739609 0.281662 0.490838
0 0.535622 0.780801 0.600672 0.438398
0 0.363795 0.631549 0.422961 0.684772
4 0.028534 0.305102 0.057068 0.595664
0 0.557123 0.240431 0.649188 0.480863
3 0.178025 0.27959 0.356049 0.55918
4 0.0262957 0.795999 0.0525914 0.408002
4 0.338942 0.367247 0.630805 0.722272
4 0.45486 0.145463 0.895098 0.290927
4 0.665192 0.501964 0.606554 0.996071
1 0.918345 0.272623 0.0976805 0.347967
4 0.288047 0.0768023 0.576094 0.153605
0 0.136192 0.810582 0.270485 0.378837
3 0.09117 0.399813 0.18234 0.799194
4 0.0870081 0.250999 0.174016 0.501999
0 0.0870081 0.250999 0.174016 0.501999
0 0.028534 0.305102 0.057068 0.595664
0 0.714004 0.781349 0.558432 0.437301
4 0.537035 0.688643 0.334555 0.5383
0 0.537035 0.688643 0.334555 0.5383
0 0.463631 0.22947 0.927262 0.458939
4 0.0140689 0.732252 0.0281377 0.535497
4 0.35079 0.501334 0.597195 0.997331
2 0.23032 0.6593 0.456685 0.643766
4 0.454891 0.688741 0.267913 0.518399
1 0.220039 0.780779 0.435486 0.408224
4 0.0185739 0.774022 0.0371477 0.451956
0 0.279292 0.502493 0.54561 0.963792
4 0.470837 0.5 0.647047 1
2 0.830066 0.76713 0.339868 0.45988
4 0.23032 0.6593 0.456685 0.643766
4 0.193137 0.445117 0.381797 0.881552
4 0.826061 0.53461 0.344372 0.910722
4 0.0357232 0.245249 0.0714464 0.490498
4 0.0103099 0.607874 0.0206199 0.658296
0 0.0863592 0.782475 0.172718 0.418768
4 0.226192 0.279327 0.438229 0.552322
4 0.363795 0.631549 0.422961 0.684772
4 0.125738 0.452483 0.251476 0.902876
0 0.277618 0.346034 0.465088 0.663094
0 0.226192 0.279327 0.438229 0.552322
4 0.463631 0.22947 0.927262 0.458939
0 0.0357232 0.245249 0.0714464 0.490498
4 0.253645 0.502756 0.491118 0.994487
4 0.392622 0.50321 0.748837 0.993579
0 0.670902 0.345738 0.573277 0.691475
4 0.09117 0.399813 0.18234 0.799194
3 0.45486 0.145463 0.895098 0.290927
4 0.611 0.681049 0.415543 0.576068
0 0.23032 0.6593 0.456685 0.643766
2 0.368731 0.780774 0.71469 0.425866
2 0.623325 0.762171 0.753349 0.461229
4 0.660921 0.648311 0.665938 0.691129
4 0.457268 0.2843 0.654017 0.568601
4 0.140831 0.739609 0.281662 0.490838
0 0.611 0.681049 0.415543 0.576068
4 0.786678 0.291899 0.384084 0.520889
4 0.755888 0.504782 0.48147 0.973191
2 0.28798 0.735536 0.566898 0.499518
3 0.786678 0.291899 0.384084 0.520889
2 0.928302 0.820274 0.143397 0.359452
4 0.277618 0.346034 0.465088 0.663094
1 0.928302 0.820274 0.143397 0.359452
0 0.786678 0.291899 0.384084 0.520889
2 0.932656 0.269051 0.12087 0.377338
1 0.921392 0.341215 0.106619 0.510978
0 0.193137 0.445117 0.381797 0.881552
0 0.603583 0.245948 0.479137 0.491895
2 0.914936 0.526668 0.170128 0.938345
0 0.057363 0.735396 0.114726 0.450511
2 0.879433 0.824476 0.241134 0.351047
2 0.133469 0.266081 0.266938 0.532161
1 0.879433 0.824476 0.241134 0.351047
1 0.694787 0.262516 0.58996 0.525032
2 0.936255 0.824577 0.127491 0.350846
0 0.338942 0.367247 0.630805 0.722272
0 0.555799 0.343927 0.551595 0.687854
1 0.910704 0.796512 0.178592 0.406976
2 0.140831 0.739609 0.281662 0.490838
2 0.826969 0.520044 0.346062 0.955155
2 0.537035 0.688643 0.334555 0.5383
2 0.298851 0.296958 0.530749 0.593916
2 0.611 0.681049 0.415543 0.576068
1 0.327232 0.313949 0.619149 0.627899
1 0.924231 0.23578 0.151538 0.471559
1 0.446208 0.783482 0.738346 0.414702
2 0.478866 0.74951 0.848388 0.488833
0 0.222099 0.787958 0.430981 0.424083
2 0.45486 0.145463 0.895098 0.290927
1 0.905331 0.538911 0.189339 0.90366
0 0.457268 0.2843 0.654017 0.568601
1 0.154784 0.276909 0.306385 0.548933
4 0.0607825 0.574016 0.121565 0.609537
2 0.125738 0.452483 0.251476 0.902876
2 0.0754147 0.805915 0.150829 0.38817
2 0.358277 0.785345 0.599318 0.429311
2 0.778969 0.150484 0.442061 0.300968
2 0.591617 0.781603 0.533513 0.436795
2 0.714004 0.781349 0.558432 0.437301
1 0.622823 0.237567 0.506906 0.473181
3 0.37974 0.789288 0.734615 0.393792
2 0.933475 0.386615 0.13305 0.698152
1 0.873369 0.232785 0.248998 0.456852
1 0.202274 0.708852 0.40261 0.544595
2 0.0262957 0.795999 0.0525914 0.408002
2 0.0108974 0.688493 0.0217949 0.609359
0 0.09117 0.399813 0.18234 0.799194
0 0.125738 0.452483 0.251476 0.902876
2 0.495949 0.255505 0.693587 0.511009
2 0.755888 0.504782 0.48147 0.973191
2 0.136192 0.810582 0.270485 0.378837
4 0.865707 0.510952 0.2309 0.869652
0 0.865707 0.510952 0.2309 0.869652
2 0.0290558 0.798038 0.0581115 0.403923
2 0.944016 0.7346 0.111968 0.475104
2 0.178025 0.27959 0.356049 0.55918
2 0.463631 0.22947 0.927262 0.458939
2 0.363795 0.631549 0.422961 0.684772
1 0.0573433 0.807244 0.114687 0.377042
2 0.948145 0.548185 0.10371 0.162582
2 0.187722 0.492052 0.375445 0.984104
2 0.201024 0.788308 0.385634 0.423385
2 0.028534 0.305102 0.057068 0.595664
2 0.09117 0.399813 0.18234 0.799194
2 0.910704 0.796512 0.178592 0.406976
0 0.31277 0.503034 0.598229 0.993932
2 0.476287 0.783764 0.679229 0.432472
2 0.454891 0.688741 0.267913 0.518399
