0 0.265128 0.546552 0.179746 0.074362
0 0.896744 0.729693 0.206511 0.520566
0 0.265629 0.47003 0.185192 0.22089
0 0.898143 0.547552 0.203715 0.225727
0 0.634494 0.796897 0.431345 0.390281
0 0.834965 0.735497 0.330071 0.515796
0 0.650078 0.350397 0.0602396 0.0702625
0 0.56596 0.0256432 0.86808 0.0512864
0 0.397736 0.0244988 0.783018 0.0489975
0 0.694421 0.342469 0.0285324 0.0495609
0 0.455964 0.050855 0.868052 0.10171
0 0.20914 0.754229 0.41276 0.48575
0 0.665535 0.0354013 0.66893 0.0708026
3 0.384971 0.426183 0.497663 0.852366
0 0.596611 0.728931 0.549179 0.519435
0 0.516676 0.79631 0.645072 0.37896
3 0.624463 0.482195 0.751074 0.96439
0 0.687131 0.0623879 0.625738 0.124776
0 0.628545 0.125546 0.742909 0.251092
3 0.643751 0.730611 0.617167 0.517358
0 0.726767 0.155623 0.546466 0.311245
3 0.666726 0.532587 0.500749 0.932844
0 0.46501 0.745596 0.742012 0.508807
4 0.26607 0.546163 0.186211 0.0845563
0 0.224627 0.052834 0.449254 0.105668
3 0.806837 0.737072 0.386325 0.506159
3 0.779604 0.523766 0.440793 0.952031
0 0.34515 0.752369 0.539157 0.495261
0 0.899058 0.450574 0.201884 0.736337
0 0.773498 0.0603918 0.453004 0.120784
3 0.616438 0.458891 0.0917486 0.296962
1 0.258185 0.546067 0.199028 0.0855963
3 0.317667 0.326229 0.620912 0.652458
3 0.166372 0.340358 0.332745 0.680716
3 0.181337 0.773637 0.354745 0.452726
3 0.277076 0.768371 0.554153 0.463257
3 0.173955 0.5 0.347911 1
3 0.716762 0.774877 0.512801 0.450246
0 0.814924 0.467398 0.370151 0.91157
3 0.123784 0.5 0.247568 1
4 0.834965 0.735497 0.330071 0.515796
3 0.732265 0.0722897 0.535471 0.144579
1 0.895514 0.766993 0.208972 0.463269
3 0.233956 0.301438 0.467912 0.602876
4 0.537602 0.797873 0.608109 0.390163
3 0.489437 0.387998 0.860402 0.775995
3 0.843567 0.36419 0.312867 0.72838
3 0.583889 0.779341 0.71034 0.441318
3 0.140069 0.241508 0.280138 0.483015
0 0.792861 0.546996 0.290827 0.906008
3 0.761972 0.158958 0.476057 0.317915
4 0.20914 0.754229 0.41276 0.48575
0 0.377631 0.719409 0.386308 0.429126
3 0.792861 0.546996 0.290827 0.906008
3 0.17302 0.685443 0.34604 0.629114
3 0.323146 0.377288 0.34307 0.754576
3 0.259317 0.392633 0.215328 0.449566
3 0.224627 0.052834 0.449254 0.105668
3 0.305292 0.0295874 0.610584 0.0591748
0 0.616438 0.458891 0.0917486 0.296962
4 0.894658 0.735979 0.210683 0.503963
3 0.272853 0.476085 0.173285 0.209886
3 0.915934 0.363893 0.168132 0.61323
3 0.899058 0.450574 0.201884 0.736337
3 0.650078 0.350397 0.0602396 0.0702625
1 0.265629 0.47003 0.185192 0.22089
3 0.917017 0.466071 0.165966 0.385191
0 0.275934 0.0372569 0.551868 0.0745138
4 0.583889 0.779341 0.71034 0.441318
3 0.363028 0.240711 0.601725 0.481423
4 0.628545 0.125546 0.742909 0.251092
3 0.91109 0.771589 0.17782 0.456822
3 0.620376 0.682633 0.465922 0.630435
3 0.444807 0.348046 0.496071 0.696093
3 0.437481 0.0240615 0.874961 0.0481231
4 0.448705 0.749967 0.608892 0.500066
4 0.34515 0.752369 0.539157 0.495261
3 0.897958 0.678313 0.204084 0.451621
3 0.694421 0.342469 0.0285324 0.0495609
3 0.691845 0.250114 0.0561359 0.245178
0 0.268087 0.388693 0.19004 0.427315
4 0.596611 0.728931 0.549179 0.519435
3 0.689415 0.495283 0.0535641 0.367946
4 0.594354 0.0553058 0.795465 0.110612
3 0.898858 0.687259 0.202284 0.625481
4 0.265629 0.47003 0.185192 0.22089
3 0.532112 0.721532 0.585275 0.556936
4 0.455964 0.050855 0.868052 0.10171
4 0.635806 0.789012 0.436367 0.415575
4 0.698886 0.186856 0.602228 0.373713
3 0.92834 0.544936 0.143321 0.216215
3 0.641034 0.025387 0.717933 0.0507739
3 0.457957 0.78404 0.525101 0.431919
3 0.198679 0.75678 0.396806 0.479773
3 0.650302 0.441858 0.0708221 0.250915
0 0.445453 0.407817 0.426741 0.815635
4 0.589301 0.025807 0.821397 0.0516139
4 0.91109 0.771589 0.17782 0.456822
3 0.896645 0.774257 0.20671 0.451486
3 0.652369 0.254753 0.071657 0.300355
3 0.676842 0.792807 0.409825 0.407937
3 0.616151 0.556494 0.109063 0.489299
3 0.271744 0.539117 0.17335 0.0910167
3 0.0391094 0.775027 0.0782187 0.449946
0 0.633876 0.694696 0.389291 0.60524
0 0.140868 0.764101 0.281736 0.458192
3 0.0248366 0.276816 0.0496732 0.553632
0 0.395347 0.0725576 0.784977 0.145115
3 0.0184321 0.652015 0.0368641 0.691742
3 0.842565 0.776952 0.31487 0.446095
0 0.917017 0.466071 0.165966 0.385191
3 0.621832 0.788069 0.46664 0.423863
3 0.898143 0.547552 0.203715 0.225727
3 0.796983 0.25855 0.406034 0.517101
3 0.440093 0.716842 0.507276 0.534338
4 0.665535 0.0354013 0.66893 0.0708026
2 0.269357 0.548104 0.180524 0.0846069
3 0.238878 0.188602 0.477756 0.377203
1 0.634838 0.799296 0.427022 0.380722
3 0.698886 0.186856 0.602228 0.373713
0 0.68767 0.770315 0.62466 0.440605
3 0.478404 0.765071 0.735823 0.469857
3 0.192458 0.251062 0.384916 0.502124
3 0.329048 0.512188 0.298574 0.55228
0 0.796983 0.25855 0.406034 0.517101
0 0.717439 0.510326 0.346652 0.978538
4 0.773498 0.0603918 0.453004 0.120784
4 0.562001 0.388523 0.790314 0.777047
3 0.48428 0.513411 0.306046 0.850906
0 0.616151 0.556494 0.109063 0.489299
0 0.489437 0.387998 0.860402 0.775995
2 0.265629 0.47003 0.185192 0.22089
4 0.778024 0.481098 0.443951 0.962196
3 0.0328006 0.792399 0.0656013 0.415203
0 0.405599 0.335529 0.504694 0.671058
3 0.57183 0.803806 0.543458 0.387155
0 0.106789 0.783417 0.213578 0.417081
4 0.898143 0.547552 0.203715 0.225727
0 0.233632 0.544287 0.120781 0.0790417
4 0.363028 0.240711 0.601725 0.481423
0 0.0184321 0.652015 0.0368641 0.691742
4 0.716762 0.774877 0.512801 0.450246
0 0.581932 0.793251 0.532813 0.413497
0 0.325248 0.562993 0.260573 0.165715
3 0.44731 0.302026 0.670259 0.604053
4 0.691845 0.250114 0.0561359 0.245178
0 0.871435 0.779827 0.25713 0.440345
0 0.91109 0.771589 0.17782 0.456822
4 0.386906 0.321926 0.540287 0.643852
0 0.92834 0.544936 0.143321 0.216215
4 0.437481 0.0240615 0.874961 0.0481231
4 0.88944 0.407015 0.22112 0.751023
3 0.386389 0.669637 0.420539 0.424193
3 0.628545 0.125546 0.742909 0.251092
4 0.140868 0.764101 0.281736 0.458192
4 0.705351 0.0733123 0.589298 0.146625
0 0.233956 0.301438 0.467912 0.602876
3 0.313336 0.776888 0.590037 0.430902
4 0.277076 0.768371 0.554153 0.463257
0 0.607508 0.434639 0.768337 0.869278
3 0.0173467 0.572814 0.0346933 0.787823
4 0.233956 0.301438 0.467912 0.602876
0 0.0173467 0.572814 0.0346933 0.787823
0 0.650302 0.441858 0.0708221 0.250915
2 0.893306 0.779657 0.213387 0.427948
4 0.652369 0.254753 0.071657 0.300355
4 0.181337 0.773637 0.354745 0.452726
0 0.44731 0.302026 0.670259 0.604053
3 0.0214474 0.399341 0.0428948 0.781105
3 0.325248 0.562993 0.260573 0.165715
3 0.594354 0.0553058 0.795465 0.110612
4 0.259317 0.392633 0.215328 0.449566
1 0.516676 0.79631 0.645072 0.37896
0 0.17302 0.685443 0.34604 0.629114
0 0.0211126 0.50552 0.0422252 0.859982
4 0.323146 0.377288 0.34307 0.754576
0 0.364807 0.128747 0.729613 0.257495
4 0.915934 0.363893 0.168132 0.61323
4 0.871435 0.779827 0.25713 0.440345
3 0.125409 0.750465 0.250818 0.467092
4 0.305292 0.0295874 0.610584 0.0591748
4 0.224627 0.052834 0.449254 0.105668
0 0.691845 0.250114 0.0561359 0.245178
3 0.0711249 0.328527 0.14225 0.6506
0 0.652369 0.254753 0.071657 0.300355
0 0.192458 0.251062 0.384916 0.502124
4 0.445453 0.407817 0.426741 0.815635
2 0.616151 0.556494 0.109063 0.489299
4 0.917017 0.466071 0.165966 0.385191
0 0.915934 0.363893 0.168132 0.61323
4 0.0328006 0.792399 0.0656013 0.415203
3 0.0874025 0.240736 0.174805 0.481472
2 0.198679 0.75678 0.396806 0.479773
0 0.583889 0.779341 0.71034 0.441318
4 0.743559 0.74173 0.512881 0.50764
3 0.0713661 0.507914 0.142732 0.984172
4 0.796983 0.25855 0.406034 0.517101
0 0.666726 0.532587 0.500749 0.932844
0 0.457957 0.78404 0.525101 0.431919
3 0.105651 0.668265 0.211302 0.660045
2 0.377631 0.719409 0.386308 0.429126
0 0.0328006 0.792399 0.0656013 0.415203
4 0.0211126 0.50552 0.0422252 0.859982
0 0.0366659 0.789531 0.0733319 0.420937
4 0.406567 0.789034 0.755174 0.40227
4 0.67901 0.482215 0.64198 0.96443
0 0.363028 0.240711 0.601725 0.481423
4 0.39377 0.776659 0.503143 0.446682
0 0.0248366 0.276816 0.0496732 0.553632
0 0.689415 0.495283 0.0535641 0.367946
4 0.761972 0.158958 0.476057 0.317915
4 0.395347 0.0725576 0.784977 0.145115
4 0.109192 0.780232 0.218384 0.439536
4 0.792861 0.546996 0.290827 0.906008
0 0.440093 0.716842 0.507276 0.534338
4 0.0204639 0.307837 0.0409279 0.615674
3 0.109192 0.780232 0.218384 0.439536
4 0.694421 0.342469 0.0285324 0.0495609
4 0.717439 0.510326 0.346652 0.978538
4 0.616151 0.556494 0.109063 0.489299
4 0.0184321 0.652015 0.0368641 0.691742
4 0.192458 0.251062 0.384916 0.502124
1 0.898143 0.547552 0.203715 0.225727
0 0.743678 0.473264 0.512644 0.946527
0 0.716762 0.774877 0.512801 0.450246
4 0.685334 0.779277 0.629333 0.422472
2 0.685334 0.779277 0.629333 0.422472
4 0.238878 0.188602 0.477756 0.377203
0 0.143028 0.530113 0.286057 0.924139
4 0.92834 0.544936 0.143321 0.216215
4 0.166372 0.340358 0.332745 0.680716
4 0.0366659 0.789531 0.0733319 0.420937
2 0.44731 0.302026 0.670259 0.604053
0 0.348048 0.770222 0.459461 0.459556
4 0.650078 0.350397 0.0602396 0.0702625
4 0.364807 0.128747 0.729613 0.257495
4 0.843567 0.36419 0.312867 0.72838
0 0.406567 0.789034 0.755174 0.40227
1 0.43413 0.764374 0.732039 0.447764
1 0.831712 0.769495 0.336577 0.438554
2 0.833697 0.780926 0.332606 0.425074
1 0.20822 0.774842 0.413039 0.431797
4 0.0874025 0.240736 0.174805 0.481472
4 0.377631 0.719409 0.386308 0.429126
1 0.259317 0.392633 0.215328 0.449566
4 0.689415 0.495283 0.0535641 0.367946
4 0.140069 0.241508 0.280138 0.483015
4 0.0726549 0.599455 0.14531 0.798306
4 0.0173467 0.572814 0.0346933 0.787823
4 0.0711249 0.328527 0.14225 0.6506
2 0.650302 0.441858 0.0708221 0.250915
4 0.650302 0.441858 0.0708221 0.250915
4 0.143028 0.530113 0.286057 0.924139
0 0.166372 0.340358 0.332745 0.680716
2 0.448705 0.749967 0.608892 0.500066
4 0.616438 0.458891 0.0917486 0.296962
2 0.897697 0.668299 0.204606 0.436017
2 0.633876 0.694696 0.389291 0.60524
2 0.717439 0.510326 0.346652 0.978538
2 0.33371 0.255955 0.597061 0.511909
0 0.321212 0.183336 0.642424 0.366671
1 0.68767 0.770315 0.62466 0.440605
3 0.419243 0.0566921 0.838487 0.113384
3 0.364807 0.128747 0.729613 0.257495
2 0.532112 0.721532 0.585275 0.556936
4 0.666726 0.532587 0.500749 0.932844
2 0.792861 0.546996 0.290827 0.906008
2 0.489437 0.387998 0.860402 0.775995
2 0.202718 0.256417 0.397577 0.512834
0 0.225159 0.186988 0.450318 0.373977
0 0.843567 0.36419 0.312867 0.72838
1 0.652369 0.254753 0.071657 0.300355
2 0.521468 0.796112 0.632715 0.407777
0 0.323146 0.377288 0.34307 0.754576
4 0.105651 0.668265 0.211302 0.660045
4 0.17302 0.685443 0.34604 0.629114
0 0.0874025 0.240736 0.174805 0.481472
1 0.180023 0.657856 0.360045 0.474769
2 0.92834 0.544936 0.143321 0.216215
2 0.689415 0.495283 0.0535641 0.367946
2 0.34515 0.752369 0.539157 0.495261
2 0.225159 0.186988 0.450318 0.373977
0 0.140069 0.241508 0.280138 0.483015
2 0.743559 0.74173 0.512881 0.50764
0 0.0726549 0.599455 0.14531 0.798306
2 0.694421 0.342469 0.0285324 0.0495609
4 0.633876 0.694696 0.389291 0.60524
4 0.48428 0.513411 0.306046 0.850906
2 0.91109 0.771589 0.17782 0.456822
1 0.106789 0.783417 0.213578 0.417081
2 0.166372 0.340358 0.332745 0.680716
2 0.447715 0.793184 0.802298 0.394
1 0.92834 0.544936 0.143321 0.216215
2 0.109192 0.780232 0.218384 0.439536
2 0.420398 0.343087 0.49104 0.686173
1 0.589301 0.025807 0.821397 0.0516139
2 0.814924 0.467398 0.370151 0.91157
2 0.650078 0.350397 0.0602396 0.0702625
2 0.143028 0.530113 0.286057 0.924139
2 0.0874025 0.240736 0.174805 0.481472
0 0.265113 0.546556 0.179755 0.0743657
0 0.896745 0.729709 0.206509 0.520567
0 0.265661 0.469932 0.185101 0.221105
0 0.898132 0.547644 0.203736 0.223844
0 0.634544 0.79693 0.431284 0.390297
0 0.834652 0.735321 0.330696 0.516221
0 0.65002 0.350404 0.0601672 0.0701794
0 0.565794 0.0255667 0.868412 0.0511334
0 0.397375 0.024481 0.78248 0.048962
0 0.694409 0.342573 0.0285534 0.0497104
0 0.455222 0.0508467 0.866204 0.101693
0 0.20924 0.754245 0.412951 0.485828
0 0.665246 0.0349774 0.669509 0.0699548
3 0.385832 0.425672 0.496388 0.851344
3 0.624433 0.48128 0.751135 0.96256
0 0.597452 0.728777 0.54734 0.519732
0 0.516507 0.796372 0.64545 0.378862
0 0.686932 0.0621853 0.626136 0.124371
3 0.645266 0.730463 0.61468 0.517645
0 0.628322 0.12551 0.743356 0.251021
3 0.66854 0.533372 0.496699 0.931256
0 0.728067 0.154142 0.543867 0.308284
0 0.46539 0.745855 0.741244 0.508291
4 0.266083 0.546173 0.186215 0.0845652
0 0.664752 0.177665 0.670495 0.355329
3 0.807629 0.736964 0.384742 0.506428
3 0.780167 0.525279 0.439665 0.949049
0 0.224488 0.0528634 0.448976 0.105727
1 0.258222 0.546083 0.198954 0.0856134
3 0.318047 0.325377 0.620317 0.650754
0 0.344717 0.752355 0.538746 0.495291
3 0.616456 0.457958 0.0915844 0.294892
3 0.166477 0.341157 0.332953 0.682315
3 0.181365 0.773523 0.354701 0.452953
0 0.8991 0.448191 0.201801 0.72814
3 0.277723 0.768269 0.555446 0.463461
0 0.773396 0.0605747 0.453208 0.121149
3 0.173976 0.5 0.347951 1
3 0.716604 0.77483 0.513733 0.45034
3 0.69486 0.78453 0.588559 0.430939
3 0.12368 0.5 0.24736 1
4 0.834652 0.735321 0.330696 0.516221
3 0.732149 0.0727527 0.535703 0.145505
4 0.536734 0.797932 0.609913 0.390118
0 0.814957 0.464927 0.370087 0.905963
3 0.233027 0.301421 0.466054 0.602841
1 0.895495 0.767094 0.20901 0.46311
3 0.843308 0.363181 0.313384 0.726361
3 0.489054 0.387034 0.856145 0.774068
3 0.58343 0.779294 0.711869 0.441411
3 0.140201 0.241323 0.280401 0.482646
3 0.762282 0.157831 0.475437 0.315662
4 0.20924 0.754245 0.412951 0.485828
3 0.793172 0.546513 0.29134 0.906974
3 0.173016 0.685789 0.346031 0.628422
0 0.793172 0.546513 0.29134 0.906974
0 0.376327 0.719733 0.383761 0.429966
3 0.322596 0.376399 0.339741 0.752798
3 0.259535 0.39305 0.214539 0.44839
3 0.224488 0.0528634 0.448976 0.105727
3 0.305172 0.0296443 0.610344 0.0592886
4 0.894716 0.735884 0.210568 0.50422
3 0.272776 0.476058 0.173441 0.20999
3 0.91593 0.363807 0.16814 0.612378
3 0.8991 0.448191 0.201801 0.72814
0 0.616456 0.457958 0.0915844 0.294892
3 0.65002 0.350404 0.0601672 0.0701794
3 0.916945 0.466868 0.16611 0.382704
1 0.265661 0.469932 0.185101 0.221105
4 0.58343 0.779294 0.711869 0.441411
3 0.364796 0.241284 0.597877 0.482567
4 0.628322 0.12551 0.743356 0.251021
3 0.911133 0.771589 0.177733 0.456823
3 0.62172 0.682746 0.462771 0.630217
0 0.275639 0.0372935 0.551278 0.0745871
3 0.43725 0.024098 0.874499 0.0481959
3 0.446795 0.34673 0.48904 0.693459
4 0.44793 0.749885 0.607447 0.50023
4 0.344717 0.752355 0.538746 0.495291
3 0.897986 0.672522 0.204028 0.439415
3 0.694409 0.342573 0.0285534 0.0497104
3 0.691785 0.250167 0.0561569 0.244997
4 0.597452 0.728777 0.54734 0.519732
3 0.689457 0.495272 0.053474 0.36776
4 0.593986 0.0552602 0.796063 0.11052
4 0.265661 0.469932 0.185101 0.221105
3 0.898883 0.687745 0.202234 0.624509
3 0.532455 0.721539 0.582355 0.556922
4 0.455222 0.0508467 0.866204 0.101693
4 0.637082 0.790386 0.433635 0.412887
0 0.268145 0.389173 0.189859 0.426354
4 0.699481 0.184859 0.601039 0.369718
3 0.928271 0.545019 0.143459 0.214911
3 0.640897 0.0251426 0.718206 0.0502853
3 0.650273 0.441535 0.0705845 0.250136
3 0.198729 0.75678 0.396892 0.479865
3 0.457859 0.783958 0.526856 0.432083
4 0.589042 0.0257063 0.821916 0.0514126
4 0.911133 0.771589 0.177733 0.456823
3 0.896604 0.774274 0.206792 0.451452
3 0.65229 0.254487 0.0713642 0.299812
3 0.676459 0.792777 0.411205 0.407947
3 0.616203 0.555376 0.108637 0.486104
0 0.44612 0.406381 0.425198 0.812762
3 0.271694 0.539105 0.173452 0.09101
3 0.0395256 0.775012 0.0790512 0.449975
3 0.0247417 0.27656 0.0494833 0.553119
0 0.140824 0.764095 0.281647 0.458302
0 0.635804 0.694556 0.383808 0.60555
3 0.0186177 0.6521 0.0372354 0.691602
3 0.84248 0.776946 0.315041 0.446107
3 0.621799 0.788051 0.46677 0.423898
3 0.796977 0.260964 0.406045 0.521927
3 0.438715 0.717596 0.504602 0.535298
0 0.394559 0.072826 0.783501 0.145652
3 0.898132 0.547644 0.203736 0.223844
3 0.237549 0.188509 0.475098 0.377017
4 0.665246 0.0349774 0.669509 0.0699548
0 0.916945 0.466868 0.16611 0.382704
2 0.269363 0.54811 0.180533 0.0846113
1 0.634966 0.799344 0.426842 0.38066
3 0.699481 0.184859 0.601039 0.369718
3 0.479275 0.766743 0.734025 0.466515
3 0.328562 0.517553 0.297329 0.540661
3 0.191824 0.249902 0.383649 0.499803
3 0.484603 0.514236 0.304468 0.84936
4 0.773396 0.0605747 0.453208 0.121149
4 0.561967 0.387391 0.788999 0.774782
0 0.686611 0.770418 0.626779 0.440377
2 0.265661 0.469932 0.185101 0.221105
0 0.796977 0.260964 0.406045 0.521927
0 0.718577 0.510464 0.344264 0.978772
3 0.0329951 0.792352 0.0659902 0.415297
3 0.571731 0.803873 0.543746 0.387093
4 0.778541 0.480733 0.442917 0.961467
4 0.898132 0.547644 0.203736 0.223844
0 0.23368 0.544293 0.120895 0.0790543
0 0.616203 0.555376 0.108637 0.486104
4 0.716604 0.77483 0.513733 0.45034
4 0.364796 0.241284 0.597877 0.482567
0 0.408076 0.332914 0.499483 0.665827
0 0.489054 0.387034 0.856145 0.774068
4 0.691785 0.250167 0.0561569 0.244997
3 0.446762 0.299318 0.662312 0.598637
0 0.107103 0.783264 0.214205 0.417413
0 0.581978 0.793311 0.532753 0.413377
0 0.0186177 0.6521 0.0372354 0.691602
3 0.385364 0.671525 0.418752 0.427541
4 0.43725 0.024098 0.874499 0.0481959
4 0.390043 0.320392 0.533922 0.640784
0 0.325 0.563414 0.26026 0.166485
4 0.889498 0.405844 0.221004 0.747345
4 0.140824 0.764095 0.281647 0.458302
3 0.628322 0.12551 0.743356 0.251021
4 0.70528 0.073434 0.589439 0.146868
0 0.871374 0.779836 0.257253 0.440327
0 0.911133 0.771589 0.177733 0.456823
0 0.928271 0.545019 0.143459 0.214911
4 0.277723 0.768269 0.555446 0.463461
3 0.313448 0.776748 0.590615 0.43122
3 0.017466 0.573628 0.0349321 0.786719
4 0.233027 0.301421 0.466054 0.602841
0 0.233027 0.301421 0.466054 0.602841
0 0.607338 0.433507 0.768459 0.867014
2 0.893304 0.77968 0.213391 0.427938
4 0.65229 0.254487 0.0713642 0.299812
4 0.181365 0.773523 0.354701 0.452953
3 0.325 0.563414 0.26026 0.166485
3 0.0213552 0.399848 0.0427104 0.781402
3 0.593986 0.0552602 0.796063 0.11052
4 0.259535 0.39305 0.214539 0.44839
1 0.516507 0.796372 0.64545 0.378862
0 0.017466 0.573628 0.0349321 0.786719
0 0.650273 0.441535 0.0705845 0.250136
0 0.446762 0.299318 0.662312 0.598637
0 0.173016 0.685789 0.346031 0.628422
4 0.322596 0.376399 0.339741 0.752798
4 0.91593 0.363807 0.16814 0.612378
4 0.871374 0.779836 0.257253 0.440327
3 0.125264 0.750641 0.250528 0.467612
0 0.0211224 0.506341 0.0422449 0.858517
4 0.305172 0.0296443 0.610344 0.0592886
4 0.224488 0.0528634 0.448976 0.105727
0 0.363738 0.129596 0.727476 0.259192
4 0.44612 0.406381 0.425198 0.812762
3 0.0712949 0.32923 0.14259 0.652393
2 0.616203 0.555376 0.108637 0.486104
4 0.916945 0.466868 0.16611 0.382704
4 0.0329951 0.792352 0.0659902 0.415297
2 0.198729 0.75678 0.396892 0.479865
3 0.0875114 0.240391 0.175023 0.480782
0 0.691785 0.250167 0.0561569 0.244997
0 0.65229 0.254487 0.0713642 0.299812
0 0.191824 0.249902 0.383649 0.499803
4 0.744064 0.741695 0.511872 0.507759
3 0.0713093 0.508043 0.142619 0.983915
0 0.91593 0.363807 0.16814 0.612378
4 0.796977 0.260964 0.406045 0.521927
0 0.58343 0.779294 0.711869 0.441411
3 0.105527 0.668895 0.211054 0.659816
4 0.69486 0.78453 0.588559 0.430939
2 0.376327 0.719733 0.383761 0.429966
0 0.66854 0.533372 0.496699 0.931256
0 0.457859 0.783958 0.526856 0.432083
4 0.0211224 0.506341 0.0422449 0.858517
4 0.406174 0.789 0.754737 0.402409
4 0.679344 0.480745 0.641312 0.961491
4 0.393593 0.77655 0.505138 0.446899
0 0.0329951 0.792352 0.0659902 0.415297
0 0.0369746 0.789455 0.0739491 0.421089
0 0.364796 0.241284 0.597877 0.482567
4 0.762282 0.157831 0.475437 0.315662
4 0.394559 0.072826 0.783501 0.145652
4 0.109227 0.780057 0.218454 0.439887
4 0.793172 0.546513 0.29134 0.906974
3 0.109227 0.780057 0.218454 0.439887
4 0.0203816 0.307895 0.0407632 0.61579
0 0.0247417 0.27656 0.0494833 0.553119
1 0.898132 0.547644 0.203736 0.223844
0 0.689457 0.495272 0.053474 0.36776
4 0.694409 0.342573 0.0285534 0.0497104
4 0.191824 0.249902 0.383649 0.499803
4 0.616203 0.555376 0.108637 0.486104
4 0.718577 0.510464 0.344264 0.978772
4 0.0186177 0.6521 0.0372354 0.691602
0 0.438715 0.717596 0.504602 0.535298
0 0.744939 0.471362 0.510121 0.942723
4 0.237549 0.188509 0.475098 0.377017
2 0.683137 0.779307 0.633725 0.422447
0 0.716604 0.77483 0.513733 0.45034
4 0.928271 0.545019 0.143459 0.214911
4 0.166477 0.341157 0.332953 0.682315
4 0.0369746 0.789455 0.0739491 0.421089
0 0.142826 0.534721 0.285652 0.914084
4 0.65002 0.350404 0.0601672 0.0701794
2 0.446762 0.299318 0.662312 0.598637
4 0.363738 0.129596 0.727476 0.259192
4 0.843308 0.363181 0.313384 0.726361
1 0.433698 0.765146 0.731332 0.446216
1 0.831128 0.76952 0.337744 0.438465
1 0.208257 0.77472 0.41313 0.432091
4 0.0875114 0.240391 0.175023 0.480782
2 0.832726 0.780937 0.334549 0.425093
0 0.348071 0.770116 0.460725 0.459767
4 0.376327 0.719733 0.383761 0.429966
0 0.406174 0.789 0.754737 0.402409
1 0.259535 0.39305 0.214539 0.44839
4 0.140201 0.241323 0.280401 0.482646
4 0.689457 0.495272 0.053474 0.36776
4 0.897705 0.660358 0.204591 0.419846
4 0.0724836 0.602942 0.144967 0.790817
4 0.017466 0.573628 0.0349321 0.786719
4 0.0712949 0.32923 0.14259 0.652393
2 0.650273 0.441535 0.0705845 0.250136
4 0.650273 0.441535 0.0705845 0.250136
4 0.142826 0.534721 0.285652 0.914084
2 0.44793 0.749885 0.607447 0.50023
4 0.616456 0.457958 0.0915844 0.294892
2 0.897705 0.660358 0.204591 0.419846
2 0.635804 0.694556 0.383808 0.60555
2 0.718577 0.510464 0.344264 0.978772
0 0.166477 0.341157 0.332953 0.682315
2 0.334774 0.256368 0.595959 0.512736
1 0.686611 0.770418 0.626779 0.440377
3 0.418234 0.0564764 0.836469 0.112953
3 0.363738 0.129596 0.727476 0.259192
0 0.320104 0.183523 0.640207 0.367046
2 0.532455 0.721539 0.582355 0.556922
4 0.66854 0.533372 0.496699 0.931256
2 0.907107 0.702532 0.185785 0.556199
2 0.793172 0.546513 0.29134 0.906974
2 0.489054 0.387034 0.856145 0.774068
2 0.201856 0.256641 0.395999 0.513282
1 0.65229 0.254487 0.0713642 0.299812
2 0.521009 0.796184 0.633667 0.407632
0 0.22384 0.186675 0.44768 0.373351
4 0.105527 0.668895 0.211054 0.659816
0 0.843308 0.363181 0.313384 0.726361
0 0.322596 0.376399 0.339741 0.752798
4 0.173016 0.685789 0.346031 0.628422
2 0.928271 0.545019 0.143459 0.214911
1 0.180046 0.658734 0.360092 0.475711
2 0.689457 0.495272 0.053474 0.36776
2 0.344717 0.752355 0.538746 0.495291
2 0.744064 0.741695 0.511872 0.507759
2 0.22384 0.186675 0.44768 0.373351
0 0.0875114 0.240391 0.175023 0.480782
4 0.484603 0.514236 0.304468 0.84936
2 0.694409 0.342573 0.0285534 0.0497104
0 0.140201 0.241323 0.280401 0.482646
2 0.911133 0.771589 0.177733 0.456823
4 0.635804 0.694556 0.383808 0.60555
1 0.107103 0.783264 0.214205 0.417413
0 0.0724836 0.602942 0.144967 0.790817
2 0.447559 0.793216 0.802576 0.394019
2 0.166477 0.341157 0.332953 0.682315
1 0.928271 0.545019 0.143459 0.214911
2 0.109227 0.780057 0.218454 0.439887
2 0.814957 0.464927 0.370087 0.905963
2 0.65002 0.350404 0.0601672 0.0701794
