0 0.503808 0.77032 0.39361 0.458618
1 0.503808 0.77032 0.39361 0.458618
0 0.80804 0.766474 0.383921 0.459103
0 0.214392 0.760703 0.415852 0.46744
0 0.380867 0.762765 0.63689 0.47447
4 0.503808 0.77032 0.39361 0.458618
0 0.157579 0.823434 0.315158 0.346838
0 0.417023 0.278851 0.514452 0.544387
0 0.962743 0.623069 0.0745149 0.562446
3 0.657813 0.510174 0.684375 0.979652
0 0.514921 0.0391221 0.92233 0.0782441
4 0.808136 0.774943 0.383727 0.44551
3 0.792912 0.516147 0.414177 0.967705
3 0.949287 0.830471 0.101427 0.339057
3 0.573925 0.662836 0.292949 0.669113
3 0.806572 0.675123 0.386856 0.640212
3 0.192143 0.493807 0.378842 0.966191
0 0.348807 0.0406578 0.697614 0.0813156
4 0.214392 0.760703 0.415852 0.46744
3 0.262756 0.502538 0.518361 0.994925
3 0.825603 0.739994 0.348793 0.520011
0 0.220904 0.11441 0.441807 0.22882
0 0.523274 0.512768 0.399779 0.958855
2 0.507625 0.772801 0.384602 0.451791
3 0.505632 0.766989 0.380006 0.466023
3 0.636273 0.422715 0.0157497 0.116099
4 0.417023 0.278851 0.514452 0.544387
3 0.181917 0.780476 0.353628 0.439048
3 0.640794 0.777076 0.297539 0.445847
0 0.146157 0.60725 0.29156 0.374381
3 0.158175 0.247773 0.312259 0.476182
3 0.194905 0.698457 0.387288 0.579788
0 0.422479 0.501317 0.547925 0.997366
3 0.588598 0.558484 0.262463 0.836008
3 0.66348 0.772877 0.482796 0.452624
3 0.496464 0.491694 0.414274 0.97659
3 0.220904 0.11441 0.441807 0.22882
3 0.639506 0.3109 0.687417 0.600967
3 0.373535 0.486765 0.651231 0.973531
4 0.640794 0.777076 0.297539 0.445847
3 0.589253 0.0650808 0.821494 0.130162
0 0.808267 0.566613 0.383466 0.847817
0 0.947155 0.682227 0.10569 0.601356
3 0.519067 0.479987 0.683523 0.938877
4 0.949287 0.830471 0.101427 0.339057
3 0.779813 0.32551 0.435806 0.627325
3 0.146157 0.60725 0.29156 0.374381
0 0.302528 0.277513 0.591464 0.539186
3 0.158425 0.82013 0.315288 0.348106
0 0.939959 0.791654 0.120082 0.416691
3 0.939959 0.791654 0.120082 0.416691
3 0.0264878 0.261239 0.0529756 0.522478
3 0.0300125 0.640784 0.0600251 0.691179
3 0.0155279 0.682983 0.0310558 0.634033
4 0.825603 0.739994 0.348793 0.520011
3 0.0195011 0.762182 0.0390022 0.475636
3 0.120837 0.430491 0.239661 0.822337
3 0.114081 0.584021 0.227102 0.364503
0 0.588598 0.558484 0.262463 0.836008
0 0.963679 0.528154 0.0726416 0.678722
3 0.323864 0.0362504 0.647729 0.0725009
4 0.181917 0.780476 0.353628 0.439048
1 0.161736 0.785078 0.31998 0.41872
3 0.196902 0.284699 0.384323 0.554762
3 0.666754 0.0909362 0.666493 0.181872
4 0.808267 0.566613 0.383466 0.847817
3 0.037329 0.560123 0.074658 0.552929
3 0.512983 0.0416197 0.974033 0.0832393
0 0.808555 0.0861501 0.38289 0.1723
3 0.336406 0.763001 0.600658 0.473999
4 0.336406 0.763001 0.600658 0.473999
3 0.16154 0.746306 0.321147 0.490767
3 0.816735 0.772658 0.36653 0.453784
3 0.104187 0.477815 0.207115 0.59183
3 0.769068 0.102912 0.461863 0.205823
3 0.0482662 0.231605 0.0965324 0.463211
3 0.501527 0.312881 0.810136 0.61799
3 0.0731907 0.461024 0.146381 0.650715
4 0.939959 0.791654 0.120082 0.416691
0 0.589253 0.0650808 0.821494 0.130162
0 0.949287 0.830471 0.101427 0.339057
0 0.0155279 0.682983 0.0310558 0.634033
0 0.825603 0.739994 0.348793 0.520011
3 0.0492295 0.396035 0.0984589 0.740766
3 0.0336852 0.296664 0.0673703 0.593327
4 0.966023 0.594334 0.0679543 0.565491
3 0.143626 0.663783 0.2853 0.531971
0 0.037329 0.560123 0.074658 0.552929
3 0.839058 0.408597 0.321884 0.799042
0 0.0300125 0.640784 0.0600251 0.691179
4 0.947155 0.682227 0.10569 0.601356
3 0.947155 0.682227 0.10569 0.601356
3 0.024119 0.797103 0.048238 0.405794
0 0.666754 0.0909362 0.666493 0.181872
0 0.181917 0.780476 0.353628 0.439048
0 0.151661 0.746178 0.303322 0.498351
0 0.769068 0.102912 0.461863 0.205823
3 0.274296 0.073713 0.548592 0.147426
0 0.114081 0.584021 0.227102 0.364503
0 0.274296 0.073713 0.548592 0.147426
3 0.0862141 0.258887 0.172428 0.49483
2 0.80804 0.766474 0.383921 0.459103
4 0.526662 0.0429864 0.946677 0.0859729
3 0.372824 0.282082 0.581707 0.552268
0 0.46847 0.39649 0.539296 0.784719
3 0.668342 0.734103 0.663315 0.528024
1 0.811135 0.774594 0.377731 0.44493
3 0.808555 0.0861501 0.38289 0.1723
4 0.665388 0.502348 0.669224 0.993774
0 0.0731907 0.461024 0.146381 0.650715
0 0.956036 0.455387 0.0879278 0.856371
0 0.573925 0.662836 0.292949 0.669113
4 0.46847 0.39649 0.539296 0.784719
3 0.474798 0.288184 0.575395 0.561748
3 0.870135 0.191099 0.25973 0.382198
0 0.870135 0.191099 0.25973 0.382198
4 0.706376 0.751493 0.587249 0.490128
3 0.959641 0.619037 0.0807177 0.598199
4 0.420557 0.502754 0.60687 0.994492
4 0.151661 0.746178 0.303322 0.498351
0 0.957718 0.314669 0.0845646 0.61111
3 0.46847 0.39649 0.539296 0.784719
4 0.158425 0.82013 0.315288 0.348106
0 0.73524 0.756978 0.52952 0.478276
4 0.923131 0.483373 0.153738 0.85623
0 0.219378 0.497007 0.430161 0.992993
0 0.104187 0.477815 0.207115 0.59183
3 0.957718 0.314669 0.0845646 0.61111
4 0.220904 0.11441 0.441807 0.22882
3 0.966608 0.610797 0.0667847 0.5507
4 0.024119 0.797103 0.048238 0.405794
4 0.589253 0.0650808 0.821494 0.130162
3 0.271261 0.262731 0.529806 0.525461
4 0.0155279 0.682983 0.0310558 0.634033
3 0.923131 0.483373 0.153738 0.85623
4 0.956036 0.455387 0.0879278 0.856371
0 0.0482662 0.231605 0.0965324 0.463211
4 0.523274 0.512768 0.399779 0.958855
4 0.348807 0.0406578 0.697614 0.0813156
0 0.024119 0.797103 0.048238 0.405794
0 0.143626 0.663783 0.2853 0.531971
4 0.219378 0.497007 0.430161 0.992993
4 0.230302 0.253925 0.460605 0.50785
4 0.302528 0.277513 0.591464 0.539186
3 0.877579 0.464492 0.244841 0.888963
4 0.0300125 0.640784 0.0600251 0.691179
0 0.0264878 0.261239 0.0529756 0.522478
3 0.511181 0.239885 0.881448 0.479769
4 0.143626 0.663783 0.2853 0.531971
1 0.3218 0.769965 0.63932 0.456653
0 0.0195011 0.762182 0.0390022 0.475636
0 0.47528 0.315899 0.721252 0.622507
4 0.808555 0.0861501 0.38289 0.1723
3 0.94769 0.437926 0.104619 0.82503
4 0.573925 0.662836 0.292949 0.669113
4 0.0482662 0.231605 0.0965324 0.463211
4 0.037329 0.560123 0.074658 0.552929
0 0.0492295 0.396035 0.0984589 0.740766
4 0.274296 0.073713 0.548592 0.147426
4 0.588598 0.558484 0.262463 0.836008
4 0.742045 0.668004 0.515911 0.663993
1 0.66348 0.772877 0.482796 0.452624
4 0.0731907 0.461024 0.146381 0.650715
4 0.146157 0.60725 0.29156 0.374381
2 0.188313 0.748626 0.372169 0.483532
0 0.665388 0.502348 0.669224 0.993774
4 0.161411 0.202445 0.322822 0.40489
4 0.666754 0.0909362 0.666493 0.181872
4 0.47528 0.315899 0.721252 0.622507
4 0.769068 0.102912 0.461863 0.205823
4 0.0264878 0.261239 0.0529756 0.522478
0 0.511181 0.239885 0.881448 0.479769
4 0.103254 0.559249 0.206508 0.406251
4 0.0862141 0.258887 0.172428 0.49483
4 0.0492295 0.396035 0.0984589 0.740766
0 0.809151 0.390488 0.38144 0.759535
0 0.0336852 0.296664 0.0673703 0.593327
4 0.0336852 0.296664 0.0673703 0.593327
4 0.519067 0.479987 0.683523 0.938877
4 0.104187 0.477815 0.207115 0.59183
4 0.511181 0.239885 0.881448 0.479769
2 0.157934 0.796328 0.315867 0.407344
3 0.242867 0.762867 0.475178 0.466082
4 0.120837 0.430491 0.239661 0.822337
0 0.756875 0.329956 0.48625 0.659911
4 0.31746 0.501104 0.631136 0.997793
1 0.939959 0.791654 0.120082 0.416691
4 0.870135 0.191099 0.25973 0.382198
0 0.201129 0.26532 0.392466 0.513365
4 0.0195011 0.762182 0.0390022 0.475636
4 0.877579 0.464492 0.244841 0.888963
4 0.957718 0.314669 0.0845646 0.61111
0 0.923131 0.483373 0.153738 0.85623
3 0.963679 0.528154 0.0726416 0.678722
0 0.31746 0.501104 0.631136 0.997793
2 0.336406 0.763001 0.600658 0.473999
4 0.685887 0.346015 0.628227 0.69203
1 0.192143 0.493807 0.378842 0.966191
1 0.523274 0.512768 0.399779 0.958855
4 0.779813 0.32551 0.435806 0.627325
1 0.120837 0.430491 0.239661 0.822337
4 0.839058 0.408597 0.321884 0.799042
2 0.949287 0.830471 0.101427 0.339057
2 0.161411 0.202445 0.322822 0.40489
2 0.511181 0.239885 0.881448 0.479769
0 0.0862141 0.258887 0.172428 0.49483
0 0.161411 0.202445 0.322822 0.40489
2 0.616021 0.34253 0.75056 0.685061
1 0.194905 0.698457 0.387288 0.579788
4 0.143378 0.291793 0.283786 0.552759
2 0.174309 0.506244 0.348047 0.987513
1 0.0196853 0.792038 0.0393705 0.415923
2 0.947155 0.682227 0.10569 0.601356
2 0.103254 0.559249 0.206508 0.406251
2 0.939959 0.791654 0.120082 0.416691
2 0.957718 0.314669 0.0845646 0.61111
0 0.877579 0.464492 0.244841 0.888963
2 0.293757 0.495104 0.584748 0.990209
0 0.640794 0.777076 0.297539 0.445847
2 0.024119 0.797103 0.048238 0.405794
2 0.211657 0.240517 0.423314 0.481035
0 0.120837 0.430491 0.239661 0.822337
1 0.959641 0.619037 0.0807177 0.598199
2 0.964413 0.603918 0.0711738 0.556313
1 0.639506 0.3109 0.687417 0.600967
2 0.720624 0.0945104 0.558752 0.189021
2 0.514844 0.491245 0.407333 0.980192
2 0.809151 0.390488 0.38144 0.759535
2 0.296694 0.269845 0.584792 0.539689
2 0.756875 0.329956 0.48625 0.659911
0 0.143378 0.291793 0.283786 0.552759
2 0.104187 0.477815 0.207115 0.59183
1 0.47576 0.276694 0.439098 0.537024
1 0.196902 0.284699 0.384323 0.554762
2 0.808555 0.0861501 0.38289 0.1723
2 0.870135 0.191099 0.25973 0.382198
2 0.429799 0.2864 0.609552 0.5728
2 0.588598 0.558484 0.262463 0.836008
1 0.947155 0.682227 0.10569 0.601356
2 0.625226 0.085101 0.749548 0.170202
2 0.573925 0.662836 0.292949 0.669113
1 0.146157 0.60725 0.29156 0.374381
2 0.120837 0.430491 0.239661 0.822337
2 0.94769 0.437926 0.104619 0.82503
1 0.573925 0.662836 0.292949 0.669113
1 0.103254 0.559249 0.206508 0.406251
2 0.220904 0.11441 0.441807 0.22882
2 0.0336852 0.296664 0.0673703 0.593327
2 0.143378 0.291793 0.283786 0.552759
2 0.501527 0.312881 0.810136 0.61799
2 0.0862141 0.258887 0.172428 0.49483
2 0.425772 0.485804 0.55189 0.971608
0 0.616021 0.34253 0.75056 0.685061
2 0.143626 0.663783 0.2853 0.531971
2 0.0492295 0.396035 0.0984589 0.740766
2 0.641138 0.496855 0.698762 0.952462
1 0.158175 0.247773 0.312259 0.476182
1 0.024119 0.797103 0.048238 0.405794
2 0.348807 0.0406578 0.697614 0.0813156
2 0.0196853 0.792038 0.0393705 0.415923
1 0.104187 0.477815 0.207115 0.59183
2 0.0300125 0.640784 0.0600251 0.691179
2 0.0264878 0.261239 0.0529756 0.522478
2 0.0482662 0.231605 0.0965324 0.463211
2 0.753817 0.502565 0.492365 0.990049
1 0.0311396 0.717552 0.0622793 0.564895
1 0.47528 0.315899 0.721252 0.622507
1 0.372824 0.282082 0.581707 0.552268
2 0.668342 0.734103 0.663315 0.528024
0 0.519067 0.479987 0.683523 0.938877
2 0.146157 0.60725 0.29156 0.374381
2 0.640794 0.777076 0.297539 0.445847
2 0.47576 0.276694 0.439098 0.537024
1 0.0492295 0.396035 0.0984589 0.740766
2 0.46847 0.39649 0.539296 0.784719
1 0.0962605 0.298194 0.192521 0.526634
2 0.0155279 0.682983 0.0310558 0.634033
2 0.274296 0.073713 0.548592 0.147426
2 0.742045 0.668004 0.515911 0.663993
2 0.037329 0.560123 0.074658 0.552929
2 0.0731907 0.461024 0.146381 0.650715
1 0.808555 0.0861501 0.38289 0.1723
1 0.0264878 0.261239 0.0529756 0.522478
1 0.825603 0.739994 0.348793 0.520011
1 0.779813 0.32551 0.435806 0.627325
1 0.808267 0.566613 0.383466 0.847817
1 0.0731907 0.461024 0.146381 0.650715
1 0.143626 0.663783 0.2853 0.531971
1 0.262756 0.502538 0.518361 0.994925
2 0.543276 0.0465891 0.871886 0.0931783
1 0.625226 0.085101 0.749548 0.170202
1 0.668342 0.734103 0.663315 0.528024
1 0.839058 0.408597 0.321884 0.799042
1 0.870135 0.191099 0.25973 0.382198
1 0.949287 0.830471 0.101427 0.339057
1 0.0336852 0.296664 0.0673703 0.593327
1 0.037329 0.560123 0.074658 0.552929
2 0.66348 0.772877 0.482796 0.452624
1 0.503609 0.465835 0.597157 0.92231
2 0.825603 0.739994 0.348793 0.520011
0 0.503804 0.770357 0.393618 0.458594
1 0.503804 0.770357 0.393618 0.458594
0 0.808125 0.766688 0.38375 0.458697
0 0.214284 0.760739 0.415546 0.467401
0 0.381351 0.76279 0.635711 0.47442
4 0.503804 0.770357 0.393618 0.458594
0 0.15761 0.823056 0.31522 0.347588
0 0.417295 0.278929 0.513487 0.544551
3 0.658135 0.510213 0.68373 0.979573
0 0.962793 0.623635 0.0744137 0.561196
4 0.808322 0.775432 0.383356 0.444535
3 0.792989 0.516195 0.414022 0.967611
3 0.806606 0.67488 0.386789 0.64073
3 0.949279 0.830517 0.101442 0.338965
3 0.574111 0.663846 0.291926 0.667174
0 0.515007 0.0393283 0.922286 0.0786567
3 0.191736 0.494365 0.378045 0.967193
4 0.214284 0.760739 0.415546 0.467401
0 0.348768 0.0406353 0.697536 0.0812705
3 0.262417 0.502566 0.517676 0.994867
3 0.825367 0.740841 0.349266 0.518317
3 0.636282 0.422688 0.015692 0.116086
2 0.507633 0.772828 0.384586 0.451811
3 0.505614 0.766984 0.380035 0.466032
0 0.220873 0.113843 0.441746 0.227686
4 0.417295 0.278929 0.513487 0.544551
0 0.523241 0.513613 0.399735 0.957366
3 0.181776 0.780794 0.353305 0.438412
3 0.640833 0.777191 0.29748 0.445619
0 0.145977 0.606801 0.291188 0.371617
3 0.15799 0.248033 0.311932 0.47671
3 0.19452 0.698571 0.38654 0.579466
3 0.589214 0.562082 0.260262 0.826391
3 0.496457 0.491771 0.414236 0.976607
3 0.664358 0.772911 0.484992 0.452595
0 0.423079 0.501335 0.546209 0.997329
3 0.220873 0.113843 0.441746 0.227686
3 0.640762 0.311078 0.685025 0.6012
3 0.374514 0.486756 0.648958 0.973513
4 0.640833 0.777191 0.29748 0.445619
3 0.589287 0.0656032 0.821425 0.131206
3 0.518885 0.480142 0.683454 0.939003
4 0.949279 0.830517 0.101442 0.338965
3 0.780585 0.325708 0.434379 0.627652
3 0.145977 0.606801 0.291188 0.371617
0 0.947026 0.682743 0.105948 0.600399
0 0.808288 0.56771 0.383423 0.845695
3 0.158441 0.819965 0.315314 0.348488
0 0.302355 0.277704 0.590915 0.539577
3 0.939815 0.791991 0.12037 0.416018
3 0.0265643 0.26151 0.0531286 0.523021
3 0.0303949 0.640879 0.0607897 0.690206
3 0.0156187 0.683095 0.0312373 0.63381
4 0.825367 0.740841 0.349266 0.518317
0 0.939815 0.791991 0.12037 0.416018
3 0.0196659 0.762196 0.0393318 0.475608
3 0.120948 0.43108 0.239902 0.823325
3 0.114319 0.583761 0.227569 0.363924
0 0.589214 0.562082 0.260262 0.826391
3 0.323762 0.0361933 0.647524 0.0723865
4 0.181776 0.780794 0.353305 0.438412
1 0.161699 0.785495 0.319902 0.417966
0 0.963676 0.529492 0.0726479 0.676153
3 0.196672 0.284946 0.383843 0.555172
3 0.667027 0.0917 0.665946 0.1834
3 0.0376975 0.560237 0.075395 0.551597
4 0.808288 0.56771 0.383423 0.845695
3 0.512952 0.0419147 0.974095 0.0838295
3 0.336542 0.763228 0.601066 0.473544
4 0.336542 0.763228 0.601066 0.473544
3 0.161478 0.746169 0.321021 0.491055
3 0.104374 0.477819 0.207491 0.591481
3 0.76922 0.10358 0.461559 0.207161
3 0.816712 0.772913 0.366575 0.453081
3 0.0482601 0.231946 0.0965202 0.463893
3 0.501161 0.314366 0.810584 0.6208
0 0.808731 0.0865005 0.382538 0.173001
3 0.0734558 0.461194 0.146912 0.650027
4 0.939815 0.791991 0.12037 0.416018
3 0.0493248 0.396381 0.0986496 0.741149
3 0.033748 0.297172 0.067496 0.594344
0 0.949279 0.830517 0.101442 0.338965
0 0.589287 0.0656032 0.821425 0.131206
0 0.0156187 0.683095 0.0312373 0.63381
0 0.825367 0.740841 0.349266 0.518317
4 0.966027 0.59579 0.0679455 0.56266
3 0.143312 0.661851 0.284673 0.52806
3 0.839151 0.408304 0.321698 0.798399
4 0.947026 0.682743 0.105948 0.600399
3 0.947026 0.682743 0.105948 0.600399
0 0.0376975 0.560237 0.075395 0.551597
3 0.0241887 0.796765 0.0483774 0.406469
0 0.0303949 0.640879 0.0607897 0.690206
3 0.274057 0.0733383 0.548113 0.146677
3 0.0861047 0.259259 0.172209 0.495522
0 0.181776 0.780794 0.353305 0.438412
2 0.808125 0.766688 0.38375 0.458697
0 0.667027 0.0917 0.665946 0.1834
0 0.151607 0.74626 0.303214 0.498153
4 0.526602 0.0433678 0.946797 0.0867357
0 0.76922 0.10358 0.461559 0.207161
3 0.373721 0.282189 0.579662 0.552468
0 0.114319 0.583761 0.227569 0.363924
0 0.274057 0.0733383 0.548113 0.146677
1 0.811213 0.775107 0.377574 0.443894
3 0.668429 0.734191 0.663142 0.527964
3 0.808731 0.0865005 0.382538 0.173001
4 0.666378 0.502362 0.667245 0.993828
3 0.474098 0.28844 0.576726 0.562316
4 0.467778 0.399212 0.539355 0.79012
3 0.870697 0.191131 0.258606 0.382262
0 0.467778 0.399212 0.539355 0.79012
4 0.706398 0.751513 0.587204 0.490157
0 0.0734558 0.461194 0.146912 0.650027
0 0.574111 0.663846 0.291926 0.667174
3 0.959574 0.620376 0.0808525 0.595667
4 0.420635 0.502765 0.605836 0.99447
0 0.956016 0.455485 0.0879681 0.856214
4 0.151607 0.74626 0.303214 0.498153
0 0.870697 0.191131 0.258606 0.382262
3 0.467778 0.399212 0.539355 0.79012
4 0.158441 0.819965 0.315314 0.348488
4 0.923261 0.483511 0.153479 0.855929
0 0.957875 0.3142 0.0842504 0.610119
3 0.957875 0.3142 0.0842504 0.610119
3 0.966627 0.611903 0.066746 0.548517
4 0.220873 0.113843 0.441746 0.227686
4 0.0241887 0.796765 0.0483774 0.406469
4 0.589287 0.0656032 0.821425 0.131206
4 0.0156187 0.683095 0.0312373 0.63381
3 0.271158 0.262904 0.529613 0.525808
0 0.734971 0.757046 0.530059 0.478178
0 0.104374 0.477819 0.207491 0.591481
0 0.219084 0.497032 0.429564 0.99301
3 0.923261 0.483511 0.153479 0.855929
4 0.956016 0.455485 0.0879681 0.856214
4 0.523241 0.513613 0.399735 0.957366
4 0.348768 0.0406353 0.697536 0.0812705
0 0.0482601 0.231946 0.0965202 0.463893
4 0.219084 0.497032 0.429564 0.99301
4 0.230105 0.254035 0.460209 0.50807
4 0.302355 0.277704 0.590915 0.539577
0 0.143312 0.661851 0.284673 0.52806
0 0.0241887 0.796765 0.0483774 0.406469
3 0.510955 0.239987 0.881725 0.479975
3 0.877598 0.464555 0.244805 0.889025
4 0.0303949 0.640879 0.0607897 0.690206
1 0.321404 0.770085 0.638512 0.456362
4 0.143312 0.661851 0.284673 0.52806
0 0.0265643 0.26151 0.0531286 0.523021
3 0.947685 0.437885 0.104629 0.824776
4 0.808731 0.0865005 0.382538 0.173001
4 0.0482601 0.231946 0.0965202 0.463893
4 0.574111 0.663846 0.291926 0.667174
4 0.0376975 0.560237 0.075395 0.551597
0 0.0196659 0.762196 0.0393318 0.475608
4 0.274057 0.0733383 0.548113 0.146677
0 0.474522 0.318085 0.722965 0.626914
1 0.664358 0.772911 0.484992 0.452595
4 0.589214 0.562082 0.260262 0.826391
4 0.743391 0.668382 0.513219 0.663235
4 0.0734558 0.461194 0.146912 0.650027
0 0.0493248 0.396381 0.0986496 0.741149
4 0.145977 0.606801 0.291188 0.371617
2 0.187887 0.748545 0.371317 0.483737
4 0.161024 0.202626 0.322048 0.405252
4 0.667027 0.0917 0.665946 0.1834
4 0.431119 0.305554 0.805936 0.611107
4 0.76922 0.10358 0.461559 0.207161
4 0.0265643 0.26151 0.0531286 0.523021
0 0.666378 0.502362 0.667245 0.993828
4 0.103359 0.559306 0.206719 0.406274
4 0.0861047 0.259259 0.172209 0.495522
4 0.0493248 0.396381 0.0986496 0.741149
0 0.510955 0.239987 0.881725 0.479975
4 0.033748 0.297172 0.067496 0.594344
0 0.809225 0.39047 0.381319 0.759466
4 0.104374 0.477819 0.207491 0.591481
0 0.033748 0.297172 0.067496 0.594344
4 0.518885 0.480142 0.683454 0.939003
4 0.510955 0.239987 0.881725 0.479975
3 0.242873 0.762917 0.475087 0.466026
2 0.157976 0.796056 0.315952 0.407887
4 0.120948 0.43108 0.239902 0.823325
4 0.317208 0.50113 0.630638 0.99774
1 0.939815 0.791991 0.12037 0.416018
4 0.870697 0.191131 0.258606 0.382262
4 0.0196659 0.762196 0.0393318 0.475608
0 0.757218 0.329926 0.485564 0.659852
4 0.877598 0.464555 0.244805 0.889025
4 0.957875 0.3142 0.0842504 0.610119
0 0.200985 0.265477 0.392158 0.513715
3 0.963676 0.529492 0.0726479 0.676153
2 0.336542 0.763228 0.601066 0.473544
0 0.923261 0.483511 0.153479 0.855929
0 0.317208 0.50113 0.630638 0.99774
4 0.686665 0.345933 0.626669 0.691866
1 0.191736 0.494365 0.378045 0.967193
1 0.523241 0.513613 0.399735 0.957366
4 0.780585 0.325708 0.434379 0.627652
1 0.120948 0.43108 0.239902 0.823325
4 0.839151 0.408304 0.321698 0.798399
2 0.949279 0.830517 0.101442 0.338965
2 0.161024 0.202626 0.322048 0.405252
2 0.510955 0.239987 0.881725 0.479975
2 0.616593 0.342733 0.74946 0.685465
0 0.0861047 0.259259 0.172209 0.495522
0 0.161024 0.202626 0.322048 0.405252
1 0.19452 0.698571 0.38654 0.579466
4 0.143037 0.292321 0.283137 0.55346
2 0.173858 0.506246 0.347151 0.987509
1 0.0197993 0.791945 0.0395986 0.41611
2 0.947026 0.682743 0.105948 0.600399
2 0.103359 0.559306 0.206719 0.406274
2 0.939815 0.791991 0.12037 0.416018
2 0.957875 0.3142 0.0842504 0.610119
2 0.292994 0.495132 0.583235 0.990264
0 0.877598 0.464555 0.244805 0.889025
2 0.0241887 0.796765 0.0483774 0.406469
2 0.21138 0.240533 0.42276 0.481066
2 0.964402 0.604925 0.0711964 0.554315
1 0.959574 0.620376 0.0808525 0.595667
0 0.640833 0.777191 0.29748 0.445619
1 0.640762 0.311078 0.685025 0.6012
0 0.120948 0.43108 0.239902 0.823325
2 0.72099 0.0952734 0.55802 0.190547
2 0.809225 0.39047 0.381319 0.759466
2 0.514771 0.491298 0.407141 0.980201
2 0.296599 0.270038 0.584639 0.540076
2 0.757218 0.329926 0.485564 0.659852
2 0.104374 0.477819 0.207491 0.591481
0 0.143037 0.292321 0.283137 0.55346
1 0.475585 0.276744 0.438871 0.537117
1 0.196672 0.284946 0.383843 0.555172
2 0.808731 0.0865005 0.382538 0.173001
2 0.589214 0.562082 0.260262 0.826391
2 0.870697 0.191131 0.258606 0.382262
2 0.430118 0.286407 0.609967 0.572813
1 0.947026 0.682743 0.105948 0.600399
2 0.625378 0.0858031 0.749244 0.171606
2 0.574111 0.663846 0.291926 0.667174
1 0.145977 0.606801 0.291188 0.371617
2 0.947685 0.437885 0.104629 0.824776
1 0.574111 0.663846 0.291926 0.667174
2 0.120948 0.43108 0.239902 0.823325
1 0.103359 0.559306 0.206719 0.406274
2 0.220873 0.113843 0.441746 0.227686
2 0.033748 0.297172 0.067496 0.594344
2 0.143037 0.292321 0.283137 0.55346
2 0.501161 0.314366 0.810584 0.6208
2 0.0861047 0.259259 0.172209 0.495522
2 0.42659 0.485802 0.550017 0.971605
2 0.143312 0.661851 0.284673 0.52806
2 0.0493248 0.396381 0.0986496 0.741149
2 0.642149 0.496849 0.696747 0.952202
1 0.15799 0.248033 0.311932 0.47671
1 0.0241887 0.796765 0.0483774 0.406469
0 0.616593 0.342733 0.74946 0.685465
2 0.348768 0.0406353 0.697536 0.0812705
2 0.0197993 0.791945 0.0395986 0.41611
2 0.0303949 0.640879 0.0607897 0.690206
1 0.104374 0.477819 0.207491 0.591481
2 0.0265643 0.26151 0.0531286 0.523021
2 0.0482601 0.231946 0.0965202 0.463893
2 0.753559 0.502575 0.492883 0.990086
1 0.0313234 0.717627 0.0626468 0.564746
1 0.474522 0.318085 0.722965 0.626914
1 0.373721 0.282189 0.579662 0.552468
2 0.668429 0.734191 0.663142 0.527964
2 0.145977 0.606801 0.291188 0.371617
2 0.640833 0.777191 0.29748 0.445619
2 0.475585 0.276744 0.438871 0.537117
1 0.0493248 0.396381 0.0986496 0.741149
0 0.518885 0.480142 0.683454 0.939003
1 0.0963039 0.298739 0.192608 0.52727
2 0.743391 0.668382 0.513219 0.663235
2 0.0156187 0.683095 0.0312373 0.63381
2 0.274057 0.0733383 0.548113 0.146677
2 0.0734558 0.461194 0.146912 0.650027
2 0.0376975 0.560237 0.075395 0.551597
1 0.808731 0.0865005 0.382538 0.173001
1 0.0265643 0.26151 0.0531286 0.523021
1 0.825367 0.740841 0.349266 0.518317
1 0.780585 0.325708 0.434379 0.627652
1 0.808288 0.56771 0.383423 0.845695
1 0.0734558 0.461194 0.146912 0.650027
1 0.143312 0.661851 0.284673 0.52806
2 0.543169 0.0469595 0.871971 0.0939191
1 0.262417 0.502566 0.517676 0.994867
1 0.625378 0.0858031 0.749244 0.171606
1 0.668429 0.734191 0.663142 0.527964
1 0.839151 0.408304 0.321698 0.798399
1 0.870697 0.191131 0.258606 0.382262
1 0.949279 0.830517 0.101442 0.338965
1 0.033748 0.297172 0.067496 0.594344
1 0.0376975 0.560237 0.075395 0.551597
2 0.664358 0.772911 0.484992 0.452595
1 0.502698 0.466642 0.598391 0.923837
2 0.825367 0.740841 0.349266 0.518317
1 0.672615 0.506894 0.654769 0.986212
