0 0.49966 0.518919 0.0464623 0.0747053
0 0.50074 0.462961 0.0507618 0.191818
0 0.801031 0.54583 0.397939 0.889292
0 0.243837 0.755182 0.479994 0.473218
0 0.474526 0.524664 0.0999596 0.126644
0 0.534707 0.517573 0.0952944 0.0783468
0 0.651546 0.545082 0.696909 0.892566
0 0.391326 0.63099 0.271636 0.583542
0 0.352495 0.758467 0.668004 0.481277
0 0.423011 0.343781 0.553491 0.498248
0 0.498146 0.555629 0.0474514 0.158977
0 0.0604191 0.774064 0.120125 0.444952
3 0.812616 0.740901 0.374767 0.518197
3 0.798577 0.783084 0.402845 0.433832
0 0.500515 0.525818 0.0407154 0.0526048
3 0.727765 0.550057 0.544063 0.883209
0 0.501537 0.0212491 0.941092 0.0424982
0 0.529146 0.299322 0.682412 0.408531
3 0.507283 0.461338 0.7644 0.734783
3 0.2824 0.359796 0.552283 0.524964
0 0.579574 0.710184 0.83959 0.579633
0 0.203522 0.359597 0.403534 0.491769
0 0.551207 0.569735 0.124356 0.184183
3 0.84376 0.52987 0.312481 0.857418
3 0.154222 0.753853 0.292178 0.492295
0 0.499385 0.760473 0.846642 0.467604
3 0.852062 0.393888 0.295875 0.787776
4 0.810233 0.552143 0.379534 0.881709
3 0.478459 0.751664 0.297439 0.496673
0 0.828048 0.694091 0.343904 0.611818
3 0.626732 0.758123 0.352157 0.483754
3 0.204501 0.762657 0.40672 0.470119
0 0.816768 0.779223 0.366465 0.428045
3 0.683386 0.751676 0.31576 0.496649
0 0.943884 0.709274 0.112231 0.581452
0 0.645154 0.765346 0.697713 0.455661
3 0.419835 0.747808 0.318305 0.504384
3 0.942734 0.72305 0.114532 0.553901
3 0.857332 0.735645 0.285337 0.528709
3 0.900692 0.688915 0.198615 0.622169
3 0.612952 0.550874 0.770463 0.896812
4 0.641119 0.552759 0.717763 0.890437
0 0.406716 0.0298642 0.813431 0.0597285
0 0.208306 0.07825 0.416612 0.1565
0 0.350125 0.397103 0.36659 0.57523
0 0.857332 0.735645 0.285337 0.528709
3 0.447716 0.762565 0.421856 0.469349
3 0.766356 0.0840873 0.467288 0.168175
3 0.533381 0.749483 0.319816 0.501034
3 0.615063 0.78073 0.475949 0.438539
4 0.49966 0.518919 0.0464623 0.0747053
3 0.789882 0.320719 0.420235 0.641438
0 0.540964 0.471432 0.136799 0.220945
1 0.834324 0.565523 0.331353 0.868315
3 0.29986 0.549361 0.454495 0.901278
0 0.521296 0.496753 0.681403 0.807956
3 0.742966 0.420774 0.514069 0.742327
4 0.166978 0.357694 0.332421 0.456529
3 0.124352 0.771887 0.246677 0.450917
0 0.29986 0.549361 0.454495 0.901278
3 0.360167 0.744618 0.293075 0.510764
3 0.360523 0.343401 0.494969 0.503037
4 0.817297 0.782296 0.365405 0.435409
3 0.943919 0.546884 0.112161 0.846394
3 0.535886 0.0186068 0.918549 0.0372136
3 0.424311 0.026873 0.848622 0.0537461
0 0.590442 0.631169 0.256057 0.37295
3 0.673699 0.0493231 0.652602 0.0986462
0 0.173187 0.76612 0.344332 0.457991
0 0.651703 0.0314291 0.696593 0.0628583
3 0.67226 0.704472 0.655479 0.578599
0 0.327007 0.0491677 0.654013 0.0983353
3 0.223714 0.750152 0.397137 0.499696
4 0.50074 0.462961 0.0507618 0.191818
3 0.916403 0.382828 0.167193 0.758523
3 0.208306 0.07825 0.416612 0.1565
3 0.199783 0.567131 0.397988 0.852369
3 0.691166 0.263847 0.617667 0.527694
3 0.493856 0.358337 0.763394 0.520278
3 0.327007 0.0491677 0.654013 0.0983353
4 0.494286 0.313998 0.64559 0.438582
3 0.285142 0.0717595 0.570283 0.143519
3 0.167637 0.354962 0.335274 0.539787
3 0.459697 0.322423 0.593128 0.457273
4 0.240648 0.764168 0.474565 0.457159
3 0.350125 0.397103 0.36659 0.57523
1 0.50074 0.462961 0.0507618 0.191818
3 0.860183 0.271414 0.279634 0.542828
3 0.268255 0.459519 0.533839 0.723958
0 0.946884 0.580372 0.106232 0.824476
0 0.0254035 0.781334 0.0508071 0.43596
4 0.942734 0.72305 0.114532 0.553901
3 0.0171619 0.631686 0.0343238 0.72146
0 0.715521 0.0797146 0.568958 0.159429
3 0.534707 0.517573 0.0952944 0.0783468
4 0.946884 0.580372 0.106232 0.824476
4 0.407602 0.759773 0.628403 0.4705
0 0.0741862 0.764593 0.148372 0.470813
0 0.493856 0.358337 0.763394 0.520278
4 0.579574 0.710184 0.83959 0.579633
4 0.857332 0.735645 0.285337 0.528709
3 0.626205 0.364419 0.703821 0.520669
4 0.186875 0.751631 0.366837 0.496738
3 0.0221522 0.775351 0.0443043 0.449299
0 0.809208 0.0820064 0.381584 0.164013
3 0.721385 0.779836 0.552304 0.42707
4 0.391326 0.63099 0.271636 0.583542
3 0.943884 0.709274 0.112231 0.581452
1 0.49966 0.518919 0.0464623 0.0747053
3 0.0494006 0.327621 0.0988012 0.625149
0 0.2824 0.359796 0.552283 0.524964
3 0.308357 0.762951 0.435794 0.474098
3 0.590442 0.631169 0.256057 0.37295
4 0.645154 0.765346 0.697713 0.455661
3 0.918182 0.555041 0.163636 0.889918
3 0.828048 0.694091 0.343904 0.611818
2 0.49966 0.518919 0.0464623 0.0747053
3 0.540964 0.471432 0.136799 0.220945
4 0.317341 0.746398 0.274237 0.507204
3 0.50074 0.462961 0.0507618 0.191818
0 0.0494006 0.327621 0.0988012 0.625149
4 0.540964 0.471432 0.136799 0.220945
0 0.285142 0.0717595 0.570283 0.143519
3 0.809208 0.0820064 0.381584 0.164013
4 0.246634 0.546918 0.489767 0.886295
0 0.112916 0.338308 0.225833 0.583649
3 0.0546353 0.55412 0.109271 0.851772
4 0.900692 0.688915 0.198615 0.622169
4 0.828048 0.694091 0.343904 0.611818
3 0.25699 0.32418 0.513452 0.648361
3 0.367449 0.321356 0.734897 0.642712
0 0.23885 0.442488 0.469422 0.670894
0 0.223714 0.750152 0.397137 0.499696
0 0.0171619 0.631686 0.0343238 0.72146
0 0.287476 0.640179 0.53869 0.718278
3 0.62025 0.171256 0.73203 0.342512
4 0.943884 0.709274 0.112231 0.581452
0 0.942734 0.72305 0.114532 0.553901
0 0.626205 0.364419 0.703821 0.520669
4 0.1215 0.764328 0.23876 0.471343
4 0.0285803 0.777321 0.0571606 0.445357
4 0.57619 0.749505 0.360997 0.500989
4 0.419835 0.747808 0.318305 0.504384
3 0.469375 0.191033 0.778741 0.382066
3 0.0285803 0.777321 0.0571606 0.445357
3 0.112916 0.338308 0.225833 0.583649
0 0.916403 0.382828 0.167193 0.758523
3 0.609076 0.519454 0.542408 0.839409
3 0.0649604 0.315936 0.129921 0.631871
0 0.0285803 0.777321 0.0571606 0.445357
3 0.140872 0.452332 0.281743 0.687934
4 0.563969 0.0202357 0.872062 0.0404714
3 0.506781 0.760357 0.679555 0.469135
4 0.812616 0.740901 0.374767 0.518197
4 0.478459 0.751664 0.297439 0.496673
0 0.753275 0.479032 0.493449 0.743137
0 0.124352 0.771887 0.246677 0.450917
3 0.642058 0.310178 0.614164 0.435998
4 0.208306 0.07825 0.416612 0.1565
4 0.523351 0.771527 0.707498 0.444191
0 0.317341 0.746398 0.274237 0.507204
3 0.287476 0.640179 0.53869 0.718278
4 0.112916 0.338308 0.225833 0.583649
4 0.673699 0.0493231 0.652602 0.0986462
3 0.549442 0.292228 0.689896 0.393697
4 0.809208 0.0820064 0.381584 0.164013
0 0.744836 0.308471 0.510328 0.616942
0 0.860183 0.271414 0.279634 0.542828
1 0.498146 0.555629 0.0474514 0.158977
3 0.0741862 0.764593 0.148372 0.470813
0 0.691366 0.42546 0.608466 0.634643
0 0.80804 0.408476 0.38392 0.742389
0 0.918182 0.555041 0.163636 0.889918
3 0.0604191 0.774064 0.120125 0.444952
4 0.169654 0.562982 0.338552 0.864343
4 0.69099 0.686494 0.61802 0.615059
0 0.392418 0.761794 0.424925 0.476411
4 0.766356 0.0840873 0.467288 0.168175
3 0.0158657 0.720999 0.0317313 0.558001
4 0.927914 0.546563 0.144172 0.846727
4 0.860183 0.271414 0.279634 0.542828
3 0.666944 0.72538 0.466162 0.531192
4 0.450661 0.0246427 0.901322 0.0492853
3 0.551207 0.569735 0.124356 0.184183
3 0.474526 0.524664 0.0999596 0.126644
4 0.0494006 0.327621 0.0988012 0.625149
2 0.80804 0.408476 0.38392 0.742389
0 0.0158657 0.720999 0.0317313 0.558001
4 0.0741862 0.764593 0.148372 0.470813
0 0.615063 0.78073 0.475949 0.438539
4 0.140872 0.452332 0.281743 0.687934
4 0.683386 0.751676 0.31576 0.496649
4 0.0546353 0.55412 0.109271 0.851772
4 0.166977 0.767037 0.329174 0.46055
3 0.432536 0.408089 0.574357 0.637819
2 0.214591 0.764179 0.42541 0.460435
0 0.0649604 0.315936 0.129921 0.631871
0 0.161864 0.359013 0.323728 0.565157
4 0.27023 0.0938065 0.540459 0.187613
0 0.419835 0.747808 0.318305 0.504384
4 0.753275 0.479032 0.493449 0.743137
4 0.371693 0.0374827 0.743386 0.0749654
3 0.343053 0.761664 0.64205 0.467345
0 0.900692 0.688915 0.198615 0.622169
4 0.400843 0.333147 0.479885 0.480697
4 0.0254035 0.781334 0.0508071 0.43596
3 0.49966 0.518919 0.0464623 0.0747053
1 0.166977 0.767037 0.329174 0.46055
0 0.140872 0.452332 0.281743 0.687934
4 0.521296 0.496753 0.681403 0.807956
4 0.447716 0.762565 0.421856 0.469349
0 0.523644 0.769096 0.518444 0.461808
4 0.0604191 0.774064 0.120125 0.444952
2 0.391326 0.63099 0.271636 0.583542
4 0.0649604 0.315936 0.129921 0.631871
0 0.626732 0.758123 0.352157 0.483754
4 0.589573 0.286649 0.643548 0.382951
0 0.169654 0.562982 0.338552 0.864343
0 0.531886 0.14836 0.754118 0.29672
3 0.132966 0.338639 0.265933 0.677278
4 0.531886 0.14836 0.754118 0.29672
4 0.615063 0.78073 0.475949 0.438539
2 0.699818 0.373053 0.585682 0.585681
0 0.642058 0.310178 0.614164 0.435998
0 0.714808 0.649062 0.570385 0.690313
4 0.626205 0.364419 0.703821 0.520669
0 0.469375 0.191033 0.778741 0.382066
4 0.350125 0.397103 0.36659 0.57523
4 0.744836 0.308471 0.510328 0.616942
1 0.0604191 0.774064 0.120125 0.444952
1 0.230565 0.757906 0.456478 0.480415
4 0.0171619 0.631686 0.0343238 0.72146
4 0.916403 0.382828 0.167193 0.758523
4 0.278167 0.356619 0.533103 0.534759
0 0.533381 0.749483 0.319816 0.501034
0 0.666944 0.72538 0.466162 0.531192
0 0.478459 0.751664 0.297439 0.496673
4 0.737011 0.784312 0.50132 0.431376
0 0.310928 0.459326 0.548865 0.729454
4 0.551207 0.569735 0.124356 0.184183
4 0.590442 0.631169 0.256057 0.37295
0 0.0546353 0.55412 0.109271 0.851772
2 0.816768 0.779223 0.366465 0.428045
2 0.642058 0.310178 0.614164 0.435998
0 0.737011 0.784312 0.50132 0.431376
3 0.523577 0.725572 0.855782 0.548856
1 0.828048 0.694091 0.343904 0.611818
4 0.666944 0.72538 0.466162 0.531192
4 0.691366 0.42546 0.608466 0.634643
3 0.498146 0.555629 0.0474514 0.158977
4 0.469375 0.191033 0.778741 0.382066
0 0.683386 0.751676 0.31576 0.496649
2 0.278595 0.545248 0.535813 0.908348
2 0.485699 0.737778 0.825087 0.524443
4 0.534707 0.517573 0.0952944 0.0783468
4 0.132966 0.338639 0.265933 0.677278
2 0.812334 0.595246 0.375332 0.797839
0 0.766447 0.731612 0.401448 0.536776
2 0.534707 0.517573 0.0952944 0.0783468
4 0.498146 0.555629 0.0474514 0.158977
0 0.665734 0.207862 0.668531 0.415724
2 0.551207 0.569735 0.124356 0.184183
0 0.25699 0.32418 0.513452 0.648361
1 0.857332 0.735645 0.285337 0.528709
4 0.310928 0.459326 0.548865 0.729454
2 0.278167 0.356619 0.533103 0.534759
4 0.665734 0.207862 0.668531 0.415724
2 0.498146 0.555629 0.0474514 0.158977
2 0.744836 0.308471 0.510328 0.616942
1 0.946341 0.615464 0.107318 0.765503
1 0.485699 0.737778 0.825087 0.524443
1 0.357371 0.754171 0.677596 0.482723
4 0.80804 0.408476 0.38392 0.742389
2 0.0254035 0.781334 0.0508071 0.43596
2 0.360523 0.343401 0.494969 0.503037
2 0.67226 0.704472 0.655479 0.578599
2 0.662826 0.544465 0.673986 0.893287
4 0.432536 0.408089 0.574357 0.637819
4 0.0158657 0.720999 0.0317313 0.558001
2 0.540964 0.471432 0.136799 0.220945
2 0.0741862 0.764593 0.148372 0.470813
2 0.56795 0.143698 0.776451 0.287396
0 0.51209 0.435472 0.848519 0.680094
2 0.943884 0.709274 0.112231 0.581452
4 0.287476 0.640179 0.53869 0.718278
2 0.916403 0.382828 0.167193 0.758523
2 0.0285803 0.777321 0.0571606 0.445357
4 0.51209 0.435472 0.848519 0.680094
4 0.423575 0.290599 0.839252 0.581198
4 0.474526 0.524664 0.0999596 0.126644
2 0.918745 0.543659 0.162509 0.912683
2 0.942734 0.72305 0.114532 0.553901
0 0.367449 0.321356 0.734897 0.642712
2 0.50074 0.462961 0.0507618 0.191818
2 0.352495 0.758467 0.668004 0.481277
4 0.309015 0.330044 0.618029 0.660088
2 0.666944 0.72538 0.466162 0.531192
4 0.215536 0.321162 0.431071 0.642325
1 0.287476 0.640179 0.53869 0.718278
2 0.946884 0.580372 0.106232 0.824476
0 0.499677 0.518916 0.046475 0.0747262
0 0.500759 0.462984 0.0507312 0.191782
0 0.801146 0.545842 0.397707 0.889376
0 0.24367 0.755179 0.47967 0.473275
0 0.474535 0.524669 0.0999615 0.12661
0 0.534701 0.517555 0.0953263 0.0782782
0 0.652526 0.545091 0.694948 0.89261
0 0.391987 0.631378 0.27033 0.583767
0 0.352018 0.758482 0.666576 0.481277
0 0.423111 0.343903 0.552993 0.498552
0 0.498162 0.55561 0.0474527 0.158827
3 0.81265 0.740976 0.374701 0.518048
0 0.060499 0.774053 0.120292 0.444995
3 0.798643 0.783116 0.402714 0.433768
3 0.728026 0.550124 0.543545 0.883154
0 0.500506 0.525837 0.0407001 0.0526164
3 0.507815 0.461287 0.762709 0.734574
3 0.282275 0.359753 0.55208 0.524934
0 0.501581 0.0212321 0.941148 0.0424643
0 0.529343 0.299641 0.681795 0.409123
0 0.580667 0.710169 0.837351 0.579663
0 0.202705 0.359376 0.401909 0.490331
3 0.843784 0.530318 0.312431 0.858401
3 0.15417 0.753703 0.292121 0.492594
0 0.5511 0.569514 0.124181 0.183787
3 0.852142 0.394162 0.295716 0.788324
4 0.810253 0.552171 0.379493 0.881649
0 0.499843 0.760606 0.844257 0.467303
3 0.478624 0.751676 0.296944 0.496648
3 0.626539 0.75825 0.353121 0.483499
0 0.828142 0.69374 0.343716 0.612519
3 0.204497 0.762674 0.406741 0.470192
3 0.683201 0.75179 0.316026 0.49642
3 0.419999 0.7478 0.317811 0.5044
3 0.942707 0.722897 0.114585 0.554205
3 0.857464 0.735366 0.285071 0.529269
3 0.900523 0.688851 0.198953 0.622298
3 0.613101 0.550903 0.770092 0.896676
0 0.645866 0.765445 0.696061 0.455424
0 0.943869 0.70909 0.112263 0.58182
0 0.816851 0.77924 0.366298 0.428027
4 0.6415 0.552764 0.717 0.890467
3 0.447807 0.762588 0.42149 0.469283
3 0.766398 0.084072 0.467204 0.168144
0 0.406911 0.029792 0.813822 0.059584
3 0.614863 0.780773 0.476322 0.438454
4 0.499677 0.518916 0.046475 0.0747262
3 0.533653 0.74954 0.319771 0.50092
3 0.78981 0.320715 0.420381 0.64143
0 0.208504 0.0783483 0.417007 0.156697
0 0.350442 0.397927 0.3658 0.575279
0 0.857464 0.735366 0.285071 0.529269
3 0.299987 0.549452 0.454161 0.901096
1 0.834379 0.565445 0.331243 0.86852
3 0.74278 0.421316 0.514439 0.743311
4 0.167008 0.358131 0.332478 0.455201
0 0.540892 0.471429 0.136334 0.220618
3 0.124103 0.771881 0.246194 0.450956
3 0.36027 0.744612 0.292992 0.510776
0 0.521548 0.496584 0.680183 0.807561
3 0.360526 0.343489 0.493954 0.503184
4 0.817396 0.782294 0.365208 0.435411
3 0.943954 0.546948 0.112093 0.846539
3 0.535872 0.0186057 0.918384 0.0372113
3 0.424367 0.0268244 0.848734 0.0536487
3 0.673687 0.049282 0.652625 0.0985641
0 0.299987 0.549452 0.454161 0.901096
3 0.671866 0.704436 0.656269 0.578584
0 0.589481 0.630959 0.254057 0.371176
3 0.223846 0.750121 0.397092 0.499759
4 0.500759 0.462984 0.0507312 0.191782
0 0.173178 0.766135 0.344334 0.458003
0 0.651649 0.0314113 0.696701 0.0628227
3 0.91647 0.383196 0.167061 0.758758
0 0.327226 0.0491595 0.654452 0.098319
3 0.208504 0.0783483 0.417007 0.156697
3 0.690974 0.263537 0.618051 0.527074
3 0.199613 0.567356 0.397669 0.851995
3 0.49446 0.314223 0.645138 0.439008
3 0.327226 0.0491595 0.654452 0.098319
4 0.49446 0.314223 0.645138 0.439008
3 0.285294 0.0718305 0.570588 0.143661
4 0.24053 0.76415 0.474346 0.457221
3 0.167726 0.354893 0.335451 0.539344
3 0.350442 0.397927 0.3658 0.575279
1 0.500759 0.462984 0.0507312 0.191782
3 0.86026 0.271244 0.279479 0.542488
3 0.267834 0.460245 0.533024 0.725174
4 0.942707 0.722897 0.114585 0.554205
3 0.0172424 0.631472 0.0344849 0.721955
3 0.534701 0.517555 0.0953263 0.0782782
4 0.946882 0.580412 0.106237 0.824462
4 0.499843 0.760606 0.844257 0.467303
0 0.946882 0.580412 0.106237 0.824462
0 0.0255341 0.781268 0.0510683 0.43602
4 0.857464 0.735366 0.285071 0.529269
4 0.580667 0.710169 0.837351 0.579663
4 0.186861 0.751586 0.366794 0.496828
0 0.715562 0.0797285 0.568875 0.159457
3 0.626162 0.364604 0.703349 0.52103
0 0.0743419 0.764457 0.148684 0.471085
0 0.49444 0.358419 0.761846 0.520525
3 0.0223349 0.775367 0.0446699 0.449266
4 0.343015 0.761676 0.641529 0.467319
3 0.721279 0.779858 0.552505 0.427007
3 0.943869 0.70909 0.112263 0.58182
4 0.391987 0.631378 0.27033 0.583767
1 0.499677 0.518916 0.046475 0.0747262
3 0.0497058 0.327927 0.0994115 0.624716
3 0.308885 0.762935 0.434733 0.474131
0 0.809256 0.0819751 0.381489 0.16395
3 0.589481 0.630959 0.254057 0.371176
3 0.918227 0.555037 0.163546 0.889925
4 0.645866 0.765445 0.696061 0.455424
3 0.828142 0.69374 0.343716 0.612519
2 0.499677 0.518916 0.046475 0.0747262
3 0.540892 0.471429 0.136334 0.220618
0 0.282275 0.359753 0.55208 0.524934
4 0.317578 0.746382 0.273908 0.507235
3 0.500759 0.462984 0.0507312 0.191782
4 0.540892 0.471429 0.136334 0.220618
4 0.246512 0.547031 0.489573 0.886259
3 0.809256 0.0819751 0.381489 0.16395
3 0.0553376 0.554313 0.110675 0.851652
4 0.828142 0.69374 0.343716 0.612519
4 0.900523 0.688851 0.198953 0.622298
3 0.257258 0.324295 0.513915 0.64859
3 0.367689 0.321255 0.735378 0.64251
0 0.0497058 0.327927 0.0994115 0.624716
0 0.285294 0.0718305 0.570588 0.143661
0 0.11345 0.338472 0.2269 0.583361
3 0.620084 0.169863 0.73239 0.339725
4 0.943869 0.70909 0.112263 0.58182
0 0.238648 0.442818 0.469004 0.67111
0 0.223846 0.750121 0.397092 0.499759
0 0.0172424 0.631472 0.0344849 0.721955
4 0.121448 0.764145 0.238682 0.47171
0 0.287356 0.64063 0.538323 0.717399
4 0.0286709 0.7772 0.0573418 0.445601
4 0.576381 0.749627 0.361786 0.500746
0 0.942707 0.722897 0.114585 0.554205
4 0.419999 0.7478 0.317811 0.5044
0 0.626162 0.364604 0.703349 0.52103
3 0.469415 0.190604 0.778061 0.381209
3 0.0286709 0.7772 0.0573418 0.445601
3 0.609115 0.518373 0.538219 0.836629
3 0.11345 0.338472 0.2269 0.583361
3 0.0651264 0.316249 0.130253 0.632497
3 0.141494 0.452206 0.282988 0.687342
4 0.564191 0.0202609 0.871618 0.0405219
3 0.507141 0.760405 0.678191 0.469039
4 0.81265 0.740976 0.374701 0.518048
4 0.478624 0.751676 0.296944 0.496648
0 0.91647 0.383196 0.167061 0.758758
3 0.641766 0.309922 0.614377 0.435412
0 0.0286709 0.7772 0.0573418 0.445601
4 0.208504 0.0783483 0.417007 0.156697
3 0.287356 0.64063 0.538323 0.717399
0 0.753457 0.480164 0.493086 0.745387
4 0.11345 0.338472 0.2269 0.583361
0 0.124103 0.771881 0.246194 0.450956
4 0.673687 0.049282 0.652625 0.0985641
4 0.809256 0.0819751 0.381489 0.16395
0 0.317578 0.746382 0.273908 0.507235
1 0.498162 0.55561 0.0474527 0.158827
3 0.0743419 0.764457 0.148684 0.471085
4 0.169527 0.563351 0.338309 0.863627
3 0.060499 0.774053 0.120292 0.444995
0 0.744745 0.308636 0.510511 0.617272
0 0.86026 0.271244 0.279479 0.542488
4 0.691173 0.686515 0.617654 0.614987
0 0.691191 0.426575 0.608804 0.636851
3 0.0159681 0.720935 0.0319362 0.558129
4 0.766398 0.084072 0.467204 0.168144
4 0.928034 0.546697 0.143931 0.846986
0 0.807898 0.408946 0.384204 0.743267
4 0.86026 0.271244 0.279479 0.542488
4 0.450759 0.0246121 0.901519 0.0492242
3 0.666354 0.725313 0.465754 0.531222
3 0.5511 0.569514 0.124181 0.183787
0 0.918227 0.555037 0.163546 0.889925
3 0.474535 0.524669 0.0999615 0.12661
4 0.0497058 0.327927 0.0994115 0.624716
0 0.392707 0.761795 0.424098 0.476409
2 0.807898 0.408946 0.384204 0.743267
4 0.0743419 0.764457 0.148684 0.471085
4 0.141494 0.452206 0.282988 0.687342
4 0.683201 0.75179 0.316026 0.49642
4 0.0553376 0.554313 0.110675 0.851652
4 0.166923 0.767036 0.329095 0.460604
3 0.432364 0.408841 0.573422 0.639225
0 0.0159681 0.720935 0.0319362 0.558129
2 0.214505 0.764178 0.425261 0.46047
0 0.614863 0.780773 0.476322 0.438454
4 0.270308 0.0940753 0.540616 0.188151
4 0.753457 0.480164 0.493086 0.745387
4 0.371928 0.0374228 0.743856 0.0748455
3 0.343015 0.761676 0.641529 0.467319
4 0.400969 0.333316 0.478927 0.481029
4 0.0255341 0.781268 0.0510683 0.43602
3 0.499677 0.518916 0.046475 0.0747262
0 0.0651264 0.316249 0.130253 0.632497
0 0.161961 0.359004 0.323922 0.564964
1 0.166923 0.767036 0.329095 0.460604
0 0.419999 0.7478 0.317811 0.5044
0 0.900523 0.688851 0.198953 0.622298
4 0.447807 0.762588 0.42149 0.469283
4 0.521548 0.496584 0.680183 0.807561
4 0.060499 0.774053 0.120292 0.444995
2 0.391987 0.631378 0.27033 0.583767
0 0.141494 0.452206 0.282988 0.687342
4 0.0651264 0.316249 0.130253 0.632497
0 0.524142 0.76916 0.518877 0.461681
4 0.589589 0.286699 0.643022 0.38298
3 0.133167 0.338713 0.266334 0.677425
4 0.614863 0.780773 0.476322 0.438454
4 0.532197 0.147162 0.753342 0.294325
2 0.699565 0.373182 0.586194 0.585938
0 0.169527 0.563351 0.338309 0.863627
0 0.626539 0.75825 0.353121 0.483499
4 0.626162 0.364604 0.703349 0.52103
4 0.350442 0.397927 0.3658 0.575279
0 0.532197 0.147162 0.753342 0.294325
4 0.744745 0.308636 0.510511 0.617272
0 0.641766 0.309922 0.614377 0.435412
0 0.71466 0.648087 0.570679 0.692256
0 0.469415 0.190604 0.778061 0.381209
1 0.060499 0.774053 0.120292 0.444995
1 0.230515 0.757918 0.456402 0.480491
4 0.0172424 0.631472 0.0344849 0.721955
4 0.91647 0.383196 0.167061 0.758758
4 0.27806 0.356661 0.532917 0.534778
4 0.736885 0.78432 0.501468 0.431361
4 0.589481 0.630959 0.254057 0.371176
4 0.5511 0.569514 0.124181 0.183787
2 0.816851 0.77924 0.366298 0.428027
2 0.641766 0.309922 0.614377 0.435412
0 0.533653 0.74954 0.319771 0.50092
0 0.478624 0.751676 0.296944 0.496648
0 0.666354 0.725313 0.465754 0.531222
3 0.524044 0.725601 0.853397 0.548797
0 0.310746 0.460408 0.547809 0.73149
0 0.0553376 0.554313 0.110675 0.851652
1 0.828142 0.69374 0.343716 0.612519
4 0.666354 0.725313 0.465754 0.531222
0 0.736885 0.78432 0.501468 0.431361
4 0.691191 0.426575 0.608804 0.636851
3 0.498162 0.55561 0.0474527 0.158827
4 0.469415 0.190604 0.778061 0.381209
2 0.278322 0.545357 0.535307 0.908288
4 0.534701 0.517555 0.0953263 0.0782782
2 0.486176 0.73776 0.822832 0.524481
4 0.133167 0.338713 0.266334 0.677425
0 0.683201 0.75179 0.316026 0.49642
2 0.812284 0.594728 0.375432 0.798896
2 0.534701 0.517555 0.0953263 0.0782782
4 0.498162 0.55561 0.0474527 0.158827
0 0.766269 0.731593 0.401585 0.536814
2 0.5511 0.569514 0.124181 0.183787
0 0.665464 0.206649 0.669073 0.413298
4 0.310746 0.460408 0.547809 0.73149
1 0.857464 0.735366 0.285071 0.529269
4 0.665464 0.206649 0.669073 0.413298
0 0.257258 0.324295 0.513915 0.64859
2 0.498162 0.55561 0.0474527 0.158827
2 0.27806 0.356661 0.532917 0.534778
2 0.744745 0.308636 0.510511 0.617272
1 0.946305 0.615548 0.10739 0.765419
1 0.486176 0.73776 0.822832 0.524481
1 0.357049 0.754175 0.676582 0.482676
4 0.807898 0.408946 0.384204 0.743267
2 0.0255341 0.781268 0.0510683 0.43602
2 0.360526 0.343489 0.493954 0.503184
2 0.671866 0.704436 0.656269 0.578584
2 0.662789 0.544476 0.674063 0.893292
4 0.0159681 0.720935 0.0319362 0.558129
4 0.432364 0.408841 0.573422 0.639225
2 0.540892 0.471429 0.136334 0.220618
2 0.0743419 0.764457 0.148684 0.471085
2 0.568097 0.142755 0.776072 0.285509
2 0.943869 0.70909 0.112263 0.58182
4 0.287356 0.64063 0.538323 0.717399
0 0.51199 0.435192 0.846543 0.679417
2 0.91647 0.383196 0.167061 0.758758
4 0.51199 0.435192 0.846543 0.679417
2 0.0286709 0.7772 0.0573418 0.445601
4 0.423884 0.290328 0.839812 0.580656
4 0.474535 0.524669 0.0999615 0.12661
2 0.918753 0.543678 0.162495 0.912644
2 0.942707 0.722897 0.114585 0.554205
2 0.500759 0.462984 0.0507312 0.191782
2 0.352018 0.758482 0.666576 0.481277
4 0.309222 0.330136 0.618444 0.660273
2 0.666354 0.725313 0.465754 0.531222
4 0.215681 0.321243 0.431362 0.642485
1 0.287356 0.64063 0.538323 0.717399
2 0.946882 0.580412 0.106237 0.824462
0 0.367689 0.321255 0.735378 0.64251
2 0.150899 0.358115 0.301798 0.554598
2 0.121448 0.764145 0.238682 0.47171
