0 0.500281 0.738209 0.298601 0.331602
1 0.501019 0.735247 0.298048 0.345332
0 0.813278 0.779297 0.373445 0.431025
0 0.0969979 0.270879 0.0315128 0.0828022
0 0.596254 0.356367 0.047694 0.0786792
0 0.422944 0.680019 0.0872164 0.400818
0 0.417483 0.634525 0.0753758 0.313759
0 0.583214 0.750997 0.485879 0.353038
0 0.0767206 0.827974 0.153152 0.331341
0 0.486162 0.75626 0.316968 0.434249
2 0.502089 0.741758 0.295553 0.3145
0 0.429557 0.537883 0.044171 0.0454834
0 0.135069 0.283486 0.0792243 0.115537
0 0.633518 0.389419 0.0743473 0.151245
0 0.187593 0.790637 0.367398 0.401053
0 0.503121 0.678657 0.312784 0.420409
0 0.418964 0.546852 0.070042 0.324202
0 0.426925 0.517286 0.0651508 0.274343
3 0.536275 0.783562 0.383396 0.409037
0 0.317668 0.750158 0.341392 0.499683
4 0.501296 0.733612 0.295108 0.340066
0 0.0986774 0.218564 0.035521 0.194538
0 0.396016 0.749962 0.493609 0.483372
0 0.724965 0.762036 0.550071 0.462991
3 0.575285 0.788099 0.368847 0.423802
0 0.262914 0.436235 0.0480772 0.0767732
3 0.509363 0.776794 0.32151 0.446412
3 0.502949 0.581245 0.125975 0.560805
0 0.935393 0.799446 0.129214 0.401109
3 0.500794 0.758775 0.301029 0.370183
0 0.124077 0.812974 0.247147 0.362724
4 0.509363 0.776794 0.32151 0.446412
3 0.272301 0.343045 0.262631 0.68609
0 0.57488 0.380377 0.0778143 0.146056
0 0.604958 0.397709 0.0640722 0.140825
0 0.0986016 0.302182 0.0357525 0.126799
0 0.414525 0.526533 0.0811146 0.446685
0 0.674407 0.46014 0.1104 0.312965
3 0.360274 0.488834 0.130305 0.203554
3 0.681353 0.349021 0.162425 0.603678
3 0.876797 0.563089 0.246406 0.817452
3 0.47722 0.458445 0.189072 0.537504
3 0.918608 0.488538 0.162783 0.763399
3 0.207054 0.34921 0.23384 0.614047
0 0.629625 0.410918 0.0924858 0.127864
3 0.451432 0.385315 0.282409 0.69609
3 0.316056 0.424226 0.184106 0.53986
3 0.739063 0.328594 0.257114 0.647431
0 0.359556 0.617403 0.154638 0.309454
3 0.151921 0.30203 0.303843 0.60406
0 0.59619 0.325679 0.0459555 0.221538
3 0.71365 0.408569 0.185286 0.549687
0 0.287961 0.453497 0.0844533 0.112057
3 0.202586 0.443189 0.103487 0.112207
3 0.174242 0.372979 0.125055 0.231441
3 0.344701 0.35413 0.308275 0.701538
0 0.56934 0.608607 0.151763 0.558783
3 0.885485 0.406356 0.225209 0.667937
3 0.829473 0.697727 0.341054 0.587051
3 0.917745 0.371075 0.164511 0.570175
0 0.167867 0.392682 0.124123 0.353416
3 0.405592 0.436181 0.175887 0.515521
3 0.500351 0.337875 0.569966 0.675749
3 0.351797 0.480015 0.097594 0.344349
0 0.144514 0.313013 0.084089 0.135733
3 0.219925 0.734611 0.427768 0.519182
3 0.786026 0.331963 0.325065 0.663926
3 0.391416 0.327358 0.538865 0.654715
3 0.423536 0.518292 0.0868609 0.434057
3 0.812399 0.410137 0.314846 0.795364
3 0.244744 0.266855 0.489488 0.530039
3 0.543363 0.38096 0.173902 0.644702
3 0.813248 0.549018 0.347202 0.889743
3 0.602114 0.374437 0.0879715 0.560603
0 0.228515 0.761066 0.441226 0.473544
3 0.0986016 0.302182 0.0357525 0.126799
3 0.426925 0.517286 0.0651508 0.274343
3 0.614434 0.316981 0.572197 0.633962
0 0.0942559 0.816065 0.188512 0.367871
3 0.870245 0.302383 0.254327 0.585427
3 0.266443 0.386021 0.149011 0.453358
4 0.575285 0.788099 0.368847 0.423802
4 0.536275 0.783562 0.383396 0.409037
3 0.359556 0.617403 0.154638 0.309454
3 0.108089 0.428859 0.188352 0.233133
3 0.262914 0.436235 0.0480772 0.0767732
3 0.213855 0.387822 0.160087 0.417802
3 0.222287 0.789046 0.425434 0.421908
3 0.611443 0.0502768 0.678617 0.100554
3 0.835709 0.176319 0.328582 0.352639
3 0.645701 0.374058 0.10327 0.570014
0 0.259216 0.406616 0.0471322 0.21228
3 0.949414 0.564474 0.101172 0.334208
0 0.360274 0.488834 0.130305 0.203554
3 0.245809 0.538183 0.132159 0.247156
0 0.0678267 0.767336 0.135653 0.444888
3 0.0901433 0.20556 0.180287 0.411121
0 0.0238161 0.671647 0.0476323 0.631613
3 0.660914 0.259868 0.532359 0.519737
3 0.571828 0.410419 0.0787989 0.402687
3 0.154708 0.336211 0.17191 0.551763
3 0.708317 0.462722 0.154744 0.376851
0 0.300402 0.530016 0.184124 0.194916
0 0.0664118 0.093415 0.132824 0.18683
3 0.754127 0.224253 0.474242 0.448505
3 0.476688 0.0810039 0.845953 0.162008
3 0.940177 0.804283 0.119646 0.391434
3 0.0792301 0.42973 0.129987 0.367627
3 0.259216 0.406616 0.0471322 0.21228
3 0.94553 0.444887 0.108941 0.529472
3 0.167867 0.392682 0.124123 0.353416
2 0.0969979 0.270879 0.0315128 0.0828022
3 0.808551 0.816251 0.375206 0.367498
3 0.791992 0.0755567 0.416017 0.151113
3 0.936479 0.728446 0.127042 0.418433
3 0.287961 0.453497 0.0844533 0.112057
0 0.602114 0.374437 0.0879715 0.560603
3 0.0969979 0.270879 0.0315128 0.0828022
3 0.930491 0.784627 0.139019 0.407058
3 0.503121 0.678657 0.312784 0.420409
3 0.777699 0.532161 0.286821 0.775571
3 0.695909 0.0703491 0.582593 0.140698
3 0.672579 0.424634 0.125168 0.43995
0 0.0185742 0.550637 0.0371484 0.602246
4 0.806989 0.764643 0.386021 0.448322
2 0.482853 0.77837 0.315102 0.443259
4 0.808551 0.816251 0.375206 0.367498
3 0.68257 0.74014 0.634861 0.507458
3 0.160396 0.799796 0.31616 0.400408
3 0.0986774 0.218564 0.035521 0.194538
0 0.114438 0.747378 0.228877 0.481431
3 0.144514 0.313013 0.084089 0.135733
3 0.566663 0.117422 0.816639 0.234844
3 0.653062 0.752539 0.613883 0.387492
3 0.943708 0.299645 0.112584 0.385919
3 0.59619 0.325679 0.0459555 0.221538
0 0.940177 0.804283 0.119646 0.391434
3 0.674407 0.46014 0.1104 0.312965
3 0.114438 0.747378 0.228877 0.481431
3 0.0664118 0.093415 0.132824 0.18683
0 0.0252608 0.425364 0.0505216 0.539698
3 0.300402 0.530016 0.184124 0.194916
0 0.0437305 0.809209 0.0874611 0.37939
3 0.0197747 0.666499 0.0395493 0.583271
3 0.633518 0.389419 0.0743473 0.151245
3 0.126673 0.818626 0.251188 0.362747
3 0.0401491 0.328841 0.0802983 0.527319
3 0.270977 0.207582 0.541954 0.415165
0 0.0287758 0.232149 0.0575516 0.464297
0 0.222287 0.789046 0.425434 0.421908
0 0.645701 0.374058 0.10327 0.570014
4 0.940177 0.804283 0.119646 0.391434
3 0.319555 0.0711837 0.639109 0.142367
0 0.943708 0.299645 0.112584 0.385919
3 0.919572 0.139994 0.160857 0.279989
3 0.286892 0.125398 0.573784 0.250796
3 0.596254 0.356367 0.047694 0.0786792
0 0.543941 0.0969417 0.826034 0.193883
3 0.405404 0.784912 0.341209 0.430177
0 0.174242 0.372979 0.125055 0.231441
0 0.695909 0.0703491 0.582593 0.140698
3 0.94677 0.225915 0.106461 0.333531
3 0.57488 0.380377 0.0778143 0.146056
0 0.286941 0.0857054 0.573883 0.171411
0 0.405404 0.784912 0.341209 0.430177
1 0.814989 0.7872 0.370021 0.42241
0 0.94677 0.225915 0.106461 0.333531
3 0.150452 0.698581 0.283127 0.572796
3 0.120154 0.191306 0.240308 0.382612
0 0.0401491 0.328841 0.0802983 0.527319
0 0.245809 0.538183 0.132159 0.247156
3 0.0630762 0.316729 0.0916752 0.202432
0 0.270977 0.207582 0.541954 0.415165
3 0.287934 0.428712 0.0722084 0.241544
0 0.344701 0.35413 0.308275 0.701538
3 0.488339 0.623103 0.20385 0.533206
0 0.286892 0.125398 0.573784 0.250796
3 0.882254 0.0722746 0.235492 0.144549
3 0.0557726 0.281836 0.110819 0.358495
0 0.882254 0.0722746 0.235492 0.144549
3 0.422944 0.680019 0.0872164 0.400818
3 0.0359088 0.373286 0.0718177 0.506638
0 0.287934 0.428712 0.0722084 0.241544
0 0.0348738 0.720435 0.0697476 0.553344
0 0.654407 0.475376 0.154512 0.228843
0 0.635509 0.412831 0.0769024 0.395979
3 0.063661 0.244961 0.127322 0.485012
0 0.611443 0.0502768 0.678617 0.100554
3 0.604958 0.397709 0.0640722 0.140825
1 0.50386 0.66901 0.308274 0.443132
0 0.213855 0.387822 0.160087 0.417802
0 0.0359088 0.373286 0.0718177 0.506638
0 0.130867 0.306065 0.104718 0.42165
4 0.381357 0.77773 0.519722 0.423588
0 0.0901433 0.20556 0.180287 0.411121
3 0.0185742 0.550637 0.0371484 0.602246
0 0.919572 0.139994 0.160857 0.279989
0 0.945245 0.385389 0.109509 0.547762
0 0.441928 0.0762267 0.80472 0.152453
3 0.0647172 0.742729 0.129434 0.44478
0 0.488339 0.623103 0.20385 0.533206
2 0.583214 0.750997 0.485879 0.353038
3 0.635509 0.412831 0.0769024 0.395979
3 0.381357 0.77773 0.519722 0.423588
4 0.0969979 0.270879 0.0315128 0.0828022
0 0.451052 0.331233 0.531153 0.662465
0 0.120154 0.191306 0.240308 0.382612
2 0.50386 0.66901 0.308274 0.443132
4 0.0462977 0.817334 0.0925953 0.365333
3 0.0287758 0.232149 0.0575516 0.464297
4 0.0986774 0.218564 0.035521 0.194538
3 0.0252608 0.425364 0.0505216 0.539698
0 0.063661 0.244961 0.127322 0.485012
3 0.041588 0.771175 0.083176 0.455264
0 0.338448 0.308804 0.514126 0.617608
4 0.418964 0.546852 0.070042 0.324202
0 0.791992 0.0755567 0.416017 0.151113
3 0.0917334 0.663498 0.183467 0.496912
0 0.351797 0.480015 0.097594 0.344349
0 0.12195 0.288245 0.243899 0.57649
0 0.617668 0.734478 0.53061 0.488728
0 0.555754 0.326147 0.564697 0.652295
4 0.460204 0.75597 0.375164 0.36923
2 0.0986774 0.218564 0.035521 0.194538
0 0.154708 0.336211 0.17191 0.551763
3 0.795964 0.764201 0.408073 0.452869
4 0.160396 0.799796 0.31616 0.400408
4 0.209165 0.762507 0.413563 0.462249
0 0.543363 0.38096 0.173902 0.644702
0 0.0462977 0.817334 0.0925953 0.365333
4 0.939708 0.79832 0.120584 0.40336
0 0.202586 0.443189 0.103487 0.112207
4 0.943708 0.299645 0.112584 0.385919
0 0.108089 0.428859 0.188352 0.233133
4 0.945245 0.385389 0.109509 0.547762
3 0.56934 0.608607 0.151763 0.558783
4 0.555754 0.326147 0.564697 0.652295
3 0.0348738 0.720435 0.0697476 0.553344
3 0.0555738 0.385217 0.111148 0.336761
3 0.629625 0.410918 0.0924858 0.127864
3 0.0462977 0.817334 0.0925953 0.365333
4 0.405404 0.784912 0.341209 0.430177
0 0.0630762 0.316729 0.0916752 0.202432
0 0.79287 0.811575 0.387707 0.376851
3 0.130867 0.306065 0.104718 0.42165
0 0.936479 0.728446 0.127042 0.418433
3 0.721615 0.552113 0.18809 0.373627
4 0.653062 0.752539 0.613883 0.387492
4 0.59619 0.325679 0.0459555 0.221538
4 0.222287 0.789046 0.425434 0.421908
1 0.162196 0.806711 0.321451 0.372469
2 0.56934 0.608607 0.151763 0.558783
0 0.272301 0.343045 0.262631 0.68609
2 0.405404 0.784912 0.341209 0.430177
2 0.596254 0.356367 0.047694 0.0786792
4 0.126673 0.818626 0.251188 0.362747
4 0.338448 0.308804 0.514126 0.617608
3 0.0573244 0.430792 0.114649 0.454431
1 0.0767206 0.827974 0.153152 0.331341
4 0.724965 0.762036 0.550071 0.462991
3 0.418964 0.546852 0.070042 0.324202
3 0.654407 0.475376 0.154512 0.228843
4 0.566663 0.117422 0.816639 0.234844
3 0.667561 0.702078 0.361026 0.595844
0 0.502949 0.581245 0.125975 0.560805
0 0.806041 0.695749 0.387917 0.580611
4 0.602114 0.374437 0.0879715 0.560603
3 0.135069 0.283486 0.0792243 0.115537
4 0.0437305 0.809209 0.0874611 0.37939
4 0.936479 0.728446 0.127042 0.418433
4 0.919572 0.139994 0.160857 0.279989
0 0.225742 0.278429 0.451483 0.554538
0 0.723605 0.251076 0.481586 0.502153
4 0.596254 0.356367 0.047694 0.0786792
4 0.426925 0.517286 0.0651508 0.274343
4 0.791992 0.0755567 0.416017 0.151113
2 0.604958 0.397709 0.0640722 0.140825
4 0.94677 0.225915 0.106461 0.333531
4 0.0767206 0.827974 0.153152 0.331341
4 0.882254 0.0722746 0.235492 0.144549
0 0.785318 0.19513 0.429363 0.390261
2 0.0986016 0.302182 0.0357525 0.126799
2 0.199539 0.740069 0.396271 0.502473
0 0.0792301 0.42973 0.129987 0.367627
0 0.571828 0.410419 0.0787989 0.402687
2 0.135069 0.283486 0.0792243 0.115537
0 0.681353 0.349021 0.162425 0.603678
0 0.451432 0.385315 0.282409 0.69609
0 0.0555738 0.385217 0.111148 0.336761
4 0.0901433 0.20556 0.180287 0.411121
2 0.59619 0.325679 0.0459555 0.221538
4 0.0664118 0.093415 0.132824 0.18683
0 0.207054 0.34921 0.23384 0.614047
4 0.441928 0.0762267 0.80472 0.152453
0 0.672579 0.424634 0.125168 0.43995
4 0.151921 0.30203 0.303843 0.60406
1 0.426925 0.517286 0.0651508 0.274343
0 0.0917334 0.663498 0.183467 0.496912
4 0.244744 0.266855 0.489488 0.530039
2 0.150452 0.698581 0.283127 0.572796
0 0.500284 0.73823 0.298616 0.331592
1 0.501025 0.73527 0.298068 0.345309
0 0.813382 0.77935 0.373235 0.430937
0 0.0970139 0.270858 0.0315307 0.0827592
0 0.596298 0.3562 0.047706 0.0783002
0 0.42297 0.680006 0.0872142 0.400767
0 0.417487 0.634648 0.0753639 0.314005
0 0.582342 0.751097 0.484115 0.35288
0 0.0769928 0.828089 0.1537 0.331147
2 0.502099 0.741798 0.295544 0.314471
0 0.429569 0.537898 0.0441568 0.0454702
0 0.13506 0.283448 0.0793312 0.115448
0 0.633899 0.388525 0.0737078 0.149396
0 0.187466 0.790796 0.36718 0.400783
0 0.503133 0.678655 0.312749 0.420349
0 0.418964 0.546686 0.0700117 0.323664
3 0.536356 0.783713 0.383504 0.408774
0 0.426927 0.517549 0.0651529 0.274655
0 0.318191 0.750203 0.339708 0.499594
4 0.501307 0.733658 0.295108 0.340012
0 0.0986936 0.21856 0.0355307 0.194431
0 0.396996 0.749885 0.491701 0.483353
0 0.725853 0.762073 0.548295 0.462979
3 0.575532 0.788161 0.368521 0.423678
3 0.509313 0.776784 0.321354 0.446432
0 0.262963 0.436112 0.0481044 0.0764453
3 0.503091 0.581242 0.125912 0.560734
3 0.500801 0.758792 0.301054 0.370195
0 0.935406 0.799491 0.129188 0.401017
0 0.123909 0.813123 0.246821 0.362469
4 0.509313 0.776784 0.321354 0.446432
3 0.272258 0.342972 0.262058 0.685945
0 0.492559 0.778507 0.285062 0.442986
0 0.574903 0.379812 0.0777901 0.144895
0 0.604998 0.39768 0.06408 0.140639
0 0.098622 0.302209 0.0357898 0.12679
3 0.360344 0.488593 0.129875 0.202862
0 0.67491 0.459516 0.109261 0.311517
3 0.681425 0.349205 0.161774 0.603115
0 0.414564 0.526576 0.0810112 0.446695
3 0.876602 0.563417 0.246796 0.817247
3 0.477259 0.45851 0.189055 0.537202
3 0.918614 0.488722 0.162773 0.763227
3 0.207042 0.349243 0.233378 0.613797
3 0.451495 0.385478 0.282103 0.695638
0 0.629868 0.410859 0.0922504 0.127225
3 0.316578 0.424229 0.182518 0.537732
3 0.739034 0.328723 0.256707 0.647399
3 0.151701 0.302163 0.303403 0.604326
0 0.359777 0.61677 0.15412 0.308167
3 0.713571 0.408733 0.184698 0.548039
0 0.596237 0.325121 0.0459391 0.21992
3 0.202879 0.443059 0.103079 0.111764
3 0.174351 0.372834 0.125012 0.230933
3 0.344882 0.354072 0.307477 0.700866
3 0.885584 0.406428 0.224843 0.667017
0 0.288036 0.453312 0.0841072 0.111576
3 0.829357 0.697933 0.341287 0.586835
3 0.917798 0.371161 0.164405 0.569913
3 0.405639 0.436244 0.175582 0.514643
0 0.569426 0.60863 0.151551 0.558657
3 0.500379 0.337915 0.569391 0.675831
3 0.351903 0.479637 0.0971753 0.343489
3 0.219792 0.734542 0.427371 0.519346
0 0.167805 0.392679 0.124333 0.353355
3 0.78608 0.332066 0.324869 0.664132
3 0.391678 0.327384 0.537735 0.654768
3 0.423562 0.518521 0.0868164 0.434425
0 0.14452 0.313016 0.084148 0.135666
3 0.244689 0.267519 0.489378 0.531344
3 0.812383 0.410142 0.314713 0.794694
3 0.81341 0.549173 0.346671 0.88886
3 0.543254 0.381001 0.173795 0.644087
3 0.602122 0.374342 0.0876678 0.55975
3 0.098622 0.302209 0.0357898 0.12679
3 0.426927 0.517549 0.0651529 0.274655
3 0.61464 0.317054 0.571517 0.634109
3 0.87047 0.302479 0.25363 0.58496
3 0.266633 0.385728 0.148233 0.452253
4 0.575532 0.788161 0.368521 0.423678
4 0.536356 0.783713 0.383504 0.408774
3 0.359777 0.61677 0.15412 0.308167
0 0.228335 0.761009 0.440783 0.473736
3 0.10801 0.428851 0.188429 0.23265
0 0.0944498 0.816206 0.1889 0.367587
3 0.262963 0.436112 0.0481044 0.0764453
3 0.213949 0.387615 0.15974 0.41729
3 0.222003 0.789265 0.424799 0.42147
3 0.611568 0.0506592 0.678416 0.101318
3 0.835978 0.176563 0.328045 0.353125
3 0.645938 0.374045 0.102465 0.569428
3 0.949447 0.564399 0.101107 0.333569
3 0.246137 0.536931 0.131162 0.244771
3 0.661122 0.260314 0.531964 0.520627
3 0.0900302 0.20587 0.18006 0.41174
3 0.571862 0.40972 0.078727 0.400975
3 0.154718 0.33626 0.171894 0.55202
3 0.708358 0.462503 0.154128 0.375422
3 0.754161 0.224888 0.474054 0.449776
3 0.476734 0.0818196 0.845115 0.163639
0 0.259276 0.406132 0.047066 0.211032
3 0.940199 0.804362 0.119603 0.391276
0 0.360344 0.488593 0.129875 0.202862
3 0.0792265 0.429889 0.130105 0.367536
0 0.0678609 0.767349 0.135722 0.444986
3 0.259276 0.406132 0.047066 0.211032
0 0.300349 0.529047 0.183372 0.193061
0 0.023847 0.671839 0.047694 0.631379
3 0.945572 0.445158 0.108856 0.528582
3 0.167805 0.392679 0.124333 0.353355
2 0.0970139 0.270858 0.0315307 0.0827592
0 0.0659309 0.0939757 0.131862 0.187951
3 0.808584 0.816268 0.375055 0.367463
3 0.792067 0.0758767 0.415866 0.151753
3 0.936449 0.728492 0.127102 0.41849
3 0.288036 0.453312 0.0841072 0.111576
3 0.0970139 0.270858 0.0315307 0.0827592
3 0.930424 0.784671 0.139152 0.407046
3 0.503133 0.678655 0.312749 0.420349
3 0.777724 0.531913 0.286473 0.773467
3 0.69597 0.0707413 0.582308 0.141483
0 0.602122 0.374342 0.0876678 0.55975
3 0.672844 0.424433 0.124457 0.438804
4 0.807225 0.764664 0.385549 0.448359
4 0.808584 0.816268 0.375055 0.367463
2 0.482774 0.778385 0.315091 0.443229
3 0.682643 0.740125 0.634713 0.507547
3 0.160374 0.800124 0.316141 0.399753
3 0.0986936 0.21856 0.0355307 0.194431
0 0.0185571 0.550856 0.0371142 0.600751
3 0.14452 0.313016 0.084148 0.135666
3 0.566818 0.118593 0.816394 0.237186
3 0.651896 0.752633 0.611536 0.386962
3 0.596237 0.325121 0.0459391 0.21992
0 0.114233 0.747473 0.228465 0.481209
3 0.943716 0.299745 0.112568 0.385646
3 0.67491 0.459516 0.109261 0.311517
3 0.114233 0.747473 0.228465 0.481209
3 0.0659309 0.0939757 0.131862 0.187951
3 0.300349 0.529047 0.183372 0.193061
0 0.940199 0.804362 0.119603 0.391276
3 0.019788 0.666929 0.0395759 0.582331
3 0.633899 0.388525 0.0737078 0.149396
3 0.0401466 0.328992 0.0802932 0.527309
3 0.12664 0.81875 0.251141 0.3625
3 0.270729 0.208993 0.541457 0.417985
0 0.025227 0.425478 0.0504539 0.53903
4 0.940199 0.804362 0.119603 0.391276
3 0.31915 0.0718394 0.6383 0.143679
0 0.0438383 0.809262 0.0876766 0.37935
3 0.919867 0.140149 0.160265 0.280297
3 0.286716 0.12668 0.573433 0.253359
3 0.596298 0.3562 0.047706 0.0783002
3 0.405228 0.785126 0.340234 0.429748
3 0.946827 0.225962 0.106346 0.333851
0 0.222003 0.789265 0.424799 0.42147
0 0.0287479 0.232731 0.0574958 0.465462
0 0.645938 0.374045 0.102465 0.569428
3 0.574903 0.379812 0.0777901 0.144895
1 0.815034 0.787223 0.369932 0.422358
0 0.943716 0.299745 0.112568 0.385646
3 0.150485 0.698568 0.282889 0.572666
3 0.119631 0.192605 0.239261 0.385211
0 0.544052 0.0978796 0.825617 0.195759
0 0.174351 0.372834 0.125012 0.230933
0 0.69597 0.0707413 0.582308 0.141483
0 0.286669 0.086394 0.573337 0.172788
0 0.405228 0.785126 0.340234 0.429748
3 0.0630706 0.317014 0.0916779 0.202971
0 0.946827 0.225962 0.106346 0.333851
3 0.288082 0.428318 0.0717275 0.240603
3 0.488398 0.623168 0.203706 0.533016
0 0.246137 0.536931 0.131162 0.244771
0 0.0401466 0.328992 0.0802932 0.527309
3 0.882539 0.0725121 0.234922 0.145024
3 0.0557509 0.282328 0.110845 0.359351
0 0.270729 0.208993 0.541457 0.417985
3 0.42297 0.680006 0.0872142 0.400767
3 0.0358863 0.373324 0.0717726 0.506611
0 0.344882 0.354072 0.307477 0.700866
0 0.286716 0.12668 0.573433 0.253359
0 0.882539 0.0725121 0.234922 0.145024
3 0.0635797 0.245591 0.127159 0.486261
3 0.604998 0.39768 0.06408 0.140639
0 0.654933 0.474186 0.153238 0.225473
0 0.288082 0.428318 0.0717275 0.240603
0 0.0349411 0.720463 0.0698821 0.553287
0 0.635882 0.412317 0.0761109 0.394337
1 0.50386 0.669002 0.308232 0.443082
4 0.381699 0.77775 0.519026 0.423642
0 0.611568 0.0506592 0.678416 0.101318
0 0.213949 0.387615 0.15974 0.41729
3 0.0185571 0.550856 0.0371142 0.600751
0 0.130876 0.306192 0.104745 0.421764
0 0.0358863 0.373324 0.0717726 0.506611
0 0.0900302 0.20587 0.18006 0.41174
3 0.0648171 0.742693 0.129634 0.444482
2 0.582342 0.751097 0.484115 0.35288
3 0.635882 0.412317 0.0761109 0.394337
3 0.381699 0.77775 0.519026 0.423642
4 0.0970139 0.270858 0.0315307 0.0827592
2 0.50386 0.669002 0.308232 0.443082
0 0.919867 0.140149 0.160265 0.280297
4 0.0464324 0.817388 0.0928648 0.365224
3 0.0287479 0.232731 0.0574958 0.465462
4 0.0986936 0.21856 0.0355307 0.194431
3 0.025227 0.425478 0.0504539 0.53903
0 0.945279 0.385614 0.109442 0.547417
3 0.0417041 0.77119 0.0834081 0.455248
0 0.441875 0.077134 0.804205 0.154268
0 0.488398 0.623168 0.203706 0.533016
4 0.418964 0.546686 0.0700117 0.323664
0 0.451155 0.331219 0.530329 0.662439
3 0.091755 0.66339 0.18351 0.495914
0 0.119631 0.192605 0.239261 0.385211
0 0.0635797 0.245591 0.127159 0.486261
0 0.338587 0.308889 0.5134 0.617777
0 0.792067 0.0758767 0.415866 0.151753
4 0.460752 0.755918 0.374092 0.369063
0 0.351903 0.479637 0.0971753 0.343489
2 0.0986936 0.21856 0.0355307 0.194431
3 0.796176 0.764226 0.407649 0.452886
0 0.616223 0.734753 0.527697 0.488056
0 0.121854 0.288524 0.243708 0.577048
4 0.209056 0.76244 0.413371 0.462446
4 0.160374 0.800124 0.316141 0.399753
0 0.555854 0.326104 0.563818 0.652209
4 0.939687 0.798342 0.120626 0.403316
4 0.943716 0.299745 0.112568 0.385646
4 0.945279 0.385614 0.109442 0.547417
0 0.154718 0.33626 0.171894 0.55202
3 0.569426 0.60863 0.151551 0.558657
4 0.555854 0.326104 0.563818 0.652209
3 0.0349411 0.720463 0.0698821 0.553287
0 0.543254 0.381001 0.173795 0.644087
3 0.0555709 0.385315 0.111142 0.336812
0 0.0464324 0.817388 0.0928648 0.365224
0 0.202879 0.443059 0.103079 0.111764
3 0.629868 0.410859 0.0922504 0.127225
3 0.0464324 0.817388 0.0928648 0.365224
0 0.10801 0.428851 0.188429 0.23265
4 0.405228 0.785126 0.340234 0.429748
3 0.130876 0.306192 0.104745 0.421764
3 0.721393 0.550976 0.186701 0.370379
4 0.651896 0.752633 0.611536 0.386962
4 0.596237 0.325121 0.0459391 0.21992
4 0.222003 0.789265 0.424799 0.42147
0 0.792857 0.811642 0.387231 0.376716
0 0.0630706 0.317014 0.0916779 0.202971
0 0.936449 0.728492 0.127102 0.41849
1 0.162108 0.806959 0.321294 0.372016
2 0.569426 0.60863 0.151551 0.558657
2 0.405228 0.785126 0.340234 0.429748
4 0.338587 0.308889 0.5134 0.617777
4 0.12664 0.81875 0.251141 0.3625
2 0.596298 0.3562 0.047706 0.0783002
3 0.057314 0.430907 0.114628 0.454231
0 0.272258 0.342972 0.262058 0.685945
1 0.0769928 0.828089 0.1537 0.331147
4 0.725853 0.762073 0.548295 0.462979
3 0.418964 0.546686 0.0700117 0.323664
3 0.654933 0.474186 0.153238 0.225473
4 0.566818 0.118593 0.816394 0.237186
3 0.66705 0.702195 0.35793 0.595609
4 0.602122 0.374342 0.0876678 0.55975
3 0.13506 0.283448 0.0793312 0.115448
4 0.0438383 0.809262 0.0876766 0.37935
4 0.936449 0.728492 0.127102 0.41849
4 0.919867 0.140149 0.160265 0.280297
0 0.806318 0.696078 0.387364 0.580095
0 0.503091 0.581242 0.125912 0.560734
4 0.426927 0.517549 0.0651529 0.274655
4 0.596298 0.3562 0.047706 0.0783002
4 0.792067 0.0758767 0.415866 0.151753
4 0.0769928 0.828089 0.1537 0.331147
4 0.946827 0.225962 0.106346 0.333851
2 0.604998 0.39768 0.06408 0.140639
4 0.882539 0.0725121 0.234922 0.145024
2 0.098622 0.302209 0.0357898 0.12679
2 0.199377 0.740032 0.395966 0.502555
0 0.225691 0.279134 0.451382 0.555927
0 0.723729 0.251688 0.481318 0.503377
2 0.13506 0.283448 0.0793312 0.115448
4 0.0900302 0.20587 0.18006 0.41174
4 0.0659309 0.0939757 0.131862 0.187951
2 0.596237 0.325121 0.0459391 0.21992
0 0.785403 0.195545 0.429194 0.391091
4 0.441875 0.077134 0.804205 0.154268
4 0.151701 0.302163 0.303403 0.604326
1 0.426927 0.517549 0.0651529 0.274655
4 0.244689 0.267519 0.489378 0.531344
2 0.150485 0.698568 0.282889 0.572666
4 0.611568 0.0506592 0.678416 0.101318
0 0.571862 0.40972 0.078727 0.400975
0 0.0792265 0.429889 0.130105 0.367536
4 0.589345 0.0844034 0.760673 0.168807
0 0.681425 0.349205 0.161774 0.603115
0 0.451495 0.385478 0.282103 0.695638
0 0.0555709 0.385315 0.111142 0.336812
2 0.789377 0.75752 0.421246 0.465242
