0 0.135975 0.561651 0.150893 0.0730642
0 0.947395 0.576588 0.10521 0.111215
0 0.948155 0.553168 0.103689 0.171429
0 0.81744 0.797017 0.36512 0.382696
0 0.137818 0.526496 0.146976 0.136263
0 0.93733 0.5957 0.125339 0.15952
0 0.0125541 0.551941 0.0251082 0.0843381
0 0.225971 0.87009 0.448037 0.242552
0 0.949462 0.271295 0.100938 0.373173
0 0.136751 0.635617 0.154918 0.20969
1 0.948155 0.553168 0.103689 0.171429
0 0.174394 0.590887 0.211912 0.117039
0 0.533586 0.023509 0.932828 0.0470181
0 0.142564 0.477821 0.146618 0.256991
0 0.561611 0.767007 0.436457 0.444775
0 0.901999 0.672846 0.196001 0.300258
0 0.949046 0.387395 0.101907 0.52904
2 0.13806 0.556541 0.142863 0.0635072
0 0.0122901 0.522015 0.0245802 0.133241
1 0.137818 0.526496 0.146976 0.136263
3 0.948824 0.414126 0.102352 0.426926
1 0.949046 0.387395 0.101907 0.52904
3 0.72225 0.5 0.555501 1
0 0.0155956 0.673473 0.0311912 0.389922
0 0.412913 0.0376565 0.825825 0.075313
3 0.816284 0.795226 0.365538 0.409547
4 0.948155 0.553168 0.103689 0.171429
3 0.141033 0.484571 0.162947 0.258104
4 0.947395 0.576588 0.10521 0.111215
1 0.947395 0.576588 0.10521 0.111215
0 0.219035 0.0770092 0.43807 0.154018
3 0.845958 0.724958 0.308085 0.535681
3 0.811164 0.502794 0.377671 0.994412
3 0.685583 0.370176 0.621185 0.740352
3 0.126289 0.341641 0.187035 0.562255
4 0.13806 0.556541 0.142863 0.0635072
3 0.294762 0.486094 0.506734 0.972188
0 0.656243 0.0440076 0.687514 0.0880152
3 0.331556 0.370234 0.597751 0.740468
4 0.905677 0.761981 0.188646 0.476037
4 0.818411 0.800552 0.362444 0.372508
3 0.936935 0.618218 0.12613 0.18902
2 0.137818 0.526496 0.146976 0.136263
0 0.934967 0.792725 0.130066 0.414549
3 0.184543 0.446927 0.291188 0.87417
3 0.610197 0.778433 0.374004 0.443134
1 0.901999 0.672846 0.196001 0.300258
4 0.137818 0.526496 0.146976 0.136263
4 0.948824 0.414126 0.102352 0.426926
3 0.538025 0.5 0.661332 1
3 0.732841 0.0779007 0.534319 0.155801
3 0.623839 0.02971 0.752322 0.05942
3 0.237326 0.421399 0.474653 0.837715
0 0.674998 0.0905309 0.650005 0.181062
0 0.010715 0.434793 0.0214301 0.327127
0 0.423334 0.765962 0.695203 0.44275
0 0.143049 0.875397 0.286099 0.249206
3 0.58334 0.310062 0.812526 0.620123
4 0.135598 0.63996 0.172595 0.215879
3 0.219035 0.0770092 0.43807 0.154018
3 0.943157 0.803032 0.113687 0.393935
3 0.109465 0.55756 0.213108 0.0698066
0 0.779097 0.0615048 0.441805 0.12301
3 0.681053 0.657892 0.420543 0.683808
0 0.0193998 0.755068 0.0387996 0.489864
3 0.0590154 0.389638 0.118031 0.44078
0 0.108938 0.641271 0.217876 0.217071
0 0.211789 0.761862 0.317881 0.45545
0 0.501793 0.166557 0.851219 0.333113
1 0.142564 0.477821 0.146618 0.256991
3 0.942912 0.389899 0.114176 0.618286
3 0.327396 0.84815 0.483465 0.303701
3 0.950815 0.554642 0.0983702 0.163796
3 0.126334 0.386256 0.252667 0.764097
4 0.901999 0.672846 0.196001 0.300258
4 0.656243 0.0440076 0.687514 0.0880152
1 0.13806 0.556541 0.142863 0.0635072
3 0.341248 0.728366 0.651342 0.502693
3 0.601224 0.636031 0.322482 0.710904
3 0.309591 0.0416118 0.619182 0.0832237
3 0.869089 0.23179 0.261822 0.46358
3 0.275716 0.749019 0.465652 0.459736
3 0.172066 0.255867 0.33802 0.502068
3 0.027001 0.765329 0.0540021 0.469343
4 0.241084 0.759954 0.460476 0.467694
3 0.573125 0.52922 0.286611 0.896245
4 0.601589 0.0215581 0.796823 0.0431161
3 0.580966 0.756545 0.390379 0.454677
3 0.470801 0.798652 0.449698 0.402695
2 0.948155 0.553168 0.103689 0.171429
3 0.53753 0.789071 0.405896 0.421859
3 0.507497 0.0232154 0.95667 0.0464307
3 0.779097 0.0615048 0.441805 0.12301
4 0.78681 0.794433 0.364907 0.411134
3 0.905677 0.761981 0.188646 0.476037
4 0.936935 0.618218 0.12613 0.18902
4 0.943157 0.803032 0.113687 0.393935
2 0.117656 0.767876 0.235311 0.464249
4 0.949462 0.271295 0.100938 0.373173
3 0.040936 0.790374 0.081872 0.419252
0 0.161029 0.766321 0.322058 0.467358
3 0.40559 0.309725 0.591698 0.619449
4 0.399557 0.765353 0.715836 0.437801
0 0.109465 0.55756 0.213108 0.0698066
3 0.0365821 0.286681 0.0731643 0.573361
0 0.261592 0.76409 0.493332 0.455306
3 0.398628 0.486907 0.588595 0.973815
0 0.277598 0.0514815 0.555196 0.102963
4 0.211789 0.761862 0.317881 0.45545
3 0.0500464 0.832645 0.100093 0.334709
4 0.934967 0.792725 0.130066 0.414549
3 0.260608 0.868304 0.484045 0.263392
4 0.191283 0.872453 0.382565 0.255093
3 0.240967 0.638884 0.379031 0.582975
3 0.0125541 0.551941 0.0251082 0.0843381
3 0.49594 0.493622 0.424501 0.987244
3 0.771537 0.249367 0.456926 0.498735
3 0.0722619 0.326387 0.144524 0.616666
4 0.141033 0.484571 0.162947 0.258104
3 0.725357 0.750412 0.535686 0.478317
4 0.674998 0.0905309 0.650005 0.181062
0 0.341942 0.836192 0.599477 0.309617
3 0.191283 0.872453 0.382565 0.255093
4 0.581645 0.221889 0.836709 0.443778
3 0.93604 0.577416 0.12792 0.109202
3 0.934967 0.792725 0.130066 0.414549
3 0.116794 0.265276 0.233588 0.530552
0 0.260608 0.868304 0.484045 0.263392
2 0.108938 0.641271 0.217876 0.217071
4 0.117656 0.767876 0.235311 0.464249
0 0.943157 0.803032 0.113687 0.393935
3 0.0155956 0.673473 0.0311912 0.389922
0 0.581645 0.221889 0.836709 0.443778
3 0.2906 0.276626 0.567312 0.553252
0 0.610624 0.318204 0.778751 0.636408
1 0.949462 0.271295 0.100938 0.373173
4 0.655367 0.321191 0.689266 0.642382
4 0.561611 0.767007 0.436457 0.444775
2 0.947395 0.576588 0.10521 0.111215
4 0.461545 0.026615 0.923091 0.05323
3 0.244987 0.241084 0.489973 0.482168
3 0.949704 0.324368 0.100593 0.357088
0 0.78681 0.794433 0.364907 0.411134
4 0.771537 0.249367 0.456926 0.498735
4 0.779097 0.0615048 0.441805 0.12301
3 0.176321 0.5405 0.20789 0.168263
3 0.012219 0.318477 0.024438 0.568598
0 0.905677 0.761981 0.188646 0.476037
4 0.501793 0.166557 0.851219 0.333113
3 0.581645 0.221889 0.836709 0.443778
3 0.0855949 0.531706 0.17119 0.131546
1 0.820904 0.803475 0.358193 0.38231
0 0.869089 0.23179 0.261822 0.46358
4 0.397089 0.280127 0.612907 0.560253
3 0.406433 0.794529 0.674322 0.39895
4 0.120033 0.876943 0.240066 0.246115
3 0.48196 0.373372 0.517281 0.746744
0 0.582727 0.775868 0.380795 0.448264
3 0.161029 0.766321 0.322058 0.467358
3 0.341942 0.836192 0.599477 0.309617
4 0.219035 0.0770092 0.43807 0.154018
4 0.126289 0.341641 0.187035 0.562255
4 0.347414 0.0372248 0.694828 0.0744496
4 0.327396 0.84815 0.483465 0.303701
2 0.211789 0.761862 0.317881 0.45545
4 0.470801 0.798652 0.449698 0.402695
3 0.010715 0.434793 0.0214301 0.327127
4 0.582727 0.775868 0.380795 0.448264
3 0.0887833 0.254978 0.177567 0.490655
0 0.126289 0.341641 0.187035 0.562255
4 0.010715 0.434793 0.0214301 0.327127
1 0.586083 0.782 0.390152 0.409703
3 0.134261 0.224123 0.268521 0.448247
0 0.012219 0.318477 0.024438 0.568598
4 0.260608 0.868304 0.484045 0.263392
4 0.486015 0.290851 0.820922 0.581703
3 0.492736 0.121606 0.799333 0.243213
4 0.14992 0.834873 0.299839 0.330254
0 0.771537 0.249367 0.456926 0.498735
4 0.869089 0.23179 0.261822 0.46358
4 0.232834 0.869879 0.46234 0.244624
1 0.0125541 0.551941 0.0251082 0.0843381
4 0.629949 0.5 0.651082 1
3 0.208876 0.32082 0.417752 0.64164
3 0.487797 0.181518 0.85661 0.363037
4 0.012219 0.318477 0.024438 0.568598
4 0.0500464 0.832645 0.100093 0.334709
0 0.116794 0.265276 0.233588 0.530552
0 0.341248 0.728366 0.651342 0.502693
4 0.277598 0.0514815 0.555196 0.102963
2 0.949462 0.271295 0.100938 0.373173
4 0.0280225 0.297998 0.056045 0.595995
4 0.172066 0.255867 0.33802 0.502068
0 0.845958 0.724958 0.308085 0.535681
1 0.109465 0.55756 0.213108 0.0698066
2 0.174394 0.590887 0.211912 0.117039
4 0.116794 0.265276 0.233588 0.530552
0 0.327396 0.84815 0.483465 0.303701
4 0.0125541 0.551941 0.0251082 0.0843381
4 0.040936 0.790374 0.081872 0.419252
4 0.134261 0.224123 0.268521 0.448247
4 0.0155956 0.673473 0.0311912 0.389922
4 0.126334 0.386256 0.252667 0.764097
4 0.944106 0.367267 0.109246 0.594067
4 0.48196 0.373372 0.517281 0.746744
2 0.139626 0.635525 0.145178 0.204595
0 0.0722619 0.326387 0.144524 0.616666
0 0.0590154 0.389638 0.118031 0.44078
0 0.573125 0.52922 0.286611 0.896245
2 0.0122901 0.522015 0.0245802 0.133241
3 0.852037 0.27084 0.295926 0.536019
3 0.391872 0.25896 0.783745 0.517921
0 0.0365821 0.286681 0.0731643 0.573361
3 0.174394 0.590887 0.211912 0.117039
4 0.328371 0.249701 0.656742 0.499402
4 0.341942 0.836192 0.599477 0.309617
0 0.040936 0.790374 0.081872 0.419252
1 0.139626 0.635525 0.145178 0.204595
0 0.48196 0.373372 0.517281 0.746744
4 0.027001 0.765329 0.0540021 0.469343
4 0.0122901 0.522015 0.0245802 0.133241
4 0.184767 0.401886 0.369535 0.803436
2 0.820344 0.758874 0.359311 0.470233
3 0.901999 0.672846 0.196001 0.300258
4 0.0887833 0.254978 0.177567 0.490655
0 0.0500464 0.832645 0.100093 0.334709
0 0.172066 0.255867 0.33802 0.502068
0 0.725357 0.750412 0.535686 0.478317
4 0.516641 0.477405 0.60546 0.95481
4 0.725357 0.750412 0.535686 0.478317
4 0.787513 0.429518 0.42019 0.815358
3 0.140115 0.534949 0.145977 0.118065
0 0.43653 0.283542 0.631494 0.567084
4 0.852037 0.27084 0.295926 0.536019
1 0.20895 0.873948 0.416504 0.252103
4 0.719083 0.497198 0.469531 0.994397
3 0.524749 0.787584 0.492035 0.396197
0 0.470801 0.798652 0.449698 0.402695
3 0.0122901 0.522015 0.0245802 0.133241
4 0.257017 0.275701 0.493126 0.551401
3 0.211789 0.761862 0.317881 0.45545
4 0.573125 0.52922 0.286611 0.896245
4 0.331556 0.370234 0.597751 0.740468
0 0.423872 0.25012 0.847745 0.50024
3 0.242957 0.868879 0.460661 0.238955
2 0.598329 0.755643 0.419808 0.460947
4 0.0722619 0.326387 0.144524 0.616666
3 0.13806 0.556541 0.142863 0.0635072
2 0.423334 0.765962 0.695203 0.44275
3 0.14992 0.834873 0.299839 0.330254
1 0.0855949 0.531706 0.17119 0.131546
2 0.341248 0.728366 0.651342 0.502693
0 0.601224 0.636031 0.322482 0.710904
1 0.934967 0.792725 0.130066 0.414549
2 0.0125541 0.551941 0.0251082 0.0843381
4 0.811776 0.706212 0.358242 0.57989
0 0.49594 0.493622 0.424501 0.987244
1 0.0122901 0.522015 0.0245802 0.133241
1 0.126334 0.386256 0.252667 0.764097
4 0.309363 0.49327 0.586042 0.98654
2 0.134261 0.224123 0.268521 0.448247
3 0.120033 0.876943 0.240066 0.246115
2 0.0193998 0.755068 0.0387996 0.489864
4 0.49594 0.493622 0.424501 0.987244
4 0.681053 0.657892 0.420543 0.683808
1 0.0590154 0.389638 0.118031 0.44078
4 0.601224 0.636031 0.322482 0.710904
1 0.108938 0.641271 0.217876 0.217071
3 0.108938 0.641271 0.217876 0.217071
0 0.0855949 0.531706 0.17119 0.131546
1 0.0722619 0.326387 0.144524 0.616666
2 0.010715 0.434793 0.0214301 0.327127
1 0.252683 0.847951 0.481694 0.280551
1 0.376527 0.781472 0.68461 0.408483
2 0.948824 0.414126 0.102352 0.426926
1 0.143049 0.875397 0.286099 0.249206
2 0.275716 0.749019 0.465652 0.459736
4 0.0590154 0.389638 0.118031 0.44078
0 0.685583 0.370176 0.621185 0.740352
1 0.184767 0.401886 0.369535 0.803436
2 0.943157 0.803032 0.113687 0.393935
0 0.245084 0.304043 0.485189 0.608085
2 0.328201 0.278689 0.600037 0.557378
2 0.109465 0.55756 0.213108 0.0698066
1 0.0155956 0.673473 0.0311912 0.389922
2 0.012219 0.318477 0.024438 0.568598
2 0.0155956 0.673473 0.0311912 0.389922
1 0.582727 0.775868 0.380795 0.448264
1 0.884834 0.76664 0.230332 0.463012
4 0.240967 0.638884 0.379031 0.582975
2 0.779097 0.0615048 0.441805 0.12301
2 0.191283 0.872453 0.382565 0.255093
0 0.134261 0.224123 0.268521 0.448247
2 0.582727 0.775868 0.380795 0.448264
2 0.728063 0.332845 0.543873 0.66569
1 0.174394 0.590887 0.211912 0.117039
4 0.176321 0.5405 0.20789 0.168263
0 0.368094 0.495059 0.649004 0.990117
1 0.341942 0.836192 0.599477 0.309617
2 0.78681 0.794433 0.364907 0.411134
0 0.135984 0.561658 0.150899 0.0730531
0 0.947471 0.576591 0.105058 0.111213
0 0.948221 0.553164 0.103557 0.171342
0 0.817449 0.797079 0.365102 0.382642
0 0.137815 0.526543 0.146978 0.136104
0 0.937651 0.594952 0.124699 0.158009
0 0.0125638 0.551898 0.0251275 0.0843914
0 0.226047 0.870066 0.448154 0.242621
0 0.949448 0.271253 0.100928 0.37322
0 0.136797 0.635553 0.154843 0.209637
1 0.948221 0.553164 0.103557 0.171342
0 0.174379 0.590714 0.211876 0.116681
0 0.5337 0.0233382 0.9326 0.0466764
0 0.142561 0.477943 0.146591 0.256458
0 0.560502 0.767005 0.438839 0.445002
0 0.902709 0.671724 0.194583 0.298049
0 0.949059 0.388307 0.101882 0.5269
2 0.138052 0.556543 0.142867 0.0634981
0 0.0122977 0.522066 0.0245954 0.133088
1 0.137815 0.526543 0.146978 0.136104
3 0.948868 0.414724 0.102263 0.425566
1 0.949059 0.388307 0.101882 0.5269
3 0.724669 0.5 0.550663 1
0 0.0156156 0.67223 0.0312312 0.387417
0 0.412792 0.0376959 0.825584 0.0753918
3 0.816271 0.795279 0.365586 0.409442
4 0.948221 0.553164 0.103557 0.171342
3 0.141082 0.484607 0.162789 0.257669
4 0.947471 0.576591 0.105058 0.111213
1 0.947471 0.576591 0.105058 0.111213
3 0.848338 0.724992 0.303324 0.535472
0 0.218903 0.0765515 0.437805 0.153103
3 0.811535 0.503106 0.37693 0.993787
3 0.687245 0.371107 0.616811 0.742214
3 0.126466 0.342031 0.186703 0.560959
4 0.138052 0.556543 0.142867 0.0634981
3 0.294283 0.485841 0.504507 0.971682
3 0.331706 0.372094 0.595949 0.744188
4 0.818417 0.80064 0.362438 0.372427
4 0.905918 0.762001 0.188163 0.475998
0 0.656312 0.0437882 0.687376 0.0875763
3 0.936962 0.618192 0.126075 0.189024
2 0.137815 0.526543 0.146978 0.136104
3 0.610458 0.778507 0.373665 0.442986
3 0.184085 0.44674 0.289535 0.87216
1 0.902709 0.671724 0.194583 0.298049
0 0.935206 0.792791 0.129588 0.414417
4 0.137815 0.526543 0.146978 0.136104
3 0.538308 0.5 0.654286 1
3 0.73268 0.077672 0.534641 0.155344
4 0.948868 0.414724 0.102263 0.425566
3 0.623951 0.029629 0.752097 0.0592579
3 0.236427 0.421328 0.472853 0.837385
3 0.583309 0.311168 0.811687 0.622337
3 0.218903 0.0765515 0.437805 0.153103
4 0.135632 0.639788 0.172581 0.215599
0 0.675022 0.0892057 0.649957 0.178411
3 0.943248 0.803085 0.113503 0.393831
3 0.109445 0.557566 0.213066 0.0697841
0 0.0107234 0.435758 0.0214468 0.325128
0 0.4227 0.765872 0.696585 0.442983
3 0.681386 0.660381 0.417062 0.679036
0 0.143005 0.875417 0.28601 0.249166
3 0.110407 0.344245 0.220813 0.674957
3 0.0589707 0.391497 0.117941 0.43693
0 0.778986 0.0615512 0.442027 0.123102
0 0.0194411 0.755037 0.0388822 0.489925
1 0.142561 0.477943 0.146591 0.256458
3 0.942997 0.389596 0.114007 0.617155
0 0.108933 0.640937 0.217866 0.216487
3 0.327395 0.848638 0.48416 0.302724
3 0.950932 0.55464 0.0981355 0.163758
0 0.211399 0.76179 0.317046 0.455381
4 0.656312 0.0437882 0.687376 0.0875763
0 0.501867 0.159635 0.85125 0.31927
4 0.902709 0.671724 0.194583 0.298049
3 0.309295 0.0415914 0.618589 0.0831828
3 0.171645 0.256274 0.337192 0.502824
1 0.138052 0.556543 0.142867 0.0634981
3 0.340799 0.728696 0.649956 0.502021
3 0.602465 0.641332 0.317968 0.700012
3 0.870151 0.231782 0.259699 0.463564
3 0.275656 0.749055 0.465241 0.459581
3 0.0269941 0.765321 0.0539882 0.469358
4 0.241114 0.760008 0.460394 0.467609
4 0.601609 0.0215092 0.796783 0.0430184
3 0.573345 0.534354 0.284146 0.884651
3 0.47006 0.799717 0.450227 0.400566
3 0.581011 0.756644 0.390373 0.454557
2 0.948221 0.553164 0.103557 0.171342
3 0.537029 0.789414 0.406838 0.421171
3 0.507414 0.0230955 0.956599 0.046191
3 0.778986 0.0615512 0.442027 0.123102
0 0.456449 0.2125 0.866655 0.424999
4 0.786611 0.794499 0.364992 0.411003
3 0.905918 0.762001 0.188163 0.475998
4 0.936962 0.618192 0.126075 0.189024
4 0.943248 0.803085 0.113503 0.393831
2 0.11755 0.7679 0.235099 0.464201
4 0.949448 0.271253 0.100928 0.37322
3 0.0408256 0.790461 0.0816512 0.419079
3 0.406345 0.311345 0.588401 0.62269
4 0.399334 0.765246 0.716231 0.43805
3 0.0367352 0.286697 0.0734704 0.573394
3 0.399773 0.486735 0.584202 0.97347
0 0.160376 0.766351 0.320752 0.467298
3 0.04994 0.832681 0.09988 0.334639
4 0.211399 0.76179 0.317046 0.455381
4 0.935206 0.792791 0.129588 0.414417
3 0.26076 0.868329 0.484193 0.263342
0 0.109445 0.557566 0.213066 0.0697841
0 0.261617 0.764133 0.493195 0.455245
4 0.191132 0.87246 0.382264 0.25508
0 0.277262 0.0513594 0.554524 0.102719
3 0.496063 0.493641 0.422411 0.987281
3 0.0125638 0.551898 0.0251275 0.0843914
3 0.240687 0.640296 0.377651 0.576585
3 0.772 0.249427 0.456 0.498854
3 0.0723449 0.326455 0.14469 0.61703
4 0.675022 0.0892057 0.649957 0.178411
4 0.141082 0.484607 0.162789 0.257669
3 0.725092 0.750576 0.535931 0.478247
3 0.191132 0.87246 0.382264 0.25508
4 0.581562 0.218317 0.836877 0.436635
3 0.936115 0.577413 0.127771 0.109185
3 0.116912 0.26528 0.233824 0.53056
3 0.935206 0.792791 0.129588 0.414417
0 0.341513 0.836932 0.598691 0.308243
2 0.108933 0.640937 0.217866 0.216487
4 0.11755 0.7679 0.235099 0.464201
0 0.26076 0.868329 0.484193 0.263342
3 0.0156156 0.67223 0.0312312 0.387417
3 0.289917 0.276451 0.565778 0.552903
0 0.943248 0.803085 0.113503 0.393831
4 0.655719 0.322008 0.688561 0.644016
1 0.949448 0.271253 0.100928 0.37322
4 0.560502 0.767005 0.438839 0.445002
0 0.610871 0.318553 0.778259 0.637107
4 0.46133 0.0266075 0.92266 0.0532151
2 0.947471 0.576591 0.105058 0.111213
3 0.244353 0.241244 0.488706 0.482488
3 0.949706 0.324652 0.100589 0.357389
4 0.772 0.249427 0.456 0.498854
3 0.176299 0.540566 0.207891 0.167923
4 0.778986 0.0615512 0.442027 0.123102
3 0.0122301 0.318654 0.0244603 0.568324
4 0.501867 0.159635 0.85125 0.31927
0 0.786611 0.794499 0.364992 0.411003
3 0.581562 0.218317 0.836877 0.436635
3 0.0853751 0.531743 0.17075 0.131431
1 0.820869 0.803534 0.358263 0.382217
0 0.905918 0.762001 0.188163 0.475998
3 0.40626 0.79502 0.674992 0.39789
4 0.398176 0.280159 0.610126 0.560318
4 0.120159 0.876967 0.240318 0.246065
3 0.481767 0.375968 0.514875 0.751936
3 0.160376 0.766351 0.320752 0.467298
3 0.341513 0.836932 0.598691 0.308243
0 0.870151 0.231782 0.259699 0.463564
4 0.218903 0.0765515 0.437805 0.153103
4 0.126466 0.342031 0.186703 0.560959
4 0.347177 0.0372551 0.694355 0.0745103
4 0.327395 0.848638 0.48416 0.302724
0 0.582761 0.775959 0.380897 0.448082
2 0.211399 0.76179 0.317046 0.455381
4 0.47006 0.799717 0.450227 0.400566
3 0.0107234 0.435758 0.0214468 0.325128
3 0.088946 0.255224 0.177892 0.491292
4 0.582761 0.775959 0.380897 0.448082
4 0.0107234 0.435758 0.0214468 0.325128
4 0.440463 0.219696 0.880926 0.439392
1 0.586167 0.782167 0.390068 0.409422
0 0.126466 0.342031 0.186703 0.560959
3 0.13403 0.224374 0.26806 0.448748
4 0.26076 0.868329 0.484193 0.263342
4 0.149996 0.83479 0.299992 0.330419
3 0.493189 0.117834 0.79819 0.235668
4 0.485531 0.290996 0.819265 0.581991
4 0.232957 0.869852 0.462548 0.244726
4 0.870151 0.231782 0.259699 0.463564
0 0.0122301 0.318654 0.0244603 0.568324
1 0.0125638 0.551898 0.0251275 0.0843914
4 0.630324 0.5 0.644058 1
3 0.208393 0.321302 0.416785 0.642604
3 0.488102 0.173754 0.855837 0.347508
0 0.772 0.249427 0.456 0.498854
4 0.04994 0.832681 0.09988 0.334639
4 0.0122301 0.318654 0.0244603 0.568324
4 0.277262 0.0513594 0.554524 0.102719
2 0.949448 0.271253 0.100928 0.37322
4 0.0281348 0.298069 0.0562697 0.596138
4 0.171645 0.256274 0.337192 0.502824
0 0.116912 0.26528 0.233824 0.53056
0 0.340799 0.728696 0.649956 0.502021
1 0.109445 0.557566 0.213066 0.0697841
4 0.116912 0.26528 0.233824 0.53056
2 0.174379 0.590714 0.211876 0.116681
0 0.848338 0.724992 0.303324 0.535472
4 0.0125638 0.551898 0.0251275 0.0843914
4 0.13403 0.224374 0.26806 0.448748
4 0.0408256 0.790461 0.0816512 0.419079
4 0.126187 0.386232 0.252374 0.763919
4 0.0156156 0.67223 0.0312312 0.387417
4 0.481767 0.375968 0.514875 0.751936
2 0.139618 0.635487 0.145179 0.204574
4 0.944255 0.367426 0.108816 0.594154
0 0.327395 0.848638 0.48416 0.302724
3 0.854091 0.271381 0.291819 0.53451
2 0.0122977 0.522066 0.0245954 0.133088
3 0.391436 0.258575 0.782872 0.51715
3 0.174379 0.590714 0.211876 0.116681
0 0.573345 0.534354 0.284146 0.884651
0 0.0723449 0.326455 0.14469 0.61703
4 0.341513 0.836932 0.598691 0.308243
4 0.327695 0.249589 0.65539 0.499179
0 0.0589707 0.391497 0.117941 0.43693
0 0.0367352 0.286697 0.0734704 0.573394
1 0.139618 0.635487 0.145179 0.204574
4 0.0122977 0.522066 0.0245954 0.133088
4 0.0269941 0.765321 0.0539882 0.469358
4 0.183433 0.401863 0.366866 0.803174
0 0.0408256 0.790461 0.0816512 0.419079
2 0.820324 0.758848 0.359352 0.470257
3 0.902709 0.671724 0.194583 0.298049
4 0.088946 0.255224 0.177892 0.491292
0 0.481767 0.375968 0.514875 0.751936
4 0.516466 0.477237 0.598527 0.954473
4 0.725092 0.750576 0.535931 0.478247
3 0.140122 0.534963 0.145978 0.117995
4 0.788717 0.429727 0.41758 0.814916
3 0.522539 0.787726 0.49676 0.395864
0 0.171645 0.256274 0.337192 0.502824
0 0.04994 0.832681 0.09988 0.334639
4 0.854091 0.271381 0.291819 0.53451
0 0.725092 0.750576 0.535931 0.478247
4 0.72008 0.497266 0.462344 0.994531
1 0.208929 0.873944 0.416434 0.252113
3 0.0122977 0.522066 0.0245954 0.133088
4 0.256604 0.275739 0.492208 0.551478
3 0.211399 0.76179 0.317046 0.455381
4 0.573345 0.534354 0.284146 0.884651
0 0.437482 0.283528 0.627793 0.567057
0 0.47006 0.799717 0.450227 0.400566
4 0.331706 0.372094 0.595949 0.744188
3 0.243091 0.868838 0.460914 0.239083
2 0.598571 0.755792 0.419558 0.460941
4 0.0723449 0.326455 0.14469 0.61703
3 0.138052 0.556543 0.142867 0.0634981
2 0.4227 0.765872 0.696585 0.442983
3 0.149996 0.83479 0.299992 0.330419
1 0.0853751 0.531743 0.17075 0.131431
2 0.340799 0.728696 0.649956 0.502021
1 0.935206 0.792791 0.129588 0.414417
2 0.0125638 0.551898 0.0251275 0.0843914
0 0.602465 0.641332 0.317968 0.700012
4 0.811477 0.706472 0.358035 0.579527
0 0.496063 0.493641 0.422411 0.987281
1 0.0122977 0.522066 0.0245954 0.133088
4 0.308707 0.493318 0.583744 0.986635
2 0.13403 0.224374 0.26806 0.448748
1 0.126187 0.386232 0.252374 0.763919
3 0.120159 0.876967 0.240318 0.246065
2 0.0194411 0.755037 0.0388822 0.489925
4 0.496063 0.493641 0.422411 0.987281
4 0.681386 0.660381 0.417062 0.679036
1 0.0589707 0.391497 0.117941 0.43693
3 0.108933 0.640937 0.217866 0.216487
4 0.602465 0.641332 0.317968 0.700012
1 0.108933 0.640937 0.217866 0.216487
0 0.327695 0.249589 0.65539 0.499179
1 0.0723449 0.326455 0.14469 0.61703
2 0.0107234 0.435758 0.0214468 0.325128
1 0.252888 0.848397 0.482039 0.279722
0 0.0853751 0.531743 0.17075 0.131431
1 0.376394 0.781952 0.684453 0.407522
0 0.110407 0.344245 0.220813 0.674957
2 0.948868 0.414724 0.102263 0.425566
1 0.143005 0.875417 0.28601 0.249166
2 0.275656 0.749055 0.465241 0.459581
4 0.0589707 0.391497 0.117941 0.43693
1 0.183433 0.401863 0.366866 0.803174
2 0.943248 0.803085 0.113503 0.393831
2 0.328242 0.27864 0.598455 0.557281
2 0.109445 0.557566 0.213066 0.0697841
0 0.256604 0.275739 0.492208 0.551478
1 0.0156156 0.67223 0.0312312 0.387417
2 0.0122301 0.318654 0.0244603 0.568324
0 0.687245 0.371107 0.616811 0.742214
2 0.0156156 0.67223 0.0312312 0.387417
1 0.582761 0.775959 0.380897 0.448082
1 0.885271 0.766685 0.229458 0.462987
4 0.240687 0.640296 0.377651 0.576585
2 0.778986 0.0615512 0.442027 0.123102
2 0.191132 0.87246 0.382264 0.25508
2 0.582761 0.775959 0.380897 0.448082
2 0.729563 0.334169 0.540874 0.668339
1 0.174379 0.590714 0.211876 0.116681
4 0.176299 0.540566 0.207891 0.167923
2 0.786611 0.794499 0.364992 0.411003
1 0.341513 0.836932 0.598691 0.308243
