0 0.956838 0.623778 0.0863237 0.304737
1 0.956838 0.623778 0.0863237 0.304737
0 0.758777 0.739419 0.482446 0.509182
0 0.0975497 0.521563 0.0738081 0.0632466
0 0.83874 0.702963 0.322521 0.477118
0 0.101689 0.468359 0.065919 0.166864
0 0.95833 0.616689 0.0833391 0.506117
0 0.0781175 0.521715 0.113604 0.0787787
0 0.126722 0.518834 0.123925 0.0664204
0 0.34271 0.800301 0.644895 0.377886
0 0.644343 0.74997 0.496208 0.497637
0 0.254377 0.503566 0.0387606 0.0541707
0 0.552813 0.677911 0.154212 0.409295
0 0.0188026 0.506962 0.0376052 0.110306
0 0.538547 0.724204 0.160309 0.503857
0 0.308563 0.323168 0.0307991 0.203188
4 0.958199 0.619192 0.0836029 0.303048
0 0.0989602 0.420385 0.0636466 0.266644
0 0.146942 0.599488 0.241755 0.253723
0 0.554978 0.741761 0.43136 0.512943
3 0.0734877 0.308633 0.146975 0.555807
0 0.458848 0.763836 0.511233 0.446714
0 0.215015 0.256615 0.0413992 0.0918822
2 0.957765 0.626422 0.0844696 0.303719
3 0.302883 0.326251 0.605767 0.652501
3 0.701564 0.498468 0.596873 0.996936
3 0.816995 0.500159 0.366011 0.999681
0 0.240506 0.797413 0.467116 0.380289
0 0.363449 0.723614 0.549919 0.530266
3 0.109669 0.383323 0.219337 0.440001
0 0.283599 0.627422 0.118941 0.313616
4 0.728806 0.734016 0.542278 0.528142
3 0.0989602 0.420385 0.0636466 0.266644
3 0.781711 0.735004 0.436579 0.529991
3 0.546474 0.455201 0.232652 0.910402
0 0.0332607 0.628629 0.0665214 0.375513
3 0.426625 0.713847 0.332566 0.564892
3 0.215015 0.256615 0.0413992 0.0918822
3 0.256486 0.397698 0.0739082 0.27888
3 0.407326 0.380853 0.458337 0.761707
3 0.236167 0.361503 0.119018 0.302022
0 0.95085 0.723752 0.0983009 0.495603
3 0.186121 0.313911 0.372242 0.627821
0 0.411819 0.0263589 0.823637 0.0527177
0 0.0131641 0.455932 0.0263282 0.199843
0 0.31028 0.716961 0.201962 0.501557
3 0.457879 0.5 0.31479 1
0 0.359013 0.714855 0.305057 0.552557
0 0.0794898 0.478681 0.0935903 0.202053
0 0.0629275 0.571231 0.12156 0.151134
3 0.706417 0.74697 0.533881 0.506061
3 0.840083 0.290203 0.319834 0.580407
3 0.944602 0.73996 0.110796 0.520079
3 0.196148 0.396375 0.0880447 0.29338
3 0.543453 0.739567 0.282086 0.505539
0 0.626076 0.0495222 0.625648 0.0990444
0 0.137238 0.646462 0.242422 0.320863
0 0.846259 0.43784 0.307483 0.875679
4 0.34654 0.798071 0.638257 0.388455
3 0.42995 0.0351147 0.75659 0.0702294
3 0.51584 0.666524 0.189559 0.638409
0 0.543453 0.739567 0.282086 0.505539
0 0.577039 0.47658 0.0894951 0.203642
3 0.816415 0.171844 0.36717 0.343687
3 0.958199 0.619192 0.0836029 0.303048
3 0.145639 0.501272 0.220051 0.231029
3 0.422325 0.5 0.286498 1
0 0.809691 0.501277 0.380618 0.997445
3 0.598911 0.746293 0.377571 0.507414
3 0.510165 0.494387 0.259955 0.988775
3 0.529961 0.729681 0.17253 0.534321
0 0.0337169 0.706537 0.0674338 0.586927
3 0.334979 0.502024 0.098856 0.551181
3 0.333175 0.416305 0.0794694 0.4056
4 0.635567 0.747764 0.475508 0.503634
0 0.466611 0.0454036 0.675614 0.0908072
4 0.505172 0.784059 0.430313 0.415516
3 0.254655 0.453951 0.0436496 0.142967
3 0.206427 0.789283 0.398346 0.421435
3 0.229713 0.312498 0.133165 0.411276
0 0.213073 0.139437 0.426146 0.278873
3 0.213073 0.139437 0.426146 0.278873
3 0.554978 0.741761 0.43136 0.512943
4 0.59017 0.758778 0.361568 0.462363
3 0.362533 0.544224 0.228855 0.911552
3 0.902619 0.730436 0.194762 0.539127
0 0.121228 0.474034 0.109204 0.17199
3 0.139014 0.79757 0.275275 0.404859
3 0.0975497 0.521563 0.0738081 0.0632466
3 0.432931 0.727479 0.491207 0.522502
3 0.299832 0.0374483 0.599664 0.0748965
3 0.954463 0.404393 0.091074 0.758106
3 0.365201 0.415755 0.213873 0.691325
3 0.717439 0.148155 0.100925 0.276431
3 0.32609 0.576013 0.140034 0.4757
3 0.500371 0.490938 0.36828 0.981877
4 0.101689 0.468359 0.065919 0.166864
3 0.372382 0.331365 0.294247 0.66273
3 0.161285 0.72679 0.322418 0.542207
3 0.478928 0.274769 0.540401 0.549539
3 0.539454 0.351367 0.385039 0.702734
4 0.95833 0.616689 0.0833391 0.506117
0 0.333175 0.416305 0.0794694 0.4056
3 0.101689 0.468359 0.065919 0.166864
3 0.0188026 0.506962 0.0376052 0.110306
3 0.0960468 0.278447 0.192094 0.556893
3 0.711646 0.708216 0.57341 0.582932
3 0.0337169 0.706537 0.0674338 0.586927
3 0.216103 0.247944 0.0585333 0.282916
3 0.12908 0.44133 0.127939 0.316079
0 0.161285 0.72679 0.322418 0.542207
3 0.334077 0.284412 0.09983 0.506695
3 0.27896 0.495171 0.0938222 0.228212
3 0.577039 0.47658 0.0894951 0.203642
0 0.849815 0.265623 0.300371 0.531247
3 0.301335 0.409069 0.0450137 0.340367
0 0.299832 0.0374483 0.599664 0.0748965
3 0.306726 0.78987 0.610671 0.420259
3 0.552813 0.677911 0.154212 0.409295
3 0.784095 0.116791 0.431811 0.233582
3 0.533856 0.0505663 0.716976 0.101133
3 0.503846 0.778398 0.454367 0.443204
4 0.95085 0.723752 0.0983009 0.495603
3 0.958803 0.562756 0.082395 0.412188
3 0.241137 0.0684078 0.482273 0.136816
3 0.95085 0.723752 0.0983009 0.495603
0 0.859693 0.0907435 0.280614 0.181487
3 0.359013 0.714855 0.305057 0.552557
3 0.0131641 0.455932 0.0263282 0.199843
3 0.0332607 0.628629 0.0665214 0.375513
3 0.851117 0.426674 0.297766 0.853349
3 0.729504 0.259932 0.108734 0.519864
3 0.308563 0.323168 0.0307991 0.203188
0 0.145639 0.501272 0.220051 0.231029
3 0.0336607 0.795924 0.0673213 0.408153
0 0.954463 0.404393 0.091074 0.758106
4 0.0975497 0.521563 0.0738081 0.0632466
4 0.781711 0.735004 0.436579 0.529991
0 0.301335 0.409069 0.0450137 0.340367
4 0.944602 0.73996 0.110796 0.520079
0 0.717439 0.148155 0.100925 0.276431
3 0.644343 0.74997 0.496208 0.497637
4 0.555722 0.760564 0.389583 0.478871
3 0.146942 0.599488 0.241755 0.253723
0 0.781711 0.735004 0.436579 0.529991
3 0.0324443 0.80423 0.0648886 0.39154
0 0.503846 0.778398 0.454367 0.443204
3 0.050542 0.327545 0.101084 0.502606
3 0.87354 0.244558 0.25292 0.489116
0 0.308203 0.253026 0.0471613 0.353521
3 0.734458 0.316076 0.318297 0.622595
4 0.413668 0.0273306 0.813551 0.0546612
3 0.31028 0.716961 0.201962 0.501557
1 0.101689 0.468359 0.065919 0.166864
3 0.0307202 0.260842 0.0614405 0.521683
3 0.859693 0.0907435 0.280614 0.181487
0 0.196148 0.396375 0.0880447 0.29338
4 0.846725 0.476174 0.30655 0.952349
3 0.909117 0.325752 0.181765 0.651505
4 0.83874 0.702963 0.322521 0.477118
3 0.176994 0.796249 0.353095 0.386571
0 0.327219 0.330094 0.654437 0.660188
0 0.809567 0.223222 0.380866 0.446444
4 0.240506 0.797413 0.467116 0.380289
3 0.222822 0.748005 0.445171 0.50082
1 0.0779387 0.560641 0.108732 0.140859
0 0.0779387 0.560641 0.108732 0.140859
3 0.626076 0.0495222 0.625648 0.0990444
0 0.902619 0.730436 0.194762 0.539127
3 0.0108533 0.273355 0.0217066 0.546709
0 0.0899374 0.797151 0.179743 0.393541
1 0.698246 0.749694 0.597289 0.500612
4 0.902619 0.730436 0.194762 0.539127
4 0.206427 0.789283 0.398346 0.421435
4 0.954463 0.404393 0.091074 0.758106
4 0.332204 0.316351 0.664409 0.632702
0 0.0109041 0.288685 0.0218082 0.577369
3 0.548586 0.583362 0.132782 0.424356
0 0.0612699 0.414973 0.102509 0.369631
3 0.0111576 0.329569 0.0223152 0.50157
4 0.466611 0.0454036 0.675614 0.0908072
0 0.572894 0.0637672 0.725035 0.127534
0 0.0662793 0.741799 0.132559 0.509654
3 0.0612699 0.414973 0.102509 0.369631
0 0.799981 0.0750685 0.400038 0.150137
0 0.0111576 0.329569 0.0223152 0.50157
0 0.400526 0.790292 0.549926 0.419416
3 0.137238 0.646462 0.242422 0.320863
4 0.161285 0.72679 0.322418 0.542207
0 0.442655 0.304327 0.579517 0.608654
0 0.236167 0.361503 0.119018 0.302022
0 0.216103 0.247944 0.0585333 0.282916
0 0.334979 0.502024 0.098856 0.551181
0 0.426625 0.713847 0.332566 0.564892
0 0.909117 0.325752 0.181765 0.651505
3 0.308203 0.253026 0.0471613 0.353521
4 0.308203 0.253026 0.0471613 0.353521
0 0.944602 0.73996 0.110796 0.520079
3 0.799981 0.0750685 0.400038 0.150137
0 0.254655 0.453951 0.0436496 0.142967
0 0.107931 0.794362 0.215862 0.411276
3 0.283599 0.627422 0.118941 0.313616
4 0.139014 0.79757 0.275275 0.404859
4 0.0324443 0.80423 0.0648886 0.39154
3 0.31441 0.727547 0.578103 0.524001
4 0.44923 0.785442 0.518515 0.429115
0 0.701564 0.498468 0.596873 0.996936
0 0.548586 0.583362 0.132782 0.424356
0 0.241137 0.0684078 0.482273 0.136816
4 0.0989602 0.420385 0.0636466 0.266644
2 0.101689 0.468359 0.065919 0.166864
0 0.0324443 0.80423 0.0648886 0.39154
3 0.0779387 0.560641 0.108732 0.140859
4 0.299832 0.0374483 0.599664 0.0748965
2 0.308563 0.323168 0.0307991 0.203188
4 0.0662793 0.741799 0.132559 0.509654
4 0.830338 0.245706 0.339324 0.488667
0 0.0336607 0.795924 0.0673213 0.408153
4 0.216103 0.247944 0.0585333 0.282916
3 0.0662793 0.741799 0.132559 0.509654
3 0.126722 0.518834 0.123925 0.0664204
4 0.0886571 0.783902 0.177314 0.414271
4 0.213073 0.139437 0.426146 0.278873
0 0.87354 0.244558 0.25292 0.489116
1 0.83874 0.702963 0.322521 0.477118
2 0.698246 0.749694 0.597289 0.500612
4 0.363449 0.723614 0.549919 0.530266
0 0.784095 0.116791 0.431811 0.233582
0 0.706417 0.74697 0.533881 0.506061
2 0.137238 0.646462 0.242422 0.320863
4 0.538547 0.724204 0.160309 0.503857
2 0.121228 0.474034 0.109204 0.17199
0 0.229735 0.302915 0.45947 0.605829
0 0.050542 0.327545 0.101084 0.502606
0 0.0734877 0.308633 0.146975 0.555807
4 0.229735 0.302915 0.45947 0.605829
1 0.0989602 0.420385 0.0636466 0.266644
0 0.598911 0.746293 0.377571 0.507414
1 0.409802 0.799911 0.566589 0.378985
4 0.0131641 0.455932 0.0263282 0.199843
4 0.626076 0.0495222 0.625648 0.0990444
4 0.0336607 0.795924 0.0673213 0.408153
0 0.359093 0.545694 0.231596 0.908613
4 0.0351147 0.721812 0.0702294 0.556376
0 0.229713 0.312498 0.133165 0.411276
0 0.12908 0.44133 0.127939 0.316079
3 0.866474 0.724353 0.267052 0.527265
4 0.718346 0.5 0.563307 1
3 0.121228 0.474034 0.109204 0.17199
1 0.0975497 0.521563 0.0738081 0.0632466
2 0.333175 0.416305 0.0794694 0.4056
0 0.0307202 0.260842 0.0614405 0.521683
3 0.812389 0.735644 0.375222 0.528712
4 0.442655 0.304327 0.579517 0.608654
3 0.0794898 0.478681 0.0935903 0.202053
2 0.222822 0.748005 0.445171 0.50082
0 0.150612 0.79791 0.30022 0.393551
4 0.0108533 0.273355 0.0217066 0.546709
4 0.229713 0.312498 0.133165 0.411276
2 0.776337 0.72639 0.446794 0.525487
2 0.254377 0.503566 0.0387606 0.0541707
2 0.301335 0.409069 0.0450137 0.340367
4 0.717439 0.148155 0.100925 0.276431
4 0.0307202 0.260842 0.0614405 0.521683
4 0.15272 0.287285 0.30544 0.574571
2 0.0629275 0.571231 0.12156 0.151134
4 0.552813 0.677911 0.154212 0.409295
1 0.219465 0.79431 0.433888 0.387736
4 0.241137 0.0684078 0.482273 0.136816
4 0.548586 0.583362 0.132782 0.424356
4 0.0629275 0.571231 0.12156 0.151134
4 0.572894 0.0637672 0.725035 0.127534
3 0.0781175 0.521715 0.113604 0.0787787
4 0.308563 0.323168 0.0307991 0.203188
2 0.359013 0.714855 0.305057 0.552557
0 0.546474 0.455201 0.232652 0.910402
4 0.859693 0.0907435 0.280614 0.181487
0 0.15272 0.287285 0.30544 0.574571
2 0.0975497 0.521563 0.0738081 0.0632466
4 0.054122 0.281452 0.108244 0.562904
4 0.137238 0.646462 0.242422 0.320863
4 0.105901 0.276505 0.211802 0.553011
2 0.216103 0.247944 0.0585333 0.282916
0 0.32609 0.576013 0.140034 0.4757
4 0.0188026 0.506962 0.0376052 0.110306
1 0.95833 0.616689 0.0833391 0.506117
2 0.126722 0.518834 0.123925 0.0664204
2 0.254655 0.453951 0.0436496 0.142967
1 0.552813 0.677911 0.154212 0.409295
4 0.0781175 0.521715 0.113604 0.0787787
4 0.334077 0.284412 0.09983 0.506695
2 0.0332607 0.628629 0.0665214 0.375513
4 0.909117 0.325752 0.181765 0.651505
4 0.0332607 0.628629 0.0665214 0.375513
4 0.546474 0.455201 0.232652 0.910402
1 0.843741 0.234842 0.312519 0.461732
0 0.256486 0.397698 0.0739082 0.27888
4 0.0111576 0.329569 0.0223152 0.50157
4 0.577039 0.47658 0.0894951 0.203642
3 0.254377 0.503566 0.0387606 0.0541707
0 0.956846 0.623761 0.0863089 0.30477
1 0.956846 0.623761 0.0863089 0.30477
0 0.758773 0.739401 0.482455 0.509197
0 0.0975725 0.521569 0.0737927 0.0632338
0 0.838099 0.702833 0.323803 0.476935
0 0.101721 0.468403 0.0658806 0.166774
0 0.958352 0.616671 0.0832966 0.505869
0 0.0781137 0.521732 0.113614 0.0786857
0 0.126749 0.518851 0.123979 0.0664172
0 0.342691 0.80029 0.644778 0.377904
0 0.643797 0.750007 0.495511 0.497579
0 0.254439 0.503483 0.0386693 0.0538191
0 0.552541 0.683789 0.155483 0.421443
0 0.0187587 0.507023 0.0375174 0.110119
0 0.308584 0.32309 0.0307833 0.203017
0 0.529767 0.72971 0.172865 0.534581
4 0.958197 0.619207 0.083606 0.303062
3 0.0734613 0.308709 0.146923 0.555575
0 0.0990174 0.420359 0.0635405 0.266631
0 0.555656 0.741877 0.429039 0.512691
0 0.146935 0.599421 0.241865 0.253453
3 0.30237 0.326381 0.60474 0.652762
0 0.459029 0.763225 0.510979 0.44792
2 0.957765 0.626392 0.084469 0.303703
3 0.701611 0.498483 0.596777 0.996965
0 0.214991 0.255984 0.0412407 0.090568
3 0.81724 0.500158 0.36552 0.999683
0 0.2405 0.79742 0.467147 0.380225
0 0.363687 0.723613 0.549584 0.530256
3 0.109506 0.383675 0.219012 0.439056
4 0.728703 0.733984 0.542473 0.528239
3 0.0990174 0.420359 0.0635405 0.266631
3 0.781647 0.734982 0.436706 0.530036
3 0.546546 0.456737 0.233513 0.913474
0 0.283617 0.626192 0.118614 0.310955
3 0.426451 0.713792 0.332627 0.565065
3 0.214991 0.255984 0.0412407 0.090568
3 0.256581 0.397616 0.0736736 0.278887
0 0.0332052 0.627472 0.0664104 0.372361
3 0.407665 0.380669 0.456258 0.761338
3 0.236004 0.361009 0.118949 0.300981
3 0.186062 0.314068 0.372125 0.628137
3 0.458067 0.5 0.31436 1
0 0.310413 0.716953 0.200682 0.501251
0 0.950842 0.723767 0.0983152 0.49557
0 0.411687 0.0264126 0.823374 0.0528253
0 0.0131352 0.456188 0.0262705 0.199296
3 0.70646 0.746916 0.533629 0.506167
3 0.840127 0.289534 0.319745 0.579069
0 0.359148 0.71498 0.304468 0.552326
3 0.944573 0.739986 0.110853 0.520027
0 0.0794651 0.478675 0.0935692 0.201825
3 0.196691 0.396172 0.0868659 0.293353
0 0.0629266 0.571096 0.121528 0.150859
3 0.54389 0.739632 0.283433 0.505463
4 0.346502 0.798085 0.638133 0.388473
0 0.62688 0.049201 0.617546 0.098402
3 0.429907 0.035077 0.756591 0.0701539
0 0.137242 0.647427 0.242364 0.322907
3 0.515476 0.666765 0.190251 0.640072
3 0.81628 0.169454 0.367439 0.338909
3 0.145595 0.50134 0.220262 0.231115
3 0.958197 0.619207 0.083606 0.303062
0 0.84619 0.436646 0.307621 0.873292
3 0.422478 0.5 0.285799 1
0 0.54389 0.739632 0.283433 0.505463
3 0.598945 0.746225 0.377128 0.507549
0 0.577134 0.477077 0.0895441 0.204448
3 0.510199 0.49558 0.260395 0.99116
3 0.529767 0.72971 0.172865 0.534581
3 0.335118 0.502103 0.0984731 0.550964
4 0.63461 0.747842 0.473762 0.503655
3 0.333244 0.416507 0.0793481 0.405983
0 0.80953 0.501474 0.38094 0.997051
4 0.505385 0.783997 0.429987 0.415689
3 0.254713 0.453936 0.0435705 0.142767
3 0.206329 0.789275 0.39815 0.42145
3 0.229649 0.312685 0.132668 0.409701
0 0.0337322 0.706527 0.0674643 0.586946
3 0.555656 0.741877 0.429039 0.512691
0 0.466255 0.0453709 0.675484 0.0907418
3 0.212937 0.140398 0.425874 0.280797
4 0.589828 0.758761 0.360898 0.462422
3 0.362659 0.545649 0.227982 0.908702
3 0.902455 0.73036 0.195091 0.539279
3 0.13891 0.797571 0.275065 0.404858
3 0.0975725 0.521569 0.0737927 0.0632338
0 0.212937 0.140398 0.425874 0.280797
3 0.95448 0.40459 0.091041 0.757505
3 0.299794 0.0376632 0.599588 0.0753264
0 0.121238 0.474059 0.109218 0.171935
3 0.433254 0.727519 0.491536 0.522414
3 0.365324 0.416301 0.21263 0.688161
3 0.718279 0.145696 0.0965691 0.27086
3 0.326313 0.575122 0.138912 0.4717
3 0.501072 0.491514 0.366922 0.983028
4 0.101721 0.468403 0.0658806 0.166774
3 0.372351 0.330876 0.291895 0.661752
3 0.161244 0.726657 0.322319 0.542563
3 0.478873 0.274656 0.539659 0.549313
3 0.5401 0.351677 0.383241 0.703354
3 0.711505 0.708208 0.573683 0.582973
3 0.101721 0.468403 0.0658806 0.166774
4 0.958352 0.616671 0.0832966 0.505869
3 0.0187587 0.507023 0.0375174 0.110119
3 0.0959541 0.278495 0.191908 0.556989
3 0.0337322 0.706527 0.0674643 0.586946
3 0.216084 0.247384 0.0580924 0.279867
3 0.129089 0.441372 0.127847 0.316285
3 0.334091 0.285048 0.0993736 0.504513
3 0.279046 0.494886 0.0936036 0.227282
0 0.333244 0.416507 0.0793481 0.405983
3 0.577134 0.477077 0.0895441 0.204448
3 0.301374 0.409259 0.0449493 0.340718
3 0.552541 0.683789 0.155483 0.421443
3 0.306751 0.789833 0.6107 0.420334
3 0.532941 0.0506077 0.715427 0.101215
3 0.786035 0.115418 0.42793 0.230836
3 0.5041 0.778358 0.453958 0.443284
0 0.161244 0.726657 0.322319 0.542563
0 0.849708 0.264715 0.300584 0.529429
4 0.950842 0.723767 0.0983152 0.49557
3 0.958803 0.562803 0.0823936 0.412129
3 0.950842 0.723767 0.0983152 0.49557
3 0.240956 0.068836 0.481912 0.137672
0 0.299794 0.0376632 0.599588 0.0753264
3 0.359148 0.71498 0.304468 0.552326
3 0.0131352 0.456188 0.0262705 0.199296
3 0.0332052 0.627472 0.0664104 0.372361
0 0.859597 0.0901522 0.280806 0.180304
3 0.851009 0.426557 0.297983 0.853114
3 0.72946 0.259489 0.107354 0.518979
3 0.308584 0.32309 0.0307833 0.203017
3 0.0337541 0.795932 0.0675081 0.408136
4 0.0975725 0.521569 0.0737927 0.0632338
4 0.781647 0.734982 0.436706 0.530036
4 0.944573 0.739986 0.110853 0.520027
0 0.145595 0.50134 0.220262 0.231115
3 0.643797 0.750007 0.495511 0.497579
4 0.55601 0.760479 0.389017 0.479042
0 0.95448 0.40459 0.091041 0.757505
0 0.301374 0.409259 0.0449493 0.340718
3 0.146935 0.599421 0.241865 0.253453
3 0.032505 0.804227 0.06501 0.391546
0 0.718279 0.145696 0.0965691 0.27086
3 0.873537 0.246986 0.252926 0.493971
3 0.0505298 0.327578 0.10106 0.502963
3 0.735079 0.315235 0.31648 0.620792
3 0.310413 0.716953 0.200682 0.501251
4 0.413568 0.0273581 0.813373 0.0547163
0 0.781647 0.734982 0.436706 0.530036
0 0.5041 0.778358 0.453958 0.443284
1 0.101721 0.468403 0.0658806 0.166774
3 0.030506 0.260658 0.0610119 0.521317
3 0.859597 0.0901522 0.280806 0.180304
0 0.308257 0.252913 0.0469109 0.351446
3 0.909474 0.328615 0.181051 0.65723
4 0.838099 0.702833 0.323803 0.476935
4 0.846578 0.476041 0.306844 0.952081
3 0.176983 0.796234 0.353063 0.386567
4 0.2405 0.79742 0.467147 0.380225
0 0.196691 0.396172 0.0868659 0.293353
3 0.222887 0.747748 0.445288 0.50139
1 0.0779802 0.560651 0.108709 0.140952
3 0.62688 0.049201 0.617546 0.098402
0 0.326902 0.329916 0.653804 0.659833
3 0.010816 0.273337 0.021632 0.546675
0 0.809398 0.222144 0.381205 0.444288
1 0.698123 0.749701 0.597346 0.500598
4 0.902455 0.73036 0.195091 0.539279
4 0.206329 0.789275 0.39815 0.42145
0 0.0779802 0.560651 0.108709 0.140952
0 0.902455 0.73036 0.195091 0.539279
4 0.95448 0.40459 0.091041 0.757505
3 0.54849 0.585397 0.133086 0.428366
3 0.0111362 0.329527 0.0222725 0.501258
4 0.331627 0.316354 0.663255 0.632709
4 0.466255 0.0453709 0.675484 0.0907418
0 0.0900964 0.79717 0.18005 0.393448
3 0.0611995 0.414908 0.102521 0.369701
3 0.137242 0.647427 0.242364 0.322907
0 0.0611995 0.414908 0.102521 0.369701
0 0.0108814 0.288709 0.0217629 0.577419
0 0.571535 0.0640806 0.721989 0.128161
4 0.161244 0.726657 0.322319 0.542563
0 0.803674 0.0744769 0.392652 0.148954
0 0.0663033 0.741753 0.132607 0.509916
0 0.400495 0.79026 0.549542 0.419479
0 0.0111362 0.329527 0.0222725 0.501258
0 0.442625 0.30399 0.579302 0.60798
0 0.236004 0.361009 0.118949 0.300981
0 0.216084 0.247384 0.0580924 0.279867
3 0.308257 0.252913 0.0469109 0.351446
4 0.308257 0.252913 0.0469109 0.351446
3 0.803674 0.0744769 0.392652 0.148954
0 0.335118 0.502103 0.0984731 0.550964
0 0.426451 0.713792 0.332627 0.565065
3 0.283617 0.626192 0.118614 0.310955
0 0.909474 0.328615 0.181051 0.65723
0 0.944573 0.739986 0.110853 0.520027
4 0.13891 0.797571 0.275065 0.404858
4 0.032505 0.804227 0.06501 0.391546
0 0.254713 0.453936 0.0435705 0.142767
4 0.449465 0.785407 0.517983 0.429185
3 0.314364 0.727538 0.577803 0.523991
0 0.107999 0.794362 0.215998 0.411276
4 0.0990174 0.420359 0.0635405 0.266631
3 0.0779802 0.560651 0.108709 0.140952
2 0.101721 0.468403 0.0658806 0.166774
4 0.299794 0.0376632 0.599588 0.0753264
2 0.308584 0.32309 0.0307833 0.203017
4 0.0663033 0.741753 0.132607 0.509916
4 0.830512 0.244938 0.338976 0.486676
0 0.701611 0.498483 0.596777 0.996965
0 0.240956 0.068836 0.481912 0.137672
0 0.54849 0.585397 0.133086 0.428366
4 0.216084 0.247384 0.0580924 0.279867
4 0.0888388 0.78371 0.177678 0.414613
3 0.126749 0.518851 0.123979 0.0664172
0 0.032505 0.804227 0.06501 0.391546
3 0.0663033 0.741753 0.132607 0.509916
4 0.212937 0.140398 0.425874 0.280797
1 0.838099 0.702833 0.323803 0.476935
4 0.363687 0.723613 0.549584 0.530256
2 0.698123 0.749701 0.597346 0.500598
0 0.0337541 0.795932 0.0675081 0.408136
2 0.137242 0.647427 0.242364 0.322907
0 0.873537 0.246986 0.252926 0.493971
4 0.538357 0.725655 0.161151 0.507173
2 0.121238 0.474059 0.109218 0.171935
0 0.786035 0.115418 0.42793 0.230836
0 0.70646 0.746916 0.533629 0.506167
1 0.0990174 0.420359 0.0635405 0.266631
4 0.229258 0.303017 0.458516 0.606034
1 0.4099 0.799879 0.566361 0.379022
4 0.0131352 0.456188 0.0262705 0.199296
0 0.0505298 0.327578 0.10106 0.502963
0 0.229258 0.303017 0.458516 0.606034
4 0.62688 0.049201 0.617546 0.098402
4 0.0337541 0.795932 0.0675081 0.408136
0 0.0734613 0.308709 0.146923 0.555575
4 0.0351936 0.721648 0.0703872 0.556704
0 0.598945 0.746225 0.377128 0.507549
3 0.865864 0.724278 0.268272 0.527241
4 0.718441 0.5 0.563118 1
3 0.121238 0.474059 0.109218 0.171935
0 0.35922 0.546506 0.230561 0.906987
2 0.333244 0.416507 0.0793481 0.405983
1 0.0975725 0.521569 0.0737927 0.0632338
3 0.812379 0.73561 0.375243 0.528779
0 0.229649 0.312685 0.132668 0.409701
3 0.0794651 0.478675 0.0935692 0.201825
4 0.442625 0.30399 0.579302 0.60798
2 0.222887 0.747748 0.445288 0.50139
0 0.129089 0.441372 0.127847 0.316285
4 0.010816 0.273337 0.021632 0.546675
4 0.229649 0.312685 0.132668 0.409701
0 0.030506 0.260658 0.0610119 0.521317
2 0.776387 0.726337 0.446686 0.525385
2 0.254439 0.503483 0.0386693 0.0538191
4 0.030506 0.260658 0.0610119 0.521317
2 0.301374 0.409259 0.0449493 0.340718
0 0.150399 0.797936 0.299784 0.393472
4 0.718279 0.145696 0.0965691 0.27086
4 0.152622 0.287211 0.305244 0.574423
2 0.0629266 0.571096 0.121528 0.150859
4 0.240956 0.068836 0.481912 0.137672
4 0.54849 0.585397 0.133086 0.428366
4 0.0629266 0.571096 0.121528 0.150859
1 0.219444 0.79432 0.433835 0.387652
3 0.0781137 0.521732 0.113614 0.0786857
4 0.571535 0.0640806 0.721989 0.128161
2 0.359148 0.71498 0.304468 0.552326
4 0.308584 0.32309 0.0307833 0.203017
4 0.859597 0.0901522 0.280806 0.180304
4 0.0540763 0.281518 0.108153 0.563035
2 0.0975725 0.521569 0.0737927 0.0632338
4 0.105733 0.276318 0.211467 0.552637
4 0.137242 0.647427 0.242364 0.322907
2 0.216084 0.247384 0.0580924 0.279867
4 0.0187587 0.507023 0.0375174 0.110119
0 0.546546 0.456737 0.233513 0.913474
1 0.958352 0.616671 0.0832966 0.505869
2 0.126749 0.518851 0.123979 0.0664172
2 0.254713 0.453936 0.0435705 0.142767
0 0.152622 0.287211 0.305244 0.574423
4 0.0781137 0.521732 0.113614 0.0786857
4 0.334091 0.285048 0.0993736 0.504513
1 0.552541 0.683789 0.155483 0.421443
4 0.909474 0.328615 0.181051 0.65723
4 0.0332052 0.627472 0.0664104 0.372361
1 0.843744 0.234875 0.312512 0.461695
2 0.0332052 0.627472 0.0664104 0.372361
4 0.546546 0.456737 0.233513 0.913474
4 0.0111362 0.329527 0.0222725 0.501258
3 0.254439 0.503483 0.0386693 0.0538191
0 0.326313 0.575122 0.138912 0.4717
4 0.577134 0.477077 0.0895441 0.204448
2 0.214991 0.255984 0.0412407 0.090568
2 0.161244 0.726657 0.322319 0.542563
