0 0.499159 0.68926 0.296841 0.38126
0 0.305311 0.569823 0.0917794 0.115253
1 0.499032 0.691385 0.294149 0.386602
0 0.306363 0.62046 0.0933792 0.210182
0 0.313406 0.559181 0.0845153 0.162289
0 0.459742 0.657772 0.332665 0.29838
0 0.544765 0.733684 0.413022 0.473579
4 0.499074 0.692816 0.297466 0.388879
0 0.306665 0.512135 0.0910924 0.274571
1 0.305311 0.569823 0.0917794 0.115253
0 0.728265 0.781143 0.234417 0.424786
3 0.590352 0.746447 0.503001 0.455569
0 0.806303 0.772836 0.387394 0.441226
2 0.499039 0.690074 0.300958 0.391471
2 0.306335 0.553077 0.0912747 0.150976
0 0.447863 0.0233083 0.895726 0.0466166
3 0.530515 0.753294 0.334311 0.493413
0 0.498262 0.732736 0.301563 0.534528
3 0.501218 0.448836 0.327892 0.866123
3 0.622778 0.774443 0.358629 0.451114
3 0.348063 0.406238 0.242658 0.790049
4 0.530515 0.753294 0.334311 0.493413
4 0.306335 0.553077 0.0912747 0.150976
3 0.415247 0.456569 0.323011 0.881957
3 0.220207 0.403004 0.359362 0.804829
3 0.204867 0.754187 0.297508 0.491627
4 0.577448 0.761134 0.45142 0.476774
0 0.167017 0.810627 0.324449 0.378747
0 0.26067 0.687137 0.195799 0.342857
3 0.904222 0.473177 0.191556 0.720783
0 0.593821 0.0225712 0.750359 0.0451423
3 0.434701 0.0278904 0.869403 0.0557809
3 0.892381 0.769317 0.215239 0.461367
3 0.843865 0.555365 0.268884 0.88927
0 0.206009 0.722239 0.299866 0.419611
3 0.78507 0.540699 0.282079 0.918601
3 0.148002 0.5 0.296004 1
3 0.26067 0.687137 0.195799 0.342857
3 0.347157 0.35463 0.355369 0.709261
3 0.946155 0.387287 0.107691 0.553231
3 0.905263 0.363267 0.189474 0.726534
3 0.94847 0.49767 0.10306 0.404516
0 0.207842 0.0885637 0.415684 0.177127
3 0.632652 0.314695 0.483571 0.629391
3 0.547051 0.300341 0.37119 0.600683
3 0.603021 0.0223872 0.720984 0.0447743
3 0.324593 0.442579 0.160101 0.786831
4 0.622778 0.774443 0.358629 0.451114
3 0.714452 0.532062 0.305917 0.935876
3 0.862315 0.346417 0.275369 0.692835
3 0.311925 0.517362 0.095904 0.286026
0 0.267639 0.0416049 0.535278 0.0832097
3 0.73924 0.204515 0.521519 0.40903
4 0.728265 0.781143 0.234417 0.424786
3 0.488347 0.691631 0.308632 0.380915
0 0.860058 0.815289 0.279883 0.369421
3 0.777423 0.356874 0.430736 0.713749
3 0.650696 0.492366 0.253438 0.940161
0 0.181737 0.755357 0.357412 0.489286
3 0.794747 0.192636 0.410507 0.385273
3 0.654013 0.0639898 0.691975 0.12798
3 0.816583 0.630269 0.329936 0.727673
3 0.927407 0.608627 0.145186 0.585943
2 0.181961 0.753507 0.353749 0.492985
3 0.587275 0.174827 0.695359 0.349654
3 0.963021 0.299052 0.0739582 0.573674
3 0.807059 0.719853 0.385882 0.556676
3 0.828001 0.791291 0.343998 0.417418
3 0.697362 0.0887104 0.605276 0.177421
3 0.776663 0.766173 0.316136 0.467653
3 0.974971 0.240122 0.0500574 0.426206
0 0.0204673 0.68848 0.0409346 0.623039
3 0.926105 0.806117 0.147789 0.387766
3 0.972048 0.768768 0.0559038 0.295764
4 0.788138 0.781963 0.352175 0.427479
3 0.294508 0.437233 0.131233 0.742676
3 0.671924 0.71404 0.57375 0.571921
1 0.306363 0.62046 0.0933792 0.210182
3 0.504656 0.593486 0.317155 0.561529
3 0.480958 0.282316 0.42003 0.564632
3 0.922497 0.16026 0.155006 0.320519
3 0.207842 0.0885637 0.415684 0.177127
3 0.660277 0.454942 0.356745 0.909885
3 0.116437 0.756756 0.232874 0.486488
3 0.710742 0.648261 0.270637 0.701573
0 0.640441 0.0448204 0.719118 0.0896408
3 0.114771 0.5 0.229541 1
3 0.744962 0.62366 0.362234 0.740093
0 0.947297 0.81924 0.105405 0.361519
3 0.265741 0.507522 0.167865 0.471388
3 0.840494 0.436722 0.280515 0.873444
0 0.134938 0.858736 0.269875 0.282529
3 0.565742 0.450804 0.299214 0.886203
3 0.945618 0.60128 0.108765 0.273159
3 0.961455 0.817608 0.0770908 0.351206
4 0.476447 0.743625 0.286504 0.512751
0 0.327618 0.0297065 0.655235 0.059413
3 0.144275 0.687863 0.288551 0.624273
3 0.95163 0.639127 0.0967406 0.295614
3 0.752676 0.455919 0.324542 0.911838
3 0.94796 0.819354 0.104079 0.361291
3 0.757079 0.110603 0.485842 0.221206
0 0.94796 0.819354 0.104079 0.361291
3 0.61337 0.643584 0.15514 0.591292
3 0.297861 0.568567 0.108231 0.11668
0 0.816636 0.0852743 0.366728 0.170549
3 0.11345 0.62774 0.2269 0.74452
4 0.447863 0.0233083 0.895726 0.0466166
3 0.294763 0.226652 0.589527 0.453305
0 0.697362 0.0887104 0.605276 0.177421
3 0.860058 0.815289 0.279883 0.369421
3 0.931005 0.73044 0.137989 0.498071
3 0.0384024 0.771659 0.0768048 0.456683
1 0.306665 0.512135 0.0910924 0.274571
3 0.711818 0.785948 0.247001 0.428103
3 0.267639 0.0416049 0.535278 0.0832097
3 0.372433 0.099919 0.744866 0.199838
0 0.370389 0.103896 0.693653 0.207792
0 0.828001 0.791291 0.343998 0.417418
3 0.362243 0.760877 0.228507 0.478246
4 0.395472 0.735625 0.357587 0.496531
3 0.0204673 0.68848 0.0409346 0.623039
3 0.155824 0.847205 0.310202 0.305589
3 0.816636 0.0852743 0.366728 0.170549
0 0.972048 0.768768 0.0559038 0.295764
3 0.476447 0.743625 0.286504 0.512751
2 0.306363 0.62046 0.0933792 0.210182
4 0.593821 0.0225712 0.750359 0.0451423
3 0.296535 0.555027 0.110102 0.170375
3 0.0668409 0.846081 0.133682 0.307837
3 0.0502198 0.813868 0.10044 0.372265
3 0.418839 0.155986 0.642607 0.311972
0 0.213748 0.774258 0.3182 0.451485
3 0.472741 0.201998 0.56156 0.403997
0 0.961455 0.817608 0.0770908 0.351206
0 0.974971 0.240122 0.0500574 0.426206
4 0.306665 0.512135 0.0910924 0.274571
0 0.504404 0.192302 0.535213 0.384604
0 0.757079 0.110603 0.485842 0.221206
0 0.695456 0.736585 0.6001 0.52683
2 0.476447 0.743625 0.286504 0.512751
0 0.926105 0.806117 0.147789 0.387766
3 0.127576 0.20766 0.255153 0.41532
0 0.504656 0.593486 0.317155 0.561529
3 0.325438 0.136839 0.650876 0.273677
4 0.370389 0.103896 0.693653 0.207792
0 0.892381 0.769317 0.215239 0.461367
3 0.0666269 0.291658 0.133254 0.583315
3 0.152493 0.293006 0.302628 0.586012
3 0.0822712 0.225471 0.164542 0.450942
3 0.947297 0.81924 0.105405 0.361519
4 0.362243 0.760877 0.228507 0.478246
4 0.418839 0.155986 0.642607 0.311972
3 0.306363 0.62046 0.0933792 0.210182
3 0.0247922 0.350889 0.0495844 0.701777
2 0.206009 0.722239 0.299866 0.419611
4 0.640441 0.0448204 0.719118 0.0896408
0 0.418839 0.155986 0.642607 0.311972
4 0.94796 0.819354 0.104079 0.361291
0 0.945618 0.60128 0.108765 0.273159
3 0.119972 0.261041 0.239945 0.522081
3 0.0669966 0.768248 0.133993 0.463505
4 0.695456 0.736585 0.6001 0.52683
2 0.362243 0.760877 0.228507 0.478246
0 0.325438 0.136839 0.650876 0.273677
1 0.16199 0.825437 0.319765 0.349127
4 0.134938 0.858736 0.269875 0.282529
3 0.0138202 0.536108 0.0276404 0.617436
0 0.0292593 0.719689 0.0585185 0.560622
3 0.395472 0.735625 0.357587 0.496531
4 0.206009 0.722239 0.299866 0.419611
0 0.587564 0.162576 0.650084 0.325152
0 0.296535 0.555027 0.110102 0.170375
4 0.947297 0.81924 0.105405 0.361519
4 0.504404 0.192302 0.535213 0.384604
3 0.0142052 0.419103 0.0284105 0.750447
0 0.931005 0.73044 0.137989 0.498071
4 0.926105 0.806117 0.147789 0.387766
4 0.860058 0.815289 0.279883 0.369421
4 0.306363 0.62046 0.0933792 0.210182
4 0.828001 0.791291 0.343998 0.417418
3 0.0552521 0.720979 0.110504 0.424717
3 0.0292593 0.719689 0.0585185 0.560622
4 0.117856 0.785915 0.235712 0.42817
4 0.0668409 0.846081 0.133682 0.307837
4 0.501218 0.448836 0.327892 0.866123
0 0.362243 0.760877 0.228507 0.478246
0 0.73924 0.204515 0.521519 0.40903
4 0.207842 0.0885637 0.415684 0.177127
4 0.757079 0.110603 0.485842 0.221206
4 0.697362 0.0887104 0.605276 0.177421
4 0.116372 0.198153 0.232745 0.396305
0 0.922497 0.16026 0.155006 0.320519
4 0.67139 0.187935 0.657221 0.37587
4 0.166043 0.813487 0.322231 0.373026
4 0.127576 0.20766 0.255153 0.41532
1 0.720403 0.778171 0.218819 0.432045
4 0.972048 0.768768 0.0559038 0.295764
4 0.922497 0.16026 0.155006 0.320519
0 0.558616 0.289676 0.385451 0.579351
4 0.816636 0.0852743 0.366728 0.170549
4 0.162029 0.767008 0.323094 0.465985
4 0.213748 0.774258 0.3182 0.451485
0 0.294763 0.226652 0.589527 0.453305
4 0.961455 0.817608 0.0770908 0.351206
3 0.166043 0.813487 0.322231 0.373026
0 0.0138202 0.536108 0.0276404 0.617436
0 0.776663 0.766173 0.316136 0.467653
0 0.501218 0.448836 0.327892 0.866123
3 0.0962419 0.399707 0.192484 0.799415
0 0.324593 0.442579 0.160101 0.786831
1 0.313406 0.559181 0.0845153 0.162289
4 0.945618 0.60128 0.108765 0.273159
0 0.0669966 0.768248 0.133993 0.463505
0 0.95163 0.639127 0.0967406 0.295614
4 0.0822712 0.225471 0.164542 0.450942
0 0.117856 0.785915 0.235712 0.42817
4 0.0204673 0.68848 0.0409346 0.623039
4 0.94847 0.49767 0.10306 0.404516
4 0.0502198 0.813868 0.10044 0.372265
4 0.267639 0.0416049 0.535278 0.0832097
4 0.327618 0.0297065 0.655235 0.059413
3 0.0592796 0.618775 0.118559 0.581919
4 0.587564 0.162576 0.650084 0.325152
3 0.0776956 0.492196 0.155391 0.984392
4 0.325438 0.136839 0.650876 0.273677
4 0.946155 0.387287 0.107691 0.553231
4 0.0666269 0.291658 0.133254 0.583315
0 0.963021 0.299052 0.0739582 0.573674
4 0.568214 0.253347 0.405067 0.506693
4 0.974971 0.240122 0.0500574 0.426206
4 0.294508 0.437233 0.131233 0.742676
0 0.946155 0.387287 0.107691 0.553231
4 0.0292593 0.719689 0.0585185 0.560622
4 0.963021 0.299052 0.0739582 0.573674
0 0.553518 0.422153 0.373886 0.844307
4 0.405711 0.435954 0.322342 0.871908
4 0.179005 0.4349 0.322012 0.843527
0 0.127576 0.20766 0.255153 0.41532
4 0.794747 0.192636 0.410507 0.385273
2 0.306665 0.512135 0.0910924 0.274571
0 0.114054 0.226886 0.228107 0.452606
4 0.0142052 0.419103 0.0284105 0.750447
4 0.122053 0.469308 0.243892 0.938617
0 0.0142052 0.419103 0.0284105 0.750447
4 0.294763 0.226652 0.589527 0.453305
4 0.0384024 0.771659 0.0768048 0.456683
4 0.0247922 0.350889 0.0495844 0.701777
1 0.788138 0.781963 0.352175 0.427479
4 0.95163 0.639127 0.0967406 0.295614
0 0.348063 0.406238 0.242658 0.790049
4 0.26067 0.687137 0.195799 0.342857
0 0.0822712 0.225471 0.164542 0.450942
4 0.348063 0.406238 0.242658 0.790049
4 0.480958 0.282316 0.42003 0.564632
3 0.313406 0.559181 0.0845153 0.162289
4 0.862315 0.346417 0.275369 0.692835
4 0.0669966 0.768248 0.133993 0.463505
4 0.0138202 0.536108 0.0276404 0.617436
0 0.176484 0.39769 0.3456 0.795379
4 0.777423 0.356874 0.430736 0.713749
2 0.26067 0.687137 0.195799 0.342857
4 0.931005 0.73044 0.137989 0.498071
4 0.892381 0.769317 0.215239 0.461367
4 0.393811 0.321259 0.41675 0.642517
4 0.632652 0.314695 0.483571 0.629391
0 0.405711 0.435954 0.322342 0.871908
0 0.862315 0.346417 0.275369 0.692835
0 0.94847 0.49767 0.10306 0.404516
4 0.904222 0.473177 0.191556 0.720783
0 0.0668409 0.846081 0.133682 0.307837
0 0.794747 0.192636 0.410507 0.385273
4 0.890209 0.310722 0.219581 0.619828
2 0.395472 0.735625 0.357587 0.496531
4 0.142558 0.370949 0.284893 0.741898
0 0.294508 0.437233 0.131233 0.742676
4 0.843865 0.555365 0.268884 0.88927
4 0.114133 0.326898 0.228266 0.653796
2 0.297861 0.568567 0.108231 0.11668
4 0.553518 0.422153 0.373886 0.844307
1 0.544765 0.733684 0.413022 0.473579
2 0.459742 0.657772 0.332665 0.29838
0 0.480958 0.282316 0.42003 0.564632
0 0.0384024 0.771659 0.0768048 0.456683
4 0.714452 0.532062 0.305917 0.935876
4 0.78507 0.540699 0.282079 0.918601
2 0.213748 0.774258 0.3182 0.451485
4 0.840494 0.436722 0.280515 0.873444
1 0.137887 0.858538 0.275774 0.282924
4 0.650696 0.492366 0.253438 0.940161
4 0.927407 0.608627 0.145186 0.585943
2 0.50361 0.610652 0.316954 0.569073
2 0.806965 0.785213 0.38607 0.419559
4 0.197527 0.361381 0.386886 0.722762
0 0.61337 0.643584 0.15514 0.591292
4 0.324593 0.442579 0.160101 0.786831
0 0.398666 0.636229 0.255495 0.539369
2 0.393811 0.321259 0.41675 0.642517
4 0.168944 0.245233 0.337887 0.490466
0 0.152493 0.293006 0.302628 0.586012
0 0.499179 0.689257 0.296883 0.381239
0 0.305311 0.569817 0.0917722 0.115247
1 0.49906 0.691381 0.294215 0.386567
0 0.306365 0.620473 0.0933695 0.210278
0 0.313408 0.559209 0.0845297 0.162272
0 0.459653 0.657921 0.332116 0.298669
0 0.543179 0.733557 0.409786 0.473441
4 0.49909 0.692826 0.297494 0.388862
0 0.306659 0.512134 0.0910863 0.274469
1 0.305311 0.569817 0.0917722 0.115247
0 0.728259 0.781146 0.234512 0.424744
3 0.590225 0.746353 0.502662 0.455523
2 0.499052 0.690096 0.300975 0.391489
0 0.80624 0.772833 0.387378 0.441233
2 0.306336 0.553092 0.0912633 0.150914
3 0.530122 0.753407 0.333408 0.493187
0 0.447912 0.0234533 0.895823 0.0469067
3 0.501194 0.448757 0.327983 0.86622
3 0.622468 0.774899 0.358247 0.450202
0 0.498239 0.732831 0.301474 0.534337
3 0.348154 0.406499 0.242064 0.788629
4 0.530122 0.753407 0.333408 0.493187
4 0.306336 0.553092 0.0912633 0.150914
3 0.415023 0.456435 0.322751 0.882457
3 0.220499 0.403147 0.358523 0.804493
3 0.205257 0.754183 0.296685 0.491634
4 0.577066 0.761222 0.450796 0.476705
3 0.90428 0.472754 0.191441 0.718825
3 0.434962 0.0280375 0.869924 0.056075
3 0.892425 0.770261 0.215149 0.459478
0 0.167015 0.810824 0.324443 0.378352
0 0.261365 0.687059 0.194371 0.342645
3 0.843882 0.555772 0.268316 0.888457
0 0.594202 0.0227347 0.750026 0.0454694
3 0.14789 0.5 0.29578 1
3 0.785042 0.541235 0.281339 0.91753
3 0.261365 0.687059 0.194371 0.342645
0 0.206488 0.721524 0.298886 0.418178
3 0.347731 0.354453 0.353671 0.708906
3 0.946289 0.387027 0.107423 0.551994
3 0.90534 0.362906 0.189319 0.725813
3 0.948565 0.49759 0.102871 0.403572
3 0.633171 0.314956 0.481557 0.629913
3 0.547029 0.300005 0.370724 0.600011
3 0.603098 0.0225772 0.720391 0.0451544
4 0.622468 0.774899 0.358247 0.450202
3 0.324632 0.442759 0.160188 0.78754
3 0.714351 0.532455 0.305068 0.93509
3 0.862662 0.346182 0.274676 0.692365
0 0.207658 0.088492 0.415316 0.176984
3 0.311932 0.517504 0.0959271 0.286172
3 0.739514 0.204161 0.520972 0.408322
3 0.4885 0.691643 0.308375 0.380915
3 0.77841 0.356758 0.428478 0.713516
3 0.650457 0.492025 0.253152 0.939261
4 0.728259 0.781146 0.234512 0.424744
3 0.794993 0.192357 0.410013 0.384715
3 0.65412 0.0640951 0.69176 0.12819
3 0.816872 0.63042 0.328237 0.72743
3 0.927394 0.608126 0.145212 0.584242
0 0.267475 0.0418762 0.53495 0.0837524
3 0.588147 0.174721 0.692894 0.349441
2 0.181986 0.753472 0.353673 0.493056
3 0.963303 0.298958 0.0733936 0.572987
0 0.860405 0.815335 0.279191 0.369331
3 0.807166 0.719826 0.385668 0.556796
0 0.181736 0.755282 0.357386 0.489436
3 0.8285 0.791379 0.343 0.417242
3 0.697415 0.088867 0.605169 0.177734
3 0.776573 0.766145 0.315658 0.46771
3 0.975293 0.239906 0.0494143 0.424788
3 0.926104 0.80616 0.147792 0.38768
3 0.972339 0.767711 0.055321 0.292245
3 0.294562 0.437299 0.131081 0.742561
3 0.670975 0.714334 0.572836 0.571332
4 0.787975 0.781929 0.351839 0.427509
1 0.306365 0.620473 0.0933695 0.210278
0 0.0206084 0.688575 0.0412167 0.62285
3 0.504661 0.593294 0.31723 0.561858
3 0.923466 0.160075 0.153068 0.32015
3 0.660488 0.454441 0.355621 0.908881
3 0.482048 0.281593 0.417043 0.563187
3 0.116197 0.756746 0.232393 0.486508
3 0.710035 0.648389 0.269177 0.701408
3 0.207658 0.088492 0.415316 0.176984
3 0.114721 0.5 0.229443 1
3 0.744093 0.623746 0.360982 0.739982
3 0.266108 0.507352 0.167078 0.469663
3 0.840698 0.435977 0.279763 0.871955
0 0.640766 0.044966 0.718468 0.089932
3 0.945648 0.60136 0.108703 0.273447
3 0.565526 0.450353 0.299298 0.885843
3 0.961608 0.817541 0.0767841 0.350718
4 0.476506 0.743638 0.286194 0.512724
3 0.951818 0.639148 0.0963634 0.295541
3 0.144048 0.688369 0.288096 0.623262
0 0.947326 0.819265 0.105348 0.36147
0 0.134678 0.858724 0.269356 0.282553
3 0.753361 0.455352 0.322715 0.910704
3 0.947988 0.819398 0.104025 0.361204
3 0.757167 0.110789 0.485666 0.221578
0 0.327447 0.0298991 0.654894 0.0597982
3 0.613459 0.643126 0.154495 0.590017
3 0.297875 0.568537 0.108187 0.116646
3 0.113338 0.627667 0.226676 0.744667
3 0.293807 0.227822 0.587615 0.455644
0 0.947988 0.819398 0.104025 0.361204
4 0.447912 0.0234533 0.895823 0.0469067
3 0.860405 0.815335 0.279191 0.369331
3 0.930897 0.730124 0.138206 0.497482
0 0.816983 0.085336 0.366034 0.170672
3 0.0385648 0.77162 0.0771296 0.45676
3 0.711439 0.78621 0.247401 0.427579
1 0.306659 0.512134 0.0910863 0.274469
3 0.372551 0.101637 0.745102 0.203274
0 0.697415 0.088867 0.605169 0.177734
3 0.267475 0.0418762 0.53495 0.0837524
3 0.36238 0.760938 0.228053 0.478124
4 0.395819 0.735627 0.356988 0.496483
3 0.0206084 0.688575 0.0412167 0.62285
3 0.816983 0.085336 0.366034 0.170672
3 0.155772 0.847325 0.310076 0.305349
0 0.370759 0.105289 0.694079 0.210579
0 0.8285 0.791379 0.343 0.417242
3 0.476506 0.743638 0.286194 0.512724
2 0.306365 0.620473 0.0933695 0.210278
4 0.594202 0.0227347 0.750026 0.0454694
3 0.29654 0.554997 0.11005 0.170118
3 0.419221 0.156434 0.641332 0.312868
3 0.0665832 0.846112 0.133166 0.307776
3 0.0500991 0.81391 0.100198 0.372181
3 0.473375 0.201479 0.560121 0.402958
0 0.972339 0.767711 0.055321 0.292245
4 0.306659 0.512134 0.0910863 0.274469
0 0.213826 0.774335 0.318074 0.451329
0 0.961608 0.817541 0.0767841 0.350718
2 0.476506 0.743638 0.286194 0.512724
3 0.127361 0.207696 0.254722 0.415392
0 0.975293 0.239906 0.0494143 0.424788
3 0.32495 0.138347 0.6499 0.276694
0 0.505015 0.191676 0.533842 0.383352
4 0.370759 0.105289 0.694079 0.210579
0 0.757167 0.110789 0.485666 0.221578
3 0.152379 0.293033 0.302425 0.586067
3 0.0668167 0.29121 0.133633 0.582421
3 0.0826117 0.22544 0.165223 0.45088
0 0.694204 0.736599 0.60173 0.526803
0 0.926104 0.80616 0.147792 0.38768
3 0.947326 0.819265 0.105348 0.36147
0 0.504661 0.593294 0.31723 0.561858
0 0.892425 0.770261 0.215149 0.459478
4 0.36238 0.760938 0.228053 0.478124
4 0.419221 0.156434 0.641332 0.312868
3 0.306365 0.620473 0.0933695 0.210278
3 0.0248541 0.350565 0.0497083 0.70113
2 0.206488 0.721524 0.298886 0.418178
4 0.640766 0.044966 0.718468 0.089932
4 0.947988 0.819398 0.104025 0.361204
3 0.0669558 0.768079 0.133912 0.463841
3 0.119948 0.261298 0.239896 0.522596
0 0.419221 0.156434 0.641332 0.312868
4 0.694204 0.736599 0.60173 0.526803
2 0.36238 0.760938 0.228053 0.478124
0 0.945648 0.60136 0.108703 0.273447
1 0.161996 0.825753 0.319777 0.348494
4 0.134678 0.858724 0.269356 0.282553
3 0.0138364 0.535979 0.0276728 0.616984
3 0.395819 0.735627 0.356988 0.496483
4 0.206488 0.721524 0.298886 0.418178
0 0.32495 0.138347 0.6499 0.276694
4 0.947326 0.819265 0.105348 0.36147
4 0.505015 0.191676 0.533842 0.383352
3 0.0142072 0.418556 0.0284144 0.750021
4 0.926104 0.80616 0.147792 0.38768
0 0.0294796 0.719622 0.0589592 0.560757
4 0.306365 0.620473 0.0933695 0.210278
4 0.860405 0.815335 0.279191 0.369331
0 0.29654 0.554997 0.11005 0.170118
0 0.587872 0.162147 0.648619 0.324294
3 0.0552954 0.721403 0.110591 0.425587
4 0.8285 0.791379 0.343 0.417242
3 0.0294796 0.719622 0.0589592 0.560757
4 0.117566 0.785903 0.235132 0.428195
4 0.0665832 0.846112 0.133166 0.307776
0 0.930897 0.730124 0.138206 0.497482
4 0.501194 0.448757 0.327983 0.86622
4 0.207658 0.088492 0.415316 0.176984
4 0.757167 0.110789 0.485666 0.221578
4 0.116352 0.19842 0.232703 0.39684
4 0.697415 0.088867 0.605169 0.177734
4 0.671724 0.187814 0.656552 0.375627
0 0.36238 0.760938 0.228053 0.478124
0 0.739514 0.204161 0.520972 0.408322
4 0.166066 0.813554 0.322271 0.372891
4 0.972339 0.767711 0.055321 0.292245
4 0.127361 0.207696 0.254722 0.415392
4 0.150059 0.758634 0.300118 0.482733
0 0.923466 0.160075 0.153068 0.32015
4 0.923466 0.160075 0.153068 0.32015
1 0.720374 0.778149 0.218839 0.43202
4 0.816983 0.085336 0.366034 0.170672
4 0.213826 0.774335 0.318074 0.451329
4 0.961608 0.817541 0.0767841 0.350718
0 0.558802 0.289546 0.384771 0.579091
3 0.166066 0.813554 0.322271 0.372891
3 0.0962669 0.399381 0.192534 0.798763
0 0.293807 0.227822 0.587615 0.455644
1 0.313408 0.559209 0.0845297 0.162272
4 0.945648 0.60136 0.108703 0.273447
0 0.776573 0.766145 0.315658 0.46771
0 0.0138364 0.535979 0.0276728 0.616984
4 0.0826117 0.22544 0.165223 0.45088
4 0.0206084 0.688575 0.0412167 0.62285
0 0.501194 0.448757 0.327983 0.86622
4 0.948565 0.49759 0.102871 0.403572
0 0.324632 0.442759 0.160188 0.78754
0 0.0669558 0.768079 0.133912 0.463841
4 0.0500991 0.81391 0.100198 0.372181
3 0.0593045 0.618946 0.118609 0.583181
0 0.951818 0.639148 0.0963634 0.295541
4 0.267475 0.0418762 0.53495 0.0837524
4 0.327447 0.0298991 0.654894 0.0597982
4 0.587872 0.162147 0.648619 0.324294
0 0.117566 0.785903 0.235132 0.428195
3 0.0776874 0.491812 0.155375 0.983623
4 0.32495 0.138347 0.6499 0.276694
4 0.946289 0.387027 0.107423 0.551994
4 0.0668167 0.29121 0.133633 0.582421
4 0.568278 0.253282 0.40454 0.506563
4 0.975293 0.239906 0.0494143 0.424788
4 0.294562 0.437299 0.131081 0.742561
4 0.963303 0.298958 0.0733936 0.572987
4 0.0294796 0.719622 0.0589592 0.560757
4 0.179045 0.43463 0.32182 0.842424
0 0.963303 0.298958 0.0733936 0.572987
4 0.405568 0.435458 0.321255 0.870916
4 0.794993 0.192357 0.410013 0.384715
2 0.306659 0.512134 0.0910863 0.274469
0 0.946289 0.387027 0.107423 0.551994
4 0.0142072 0.418556 0.0284144 0.750021
0 0.553538 0.422045 0.373412 0.84409
4 0.121948 0.468529 0.243845 0.937059
0 0.127361 0.207696 0.254722 0.415392
4 0.293807 0.227822 0.587615 0.455644
4 0.0385648 0.77162 0.0771296 0.45676
0 0.114027 0.227382 0.228054 0.453565
4 0.0248541 0.350565 0.0497083 0.70113
1 0.787975 0.781929 0.351839 0.427509
0 0.0142072 0.418556 0.0284144 0.750021
4 0.951818 0.639148 0.0963634 0.295541
4 0.348154 0.406499 0.242064 0.788629
4 0.261365 0.687059 0.194371 0.342645
4 0.482048 0.281593 0.417043 0.563187
3 0.313408 0.559209 0.0845297 0.162272
4 0.862662 0.346182 0.274676 0.692365
0 0.348154 0.406499 0.242064 0.788629
4 0.0669558 0.768079 0.133912 0.463841
4 0.0138364 0.535979 0.0276728 0.616984
0 0.0826117 0.22544 0.165223 0.45088
4 0.77841 0.356758 0.428478 0.713516
0 0.79121 0.703508 0.393433 0.588678
0 0.176481 0.397624 0.345512 0.795247
2 0.261365 0.687059 0.194371 0.342645
4 0.930897 0.730124 0.138206 0.497482
4 0.892425 0.770261 0.215149 0.459478
4 0.394518 0.320305 0.414942 0.64061
4 0.633171 0.314956 0.481557 0.629913
4 0.90428 0.472754 0.191441 0.718825
4 0.890353 0.31042 0.219295 0.618474
4 0.1425 0.370613 0.284754 0.741226
2 0.395819 0.735627 0.356988 0.496483
0 0.862662 0.346182 0.274676 0.692365
0 0.405568 0.435458 0.321255 0.870916
0 0.948565 0.49759 0.102871 0.403572
0 0.0665832 0.846112 0.133166 0.307776
4 0.843882 0.555772 0.268316 0.888457
0 0.794993 0.192357 0.410013 0.384715
4 0.114095 0.326624 0.228189 0.653248
4 0.553538 0.422045 0.373412 0.84409
2 0.297875 0.568537 0.108187 0.116646
0 0.294562 0.437299 0.131081 0.742561
1 0.543179 0.733557 0.409786 0.473441
2 0.459653 0.657921 0.332116 0.298669
4 0.714351 0.532455 0.305068 0.93509
4 0.785042 0.541235 0.281339 0.91753
2 0.213826 0.774335 0.318074 0.451329
4 0.840698 0.435977 0.279763 0.871955
0 0.482048 0.281593 0.417043 0.563187
1 0.137653 0.858549 0.275306 0.282902
0 0.0385648 0.77162 0.0771296 0.45676
4 0.650457 0.492025 0.253152 0.939261
4 0.927394 0.608126 0.145212 0.584242
2 0.806935 0.785272 0.386131 0.419359
2 0.503605 0.610478 0.316998 0.569284
4 0.197456 0.36142 0.386696 0.722839
4 0.324632 0.442759 0.160188 0.78754
2 0.394518 0.320305 0.414942 0.64061
4 0.168063 0.24652 0.336127 0.49304
4 0.613459 0.643126 0.154495 0.590017
4 0.744093 0.623746 0.360982 0.739982
