0 0.355496 0.571711 0.0949393 0.118469
0 0.361243 0.555861 0.0946151 0.152191
0 0.796254 0.756734 0.407493 0.475193
0 0.357601 0.508734 0.0938808 0.255642
0 0.512933 0.200696 0.0355219 0.0994765
0 0.696773 0.753078 0.606454 0.479796
0 0.637828 0.198665 0.03759 0.102504
3 0.358431 0.176336 0.0133002 0.075884
0 0.368526 0.617808 0.120888 0.201368
0 0.613075 0.248319 0.0856863 0.206342
1 0.355496 0.571711 0.0949393 0.118469
0 0.601683 0.0458392 0.796635 0.0916784
0 0.382466 0.575075 0.184121 0.116354
0 0.531273 0.2539 0.082159 0.210349
4 0.356791 0.553413 0.0947591 0.155939
0 0.565534 0.742671 0.868933 0.49972
0 0.365014 0.189747 0.0438028 0.0932871
0 0.349899 0.55944 0.11162 0.176149
0 0.554715 0.128454 0.312705 0.256907
3 0.806694 0.575627 0.386612 0.848746
4 0.78528 0.752603 0.429439 0.480019
3 0.209738 0.739093 0.41167 0.475271
0 0.506175 0.820751 0.904684 0.340232
0 0.421616 0.0842595 0.843233 0.168519
2 0.356791 0.553413 0.0947591 0.155939
3 0.809937 0.749011 0.380126 0.501979
3 0.402198 0.572191 0.134194 0.187081
3 0.45247 0.115168 0.90494 0.230335
3 0.368342 0.505185 0.0993505 0.256222
3 0.670634 0.059553 0.658732 0.119106
3 0.817301 0.826697 0.365399 0.346606
3 0.582219 0.0356267 0.835562 0.0712534
3 0.752617 0.5 0.490627 1
3 0.347434 0.400678 0.112077 0.580932
3 0.495613 0.0569954 0.902727 0.113991
3 0.149591 0.407128 0.290209 0.814255
3 0.361243 0.555861 0.0946151 0.152191
3 0.789864 0.365132 0.420273 0.730264
0 0.442972 0.709159 0.407722 0.386681
3 0.382879 0.470037 0.116089 0.476433
0 0.523818 0.123791 0.0787394 0.247582
3 0.328371 0.0432228 0.656743 0.0864456
3 0.410392 0.492249 0.168099 0.57168
0 0.239648 0.745103 0.465504 0.508112
3 0.23865 0.455581 0.291346 0.888816
3 0.0933421 0.369882 0.186684 0.739763
3 0.7952 0.227313 0.409599 0.454627
3 0.185161 0.5 0.348376 1
3 0.873566 0.79278 0.252868 0.41444
3 0.385194 0.25208 0.090148 0.219749
3 0.378619 0.0693549 0.757237 0.13871
3 0.784817 0.0570366 0.430367 0.114073
3 0.748265 0.468594 0.3583 0.937189
0 0.220138 0.0620928 0.440276 0.124186
0 0.402198 0.572191 0.134194 0.187081
3 0.285381 0.0308687 0.570763 0.0617374
3 0.929531 0.504119 0.140938 0.991763
0 0.328371 0.0432228 0.656743 0.0864456
0 0.179157 0.8203 0.356259 0.341278
3 0.502582 0.153015 0.251138 0.306029
3 0.686311 0.71085 0.627377 0.5783
0 0.670634 0.059553 0.658732 0.119106
1 0.357601 0.508734 0.0938808 0.255642
0 0.382879 0.470037 0.116089 0.476433
3 0.133594 0.726471 0.266645 0.524002
4 0.617549 0.750586 0.764903 0.488437
3 0.411681 0.548244 0.116723 0.347784
3 0.645043 0.5 0.510384 1
3 0.531273 0.2539 0.082159 0.210349
0 0.450012 0.665939 0.301962 0.330947
3 0.509449 0.403249 0.222675 0.598315
0 0.385194 0.25208 0.090148 0.219749
3 0.300192 0.832082 0.591182 0.335835
0 0.571731 0.257498 0.169193 0.20132
3 0.531673 0.442675 0.285432 0.775784
0 0.495613 0.0569954 0.902727 0.113991
3 0.548454 0.740824 0.900363 0.513113
3 0.187205 0.338931 0.373349 0.677863
3 0.930334 0.762892 0.139331 0.468397
3 0.939407 0.810498 0.121186 0.379004
3 0.100715 0.533474 0.20143 0.93284
3 0.311917 0.259248 0.5071 0.518497
3 0.879151 0.501144 0.241698 0.997713
3 0.372222 0.309704 0.297874 0.342501
3 0.385289 0.343138 0.0988662 0.398979
0 0.940788 0.799736 0.118423 0.400528
3 0.554715 0.128454 0.312705 0.256907
3 0.220138 0.0620928 0.440276 0.124186
2 0.239648 0.745103 0.465504 0.508112
4 0.538485 0.824026 0.910999 0.334076
3 0.715296 0.343513 0.569408 0.687026
3 0.382466 0.575075 0.184121 0.116354
0 0.502582 0.153015 0.251138 0.306029
3 0.619893 0.827613 0.756672 0.344774
3 0.651084 0.5 0.661525 1
3 0.335535 0.516365 0.136668 0.389599
3 0.455038 0.424534 0.17447 0.665477
3 0.523818 0.123791 0.0787394 0.247582
0 0.339911 0.134856 0.224587 0.269713
3 0.224203 0.264997 0.448406 0.529994
3 0.107436 0.280966 0.214872 0.561932
3 0.905952 0.374162 0.188096 0.748324
0 0.775707 0.0685552 0.448586 0.13711
3 0.871096 0.243225 0.257808 0.48645
3 0.537746 0.238194 0.0883798 0.166387
3 0.196389 0.827974 0.387231 0.344053
3 0.032129 0.788568 0.064258 0.422864
0 0.823957 0.823179 0.350935 0.353642
3 0.349027 0.204615 0.299722 0.409231
3 0.637828 0.198665 0.03759 0.102504
0 0.256594 0.824414 0.505936 0.335805
3 0.156933 0.192836 0.313866 0.385672
0 0.863593 0.800336 0.272814 0.399328
3 0.472488 0.826614 0.655861 0.346772
0 0.788233 0.248804 0.423535 0.497609
0 0.0976323 0.827392 0.195265 0.330955
3 0.339911 0.134856 0.224587 0.269713
0 0.411681 0.548244 0.116723 0.347784
0 0.285381 0.0308687 0.570763 0.0617374
3 0.563424 0.506606 0.387414 0.955086
0 0.347434 0.400678 0.112077 0.580932
4 0.930334 0.762892 0.139331 0.468397
0 0.633491 0.82814 0.718027 0.32891
4 0.554715 0.128454 0.312705 0.256907
3 0.590995 0.505419 0.348329 0.989161
0 0.798545 0.337457 0.402911 0.674915
0 0.452004 0.60472 0.211574 0.272369
0 0.510486 0.226833 0.0392157 0.15098
4 0.817301 0.826697 0.365399 0.346606
3 0.473808 0.131874 0.4203 0.263748
3 0.353496 0.278166 0.0663204 0.280424
4 0.670634 0.059553 0.658732 0.119106
3 0.014845 0.259474 0.0296899 0.518949
4 0.234112 0.752831 0.424281 0.494339
0 0.0262244 0.611131 0.0524487 0.777737
3 0.452004 0.60472 0.211574 0.272369
3 0.636275 0.222017 0.0417035 0.135301
3 0.510486 0.226833 0.0392157 0.15098
3 0.0239286 0.556926 0.0478572 0.883314
3 0.0589706 0.713694 0.117941 0.554589
0 0.473808 0.131874 0.4203 0.263748
3 0.450012 0.665939 0.301962 0.330947
4 0.601683 0.0458392 0.796635 0.0916784
4 0.688474 0.829746 0.619894 0.330916
4 0.873566 0.79278 0.252868 0.41444
3 0.0160054 0.344671 0.0320108 0.689341
3 0.377599 0.372758 0.273827 0.449327
3 0.531056 0.679017 0.375474 0.497489
4 0.357601 0.508734 0.0938808 0.255642
0 0.133594 0.726471 0.266645 0.524002
4 0.442972 0.709159 0.407722 0.386681
0 0.936787 0.193851 0.126426 0.387703
4 0.270882 0.829068 0.535492 0.326849
4 0.517286 0.728532 0.73273 0.542937
4 0.175121 0.822641 0.348383 0.338759
3 0.940155 0.277094 0.119691 0.551046
3 0.708194 0.318626 0.225378 0.547286
2 0.348411 0.573086 0.114597 0.125223
0 0.537746 0.238194 0.0883798 0.166387
4 0.374931 0.821222 0.749862 0.335461
4 0.939407 0.810498 0.121186 0.379004
3 0.0276439 0.201604 0.0552878 0.403207
4 0.523818 0.123791 0.0787394 0.247582
3 0.0345271 0.826988 0.0690543 0.346024
4 0.406232 0.828449 0.64958 0.343101
3 0.462652 0.549956 0.158582 0.432015
3 0.936787 0.193851 0.126426 0.387703
1 0.358762 0.627902 0.102943 0.225502
4 0.339911 0.134856 0.224587 0.269713
0 0.939407 0.810498 0.121186 0.379004
3 0.512933 0.200696 0.0355219 0.0994765
4 0.407426 0.760735 0.722822 0.454127
3 0.033264 0.703447 0.066528 0.593106
0 0.349027 0.204615 0.299722 0.409231
4 0.378619 0.0693549 0.757237 0.13871
0 0.817661 0.207611 0.364677 0.415223
0 0.940155 0.277094 0.119691 0.551046
4 0.107424 0.818746 0.214849 0.346148
3 0.0703321 0.766768 0.140664 0.45688
3 0.543739 0.73314 0.547619 0.494581
0 0.365494 0.82444 0.704958 0.329098
4 0.368526 0.617808 0.120888 0.201368
4 0.0703321 0.766768 0.140664 0.45688
0 0.509449 0.403249 0.222675 0.598315
3 0.514355 0.53672 0.271979 0.70372
0 0.0215944 0.511022 0.0431888 0.886949
3 0.365014 0.189747 0.0438028 0.0932871
0 0.0276439 0.201604 0.0552878 0.403207
0 0.522352 0.74125 0.613596 0.509459
4 0.823957 0.823179 0.350935 0.353642
4 0.220138 0.0620928 0.440276 0.124186
0 0.68421 0.828467 0.631511 0.343066
0 0.115097 0.829584 0.230194 0.340831
3 0.0546395 0.359342 0.109279 0.644542
3 0.823957 0.823179 0.350935 0.353642
3 0.571731 0.257498 0.169193 0.20132
3 0.358762 0.627902 0.102943 0.225502
3 0.0563312 0.541681 0.112662 0.784375
3 0.349899 0.55944 0.11162 0.176149
2 0.512933 0.200696 0.0355219 0.0994765
0 0.0160054 0.344671 0.0320108 0.689341
0 0.472488 0.826614 0.655861 0.346772
3 0.116484 0.191538 0.232967 0.383075
3 0.613075 0.248319 0.0856863 0.206342
4 0.0276439 0.201604 0.0552878 0.403207
0 0.531056 0.679017 0.375474 0.497489
4 0.328371 0.0432228 0.656743 0.0864456
4 0.495613 0.0569954 0.902727 0.113991
0 0.817301 0.826697 0.365399 0.346606
3 0.637389 0.181766 0.650729 0.363532
0 0.410392 0.492249 0.168099 0.57168
4 0.0262244 0.611131 0.0524487 0.777737
3 0.407426 0.760735 0.722822 0.454127
0 0.937649 0.5 0.124701 1
0 0.014845 0.259474 0.0296899 0.518949
4 0.450012 0.665939 0.301962 0.330947
4 0.45247 0.115168 0.90494 0.230335
0 0.353496 0.278166 0.0663204 0.280424
2 0.253049 0.818994 0.496587 0.341081
0 0.627531 0.696047 0.525022 0.588596
4 0.156933 0.192836 0.313866 0.385672
1 0.209893 0.820721 0.417367 0.342168
4 0.0345271 0.826988 0.0690543 0.346024
4 0.728735 0.5 0.542529 1
2 0.637828 0.198665 0.03759 0.102504
0 0.709429 0.284478 0.206155 0.464074
4 0.905952 0.374162 0.188096 0.748324
4 0.784817 0.0570366 0.430367 0.114073
4 0.543739 0.73314 0.547619 0.494581
4 0.871096 0.243225 0.257808 0.48645
4 0.936787 0.193851 0.126426 0.387703
0 0.636275 0.222017 0.0417035 0.135301
4 0.806694 0.575627 0.386612 0.848746
2 0.523818 0.123791 0.0787394 0.247582
4 0.116484 0.191538 0.232967 0.383075
0 0.372222 0.309704 0.297874 0.342501
4 0.512933 0.200696 0.0355219 0.0994765
4 0.285381 0.0308687 0.570763 0.0617374
4 0.929531 0.504119 0.140938 0.991763
0 0.385289 0.343138 0.0988662 0.398979
4 0.348411 0.573086 0.114597 0.125223
0 0.0345271 0.826988 0.0690543 0.346024
4 0.014845 0.259474 0.0296899 0.518949
4 0.033264 0.703447 0.066528 0.593106
0 0.371314 0.752881 0.703609 0.473055
4 0.0160054 0.344671 0.0320108 0.689341
0 0.0703321 0.766768 0.140664 0.45688
2 0.442972 0.709159 0.407722 0.386681
4 0.637828 0.198665 0.03759 0.102504
4 0.879151 0.501144 0.241698 0.997713
4 0.473808 0.131874 0.4203 0.263748
0 0.224203 0.264997 0.448406 0.529994
4 0.645043 0.5 0.510384 1
4 0.133594 0.726471 0.266645 0.524002
2 0.531273 0.2539 0.082159 0.210349
4 0.940155 0.277094 0.119691 0.551046
4 0.347434 0.400678 0.112077 0.580932
4 0.382879 0.470037 0.116089 0.476433
2 0.510486 0.226833 0.0392157 0.15098
4 0.817661 0.207611 0.364677 0.415223
0 0.871096 0.243225 0.257808 0.48645
3 0.635285 0.787361 0.72943 0.408366
4 0.365014 0.189747 0.0438028 0.0932871
3 0.688474 0.829746 0.619894 0.330916
0 0.033264 0.703447 0.066528 0.593106
2 0.509449 0.403249 0.222675 0.598315
2 0.537746 0.238194 0.0883798 0.166387
0 0.66109 0.663015 0.677819 0.673971
4 0.748265 0.468594 0.3583 0.937189
0 0.335535 0.516365 0.136668 0.389599
1 0.796254 0.756734 0.407493 0.475193
0 0.752617 0.5 0.490627 1
1 0.361243 0.555861 0.0946151 0.152191
0 0.455038 0.424534 0.17447 0.665477
1 0.863593 0.800336 0.272814 0.399328
4 0.0589706 0.713694 0.117941 0.554589
3 0.442972 0.709159 0.407722 0.386681
4 0.762368 0.337339 0.368842 0.674678
0 0.0589706 0.713694 0.117941 0.554589
3 0.348411 0.573086 0.114597 0.125223
2 0.365014 0.189747 0.0438028 0.0932871
2 0.377599 0.372758 0.273827 0.449327
2 0.368526 0.617808 0.120888 0.201368
4 0.692216 0.338564 0.615569 0.677127
4 0.788233 0.248804 0.423535 0.497609
4 0.032129 0.788568 0.064258 0.422864
0 0.930063 0.517858 0.139874 0.786826
0 0.926206 0.720395 0.147588 0.517608
3 0.115097 0.829584 0.230194 0.340831
3 0.253049 0.818994 0.496587 0.341081
0 0.311917 0.259248 0.5071 0.518497
0 0.185161 0.5 0.348376 1
4 0.0215944 0.511022 0.0431888 0.886949
2 0.371314 0.752881 0.703609 0.473055
0 0.590995 0.505419 0.348329 0.989161
2 0.455038 0.424534 0.17447 0.665477
4 0.681479 0.687242 0.630982 0.625516
3 0.392477 0.826442 0.669592 0.328643
2 0.571731 0.257498 0.169193 0.20132
0 0.645043 0.5 0.510384 1
0 0.355502 0.571715 0.094931 0.118474
0 0.361272 0.555874 0.0946131 0.15218
0 0.796197 0.756773 0.407606 0.475257
0 0.357614 0.508794 0.093847 0.255554
0 0.512935 0.200628 0.0354988 0.0993989
0 0.696268 0.753058 0.607463 0.479941
0 0.637805 0.19861 0.0376125 0.102421
3 0.358447 0.17635 0.0132464 0.0759008
0 0.36855 0.617809 0.120965 0.201444
1 0.355502 0.571715 0.094931 0.118474
0 0.613231 0.248147 0.0853425 0.205956
0 0.601835 0.0459882 0.796329 0.0919765
0 0.382458 0.575065 0.184221 0.116333
0 0.531221 0.253905 0.0821282 0.210381
4 0.356801 0.553433 0.0947529 0.155901
0 0.364984 0.189688 0.0436472 0.0931524
0 0.565587 0.74259 0.868826 0.49995
0 0.349914 0.559526 0.111613 0.176195
0 0.556193 0.128336 0.305556 0.256673
3 0.806682 0.579893 0.386635 0.840214
4 0.785243 0.752596 0.429513 0.480157
3 0.209744 0.739127 0.411705 0.475373
0 0.506507 0.821099 0.90582 0.339627
2 0.356801 0.553433 0.0947529 0.155901
3 0.809787 0.749025 0.380425 0.501951
0 0.421224 0.085914 0.842448 0.171828
3 0.402255 0.572096 0.134115 0.186841
3 0.452327 0.119041 0.904654 0.238082
3 0.368401 0.505283 0.0993412 0.256033
3 0.670853 0.0592712 0.658294 0.118542
3 0.817439 0.826726 0.365121 0.346549
3 0.752922 0.5 0.489515 1
3 0.582569 0.0358249 0.834862 0.0716498
3 0.34747 0.400753 0.111787 0.580417
3 0.149719 0.407236 0.290476 0.814471
3 0.790052 0.364434 0.419896 0.728868
3 0.361272 0.555874 0.0946131 0.15218
3 0.4958 0.057961 0.901555 0.115922
3 0.383011 0.469931 0.115767 0.47625
3 0.328383 0.0432762 0.656767 0.0865524
3 0.410597 0.492154 0.16761 0.570711
0 0.523598 0.123527 0.0776386 0.247055
0 0.442794 0.709129 0.407459 0.38664
3 0.0932861 0.370186 0.186572 0.740373
3 0.238777 0.455904 0.290587 0.88741
3 0.795318 0.227746 0.409365 0.455492
3 0.185118 0.5 0.347914 1
3 0.385174 0.251674 0.0899794 0.218713
3 0.87341 0.793464 0.25318 0.413072
3 0.378292 0.0702778 0.756584 0.140556
3 0.784835 0.0566987 0.43033 0.113397
0 0.23969 0.745115 0.465562 0.508176
3 0.74777 0.465447 0.3565 0.930893
3 0.284929 0.0309686 0.569857 0.0619372
3 0.929498 0.504243 0.141005 0.991514
0 0.220091 0.06207 0.440183 0.12414
3 0.502942 0.152163 0.24648 0.304325
0 0.402255 0.572096 0.134115 0.186841
3 0.686566 0.711967 0.626868 0.576065
0 0.328383 0.0432762 0.656767 0.0865524
1 0.357614 0.508794 0.093847 0.255554
0 0.17916 0.820397 0.356269 0.341089
3 0.13356 0.726473 0.266591 0.52397
3 0.411956 0.547786 0.116177 0.346378
4 0.61783 0.750541 0.76434 0.488556
3 0.645005 0.5 0.508684 1
3 0.531221 0.253905 0.0821282 0.210381
0 0.670853 0.0592712 0.658294 0.118542
0 0.383011 0.469931 0.115767 0.47625
3 0.50961 0.403104 0.222161 0.597227
0 0.253092 0.819031 0.496669 0.341024
0 0.449694 0.664711 0.301553 0.328519
0 0.385174 0.251674 0.0899794 0.218713
3 0.300267 0.832099 0.591406 0.335802
3 0.531831 0.442402 0.284744 0.773933
3 0.548389 0.740789 0.900411 0.513193
3 0.186953 0.338972 0.372772 0.677944
3 0.9303 0.762967 0.139401 0.468423
3 0.939435 0.811168 0.121129 0.377665
3 0.100606 0.533735 0.201213 0.932252
3 0.372529 0.309428 0.297172 0.341249
3 0.385295 0.342737 0.0987412 0.397909
3 0.312018 0.259362 0.505018 0.518723
3 0.879819 0.501195 0.240362 0.99761
0 0.572241 0.257466 0.168162 0.201311
3 0.556193 0.128336 0.305556 0.256673
3 0.715468 0.34341 0.569064 0.686821
3 0.220091 0.06207 0.440183 0.12414
2 0.23969 0.745115 0.465562 0.508176
4 0.537949 0.824359 0.912207 0.333532
3 0.382458 0.575065 0.184221 0.116333
0 0.4958 0.057961 0.901555 0.115922
3 0.650932 0.5 0.66103 1
3 0.619912 0.827732 0.75666 0.344536
3 0.335419 0.516616 0.136814 0.390413
0 0.940753 0.800541 0.118494 0.398919
3 0.455298 0.424471 0.17371 0.663976
3 0.523598 0.123527 0.0776386 0.247055
0 0.502942 0.152163 0.24648 0.304325
3 0.22388 0.265832 0.44776 0.531665
3 0.107513 0.281288 0.215025 0.562577
0 0.344663 0.134067 0.211077 0.268133
3 0.906552 0.373242 0.186897 0.746483
3 0.873596 0.244295 0.252808 0.488591
3 0.537753 0.238187 0.0883806 0.166464
3 0.196434 0.827984 0.387357 0.344031
3 0.0323491 0.788653 0.0646981 0.422695
0 0.775858 0.0676755 0.448284 0.135351
3 0.350294 0.204206 0.294244 0.408412
3 0.637805 0.19861 0.0376125 0.102421
0 0.823765 0.823532 0.351376 0.352936
3 0.156975 0.192738 0.31395 0.385477
3 0.472754 0.826655 0.658181 0.346689
3 0.344663 0.134067 0.211077 0.268133
3 0.563274 0.506091 0.386299 0.954335
0 0.862953 0.801426 0.274093 0.397148
0 0.788307 0.249425 0.423385 0.498849
4 0.9303 0.762967 0.139401 0.468423
0 0.0979524 0.827423 0.195905 0.330909
4 0.556193 0.128336 0.305556 0.256673
0 0.411956 0.547786 0.116177 0.346378
0 0.284929 0.0309686 0.569857 0.0619372
0 0.34747 0.400753 0.111787 0.580417
3 0.59112 0.505673 0.346698 0.988654
4 0.817439 0.826726 0.365121 0.346549
0 0.798819 0.337 0.402362 0.674
3 0.353564 0.277749 0.0660313 0.279368
3 0.474118 0.131648 0.419018 0.263295
4 0.23418 0.752832 0.424275 0.494335
3 0.0147742 0.259504 0.0295485 0.519008
4 0.670853 0.0592712 0.658294 0.118542
0 0.452129 0.603967 0.210927 0.270641
0 0.510488 0.226796 0.0391495 0.150957
3 0.452129 0.603967 0.210927 0.270641
3 0.63629 0.221992 0.0416554 0.135203
3 0.510488 0.226796 0.0391495 0.150957
3 0.0240074 0.556662 0.0480147 0.883963
3 0.0589771 0.713666 0.117954 0.554693
0 0.0263492 0.611099 0.0526985 0.777802
3 0.449694 0.664711 0.301553 0.328519
4 0.601835 0.0459882 0.796329 0.0919765
4 0.688926 0.829856 0.619015 0.330664
4 0.87341 0.793464 0.25318 0.413072
3 0.377636 0.372751 0.273728 0.449002
3 0.0159627 0.344545 0.0319254 0.68909
3 0.531021 0.678512 0.374456 0.494761
4 0.357614 0.508794 0.093847 0.255554
0 0.474118 0.131648 0.419018 0.263295
0 0.688926 0.829856 0.619015 0.330664
4 0.442794 0.709129 0.407459 0.38664
4 0.271039 0.829103 0.535827 0.326847
4 0.516693 0.728388 0.734535 0.543224
0 0.13356 0.726473 0.266591 0.52397
3 0.939909 0.277814 0.120182 0.5527
4 0.17518 0.822696 0.348506 0.338685
3 0.70833 0.31781 0.225395 0.545494
2 0.348433 0.5731 0.114578 0.125265
4 0.375027 0.821349 0.750053 0.335284
4 0.939435 0.811168 0.121129 0.377665
0 0.936509 0.194712 0.126982 0.389423
3 0.027433 0.201507 0.0548659 0.403014
4 0.523598 0.123527 0.0776386 0.247055
3 0.0346562 0.827009 0.0693125 0.345982
3 0.936509 0.194712 0.126982 0.389423
4 0.406689 0.828472 0.651934 0.343057
3 0.462744 0.549669 0.158165 0.430696
4 0.344663 0.134067 0.211077 0.268133
1 0.358772 0.627997 0.102947 0.225767
0 0.537753 0.238187 0.0883806 0.166464
3 0.512935 0.200628 0.0354988 0.0993989
3 0.0334599 0.703489 0.0669198 0.593022
4 0.407401 0.761037 0.722654 0.45357
0 0.939435 0.811168 0.121129 0.377665
4 0.378292 0.0702778 0.756584 0.140556
4 0.107944 0.818825 0.215888 0.34596
3 0.0705374 0.766731 0.141075 0.457036
3 0.543387 0.733027 0.547714 0.494291
0 0.350294 0.204206 0.294244 0.408412
4 0.36855 0.617809 0.120965 0.201444
4 0.0705374 0.766731 0.141075 0.457036
3 0.514425 0.535654 0.271361 0.701979
0 0.818353 0.208815 0.363293 0.417631
0 0.939909 0.277814 0.120182 0.5527
3 0.364984 0.189688 0.0436472 0.0931524
0 0.365193 0.824529 0.704558 0.328995
0 0.50961 0.403104 0.222161 0.597227
4 0.823765 0.823532 0.351376 0.352936
0 0.0216128 0.510947 0.0432255 0.886845
4 0.220091 0.06207 0.440183 0.12414
4 0.762096 0.0574637 0.475808 0.114927
3 0.0545328 0.359866 0.109066 0.644175
0 0.027433 0.201507 0.0548659 0.403014
0 0.522322 0.74128 0.613829 0.509539
3 0.572241 0.257466 0.168162 0.201311
3 0.0562416 0.541883 0.112483 0.782853
3 0.358772 0.627997 0.102947 0.225767
3 0.349914 0.559526 0.111613 0.176195
3 0.823765 0.823532 0.351376 0.352936
2 0.512935 0.200628 0.0354988 0.0993989
0 0.619912 0.827732 0.75666 0.344536
0 0.115235 0.829586 0.230469 0.340828
3 0.116408 0.191289 0.232817 0.382578
3 0.613231 0.248147 0.0853425 0.205956
4 0.027433 0.201507 0.0548659 0.403014
4 0.328383 0.0432762 0.656767 0.0865524
0 0.0159627 0.344545 0.0319254 0.68909
4 0.4958 0.057961 0.901555 0.115922
3 0.637357 0.180533 0.649069 0.361065
0 0.472754 0.826655 0.658181 0.346689
0 0.531021 0.678512 0.374456 0.494761
4 0.0263492 0.611099 0.0526985 0.777802
0 0.817439 0.826726 0.365121 0.346549
0 0.410597 0.492154 0.16761 0.570711
3 0.407401 0.761037 0.722654 0.45357
4 0.449694 0.664711 0.301553 0.328519
4 0.452327 0.119041 0.904654 0.238082
4 0.156975 0.192738 0.31395 0.385477
2 0.253092 0.819031 0.496669 0.341024
4 0.0346562 0.827009 0.0693125 0.345982
2 0.637805 0.19861 0.0376125 0.102421
1 0.209862 0.820792 0.417307 0.342086
4 0.729235 0.5 0.541531 1
0 0.0147742 0.259504 0.0295485 0.519008
4 0.906552 0.373242 0.186897 0.746483
4 0.543387 0.733027 0.547714 0.494291
0 0.937382 0.5 0.125236 1
0 0.353564 0.277749 0.0660313 0.279368
0 0.627329 0.69642 0.523676 0.586796
4 0.936509 0.194712 0.126982 0.389423
4 0.873596 0.244295 0.252808 0.488591
0 0.709424 0.284843 0.206051 0.464094
2 0.523598 0.123527 0.0776386 0.247055
4 0.806682 0.579893 0.386635 0.840214
4 0.116408 0.191289 0.232817 0.382578
4 0.284929 0.0309686 0.569857 0.0619372
0 0.63629 0.221992 0.0416554 0.135203
4 0.512935 0.200628 0.0354988 0.0993989
4 0.929498 0.504243 0.141005 0.991514
4 0.348433 0.5731 0.114578 0.125265
0 0.372529 0.309428 0.297172 0.341249
4 0.0147742 0.259504 0.0295485 0.519008
4 0.0334599 0.703489 0.0669198 0.593022
4 0.0159627 0.344545 0.0319254 0.68909
4 0.637805 0.19861 0.0376125 0.102421
2 0.442794 0.709129 0.407459 0.38664
4 0.879819 0.501195 0.240362 0.99761
0 0.385295 0.342737 0.0987412 0.397909
4 0.645005 0.5 0.508684 1
4 0.474118 0.131648 0.419018 0.263295
0 0.0346562 0.827009 0.0693125 0.345982
0 0.371012 0.752917 0.70316 0.473003
4 0.13356 0.726473 0.266591 0.52397
0 0.0705374 0.766731 0.141075 0.457036
4 0.34747 0.400753 0.111787 0.580417
4 0.939909 0.277814 0.120182 0.5527
2 0.531221 0.253905 0.0821282 0.210381
4 0.383011 0.469931 0.115767 0.47625
0 0.22388 0.265832 0.44776 0.531665
2 0.510488 0.226796 0.0391495 0.150957
4 0.818353 0.208815 0.363293 0.417631
4 0.364984 0.189688 0.0436472 0.0931524
2 0.50961 0.403104 0.222161 0.597227
2 0.537753 0.238187 0.0883806 0.166464
3 0.688926 0.829856 0.619015 0.330664
4 0.74777 0.465447 0.3565 0.930893
0 0.873596 0.244295 0.252808 0.488591
1 0.796197 0.756773 0.407606 0.475257
1 0.361272 0.555874 0.0946131 0.15218
1 0.862953 0.801426 0.274093 0.397148
4 0.0589771 0.713666 0.117954 0.554693
0 0.0334599 0.703489 0.0669198 0.593022
4 0.761681 0.336974 0.366499 0.673947
3 0.442794 0.709129 0.407459 0.38664
0 0.661325 0.664292 0.67735 0.671416
2 0.364984 0.189688 0.0436472 0.0931524
0 0.752922 0.5 0.489515 1
0 0.335419 0.516616 0.136814 0.390413
3 0.348433 0.5731 0.114578 0.125265
2 0.377636 0.372751 0.273728 0.449002
0 0.455298 0.424471 0.17371 0.663976
4 0.788307 0.249425 0.423385 0.498849
2 0.36855 0.617809 0.120965 0.201444
4 0.692471 0.338062 0.615057 0.676123
4 0.0323491 0.788653 0.0646981 0.422695
3 0.115235 0.829586 0.230469 0.340828
0 0.0589771 0.713666 0.117954 0.554693
3 0.253092 0.819031 0.496669 0.341024
4 0.0216128 0.510947 0.0432255 0.886845
2 0.371012 0.752917 0.70316 0.473003
0 0.930125 0.516995 0.13975 0.780365
0 0.185118 0.5 0.347914 1
0 0.926136 0.719922 0.147728 0.51718
2 0.455298 0.424471 0.17371 0.663976
4 0.681646 0.687876 0.630311 0.624249
0 0.312018 0.259362 0.505018 0.518723
3 0.392433 0.82649 0.670683 0.328594
2 0.572241 0.257466 0.168162 0.201311
4 0.142033 0.5 0.27734 1
4 0.242011 0.277563 0.484023 0.555126
0 0.59112 0.505673 0.346698 0.988654
