3 0.758124 0.337074 0.0338297 0.193358
0 0.809379 0.781319 0.381243 0.431244
0 0.750824 0.327533 0.0574991 0.216168
3 0.75403 0.32484 0.0411275 0.226137
0 0.771842 0.33758 0.0940754 0.20981
0 0.237992 0.837246 0.462303 0.309426
0 0.556058 0.51576 0.0468338 0.067653
0 0.16566 0.841808 0.328278 0.306138
0 0.0912425 0.848931 0.181816 0.290726
2 0.750406 0.326041 0.0576221 0.214179
3 0.750406 0.326041 0.0576221 0.214179
3 0.814778 0.758127 0.370444 0.480668
3 0.798009 0.358808 0.152168 0.27253
3 0.147064 0.469374 0.294129 0.938747
3 0.957764 0.455957 0.0796768 0.297204
0 0.658562 0.747603 0.545442 0.495382
3 0.646366 0.262673 0.70181 0.525346
0 0.43487 0.0388969 0.846757 0.0777939
0 0.524507 0.771203 0.531839 0.435016
3 0.668555 0.412972 0.201442 0.456658
0 0.597601 0.738999 0.269174 0.495534
3 0.0817137 0.422677 0.163427 0.822401
4 0.80992 0.78318 0.38016 0.427014
0 0.590304 0.0356182 0.819392 0.0712364
3 0.785807 0.313347 0.428387 0.626695
4 0.750824 0.327533 0.0574991 0.216168
0 0.990514 0.359745 0.0189727 0.111458
3 0.921795 0.427281 0.100098 0.261373
3 0.901673 0.686952 0.196653 0.620739
3 0.957818 0.370204 0.065369 0.117934
0 0.584389 0.530338 0.106534 0.105893
0 0.388078 0.774055 0.698159 0.428051
3 0.952634 0.303978 0.0946108 0.519775
0 0.285653 0.758025 0.560075 0.471534
3 0.802239 0.515503 0.242589 0.493867
0 0.989674 0.433782 0.0206517 0.244581
0 0.754527 0.267684 0.0671304 0.366277
3 0.436138 0.495528 0.386468 0.991057
3 0.857973 0.771687 0.284054 0.456625
3 0.522104 0.711805 0.126851 0.500328
3 0.942882 0.813747 0.114236 0.372505
1 0.750406 0.326041 0.0576221 0.214179
3 0.807347 0.650113 0.385305 0.687128
3 0.934739 0.726525 0.130521 0.490208
3 0.189723 0.536813 0.363949 0.894099
3 0.625243 0.0602858 0.749515 0.120572
3 0.086961 0.326 0.173922 0.606516
3 0.0804457 0.640438 0.160891 0.412398
0 0.0122175 0.692886 0.024435 0.611062
0 0.34002 0.823602 0.633975 0.331055
1 0.754527 0.267684 0.0671304 0.366277
3 0.334561 0.300412 0.442748 0.600824
3 0.853482 0.621553 0.274618 0.677718
3 0.956535 0.346534 0.0642086 0.350732
3 0.430061 0.276402 0.391544 0.541316
3 0.845988 0.329482 0.303949 0.640841
3 0.572517 0.734054 0.139537 0.495754
3 0.684909 0.0891054 0.630182 0.178211
0 0.940758 0.804231 0.118485 0.390993
3 0.967513 0.540206 0.0649742 0.408961
1 0.222369 0.838646 0.440579 0.308045
0 0.138774 0.76414 0.275716 0.458323
3 0.327908 0.493435 0.367283 0.98687
3 0.643286 0.769299 0.330543 0.461403
3 0.134473 0.661503 0.268947 0.640542
3 0.899679 0.239195 0.200643 0.478391
3 0.596306 0.0364331 0.798877 0.0728663
3 0.24221 0.5 0.349126 1
3 0.890798 0.389416 0.156618 0.412065
3 0.118933 0.31506 0.237866 0.630119
3 0.444767 0.778202 0.568979 0.443596
3 0.517722 0.427737 0.451027 0.844404
3 0.138774 0.76414 0.275716 0.458323
3 0.982807 0.256292 0.0343861 0.427137
0 0.130121 0.172876 0.260241 0.345751
0 0.646366 0.262673 0.70181 0.525346
3 0.558779 0.464298 0.0581644 0.198212
0 0.522553 0.269017 0.465815 0.524897
0 0.0547702 0.768998 0.10954 0.451883
0 0.558779 0.464298 0.0581644 0.198212
4 0.646366 0.262673 0.70181 0.525346
3 0.757741 0.168872 0.484519 0.337744
3 0.578593 0.768535 0.38701 0.462929
2 0.771449 0.331996 0.0954882 0.216505
3 0.730111 0.117141 0.539778 0.234281
0 0.572517 0.734054 0.139537 0.495754
3 0.021117 0.769682 0.042234 0.460636
0 0.0113564 0.567413 0.0227128 0.519023
3 0.38983 0.736725 0.505619 0.49416
3 0.158005 0.324703 0.300883 0.63263
3 0.213809 0.827364 0.420877 0.345271
0 0.814266 0.604313 0.296837 0.791373
3 0.989674 0.433782 0.0206517 0.244581
0 0.625243 0.0602858 0.749515 0.120572
0 0.990252 0.289043 0.019496 0.282304
3 0.394044 0.0398296 0.788088 0.0796592
3 0.556058 0.51576 0.0468338 0.067653
3 0.785033 0.330186 0.113331 0.219514
0 0.982807 0.256292 0.0343861 0.427137
4 0.857973 0.771687 0.284054 0.456625
0 0.109138 0.841738 0.218276 0.316524
0 0.790569 0.382917 0.158295 0.256851
3 0.181881 0.849537 0.360493 0.286826
0 0.811077 0.112524 0.377847 0.225048
0 0.802239 0.515503 0.242589 0.493867
3 0.377278 0.0778174 0.754556 0.155635
0 0.730111 0.117141 0.539778 0.234281
4 0.238818 0.833939 0.465469 0.332122
0 0.684909 0.0891054 0.630182 0.178211
3 0.253544 0.738839 0.486792 0.487846
4 0.942882 0.813747 0.114236 0.372505
3 0.814266 0.604313 0.296837 0.791373
3 0.735382 0.325687 0.0879714 0.210426
4 0.625243 0.0602858 0.749515 0.120572
3 0.291533 0.831374 0.541871 0.337252
3 0.782192 0.269068 0.129658 0.424104
0 0.0697848 0.814502 0.139055 0.354273
3 0.648655 0.505497 0.190879 0.422524
0 0.0178228 0.724836 0.0356456 0.550328
0 0.956535 0.346534 0.0642086 0.350732
3 0.130121 0.172876 0.260241 0.345751
3 0.335501 0.296721 0.671001 0.593441
3 0.0122175 0.692886 0.024435 0.611062
0 0.957818 0.370204 0.065369 0.117934
4 0.648219 0.753214 0.683664 0.493572
3 0.597601 0.738999 0.269174 0.495534
3 0.200687 0.358867 0.292502 0.679946
3 0.559732 0.329005 0.428281 0.602632
3 0.584389 0.530338 0.106534 0.105893
3 0.583787 0.513703 0.106399 0.28256
3 0.317877 0.128316 0.635755 0.256632
4 0.157552 0.83603 0.312168 0.32794
4 0.938735 0.769989 0.122529 0.460021
3 0.811077 0.112524 0.377847 0.225048
0 0.01379 0.407146 0.02758 0.707875
4 0.498934 0.273593 0.468218 0.536886
4 0.771842 0.33758 0.0940754 0.20981
3 0.367484 0.761767 0.666514 0.462935
4 0.596306 0.0364331 0.798877 0.0728663
3 0.658562 0.747603 0.545442 0.495382
4 0.320627 0.757267 0.619633 0.473797
4 0.754683 0.776202 0.324777 0.447597
0 0.377278 0.0778174 0.754556 0.155635
3 0.0296433 0.834192 0.0592866 0.331615
4 0.754527 0.267684 0.0671304 0.366277
3 0.940758 0.804231 0.118485 0.390993
1 0.807575 0.784684 0.384849 0.428637
3 0.990514 0.359745 0.0189727 0.111458
3 0.0435901 0.280306 0.0871802 0.560612
0 0.942882 0.813747 0.114236 0.372505
3 0.754683 0.776202 0.324777 0.447597
4 0.410097 0.780827 0.714784 0.417752
4 0.385826 0.791722 0.596275 0.416556
4 0.43487 0.0388969 0.846757 0.0777939
4 0.684909 0.0891054 0.630182 0.178211
0 0.0250337 0.811945 0.0500675 0.376111
3 0.0757699 0.853642 0.150279 0.279729
3 0.0113564 0.567413 0.0227128 0.519023
3 0.512349 0.742451 0.342935 0.486797
3 0.0547702 0.768998 0.10954 0.451883
4 0.494906 0.773715 0.522928 0.45257
0 0.522104 0.711805 0.126851 0.500328
3 0.01379 0.407146 0.02758 0.707875
4 0.556058 0.51576 0.0468338 0.067653
0 0.0296433 0.834192 0.0592866 0.331615
2 0.809379 0.781319 0.381243 0.431244
0 0.757741 0.168872 0.484519 0.337744
4 0.323483 0.822517 0.565233 0.354966
3 0.990252 0.289043 0.019496 0.282304
0 0.967513 0.540206 0.0649742 0.408961
3 0.0328739 0.286328 0.0657478 0.547723
0 0.857973 0.771687 0.284054 0.456625
0 0.317877 0.128316 0.635755 0.256632
4 0.359254 0.278406 0.565003 0.556813
0 0.600437 0.780609 0.406296 0.420519
4 0.578593 0.768535 0.38701 0.462929
0 0.512349 0.742451 0.342935 0.486797
0 0.38983 0.736725 0.505619 0.49416
0 0.807347 0.650113 0.385305 0.687128
4 0.989674 0.433782 0.0206517 0.244581
0 0.0328739 0.286328 0.0657478 0.547723
0 0.222688 0.151856 0.445377 0.303712
3 0.557404 0.779875 0.450367 0.42473
0 0.899679 0.239195 0.200643 0.478391
3 0.0250403 0.362035 0.0500807 0.673524
4 0.990514 0.359745 0.0189727 0.111458
3 0.0484614 0.706915 0.0969229 0.397936
0 0.0435901 0.280306 0.0871802 0.560612
3 0.754527 0.267684 0.0671304 0.366277
0 0.952634 0.303978 0.0946108 0.519775
0 0.436138 0.495528 0.386468 0.991057
0 0.0250403 0.362035 0.0500807 0.673524
3 0.0446961 0.609087 0.0893921 0.343613
4 0.643286 0.769299 0.330543 0.461403
4 0.0296433 0.834192 0.0592866 0.331615
4 0.0547702 0.768998 0.10954 0.451883
3 0.222688 0.151856 0.445377 0.303712
4 0.30974 0.836098 0.607916 0.307606
0 0.0484614 0.706915 0.0969229 0.397936
4 0.0328739 0.286328 0.0657478 0.547723
0 0.494906 0.773715 0.522928 0.45257
4 0.0435901 0.280306 0.0871802 0.560612
4 0.558779 0.464298 0.0581644 0.198212
3 0.0178228 0.724836 0.0356456 0.550328
3 0.516274 0.278311 0.548069 0.556623
0 0.934739 0.726525 0.130521 0.490208
0 0.16692 0.198749 0.33384 0.397499
0 0.578593 0.768535 0.38701 0.462929
4 0.0250403 0.362035 0.0500807 0.673524
4 0.811077 0.112524 0.377847 0.225048
3 0.0513312 0.398457 0.102662 0.704376
3 0.0614017 0.32118 0.122803 0.579854
0 0.752167 0.30419 0.495666 0.60838
0 0.197745 0.73907 0.390767 0.491817
2 0.492615 0.763769 0.542949 0.458105
0 0.517722 0.427737 0.451027 0.844404
3 0.16692 0.198749 0.33384 0.397499
3 0.714806 0.319815 0.129606 0.239764
4 0.130121 0.172876 0.260241 0.345751
4 0.967513 0.540206 0.0649742 0.408961
0 0.680402 0.70118 0.285934 0.59764
0 0.754683 0.776202 0.324777 0.447597
4 0.0697848 0.814502 0.139055 0.354273
2 0.609795 0.713638 0.228069 0.495027
0 0.0614017 0.32118 0.122803 0.579854
3 0.623247 0.241482 0.401101 0.482965
0 0.086961 0.326 0.173922 0.606516
4 0.730111 0.117141 0.539778 0.234281
2 0.285653 0.758025 0.560075 0.471534
0 0.385826 0.791722 0.596275 0.416556
4 0.533656 0.758653 0.49191 0.466777
2 0.224906 0.806746 0.443366 0.365169
4 0.752167 0.30419 0.495666 0.60838
4 0.0122175 0.692886 0.024435 0.611062
4 0.138774 0.76414 0.275716 0.458323
4 0.757741 0.168872 0.484519 0.337744
4 0.990252 0.289043 0.019496 0.282304
2 0.853482 0.621553 0.274618 0.677718
4 0.211433 0.754697 0.419161 0.477568
4 0.982807 0.256292 0.0343861 0.427137
4 0.899679 0.239195 0.200643 0.478391
0 0.174839 0.341216 0.328409 0.666901
2 0.556058 0.51576 0.0468338 0.067653
4 0.0614017 0.32118 0.122803 0.579854
4 0.572517 0.734054 0.139537 0.495754
0 0.957764 0.455957 0.0796768 0.297204
4 0.109138 0.841738 0.218276 0.316524
4 0.952634 0.303978 0.0946108 0.519775
2 0.512349 0.742451 0.342935 0.486797
4 0.476798 0.448649 0.456353 0.895548
0 0.559732 0.329005 0.428281 0.602632
2 0.572517 0.734054 0.139537 0.495754
0 0.359254 0.278406 0.565003 0.556813
0 0.648655 0.505497 0.190879 0.422524
2 0.648655 0.505497 0.190879 0.422524
4 0.512349 0.742451 0.342935 0.486797
4 0.01379 0.407146 0.02758 0.707875
4 0.0113564 0.567413 0.0227128 0.519023
4 0.600437 0.780609 0.406296 0.420519
4 0.597601 0.738999 0.269174 0.495534
2 0.714806 0.319815 0.129606 0.239764
2 0.814266 0.604313 0.296837 0.791373
0 0.735005 0.325052 0.0891176 0.219301
2 0.990252 0.289043 0.019496 0.282304
0 0.782192 0.269068 0.129658 0.424104
4 0.345977 0.326553 0.691954 0.653106
2 0.680402 0.70118 0.285934 0.59764
4 0.0178228 0.724836 0.0356456 0.550328
3 0.109138 0.841738 0.218276 0.316524
4 0.085986 0.310941 0.171972 0.621433
2 0.715361 0.756329 0.569277 0.487342
4 0.0484614 0.706915 0.0969229 0.397936
0 0.668555 0.412972 0.201442 0.456658
2 0.584389 0.530338 0.106534 0.105893
4 0.584389 0.530338 0.106534 0.105893
0 0.714806 0.319815 0.129606 0.239764
1 0.0912425 0.848931 0.181816 0.290726
1 0.785033 0.330186 0.113331 0.219514
2 0.20026 0.338333 0.354537 0.676667
2 0.735382 0.325687 0.0879714 0.210426
0 0.901673 0.686952 0.196653 0.620739
0 0.430061 0.276402 0.391544 0.541316
0 0.921795 0.427281 0.100098 0.261373
2 0.138774 0.76414 0.275716 0.458323
2 0.38983 0.736725 0.505619 0.49416
2 0.989674 0.433782 0.0206517 0.244581
2 0.807347 0.650113 0.385305 0.687128
4 0.0250337 0.811945 0.0500675 0.376111
4 0.0912425 0.848931 0.181816 0.290726
4 0.389799 0.495346 0.41823 0.990691
2 0.197745 0.73907 0.390767 0.491817
4 0.827441 0.310165 0.279132 0.609513
3 0.680402 0.70118 0.285934 0.59764
4 0.0446961 0.609087 0.0893921 0.343613
1 0.940758 0.804231 0.118485 0.390993
4 0.522104 0.711805 0.126851 0.500328
4 0.957818 0.370204 0.065369 0.117934
0 0.0804457 0.640438 0.160891 0.412398
4 0.956535 0.346534 0.0642086 0.350732
4 0.623247 0.241482 0.401101 0.482965
3 0.758122 0.337104 0.0337931 0.193299
0 0.809377 0.781411 0.381245 0.431045
0 0.750845 0.327532 0.0574799 0.216131
3 0.754047 0.32482 0.0411204 0.2261
0 0.771853 0.337533 0.0940549 0.209747
0 0.237894 0.837287 0.462155 0.309435
0 0.556071 0.515488 0.0466444 0.0669275
0 0.165625 0.841809 0.32821 0.30619
0 0.09154 0.848885 0.18241 0.290829
2 0.750444 0.326037 0.0575708 0.214152
3 0.750444 0.326037 0.0575708 0.214152
3 0.814843 0.758013 0.370314 0.480886
3 0.797923 0.358634 0.152119 0.27202
3 0.146843 0.469072 0.293686 0.938143
3 0.957851 0.455507 0.0793873 0.295547
3 0.646532 0.262378 0.701115 0.524756
3 0.669991 0.413142 0.198099 0.454658
3 0.0814996 0.422483 0.162999 0.821736
4 0.809908 0.783303 0.380185 0.426793
0 0.658576 0.747598 0.54363 0.495431
0 0.434576 0.0389178 0.846244 0.0778355
3 0.786213 0.313165 0.427574 0.62633
4 0.750845 0.327532 0.0574799 0.216131
0 0.539744 0.741645 0.504783 0.514065
0 0.597229 0.738873 0.267185 0.495423
3 0.922852 0.426224 0.0976608 0.258741
0 0.590306 0.0358358 0.819389 0.0716716
3 0.902218 0.686907 0.195564 0.62071
0 0.990595 0.35953 0.0188095 0.110594
3 0.957777 0.369849 0.0652428 0.117086
3 0.952818 0.303911 0.0940983 0.519217
0 0.584371 0.529087 0.10581 0.10318
0 0.387987 0.774129 0.698236 0.427891
3 0.801791 0.512699 0.241778 0.4869
0 0.285645 0.757973 0.560053 0.471716
0 0.989741 0.43363 0.0205173 0.243741
3 0.436301 0.496236 0.384387 0.989616
3 0.857851 0.771744 0.284299 0.456512
3 0.522477 0.711576 0.12537 0.499133
0 0.754517 0.26781 0.0670424 0.366031
3 0.942882 0.813896 0.114236 0.372209
3 0.807321 0.65053 0.385359 0.6864
1 0.750444 0.326037 0.0575708 0.214152
3 0.934786 0.726209 0.130428 0.490141
3 0.18962 0.538455 0.363513 0.890808
3 0.0864719 0.326218 0.172944 0.606876
3 0.625276 0.0606394 0.749448 0.121279
3 0.0802839 0.640093 0.160568 0.410811
1 0.754517 0.26781 0.0670424 0.366031
3 0.333191 0.301462 0.444187 0.602925
3 0.854499 0.62184 0.272163 0.674603
3 0.430415 0.276696 0.389957 0.541953
3 0.956478 0.346422 0.0640736 0.350062
3 0.57173 0.733824 0.136483 0.495439
3 0.846067 0.329361 0.303449 0.64013
3 0.685216 0.0893629 0.629567 0.178726
0 0.340147 0.823924 0.634288 0.330501
0 0.0123297 0.692861 0.0246594 0.611169
3 0.967715 0.539028 0.0645693 0.406006
3 0.643246 0.769389 0.33048 0.461222
3 0.328113 0.493419 0.365223 0.986838
1 0.222234 0.838681 0.440306 0.308039
3 0.134193 0.663256 0.268386 0.6365
3 0.242063 0.5 0.347851 1
3 0.900581 0.239293 0.198838 0.478586
3 0.596461 0.0366897 0.798453 0.0733795
3 0.89456 0.389559 0.148733 0.409651
3 0.118761 0.315264 0.237522 0.630528
3 0.517532 0.42763 0.449053 0.844152
0 0.940752 0.804426 0.118495 0.390527
3 0.443945 0.778269 0.571065 0.443461
3 0.982999 0.256256 0.0340017 0.427369
3 0.138661 0.764131 0.275504 0.458501
0 0.138661 0.764131 0.275504 0.458501
3 0.558757 0.463685 0.0576843 0.196351
4 0.646532 0.262378 0.701115 0.524756
3 0.758005 0.170704 0.483991 0.341407
3 0.577304 0.768652 0.389529 0.462697
0 0.558757 0.463685 0.0576843 0.196351
2 0.771455 0.331975 0.095468 0.216379
0 0.646532 0.262378 0.701115 0.524756
0 0.129785 0.173093 0.259569 0.346186
3 0.730374 0.118134 0.539252 0.236268
0 0.522583 0.269177 0.464698 0.525362
0 0.0547951 0.768946 0.10959 0.452117
3 0.0213446 0.769624 0.0426892 0.460751
3 0.389814 0.736728 0.504967 0.494224
3 0.157994 0.324972 0.300766 0.633159
3 0.213759 0.827399 0.420754 0.345203
0 0.57173 0.733824 0.136483 0.495439
0 0.0113831 0.568099 0.0227662 0.517062
3 0.989741 0.43363 0.0205173 0.243741
3 0.556071 0.515488 0.0466444 0.0669275
3 0.394039 0.0398746 0.788077 0.0797491
0 0.813812 0.604409 0.295748 0.791183
3 0.784996 0.330172 0.113216 0.219362
0 0.625276 0.0606394 0.749448 0.121279
0 0.99035 0.288708 0.0192991 0.281371
4 0.857851 0.771744 0.284299 0.456512
3 0.181809 0.849505 0.360351 0.286931
3 0.377209 0.0784022 0.754417 0.156804
0 0.982999 0.256256 0.0340017 0.427369
4 0.238746 0.833956 0.465351 0.332087
4 0.942882 0.813896 0.114236 0.372209
3 0.813812 0.604409 0.295748 0.791183
0 0.109228 0.841697 0.218456 0.316607
3 0.253316 0.738956 0.486308 0.487646
3 0.735397 0.325681 0.0879362 0.210433
0 0.790467 0.382915 0.158438 0.256673
0 0.811842 0.112997 0.376315 0.225994
4 0.625276 0.0606394 0.749448 0.121279
3 0.291882 0.831382 0.542584 0.337235
0 0.801791 0.512699 0.241778 0.4869
3 0.782068 0.269199 0.129291 0.423589
0 0.730374 0.118134 0.539252 0.236268
0 0.685216 0.0893629 0.629567 0.178726
3 0.648614 0.503832 0.189551 0.414194
3 0.129785 0.173093 0.259569 0.346186
3 0.335183 0.297089 0.670367 0.594177
3 0.0123297 0.692861 0.0246594 0.611169
0 0.956478 0.346422 0.0640736 0.350062
0 0.0698517 0.814372 0.139189 0.354519
0 0.0180113 0.724692 0.0360226 0.550616
4 0.647618 0.753167 0.684891 0.493665
3 0.560132 0.329406 0.427174 0.602762
3 0.200996 0.359273 0.291623 0.680413
3 0.597229 0.738873 0.267185 0.495423
0 0.957777 0.369849 0.0652428 0.117086
3 0.583659 0.512212 0.105718 0.278672
3 0.584371 0.529087 0.10581 0.10318
3 0.317662 0.129048 0.635324 0.258096
4 0.15756 0.836008 0.312184 0.327983
4 0.938681 0.770034 0.122637 0.459931
3 0.811842 0.112997 0.376315 0.225994
3 0.367552 0.761663 0.66626 0.46324
4 0.771853 0.337533 0.0940549 0.209747
4 0.596461 0.0366897 0.798453 0.0733795
4 0.499348 0.273747 0.465664 0.537205
3 0.658576 0.747598 0.54363 0.495431
4 0.320571 0.757195 0.619258 0.47402
4 0.754825 0.776306 0.32476 0.447388
3 0.0297587 0.834125 0.0595174 0.331751
0 0.0137911 0.407184 0.0275822 0.707543
4 0.754517 0.26781 0.0670424 0.366031
3 0.940752 0.804426 0.118495 0.390527
3 0.990595 0.35953 0.0188095 0.110594
3 0.0435536 0.280412 0.0871071 0.560825
4 0.409951 0.780946 0.714963 0.417547
1 0.80757 0.784745 0.38486 0.428488
3 0.754825 0.776306 0.32476 0.447388
0 0.377209 0.0784022 0.754417 0.156804
4 0.385574 0.791807 0.597924 0.416387
4 0.434576 0.0389178 0.846244 0.0778355
3 0.0758857 0.853527 0.150509 0.279941
4 0.685216 0.0893629 0.629567 0.178726
3 0.0113831 0.568099 0.0227662 0.517062
0 0.942882 0.813896 0.114236 0.372209
3 0.0547951 0.768946 0.10959 0.452117
4 0.493145 0.773788 0.526583 0.452424
3 0.51173 0.742319 0.340989 0.48701
4 0.556071 0.515488 0.0466444 0.0669275
3 0.0137911 0.407184 0.0275822 0.707543
2 0.809377 0.781411 0.381245 0.431045
0 0.0251733 0.811956 0.0503467 0.376088
4 0.323916 0.822578 0.566378 0.354844
0 0.522477 0.711576 0.12537 0.499133
3 0.99035 0.288708 0.0192991 0.281371
3 0.0329078 0.286513 0.0658155 0.54792
0 0.0297587 0.834125 0.0595174 0.331751
0 0.758005 0.170704 0.483991 0.341407
4 0.359047 0.27858 0.564153 0.557159
4 0.295246 0.836531 0.573569 0.306651
4 0.577304 0.768652 0.389529 0.462697
4 0.989741 0.43363 0.0205173 0.243741
0 0.967715 0.539028 0.0645693 0.406006
3 0.555916 0.779954 0.453319 0.42465
0 0.857851 0.771744 0.284299 0.456512
3 0.0250175 0.362159 0.0500351 0.673907
0 0.317662 0.129048 0.635324 0.258096
4 0.990595 0.35953 0.0188095 0.110594
0 0.51173 0.742319 0.340989 0.48701
3 0.0484571 0.706726 0.0969141 0.397892
0 0.600514 0.780742 0.406368 0.420369
0 0.389814 0.736728 0.504967 0.494224
3 0.754517 0.26781 0.0670424 0.366031
0 0.807321 0.65053 0.385359 0.6864
0 0.0329078 0.286513 0.0658155 0.54792
0 0.222187 0.152305 0.444373 0.30461
0 0.900581 0.239293 0.198838 0.478586
3 0.0446805 0.60916 0.089361 0.343116
4 0.643246 0.769389 0.33048 0.461222
4 0.0547951 0.768946 0.10959 0.452117
4 0.0297587 0.834125 0.0595174 0.331751
3 0.222187 0.152305 0.444373 0.30461
0 0.952818 0.303911 0.0940983 0.519217
0 0.0435536 0.280412 0.0871071 0.560825
0 0.436301 0.496236 0.384387 0.989616
4 0.0329078 0.286513 0.0658155 0.54792
0 0.0250175 0.362159 0.0500351 0.673907
4 0.558757 0.463685 0.0576843 0.196351
4 0.0435536 0.280412 0.0871071 0.560825
3 0.516498 0.278655 0.547895 0.557309
0 0.0484571 0.706726 0.0969141 0.397892
3 0.0180113 0.724692 0.0360226 0.550616
0 0.493145 0.773788 0.526583 0.452424
0 0.934786 0.726209 0.130428 0.490141
4 0.0250175 0.362159 0.0500351 0.673907
0 0.166607 0.199251 0.333215 0.398503
3 0.0513042 0.398455 0.102608 0.704193
4 0.811842 0.112997 0.376315 0.225994
3 0.0613776 0.321384 0.122755 0.580367
0 0.577304 0.768652 0.389529 0.462697
2 0.493206 0.763576 0.541494 0.458572
0 0.752447 0.304001 0.495106 0.608002
3 0.166607 0.199251 0.333215 0.398503
0 0.197429 0.739173 0.390184 0.491738
3 0.714854 0.31984 0.129498 0.2397
4 0.129785 0.173093 0.259569 0.346186
4 0.967715 0.539028 0.0645693 0.406006
4 0.0698517 0.814372 0.139189 0.354519
0 0.517532 0.42763 0.449053 0.844152
2 0.609621 0.712495 0.227448 0.492572
3 0.623499 0.241438 0.399649 0.482875
0 0.68036 0.701553 0.284466 0.596895
0 0.754825 0.776306 0.32476 0.447388
4 0.730374 0.118134 0.539252 0.236268
2 0.285645 0.757973 0.560053 0.471716
4 0.534041 0.758452 0.491038 0.467255
2 0.224791 0.80638 0.443134 0.365934
4 0.752447 0.304001 0.495106 0.608002
4 0.0123297 0.692861 0.0246594 0.611169
4 0.138661 0.764131 0.275504 0.458501
0 0.0613776 0.321384 0.122755 0.580367
4 0.99035 0.288708 0.0192991 0.281371
4 0.758005 0.170704 0.483991 0.341407
2 0.854499 0.62184 0.272163 0.674603
4 0.211107 0.754695 0.418543 0.477726
4 0.982999 0.256256 0.0340017 0.427369
0 0.0864719 0.326218 0.172944 0.606876
4 0.900581 0.239293 0.198838 0.478586
0 0.385574 0.791807 0.597924 0.416387
2 0.556071 0.515488 0.0466444 0.0669275
4 0.0613776 0.321384 0.122755 0.580367
4 0.57173 0.733824 0.136483 0.495439
4 0.109228 0.841697 0.218456 0.316607
4 0.476659 0.449279 0.453885 0.896671
4 0.952818 0.303911 0.0940983 0.519217
2 0.51173 0.742319 0.340989 0.48701
0 0.174878 0.341614 0.32827 0.667609
0 0.957851 0.455507 0.0793873 0.295547
2 0.57173 0.733824 0.136483 0.495439
2 0.648614 0.503832 0.189551 0.414194
4 0.51173 0.742319 0.340989 0.48701
0 0.560132 0.329406 0.427174 0.602762
4 0.0137911 0.407184 0.0275822 0.707543
4 0.600514 0.780742 0.406368 0.420369
4 0.0113831 0.568099 0.0227662 0.517062
0 0.648614 0.503832 0.189551 0.414194
0 0.359047 0.27858 0.564153 0.557159
4 0.597229 0.738873 0.267185 0.495423
2 0.714854 0.31984 0.129498 0.2397
2 0.813812 0.604409 0.295748 0.791183
2 0.99035 0.288708 0.0192991 0.281371
4 0.346056 0.327145 0.692112 0.65429
4 0.0180113 0.724692 0.0360226 0.550616
2 0.68036 0.701553 0.284466 0.596895
0 0.735017 0.325046 0.0890938 0.219259
0 0.782068 0.269199 0.129291 0.423589
3 0.109228 0.841697 0.218456 0.316607
4 0.0858125 0.311122 0.171625 0.621641
4 0.0484571 0.706726 0.0969141 0.397892
2 0.715993 0.756282 0.568008 0.487437
2 0.584371 0.529087 0.10581 0.10318
4 0.584371 0.529087 0.10581 0.10318
1 0.784996 0.330172 0.113216 0.219362
1 0.09154 0.848885 0.18241 0.290829
0 0.669991 0.413142 0.198099 0.454658
2 0.200049 0.338684 0.353179 0.677368
2 0.735397 0.325681 0.0879362 0.210433
2 0.138661 0.764131 0.275504 0.458501
0 0.714854 0.31984 0.129498 0.2397
2 0.389814 0.736728 0.504967 0.494224
2 0.989741 0.43363 0.0205173 0.243741
2 0.807321 0.65053 0.385359 0.6864
0 0.922852 0.426224 0.0976608 0.258741
4 0.09154 0.848885 0.18241 0.290829
4 0.0251733 0.811956 0.0503467 0.376088
0 0.902218 0.686907 0.195564 0.62071
0 0.430415 0.276696 0.389957 0.541953
4 0.390098 0.495345 0.416138 0.990691
3 0.68036 0.701553 0.284466 0.596895
2 0.197429 0.739173 0.390184 0.491738
4 0.0446805 0.60916 0.089361 0.343116
4 0.827208 0.310046 0.278295 0.60891
1 0.940752 0.804426 0.118495 0.390527
4 0.957777 0.369849 0.0652428 0.117086
4 0.522477 0.711576 0.12537 0.499133
4 0.956478 0.346422 0.0640736 0.350062
2 0.956478 0.346422 0.0640736 0.350062
4 0.623499 0.241438 0.399649 0.482875
