0 0.920449 0.457793 0.157318 0.21195
0 0.756939 0.749697 0.486122 0.481815
0 0.916929 0.674853 0.166141 0.637256
0 0.918023 0.379552 0.159565 0.451324
0 0.856638 0.69552 0.286724 0.608959
0 0.785452 0.612646 0.429095 0.746053
0 0.746399 0.504985 0.507203 0.971712
0 0.463649 0.759092 0.615517 0.465954
4 0.771269 0.680471 0.457462 0.633021
0 0.726271 0.31455 0.545652 0.627664
3 0.814392 0.720846 0.371217 0.558309
0 0.918382 0.487237 0.159768 0.588973
3 0.925158 0.336514 0.149684 0.619449
0 0.601093 0.0631513 0.797814 0.126303
3 0.928524 0.685134 0.142952 0.625662
3 0.877389 0.707505 0.245223 0.58499
0 0.8087 0.300056 0.378477 0.591965
3 0.918278 0.483883 0.156406 0.263069
3 0.850139 0.717756 0.299723 0.564488
3 0.942027 0.813838 0.115945 0.372324
3 0.565692 0.501486 0.538672 0.987301
3 0.893152 0.315352 0.211985 0.624049
3 0.586287 0.507979 0.440864 0.984042
3 0.471856 0.327977 0.338617 0.655954
3 0.790848 0.313666 0.418304 0.627331
3 0.847194 0.299896 0.305611 0.592224
4 0.873573 0.691499 0.252854 0.617002
3 0.931822 0.414049 0.136355 0.448383
3 0.198879 0.799743 0.365202 0.400515
3 0.698359 0.495388 0.595867 0.987172
3 0.391868 0.349787 0.227863 0.693318
0 0.521723 0.0407474 0.932004 0.0814948
3 0.400352 0.333434 0.800704 0.666867
0 0.618757 0.0999367 0.762487 0.199873
4 0.928524 0.685134 0.142952 0.625662
3 0.447371 0.492783 0.207472 0.867254
3 0.439346 0.532288 0.611746 0.912308
4 0.918023 0.379552 0.159565 0.451324
3 0.456997 0.755331 0.568774 0.489339
3 0.771131 0.188807 0.457738 0.377615
3 0.48284 0.518519 0.430098 0.952103
3 0.311758 0.768267 0.363135 0.463465
3 0.922639 0.521505 0.154723 0.459401
3 0.170682 0.360788 0.341364 0.721577
3 0.690167 0.739307 0.369546 0.521387
3 0.939807 0.810506 0.120387 0.378988
0 0.919532 0.574285 0.160935 0.734164
3 0.0912887 0.822776 0.182577 0.354449
3 0.382382 0.397667 0.162749 0.617011
3 0.134027 0.801659 0.258758 0.396683
3 0.454038 0.341825 0.243817 0.62865
4 0.726271 0.31455 0.545652 0.627664
3 0.11863 0.469838 0.237259 0.879359
3 0.47742 0.0339028 0.95484 0.0678056
0 0.66041 0.747972 0.428477 0.478691
3 0.584732 0.749695 0.438118 0.500611
3 0.150931 0.684032 0.30058 0.631935
3 0.208021 0.5 0.378729 1
0 0.808956 0.116908 0.382089 0.233816
3 0.918382 0.487237 0.159768 0.588973
4 0.752478 0.501347 0.495044 0.997306
4 0.835196 0.743266 0.329609 0.513467
3 0.277844 0.309933 0.555688 0.619866
0 0.132933 0.100418 0.265867 0.200835
4 0.759957 0.734315 0.446056 0.531371
3 0.557701 0.307642 0.35523 0.594589
0 0.0579638 0.831028 0.115928 0.337945
3 0.239391 0.387044 0.307997 0.774088
3 0.749747 0.749133 0.494286 0.47785
3 0.373203 0.497742 0.186072 0.835777
0 0.700012 0.191732 0.599975 0.383465
4 0.920449 0.457793 0.157318 0.21195
3 0.132933 0.100418 0.265867 0.200835
3 0.235033 0.781137 0.4431 0.429471
0 0.771131 0.188807 0.457738 0.377615
3 0.306819 0.520512 0.258731 0.958976
4 0.8087 0.300056 0.378477 0.591965
3 0.325558 0.352446 0.25092 0.704893
3 0.123128 0.349345 0.246257 0.698691
0 0.590337 0.519377 0.692722 0.931597
3 0.503852 0.726313 0.566784 0.514292
3 0.73891 0.299447 0.52218 0.598893
3 0.164215 0.506886 0.326196 0.986228
0 0.939807 0.810506 0.120387 0.378988
3 0.380544 0.0513235 0.761088 0.102647
3 0.135385 0.280978 0.270769 0.561956
3 0.919532 0.574285 0.160935 0.734164
3 0.0316181 0.811605 0.0632362 0.37679
0 0.922639 0.521505 0.154723 0.459401
3 0.85428 0.267434 0.29144 0.534868
3 0.36425 0.71228 0.7285 0.553147
3 0.202584 0.28207 0.405168 0.564141
3 0.262817 0.519839 0.445739 0.960321
3 0.0222521 0.550738 0.0445042 0.870658
3 0.571899 0.0482584 0.849732 0.0965169
3 0.229821 0.684157 0.452055 0.631686
4 0.918382 0.487237 0.159768 0.588973
4 0.717909 0.751655 0.529365 0.481105
3 0.315013 0.0856154 0.630025 0.171231
3 0.0257882 0.79019 0.0515765 0.419621
4 0.942027 0.813838 0.115945 0.372324
0 0.400763 0.0374487 0.801525 0.0748973
4 0.463649 0.759092 0.615517 0.465954
0 0.931822 0.414049 0.136355 0.448383
0 0.893152 0.315352 0.211985 0.624049
0 0.0212823 0.638163 0.0425646 0.723675
3 0.386516 0.530608 0.386842 0.92618
0 0.270644 0.740911 0.525869 0.511118
3 0.0617666 0.715926 0.123533 0.568149
3 0.0345186 0.234254 0.0690373 0.468507
0 0.0912887 0.822776 0.182577 0.354449
3 0.0193172 0.258556 0.0386343 0.517112
4 0.939807 0.810506 0.120387 0.378988
0 0.583459 0.759444 0.484184 0.465703
3 0.700012 0.191732 0.599975 0.383465
3 0.0214414 0.39113 0.0428829 0.78226
0 0.315013 0.0856154 0.630025 0.171231
0 0.192179 0.0846794 0.384359 0.169359
0 0.0257882 0.79019 0.0515765 0.419621
3 0.192179 0.0846794 0.384359 0.169359
4 0.931822 0.414049 0.136355 0.448383
4 0.565692 0.501486 0.538672 0.987301
0 0.439346 0.532288 0.611746 0.912308
3 0.808956 0.116908 0.382089 0.233816
0 0.0219243 0.691988 0.0438487 0.616024
4 0.690167 0.739307 0.369546 0.521387
0 0.0316181 0.811605 0.0632362 0.37679
3 0.65671 0.753905 0.366649 0.478254
0 0.36425 0.71228 0.7285 0.553147
0 0.0345186 0.234254 0.0690373 0.468507
3 0.0219243 0.691988 0.0438487 0.616024
4 0.0579638 0.831028 0.115928 0.337945
4 0.506977 0.752735 0.536365 0.49453
0 0.0190546 0.338192 0.0381091 0.676385
4 0.0316181 0.811605 0.0632362 0.37679
3 0.618757 0.0999367 0.762487 0.199873
4 0.261771 0.689248 0.511769 0.596998
4 0.925158 0.336514 0.149684 0.619449
3 0.641292 0.287958 0.440036 0.564429
4 0.489535 0.036465 0.972537 0.07293
1 0.920449 0.457793 0.157318 0.21195
4 0.365951 0.75878 0.445193 0.48244
2 0.920449 0.457793 0.157318 0.21195
0 0.942027 0.813838 0.115945 0.372324
3 0.416191 0.764252 0.629987 0.454361
3 0.0722863 0.325727 0.144573 0.650568
3 0.0547124 0.776628 0.109425 0.446744
4 0.238432 0.786789 0.390606 0.426422
4 0.134027 0.801659 0.258758 0.396683
4 0.0912887 0.822776 0.182577 0.354449
3 0.09062 0.382354 0.18124 0.744415
4 0.0257882 0.79019 0.0515765 0.419621
4 0.808956 0.116908 0.382089 0.233816
4 0.893152 0.315352 0.211985 0.624049
0 0.128239 0.776504 0.256478 0.446992
0 0.814392 0.720846 0.371217 0.558309
3 0.0579638 0.831028 0.115928 0.337945
2 0.376536 0.756546 0.738477 0.481005
4 0.601093 0.0631513 0.797814 0.126303
4 0.65671 0.753905 0.366649 0.478254
3 0.085727 0.558147 0.171454 0.776973
0 0.584732 0.749695 0.438118 0.500611
2 0.754065 0.668361 0.491871 0.646365
4 0.36425 0.71228 0.7285 0.553147
1 0.918023 0.379552 0.159565 0.451324
4 0.586287 0.507979 0.440864 0.984042
0 0.02421 0.455898 0.0484199 0.877292
0 0.877389 0.707505 0.245223 0.58499
1 0.856638 0.69552 0.286724 0.608959
0 0.421468 0.75615 0.510948 0.487699
4 0.132933 0.100418 0.265867 0.200835
3 0.785452 0.612646 0.429095 0.746053
0 0.925158 0.336514 0.149684 0.619449
4 0.0212823 0.638163 0.0425646 0.723675
4 0.618757 0.0999367 0.762487 0.199873
4 0.583459 0.759444 0.484184 0.465703
4 0.919532 0.574285 0.160935 0.734164
4 0.48284 0.518519 0.430098 0.952103
4 0.0345186 0.234254 0.0690373 0.468507
0 0.655846 0.748492 0.368261 0.503017
1 0.916929 0.674853 0.166141 0.637256
3 0.519527 0.300301 0.618886 0.600602
4 0.439346 0.532288 0.611746 0.912308
4 0.0193172 0.258556 0.0386343 0.517112
4 0.02421 0.455898 0.0484199 0.877292
0 0.172614 0.804775 0.322716 0.39045
2 0.919532 0.574285 0.160935 0.734164
4 0.771131 0.188807 0.457738 0.377615
0 0.238432 0.786789 0.390606 0.426422
4 0.440643 0.335195 0.818148 0.670391
4 0.0219243 0.691988 0.0438487 0.616024
3 0.583459 0.759444 0.484184 0.465703
4 0.922639 0.521505 0.154723 0.459401
0 0.135385 0.280978 0.270769 0.561956
0 0.85428 0.267434 0.29144 0.534868
2 0.781781 0.746296 0.436438 0.502549
4 0.670975 0.156707 0.65805 0.313414
4 0.447371 0.492783 0.207472 0.867254
4 0.277844 0.309933 0.555688 0.619866
1 0.444967 0.757867 0.668389 0.466035
4 0.85428 0.267434 0.29144 0.534868
4 0.380544 0.0513235 0.761088 0.102647
2 0.270644 0.740911 0.525869 0.511118
0 0.123128 0.349345 0.246257 0.698691
0 0.202584 0.28207 0.405168 0.564141
4 0.0547124 0.776628 0.109425 0.446744
1 0.918382 0.487237 0.159768 0.588973
0 0.48284 0.518519 0.430098 0.952103
4 0.315013 0.0856154 0.630025 0.171231
0 0.62342 0.288456 0.403406 0.546793
2 0.322633 0.694738 0.645265 0.585156
0 0.311758 0.768267 0.363135 0.463465
4 0.386516 0.530608 0.386842 0.92618
0 0.24518 0.499973 0.484402 0.977276
0 0.277844 0.309933 0.555688 0.619866
0 0.178176 0.741892 0.355527 0.516216
1 0.939807 0.810506 0.120387 0.378988
3 0.696198 0.289635 0.600288 0.579271
0 0.200741 0.359382 0.34108 0.718763
2 0.916929 0.674853 0.166141 0.637256
4 0.0617666 0.715926 0.123533 0.568149
2 0.583459 0.759444 0.484184 0.465703
4 0.373203 0.497742 0.186072 0.835777
1 0.710652 0.295951 0.544406 0.572538
2 0.236456 0.357549 0.339303 0.715097
4 0.454038 0.341825 0.243817 0.62865
2 0.325558 0.352446 0.25092 0.704893
1 0.922639 0.521505 0.154723 0.459401
2 0.454038 0.341825 0.243817 0.62865
4 0.178176 0.741892 0.355527 0.516216
4 0.0930479 0.269466 0.186096 0.538932
4 0.22423 0.500781 0.440545 0.977823
4 0.173708 0.0954681 0.347416 0.190936
4 0.306242 0.769946 0.492727 0.445525
4 0.382382 0.397667 0.162749 0.617011
2 0.939807 0.810506 0.120387 0.378988
4 0.085727 0.558147 0.171454 0.776973
2 0.718231 0.28513 0.563538 0.570261
4 0.641292 0.287958 0.440036 0.564429
2 0.391868 0.349787 0.227863 0.693318
4 0.325558 0.352446 0.25092 0.704893
4 0.177588 0.282672 0.355176 0.565345
3 0.752902 0.355411 0.494196 0.710098
4 0.104764 0.518624 0.209528 0.962752
4 0.570188 0.295187 0.364473 0.567243
2 0.503852 0.726313 0.566784 0.514292
4 0.519527 0.300301 0.618886 0.600602
2 0.0579638 0.831028 0.115928 0.337945
4 0.471856 0.327977 0.338617 0.655954
2 0.148426 0.363755 0.293545 0.727509
0 0.325558 0.352446 0.25092 0.704893
2 0.471856 0.327977 0.338617 0.655954
0 0.382382 0.397667 0.162749 0.617011
1 0.753744 0.615864 0.491614 0.75909
4 0.391868 0.349787 0.227863 0.693318
4 0.236456 0.357549 0.339303 0.715097
0 0.454038 0.341825 0.243817 0.62865
0 0.471856 0.327977 0.338617 0.655954
0 0.400352 0.333434 0.800704 0.666867
4 0.170682 0.360788 0.341364 0.721577
2 0.690167 0.739307 0.369546 0.521387
0 0.11863 0.469838 0.237259 0.879359
0 0.373203 0.497742 0.186072 0.835777
2 0.753491 0.497854 0.493019 0.983403
2 0.447371 0.492783 0.207472 0.867254
2 0.526058 0.500984 0.589385 0.976757
0 0.0547124 0.776628 0.109425 0.446744
0 0.391868 0.349787 0.227863 0.693318
2 0.382382 0.397667 0.162749 0.617011
0 0.386516 0.530608 0.386842 0.92618
1 0.66041 0.747972 0.428477 0.478691
0 0.447371 0.492783 0.207472 0.867254
1 0.696367 0.502984 0.605875 0.973992
2 0.22423 0.500781 0.440545 0.977823
4 0.0722863 0.325727 0.144573 0.650568
2 0.0912887 0.822776 0.182577 0.354449
2 0.105372 0.46025 0.210743 0.845358
4 0.142793 0.501133 0.283656 0.997734
2 0.0930479 0.269466 0.186096 0.538932
2 0.808956 0.116908 0.382089 0.233816
2 0.142793 0.501133 0.283656 0.997734
2 0.942027 0.813838 0.115945 0.372324
2 0.233622 0.289131 0.467244 0.578262
2 0.793646 0.304156 0.412709 0.596357
0 0.164215 0.506886 0.326196 0.986228
2 0.09062 0.382354 0.18124 0.744415
4 0.306819 0.520512 0.258731 0.958976
2 0.925158 0.336514 0.149684 0.619449
2 0.586287 0.507979 0.440864 0.984042
2 0.922639 0.521505 0.154723 0.459401
1 0.229767 0.748402 0.455216 0.503196
2 0.386516 0.530608 0.386842 0.92618
2 0.338093 0.525691 0.671637 0.933796
4 0.208021 0.5 0.378729 1
2 0.0722863 0.325727 0.144573 0.650568
2 0.209359 0.772036 0.415803 0.455929
2 0.584732 0.749695 0.438118 0.500611
1 0.590154 0.757254 0.444092 0.473748
2 0.373203 0.497742 0.186072 0.835777
2 0.306819 0.520512 0.258731 0.958976
0 0.920392 0.454425 0.156866 0.205113
0 0.756929 0.749797 0.486142 0.481653
0 0.917476 0.674085 0.165049 0.635853
0 0.918519 0.377769 0.158123 0.419224
0 0.856789 0.695639 0.286422 0.608721
0 0.794463 0.635608 0.411073 0.696845
0 0.746145 0.504812 0.507711 0.972178
0 0.464007 0.759092 0.615265 0.46606
4 0.771277 0.680518 0.457446 0.632989
0 0.726206 0.314494 0.545689 0.627417
3 0.814479 0.721148 0.371042 0.557703
3 0.925064 0.336051 0.149872 0.618781
0 0.918382 0.480632 0.159613 0.568413
3 0.928344 0.685424 0.143311 0.62524
3 0.877571 0.707758 0.244858 0.584485
0 0.601564 0.0642308 0.796872 0.128462
3 0.918181 0.479583 0.156043 0.254222
3 0.850312 0.718403 0.299376 0.563194
0 0.809638 0.298078 0.376442 0.587785
3 0.942089 0.813974 0.115823 0.372053
3 0.565477 0.501782 0.535803 0.987508
3 0.893385 0.31464 0.211494 0.622733
3 0.585796 0.507982 0.438179 0.984035
3 0.471697 0.328055 0.337809 0.65611
3 0.791043 0.313079 0.417915 0.626159
3 0.847207 0.299655 0.305587 0.591471
3 0.931785 0.413589 0.13643 0.444848
4 0.87385 0.691452 0.2523 0.617096
3 0.698553 0.495392 0.595224 0.987175
3 0.199026 0.800064 0.365838 0.399872
3 0.391889 0.349996 0.226554 0.692604
3 0.397482 0.33312 0.794963 0.666239
4 0.928344 0.685424 0.143311 0.62524
3 0.447496 0.493244 0.206595 0.867217
0 0.521677 0.0410693 0.930751 0.0821385
3 0.439993 0.533345 0.610929 0.910502
0 0.619495 0.10205 0.761011 0.204101
4 0.918519 0.377769 0.158123 0.419224
3 0.455891 0.755418 0.571735 0.489164
3 0.771605 0.18713 0.45679 0.374259
3 0.483387 0.51904 0.428669 0.951655
3 0.311811 0.768576 0.364705 0.462847
3 0.922577 0.519731 0.154846 0.451788
3 0.17067 0.360953 0.341339 0.721906
3 0.690346 0.739361 0.370061 0.521279
3 0.93984 0.810883 0.120319 0.378234
3 0.0913981 0.822896 0.182796 0.354209
3 0.382355 0.39803 0.162539 0.616945
0 0.919484 0.574478 0.161032 0.728982
3 0.134315 0.801775 0.259245 0.39645
3 0.454301 0.342455 0.243872 0.629651
3 0.118584 0.472622 0.237168 0.88492
3 0.476558 0.034065 0.953117 0.06813
4 0.726206 0.314494 0.545689 0.627417
3 0.583178 0.749794 0.441878 0.500412
3 0.150962 0.684181 0.300673 0.631638
3 0.20827 0.5 0.37828 1
0 0.660494 0.748044 0.429203 0.478604
3 0.276817 0.309789 0.553634 0.619577
4 0.835263 0.743612 0.329474 0.512777
4 0.753247 0.501391 0.493507 0.997219
0 0.809381 0.117193 0.381237 0.234385
4 0.759926 0.734354 0.446191 0.531292
3 0.557718 0.307756 0.353643 0.594901
3 0.239771 0.387418 0.307207 0.774836
4 0.920392 0.454425 0.156866 0.205113
3 0.749738 0.749188 0.494241 0.477836
3 0.373323 0.498177 0.185474 0.835263
0 0.13239 0.10099 0.26478 0.201979
3 0.13239 0.10099 0.26478 0.201979
3 0.235092 0.781603 0.443576 0.428582
0 0.0579098 0.83116 0.11582 0.33768
3 0.306981 0.520843 0.258168 0.958314
0 0.700227 0.194114 0.599546 0.388227
3 0.32566 0.3525 0.250085 0.705001
3 0.122995 0.349187 0.24599 0.698374
3 0.504482 0.726986 0.56439 0.512939
3 0.739729 0.296885 0.520542 0.593769
4 0.809638 0.298078 0.376442 0.587785
3 0.164133 0.50685 0.326316 0.986301
0 0.771605 0.18713 0.45679 0.374259
3 0.379921 0.0514683 0.759843 0.102937
3 0.135308 0.280034 0.270615 0.560068
0 0.590461 0.51965 0.69161 0.93109
0 0.93984 0.810883 0.120319 0.378234
3 0.919484 0.574478 0.161032 0.728982
3 0.0315611 0.811637 0.0631223 0.376727
3 0.855159 0.266408 0.289683 0.532816
3 0.364242 0.712262 0.728483 0.553414
3 0.202493 0.281948 0.404987 0.563895
3 0.262797 0.520166 0.444615 0.959669
3 0.0224156 0.550802 0.0448312 0.870965
3 0.571871 0.0488638 0.848745 0.0977276
3 0.22968 0.684258 0.451809 0.631485
4 0.717587 0.751698 0.530276 0.481193
4 0.918382 0.480632 0.159613 0.568413
3 0.314055 0.0855358 0.628109 0.171072
3 0.0257879 0.790066 0.0515758 0.419868
4 0.942089 0.813974 0.115823 0.372053
4 0.464007 0.759092 0.615265 0.46606
3 0.386405 0.53121 0.38542 0.925439
0 0.931785 0.413589 0.13643 0.444848
0 0.400277 0.0376078 0.800553 0.0752156
3 0.0618052 0.715789 0.12361 0.568422
3 0.0342343 0.233857 0.0684685 0.467714
0 0.893385 0.31464 0.211494 0.622733
3 0.0192454 0.258225 0.0384908 0.516449
0 0.0214542 0.63821 0.0429083 0.723579
4 0.93984 0.810883 0.120319 0.378234
0 0.270446 0.740297 0.525349 0.512485
0 0.0913981 0.822896 0.182796 0.354209
3 0.021456 0.391323 0.0429121 0.782646
3 0.700227 0.194114 0.599546 0.388227
0 0.582508 0.759479 0.486415 0.465691
4 0.931785 0.413589 0.13643 0.444848
3 0.191986 0.0845426 0.383972 0.169085
3 0.307147 0.770175 0.495447 0.445121
4 0.565477 0.501782 0.535803 0.987508
3 0.809381 0.117193 0.381237 0.234385
0 0.314055 0.0855358 0.628109 0.171072
0 0.191986 0.0845426 0.383972 0.169085
4 0.690346 0.739361 0.370061 0.521279
0 0.0257879 0.790066 0.0515758 0.419868
0 0.439993 0.533345 0.610929 0.910502
3 0.656649 0.753929 0.367169 0.478301
0 0.0220437 0.691834 0.0440874 0.616332
0 0.0315611 0.811637 0.0631223 0.376727
3 0.0220437 0.691834 0.0440874 0.616332
4 0.0579098 0.83116 0.11582 0.33768
0 0.364242 0.712262 0.728483 0.553414
4 0.505573 0.752839 0.539801 0.494322
0 0.0342343 0.233857 0.0684685 0.467714
4 0.0315611 0.811637 0.0631223 0.376727
3 0.619495 0.10205 0.761011 0.204101
1 0.920392 0.454425 0.156866 0.205113
2 0.920392 0.454425 0.156866 0.205113
4 0.261138 0.689368 0.510435 0.59701
4 0.925064 0.336051 0.149872 0.618781
3 0.640432 0.287754 0.438012 0.564046
0 0.0190162 0.337876 0.0380325 0.675752
4 0.489056 0.0366754 0.971054 0.0733507
4 0.366026 0.75898 0.447886 0.48204
3 0.416603 0.764367 0.631319 0.454185
3 0.0717233 0.32488 0.143447 0.649119
3 0.0547078 0.776336 0.109416 0.447328
4 0.238418 0.787101 0.391511 0.425799
4 0.134315 0.801775 0.259245 0.39645
4 0.0913981 0.822896 0.182796 0.354209
3 0.0898643 0.382158 0.179729 0.744852
0 0.942089 0.813974 0.115823 0.372053
4 0.0257879 0.790066 0.0515758 0.419868
4 0.809381 0.117193 0.381237 0.234385
4 0.893385 0.31464 0.211494 0.622733
3 0.0579098 0.83116 0.11582 0.33768
2 0.376652 0.756219 0.738489 0.481827
4 0.656649 0.753929 0.367169 0.478301
4 0.601564 0.0642308 0.796872 0.128462
3 0.0853591 0.561903 0.170718 0.769726
2 0.754083 0.668397 0.491834 0.646257
0 0.128304 0.776461 0.256608 0.447079
0 0.814479 0.721148 0.371042 0.557703
4 0.364242 0.712262 0.728483 0.553414
1 0.918519 0.377769 0.158123 0.419224
4 0.585796 0.507982 0.438179 0.984035
0 0.583178 0.749794 0.441878 0.500412
1 0.856789 0.695639 0.286422 0.608721
4 0.13239 0.10099 0.26478 0.201979
3 0.794463 0.635608 0.411073 0.696845
0 0.0243082 0.45613 0.0486164 0.877746
0 0.420835 0.75626 0.513637 0.487479
0 0.877571 0.707758 0.244858 0.584485
4 0.582508 0.759479 0.486415 0.465691
4 0.0214542 0.63821 0.0429083 0.723579
4 0.919484 0.574478 0.161032 0.728982
4 0.619495 0.10205 0.761011 0.204101
4 0.483387 0.51904 0.428669 0.951655
1 0.917476 0.674085 0.165049 0.635853
4 0.0342343 0.233857 0.0684685 0.467714
0 0.925064 0.336051 0.149872 0.618781
3 0.518921 0.29937 0.613563 0.598739
4 0.439993 0.533345 0.610929 0.910502
4 0.0192454 0.258225 0.0384908 0.516449
0 0.655611 0.748563 0.369146 0.502874
4 0.0243082 0.45613 0.0486164 0.877746
2 0.919484 0.574478 0.161032 0.728982
4 0.771605 0.18713 0.45679 0.374259
4 0.439475 0.334707 0.814292 0.669414
4 0.0220437 0.691834 0.0440874 0.616332
3 0.582508 0.759479 0.486415 0.465691
0 0.172815 0.804978 0.323265 0.390045
2 0.781733 0.746507 0.436533 0.502171
0 0.238418 0.787101 0.391511 0.425799
4 0.447496 0.493244 0.206595 0.867217
4 0.671267 0.159456 0.657466 0.318911
4 0.276817 0.309789 0.553634 0.619577
0 0.135308 0.280034 0.270615 0.560068
0 0.855159 0.266408 0.289683 0.532816
4 0.855159 0.266408 0.289683 0.532816
1 0.444652 0.757892 0.669677 0.465984
4 0.379921 0.0514683 0.759843 0.102937
2 0.270446 0.740297 0.525349 0.512485
4 0.0547078 0.776336 0.109416 0.447328
1 0.918382 0.480632 0.159613 0.568413
0 0.122995 0.349187 0.24599 0.698374
0 0.202493 0.281948 0.404987 0.563895
4 0.314055 0.0855358 0.628109 0.171072
2 0.32215 0.69484 0.6443 0.585174
4 0.386405 0.53121 0.38542 0.925439
0 0.483387 0.51904 0.428669 0.951655
1 0.93984 0.810883 0.120319 0.378234
3 0.696428 0.2894 0.599734 0.578799
0 0.622865 0.288259 0.402134 0.54656
2 0.917476 0.674085 0.165049 0.635853
0 0.311811 0.768576 0.364705 0.462847
4 0.0618052 0.715789 0.12361 0.568422
0 0.244376 0.500414 0.482776 0.976589
0 0.276817 0.309789 0.553634 0.619577
1 0.710337 0.295649 0.544604 0.571993
2 0.582508 0.759479 0.486415 0.465691
4 0.373323 0.498177 0.185474 0.835263
0 0.178038 0.741389 0.355218 0.517221
0 0.200925 0.359559 0.340689 0.719119
4 0.454301 0.342455 0.243872 0.629651
2 0.236721 0.357606 0.338437 0.715212
2 0.32566 0.3525 0.250085 0.705001
4 0.0925755 0.268524 0.185151 0.537049
4 0.178038 0.741389 0.355218 0.517221
2 0.454301 0.342455 0.243872 0.629651
4 0.173336 0.0955736 0.346673 0.191147
4 0.307147 0.770175 0.495447 0.445121
4 0.22382 0.501047 0.439776 0.977602
4 0.382355 0.39803 0.162539 0.616945
4 0.0853591 0.561903 0.170718 0.769726
2 0.93984 0.810883 0.120319 0.378234
2 0.718347 0.284931 0.563307 0.569862
4 0.640432 0.287754 0.438012 0.564046
2 0.391889 0.349996 0.226554 0.692604
3 0.752925 0.361254 0.494151 0.721637
4 0.32566 0.3525 0.250085 0.705001
4 0.177567 0.282366 0.355134 0.564732
4 0.104412 0.519104 0.208824 0.961792
4 0.570198 0.29507 0.362409 0.56667
2 0.504482 0.726986 0.56439 0.512939
4 0.518921 0.29937 0.613563 0.598739
4 0.471697 0.328055 0.337809 0.65611
2 0.0579098 0.83116 0.11582 0.33768
2 0.148362 0.363839 0.293563 0.727678
2 0.471697 0.328055 0.337809 0.65611
1 0.753677 0.61295 0.491744 0.765051
4 0.391889 0.349996 0.226554 0.692604
4 0.236721 0.357606 0.338437 0.715212
0 0.32566 0.3525 0.250085 0.705001
4 0.17067 0.360953 0.341339 0.721906
0 0.382355 0.39803 0.162539 0.616945
0 0.471697 0.328055 0.337809 0.65611
2 0.690346 0.739361 0.370061 0.521279
0 0.454301 0.342455 0.243872 0.629651
0 0.397482 0.33312 0.794963 0.666239
2 0.447496 0.493244 0.206595 0.867217
2 0.525992 0.501437 0.587318 0.97636
2 0.753543 0.498086 0.492914 0.9833
0 0.373323 0.498177 0.185474 0.835263
2 0.382355 0.39803 0.162539 0.616945
0 0.118584 0.472622 0.237168 0.88492
1 0.660494 0.748044 0.429203 0.478604
1 0.696006 0.502867 0.606462 0.974342
2 0.22382 0.501047 0.439776 0.977602
4 0.0717233 0.32488 0.143447 0.649119
0 0.391889 0.349996 0.226554 0.692604
2 0.0913981 0.822896 0.182796 0.354209
0 0.0547078 0.776336 0.109416 0.447328
0 0.386405 0.53121 0.38542 0.925439
2 0.104968 0.462071 0.209937 0.849576
4 0.142835 0.501125 0.283843 0.99775
2 0.0925755 0.268524 0.185151 0.537049
2 0.809381 0.117193 0.381237 0.234385
0 0.447496 0.493244 0.206595 0.867217
2 0.142835 0.501125 0.283843 0.99775
2 0.942089 0.813974 0.115823 0.372053
2 0.233376 0.288983 0.466751 0.577966
2 0.793758 0.303952 0.412484 0.595904
2 0.0898643 0.382158 0.179729 0.744852
4 0.306981 0.520843 0.258168 0.958314
2 0.925064 0.336051 0.149872 0.618781
2 0.585796 0.507982 0.438179 0.984035
0 0.164133 0.50685 0.326316 0.986301
2 0.922577 0.519731 0.154846 0.451788
1 0.229704 0.74809 0.455048 0.50382
2 0.386405 0.53121 0.38542 0.925439
2 0.337858 0.526616 0.670989 0.932264
4 0.20827 0.5 0.37828 1
2 0.0717233 0.32488 0.143447 0.649119
1 0.589436 0.757287 0.446074 0.473783
2 0.209264 0.77215 0.415535 0.4557
2 0.583178 0.749794 0.441878 0.500412
2 0.373323 0.498177 0.185474 0.835263
2 0.306981 0.520843 0.258168 0.958314
2 0.128304 0.776461 0.256608 0.447079
1 0.622865 0.288259 0.402134 0.54656
2 0.156389 0.288863 0.312777 0.577727
