0 0.499693 0.573682 0.0990242 0.126056
0 0.76679 0.756393 0.461561 0.469261
1 0.499693 0.573682 0.0990242 0.126056
0 0.500598 0.490367 0.0973141 0.290514
0 0.612466 0.684768 0.32693 0.337376
0 0.8033 0.613463 0.3934 0.762587
0 0.681608 0.756202 0.471848 0.471238
2 0.500256 0.559756 0.0974298 0.15277
4 0.500256 0.559756 0.0974298 0.15277
0 0.417686 0.713819 0.272409 0.506828
1 0.500598 0.490367 0.0973141 0.290514
0 0.121094 0.821914 0.242189 0.356171
0 0.529774 0.760026 0.494119 0.459059
3 0.453859 0.690647 0.178211 0.558935
0 0.323791 0.764954 0.634138 0.468618
0 0.830503 0.750356 0.338993 0.499288
0 0.0716244 0.819254 0.143249 0.361492
3 0.295184 0.474438 0.590031 0.94045
3 0.800527 0.60212 0.38962 0.775062
3 0.860226 0.730316 0.279547 0.539369
1 0.588588 0.622133 0.275148 0.220316
4 0.612466 0.684768 0.32693 0.337376
0 0.588588 0.622133 0.275148 0.220316
4 0.596931 0.75111 0.361376 0.47089
3 0.782015 0.743972 0.416923 0.512056
0 0.526622 0.0389507 0.946756 0.0779015
3 0.928519 0.558164 0.142962 0.883671
3 0.483464 0.512817 0.401883 0.974366
3 0.166082 0.486134 0.331556 0.972269
3 0.603029 0.749545 0.37649 0.50091
0 0.420062 0.377797 0.477171 0.750735
4 0.75998 0.768579 0.475348 0.4485
0 0.519755 0.0637992 0.932013 0.127598
3 0.169001 0.196962 0.338003 0.393924
4 0.500598 0.490367 0.0973141 0.290514
3 0.927084 0.773153 0.145832 0.453695
3 0.693482 0.748488 0.569318 0.503024
0 0.372246 0.128037 0.744493 0.256075
3 0.510292 0.493204 0.116207 0.308065
0 0.009498 0.679254 0.018996 0.641493
3 0.127393 0.437944 0.254787 0.851578
0 0.176942 0.763806 0.352932 0.472388
3 0.830503 0.750356 0.338993 0.499288
3 0.818909 0.436724 0.362181 0.861654
0 0.428896 0.744934 0.674319 0.510133
3 0.44863 0.752337 0.611995 0.495326
3 0.54132 0.506749 0.831214 0.983835
3 0.621966 0.578185 0.301278 0.84363
3 0.34858 0.764832 0.508538 0.470336
3 0.787323 0.278127 0.40487 0.537474
3 0.394856 0.385781 0.524202 0.756765
0 0.791803 0.0836823 0.416394 0.167365
3 0.266991 0.791536 0.514071 0.416928
0 0.944695 0.623827 0.110611 0.725938
3 0.762028 0.101548 0.475944 0.203096
0 0.495728 0.388639 0.119806 0.566534
3 0.166188 0.225568 0.330947 0.429289
0 0.169001 0.196962 0.338003 0.393924
3 0.190626 0.814155 0.379649 0.37169
3 0.783142 0.201879 0.433717 0.403759
0 0.419948 0.272856 0.468781 0.528358
0 0.0135662 0.626105 0.0271324 0.74779
2 0.395403 0.750477 0.759706 0.499046
4 0.944695 0.623827 0.110611 0.725938
3 0.148011 0.748277 0.295296 0.499122
4 0.827821 0.648168 0.343023 0.703665
3 0.945967 0.603821 0.108065 0.752827
4 0.681608 0.756202 0.471848 0.471238
4 0.782015 0.743972 0.416923 0.512056
4 0.395403 0.750477 0.759706 0.499046
0 0.927317 0.713778 0.145365 0.572444
3 0.526622 0.0389507 0.946756 0.0779015
3 0.519755 0.0637992 0.932013 0.127598
3 0.145498 0.823348 0.290982 0.353305
3 0.92052 0.366839 0.15896 0.733678
3 0.656476 0.28619 0.641239 0.558056
4 0.419948 0.272856 0.468781 0.528358
3 0.417686 0.713819 0.272409 0.506828
3 0.296855 0.177384 0.59371 0.354769
4 0.693482 0.748488 0.569318 0.503024
0 0.502472 0.188577 0.923404 0.377154
4 0.254102 0.765511 0.49698 0.468978
3 0.0655329 0.226862 0.131066 0.453724
3 0.0483084 0.278865 0.0966168 0.55773
3 0.688496 0.63088 0.456623 0.73222
4 0.927084 0.773153 0.145832 0.453695
4 0.860226 0.730316 0.279547 0.539369
3 0.700953 0.121195 0.598094 0.24239
4 0.420062 0.377797 0.477171 0.750735
0 0.601149 0.720986 0.309256 0.53302
3 0.561808 0.596054 0.231628 0.807892
4 0.145498 0.823348 0.290982 0.353305
3 0.0925245 0.210576 0.185049 0.421153
3 0.220507 0.754445 0.4368 0.49111
4 0.519755 0.0637992 0.932013 0.127598
0 0.623299 0.109845 0.753403 0.21969
0 0.0181705 0.565722 0.036341 0.771483
4 0.34858 0.764832 0.508538 0.470336
3 0.296867 0.277763 0.590252 0.553084
0 0.570091 0.751998 0.407655 0.496005
3 0.376184 0.14786 0.752367 0.29572
0 0.860226 0.730316 0.279547 0.539369
3 0.0335723 0.812302 0.0671446 0.375397
4 0.176942 0.763806 0.352932 0.472388
3 0.0223449 0.797106 0.0446899 0.405788
4 0.771692 0.614425 0.452671 0.752626
0 0.0124162 0.771068 0.0248324 0.457864
4 0.50503 0.752056 0.521913 0.495888
3 0.299591 0.772472 0.588717 0.446892
3 0.504224 0.5614 0.108797 0.161272
0 0.0335723 0.812302 0.0671446 0.375397
0 0.203289 0.809989 0.40145 0.372976
3 0.612466 0.684768 0.32693 0.337376
3 0.927317 0.713778 0.145365 0.572444
4 0.526622 0.0389507 0.946756 0.0779015
0 0.0223449 0.797106 0.0446899 0.405788
3 0.0249137 0.471787 0.0498274 0.833284
0 0.927084 0.773153 0.145832 0.453695
3 0.120997 0.643239 0.241351 0.605223
4 0.823892 0.537949 0.3473 0.613725
0 0.792528 0.731355 0.414944 0.53729
3 0.0304572 0.366413 0.0609144 0.719917
0 0.7334 0.105079 0.533201 0.210158
3 0.495728 0.388639 0.119806 0.566534
3 0.0124162 0.771068 0.0248324 0.457864
3 0.17285 0.178606 0.345699 0.357212
2 0.417686 0.713819 0.272409 0.506828
3 0.009498 0.679254 0.018996 0.641493
3 0.0135662 0.626105 0.0271324 0.74779
4 0.502472 0.188577 0.923404 0.377154
3 0.823892 0.537949 0.3473 0.613725
0 0.228605 0.201281 0.457211 0.402562
3 0.493865 0.182168 0.987729 0.364337
0 0.453859 0.690647 0.178211 0.558935
3 0.633584 0.737369 0.378538 0.440998
4 0.830503 0.750356 0.338993 0.499288
4 0.0335723 0.812302 0.0671446 0.375397
3 0.0181705 0.565722 0.036341 0.771483
0 0.33422 0.342383 0.63082 0.680617
3 0.4412 0.27389 0.447824 0.530608
3 0.0758902 0.43506 0.15178 0.785634
4 0.507463 0.577813 0.118328 0.125665
4 0.927317 0.713778 0.145365 0.572444
0 0.717243 0.61662 0.550606 0.755964
3 0.601149 0.720986 0.309256 0.53302
3 0.764339 0.166552 0.471322 0.331733
0 0.0249137 0.471787 0.0498274 0.833284
4 0.132905 0.211777 0.26581 0.407683
4 0.791803 0.0836823 0.416394 0.167365
4 0.009498 0.679254 0.018996 0.641493
0 0.122804 0.216441 0.245608 0.413416
0 0.0304572 0.366413 0.0609144 0.719917
4 0.33422 0.342383 0.63082 0.680617
3 0.0610205 0.739647 0.122041 0.485472
0 0.0925245 0.210576 0.185049 0.421153
4 0.495728 0.388639 0.119806 0.566534
0 0.828321 0.197713 0.343359 0.395426
3 0.664154 0.175358 0.655733 0.350715
0 0.298731 0.5 0.593821 1
4 0.0135662 0.626105 0.0271324 0.74779
4 0.417686 0.713819 0.272409 0.506828
4 0.0935224 0.820605 0.187045 0.35879
4 0.403637 0.111675 0.807274 0.223349
1 0.722392 0.718737 0.542796 0.547889
3 0.47839 0.759677 0.583402 0.463464
2 0.633584 0.737369 0.378538 0.440998
3 0.186391 0.287923 0.369057 0.571337
4 0.290221 0.503261 0.558998 0.993478
4 0.0223449 0.797106 0.0446899 0.405788
3 0.723353 0.75801 0.547608 0.467817
0 0.17285 0.178606 0.345699 0.357212
0 0.0655329 0.226862 0.131066 0.453724
0 0.441132 0.480738 0.882265 0.957503
4 0.0674762 0.771747 0.134952 0.456507
4 0.0249137 0.471787 0.0498274 0.833284
0 0.928519 0.558164 0.142962 0.883671
4 0.169001 0.196962 0.338003 0.393924
4 0.804402 0.509611 0.386502 0.980779
4 0.441132 0.480738 0.882265 0.957503
0 0.0483084 0.278865 0.0966168 0.55773
0 0.266991 0.791536 0.514071 0.416928
0 0.386136 0.757412 0.524848 0.485176
4 0.0304572 0.366413 0.0609144 0.719917
1 0.395403 0.750477 0.759706 0.499046
4 0.928311 0.470589 0.143378 0.828528
4 0.0181705 0.565722 0.036341 0.771483
4 0.0483084 0.278865 0.0966168 0.55773
1 0.144138 0.820116 0.286687 0.359769
4 0.0124162 0.771068 0.0248324 0.457864
4 0.483464 0.512817 0.401883 0.974366
4 0.623299 0.109845 0.753403 0.21969
4 0.0925245 0.210576 0.185049 0.421153
0 0.796533 0.46606 0.406933 0.913421
0 0.259038 0.279261 0.505874 0.553344
0 0.693482 0.748488 0.569318 0.503024
3 0.0968336 0.345941 0.193667 0.665699
4 0.192123 0.213589 0.384245 0.427178
2 0.782418 0.560109 0.411743 0.859991
1 0.830503 0.750356 0.338993 0.499288
2 0.529774 0.760026 0.494119 0.459059
4 0.828321 0.197713 0.343359 0.395426
2 0.612466 0.684768 0.32693 0.337376
4 0.306224 0.250672 0.604057 0.501345
1 0.589286 0.761722 0.381224 0.459839
0 0.92052 0.366839 0.15896 0.733678
4 0.17285 0.178606 0.345699 0.357212
4 0.688496 0.63088 0.456623 0.73222
4 0.0655329 0.226862 0.131066 0.453724
0 0.0610205 0.739647 0.122041 0.485472
1 0.189788 0.800885 0.376066 0.39823
2 0.774744 0.770544 0.446981 0.444278
2 0.588588 0.622133 0.275148 0.220316
3 0.100157 0.236883 0.200315 0.460481
4 0.296855 0.177384 0.59371 0.354769
4 0.203289 0.809989 0.40145 0.372976
0 0.772737 0.169231 0.454526 0.338461
0 0.192123 0.213589 0.384245 0.427178
4 0.92052 0.366839 0.15896 0.733678
3 0.0935224 0.820605 0.187045 0.35879
1 0.8033 0.613463 0.3934 0.762587
4 0.664154 0.175358 0.655733 0.350715
0 0.664154 0.175358 0.655733 0.350715
4 0.157847 0.261309 0.314907 0.517236
2 0.721192 0.720693 0.548374 0.542337
2 0.82958 0.595793 0.334823 0.747362
0 0.208599 0.498486 0.416819 0.99178
0 0.157847 0.261309 0.314907 0.517236
3 0.498039 0.572002 0.0958181 0.117875
4 0.7334 0.105079 0.533201 0.210158
3 0.255608 0.227979 0.497368 0.440815
0 0.483464 0.512817 0.401883 0.974366
2 0.507463 0.577813 0.118328 0.125665
4 0.621966 0.578185 0.301278 0.84363
2 0.939475 0.58406 0.12105 0.777929
4 0.764339 0.166552 0.471322 0.331733
1 0.927317 0.713778 0.145365 0.572444
2 0.772737 0.169231 0.454526 0.338461
2 0.082249 0.793416 0.164498 0.413168
4 0.588588 0.622133 0.275148 0.220316
4 0.142049 0.375926 0.283078 0.742748
2 0.148026 0.816091 0.295793 0.367819
4 0.787323 0.278127 0.40487 0.537474
4 0.561808 0.596054 0.231628 0.807892
2 0.441132 0.480738 0.882265 0.957503
2 0.0758902 0.43506 0.15178 0.785634
1 0.224858 0.757568 0.447237 0.484865
4 0.0758902 0.43506 0.15178 0.785634
4 0.166082 0.486134 0.331556 0.972269
4 0.100157 0.236883 0.200315 0.460481
2 0.927317 0.713778 0.145365 0.572444
1 0.176183 0.448589 0.350021 0.889958
2 0.290221 0.503261 0.558998 0.993478
0 0.787323 0.278127 0.40487 0.537474
1 0.417686 0.713819 0.272409 0.506828
2 0.224858 0.757568 0.447237 0.484865
2 0.0968336 0.345941 0.193667 0.665699
4 0.656476 0.28619 0.641239 0.558056
0 0.120997 0.643239 0.241351 0.605223
2 0.290977 0.242451 0.578067 0.484902
4 0.21777 0.282153 0.431374 0.559302
0 0.17806 0.599301 0.353344 0.72605
2 0.928311 0.470589 0.143378 0.828528
2 0.92052 0.366839 0.15896 0.733678
2 0.563553 0.189942 0.826501 0.379885
4 0.0968336 0.345941 0.193667 0.665699
1 0.299591 0.772472 0.588717 0.446892
2 0.4412 0.27389 0.447824 0.530608
1 0.787323 0.278127 0.40487 0.537474
0 0.656476 0.28619 0.641239 0.558056
2 0.132905 0.211777 0.26581 0.407683
2 0.927084 0.773153 0.145832 0.453695
2 0.386136 0.757412 0.524848 0.485176
1 0.0716244 0.819254 0.143249 0.361492
2 0.0135662 0.626105 0.0271324 0.74779
4 0.0572865 0.664101 0.114573 0.619687
0 0.561808 0.596054 0.231628 0.807892
2 0.688496 0.63088 0.456623 0.73222
2 0.0483084 0.278865 0.0966168 0.55773
2 0.660197 0.127988 0.679605 0.255976
2 0.483464 0.512817 0.401883 0.974366
1 0.186391 0.287923 0.369057 0.571337
2 0.010669 0.732142 0.0213381 0.535717
0 0.0968336 0.345941 0.193667 0.665699
0 0.0758902 0.43506 0.15178 0.785634
2 0.50503 0.752056 0.521913 0.495888
2 0.693482 0.748488 0.569318 0.503024
2 0.0304572 0.366413 0.0609144 0.719917
2 0.142049 0.375926 0.283078 0.742748
2 0.0181705 0.565722 0.036341 0.771483
2 0.0335723 0.812302 0.0671446 0.375397
2 0.791803 0.0836823 0.416394 0.167365
2 0.0223449 0.797106 0.0446899 0.405788
0 0.142049 0.375926 0.283078 0.742748
1 0.166188 0.225568 0.330947 0.429289
2 0.0124162 0.771068 0.0248324 0.457864
1 0.419948 0.272856 0.468781 0.528358
1 0.656476 0.28619 0.641239 0.558056
2 0.0249137 0.471787 0.0498274 0.833284
2 0.299591 0.772472 0.588717 0.446892
1 0.148011 0.748277 0.295296 0.499122
0 0.499699 0.57371 0.0990303 0.126082
0 0.766854 0.756506 0.461411 0.469026
1 0.499699 0.57371 0.0990303 0.126082
0 0.500621 0.490441 0.0973493 0.290509
0 0.612435 0.683532 0.326858 0.334902
0 0.803506 0.613494 0.392989 0.762584
0 0.681849 0.756216 0.472347 0.471244
2 0.500261 0.559776 0.0974353 0.152786
4 0.500261 0.559776 0.0974353 0.152786
0 0.418613 0.713861 0.270472 0.506838
1 0.500621 0.490441 0.0973493 0.290509
0 0.121193 0.821951 0.242387 0.356097
0 0.529511 0.760055 0.494613 0.459023
3 0.453928 0.690666 0.178084 0.559
0 0.324376 0.765019 0.635231 0.468603
0 0.830481 0.750046 0.339038 0.499909
0 0.071674 0.819305 0.143348 0.361391
3 0.294897 0.474396 0.589467 0.940251
3 0.800939 0.602776 0.388794 0.773858
3 0.860261 0.729801 0.279478 0.540398
1 0.588545 0.621897 0.275043 0.219866
4 0.612435 0.683532 0.326858 0.334902
4 0.596654 0.751128 0.361839 0.470824
3 0.781896 0.744009 0.417135 0.511983
0 0.588545 0.621897 0.275043 0.219866
3 0.928532 0.558277 0.142936 0.883446
0 0.526604 0.0392302 0.946791 0.0784605
3 0.483616 0.513027 0.400815 0.973947
3 0.16578 0.485477 0.330972 0.970955
3 0.602494 0.749512 0.377685 0.500976
4 0.760077 0.768715 0.475129 0.44829
0 0.420233 0.377335 0.476815 0.749792
3 0.16837 0.196938 0.33674 0.393875
4 0.500621 0.490441 0.0973493 0.290509
3 0.927299 0.772596 0.145401 0.454809
3 0.693031 0.748469 0.570453 0.503061
0 0.519754 0.0640706 0.932046 0.128141
3 0.510311 0.493301 0.116212 0.307559
3 0.127191 0.437526 0.254383 0.850531
3 0.830481 0.750046 0.339038 0.499909
0 0.372099 0.129325 0.744198 0.258651
3 0.818889 0.436916 0.362221 0.861923
3 0.448473 0.752337 0.612374 0.495325
3 0.541292 0.506528 0.829736 0.983007
3 0.348505 0.765002 0.510215 0.469996
3 0.619596 0.581716 0.292375 0.836568
3 0.787482 0.278322 0.404568 0.537877
0 0.00962262 0.679196 0.0192452 0.641609
0 0.176919 0.763824 0.352872 0.472351
3 0.395431 0.384859 0.522771 0.754863
0 0.430526 0.744919 0.671131 0.510162
3 0.26729 0.792248 0.514876 0.415505
3 0.761914 0.101697 0.476172 0.203395
0 0.791834 0.083768 0.416333 0.167536
3 0.165861 0.225363 0.330296 0.428988
0 0.944828 0.624058 0.110345 0.725579
3 0.19075 0.81442 0.379854 0.37116
0 0.495705 0.386842 0.119936 0.571209
3 0.783101 0.201894 0.433798 0.403787
2 0.395556 0.750416 0.759978 0.499168
0 0.16837 0.196938 0.33674 0.393875
0 0.4201 0.273101 0.468439 0.528918
3 0.147898 0.748568 0.295085 0.49921
4 0.944828 0.624058 0.110345 0.725579
4 0.827863 0.648352 0.342923 0.703296
0 0.013708 0.626093 0.027416 0.747814
3 0.946062 0.604092 0.107876 0.752275
4 0.681849 0.756216 0.472347 0.471244
4 0.781896 0.744009 0.417135 0.511983
4 0.395556 0.750416 0.759978 0.499168
3 0.526604 0.0392302 0.946791 0.0784605
3 0.519754 0.0640706 0.932046 0.128141
3 0.145626 0.823328 0.291218 0.353343
3 0.9207 0.366716 0.1586 0.733432
3 0.418613 0.713861 0.270472 0.506838
3 0.658197 0.286201 0.637695 0.557998
4 0.4201 0.273101 0.468439 0.528918
0 0.927628 0.713178 0.144743 0.573644
3 0.296261 0.179332 0.592522 0.358664
4 0.693031 0.748469 0.570453 0.503061
4 0.254111 0.765536 0.497015 0.468928
3 0.0664791 0.22679 0.132958 0.453581
3 0.68617 0.631965 0.451765 0.729795
3 0.0486128 0.2787 0.0972256 0.5574
0 0.50255 0.187964 0.923162 0.375927
4 0.927299 0.772596 0.145401 0.454809
4 0.860261 0.729801 0.279478 0.540398
3 0.701257 0.121285 0.597485 0.24257
3 0.561486 0.597144 0.231055 0.805711
4 0.420233 0.377335 0.476815 0.749792
4 0.145626 0.823328 0.291218 0.353343
3 0.092868 0.210528 0.185736 0.421056
3 0.22039 0.754525 0.436595 0.490951
4 0.519754 0.0640706 0.932046 0.128141
4 0.348505 0.765002 0.510215 0.469996
0 0.601076 0.721209 0.309117 0.533054
3 0.296525 0.278175 0.589531 0.553878
0 0.018286 0.565805 0.0365719 0.770465
3 0.376025 0.149208 0.75205 0.298416
0 0.623494 0.110068 0.753012 0.220136
3 0.0336792 0.812336 0.0673584 0.375328
4 0.176919 0.763824 0.352872 0.472351
3 0.0225247 0.797145 0.0450493 0.405711
4 0.771842 0.61442 0.452339 0.752622
0 0.569361 0.751991 0.40894 0.496018
4 0.50452 0.752052 0.522904 0.495897
3 0.50423 0.561415 0.108776 0.161271
3 0.300125 0.772854 0.589837 0.446085
0 0.860261 0.729801 0.279478 0.540398
3 0.612435 0.683532 0.326858 0.334902
3 0.927628 0.713178 0.144743 0.573644
4 0.526604 0.0392302 0.946791 0.0784605
0 0.0125856 0.771075 0.0251712 0.457851
3 0.0249879 0.471358 0.0499758 0.831833
0 0.202897 0.810405 0.400623 0.372129
4 0.823964 0.53766 0.347156 0.613062
0 0.0336792 0.812336 0.0673584 0.375328
3 0.120768 0.644135 0.240897 0.602665
3 0.0305245 0.365624 0.0610489 0.718117
3 0.495705 0.386842 0.119936 0.571209
3 0.0125856 0.771075 0.0251712 0.457851
0 0.0225247 0.797145 0.0450493 0.405711
3 0.171706 0.1794 0.343412 0.358799
2 0.418613 0.713861 0.270472 0.506838
0 0.927299 0.772596 0.145401 0.454809
3 0.00962262 0.679196 0.0192452 0.641609
0 0.792538 0.731229 0.414925 0.537542
3 0.013708 0.626093 0.027416 0.747814
0 0.733415 0.105192 0.533169 0.210383
3 0.823964 0.53766 0.347156 0.613062
4 0.50255 0.187964 0.923162 0.375927
4 0.602494 0.749512 0.377685 0.500976
3 0.493772 0.180493 0.987544 0.360985
3 0.633294 0.737331 0.378011 0.440824
4 0.830481 0.750046 0.339038 0.499909
4 0.0336792 0.812336 0.0673584 0.375328
3 0.018286 0.565805 0.0365719 0.770465
3 0.44137 0.274779 0.447632 0.532455
0 0.227609 0.202348 0.455217 0.404695
0 0.453928 0.690666 0.178084 0.559
3 0.07568 0.434353 0.15136 0.783711
4 0.507366 0.57782 0.118117 0.125656
4 0.927628 0.713178 0.144743 0.573644
3 0.601076 0.721209 0.309117 0.533054
0 0.334743 0.342508 0.629412 0.680859
3 0.764526 0.166642 0.470947 0.331795
4 0.132952 0.211713 0.265904 0.40751
0 0.717452 0.616629 0.550201 0.756094
4 0.791834 0.083768 0.416333 0.167536
4 0.00962262 0.679196 0.0192452 0.641609
3 0.0611131 0.740373 0.122226 0.486624
0 0.0249879 0.471358 0.0499758 0.831833
4 0.334743 0.342508 0.629412 0.680859
0 0.122859 0.216324 0.245718 0.413278
4 0.495705 0.386842 0.119936 0.571209
0 0.0305245 0.365624 0.0610489 0.718117
3 0.66449 0.17532 0.65508 0.35064
0 0.092868 0.210528 0.185736 0.421056
4 0.013708 0.626093 0.027416 0.747814
0 0.82834 0.19727 0.34332 0.39454
4 0.0936648 0.820593 0.18733 0.358814
4 0.418613 0.713861 0.270472 0.506838
0 0.298544 0.5 0.593449 1
4 0.403506 0.113031 0.807013 0.226062
1 0.722435 0.718692 0.542722 0.548017
3 0.478599 0.759685 0.583089 0.463503
2 0.633294 0.737331 0.378011 0.440824
4 0.0225247 0.797145 0.0450493 0.405711
3 0.186121 0.288092 0.368532 0.571661
4 0.29019 0.503363 0.558574 0.993273
3 0.723364 0.758076 0.547543 0.467754
4 0.0675346 0.771742 0.135069 0.456515
0 0.171706 0.1794 0.343412 0.358799
0 0.0664791 0.22679 0.132958 0.453581
4 0.0249879 0.471358 0.0499758 0.831833
0 0.440999 0.482215 0.881999 0.960444
4 0.804568 0.509633 0.386181 0.980735
4 0.16837 0.196938 0.33674 0.393875
4 0.440999 0.482215 0.881999 0.960444
0 0.928532 0.558277 0.142936 0.883446
4 0.928353 0.470862 0.143293 0.828807
4 0.0305245 0.365624 0.0610489 0.718117
1 0.395556 0.750416 0.759978 0.499168
0 0.0486128 0.2787 0.0972256 0.5574
4 0.018286 0.565805 0.0365719 0.770465
4 0.0486128 0.2787 0.0972256 0.5574
0 0.26729 0.792248 0.514876 0.415505
0 0.38581 0.757438 0.526237 0.485123
4 0.0125856 0.771075 0.0251712 0.457851
4 0.483616 0.513027 0.400815 0.973947
1 0.14424 0.820112 0.286875 0.359776
4 0.623494 0.110068 0.753012 0.220136
4 0.092868 0.210528 0.185736 0.421056
3 0.0965751 0.34552 0.19315 0.66492
4 0.191979 0.213486 0.383957 0.426971
2 0.7837 0.562175 0.409125 0.8559
4 0.933771 0.570687 0.132458 0.858626
0 0.796512 0.466247 0.406976 0.913764
0 0.693031 0.748469 0.570453 0.503061
0 0.258837 0.27965 0.505445 0.554108
2 0.529511 0.760055 0.494613 0.459023
1 0.830481 0.750046 0.339038 0.499909
4 0.82834 0.19727 0.34332 0.39454
2 0.612435 0.683532 0.326858 0.334902
4 0.306137 0.25079 0.603543 0.501579
1 0.58897 0.761714 0.381761 0.459922
4 0.68617 0.631965 0.451765 0.729795
4 0.171706 0.1794 0.343412 0.358799
4 0.0664791 0.22679 0.132958 0.453581
0 0.9207 0.366716 0.1586 0.733432
1 0.189534 0.801219 0.375548 0.397563
2 0.774938 0.770699 0.446572 0.444028
0 0.0611131 0.740373 0.122226 0.486624
3 0.100272 0.236431 0.200544 0.459629
2 0.588545 0.621897 0.275043 0.219866
4 0.296261 0.179332 0.592522 0.358664
4 0.202897 0.810405 0.400623 0.372129
3 0.0936648 0.820593 0.18733 0.358814
4 0.9207 0.366716 0.1586 0.733432
0 0.77275 0.169442 0.454501 0.338884
0 0.191979 0.213486 0.383957 0.426971
4 0.66449 0.17532 0.65508 0.35064
1 0.803506 0.613494 0.392989 0.762584
4 0.157587 0.2611 0.314386 0.516728
2 0.721205 0.72044 0.548343 0.542923
2 0.82963 0.595789 0.334702 0.747301
0 0.66449 0.17532 0.65508 0.35064
4 0.733415 0.105192 0.533169 0.210383
3 0.255464 0.227948 0.49708 0.440814
3 0.498046 0.572031 0.0958329 0.117927
2 0.507366 0.57782 0.118117 0.125656
4 0.619596 0.581716 0.292375 0.836568
0 0.157587 0.2611 0.314386 0.516728
0 0.208234 0.498414 0.416127 0.991414
4 0.764526 0.166642 0.470947 0.331795
2 0.939465 0.584371 0.121069 0.777481
1 0.927628 0.713178 0.144743 0.573644
2 0.77275 0.169442 0.454501 0.338884
0 0.483616 0.513027 0.400815 0.973947
4 0.588545 0.621897 0.275043 0.219866
2 0.0822803 0.793526 0.164561 0.412949
4 0.787482 0.278322 0.404568 0.537877
4 0.141891 0.375887 0.28276 0.74263
2 0.148074 0.816479 0.295863 0.367041
4 0.561486 0.597144 0.231055 0.805711
2 0.440999 0.482215 0.881999 0.960444
2 0.07568 0.434353 0.15136 0.783711
4 0.07568 0.434353 0.15136 0.783711
1 0.224739 0.757621 0.44699 0.484759
4 0.16578 0.485477 0.330972 0.970955
4 0.100272 0.236431 0.200544 0.459629
2 0.927628 0.713178 0.144743 0.573644
2 0.29019 0.503363 0.558574 0.993273
1 0.1758 0.448676 0.349269 0.890073
1 0.418613 0.713861 0.270472 0.506838
2 0.224739 0.757621 0.44699 0.484759
4 0.658197 0.286201 0.637695 0.557998
2 0.0965751 0.34552 0.19315 0.66492
0 0.787482 0.278322 0.404568 0.537877
2 0.290664 0.24251 0.577447 0.485021
4 0.21748 0.282391 0.43083 0.559753
0 0.120768 0.644135 0.240897 0.602665
2 0.928353 0.470862 0.143293 0.828807
0 0.177693 0.600967 0.352617 0.721454
2 0.9207 0.366716 0.1586 0.733432
4 0.0965751 0.34552 0.19315 0.66492
2 0.563963 0.189649 0.825633 0.379298
2 0.44137 0.274779 0.447632 0.532455
1 0.300125 0.772854 0.589837 0.446085
2 0.132952 0.211713 0.265904 0.40751
1 0.787482 0.278322 0.404568 0.537877
2 0.927299 0.772596 0.145401 0.454809
2 0.38581 0.757438 0.526237 0.485123
1 0.071674 0.819305 0.143348 0.361391
4 0.0572482 0.664373 0.114496 0.619015
0 0.658197 0.286201 0.637695 0.557998
2 0.013708 0.626093 0.027416 0.747814
2 0.68617 0.631965 0.451765 0.729795
2 0.0486128 0.2787 0.0972256 0.5574
2 0.660489 0.128084 0.679022 0.256168
2 0.483616 0.513027 0.400815 0.973947
0 0.561486 0.597144 0.231055 0.805711
1 0.186121 0.288092 0.368532 0.571661
2 0.0108181 0.732038 0.0216362 0.535924
2 0.50452 0.752052 0.522904 0.495897
2 0.693031 0.748469 0.570453 0.503061
2 0.0305245 0.365624 0.0610489 0.718117
2 0.141891 0.375887 0.28276 0.74263
2 0.018286 0.565805 0.0365719 0.770465
2 0.0336792 0.812336 0.0673584 0.375328
2 0.791834 0.083768 0.416333 0.167536
2 0.0225247 0.797145 0.0450493 0.405711
1 0.165861 0.225363 0.330296 0.428988
0 0.0965751 0.34552 0.19315 0.66492
1 0.4201 0.273101 0.468439 0.528918
2 0.0125856 0.771075 0.0251712 0.457851
0 0.07568 0.434353 0.15136 0.783711
1 0.658197 0.286201 0.637695 0.557998
2 0.0249879 0.471358 0.0499758 0.831833
1 0.147898 0.748568 0.295085 0.49921
