0 0.501191 0.5922 0.105123 0.11625
0 0.77772 0.746006 0.444559 0.498029
0 0.505286 0.559792 0.103883 0.198605
0 0.0519041 0.572343 0.103808 0.0785789
0 0.542079 0.680225 0.204743 0.287828
0 0.153924 0.642435 0.307848 0.226969
0 0.518599 0.611993 0.146236 0.143172
0 0.0516719 0.538326 0.103344 0.161912
0 0.226252 0.751385 0.44417 0.478007
2 0.502502 0.597108 0.103333 0.125178
0 0.511907 0.508929 0.11118 0.317464
1 0.502502 0.597108 0.103333 0.125178
0 0.0555225 0.584157 0.111045 0.140875
2 0.505286 0.559792 0.103883 0.198605
1 0.505286 0.559792 0.103883 0.198605
4 0.502502 0.597108 0.103333 0.125178
0 0.376874 0.75744 0.376625 0.485119
0 0.205609 0.694042 0.410124 0.347204
4 0.778099 0.746871 0.443801 0.493242
0 0.698014 0.75508 0.467165 0.474498
0 0.0515803 0.499624 0.103161 0.288076
0 0.320277 0.756375 0.625189 0.481859
3 0.755624 0.5 0.488753 1
0 0.832977 0.764645 0.334046 0.47071
4 0.596281 0.762495 0.334468 0.459352
0 0.0918099 0.754364 0.18362 0.427608
0 0.081936 0.599395 0.163872 0.280812
3 0.933854 0.791498 0.132292 0.417005
0 0.580869 0.760322 0.317558 0.451893
0 0.0762653 0.546449 0.152531 0.370316
3 0.933533 0.782848 0.132934 0.434119
3 0.791206 0.737986 0.414924 0.524029
3 0.327129 0.500988 0.444291 0.998023
4 0.222335 0.755375 0.437305 0.469034
3 0.866137 0.746263 0.267727 0.507474
4 0.505286 0.559792 0.103883 0.198605
0 0.0481435 0.713901 0.0962869 0.522821
3 0.771668 0.750597 0.456664 0.485832
3 0.176227 0.809356 0.326753 0.381289
3 0.378132 0.744241 0.358764 0.48069
3 0.231512 0.45205 0.410507 0.904101
3 0.650261 0.765061 0.421782 0.46085
0 0.390876 0.0260423 0.781752 0.0520845
3 0.146271 0.310756 0.290911 0.621512
3 0.205609 0.694042 0.410124 0.347204
3 0.291963 0.389134 0.460568 0.778269
0 0.23348 0.0481537 0.466959 0.0963074
3 0.471138 0.371698 0.193311 0.680224
3 0.811023 0.359735 0.377954 0.673724
3 0.114359 0.332757 0.228719 0.665514
0 0.44288 0.762001 0.582075 0.458053
3 0.320426 0.781366 0.549809 0.437267
3 0.542079 0.680225 0.204743 0.287828
3 0.138872 0.561722 0.277744 0.509887
3 0.100119 0.413356 0.200237 0.826712
3 0.137651 0.455106 0.275301 0.910211
3 0.534064 0.623112 0.228235 0.753777
0 0.0489754 0.482383 0.0979509 0.408794
3 0.832977 0.764645 0.334046 0.47071
4 0.511907 0.508929 0.11118 0.317464
3 0.316041 0.245202 0.422891 0.476926
3 0.843054 0.520235 0.313892 0.95953
3 0.940303 0.722989 0.119393 0.515318
3 0.236938 0.252929 0.43371 0.501227
3 0.426914 0.780525 0.559115 0.438951
3 0.52151 0.497338 0.463732 0.973788
2 0.376874 0.75744 0.376625 0.485119
3 0.344301 0.0198091 0.688603 0.0396181
3 0.55084 0.4211 0.581917 0.8422
3 0.439242 0.345538 0.456661 0.688202
3 0.544098 0.809744 0.420813 0.380513
4 0.933854 0.791498 0.132292 0.417005
4 0.677653 0.748883 0.30791 0.502235
0 0.558439 0.0323769 0.883123 0.0647538
3 0.500914 0.596446 0.107052 0.121618
3 0.360935 0.362717 0.431457 0.725435
3 0.785664 0.277166 0.428671 0.554332
3 0.26259 0.657524 0.503011 0.684952
3 0.623341 0.506869 0.641842 0.986262
4 0.939814 0.75302 0.120372 0.474563
3 0.677653 0.748883 0.30791 0.502235
3 0.0869574 0.486994 0.173915 0.65768
3 0.176339 0.583189 0.351871 0.655443
3 0.23348 0.0481537 0.466959 0.0963074
3 0.940491 0.49818 0.119019 0.91113
3 0.122927 0.807383 0.2439 0.385233
4 0.376874 0.75744 0.376625 0.485119
3 0.581365 0.7618 0.418948 0.4764
4 0.698014 0.75508 0.467165 0.474498
3 0.169144 0.50802 0.338287 0.983961
0 0.600333 0.0583325 0.799334 0.116665
3 0.0762653 0.546449 0.152531 0.370316
3 0.502281 0.564597 0.113112 0.199365
3 0.939086 0.332016 0.121828 0.603537
0 0.789139 0.0847704 0.421722 0.169541
3 0.154935 0.187833 0.309871 0.375666
4 0.866137 0.746263 0.267727 0.507474
1 0.511907 0.508929 0.11118 0.317464
3 0.76609 0.10548 0.46782 0.210961
0 0.939814 0.75302 0.120372 0.474563
3 0.291196 0.032822 0.582392 0.065644
3 0.394233 0.240928 0.476287 0.481734
0 0.620281 0.087859 0.759439 0.175718
0 0.76609 0.10548 0.46782 0.210961
3 0.401218 0.0288051 0.802437 0.0576103
3 0.221426 0.177437 0.442851 0.354873
3 0.705585 0.329178 0.588831 0.658357
0 0.81488 0.736729 0.370241 0.526541
3 0.560159 0.0378801 0.879681 0.0757603
4 0.81488 0.736729 0.370241 0.526541
2 0.398981 0.758811 0.646451 0.461474
4 0.832977 0.764645 0.334046 0.47071
3 0.0316633 0.774362 0.0633266 0.451276
3 0.514414 0.519177 0.133391 0.344759
0 0.778236 0.505872 0.443527 0.988256
1 0.77772 0.746006 0.444559 0.498029
0 0.291196 0.032822 0.582392 0.065644
3 0.647931 0.109778 0.704138 0.219556
3 0.218111 0.68619 0.429191 0.551177
3 0.271657 0.159242 0.543314 0.318483
3 0.0755919 0.349749 0.151184 0.699498
3 0.272705 0.745036 0.537643 0.503077
0 0.0212712 0.420284 0.0425424 0.441939
4 0.600333 0.0583325 0.799334 0.116665
3 0.372361 0.191691 0.613984 0.383381
4 0.176227 0.809356 0.326753 0.381289
4 0.560159 0.0378801 0.879681 0.0757603
3 0.523429 0.286341 0.492514 0.568988
3 0.184889 0.780174 0.36263 0.436051
0 0.552163 0.79901 0.399803 0.395759
3 0.0555225 0.584157 0.111045 0.140875
4 0.320277 0.756375 0.625189 0.481859
4 0.581365 0.7618 0.418948 0.4764
3 0.0212712 0.420284 0.0425424 0.441939
2 0.77772 0.746006 0.444559 0.498029
3 0.121519 0.231076 0.243039 0.462153
3 0.600333 0.0583325 0.799334 0.116665
3 0.0761449 0.246041 0.15229 0.492083
3 0.0297573 0.792616 0.0595146 0.414767
4 0.804965 0.508497 0.39007 0.983006
3 0.518599 0.611993 0.146236 0.143172
3 0.0573781 0.377862 0.114756 0.737134
3 0.0502017 0.451689 0.100403 0.43629
3 0.0231576 0.300278 0.0463152 0.600556
3 0.522105 0.300881 0.740728 0.601763
4 0.426914 0.780525 0.559115 0.438951
0 0.416574 0.184721 0.58259 0.369443
3 0.385331 0.772322 0.641415 0.449587
4 0.205609 0.694042 0.410124 0.347204
4 0.429962 0.0281989 0.85911 0.0563978
4 0.123949 0.763971 0.247897 0.451398
0 0.933925 0.268808 0.132149 0.525446
0 0.0186001 0.317548 0.0372002 0.635097
4 0.320426 0.781366 0.549809 0.437267
3 0.153924 0.642435 0.307848 0.226969
3 0.0481435 0.713901 0.0962869 0.522821
3 0.833001 0.224963 0.333997 0.449925
4 0.941634 0.658847 0.116733 0.56588
3 0.581227 0.765124 0.375366 0.457034
3 0.789139 0.0847704 0.421722 0.169541
0 0.834438 0.479479 0.331124 0.928756
0 0.866137 0.746263 0.267727 0.507474
0 0.26259 0.657524 0.503011 0.684952
1 0.153924 0.642435 0.307848 0.226969
3 0.0186001 0.317548 0.0372002 0.635097
1 0.205609 0.694042 0.410124 0.347204
4 0.23348 0.0481537 0.466959 0.0963074
4 0.510679 0.766704 0.495455 0.452742
4 0.372361 0.191691 0.613984 0.383381
0 0.833001 0.224963 0.333997 0.449925
0 0.832915 0.307307 0.33417 0.599688
4 0.552163 0.79901 0.399803 0.395759
4 0.0516719 0.538326 0.103344 0.161912
4 0.286523 0.177884 0.573046 0.355768
3 0.510128 0.186499 0.602309 0.372998
4 0.774924 0.648873 0.450153 0.693636
1 0.0519041 0.572343 0.103808 0.0785789
4 0.31376 0.0227633 0.62752 0.0455265
4 0.935523 0.531494 0.128955 0.906342
4 0.620281 0.087859 0.759439 0.175718
4 0.0481435 0.713901 0.0962869 0.522821
4 0.486297 0.253543 0.476919 0.503804
4 0.789139 0.0847704 0.421722 0.169541
4 0.0297573 0.792616 0.0595146 0.414767
0 0.933854 0.791498 0.132292 0.417005
0 0.110245 0.787336 0.22049 0.425328
4 0.0761449 0.246041 0.15229 0.492083
1 0.0516719 0.538326 0.103344 0.161912
0 0.940491 0.49818 0.119019 0.91113
4 0.154935 0.187833 0.309871 0.375666
3 0.0515803 0.499624 0.103161 0.288076
0 0.0761449 0.246041 0.15229 0.492083
4 0.439242 0.345538 0.456661 0.688202
0 0.941634 0.658847 0.116733 0.56588
4 0.465114 0.17813 0.529593 0.35626
1 0.518599 0.611993 0.146236 0.143172
0 0.534064 0.623112 0.228235 0.753777
3 0.170897 0.61815 0.340465 0.378889
4 0.0762653 0.546449 0.152531 0.370316
4 0.0186001 0.317548 0.0372002 0.635097
4 0.0515803 0.499624 0.103161 0.288076
4 0.0247642 0.788196 0.0495285 0.421944
4 0.236938 0.252929 0.43371 0.501227
4 0.0231576 0.300278 0.0463152 0.600556
4 0.610514 0.335767 0.772781 0.671533
0 0.581365 0.7618 0.418948 0.4764
4 0.394233 0.240928 0.476287 0.481734
4 0.0489754 0.482383 0.0979509 0.408794
2 0.272705 0.745036 0.537643 0.503077
4 0.316041 0.245202 0.422891 0.476926
4 0.76609 0.10548 0.46782 0.210961
4 0.221426 0.177437 0.442851 0.354873
4 0.153924 0.642435 0.307848 0.226969
4 0.0212712 0.420284 0.0425424 0.441939
0 0.610514 0.335767 0.772781 0.671533
4 0.745334 0.413755 0.509331 0.762115
2 0.580869 0.760322 0.317558 0.451893
3 0.0918099 0.754364 0.18362 0.427608
4 0.0555225 0.584157 0.111045 0.140875
4 0.121519 0.231076 0.243039 0.462153
0 0.486297 0.253543 0.476919 0.503804
0 0.0247642 0.788196 0.0495285 0.421944
0 0.0231576 0.300278 0.0463152 0.600556
1 0.832977 0.764645 0.334046 0.47071
0 0.132674 0.766548 0.264708 0.452347
0 0.417654 0.350141 0.498747 0.700282
3 0.132674 0.766548 0.264708 0.452347
4 0.939086 0.332016 0.121828 0.603537
0 0.0297573 0.792616 0.0595146 0.414767
4 0.63334 0.40758 0.641062 0.790648
0 0.138872 0.561722 0.277744 0.509887
4 0.52151 0.497338 0.463732 0.973788
4 0.833001 0.224963 0.333997 0.449925
0 0.759541 0.32055 0.480918 0.6411
1 0.378132 0.744241 0.358764 0.48069
2 0.650261 0.765061 0.421782 0.46085
1 0.398981 0.758811 0.646451 0.461474
0 0.521914 0.423132 0.497611 0.846265
1 0.214345 0.763858 0.427066 0.460483
3 0.0516719 0.538326 0.103344 0.161912
3 0.0519041 0.572343 0.103808 0.0785789
0 0.677653 0.748883 0.30791 0.502235
4 0.291963 0.389134 0.460568 0.778269
1 0.170897 0.61815 0.340465 0.378889
2 0.0762653 0.546449 0.152531 0.370316
4 0.668385 0.509415 0.66323 0.98117
4 0.374792 0.500119 0.421492 0.999761
1 0.0918099 0.754364 0.18362 0.427608
4 0.114359 0.332757 0.228719 0.665514
0 0.394233 0.240928 0.476287 0.481734
4 0.863236 0.437385 0.273527 0.83623
1 0.142501 0.799202 0.278358 0.390137
4 0.534064 0.623112 0.228235 0.753777
4 0.360935 0.362717 0.431457 0.725435
4 0.518599 0.611993 0.146236 0.143172
0 0.170897 0.61815 0.340465 0.378889
4 0.0519041 0.572343 0.103808 0.0785789
0 0.114359 0.332757 0.228719 0.665514
1 0.51406 0.794659 0.468384 0.404037
1 0.933533 0.782848 0.132934 0.434119
0 0.312787 0.196499 0.620307 0.392999
1 0.789204 0.303825 0.421593 0.58925
4 0.0755919 0.349749 0.151184 0.699498
4 0.176339 0.583189 0.351871 0.655443
2 0.0555225 0.584157 0.111045 0.140875
1 0.580869 0.760322 0.317558 0.451893
4 0.231512 0.45205 0.410507 0.904101
4 0.146271 0.310756 0.290911 0.621512
2 0.114359 0.332757 0.228719 0.665514
1 0.0515803 0.499624 0.103161 0.288076
4 0.138872 0.561722 0.277744 0.509887
4 0.542079 0.680225 0.204743 0.287828
4 0.811023 0.359735 0.377954 0.673724
0 0.176339 0.583189 0.351871 0.655443
0 0.236938 0.252929 0.43371 0.501227
2 0.26259 0.657524 0.503011 0.684952
1 0.081936 0.599395 0.163872 0.280812
4 0.0869574 0.486994 0.173915 0.65768
2 0.453463 0.789703 0.547675 0.420594
0 0.121519 0.231076 0.243039 0.462153
4 0.785664 0.277166 0.428671 0.554332
4 0.100119 0.413356 0.200237 0.826712
2 0.146271 0.310756 0.290911 0.621512
2 0.0481435 0.713901 0.0962869 0.522821
2 0.677653 0.748883 0.30791 0.502235
4 0.26259 0.657524 0.503011 0.684952
4 0.471138 0.371698 0.193311 0.680224
0 0.471138 0.371698 0.193311 0.680224
0 0.426914 0.780525 0.559115 0.438951
2 0.939086 0.332016 0.121828 0.603537
0 0.488602 0.805419 0.512971 0.389162
2 0.510679 0.766704 0.495455 0.452742
2 0.778236 0.505872 0.443527 0.988256
2 0.933533 0.782848 0.132934 0.434119
2 0.18461 0.26366 0.360219 0.527319
0 0.316041 0.245202 0.422891 0.476926
4 0.137651 0.455106 0.275301 0.910211
4 0.24788 0.504492 0.495378 0.991017
0 0.320426 0.781366 0.549809 0.437267
1 0.451514 0.221996 0.50523 0.440573
0 0.501196 0.592199 0.105129 0.116219
0 0.777758 0.745979 0.444483 0.49807
0 0.505286 0.559819 0.10387 0.198564
0 0.0519037 0.572506 0.103807 0.0789001
0 0.541996 0.679554 0.204583 0.286487
0 0.153963 0.642955 0.307927 0.228068
0 0.518497 0.611948 0.146021 0.143194
0 0.0516676 0.538352 0.103335 0.162128
2 0.502501 0.597107 0.103329 0.125183
0 0.226157 0.751427 0.443951 0.478055
0 0.511852 0.509086 0.111005 0.317056
1 0.502501 0.597107 0.103329 0.125183
0 0.055509 0.584126 0.111018 0.140979
2 0.505286 0.559819 0.10387 0.198564
1 0.505286 0.559819 0.10387 0.198564
4 0.502501 0.597107 0.103329 0.125183
0 0.377083 0.757525 0.376186 0.48495
0 0.205384 0.692667 0.409657 0.344306
4 0.778139 0.746864 0.443723 0.493273
3 0.755796 0.5 0.488408 1
0 0.69737 0.755109 0.467055 0.474486
0 0.0515808 0.499682 0.103162 0.28832
0 0.320184 0.756373 0.624971 0.482019
0 0.832932 0.76458 0.334136 0.470841
4 0.596256 0.76252 0.334673 0.459359
0 0.0925018 0.7543 0.185004 0.427541
0 0.0830073 0.600053 0.166015 0.282136
3 0.933829 0.791467 0.132343 0.417066
3 0.933511 0.782902 0.132978 0.434138
4 0.222245 0.755387 0.437171 0.469046
3 0.328202 0.500939 0.443979 0.998122
3 0.791258 0.737981 0.414687 0.524038
0 0.580838 0.76041 0.317705 0.452013
0 0.0765245 0.546678 0.153049 0.370532
3 0.866159 0.745991 0.267681 0.508018
4 0.505286 0.559819 0.10387 0.198564
3 0.771724 0.750575 0.456552 0.485903
3 0.176468 0.809538 0.327208 0.380924
0 0.0482103 0.713746 0.0964205 0.522821
3 0.378188 0.744328 0.358672 0.480682
3 0.231665 0.45196 0.410074 0.903919
3 0.650159 0.765049 0.421619 0.460947
3 0.14626 0.311247 0.290831 0.622494
0 0.39054 0.0260713 0.781079 0.0521427
3 0.205384 0.692667 0.409657 0.344306
3 0.292964 0.388683 0.46044 0.777365
3 0.471451 0.371867 0.192665 0.679168
3 0.811172 0.360045 0.377657 0.67398
3 0.114254 0.333087 0.228509 0.666174
3 0.320731 0.78148 0.551379 0.43704
3 0.541996 0.679554 0.204583 0.286487
3 0.138919 0.561694 0.277838 0.50809
0 0.233359 0.0481614 0.466718 0.0963229
3 0.099955 0.413453 0.19991 0.826905
3 0.137625 0.455245 0.275249 0.91049
3 0.534865 0.62654 0.22547 0.746921
0 0.442823 0.76202 0.582232 0.458058
3 0.832932 0.76458 0.334136 0.470841
4 0.511852 0.509086 0.111005 0.317056
3 0.316932 0.245626 0.422168 0.477716
3 0.843225 0.520327 0.31355 0.959347
3 0.940287 0.723004 0.119427 0.515356
3 0.521354 0.496876 0.461785 0.972847
0 0.0489954 0.482382 0.0979908 0.408367
3 0.426824 0.780516 0.560269 0.438967
3 0.237052 0.253461 0.433356 0.502009
2 0.377083 0.757525 0.376186 0.48495
3 0.550388 0.421381 0.581146 0.842762
3 0.343987 0.0198335 0.687974 0.0396669
3 0.438433 0.345499 0.454959 0.68824
4 0.933829 0.791467 0.132343 0.417066
3 0.544359 0.810202 0.420359 0.379597
3 0.361434 0.361954 0.43153 0.723908
4 0.67737 0.748835 0.30728 0.50233
3 0.500914 0.596442 0.107049 0.121624
3 0.7857 0.277146 0.428599 0.554292
3 0.623422 0.506971 0.639427 0.986059
3 0.262463 0.660111 0.50271 0.679778
4 0.9398 0.752975 0.1204 0.47467
3 0.0869649 0.487383 0.17393 0.656556
3 0.67737 0.748835 0.30728 0.50233
0 0.558402 0.0325125 0.883196 0.065025
3 0.176044 0.583727 0.351247 0.649803
3 0.233359 0.0481614 0.466718 0.0963229
3 0.940529 0.498185 0.118942 0.910476
3 0.122957 0.807409 0.243963 0.385182
4 0.377083 0.757525 0.376186 0.48495
3 0.581332 0.761782 0.418906 0.476437
4 0.69737 0.755109 0.467055 0.474486
3 0.169028 0.508037 0.338056 0.983925
3 0.0765245 0.546678 0.153049 0.370532
3 0.502289 0.564615 0.113109 0.199303
0 0.600301 0.0586194 0.799398 0.117239
3 0.939117 0.332001 0.121767 0.603085
3 0.154894 0.187772 0.309788 0.375544
4 0.866159 0.745991 0.267681 0.508018
1 0.511852 0.509086 0.111005 0.317056
3 0.766245 0.106079 0.467509 0.212157
3 0.290985 0.0328116 0.581969 0.0656233
0 0.789173 0.0851764 0.421655 0.170353
3 0.394257 0.241782 0.474838 0.483419
0 0.9398 0.752975 0.1204 0.47467
3 0.220657 0.177375 0.441314 0.354751
3 0.401016 0.0288014 0.802031 0.0576029
3 0.706205 0.329146 0.587591 0.658293
3 0.560118 0.0380529 0.879764 0.0761058
4 0.814882 0.736615 0.370236 0.52677
2 0.399236 0.75882 0.64637 0.461495
0 0.620341 0.0883997 0.759318 0.176799
0 0.766245 0.106079 0.467509 0.212157
3 0.0319332 0.774372 0.0638663 0.451255
3 0.514502 0.519569 0.133055 0.344475
4 0.832932 0.76458 0.334136 0.470841
0 0.814882 0.736615 0.370236 0.52677
3 0.64804 0.110497 0.70392 0.220993
1 0.777758 0.745979 0.444483 0.49807
3 0.217947 0.686321 0.428817 0.549203
3 0.270485 0.159192 0.540971 0.318385
3 0.272551 0.745111 0.5373 0.503079
3 0.0755204 0.349839 0.151041 0.699678
0 0.778303 0.505918 0.443393 0.988164
0 0.290985 0.0328116 0.581969 0.0656233
3 0.372254 0.191945 0.612204 0.383889
4 0.600301 0.0586194 0.799398 0.117239
4 0.176468 0.809538 0.327208 0.380924
3 0.523252 0.287555 0.491462 0.571416
4 0.560118 0.0380529 0.879764 0.0761058
0 0.021325 0.420424 0.04265 0.441539
3 0.185177 0.780463 0.363213 0.435578
3 0.055509 0.584126 0.111018 0.140979
4 0.320184 0.756373 0.624971 0.482019
3 0.021325 0.420424 0.04265 0.441539
4 0.581332 0.761782 0.418906 0.476437
2 0.777758 0.745979 0.444483 0.49807
3 0.121508 0.231417 0.243016 0.462834
3 0.600301 0.0586194 0.799398 0.117239
3 0.0761938 0.246191 0.152388 0.492382
0 0.552163 0.799628 0.399943 0.394609
3 0.0298809 0.792572 0.0597617 0.414856
4 0.805081 0.508537 0.389838 0.982925
3 0.518497 0.611948 0.146021 0.143194
3 0.0573735 0.378056 0.114747 0.736989
3 0.521327 0.301275 0.741408 0.60255
3 0.0502154 0.451765 0.100431 0.435999
3 0.0231163 0.300386 0.0462326 0.600772
4 0.426824 0.780516 0.560269 0.438967
3 0.385236 0.77229 0.642057 0.44971
4 0.205384 0.692667 0.409657 0.344306
4 0.12415 0.763943 0.248301 0.451426
4 0.429729 0.0282224 0.858621 0.0564449
3 0.153963 0.642955 0.307927 0.228068
4 0.320731 0.78148 0.551379 0.43704
3 0.0482103 0.713746 0.0964205 0.522821
0 0.416485 0.184748 0.581526 0.369495
3 0.833305 0.224998 0.333389 0.449997
4 0.941656 0.658917 0.116688 0.56526
0 0.934077 0.268883 0.131847 0.525157
0 0.0185958 0.317573 0.0371915 0.635146
3 0.581031 0.765164 0.375908 0.457056
3 0.789173 0.0851764 0.421655 0.170353
1 0.153963 0.642955 0.307927 0.228068
3 0.0185958 0.317573 0.0371915 0.635146
1 0.205384 0.692667 0.409657 0.344306
4 0.233359 0.0481614 0.466718 0.0963229
0 0.83453 0.479572 0.330941 0.928662
0 0.262463 0.660111 0.50271 0.679778
0 0.866159 0.745991 0.267681 0.508018
4 0.511504 0.766782 0.493942 0.452709
4 0.372254 0.191945 0.612204 0.383889
4 0.552163 0.799628 0.399943 0.394609
0 0.833305 0.224998 0.333389 0.449997
0 0.833071 0.307355 0.333858 0.599663
3 0.509802 0.186428 0.602153 0.372856
4 0.0516676 0.538352 0.103335 0.162128
4 0.285669 0.177934 0.571337 0.355868
4 0.313505 0.022757 0.62701 0.0455139
1 0.0519037 0.572506 0.103807 0.0789001
4 0.935583 0.531827 0.128834 0.905784
4 0.0482103 0.713746 0.0964205 0.522821
4 0.620341 0.0883997 0.759318 0.176799
4 0.789173 0.0851764 0.421655 0.170353
4 0.486184 0.253951 0.476136 0.504632
4 0.0298809 0.792572 0.0597617 0.414856
4 0.0761938 0.246191 0.152388 0.492382
1 0.0516676 0.538352 0.103335 0.162128
4 0.154894 0.187772 0.309788 0.375544
3 0.0515808 0.499682 0.103162 0.28832
0 0.933829 0.791467 0.132343 0.417066
0 0.110241 0.787317 0.220482 0.425366
4 0.438433 0.345499 0.454959 0.68824
0 0.940529 0.498185 0.118942 0.910476
4 0.465048 0.17797 0.529363 0.35594
0 0.0761938 0.246191 0.152388 0.492382
1 0.518497 0.611948 0.146021 0.143194
0 0.941656 0.658917 0.116688 0.56526
3 0.170728 0.618083 0.340113 0.378181
4 0.0765245 0.546678 0.153049 0.370532
4 0.0515808 0.499682 0.103162 0.28832
4 0.0185958 0.317573 0.0371915 0.635146
4 0.024973 0.788224 0.049946 0.421874
0 0.534865 0.62654 0.22547 0.746921
4 0.237052 0.253461 0.433356 0.502009
4 0.0231163 0.300386 0.0462326 0.600772
4 0.610715 0.336085 0.772242 0.672171
4 0.394257 0.241782 0.474838 0.483419
4 0.0489954 0.482382 0.0979908 0.408367
2 0.272551 0.745111 0.5373 0.503079
4 0.316932 0.245626 0.422168 0.477716
4 0.766245 0.106079 0.467509 0.212157
4 0.220657 0.177375 0.441314 0.354751
0 0.581332 0.761782 0.418906 0.476437
4 0.153963 0.642955 0.307927 0.228068
4 0.021325 0.420424 0.04265 0.441539
2 0.580838 0.76041 0.317705 0.452013
4 0.746165 0.41347 0.50767 0.760702
3 0.0925018 0.7543 0.185004 0.427541
4 0.055509 0.584126 0.111018 0.140979
4 0.121508 0.231417 0.243016 0.462834
1 0.832932 0.76458 0.334136 0.470841
0 0.610715 0.336085 0.772242 0.672171
3 0.13295 0.766547 0.265261 0.452329
0 0.486184 0.253951 0.476136 0.504632
0 0.0231163 0.300386 0.0462326 0.600772
0 0.024973 0.788224 0.049946 0.421874
4 0.939117 0.332001 0.121767 0.603085
0 0.417197 0.349621 0.496416 0.699243
4 0.63349 0.407229 0.638979 0.789621
0 0.13295 0.766547 0.265261 0.452329
4 0.521354 0.496876 0.461785 0.972847
0 0.138919 0.561694 0.277838 0.50809
0 0.0298809 0.792572 0.0597617 0.414856
4 0.833305 0.224998 0.333389 0.449997
2 0.650159 0.765049 0.421619 0.460947
1 0.378188 0.744328 0.358672 0.480682
1 0.399236 0.75882 0.64637 0.461495
3 0.0516676 0.538352 0.103335 0.162128
0 0.759917 0.320495 0.480165 0.640991
3 0.0519037 0.572506 0.103807 0.0789001
1 0.214315 0.763848 0.427009 0.460502
4 0.292964 0.388683 0.46044 0.777365
0 0.521625 0.423138 0.496563 0.846276
1 0.170728 0.618083 0.340113 0.378181
2 0.0765245 0.546678 0.153049 0.370532
4 0.669616 0.509543 0.660768 0.980913
4 0.375282 0.50009 0.420945 0.99982
1 0.0925018 0.7543 0.185004 0.427541
0 0.67737 0.748835 0.30728 0.50233
4 0.114254 0.333087 0.228509 0.666174
4 0.534865 0.62654 0.22547 0.746921
4 0.863452 0.437318 0.273097 0.835782
1 0.14291 0.799381 0.279142 0.389824
4 0.361434 0.361954 0.43153 0.723908
0 0.394257 0.241782 0.474838 0.483419
4 0.518497 0.611948 0.146021 0.143194
4 0.0519037 0.572506 0.103807 0.0789001
1 0.514904 0.795826 0.466843 0.401787
1 0.933511 0.782902 0.132978 0.434138
1 0.790062 0.303966 0.419876 0.589403
4 0.0755204 0.349839 0.151041 0.699678
0 0.170728 0.618083 0.340113 0.378181
4 0.176044 0.583727 0.351247 0.649803
2 0.055509 0.584126 0.111018 0.140979
1 0.580838 0.76041 0.317705 0.452013
0 0.114254 0.333087 0.228509 0.666174
4 0.14626 0.311247 0.290831 0.622494
4 0.231665 0.45196 0.410074 0.903919
0 0.312756 0.196998 0.619547 0.393996
2 0.114254 0.333087 0.228509 0.666174
4 0.138919 0.561694 0.277838 0.50809
1 0.0515808 0.499682 0.103162 0.28832
4 0.541996 0.679554 0.204583 0.286487
4 0.811172 0.360045 0.377657 0.67398
2 0.262463 0.660111 0.50271 0.679778
0 0.176044 0.583727 0.351247 0.649803
1 0.0830073 0.600053 0.166015 0.282136
4 0.0869649 0.487383 0.17393 0.656556
2 0.453675 0.789906 0.54768 0.420189
4 0.7857 0.277146 0.428599 0.554292
4 0.099955 0.413453 0.19991 0.826905
0 0.237052 0.253461 0.433356 0.502009
2 0.14626 0.311247 0.290831 0.622494
2 0.0482103 0.713746 0.0964205 0.522821
2 0.67737 0.748835 0.30728 0.50233
4 0.262463 0.660111 0.50271 0.679778
4 0.471451 0.371867 0.192665 0.679168
0 0.121508 0.231417 0.243016 0.462834
2 0.939117 0.332001 0.121767 0.603085
2 0.511504 0.766782 0.493942 0.452709
0 0.471451 0.371867 0.192665 0.679168
0 0.426824 0.780516 0.560269 0.438967
2 0.778303 0.505918 0.443393 0.988164
2 0.933511 0.782902 0.132978 0.434138
0 0.489156 0.806043 0.511875 0.387914
2 0.184579 0.264027 0.359853 0.528055
4 0.137625 0.455245 0.275249 0.91049
4 0.248441 0.50444 0.496304 0.991121
1 0.451132 0.22295 0.50407 0.442501
0 0.316932 0.245626 0.422168 0.477716
0 0.320731 0.78148 0.551379 0.43704
0 0.154894 0.187772 0.309788 0.375544
