0 0.658511 0.604196 0.11364 0.126305
0 0.661876 0.556941 0.115312 0.212715
0 0.824747 0.74758 0.350506 0.47264
0 0.565378 0.71676 0.313314 0.376893
1 0.656104 0.605484 0.112199 0.124943
0 0.584608 0.760006 0.414512 0.468593
0 0.755771 0.757953 0.488458 0.436959
0 0.789231 0.682716 0.404669 0.287062
2 0.657399 0.555383 0.113912 0.213783
0 0.399374 0.751749 0.778969 0.494852
1 0.657399 0.555383 0.113912 0.213783
4 0.808915 0.76209 0.382171 0.459596
4 0.700856 0.756277 0.598287 0.452875
4 0.656104 0.605484 0.112199 0.124943
0 0.158146 0.597609 0.316167 0.166059
0 0.224228 0.720593 0.440324 0.415171
3 0.724848 0.501731 0.550305 0.996538
0 0.668444 0.46479 0.194712 0.460968
0 0.878005 0.764584 0.243991 0.470833
0 0.53956 0.0265133 0.920848 0.0530265
0 0.790213 0.50049 0.419575 0.980114
0 0.349425 0.788402 0.657959 0.409394
3 0.150075 0.354033 0.295982 0.698441
0 0.19678 0.613289 0.391999 0.198917
3 0.581327 0.5 0.529757 1
2 0.656104 0.605484 0.112199 0.124943
0 0.282467 0.744823 0.551928 0.473933
3 0.668444 0.46479 0.194712 0.460968
3 0.634739 0.365755 0.578788 0.730623
3 0.473872 0.310975 0.555909 0.621951
3 0.927553 0.755687 0.144894 0.488625
4 0.567784 0.760231 0.385407 0.46843
3 0.797955 0.764444 0.404089 0.471112
3 0.463786 0.5 0.548629 1
0 0.642454 0.0437997 0.715092 0.0875994
0 0.654017 0.095117 0.691965 0.190234
4 0.657399 0.555383 0.113912 0.213783
3 0.694064 0.765061 0.609412 0.44268
1 0.869805 0.744369 0.260389 0.466342
3 0.671876 0.761052 0.635362 0.477897
0 0.121047 0.592208 0.241916 0.151831
0 0.21128 0.11682 0.422561 0.233639
3 0.584608 0.760006 0.414512 0.468593
3 0.272932 0.392865 0.0728044 0.14281
3 0.859348 0.762552 0.281304 0.474896
3 0.925317 0.773711 0.149365 0.449254
0 0.373565 0.0303578 0.74713 0.0607156
3 0.555548 0.485119 0.386901 0.95868
3 0.292823 0.408177 0.100416 0.17074
3 0.174021 0.759177 0.346345 0.470743
0 0.272932 0.392865 0.0728044 0.14281
4 0.349425 0.788402 0.657959 0.409394
3 0.331243 0.446963 0.0889569 0.24978
3 0.635909 0.753355 0.423116 0.493291
3 0.168738 0.271626 0.334399 0.529363
3 0.508827 0.0278097 0.957709 0.0556195
3 0.200913 0.788636 0.389233 0.422729
3 0.0177484 0.677453 0.0354967 0.624434
3 0.297291 0.335002 0.539206 0.670005
3 0.392382 0.660171 0.630833 0.679659
3 0.21128 0.11682 0.422561 0.233639
3 0.893825 0.758195 0.21235 0.443695
3 0.558363 0.698709 0.382957 0.602582
4 0.784284 0.498599 0.431432 0.989442
3 0.695361 0.106236 0.609277 0.212471
0 0.760064 0.121397 0.479871 0.242794
3 0.396033 0.250727 0.598296 0.501455
3 0.287901 0.342316 0.360578 0.684632
4 0.447248 0.754306 0.670301 0.470992
4 0.893825 0.758195 0.21235 0.443695
4 0.555967 0.0237543 0.884422 0.0475087
3 0.294988 0.549873 0.172191 0.431527
0 0.278214 0.0688718 0.556427 0.137744
4 0.635909 0.753355 0.423116 0.493291
3 0.366106 0.493779 0.253753 0.882185
3 0.406863 0.751532 0.794721 0.490976
3 0.498551 0.760732 0.53567 0.478536
4 0.746544 0.762001 0.504941 0.475998
0 0.219714 0.580035 0.426479 0.227239
4 0.925317 0.773711 0.149365 0.449254
3 0.0249061 0.241918 0.0498121 0.483836
3 0.0298401 0.774374 0.0596802 0.451252
4 0.927553 0.755687 0.144894 0.488625
3 0.158146 0.597609 0.316167 0.166059
3 0.146165 0.196973 0.289447 0.371016
3 0.0147622 0.515607 0.0295245 0.619469
3 0.336436 0.783223 0.656046 0.433555
3 0.325304 0.617202 0.334219 0.758472
3 0.776619 0.729726 0.446762 0.509781
4 0.859348 0.762552 0.281304 0.474896
3 0.211754 0.334253 0.414219 0.668507
0 0.924749 0.51262 0.150501 0.885227
3 0.263536 0.722039 0.509863 0.549627
1 0.668444 0.46479 0.194712 0.460968
4 0.676459 0.492696 0.156423 0.438255
4 0.642294 0.0741348 0.715412 0.14827
3 0.0963036 0.195297 0.192607 0.390594
3 0.734609 0.388982 0.530783 0.777964
3 0.322285 0.0366429 0.64248 0.0732857
4 0.129245 0.762122 0.258491 0.458206
3 0.520883 0.234838 0.559571 0.469676
3 0.642294 0.0741348 0.715412 0.14827
0 0.516576 0.235319 0.791921 0.470637
0 0.0177484 0.677453 0.0354967 0.624434
3 0.642454 0.0437997 0.715092 0.0875994
0 0.925317 0.773711 0.149365 0.449254
4 0.642454 0.0437997 0.715092 0.0875994
3 0.0177202 0.303048 0.0354403 0.606097
0 0.159011 0.558804 0.314499 0.207143
0 0.0147622 0.515607 0.0295245 0.619469
0 0.107731 0.815225 0.215463 0.360177
3 0.290686 0.513366 0.135492 0.354713
0 0.306432 0.661641 0.601883 0.676719
3 0.278214 0.0688718 0.556427 0.137744
3 0.828497 0.511838 0.343007 0.945118
4 0.695361 0.106236 0.609277 0.212471
3 0.0292249 0.807967 0.0584498 0.384067
3 0.628132 0.412502 0.743736 0.825005
3 0.629297 0.238997 0.668538 0.477995
3 0.18309 0.502177 0.305116 0.35222
0 0.458415 0.781842 0.555389 0.429546
4 0.240503 0.785952 0.472621 0.428097
3 0.657146 0.709007 0.135496 0.510764
0 0.682206 0.3455 0.568586 0.691
0 0.174021 0.759177 0.346345 0.470743
3 0.0120662 0.34093 0.0241324 0.64268
4 0.591157 0.234732 0.735941 0.469465
0 0.797955 0.764444 0.404089 0.471112
4 0.158146 0.597609 0.316167 0.166059
4 0.666839 0.485595 0.666322 0.971191
4 0.651502 0.272237 0.579147 0.544473
4 0.760064 0.121397 0.479871 0.242794
0 0.497494 0.166388 0.895552 0.332775
3 0.159011 0.558804 0.314499 0.207143
0 0.558363 0.698709 0.382957 0.602582
3 0.19678 0.613289 0.391999 0.198917
0 0.292823 0.408177 0.100416 0.17074
4 0.497494 0.166388 0.895552 0.332775
0 0.230487 0.627457 0.443185 0.321299
4 0.121047 0.592208 0.241916 0.151831
0 0.241755 0.79775 0.475511 0.39446
0 0.249897 0.107829 0.499793 0.215658
3 0.521275 0.204952 0.810595 0.409905
3 0.565378 0.71676 0.313314 0.376893
2 0.824747 0.74758 0.350506 0.47264
0 0.904466 0.594537 0.191069 0.743882
0 0.646614 0.399781 0.706772 0.799563
3 0.949053 0.434353 0.101895 0.770735
3 0.249897 0.107829 0.499793 0.215658
4 0.282467 0.744823 0.551928 0.473933
2 0.567784 0.760231 0.385407 0.46843
0 0.0114638 0.412231 0.0229276 0.63471
4 0.159483 0.806325 0.315094 0.387351
0 0.211754 0.334253 0.414219 0.668507
0 0.294988 0.549873 0.172191 0.431527
3 0.224228 0.720593 0.440324 0.415171
0 0.0292249 0.807967 0.0584498 0.384067
4 0.435669 0.0299218 0.861456 0.0598435
0 0.331243 0.446963 0.0889569 0.24978
3 0.760064 0.121397 0.479871 0.242794
4 0.224228 0.720593 0.440324 0.415171
3 0.230487 0.627457 0.443185 0.321299
1 0.213529 0.791553 0.422492 0.393332
4 0.19678 0.613289 0.391999 0.198917
3 0.657399 0.555383 0.113912 0.213783
4 0.0292249 0.807967 0.0584498 0.384067
1 0.791826 0.761707 0.416349 0.45889
3 0.200809 0.178468 0.399892 0.356937
4 0.21128 0.11682 0.422561 0.233639
0 0.657146 0.709007 0.135496 0.510764
0 0.18309 0.502177 0.305116 0.35222
0 0.801906 0.369789 0.396188 0.739577
3 0.0714373 0.357326 0.142875 0.666918
3 0.330892 0.179396 0.652724 0.358793
4 0.498551 0.760732 0.53567 0.478536
4 0.904466 0.594537 0.191069 0.743882
4 0.199638 0.799766 0.39415 0.391629
0 0.927553 0.755687 0.144894 0.488625
1 0.697877 0.75805 0.602383 0.451248
3 0.0910804 0.557171 0.180491 0.211016
3 0.924749 0.51262 0.150501 0.885227
4 0.306432 0.661641 0.601883 0.676719
0 0.659762 0.252431 0.677425 0.504862
4 0.128888 0.164478 0.257776 0.322851
4 0.322285 0.0366429 0.64248 0.0732857
0 0.290686 0.513366 0.135492 0.354713
0 0.711112 0.465134 0.577777 0.930267
3 0.789231 0.682716 0.404669 0.287062
4 0.127418 0.350784 0.254835 0.686602
0 0.671876 0.761052 0.635362 0.477897
4 0.278214 0.0688718 0.556427 0.137744
3 0.458415 0.781842 0.555389 0.429546
2 0.565378 0.71676 0.313314 0.376893
3 0.904466 0.594537 0.191069 0.743882
1 0.348316 0.785441 0.655266 0.410028
2 0.755771 0.757953 0.488458 0.436959
4 0.684158 0.354736 0.572109 0.702619
0 0.949053 0.434353 0.101895 0.770735
0 0.0307906 0.805473 0.0615813 0.389054
4 0.855654 0.476686 0.288693 0.891937
4 0.0193785 0.700906 0.038757 0.591049
4 0.181009 0.292239 0.354884 0.57121
0 0.577529 0.238357 0.56188 0.476714
3 0.219714 0.580035 0.426479 0.227239
2 0.893825 0.758195 0.21235 0.443695
0 0.0963036 0.195297 0.192607 0.390594
4 0.0963036 0.195297 0.192607 0.390594
4 0.801906 0.369789 0.396188 0.739577
4 0.249897 0.107829 0.499793 0.215658
4 0.272932 0.392865 0.0728044 0.14281
0 0.498551 0.760732 0.53567 0.478536
4 0.924749 0.51262 0.150501 0.885227
3 0.121047 0.592208 0.241916 0.151831
4 0.587244 0.395257 0.560099 0.790514
3 0.927772 0.373024 0.144456 0.720658
4 0.200809 0.178468 0.399892 0.356937
3 0.116242 0.80601 0.232485 0.38798
0 0.750116 0.621356 0.311403 0.343585
4 0.0177202 0.303048 0.0354403 0.606097
4 0.330892 0.179396 0.652724 0.358793
2 0.314451 0.747943 0.620972 0.498209
3 0.241755 0.79775 0.475511 0.39446
0 0.581327 0.5 0.529757 1
4 0.0120662 0.34093 0.0241324 0.64268
4 0.0910804 0.557171 0.180491 0.211016
4 0.0298401 0.774374 0.0596802 0.451252
0 0.0910804 0.557171 0.180491 0.211016
0 0.0249061 0.241918 0.0498121 0.483836
4 0.949053 0.434353 0.101895 0.770735
4 0.0147622 0.515607 0.0295245 0.619469
0 0.6014 0.750516 0.426261 0.498969
0 0.325304 0.617202 0.334219 0.758472
0 0.330892 0.179396 0.652724 0.358793
4 0.292823 0.408177 0.100416 0.17074
3 0.106581 0.316289 0.213161 0.616597
4 0.0249061 0.241918 0.0498121 0.483836
4 0.159011 0.558804 0.314499 0.207143
0 0.159483 0.806325 0.315094 0.387351
4 0.473872 0.310975 0.555909 0.621951
0 0.927772 0.373024 0.144456 0.720658
3 0.750116 0.621356 0.311403 0.343585
3 0.656104 0.605484 0.112199 0.124943
4 0.0714373 0.357326 0.142875 0.666918
4 0.290686 0.513366 0.135492 0.354713
4 0.230487 0.627457 0.443185 0.321299
4 0.520249 0.5 0.522075 1
4 0.927772 0.373024 0.144456 0.720658
4 0.396033 0.250727 0.598296 0.501455
0 0.146165 0.196973 0.289447 0.371016
4 0.18309 0.502177 0.305116 0.35222
2 0.789231 0.682716 0.404669 0.287062
4 0.82352 0.396471 0.352961 0.786334
3 0.82877 0.767136 0.342461 0.465728
4 0.245649 0.346443 0.487641 0.692886
4 0.425058 0.501946 0.429665 0.996109
0 0.0282357 0.738532 0.0564714 0.522937
2 0.213529 0.791553 0.422492 0.393332
4 0.107731 0.815225 0.215463 0.360177
2 0.667051 0.760453 0.584328 0.460097
1 0.564088 0.755108 0.371028 0.482505
4 0.294988 0.549873 0.172191 0.431527
2 0.943301 0.506038 0.113398 0.887578
4 0.325304 0.617202 0.334219 0.758472
2 0.297291 0.335002 0.539206 0.670005
2 0.219714 0.580035 0.426479 0.227239
4 0.331243 0.446963 0.0889569 0.24978
0 0.0177202 0.303048 0.0354403 0.606097
2 0.224228 0.720593 0.440324 0.415171
0 0.200809 0.178468 0.399892 0.356937
0 0.52902 0.341752 0.541187 0.683503
2 0.325304 0.617202 0.334219 0.758472
4 0.219714 0.580035 0.426479 0.227239
2 0.790213 0.50049 0.419575 0.980114
0 0.168738 0.271626 0.334399 0.529363
2 0.294988 0.549873 0.172191 0.431527
2 0.290686 0.513366 0.135492 0.354713
2 0.292823 0.408177 0.100416 0.17074
1 0.107731 0.815225 0.215463 0.360177
0 0.12835 0.355624 0.253837 0.667806
2 0.18309 0.502177 0.305116 0.35222
2 0.116242 0.80601 0.232485 0.38798
0 0.396033 0.250727 0.598296 0.501455
0 0.297291 0.335002 0.539206 0.670005
2 0.396033 0.250727 0.598296 0.501455
2 0.708604 0.438632 0.582792 0.877265
2 0.676459 0.492696 0.156423 0.438255
4 0.366106 0.493779 0.253753 0.882185
0 0.855654 0.476686 0.288693 0.891937
2 0.925317 0.773711 0.149365 0.449254
2 0.541015 0.5 0.42109 1
0 0.425058 0.501946 0.429665 0.996109
4 0.241161 0.329635 0.278722 0.65927
2 0.150075 0.354033 0.295982 0.698441
2 0.358808 0.781424 0.634688 0.437152
1 0.904466 0.594537 0.191069 0.743882
0 0.82352 0.396471 0.352961 0.786334
2 0.424778 0.777658 0.680694 0.430157
1 0.447248 0.754306 0.670301 0.470992
2 0.19678 0.613289 0.391999 0.198917
4 0.362049 0.338721 0.476287 0.677442
0 0.658523 0.604197 0.113658 0.1263
0 0.661888 0.556976 0.115327 0.212659
0 0.825116 0.747542 0.349769 0.4726
0 0.565715 0.716859 0.312726 0.377009
1 0.656113 0.605477 0.112222 0.12494
0 0.584625 0.760035 0.414603 0.468617
0 0.755598 0.757848 0.488804 0.436818
0 0.788939 0.682084 0.404202 0.285725
2 0.657408 0.555423 0.113914 0.213705
0 0.399522 0.751913 0.778794 0.49453
1 0.657408 0.555423 0.113914 0.213705
4 0.809048 0.762083 0.381905 0.459497
4 0.700783 0.756271 0.598433 0.452845
4 0.656113 0.605477 0.112222 0.12494
0 0.158138 0.597368 0.316155 0.165577
3 0.724474 0.501728 0.551052 0.996544
0 0.22411 0.720155 0.440122 0.414339
0 0.668525 0.466185 0.194063 0.457654
0 0.539718 0.0264852 0.920564 0.0529703
0 0.878026 0.764545 0.243948 0.470911
0 0.79022 0.500452 0.41956 0.980065
0 0.349421 0.788438 0.657876 0.40938
3 0.150155 0.353893 0.296132 0.698079
3 0.58142 0.5 0.529857 1
2 0.656113 0.605477 0.112222 0.12494
0 0.196732 0.612661 0.391916 0.197677
0 0.282376 0.744804 0.551721 0.473996
3 0.668525 0.466185 0.194063 0.457654
3 0.633781 0.365426 0.57694 0.730037
3 0.474258 0.309607 0.555904 0.619213
3 0.927532 0.755471 0.144935 0.489058
4 0.567709 0.760288 0.385225 0.468436
3 0.797988 0.764445 0.404024 0.47111
3 0.464161 0.5 0.548752 1
0 0.642151 0.0436748 0.715698 0.0873495
4 0.657408 0.555423 0.113914 0.213705
0 0.653682 0.0955281 0.692637 0.191056
3 0.694063 0.76504 0.609369 0.442758
1 0.870038 0.744238 0.259923 0.466165
3 0.672181 0.761029 0.634601 0.477942
3 0.584625 0.760035 0.414603 0.468617
3 0.272932 0.393561 0.0729405 0.144215
3 0.859368 0.762552 0.281264 0.474896
0 0.211097 0.117237 0.422194 0.234473
3 0.925341 0.773694 0.149319 0.449164
3 0.55577 0.484936 0.386911 0.959506
3 0.292853 0.408462 0.100509 0.17131
3 0.173981 0.759163 0.34627 0.470839
4 0.349421 0.788438 0.657876 0.40938
0 0.373514 0.0305856 0.747027 0.0611713
3 0.331257 0.446853 0.0890046 0.249578
3 0.63597 0.753307 0.422439 0.493387
0 0.272932 0.393561 0.0729405 0.144215
3 0.168521 0.271854 0.334003 0.529777
3 0.508731 0.0278363 0.957586 0.0556726
3 0.20093 0.788659 0.389292 0.422683
3 0.0178757 0.677774 0.0357513 0.623407
3 0.29753 0.334514 0.538083 0.669028
3 0.392003 0.65984 0.631946 0.680321
3 0.211097 0.117237 0.422194 0.234473
3 0.893817 0.758101 0.212365 0.443496
3 0.558433 0.698753 0.383152 0.602494
4 0.784313 0.498587 0.431375 0.989475
3 0.695011 0.10711 0.609977 0.21422
3 0.397368 0.250259 0.596506 0.500518
3 0.288308 0.341954 0.359752 0.683908
0 0.75993 0.122983 0.48014 0.245966
4 0.447849 0.754236 0.669032 0.471107
4 0.893817 0.758101 0.212365 0.443496
4 0.555979 0.0237638 0.884774 0.0475277
3 0.294766 0.550098 0.172772 0.431901
4 0.63597 0.753307 0.422439 0.493387
3 0.36613 0.492232 0.253748 0.883241
3 0.406812 0.751568 0.794726 0.490903
3 0.498332 0.760678 0.535649 0.478644
4 0.746523 0.762 0.504935 0.476001
4 0.925341 0.773694 0.149319 0.449164
0 0.277922 0.0692871 0.555843 0.138574
3 0.0251116 0.241366 0.0502231 0.482732
3 0.0300244 0.774443 0.0600489 0.451115
4 0.927532 0.755471 0.144935 0.489058
3 0.146065 0.196807 0.289268 0.370794
0 0.219768 0.579906 0.426564 0.226799
3 0.158138 0.597368 0.316155 0.165577
3 0.0147996 0.515223 0.0295991 0.616528
3 0.336493 0.783242 0.656237 0.433515
3 0.32502 0.616425 0.334888 0.759948
3 0.776376 0.729589 0.447248 0.510041
4 0.859368 0.762552 0.281264 0.474896
3 0.211589 0.334007 0.413813 0.66785
3 0.263562 0.722327 0.509932 0.549038
4 0.641978 0.0741085 0.716044 0.148217
1 0.668525 0.466185 0.194063 0.457654
4 0.676522 0.492827 0.156429 0.43765
3 0.0960275 0.194815 0.192055 0.38963
3 0.734725 0.388884 0.53055 0.777767
3 0.373514 0.0305856 0.747027 0.0611713
4 0.12929 0.762166 0.25858 0.458219
3 0.641978 0.0741085 0.716044 0.148217
3 0.521325 0.234637 0.55908 0.469274
0 0.924472 0.512414 0.151056 0.885443
3 0.642151 0.0436748 0.715698 0.0873495
0 0.51682 0.235889 0.789731 0.471778
4 0.642151 0.0436748 0.715698 0.0873495
3 0.0178117 0.303059 0.0356235 0.606117
0 0.0178757 0.677774 0.0357513 0.623407
0 0.925341 0.773694 0.149319 0.449164
3 0.290595 0.513328 0.135914 0.354502
0 0.159108 0.55897 0.314694 0.206891
3 0.828282 0.511677 0.343437 0.945375
3 0.277922 0.0692871 0.555843 0.138574
4 0.695011 0.10711 0.609977 0.21422
0 0.0147996 0.515223 0.0295991 0.616528
0 0.107668 0.815255 0.215336 0.360116
0 0.306438 0.661711 0.602072 0.676577
3 0.0293245 0.808017 0.0586489 0.383967
3 0.627519 0.412808 0.744962 0.825617
3 0.628936 0.238912 0.668348 0.477824
3 0.183085 0.502088 0.30572 0.35217
4 0.240613 0.785982 0.47289 0.428036
3 0.657217 0.709188 0.135496 0.511032
4 0.59102 0.234562 0.735356 0.469124
3 0.0120766 0.341047 0.0241532 0.64238
0 0.682061 0.342324 0.566758 0.684649
0 0.45848 0.781856 0.554773 0.429553
4 0.158138 0.597368 0.316155 0.165577
0 0.173981 0.759163 0.34627 0.470839
4 0.665505 0.485417 0.66899 0.970834
4 0.651425 0.271693 0.577 0.543385
4 0.75993 0.122983 0.48014 0.245966
3 0.159108 0.55897 0.314694 0.206891
0 0.797988 0.764445 0.404024 0.47111
3 0.196732 0.612661 0.391916 0.197677
0 0.497445 0.166897 0.894341 0.333795
4 0.497445 0.166897 0.894341 0.333795
0 0.558433 0.698753 0.383152 0.602494
3 0.521298 0.205651 0.808801 0.411302
0 0.292853 0.408462 0.100509 0.17131
3 0.565715 0.716859 0.312726 0.377009
0 0.230512 0.627024 0.443291 0.320179
2 0.825116 0.747542 0.349769 0.4726
0 0.241824 0.797755 0.475699 0.394446
3 0.949076 0.433583 0.101849 0.76947
3 0.249455 0.108402 0.49891 0.216803
0 0.249455 0.108402 0.49891 0.216803
4 0.282376 0.744804 0.551721 0.473996
2 0.567709 0.760288 0.385225 0.468436
4 0.159419 0.80635 0.314959 0.387301
0 0.646214 0.39973 0.707573 0.79946
0 0.90429 0.594738 0.19142 0.743331
3 0.22411 0.720155 0.440122 0.414339
4 0.435681 0.0300718 0.861569 0.0601437
0 0.0114706 0.412216 0.0229412 0.632968
0 0.211589 0.334007 0.413813 0.66785
3 0.75993 0.122983 0.48014 0.245966
0 0.294766 0.550098 0.172772 0.431901
4 0.22411 0.720155 0.440122 0.414339
0 0.0293245 0.808017 0.0586489 0.383967
3 0.230512 0.627024 0.443291 0.320179
3 0.657408 0.555423 0.113914 0.213705
4 0.196732 0.612661 0.391916 0.197677
1 0.213506 0.791645 0.422438 0.393097
4 0.0293245 0.808017 0.0586489 0.383967
0 0.331257 0.446853 0.0890046 0.249578
1 0.791399 0.761691 0.417203 0.458969
3 0.20053 0.178293 0.399294 0.356586
4 0.633781 0.365426 0.57694 0.730037
4 0.211097 0.117237 0.422194 0.234473
3 0.0713094 0.357197 0.142619 0.666755
3 0.330848 0.179326 0.652579 0.358651
4 0.498332 0.760678 0.535649 0.478644
4 0.19971 0.799773 0.394309 0.391625
4 0.90429 0.594738 0.19142 0.743331
0 0.657217 0.709188 0.135496 0.511032
3 0.0912515 0.557376 0.180815 0.210716
0 0.183085 0.502088 0.30572 0.35217
1 0.697858 0.758078 0.602381 0.451213
0 0.802013 0.369793 0.395973 0.739587
3 0.924472 0.512414 0.151056 0.885443
4 0.128717 0.164338 0.257435 0.321892
4 0.306438 0.661711 0.602072 0.676577
4 0.322127 0.0368816 0.642271 0.0737631
3 0.788939 0.682084 0.404202 0.285725
0 0.927532 0.755471 0.144935 0.489058
4 0.127419 0.350663 0.254838 0.686357
4 0.277922 0.0692871 0.555843 0.138574
0 0.659177 0.252246 0.678595 0.504493
3 0.45848 0.781856 0.554773 0.429553
2 0.565715 0.716859 0.312726 0.377009
3 0.90429 0.594738 0.19142 0.743331
0 0.711152 0.463425 0.577696 0.92685
1 0.348321 0.785472 0.655118 0.409923
0 0.290595 0.513328 0.135914 0.354502
2 0.755598 0.757848 0.488804 0.436818
0 0.672181 0.761029 0.634601 0.477942
4 0.855538 0.47646 0.288924 0.891685
4 0.0195318 0.70106 0.0390635 0.590886
4 0.18083 0.292296 0.35454 0.571193
0 0.949076 0.433583 0.101849 0.76947
3 0.219768 0.579906 0.426564 0.226799
2 0.893817 0.758101 0.212365 0.443496
4 0.0960275 0.194815 0.192055 0.38963
4 0.272932 0.393561 0.0729405 0.144215
4 0.802013 0.369793 0.395973 0.739587
0 0.0309461 0.805511 0.0618922 0.388979
4 0.249455 0.108402 0.49891 0.216803
0 0.577873 0.238296 0.560326 0.476592
4 0.924472 0.512414 0.151056 0.885443
3 0.927976 0.372546 0.144049 0.718846
4 0.20053 0.178293 0.399294 0.356586
0 0.0960275 0.194815 0.192055 0.38963
0 0.498332 0.760678 0.535649 0.478644
3 0.116212 0.806041 0.232424 0.387918
4 0.0178117 0.303059 0.0356235 0.606117
4 0.330848 0.179326 0.652579 0.358651
2 0.314383 0.747897 0.620813 0.498253
3 0.241824 0.797755 0.475699 0.394446
0 0.749752 0.620906 0.310735 0.342521
4 0.0120766 0.341047 0.0241532 0.64238
4 0.0912515 0.557376 0.180815 0.210716
4 0.0300244 0.774443 0.0600489 0.451115
4 0.949076 0.433583 0.101849 0.76947
0 0.58142 0.5 0.529857 1
4 0.0147996 0.515223 0.0295991 0.616528
0 0.0912515 0.557376 0.180815 0.210716
4 0.292853 0.408462 0.100509 0.17131
3 0.106763 0.316084 0.213527 0.616222
0 0.0251116 0.241366 0.0502231 0.482732
4 0.0251116 0.241366 0.0502231 0.482732
0 0.330848 0.179326 0.652579 0.358651
0 0.60141 0.750388 0.42596 0.499224
0 0.32502 0.616425 0.334888 0.759948
4 0.159108 0.55897 0.314694 0.206891
4 0.52942 0.339272 0.541602 0.678545
3 0.749752 0.620906 0.310735 0.342521
4 0.434298 0.327589 0.519426 0.655177
3 0.656113 0.605477 0.112222 0.12494
4 0.0713094 0.357197 0.142619 0.666755
4 0.290595 0.513328 0.135914 0.354502
4 0.230512 0.627024 0.443291 0.320179
4 0.520663 0.5 0.522608 1
0 0.159419 0.80635 0.314959 0.387301
4 0.397368 0.250259 0.596506 0.500518
0 0.927976 0.372546 0.144049 0.718846
4 0.927976 0.372546 0.144049 0.718846
4 0.183085 0.502088 0.30572 0.35217
2 0.788939 0.682084 0.404202 0.285725
3 0.828907 0.76711 0.342186 0.46578
4 0.82377 0.395597 0.35246 0.784139
4 0.42516 0.501926 0.429511 0.996149
4 0.245541 0.346095 0.48729 0.69219
0 0.146065 0.196807 0.289268 0.370794
2 0.213506 0.791645 0.422438 0.393097
4 0.107668 0.815255 0.215336 0.360116
0 0.0284198 0.738562 0.0568397 0.522876
2 0.666472 0.76047 0.583137 0.460041
1 0.564243 0.755156 0.371384 0.482495
4 0.294766 0.550098 0.172772 0.431901
2 0.943155 0.505996 0.11369 0.887602
4 0.32502 0.616425 0.334888 0.759948
2 0.29753 0.334514 0.538083 0.669028
2 0.219768 0.579906 0.426564 0.226799
4 0.331257 0.446853 0.0890046 0.249578
2 0.22411 0.720155 0.440122 0.414339
2 0.32502 0.616425 0.334888 0.759948
4 0.219768 0.579906 0.426564 0.226799
0 0.20053 0.178293 0.399294 0.356586
0 0.52942 0.339272 0.541602 0.678545
0 0.0178117 0.303059 0.0356235 0.606117
2 0.79022 0.500452 0.41956 0.980065
0 0.168521 0.271854 0.334003 0.529777
2 0.294766 0.550098 0.172772 0.431901
2 0.290595 0.513328 0.135914 0.354502
2 0.292853 0.408462 0.100509 0.17131
1 0.107668 0.815255 0.215336 0.360116
2 0.183085 0.502088 0.30572 0.35217
2 0.116212 0.806041 0.232424 0.387918
2 0.708329 0.437329 0.583341 0.874659
0 0.128354 0.35571 0.253792 0.667029
2 0.397368 0.250259 0.596506 0.500518
0 0.397368 0.250259 0.596506 0.500518
4 0.36613 0.492232 0.253748 0.883241
2 0.676522 0.492827 0.156429 0.43765
0 0.29753 0.334514 0.538083 0.669028
2 0.925341 0.773694 0.149319 0.449164
2 0.541224 0.5 0.421313 1
4 0.241295 0.329496 0.278564 0.658991
0 0.855538 0.47646 0.288924 0.891685
2 0.150155 0.353893 0.296132 0.698079
2 0.358705 0.781437 0.634665 0.437127
0 0.42516 0.501926 0.429511 0.996149
1 0.90429 0.594738 0.19142 0.743331
2 0.425126 0.777678 0.679725 0.430156
1 0.447849 0.754236 0.669032 0.471107
0 0.82377 0.395597 0.35246 0.784139
2 0.196732 0.612661 0.391916 0.197677
2 0.128717 0.164338 0.257435 0.321892
1 0.524985 0.775511 0.496819 0.442916
2 0.657217 0.709188 0.135496 0.511032
2 0.331257 0.446853 0.0890046 0.249578
