0 0.8368 0.756265 0.3264 0.477232
0 0.520291 0.582644 0.0941407 0.131804
0 0.630725 0.55369 0.0873861 0.0802866
1 0.8368 0.756265 0.3264 0.477232
0 0.819512 0.698958 0.350068 0.340768
0 0.585443 0.566651 0.181091 0.0990677
0 0.52213 0.557624 0.0997841 0.188416
0 0.52164 0.609728 0.101092 0.179025
1 0.520291 0.582644 0.0941407 0.131804
0 0.60607 0.675054 0.267778 0.303787
4 0.834397 0.764583 0.331207 0.458367
0 0.580961 0.61303 0.233899 0.181786
0 0.281529 0.674882 0.560444 0.426871
0 0.180337 0.711861 0.359395 0.367467
0 0.354985 0.723124 0.637156 0.548059
0 0.260807 0.739678 0.511813 0.439003
0 0.375748 0.728938 0.402477 0.456201
0 0.571919 0.558648 0.172215 0.159684
2 0.837596 0.764777 0.324807 0.46408
0 0.553519 0.353047 0.173451 0.629743
0 0.519333 0.027305 0.961335 0.05461
0 0.629135 0.54563 0.0927816 0.121548
4 0.925846 0.776473 0.148307 0.447053
0 0.437172 0.380013 0.401722 0.760026
0 0.382317 0.043872 0.764634 0.0877439
0 0.736996 0.759815 0.526007 0.452419
0 0.135552 0.759602 0.271105 0.473035
2 0.520291 0.582644 0.0941407 0.131804
0 0.450618 0.754933 0.514975 0.465249
3 0.600592 0.386987 0.253369 0.759873
3 0.550032 0.439167 0.882698 0.878333
0 0.295028 0.469732 0.584342 0.939464
3 0.848174 0.771134 0.303652 0.450135
0 0.211535 0.155735 0.42307 0.31147
3 0.925846 0.776473 0.148307 0.447053
4 0.520291 0.582644 0.0941407 0.131804
3 0.204176 0.446624 0.404339 0.88186
4 0.314417 0.714151 0.619054 0.521633
4 0.547399 0.756708 0.457168 0.470527
0 0.647391 0.0803769 0.705218 0.160754
4 0.736996 0.759815 0.526007 0.452419
4 0.135552 0.759602 0.271105 0.473035
3 0.81496 0.765727 0.362202 0.468545
3 0.176282 0.684118 0.35153 0.333023
3 0.211535 0.155735 0.42307 0.31147
3 0.421047 0.421033 0.727045 0.842066
3 0.820078 0.31297 0.359844 0.614943
0 0.615412 0.0366993 0.769175 0.0733986
3 0.929241 0.315784 0.141518 0.536407
3 0.135846 0.815403 0.268542 0.369194
1 0.532305 0.605722 0.116572 0.169797
3 0.400396 0.753555 0.557809 0.492891
3 0.683068 0.089587 0.633865 0.179174
3 0.375748 0.728938 0.402477 0.456201
3 0.741864 0.300088 0.516273 0.600175
0 0.0682556 0.781042 0.136256 0.429772
3 0.715322 0.768652 0.323024 0.462696
3 0.623243 0.757299 0.327312 0.485403
3 0.929655 0.439645 0.140689 0.759874
3 0.20962 0.818406 0.402488 0.363187
3 0.0169318 0.273823 0.0338636 0.547646
3 0.318401 0.719873 0.575225 0.53563
0 0.51217 0.221513 0.926725 0.443026
3 0.276681 0.763821 0.505781 0.472359
0 0.364564 0.309907 0.670775 0.619814
0 0.574626 0.405983 0.22189 0.700567
3 0.199393 0.294022 0.393912 0.581202
3 0.170254 0.75797 0.338722 0.47459
3 0.553519 0.353047 0.173451 0.629743
4 0.528443 0.0273085 0.937254 0.054617
0 0.835731 0.509543 0.328538 0.945807
3 0.299148 0.5 0.585652 1
0 0.758998 0.0857147 0.482005 0.171429
4 0.121 0.685073 0.242 0.324308
0 0.256315 0.293176 0.500401 0.582404
3 0.513254 0.750309 0.393255 0.499382
3 0.29957 0.0511654 0.59914 0.102331
4 0.407406 0.741153 0.458334 0.517695
3 0.594718 0.298947 0.810564 0.59648
4 0.265548 0.670857 0.524127 0.3945
3 0.0296464 0.253533 0.0592929 0.507065
3 0.1645 0.241687 0.327528 0.459338
4 0.574626 0.405983 0.22189 0.700567
3 0.0487847 0.674058 0.0975694 0.614332
0 0.708848 0.303175 0.582304 0.600039
3 0.748753 0.768037 0.49237 0.461383
3 0.344207 0.639216 0.473011 0.695445
3 0.511405 0.0261242 0.954538 0.0522484
3 0.437172 0.380013 0.401722 0.760026
2 0.407406 0.741153 0.458334 0.517695
3 0.0167103 0.433075 0.0334206 0.865379
3 0.237712 0.694332 0.472108 0.375938
4 0.527009 0.258608 0.908903 0.516539
0 0.792123 0.3015 0.415753 0.588657
3 0.605798 0.765458 0.339014 0.465298
3 0.738931 0.504947 0.522138 0.990106
4 0.258075 0.432688 0.510868 0.865377
0 0.121 0.685073 0.242 0.324308
0 0.0259537 0.509116 0.0519073 0.87856
0 0.0257574 0.781123 0.0515149 0.437754
3 0.0264084 0.764017 0.0528168 0.471965
3 0.364564 0.309907 0.670775 0.619814
3 0.835681 0.512101 0.328639 0.97528
0 0.0931996 0.765808 0.186067 0.462488
4 0.334744 0.758614 0.514912 0.482771
4 0.57733 0.339178 0.845203 0.677436
1 0.837147 0.525273 0.325706 0.937649
4 0.715322 0.768652 0.323024 0.462696
0 0.641801 0.762671 0.444489 0.457981
4 0.236325 0.739278 0.470828 0.435739
4 0.52213 0.557624 0.0997841 0.188416
3 0.121 0.685073 0.242 0.324308
0 0.0487847 0.674058 0.0975694 0.614332
4 0.0931996 0.765808 0.186067 0.462488
4 0.641801 0.762671 0.444489 0.457981
3 0.456451 0.239527 0.70797 0.479053
1 0.553519 0.353047 0.173451 0.629743
3 0.441802 0.0458205 0.878302 0.0916409
0 0.545425 0.764494 0.383185 0.465276
0 0.281953 0.0792339 0.563907 0.158468
4 0.638015 0.0605794 0.72397 0.121159
3 0.281953 0.0792339 0.563907 0.158468
3 0.0302201 0.782926 0.0604401 0.434148
3 0.638015 0.0605794 0.72397 0.121159
4 0.137388 0.523701 0.274777 0.952597
0 0.513134 0.118176 0.906123 0.236352
4 0.615412 0.0366993 0.769175 0.0733986
4 0.580275 0.500954 0.83945 0.998092
3 0.451155 0.765407 0.503526 0.456879
4 0.173 0.8228 0.330476 0.3544
4 0.70945 0.310033 0.5811 0.618333
4 0.437172 0.380013 0.401722 0.760026
3 0.0386745 0.737076 0.077349 0.525847
4 0.176282 0.684118 0.35153 0.333023
0 0.559037 0.748904 0.367561 0.502193
4 0.559037 0.748904 0.367561 0.502193
0 0.736891 0.685837 0.440501 0.437955
0 0.529798 0.347414 0.922937 0.694829
4 0.623243 0.757299 0.327312 0.485403
0 0.0302201 0.782926 0.0604401 0.434148
3 0.24817 0.779749 0.481964 0.428944
4 0.52164 0.609728 0.101092 0.179025
0 0.344207 0.639216 0.473011 0.695445
4 0.373997 0.768609 0.627521 0.44645
0 0.470441 0.24939 0.727572 0.498781
4 0.513134 0.118176 0.906123 0.236352
3 0.0931996 0.765808 0.186067 0.462488
4 0.421047 0.421033 0.727045 0.842066
3 0.0259537 0.509116 0.0519073 0.87856
3 0.629135 0.54563 0.0927816 0.121548
4 0.792123 0.3015 0.415753 0.588657
4 0.580961 0.61303 0.233899 0.181786
4 0.758998 0.0857147 0.482005 0.171429
4 0.441802 0.0458205 0.878302 0.0916409
4 0.0302201 0.782926 0.0604401 0.434148
4 0.636841 0.156939 0.726317 0.313878
4 0.0682556 0.781042 0.136256 0.429772
3 0.678661 0.756105 0.398562 0.470634
4 0.738931 0.504947 0.522138 0.990106
3 0.636841 0.156939 0.726317 0.313878
4 0.553519 0.353047 0.173451 0.629743
0 0.135846 0.815403 0.268542 0.369194
3 0.615412 0.0366993 0.769175 0.0733986
4 0.364564 0.309907 0.670775 0.619814
4 0.447978 0.751311 0.492602 0.497378
0 0.623243 0.757299 0.327312 0.485403
3 0.177803 0.829633 0.348408 0.330198
3 0.23354 0.243518 0.46708 0.487036
0 0.929655 0.439645 0.140689 0.759874
4 0.521877 0.174955 0.863365 0.349909
0 0.636841 0.156939 0.726317 0.313878
0 0.0386745 0.737076 0.077349 0.525847
0 0.421047 0.421033 0.727045 0.842066
4 0.926092 0.641594 0.147815 0.703332
2 0.531398 0.754257 0.413504 0.464796
4 0.211535 0.155735 0.42307 0.31147
0 0.178596 0.49067 0.355812 0.962132
2 0.52164 0.609728 0.101092 0.179025
0 0.0296464 0.253533 0.0592929 0.507065
0 0.929241 0.315784 0.141518 0.536407
3 0.522471 0.214149 0.902168 0.428298
4 0.835681 0.512101 0.328639 0.97528
3 0.135858 0.480313 0.271716 0.919507
4 0.256315 0.293176 0.500401 0.582404
0 0.822809 0.267238 0.354382 0.534476
4 0.0257574 0.781123 0.0515149 0.437754
4 0.243645 0.79386 0.471617 0.412279
3 0.571919 0.558648 0.172215 0.159684
0 0.715322 0.768652 0.323024 0.462696
4 0.327746 0.496208 0.655493 0.991655
2 0.354985 0.723124 0.637156 0.548059
4 0.929241 0.315784 0.141518 0.536407
0 0.0167103 0.433075 0.0334206 0.865379
3 0.926092 0.641594 0.147815 0.703332
3 0.521986 0.559284 0.097779 0.179795
4 0.0193556 0.47328 0.0387112 0.899758
3 0.0682556 0.781042 0.136256 0.429772
0 0.0169318 0.273823 0.0338636 0.547646
0 0.400396 0.753555 0.557809 0.492891
3 0.0855919 0.241503 0.171184 0.456064
0 0.925846 0.776473 0.148307 0.447053
0 0.323092 0.254456 0.575657 0.505128
0 0.220318 0.817579 0.428996 0.353386
4 0.0386745 0.737076 0.077349 0.525847
4 0.0296464 0.253533 0.0592929 0.507065
4 0.16289 0.227899 0.32578 0.455798
4 0.29957 0.0511654 0.59914 0.102331
4 0.0185926 0.283854 0.0371852 0.567708
4 0.0855919 0.241503 0.171184 0.456064
1 0.220704 0.757262 0.438763 0.473987
4 0.571919 0.558648 0.172215 0.159684
1 0.585443 0.566651 0.181091 0.0990677
4 0.323092 0.254456 0.575657 0.505128
4 0.569219 0.56923 0.191795 0.103417
4 0.929655 0.439645 0.140689 0.759874
3 0.532305 0.605722 0.116572 0.169797
2 0.580961 0.61303 0.233899 0.181786
4 0.281953 0.0792339 0.563907 0.158468
4 0.0487847 0.674058 0.0975694 0.614332
4 0.822809 0.267238 0.354382 0.534476
4 0.60607 0.675054 0.267778 0.303787
1 0.177803 0.829633 0.348408 0.330198
3 0.323092 0.254456 0.575657 0.505128
3 0.513134 0.118176 0.906123 0.236352
0 0.196951 0.256023 0.388045 0.498377
2 0.413314 0.76615 0.589664 0.451624
1 0.403106 0.759374 0.604833 0.460542
4 0.220318 0.817579 0.428996 0.353386
3 0.531398 0.754257 0.413504 0.464796
0 0.721844 0.5 0.556313 1
3 0.60607 0.675054 0.267778 0.303787
1 0.180337 0.711861 0.359395 0.367467
2 0.715322 0.768652 0.323024 0.462696
2 0.135846 0.815403 0.268542 0.369194
4 0.629135 0.54563 0.0927816 0.121548
2 0.299148 0.5 0.585652 1
3 0.580961 0.61303 0.233899 0.181786
1 0.199393 0.294022 0.393912 0.581202
2 0.571919 0.558648 0.172215 0.159684
0 0.926092 0.641594 0.147815 0.703332
2 0.920822 0.512675 0.158356 0.874541
2 0.647714 0.322293 0.704573 0.644586
1 0.60607 0.675054 0.267778 0.303787
1 0.132045 0.798936 0.262013 0.39602
1 0.217586 0.446543 0.431073 0.893086
2 0.217586 0.446543 0.431073 0.893086
2 0.220704 0.757262 0.438763 0.473987
0 0.243645 0.79386 0.471617 0.412279
2 0.835731 0.509543 0.328538 0.945807
0 0.0855919 0.241503 0.171184 0.456064
3 0.585443 0.566651 0.181091 0.0990677
1 0.491934 0.763801 0.444443 0.461849
1 0.318401 0.719873 0.575225 0.53563
2 0.091883 0.771223 0.183766 0.457554
1 0.64564 0.300942 0.70872 0.601814
1 0.0682556 0.781042 0.136256 0.429772
2 0.641801 0.762671 0.444489 0.457981
2 0.52213 0.557624 0.0997841 0.188416
2 0.636841 0.156939 0.726317 0.313878
1 0.626904 0.161706 0.746192 0.323412
1 0.52213 0.557624 0.0997841 0.188416
2 0.623243 0.757299 0.327312 0.485403
2 0.16289 0.227899 0.32578 0.455798
2 0.559037 0.748904 0.367561 0.502193
2 0.616922 0.495017 0.766156 0.990034
2 0.281529 0.674882 0.560444 0.426871
0 0.552039 0.5 0.894195 1
2 0.585443 0.566651 0.181091 0.0990677
1 0.605798 0.765458 0.339014 0.465298
2 0.437172 0.380013 0.401722 0.760026
2 0.3708 0.755235 0.548684 0.489531
2 0.574626 0.405983 0.22189 0.700567
2 0.758998 0.0857147 0.482005 0.171429
2 0.0264084 0.764017 0.0528168 0.471965
2 0.45865 0.246523 0.917301 0.493047
2 0.926092 0.641594 0.147815 0.703332
2 0.0682556 0.781042 0.136256 0.429772
1 0.350173 0.255809 0.664298 0.511619
2 0.748753 0.768037 0.49237 0.461383
2 0.23354 0.243518 0.46708 0.487036
2 0.20962 0.818406 0.402488 0.363187
1 0.1645 0.241687 0.327528 0.459338
2 0.914484 0.297169 0.171032 0.594338
2 0.76423 0.689288 0.453012 0.340028
2 0.0302201 0.782926 0.0604401 0.434148
1 0.76423 0.689288 0.453012 0.340028
1 0.437172 0.380013 0.401722 0.760026
2 0.502945 0.384046 0.817974 0.768093
2 0.792123 0.3015 0.415753 0.588657
1 0.587412 0.223408 0.825177 0.446816
2 0.456451 0.239527 0.70797 0.479053
2 0.177803 0.829633 0.348408 0.330198
1 0.678661 0.756105 0.398562 0.470634
1 0.0257574 0.781123 0.0515149 0.437754
2 0.0169318 0.273823 0.0338636 0.547646
1 0.580961 0.61303 0.233899 0.181786
2 0.513134 0.118176 0.906123 0.236352
1 0.0855919 0.241503 0.171184 0.456064
2 0.323092 0.254456 0.575657 0.505128
1 0.914484 0.297169 0.171032 0.594338
0 0.836791 0.756287 0.326417 0.477167
0 0.520301 0.58265 0.0941515 0.131829
0 0.630735 0.553706 0.0873812 0.0802837
1 0.836791 0.756287 0.326417 0.477167
0 0.820245 0.698032 0.34863 0.338879
0 0.585505 0.566597 0.180961 0.0989377
0 0.522135 0.557693 0.099757 0.188316
0 0.521649 0.609682 0.101067 0.179061
1 0.520301 0.58265 0.0941515 0.131829
0 0.605984 0.674445 0.267856 0.302662
4 0.834412 0.764632 0.331177 0.458307
0 0.580849 0.613023 0.233847 0.18185
0 0.281226 0.674589 0.55984 0.42731
0 0.18037 0.711325 0.359462 0.366384
0 0.355023 0.723135 0.636802 0.548157
0 0.260815 0.739212 0.511835 0.438977
0 0.375532 0.729044 0.402946 0.456509
2 0.837588 0.764812 0.324823 0.464028
0 0.571931 0.558655 0.172301 0.159573
0 0.55355 0.352752 0.173623 0.630373
0 0.519301 0.0272102 0.961399 0.0544204
0 0.629239 0.545639 0.0925922 0.121442
4 0.925794 0.776487 0.148413 0.447027
0 0.437381 0.380264 0.402634 0.760528
2 0.520301 0.58265 0.0941515 0.131829
0 0.382274 0.0440467 0.764548 0.0880934
0 0.736586 0.759848 0.526827 0.452354
0 0.135596 0.759661 0.271191 0.473108
3 0.600104 0.386289 0.25148 0.757909
0 0.450586 0.755008 0.515083 0.465369
3 0.54978 0.439235 0.882607 0.878471
3 0.848114 0.771156 0.303771 0.450109
0 0.294775 0.469177 0.583817 0.938354
3 0.925794 0.776487 0.148413 0.447027
4 0.520301 0.58265 0.0941515 0.131829
3 0.204478 0.44635 0.404955 0.881085
0 0.211395 0.154916 0.422789 0.309833
4 0.314246 0.71387 0.618702 0.521439
4 0.546634 0.756774 0.459702 0.470549
0 0.647141 0.0805025 0.705717 0.161005
4 0.736586 0.759848 0.526827 0.452354
4 0.135596 0.759661 0.271191 0.473108
3 0.814927 0.765725 0.362293 0.46855
3 0.1764 0.68411 0.351756 0.332941
3 0.211395 0.154916 0.422789 0.309833
3 0.421628 0.421082 0.727208 0.842163
3 0.820447 0.31311 0.359105 0.615027
3 0.929294 0.315847 0.141412 0.536425
3 0.136034 0.815637 0.268931 0.368727
1 0.532194 0.605689 0.116347 0.169808
3 0.400484 0.753679 0.558608 0.492642
0 0.615028 0.0366679 0.769943 0.0733358
3 0.68292 0.0896795 0.634161 0.179359
3 0.375532 0.729044 0.402946 0.456509
3 0.741992 0.300547 0.516016 0.601094
3 0.715277 0.768552 0.324625 0.462896
3 0.622593 0.757313 0.329501 0.485373
0 0.0682154 0.781347 0.13617 0.429191
3 0.929742 0.440097 0.140517 0.760925
3 0.0171111 0.273434 0.0342222 0.546869
3 0.209982 0.818323 0.403307 0.363355
3 0.318385 0.719869 0.575155 0.535676
3 0.276927 0.763892 0.506426 0.472216
3 0.199413 0.294069 0.393956 0.581184
3 0.170358 0.757993 0.338931 0.47461
0 0.364788 0.309392 0.670586 0.618783
3 0.55355 0.352752 0.173623 0.630373
0 0.511808 0.22042 0.925496 0.440841
4 0.528446 0.0272132 0.937257 0.0544264
0 0.57456 0.405342 0.222123 0.700835
3 0.29909 0.5 0.585485 1
4 0.121706 0.68496 0.243413 0.323866
3 0.299544 0.051054 0.599087 0.102108
3 0.512992 0.750505 0.394297 0.498989
4 0.407739 0.741091 0.45746 0.517819
0 0.835795 0.508595 0.32841 0.948016
0 0.75909 0.085636 0.481819 0.171272
0 0.256333 0.293218 0.5004 0.582407
3 0.593602 0.29896 0.812795 0.596311
4 0.265398 0.670408 0.523818 0.395351
3 0.0298616 0.253032 0.0597233 0.506063
4 0.57456 0.405342 0.222123 0.700835
3 0.164416 0.241045 0.327349 0.457972
3 0.0493257 0.674444 0.0986514 0.612985
3 0.748293 0.768102 0.493551 0.461439
3 0.34434 0.639662 0.472767 0.694806
3 0.511361 0.026153 0.954412 0.0523059
3 0.437381 0.380264 0.402634 0.760528
2 0.407739 0.741091 0.45746 0.517819
3 0.0168544 0.433704 0.0337087 0.866438
0 0.708399 0.30331 0.583203 0.600224
3 0.238007 0.69429 0.472719 0.376354
4 0.526816 0.258604 0.907862 0.516183
3 0.739383 0.505003 0.521233 0.989995
4 0.258126 0.432561 0.510977 0.865121
3 0.605765 0.765459 0.340476 0.465299
0 0.792798 0.30165 0.414405 0.588704
3 0.0266463 0.764071 0.0532926 0.471859
0 0.121706 0.68496 0.243413 0.323866
3 0.364788 0.309392 0.670586 0.618783
0 0.0260971 0.508988 0.0521942 0.878608
0 0.0259788 0.78115 0.0519576 0.4377
4 0.335039 0.758671 0.516267 0.482657
3 0.835771 0.512277 0.328458 0.975447
4 0.715277 0.768552 0.324625 0.462896
4 0.57643 0.33974 0.846976 0.678433
1 0.837179 0.524688 0.325641 0.939057
0 0.0931681 0.765835 0.186001 0.462535
4 0.522135 0.557693 0.099757 0.188316
4 0.236498 0.738976 0.471189 0.435429
3 0.121706 0.68496 0.243413 0.323866
4 0.0931681 0.765835 0.186001 0.462535
4 0.641864 0.762737 0.445651 0.457951
3 0.441601 0.0461693 0.878155 0.0923386
3 0.456347 0.239212 0.705851 0.478423
1 0.55355 0.352752 0.173623 0.630373
0 0.641864 0.762737 0.445651 0.457951
4 0.637563 0.0606209 0.724873 0.121242
0 0.0493257 0.674444 0.0986514 0.612985
3 0.281843 0.0788951 0.563685 0.15779
3 0.0303823 0.782833 0.0607647 0.434334
3 0.637563 0.0606209 0.724873 0.121242
0 0.545073 0.7645 0.384553 0.465201
4 0.137607 0.523857 0.275214 0.952286
0 0.281843 0.0788951 0.563685 0.15779
4 0.615028 0.0366679 0.769943 0.0733358
4 0.579707 0.500995 0.840586 0.998009
3 0.45128 0.765486 0.50348 0.45681
4 0.173245 0.822859 0.331087 0.354282
0 0.513309 0.116365 0.904812 0.23273
4 0.437381 0.380264 0.402634 0.760528
4 0.708903 0.310362 0.582194 0.618872
3 0.0391458 0.737223 0.0782917 0.525555
4 0.558218 0.749054 0.36972 0.501891
4 0.1764 0.68411 0.351756 0.332941
4 0.622593 0.757313 0.329501 0.485373
4 0.374082 0.768686 0.627236 0.446416
4 0.521649 0.609682 0.101067 0.179061
0 0.529648 0.346242 0.922569 0.692484
0 0.558218 0.749054 0.36972 0.501891
4 0.421628 0.421082 0.727208 0.842163
3 0.0931681 0.765835 0.186001 0.462535
0 0.736407 0.684801 0.437272 0.435239
3 0.0260971 0.508988 0.0521942 0.878608
4 0.513309 0.116365 0.904812 0.23273
3 0.2484 0.779599 0.4823 0.429325
3 0.629239 0.545639 0.0925922 0.121442
4 0.441601 0.0461693 0.878155 0.0923386
4 0.580849 0.613023 0.233847 0.18185
4 0.75909 0.085636 0.481819 0.171272
4 0.792798 0.30165 0.414405 0.588704
4 0.0303823 0.782833 0.0607647 0.434334
0 0.0303823 0.782833 0.0607647 0.434334
4 0.0682154 0.781347 0.13617 0.429191
0 0.470616 0.249326 0.726416 0.498653
4 0.635802 0.157013 0.728396 0.314026
0 0.34434 0.639662 0.472767 0.694806
4 0.739383 0.505003 0.521233 0.989995
4 0.55355 0.352752 0.173623 0.630373
3 0.635802 0.157013 0.728396 0.314026
3 0.615028 0.0366679 0.769943 0.0733358
4 0.364788 0.309392 0.670586 0.618783
4 0.448043 0.751491 0.49328 0.497018
3 0.233975 0.242995 0.467951 0.485989
3 0.178197 0.829749 0.34923 0.330002
4 0.521864 0.172294 0.861615 0.344588
0 0.136034 0.815637 0.268931 0.368727
0 0.622593 0.757313 0.329501 0.485373
4 0.925956 0.64167 0.148088 0.703487
0 0.929742 0.440097 0.140517 0.760925
2 0.531146 0.754379 0.4147 0.464951
4 0.211395 0.154916 0.422789 0.309833
0 0.635802 0.157013 0.728396 0.314026
2 0.521649 0.609682 0.101067 0.179061
0 0.0391458 0.737223 0.0782917 0.525555
0 0.421628 0.421082 0.727208 0.842163
0 0.178632 0.489191 0.355876 0.958849
3 0.522229 0.213007 0.901074 0.426014
3 0.136479 0.48064 0.272957 0.919874
4 0.256333 0.293218 0.5004 0.582407
4 0.835771 0.512277 0.328458 0.975447
4 0.0259788 0.78115 0.0519576 0.4377
4 0.243956 0.793777 0.47215 0.412446
3 0.571931 0.558655 0.172301 0.159573
4 0.328052 0.496231 0.656103 0.99155
0 0.0298616 0.253032 0.0597233 0.506063
2 0.355023 0.723135 0.636802 0.548157
0 0.929294 0.315847 0.141412 0.536425
4 0.929294 0.315847 0.141412 0.536425
3 0.925956 0.64167 0.148088 0.703487
3 0.521989 0.559345 0.0977816 0.179697
4 0.0194881 0.473527 0.0389762 0.899777
0 0.823149 0.266935 0.353703 0.533871
0 0.715277 0.768552 0.324625 0.462896
0 0.0168544 0.433704 0.0337087 0.866438
3 0.0682154 0.781347 0.13617 0.429191
3 0.085859 0.240933 0.171718 0.45493
0 0.0171111 0.273434 0.0342222 0.546869
0 0.400484 0.753679 0.558608 0.492642
4 0.0391458 0.737223 0.0782917 0.525555
4 0.162966 0.227438 0.325933 0.454877
4 0.0298616 0.253032 0.0597233 0.506063
0 0.925794 0.776487 0.148413 0.447027
0 0.323087 0.254002 0.575274 0.504117
4 0.299544 0.051054 0.599087 0.102108
4 0.0188051 0.283932 0.0376102 0.567864
4 0.085859 0.240933 0.171718 0.45493
1 0.585505 0.566597 0.180961 0.0989377
1 0.220756 0.757328 0.438857 0.473938
0 0.220762 0.817535 0.429879 0.353512
4 0.571931 0.558655 0.172301 0.159573
4 0.323087 0.254002 0.575274 0.504117
4 0.929742 0.440097 0.140517 0.760925
3 0.532194 0.605689 0.116347 0.169808
4 0.569227 0.569208 0.191806 0.103385
2 0.580849 0.613023 0.233847 0.18185
4 0.281843 0.0788951 0.563685 0.15779
4 0.605984 0.674445 0.267856 0.302662
4 0.823149 0.266935 0.353703 0.533871
4 0.0493257 0.674444 0.0986514 0.612985
1 0.178197 0.829749 0.34923 0.330002
3 0.323087 0.254002 0.575274 0.504117
3 0.513309 0.116365 0.904812 0.23273
2 0.413451 0.766218 0.589409 0.451597
1 0.403196 0.75942 0.604639 0.460495
4 0.220762 0.817535 0.429879 0.353512
0 0.196938 0.255142 0.388013 0.496528
3 0.531146 0.754379 0.4147 0.464951
3 0.605984 0.674445 0.267856 0.302662
0 0.72345 0.5 0.553101 1
1 0.18037 0.711325 0.359462 0.366384
2 0.715277 0.768552 0.324625 0.462896
2 0.136034 0.815637 0.268931 0.368727
4 0.629239 0.545639 0.0925922 0.121442
2 0.29909 0.5 0.585485 1
3 0.580849 0.613023 0.233847 0.18185
1 0.199413 0.294069 0.393956 0.581184
2 0.571931 0.558655 0.172301 0.159573
2 0.920835 0.512519 0.15833 0.875103
2 0.647324 0.322952 0.705352 0.645905
1 0.605984 0.674445 0.267856 0.302662
0 0.925956 0.64167 0.148088 0.703487
1 0.132193 0.799782 0.262306 0.394367
2 0.220756 0.757328 0.438857 0.473938
1 0.217853 0.446138 0.431595 0.892277
2 0.217853 0.446138 0.431595 0.892277
2 0.835795 0.508595 0.32841 0.948016
3 0.585505 0.566597 0.180961 0.0989377
1 0.491855 0.763849 0.444725 0.461779
1 0.318385 0.719869 0.575155 0.535676
0 0.243956 0.793777 0.47215 0.412446
2 0.0919832 0.771225 0.183966 0.457549
0 0.085859 0.240933 0.171718 0.45493
1 0.643887 0.301018 0.712226 0.60182
1 0.0682154 0.781347 0.13617 0.429191
2 0.641864 0.762737 0.445651 0.457951
2 0.522135 0.557693 0.099757 0.188316
2 0.635802 0.157013 0.728396 0.314026
1 0.625743 0.161317 0.748513 0.322635
1 0.522135 0.557693 0.099757 0.188316
2 0.622593 0.757313 0.329501 0.485373
2 0.162966 0.227438 0.325933 0.454877
2 0.558218 0.749054 0.36972 0.501891
2 0.281226 0.674589 0.55984 0.42731
2 0.617135 0.495038 0.76573 0.990077
2 0.585505 0.566597 0.180961 0.0989377
1 0.605765 0.765459 0.340476 0.465299
0 0.551891 0.5 0.894416 1
2 0.437381 0.380264 0.402634 0.760528
2 0.371075 0.755317 0.549976 0.489366
2 0.57456 0.405342 0.222123 0.700835
2 0.75909 0.085636 0.481819 0.171272
2 0.0266463 0.764071 0.0532926 0.471859
2 0.458547 0.24603 0.917093 0.492061
2 0.0682154 0.781347 0.13617 0.429191
2 0.925956 0.64167 0.148088 0.703487
1 0.350003 0.255466 0.663522 0.510932
2 0.748293 0.768102 0.493551 0.461439
2 0.233975 0.242995 0.467951 0.485989
2 0.209982 0.818323 0.403307 0.363355
1 0.164416 0.241045 0.327349 0.457972
1 0.238007 0.69429 0.472719 0.376354
2 0.914699 0.297152 0.170602 0.594304
2 0.0303823 0.782833 0.0607647 0.434334
2 0.764356 0.68833 0.452396 0.33802
1 0.764356 0.68833 0.452396 0.33802
1 0.437381 0.380264 0.402634 0.760528
2 0.792798 0.30165 0.414405 0.588704
2 0.502318 0.383969 0.817478 0.767938
2 0.456347 0.239212 0.705851 0.478423
1 0.586781 0.222558 0.826439 0.445117
2 0.178197 0.829749 0.34923 0.330002
1 0.67882 0.756148 0.399588 0.470622
1 0.0259788 0.78115 0.0519576 0.4377
2 0.0171111 0.273434 0.0342222 0.546869
2 0.513309 0.116365 0.904812 0.23273
1 0.580849 0.613023 0.233847 0.18185
1 0.085859 0.240933 0.171718 0.45493
2 0.323087 0.254002 0.575274 0.504117
1 0.914699 0.297152 0.170602 0.594304
