0 0.744101 0.796733 0.511798 0.392456
0 0.0859389 0.524909 0.0779232 0.0737623
0 0.633598 0.799248 0.449666 0.389171
0 0.0634779 0.522572 0.112675 0.0785143
0 0.117796 0.781622 0.235591 0.43012
0 0.963782 0.516867 0.0713074 0.0592798
0 0.989106 0.51468 0.0217878 0.0558428
0 0.0845423 0.460356 0.0875264 0.197352
0 0.418764 0.764408 0.483907 0.471184
0 0.0504493 0.556319 0.100899 0.179982
0 0.292949 0.533466 0.0443144 0.104664
0 0.872942 0.81294 0.254115 0.374121
0 0.832446 0.80361 0.335109 0.392779
3 0.123899 0.451145 0.239788 0.875436
0 0.925667 0.536388 0.0930428 0.104394
0 0.801266 0.735447 0.388932 0.508234
0 0.117563 0.53977 0.174139 0.112476
0 0.669764 0.75272 0.503401 0.494559
0 0.98895 0.578155 0.0220991 0.168776
0 0.154224 0.691064 0.174451 0.433294
0 0.244334 0.763171 0.478217 0.470408
0 0.560681 0.756172 0.629971 0.487656
3 0.809763 0.500351 0.370457 0.990324
4 0.741634 0.796615 0.516733 0.378439
0 0.0453938 0.730253 0.0907876 0.539495
3 0.736008 0.508112 0.243823 0.983777
0 0.931197 0.816907 0.137606 0.366186
0 0.100388 0.282705 0.200775 0.551475
3 0.804746 0.802744 0.390507 0.394513
3 0.244525 0.461797 0.179527 0.664904
3 0.925667 0.536388 0.0930428 0.104394
3 0.852183 0.390537 0.295633 0.762805
3 0.907601 0.804407 0.184798 0.391187
0 0.854811 0.696364 0.118813 0.437213
0 0.351044 0.686475 0.164466 0.486793
3 0.229765 0.345242 0.406132 0.670652
3 0.134817 0.775204 0.269635 0.449591
3 0.829254 0.489947 0.186627 0.850468
3 0.404853 0.307459 0.381042 0.596105
3 0.154224 0.691064 0.174451 0.433294
3 0.413085 0.750297 0.39259 0.490376
3 0.207167 0.477756 0.216327 0.783871
1 0.100077 0.741495 0.200154 0.492836
0 0.51049 0.746992 0.395933 0.506016
3 0.961221 0.632177 0.0775583 0.280657
0 0.34432 0.743851 0.343612 0.496237
3 0.963782 0.516867 0.0713074 0.0592798
3 0.361732 0.424625 0.200782 0.80399
3 0.807803 0.310758 0.37249 0.609697
3 0.9141 0.464779 0.127073 0.56474
3 0.685832 0.518956 0.184815 0.962088
3 0.20884 0.645373 0.205991 0.332836
0 0.20884 0.645373 0.205991 0.332836
3 0.872942 0.81294 0.254115 0.374121
0 0.0972364 0.731556 0.194473 0.53245
3 0.097027 0.361619 0.194054 0.708343
3 0.573296 0.773085 0.344701 0.45383
0 0.804746 0.802744 0.390507 0.394513
3 0.234287 0.403239 0.294674 0.806479
3 0.433593 0.415169 0.28136 0.803178
3 0.358593 0.691654 0.198202 0.59401
3 0.718663 0.606377 0.205417 0.729775
3 0.662133 0.785923 0.493902 0.428155
0 0.959698 0.302927 0.0806036 0.588776
3 0.576806 0.312079 0.106008 0.541776
3 0.486813 0.306301 0.263877 0.570401
3 0.356673 0.33374 0.263999 0.656375
3 0.187951 0.39111 0.259714 0.782219
3 0.854811 0.696364 0.118813 0.437213
3 0.815328 0.74173 0.369344 0.516541
3 0.548746 0.50886 0.218752 0.910952
3 0.704775 0.398834 0.202943 0.749502
3 0.51049 0.746992 0.395933 0.506016
3 0.673289 0.615955 0.192869 0.735862
3 0.257184 0.195 0.514368 0.39
3 0.170109 0.528061 0.120141 0.319153
4 0.0859389 0.524909 0.0779232 0.0737623
0 0.0689596 0.739268 0.137919 0.490964
0 0.612393 0.671225 0.358223 0.65755
0 0.697774 0.715672 0.274531 0.543625
3 0.322811 0.369475 0.256064 0.738949
3 0.499283 0.449129 0.224477 0.822663
0 0.524092 0.779677 0.281211 0.423497
3 0.292993 0.460644 0.0461129 0.2205
3 0.0859389 0.524909 0.0779232 0.0737623
0 0.907601 0.804407 0.184798 0.391187
3 0.327479 0.20485 0.558312 0.407068
3 0.155153 0.741734 0.310307 0.499134
3 0.449719 0.693918 0.272139 0.608285
3 0.64786 0.321746 0.155812 0.592822
3 0.609486 0.748374 0.43102 0.503252
3 0.961393 0.456098 0.0751854 0.245225
3 0.232366 0.770979 0.449071 0.458042
3 0.105968 0.206442 0.211937 0.412885
3 0.591188 0.11234 0.817623 0.224681
3 0.745427 0.319659 0.285093 0.611192
0 0.958616 0.738368 0.0827675 0.523264
3 0.288161 0.133862 0.576322 0.267725
3 0.937743 0.820656 0.124514 0.358688
3 0.959698 0.302927 0.0806036 0.588776
3 0.362903 0.523555 0.173587 0.381752
3 0.368936 0.771767 0.401259 0.456466
3 0.312712 0.0582201 0.625423 0.11644
3 0.832446 0.80361 0.335109 0.392779
3 0.698698 0.74762 0.551452 0.504759
0 0.063576 0.458219 0.114752 0.207547
3 0.292949 0.533466 0.0443144 0.104664
3 0.780779 0.0970286 0.438441 0.194057
3 0.646466 0.521283 0.18578 0.957434
0 0.961221 0.632177 0.0775583 0.280657
3 0.512998 0.687445 0.214599 0.62511
3 0.85722 0.252016 0.28556 0.504031
3 0.470595 0.306434 0.429081 0.612869
4 0.662133 0.785923 0.493902 0.428155
3 0.544509 0.307316 0.172556 0.51706
3 0.805051 0.199571 0.389898 0.399142
4 0.989106 0.51468 0.0217878 0.0558428
3 0.100539 0.244401 0.201077 0.480729
3 0.0504493 0.556319 0.100899 0.179982
0 0.813898 0.0942293 0.372204 0.188459
3 0.217325 0.529898 0.182888 0.348564
4 0.0845423 0.460356 0.0875264 0.197352
0 0.269545 0.74898 0.329121 0.488091
3 0.334182 0.09108 0.624162 0.18216
4 0.573296 0.773085 0.344701 0.45383
3 0.587485 0.666962 0.335919 0.666075
4 0.218732 0.76667 0.424694 0.453476
3 0.632186 0.0764279 0.735628 0.152856
0 0.938284 0.256907 0.123431 0.50214
3 0.0845423 0.460356 0.0875264 0.197352
0 0.937743 0.820656 0.124514 0.358688
0 0.449719 0.693918 0.272139 0.608285
0 0.502111 0.687047 0.203149 0.625905
3 0.811516 0.15894 0.376967 0.317881
3 0.504362 0.605355 0.193202 0.577338
3 0.764363 0.704977 0.198707 0.476577
0 0.764363 0.704977 0.198707 0.476577
0 0.591188 0.11234 0.817623 0.224681
4 0.133479 0.749738 0.266958 0.497592
0 0.81393 0.270336 0.37214 0.534033
3 0.457013 0.534233 0.191031 0.384825
3 0.187498 0.240829 0.374997 0.481658
4 0.063576 0.458219 0.114752 0.207547
0 0.155153 0.741734 0.310307 0.499134
4 0.804746 0.802744 0.390507 0.394513
0 0.632186 0.0764279 0.735628 0.152856
3 0.626339 0.316452 0.576647 0.632905
3 0.977697 0.442879 0.0446054 0.201617
3 0.0972364 0.731556 0.194473 0.53245
3 0.813898 0.0942293 0.372204 0.188459
4 0.907601 0.804407 0.184798 0.391187
3 0.931197 0.816907 0.137606 0.366186
4 0.417554 0.770053 0.492554 0.443761
4 0.615897 0.792337 0.409699 0.391218
3 0.98895 0.578155 0.0220991 0.168776
0 0.100016 0.452168 0.200033 0.890461
3 0.117563 0.53977 0.174139 0.112476
3 0.989106 0.51468 0.0217878 0.0558428
3 0.519044 0.782863 0.298172 0.420557
3 0.0453938 0.730253 0.0907876 0.539495
3 0.697774 0.715672 0.274531 0.543625
0 0.85722 0.252016 0.28556 0.504031
3 0.703988 0.190692 0.507576 0.381385
4 0.958616 0.738368 0.0827675 0.523264
4 0.937743 0.820656 0.124514 0.358688
3 0.351044 0.686475 0.164466 0.486793
4 0.100848 0.771285 0.201697 0.45743
3 0.958616 0.738368 0.0827675 0.523264
3 0.498973 0.524555 0.181677 0.365477
4 0.852183 0.390537 0.295633 0.762805
0 0.358593 0.691654 0.198202 0.59401
3 0.0631163 0.40078 0.126233 0.773975
4 0.963782 0.516867 0.0713074 0.0592798
4 0.872942 0.81294 0.254115 0.374121
3 0.34432 0.743851 0.343612 0.496237
0 0.780779 0.0970286 0.438441 0.194057
3 0.269545 0.74898 0.329121 0.488091
0 0.105968 0.206442 0.211937 0.412885
3 0.938284 0.256907 0.123431 0.50214
0 0.805051 0.199571 0.389898 0.399142
3 0.73722 0.804171 0.524734 0.386888
4 0.0634779 0.522572 0.112675 0.0785143
0 0.323456 0.0729032 0.646912 0.145806
4 0.309771 0.773596 0.522159 0.434616
4 0.815328 0.74173 0.369344 0.516541
4 0.98895 0.578155 0.0220991 0.168776
0 0.0423175 0.448931 0.084635 0.32994
4 0.977697 0.442879 0.0446054 0.201617
4 0.929178 0.768946 0.141644 0.462109
4 0.097027 0.361619 0.194054 0.708343
1 0.638808 0.80148 0.446928 0.376639
3 0.197419 0.779889 0.391777 0.431482
4 0.832446 0.80361 0.335109 0.392779
3 0.11876 0.510817 0.14743 0.285529
0 0.21256 0.223233 0.425119 0.446467
4 0.368936 0.771767 0.401259 0.456466
1 0.872942 0.81294 0.254115 0.374121
0 0.334182 0.09108 0.624162 0.18216
4 0.507551 0.765657 0.394724 0.448119
3 0.0423175 0.448931 0.084635 0.32994
3 0.294461 0.770326 0.539137 0.4503
3 0.560681 0.756172 0.629971 0.487656
0 0.977697 0.442879 0.0446054 0.201617
4 0.519044 0.782863 0.298172 0.420557
3 0.100848 0.771285 0.201697 0.45743
0 0.100848 0.771285 0.201697 0.45743
3 0.0634779 0.522572 0.112675 0.0785143
4 0.959698 0.302927 0.0806036 0.588776
3 0.21256 0.223233 0.425119 0.446467
1 0.12257 0.784432 0.245139 0.423093
4 0.961393 0.456098 0.0751854 0.245225
1 0.0859389 0.524909 0.0779232 0.0737623
0 0.292993 0.460644 0.0461129 0.2205
4 0.83638 0.280686 0.327241 0.561372
0 0.811516 0.15894 0.376967 0.317881
3 0.117269 0.227225 0.234538 0.454451
0 0.852183 0.390537 0.295633 0.762805
0 0.0631163 0.40078 0.126233 0.773975
4 0.780779 0.0970286 0.438441 0.194057
4 0.925667 0.536388 0.0930428 0.104394
2 0.120345 0.762781 0.240689 0.466205
4 0.854811 0.696364 0.118813 0.437213
4 0.292949 0.533466 0.0443144 0.104664
0 0.368511 0.247499 0.511462 0.489926
2 0.0453938 0.730253 0.0907876 0.539495
0 0.126766 0.330036 0.249809 0.642361
2 0.0859389 0.524909 0.0779232 0.0737623
0 0.498973 0.524555 0.181677 0.365477
4 0.117563 0.53977 0.174139 0.112476
4 0.123899 0.451145 0.239788 0.875436
0 0.518822 0.771879 0.335548 0.456242
4 0.698698 0.74762 0.551452 0.504759
4 0.813898 0.0942293 0.372204 0.188459
4 0.0689596 0.739268 0.137919 0.490964
1 0.0845423 0.460356 0.0875264 0.197352
0 0.187498 0.240829 0.374997 0.481658
4 0.85722 0.252016 0.28556 0.504031
3 0.063576 0.458219 0.114752 0.207547
4 0.327479 0.20485 0.558312 0.407068
4 0.632186 0.0764279 0.735628 0.152856
0 0.961393 0.456098 0.0751854 0.245225
0 0.718663 0.606377 0.205417 0.729775
4 0.591188 0.11234 0.817623 0.224681
4 0.938284 0.256907 0.123431 0.50214
4 0.685832 0.518956 0.184815 0.962088
4 0.257184 0.195 0.514368 0.39
2 0.0845423 0.460356 0.0875264 0.197352
1 0.832446 0.80361 0.335109 0.392779
4 0.292993 0.460644 0.0461129 0.2205
2 0.801266 0.735447 0.388932 0.508234
4 0.0453938 0.730253 0.0907876 0.539495
0 0.283249 0.211837 0.566499 0.423673
4 0.105968 0.206442 0.211937 0.412885
4 0.673289 0.615955 0.192869 0.735862
4 0.100352 0.221704 0.200705 0.443408
4 0.560681 0.756172 0.629971 0.487656
2 0.669764 0.75272 0.503401 0.494559
1 0.0689596 0.739268 0.137919 0.490964
4 0.0631163 0.40078 0.126233 0.773975
3 0.0689596 0.739268 0.137919 0.490964
0 0.576806 0.312079 0.106008 0.541776
4 0.334182 0.09108 0.624162 0.18216
4 0.34432 0.743851 0.343612 0.496237
4 0.244525 0.461797 0.179527 0.664904
0 0.470595 0.306434 0.429081 0.612869
2 0.269545 0.74898 0.329121 0.488091
0 0.170109 0.528061 0.120141 0.319153
4 0.0423175 0.448931 0.084635 0.32994
4 0.623605 0.707552 0.327624 0.584897
4 0.764363 0.704977 0.198707 0.476577
4 0.811516 0.15894 0.376967 0.317881
2 0.154224 0.691064 0.174451 0.433294
4 0.703988 0.190692 0.507576 0.381385
4 0.117269 0.227225 0.234538 0.454451
4 0.736008 0.508112 0.243823 0.983777
4 0.788785 0.417572 0.344522 0.819772
4 0.304522 0.0606322 0.609045 0.121264
2 0.0972364 0.731556 0.194473 0.53245
4 0.0504493 0.556319 0.100899 0.179982
0 0.673289 0.615955 0.192869 0.735862
4 0.805051 0.199571 0.389898 0.399142
2 0.217325 0.529898 0.182888 0.348564
4 0.704775 0.398834 0.202943 0.749502
4 0.961221 0.632177 0.0775583 0.280657
2 0.34432 0.743851 0.343612 0.496237
1 0.744101 0.796733 0.511798 0.392456
0 0.745427 0.319659 0.285093 0.611192
4 0.457013 0.534233 0.191031 0.384825
4 0.643335 0.356424 0.166962 0.65049
4 0.646466 0.521283 0.18578 0.957434
0 0.344427 0.529471 0.135563 0.387552
2 0.292949 0.533466 0.0443144 0.104664
4 0.449719 0.693918 0.272139 0.608285
2 0.117563 0.53977 0.174139 0.112476
4 0.697774 0.715672 0.274531 0.543625
4 0.718663 0.606377 0.205417 0.729775
2 0.498973 0.524555 0.181677 0.365477
4 0.470595 0.306434 0.429081 0.612869
4 0.21256 0.223233 0.425119 0.446467
4 0.626339 0.316452 0.576647 0.632905
0 0.744052 0.796777 0.511896 0.392364
0 0.0860775 0.524931 0.0776787 0.0737841
0 0.633603 0.799238 0.449656 0.389206
0 0.0634683 0.522576 0.112612 0.0784984
0 0.117861 0.781724 0.235722 0.429954
0 0.963785 0.516825 0.0712568 0.0591487
0 0.989118 0.514629 0.0217642 0.0556716
0 0.0847446 0.460419 0.0871686 0.197299
0 0.418879 0.764385 0.483878 0.471229
0 0.293124 0.532936 0.0439074 0.103378
0 0.0503596 0.555603 0.100719 0.178298
0 0.873042 0.812993 0.253916 0.374015
0 0.832419 0.803623 0.335163 0.392753
3 0.12377 0.450453 0.239246 0.873557
0 0.925552 0.535088 0.0923611 0.101731
0 0.117845 0.539239 0.173443 0.111348
0 0.801943 0.735391 0.387294 0.508238
0 0.669889 0.752656 0.503718 0.494688
0 0.988916 0.577773 0.0221672 0.168031
0 0.154798 0.689706 0.171529 0.430236
0 0.244768 0.763142 0.479029 0.470491
0 0.560768 0.756174 0.63 0.487653
3 0.809898 0.499818 0.369903 0.989142
4 0.741586 0.796597 0.516828 0.378436
3 0.735695 0.508108 0.243245 0.983785
0 0.0453593 0.730368 0.0907185 0.539264
0 0.100372 0.28215 0.200744 0.550514
0 0.931151 0.816999 0.137698 0.366002
3 0.804848 0.802736 0.390305 0.394528
3 0.244589 0.46118 0.178995 0.656257
3 0.925552 0.535088 0.0923611 0.101731
3 0.851905 0.390173 0.29619 0.762178
3 0.90759 0.804473 0.18482 0.391054
0 0.854895 0.69542 0.1179 0.435266
3 0.229707 0.345029 0.405303 0.6702
3 0.134887 0.775279 0.269773 0.449442
0 0.351005 0.684946 0.164216 0.482986
3 0.830416 0.491534 0.18253 0.841602
3 0.154798 0.689706 0.171529 0.430236
3 0.405062 0.307442 0.38051 0.59605
3 0.413182 0.750244 0.392357 0.490486
3 0.207127 0.47781 0.216249 0.780186
1 0.0999763 0.741436 0.199953 0.492846
3 0.961287 0.630246 0.077425 0.276781
3 0.80772 0.310918 0.372359 0.609937
3 0.914131 0.466906 0.125893 0.554111
3 0.963785 0.516825 0.0712568 0.0591487
3 0.361705 0.423683 0.200218 0.801028
3 0.685678 0.518937 0.184532 0.962126
0 0.344545 0.743871 0.343249 0.496158
0 0.510567 0.746922 0.395828 0.506157
3 0.209179 0.641814 0.20521 0.325464
3 0.873042 0.812993 0.253916 0.374015
3 0.0969939 0.361167 0.193988 0.7075
3 0.573038 0.773017 0.344019 0.453965
3 0.234032 0.402552 0.294581 0.805105
0 0.209179 0.641814 0.20521 0.325464
3 0.433705 0.414269 0.280492 0.800866
3 0.358589 0.691623 0.197757 0.593094
3 0.718363 0.608873 0.204342 0.722634
3 0.662352 0.785948 0.494351 0.428105
0 0.0972292 0.73163 0.194458 0.5324
3 0.577334 0.312124 0.104714 0.541681
3 0.487035 0.306321 0.263381 0.570339
0 0.804848 0.802736 0.390305 0.394528
3 0.356566 0.333663 0.26296 0.656136
3 0.815048 0.741796 0.369905 0.516409
3 0.187848 0.390644 0.259682 0.781287
3 0.854895 0.69542 0.1179 0.435266
0 0.959915 0.303048 0.080171 0.588971
3 0.548963 0.508877 0.218113 0.910724
3 0.704696 0.39927 0.202549 0.750809
3 0.510567 0.746922 0.395828 0.506157
3 0.673187 0.617321 0.192227 0.731799
3 0.170196 0.525311 0.118722 0.31296
3 0.25687 0.195304 0.513741 0.390608
4 0.0860775 0.524931 0.0776787 0.0737841
3 0.322833 0.369099 0.255712 0.738198
3 0.499409 0.44932 0.224118 0.822478
3 0.293233 0.460603 0.045577 0.220124
3 0.0860775 0.524931 0.0776787 0.0737841
0 0.697677 0.715646 0.273034 0.542645
0 0.612328 0.672145 0.357051 0.65571
3 0.327684 0.205622 0.557959 0.408539
0 0.0689695 0.739391 0.137939 0.491247
0 0.523198 0.779577 0.2829 0.423773
3 0.154905 0.7417 0.309809 0.499179
0 0.90759 0.804473 0.18482 0.391054
3 0.648177 0.321729 0.154969 0.592807
3 0.44979 0.693984 0.271446 0.607608
3 0.609639 0.748307 0.431148 0.503387
3 0.23293 0.771133 0.450297 0.457734
3 0.105501 0.206651 0.211002 0.413301
3 0.961432 0.456776 0.0750111 0.241453
3 0.591413 0.114664 0.817173 0.229327
3 0.745301 0.319822 0.284439 0.611487
3 0.959915 0.303048 0.080171 0.588971
3 0.937664 0.820706 0.124673 0.358587
3 0.287434 0.137563 0.574867 0.275126
3 0.362895 0.522602 0.173426 0.379386
3 0.312607 0.058643 0.625214 0.117286
3 0.36946 0.771872 0.402813 0.456257
3 0.832419 0.803623 0.335163 0.392753
3 0.698694 0.747509 0.551328 0.504982
0 0.95833 0.738282 0.0833399 0.523435
3 0.781725 0.0985016 0.436551 0.197003
3 0.293124 0.532936 0.0439074 0.103378
3 0.646759 0.52129 0.185085 0.957421
3 0.512933 0.687583 0.214434 0.624834
3 0.859048 0.252147 0.281905 0.504295
3 0.470638 0.306435 0.426509 0.61287
4 0.662352 0.785948 0.494351 0.428105
3 0.545068 0.307394 0.171334 0.517029
3 0.805025 0.203668 0.38995 0.407336
4 0.989118 0.514629 0.0217642 0.0556716
0 0.0635789 0.458264 0.114704 0.207458
3 0.100473 0.244302 0.200945 0.480501
0 0.961287 0.630246 0.077425 0.276781
3 0.0503596 0.555603 0.100719 0.178298
3 0.217324 0.529051 0.182847 0.346379
4 0.0847446 0.460419 0.0871686 0.197299
3 0.333843 0.0913124 0.622911 0.182625
4 0.573038 0.773017 0.344019 0.453965
4 0.218747 0.766768 0.42474 0.453221
3 0.587277 0.668179 0.335482 0.663642
3 0.632931 0.0775509 0.734139 0.155102
3 0.0847446 0.460419 0.0871686 0.197299
0 0.813897 0.096547 0.372206 0.193094
0 0.269714 0.748941 0.326954 0.488096
3 0.811531 0.163593 0.376937 0.327185
3 0.504376 0.605624 0.19312 0.577061
3 0.764823 0.704593 0.197595 0.475454
0 0.937695 0.257067 0.124611 0.502583
0 0.937664 0.820706 0.124673 0.358587
0 0.44979 0.693984 0.271446 0.607608
3 0.457007 0.532863 0.189933 0.381609
4 0.133606 0.749714 0.267212 0.497699
0 0.502127 0.687084 0.202947 0.625833
0 0.764823 0.704593 0.197595 0.475454
0 0.814115 0.270286 0.37177 0.533893
3 0.186657 0.240511 0.373314 0.481022
0 0.591413 0.114664 0.817173 0.229327
4 0.0635789 0.458264 0.114704 0.207458
4 0.804848 0.802736 0.390305 0.394528
3 0.627611 0.315773 0.570685 0.631546
3 0.977796 0.443137 0.0444089 0.200975
3 0.0972292 0.73163 0.194458 0.5324
3 0.813897 0.096547 0.372206 0.193094
0 0.154905 0.7417 0.309809 0.499179
3 0.931151 0.816999 0.137698 0.366002
4 0.90759 0.804473 0.18482 0.391054
4 0.417563 0.770093 0.492206 0.443615
4 0.615862 0.792186 0.409567 0.391516
0 0.632931 0.0775509 0.734139 0.155102
3 0.988916 0.577773 0.0221672 0.168031
3 0.117845 0.539239 0.173443 0.111348
3 0.989118 0.514629 0.0217642 0.0556716
3 0.518259 0.782734 0.300004 0.420856
3 0.0453593 0.730368 0.0907185 0.539264
0 0.100002 0.451611 0.200005 0.889404
3 0.697677 0.715646 0.273034 0.542645
3 0.706902 0.189325 0.500606 0.378651
4 0.95833 0.738282 0.0833399 0.523435
4 0.937664 0.820706 0.124673 0.358587
4 0.101225 0.771324 0.20245 0.457352
3 0.351005 0.684946 0.164216 0.482986
0 0.859048 0.252147 0.281905 0.504295
3 0.95833 0.738282 0.0833399 0.523435
3 0.499006 0.524258 0.18147 0.364555
4 0.851905 0.390173 0.29619 0.762178
3 0.0633948 0.400599 0.12679 0.77426
4 0.963785 0.516825 0.0712568 0.0591487
4 0.873042 0.812993 0.253916 0.374015
3 0.344545 0.743871 0.343249 0.496158
3 0.269714 0.748941 0.326954 0.488096
0 0.358589 0.691623 0.197757 0.593094
3 0.937695 0.257067 0.124611 0.502583
3 0.737114 0.804229 0.524945 0.386833
4 0.0634683 0.522576 0.112612 0.0784984
0 0.781725 0.0985016 0.436551 0.197003
4 0.309843 0.773616 0.524392 0.434445
4 0.815048 0.741796 0.369905 0.516409
4 0.988916 0.577773 0.0221672 0.168031
0 0.105501 0.206651 0.211002 0.413301
0 0.805025 0.203668 0.38995 0.407336
4 0.977796 0.443137 0.0444089 0.200975
4 0.928854 0.769228 0.142292 0.461544
0 0.322899 0.0736609 0.645798 0.147322
4 0.0969939 0.361167 0.193988 0.7075
0 0.0422866 0.44894 0.0845731 0.329126
1 0.638861 0.801462 0.447083 0.37664
4 0.832419 0.803623 0.335163 0.392753
3 0.19749 0.779993 0.391903 0.431299
3 0.119057 0.510244 0.146849 0.284139
4 0.505787 0.765562 0.397119 0.448287
4 0.36946 0.771872 0.402813 0.456257
3 0.295025 0.770289 0.540076 0.450402
3 0.560768 0.756174 0.63 0.487653
1 0.873042 0.812993 0.253916 0.374015
3 0.0422866 0.44894 0.0845731 0.329126
4 0.518259 0.782734 0.300004 0.420856
3 0.101225 0.771324 0.20245 0.457352
0 0.210531 0.224129 0.421062 0.448259
0 0.333843 0.0913124 0.622911 0.182625
0 0.977796 0.443137 0.0444089 0.200975
3 0.0634683 0.522576 0.112612 0.0784984
4 0.959915 0.303048 0.080171 0.588971
0 0.101225 0.771324 0.20245 0.457352
3 0.210531 0.224129 0.421062 0.448259
1 0.122594 0.784546 0.245188 0.422893
4 0.961432 0.456776 0.0750111 0.241453
1 0.0860775 0.524931 0.0776787 0.0737841
4 0.836777 0.280629 0.326446 0.561258
3 0.116603 0.227798 0.233205 0.455597
0 0.293233 0.460603 0.045577 0.220124
4 0.781725 0.0985016 0.436551 0.197003
0 0.811531 0.163593 0.376937 0.327185
4 0.925552 0.535088 0.0923611 0.101731
0 0.851905 0.390173 0.29619 0.762178
4 0.854895 0.69542 0.1179 0.435266
4 0.293124 0.532936 0.0439074 0.103378
2 0.120379 0.762674 0.240759 0.466489
0 0.0633948 0.400599 0.12679 0.77426
2 0.0453593 0.730368 0.0907185 0.539264
2 0.0860775 0.524931 0.0776787 0.0737841
0 0.368656 0.248471 0.511087 0.491789
0 0.126663 0.3297 0.249537 0.641708
4 0.117845 0.539239 0.173443 0.111348
4 0.12377 0.450453 0.239246 0.873557
0 0.499006 0.524258 0.18147 0.364555
4 0.698694 0.747509 0.551328 0.504982
4 0.0689695 0.739391 0.137939 0.491247
4 0.813897 0.096547 0.372206 0.193094
1 0.0847446 0.460419 0.0871686 0.197299
4 0.859048 0.252147 0.281905 0.504295
3 0.0635789 0.458264 0.114704 0.207458
4 0.327684 0.205622 0.557959 0.408539
4 0.632931 0.0775509 0.734139 0.155102
4 0.685678 0.518937 0.184532 0.962126
4 0.591413 0.114664 0.817173 0.229327
4 0.937695 0.257067 0.124611 0.502583
4 0.25687 0.195304 0.513741 0.390608
4 0.293233 0.460603 0.045577 0.220124
2 0.0847446 0.460419 0.0871686 0.197299
0 0.186657 0.240511 0.373314 0.481022
1 0.832419 0.803623 0.335163 0.392753
2 0.801943 0.735391 0.387294 0.508238
4 0.0453593 0.730368 0.0907185 0.539264
0 0.961432 0.456776 0.0750111 0.241453
0 0.718363 0.608873 0.204342 0.722634
4 0.673187 0.617321 0.192227 0.731799
4 0.105501 0.206651 0.211002 0.413301
2 0.669889 0.752656 0.503718 0.494688
4 0.100308 0.22151 0.200616 0.44302
4 0.560768 0.756174 0.63 0.487653
1 0.0689695 0.739391 0.137939 0.491247
4 0.0633948 0.400599 0.12679 0.77426
0 0.2831 0.212632 0.5662 0.425263
3 0.0689695 0.739391 0.137939 0.491247
4 0.333843 0.0913124 0.622911 0.182625
4 0.344545 0.743871 0.343249 0.496158
4 0.244589 0.46118 0.178995 0.656257
2 0.269714 0.748941 0.326954 0.488096
4 0.0422866 0.44894 0.0845731 0.329126
0 0.577334 0.312124 0.104714 0.541681
4 0.623636 0.707925 0.325713 0.58415
4 0.764823 0.704593 0.197595 0.475454
4 0.706902 0.189325 0.500606 0.378651
2 0.154798 0.689706 0.171529 0.430236
0 0.470638 0.306435 0.426509 0.61287
4 0.811531 0.163593 0.376937 0.327185
0 0.170196 0.525311 0.118722 0.31296
0 0.573038 0.773017 0.344019 0.453965
4 0.116603 0.227798 0.233205 0.455597
4 0.735695 0.508108 0.243245 0.983785
4 0.304531 0.0609694 0.609062 0.121939
4 0.788549 0.418484 0.344032 0.82157
2 0.0972292 0.73163 0.194458 0.5324
4 0.0503596 0.555603 0.100719 0.178298
4 0.704696 0.39927 0.202549 0.750809
2 0.217324 0.529051 0.182847 0.346379
4 0.805025 0.203668 0.38995 0.407336
4 0.961287 0.630246 0.077425 0.276781
1 0.744052 0.796777 0.511896 0.392364
2 0.344545 0.743871 0.343249 0.496158
0 0.673187 0.617321 0.192227 0.731799
4 0.643681 0.356635 0.166244 0.650961
4 0.457007 0.532863 0.189933 0.381609
4 0.646759 0.52129 0.185085 0.957421
2 0.293124 0.532936 0.0439074 0.103378
0 0.745301 0.319822 0.284439 0.611487
4 0.44979 0.693984 0.271446 0.607608
2 0.117845 0.539239 0.173443 0.111348
4 0.697677 0.715646 0.273034 0.542645
0 0.344439 0.528195 0.1353 0.384634
4 0.718363 0.608873 0.204342 0.722634
2 0.499006 0.524258 0.18147 0.364555
4 0.470638 0.306435 0.426509 0.61287
4 0.627611 0.315773 0.570685 0.631546
4 0.210531 0.224129 0.421062 0.448259
