0 0.499503 0.620283 0.120922 0.13338
0 0.868639 0.566183 0.153088 0.0774255
0 0.183783 0.653801 0.0746649 0.293976
0 0.500109 0.575637 0.122122 0.228428
1 0.183783 0.653801 0.0746649 0.293976
0 0.895597 0.563702 0.208805 0.0661054
1 0.498013 0.621026 0.116441 0.119186
2 0.498013 0.621026 0.116441 0.119186
0 0.871668 0.538855 0.159855 0.140508
4 0.499503 0.620283 0.120922 0.13338
0 0.207827 0.668851 0.121958 0.30695
2 0.184485 0.653589 0.0711539 0.295652
1 0.500109 0.575637 0.122122 0.228428
0 0.398482 0.641511 0.333482 0.182517
4 0.500109 0.575637 0.122122 0.228428
0 0.893965 0.734521 0.212069 0.392056
4 0.184485 0.653589 0.0711539 0.295652
0 0.220522 0.68503 0.161805 0.322356
1 0.880281 0.560331 0.181069 0.0692526
0 0.283725 0.54381 0.0579671 0.107906
0 0.508942 0.509431 0.121425 0.360561
0 0.876953 0.658024 0.168913 0.254276
4 0.880281 0.560331 0.181069 0.0692526
3 0.876229 0.519593 0.191769 0.35324
0 0.112607 0.75354 0.225214 0.492919
0 0.876229 0.519593 0.191769 0.35324
0 0.866428 0.473436 0.20318 0.48263
1 0.871668 0.538855 0.159855 0.140508
0 0.523107 0.749453 0.181284 0.402014
3 0.866428 0.473436 0.20318 0.48263
3 0.334712 0.393788 0.496197 0.787575
0 0.807002 0.758556 0.382172 0.462457
3 0.17138 0.408208 0.331267 0.815457
3 0.787348 0.40811 0.371732 0.81622
3 0.131153 0.713621 0.184351 0.412756
0 0.500682 0.0257803 0.917226 0.0515606
3 0.186641 0.561208 0.0903467 0.475171
0 0.496292 0.838534 0.384043 0.316172
0 0.341395 0.594141 0.189285 0.168486
3 0.888528 0.43599 0.222825 0.78389
3 0.371454 0.754648 0.39769 0.490704
0 0.540265 0.631079 0.21974 0.176108
3 0.872966 0.535213 0.158347 0.137811
3 0.562691 0.380644 0.656306 0.761289
4 0.572749 0.760574 0.346411 0.463912
4 0.871668 0.538855 0.159855 0.140508
3 0.115641 0.420639 0.231281 0.83022
0 0.371454 0.754648 0.39769 0.490704
3 0.399245 0.345823 0.509793 0.691646
4 0.410799 0.770175 0.353258 0.45965
3 0.555487 0.626111 0.246957 0.155798
0 0.232615 0.637987 0.142421 0.302599
3 0.497223 0.620406 0.123229 0.140713
3 0.283725 0.54381 0.0579671 0.107906
3 0.709616 0.492735 0.510976 0.985471
0 0.323914 0.539858 0.121149 0.110391
3 0.62011 0.749122 0.398142 0.4816
4 0.876953 0.658024 0.168913 0.254276
3 0.555393 0.843223 0.480032 0.313555
0 0.236183 0.584205 0.157015 0.145387
2 0.455258 0.841503 0.391334 0.311452
3 0.407855 0.622816 0.313301 0.15115
0 0.798581 0.820701 0.402838 0.335467
3 0.109094 0.760881 0.217483 0.478237
0 0.491883 0.775685 0.156456 0.44863
3 0.585504 0.467625 0.433602 0.93525
3 0.341395 0.594141 0.189285 0.168486
3 0.637223 0.826474 0.658073 0.347053
3 0.853132 0.767391 0.293736 0.465219
3 0.491883 0.775685 0.156456 0.44863
3 0.236183 0.584205 0.157015 0.145387
3 0.786519 0.753721 0.362624 0.473517
1 0.508942 0.509431 0.121425 0.360561
0 0.897329 0.575286 0.205343 0.0653047
3 0.90546 0.389612 0.18908 0.699061
3 0.552377 0.407237 0.284251 0.814474
3 0.227618 0.581003 0.178142 0.509837
0 0.386346 0.0222008 0.756298 0.0444017
0 0.90891 0.771547 0.18218 0.456906
3 0.512466 0.514614 0.125513 0.348575
3 0.599378 0.768932 0.743581 0.438107
3 0.113106 0.56998 0.226211 0.555897
2 0.398482 0.641511 0.333482 0.182517
0 0.610863 0.0410117 0.778275 0.0820234
3 0.234253 0.829474 0.363216 0.341051
3 0.161708 0.194201 0.323416 0.388401
3 0.939471 0.774096 0.121058 0.451808
3 0.799182 0.782407 0.401635 0.435187
4 0.508942 0.509431 0.121425 0.360561
3 0.740843 0.828204 0.499199 0.343592
3 0.185405 0.787771 0.333861 0.424457
3 0.380279 0.370082 0.343619 0.740163
2 0.112607 0.75354 0.225214 0.492919
3 0.264245 0.75696 0.260069 0.477335
0 0.20152 0.142729 0.403041 0.285458
4 0.893965 0.734521 0.212069 0.392056
2 0.871668 0.538855 0.159855 0.140508
0 0.483578 0.367426 0.179557 0.660267
4 0.798581 0.820701 0.402838 0.335467
0 0.0590174 0.775819 0.118035 0.434755
3 0.488948 0.849712 0.382183 0.300577
3 0.207018 0.766873 0.352716 0.442445
4 0.600206 0.808066 0.790771 0.356714
1 0.207827 0.668851 0.121958 0.30695
3 0.799455 0.620057 0.330072 0.3749
3 0.894911 0.763897 0.210178 0.472206
3 0.308808 0.0500021 0.617616 0.100004
4 0.207018 0.766873 0.352716 0.442445
0 0.888528 0.43599 0.222825 0.78389
0 0.773999 0.08271 0.452002 0.16542
3 0.0999538 0.783576 0.198489 0.432848
3 0.345152 0.0278476 0.690305 0.0556952
3 0.20152 0.142729 0.403041 0.285458
3 0.57665 0.8256 0.830809 0.333943
0 0.456612 0.263752 0.779683 0.527503
3 0.898931 0.766652 0.202139 0.456626
3 0.880281 0.560331 0.181069 0.0692526
3 0.285368 0.473089 0.0606608 0.188604
3 0.677997 0.302068 0.641846 0.604137
3 0.517817 0.0252504 0.912795 0.0505008
3 0.302034 0.786592 0.448916 0.41225
4 0.866428 0.473436 0.20318 0.48263
3 0.190951 0.238959 0.365558 0.468707
3 0.855571 0.38379 0.288858 0.721382
0 0.591202 0.295633 0.649166 0.591266
0 0.186641 0.561208 0.0903467 0.475171
0 0.62915 0.0660862 0.741699 0.132172
3 0.337279 0.841023 0.329372 0.317954
3 0.184485 0.653589 0.0711539 0.295652
0 0.264245 0.75696 0.260069 0.477335
0 0.451309 0.344353 0.571408 0.688706
3 0.0195233 0.669659 0.0390465 0.61802
3 0.610863 0.0410117 0.778275 0.0820234
0 0.0272923 0.679891 0.0545845 0.63361
4 0.523744 0.0228406 0.911625 0.0456813
3 0.89737 0.639974 0.20526 0.192646
3 0.0344105 0.772393 0.0688211 0.455214
0 0.393778 0.586126 0.405177 0.254115
3 0.232615 0.637987 0.142421 0.302599
0 0.112783 0.697758 0.225566 0.507829
3 0.621982 0.663784 0.410187 0.672432
0 0.48864 0.773823 0.373537 0.446542
0 0.664079 0.0970569 0.671843 0.194114
2 0.161997 0.753653 0.267883 0.474568
3 0.528049 0.766965 0.389709 0.449513
4 0.497339 0.770187 0.408795 0.449084
4 0.555393 0.843223 0.480032 0.313555
0 0.787348 0.40811 0.371732 0.81622
3 0.280935 0.107394 0.561869 0.214787
4 0.634432 0.755616 0.690127 0.468625
2 0.500109 0.575637 0.122122 0.228428
3 0.342162 0.829098 0.315684 0.332135
3 0.255905 0.358186 0.457051 0.716372
3 0.576905 0.813294 0.594277 0.358755
4 0.399245 0.345823 0.509793 0.691646
3 0.468813 0.298855 0.766619 0.59771
4 0.591202 0.295633 0.649166 0.591266
3 0.0233085 0.222735 0.0466169 0.445471
3 0.710193 0.111434 0.579615 0.222867
3 0.324695 0.535057 0.14107 0.385333
2 0.410799 0.770175 0.353258 0.45965
3 0.417862 0.840606 0.387176 0.311196
3 0.207827 0.668851 0.121958 0.30695
3 0.0618215 0.193086 0.123643 0.386172
2 0.523107 0.749453 0.181284 0.402014
1 0.894034 0.702659 0.209724 0.33233
3 0.785236 0.827507 0.421881 0.328753
4 0.62915 0.0660862 0.741699 0.132172
2 0.323914 0.539858 0.121149 0.110391
0 0.161997 0.753653 0.267883 0.474568
3 0.0345917 0.786559 0.0691834 0.426883
0 0.0119144 0.583159 0.0238289 0.493652
0 0.939471 0.774096 0.121058 0.451808
4 0.876229 0.519593 0.191769 0.35324
4 0.637223 0.826474 0.658073 0.347053
2 0.48864 0.773823 0.373537 0.446542
3 0.0657709 0.42364 0.131542 0.785052
3 0.112783 0.697758 0.225566 0.507829
4 0.753804 0.762744 0.469041 0.4646
3 0.0119144 0.583159 0.0238289 0.493652
3 0.0647717 0.559165 0.129543 0.513281
3 0.323914 0.539858 0.121149 0.110391
3 0.0150529 0.289622 0.0301058 0.579243
0 0.00933673 0.453605 0.0186735 0.526708
2 0.753804 0.762744 0.469041 0.4646
3 0.258875 0.247068 0.453324 0.487817
4 0.220522 0.68503 0.161805 0.322356
3 0.62915 0.0660862 0.741699 0.132172
0 0.308808 0.0500021 0.617616 0.100004
3 0.566012 0.715313 0.303838 0.529769
4 0.610863 0.0410117 0.778275 0.0820234
3 0.913377 0.537432 0.173247 0.146475
0 0.814099 0.284571 0.371802 0.569141
3 0.00933673 0.453605 0.0186735 0.526708
3 0.0740527 0.782538 0.147009 0.428979
0 0.933417 0.314403 0.133167 0.57308
3 0.592217 0.275008 0.764728 0.550016
4 0.939471 0.774096 0.121058 0.451808
4 0.614916 0.418084 0.633995 0.836167
0 0.725357 0.314122 0.549287 0.624735
4 0.283725 0.54381 0.0579671 0.107906
3 0.766465 0.308012 0.46707 0.616023
2 0.207827 0.668851 0.121958 0.30695
3 0.840399 0.765927 0.319147 0.468145
4 0.488118 0.264216 0.787811 0.528432
3 0.0100382 0.343465 0.0200764 0.634759
0 0.0663696 0.776899 0.132739 0.446202
3 0.932017 0.367339 0.135967 0.653156
4 0.888528 0.43599 0.222825 0.78389
4 0.853132 0.767391 0.293736 0.465219
4 0.799182 0.782407 0.401635 0.435187
0 0.398932 0.271798 0.57195 0.543596
3 0.897329 0.575286 0.205343 0.0653047
3 0.483578 0.367426 0.179557 0.660267
0 0.62011 0.749122 0.398142 0.4816
0 0.280935 0.107394 0.561869 0.214787
4 0.112607 0.75354 0.225214 0.492919
4 0.544061 0.738952 0.236767 0.389654
0 0.0343837 0.780586 0.0687675 0.438827
4 0.740843 0.828204 0.499199 0.343592
0 0.853132 0.767391 0.293736 0.465219
4 0.752747 0.392552 0.494209 0.779865
4 0.455258 0.841503 0.391334 0.311452
0 0.0100382 0.343465 0.0200764 0.634759
3 0.470196 0.218017 0.783001 0.436033
3 0.356339 0.262657 0.51753 0.525314
0 0.0999538 0.783576 0.198489 0.432848
0 0.285368 0.473089 0.0606608 0.188604
0 0.576905 0.813294 0.594277 0.358755
0 0.800496 0.821973 0.394039 0.356055
4 0.20152 0.142729 0.403041 0.285458
3 0.773999 0.08271 0.452002 0.16542
4 0.894911 0.763897 0.210178 0.472206
3 0.220522 0.68503 0.161805 0.322356
2 0.89737 0.639974 0.20526 0.192646
0 0.0233085 0.222735 0.0466169 0.445471
4 0.8474 0.765932 0.305199 0.456292
4 0.398482 0.641511 0.333482 0.182517
2 0.880281 0.560331 0.181069 0.0692526
2 0.220522 0.68503 0.161805 0.322356
0 0.131153 0.713621 0.184351 0.412756
3 0.501087 0.574096 0.118026 0.234704
4 0.186641 0.561208 0.0903467 0.475171
0 0.521828 0.84733 0.405794 0.305341
4 0.156923 0.77213 0.298751 0.45574
4 0.664079 0.0970569 0.671843 0.194114
2 0.879859 0.741705 0.175494 0.42713
1 0.236183 0.584205 0.157015 0.145387
0 0.115863 0.534395 0.224603 0.501762
2 0.555487 0.626111 0.246957 0.155798
4 0.386346 0.0222008 0.756298 0.0444017
4 0.89737 0.639974 0.20526 0.192646
4 0.773999 0.08271 0.452002 0.16542
3 0.0833392 0.213326 0.166678 0.414812
4 0.90891 0.771547 0.18218 0.456906
3 0.0861613 0.623274 0.172323 0.381381
3 0.0757417 0.288865 0.151483 0.570537
1 0.876229 0.519593 0.191769 0.35324
3 0.329843 0.214207 0.628889 0.428414
0 0.913377 0.537432 0.173247 0.146475
4 0.280935 0.107394 0.561869 0.214787
4 0.0345917 0.786559 0.0691834 0.426883
4 0.384873 0.218151 0.745396 0.436302
1 0.220522 0.68503 0.161805 0.322356
4 0.483578 0.367426 0.179557 0.660267
0 0.894911 0.763897 0.210178 0.472206
4 0.257358 0.204688 0.505975 0.409377
4 0.308808 0.0500021 0.617616 0.100004
1 0.496292 0.838534 0.384043 0.316172
0 0.0150529 0.289622 0.0301058 0.579243
0 0.678356 0.755805 0.624485 0.464826
4 0.227618 0.581003 0.178142 0.509837
0 0.0345917 0.786559 0.0691834 0.426883
0 0.855571 0.38379 0.288858 0.721382
4 0.511173 0.34583 0.622458 0.69166
0 0.89737 0.639974 0.20526 0.192646
4 0.913377 0.537432 0.173247 0.146475
4 0.342162 0.829098 0.315684 0.332135
1 0.876953 0.658024 0.168913 0.254276
4 0.0344105 0.772393 0.0688211 0.455214
4 0.285368 0.473089 0.0606608 0.188604
0 0.417862 0.840606 0.387176 0.311196
3 0.736036 0.757477 0.526975 0.461219
4 0.161708 0.194201 0.323416 0.388401
3 0.0663696 0.776899 0.132739 0.446202
4 0.115863 0.534395 0.224603 0.501762
0 0.0618215 0.193086 0.123643 0.386172
4 0.00933673 0.453605 0.0186735 0.526708
4 0.0272923 0.679891 0.0545845 0.63361
0 0.90546 0.389612 0.18908 0.699061
4 0.0233085 0.222735 0.0466169 0.445471
4 0.356339 0.262657 0.51753 0.525314
4 0.855571 0.38379 0.288858 0.721382
4 0.403732 0.841292 0.359674 0.317416
4 0.0618215 0.193086 0.123643 0.386172
4 0.0999538 0.783576 0.198489 0.432848
1 0.285368 0.473089 0.0606608 0.188604
2 0.572749 0.760574 0.346411 0.463912
1 0.161997 0.753653 0.267883 0.474568
2 0.264245 0.75696 0.260069 0.477335
0 0.499505 0.62025 0.120917 0.133367
0 0.868626 0.566185 0.15308 0.077413
0 0.183776 0.653814 0.0746125 0.294027
0 0.500116 0.57565 0.122124 0.228311
1 0.183776 0.653814 0.0746125 0.294027
0 0.895593 0.56368 0.208815 0.0660453
1 0.498013 0.620987 0.116431 0.119234
2 0.498013 0.620987 0.116431 0.119234
0 0.871659 0.538833 0.159812 0.140464
4 0.499505 0.62025 0.120917 0.133367
0 0.207855 0.668833 0.121933 0.306909
2 0.184492 0.653589 0.0711162 0.295618
1 0.500116 0.57565 0.122124 0.228311
0 0.398608 0.641285 0.33324 0.182076
4 0.500116 0.57565 0.122124 0.228311
0 0.893954 0.732777 0.212092 0.388637
4 0.184492 0.653589 0.0711162 0.295618
0 0.220488 0.684988 0.161691 0.322211
1 0.880149 0.560333 0.180773 0.0692348
0 0.283745 0.543959 0.0579591 0.108211
0 0.509 0.509371 0.121459 0.360817
4 0.880149 0.560333 0.180773 0.0692348
0 0.876893 0.657361 0.168787 0.253003
3 0.876235 0.51977 0.191304 0.352041
0 0.876235 0.51977 0.191304 0.352041
0 0.112599 0.753541 0.225198 0.492919
1 0.871659 0.538833 0.159812 0.140464
0 0.866838 0.477588 0.201627 0.471703
0 0.522937 0.749142 0.180805 0.401064
3 0.866838 0.477588 0.201627 0.471703
3 0.335528 0.393575 0.49414 0.78715
3 0.171127 0.408326 0.330259 0.815559
0 0.806854 0.758589 0.382439 0.462403
3 0.787997 0.406919 0.369646 0.813838
3 0.131359 0.713143 0.183935 0.411786
3 0.186674 0.561541 0.0900876 0.474667
0 0.500571 0.0257457 0.917177 0.0514914
0 0.496218 0.838447 0.383487 0.316303
0 0.341596 0.594231 0.18937 0.168544
3 0.888586 0.436252 0.222702 0.782652
3 0.371552 0.754692 0.397614 0.490616
3 0.872955 0.535228 0.158317 0.137821
3 0.562861 0.379577 0.652665 0.759155
4 0.572649 0.760576 0.346328 0.463703
4 0.871659 0.538833 0.159812 0.140464
0 0.540302 0.630986 0.219769 0.17593
3 0.115528 0.420736 0.231057 0.830325
3 0.399142 0.34581 0.507781 0.691621
4 0.41062 0.770222 0.353586 0.459557
0 0.371552 0.754692 0.397614 0.490616
3 0.555443 0.626 0.246891 0.155662
3 0.497243 0.620377 0.123232 0.140695
3 0.283745 0.543959 0.0579591 0.108211
3 0.709969 0.491936 0.508144 0.983872
0 0.23262 0.638124 0.142358 0.302875
3 0.620587 0.749276 0.399157 0.481584
4 0.876893 0.657361 0.168787 0.253003
3 0.555015 0.843751 0.479632 0.312497
3 0.408051 0.622803 0.312931 0.151058
2 0.454939 0.841271 0.391407 0.311922
0 0.323964 0.540033 0.12113 0.110752
0 0.236215 0.584363 0.157012 0.145623
3 0.108948 0.760858 0.217188 0.478285
0 0.798413 0.820792 0.403173 0.335315
3 0.585173 0.467263 0.432559 0.934525
3 0.341596 0.594231 0.18937 0.168544
3 0.636879 0.826607 0.658179 0.346786
3 0.852907 0.767517 0.294187 0.464967
0 0.492078 0.775718 0.156028 0.448565
3 0.492078 0.775718 0.156028 0.448565
3 0.236215 0.584363 0.157012 0.145623
3 0.786331 0.753803 0.36287 0.473589
1 0.509 0.509371 0.121459 0.360817
3 0.905473 0.389597 0.189054 0.699165
3 0.552013 0.407189 0.284337 0.814377
3 0.227818 0.581425 0.177526 0.509259
3 0.512414 0.514558 0.125536 0.348774
0 0.897339 0.575218 0.205322 0.0651083
3 0.59763 0.768765 0.74787 0.438365
3 0.11303 0.570374 0.22606 0.554905
0 0.386367 0.0221502 0.756464 0.0443004
2 0.398608 0.641285 0.33324 0.182076
0 0.909004 0.771534 0.181991 0.456932
3 0.234425 0.830161 0.361232 0.339678
3 0.161488 0.193877 0.322977 0.387754
3 0.939551 0.774135 0.120899 0.451731
3 0.799221 0.78294 0.401557 0.434119
4 0.509 0.509371 0.121459 0.360817
3 0.7406 0.828301 0.499564 0.343397
3 0.18528 0.78802 0.332978 0.423961
3 0.3802 0.370114 0.343186 0.740227
0 0.610791 0.0406398 0.778419 0.0812797
3 0.264632 0.756998 0.260706 0.477409
2 0.112599 0.753541 0.225198 0.492919
4 0.893954 0.732777 0.212092 0.388637
4 0.798413 0.820792 0.403173 0.335315
2 0.871659 0.538833 0.159812 0.140464
3 0.207172 0.766914 0.352035 0.442333
3 0.488822 0.849805 0.381912 0.30039
4 0.599668 0.807803 0.791789 0.357216
3 0.799852 0.619824 0.328838 0.372996
1 0.207855 0.668833 0.121933 0.306909
3 0.894927 0.763884 0.210146 0.472232
0 0.201455 0.142398 0.402909 0.284796
3 0.308824 0.0499814 0.617647 0.0999628
3 0.69759 0.757361 0.567147 0.469596
0 0.48339 0.366211 0.17995 0.662848
0 0.0589933 0.775855 0.117987 0.434807
4 0.207172 0.766914 0.352035 0.442333
3 0.0997208 0.78371 0.198044 0.432581
3 0.345213 0.0277879 0.690427 0.0555759
3 0.576217 0.825645 0.831508 0.333937
3 0.89895 0.7666 0.202101 0.45648
3 0.201455 0.142398 0.402909 0.284796
0 0.888586 0.436252 0.222702 0.782652
3 0.285375 0.473166 0.0606503 0.188699
3 0.30304 0.786946 0.446352 0.411568
3 0.190794 0.238705 0.365239 0.467999
3 0.678824 0.301913 0.640108 0.603826
3 0.880149 0.560333 0.180773 0.0692348
0 0.773862 0.0826886 0.452275 0.165377
3 0.51771 0.0251657 0.912847 0.0503314
3 0.856145 0.384063 0.287709 0.721342
4 0.866838 0.477588 0.201627 0.471703
0 0.456914 0.263269 0.778527 0.526539
0 0.591959 0.295323 0.644023 0.590645
3 0.184492 0.653589 0.0711162 0.295618
3 0.337012 0.841362 0.327306 0.317275
0 0.186674 0.561541 0.0900876 0.474667
0 0.629121 0.065298 0.741758 0.130596
3 0.0194622 0.669736 0.0389243 0.617094
3 0.610791 0.0406398 0.778419 0.0812797
3 0.897382 0.639861 0.205236 0.192473
0 0.264632 0.756998 0.260706 0.477409
4 0.524041 0.0227237 0.912112 0.0454474
3 0.0343634 0.772362 0.0687268 0.455275
3 0.23262 0.638124 0.142358 0.302875
0 0.451001 0.344367 0.568666 0.688734
3 0.621837 0.665376 0.409586 0.669248
3 0.527949 0.766926 0.389583 0.449517
4 0.497213 0.770156 0.408395 0.449094
0 0.0272739 0.679786 0.0545479 0.634041
2 0.161481 0.753567 0.265606 0.474365
0 0.393808 0.586166 0.404925 0.254049
4 0.555015 0.843751 0.479632 0.312497
3 0.280874 0.10729 0.561747 0.21458
0 0.112779 0.697543 0.225557 0.506996
4 0.633334 0.755587 0.69287 0.468645
0 0.663871 0.095899 0.672257 0.191798
0 0.488558 0.773812 0.373365 0.446557
3 0.341763 0.829236 0.313982 0.331847
0 0.787997 0.406919 0.369646 0.813838
2 0.500116 0.57565 0.122124 0.228311
3 0.256045 0.357642 0.45639 0.715284
3 0.575479 0.812933 0.599167 0.359538
4 0.399142 0.34581 0.507781 0.691621
4 0.591959 0.295323 0.644023 0.590645
3 0.469789 0.298713 0.763649 0.597425
3 0.0233113 0.222624 0.0466227 0.445248
3 0.709897 0.111159 0.580206 0.222318
3 0.324722 0.535065 0.141112 0.38752
3 0.417705 0.840422 0.387165 0.311568
2 0.41062 0.770222 0.353586 0.459557
3 0.207855 0.668833 0.121933 0.306909
3 0.0618054 0.192922 0.123611 0.385844
3 0.784808 0.827632 0.422677 0.328581
2 0.522937 0.749142 0.180805 0.401064
1 0.893962 0.700183 0.209563 0.327453
4 0.629121 0.065298 0.741758 0.130596
3 0.0346097 0.786541 0.0692194 0.426918
2 0.323964 0.540033 0.12113 0.110752
4 0.876235 0.51977 0.191304 0.352041
4 0.636879 0.826607 0.658179 0.346786
3 0.0655917 0.423801 0.131183 0.784304
2 0.488558 0.773812 0.373365 0.446557
3 0.112779 0.697543 0.225557 0.506996
4 0.753058 0.762765 0.470569 0.464649
3 0.0645001 0.559389 0.129 0.511022
3 0.011867 0.58371 0.0237339 0.490287
0 0.011867 0.58371 0.0237339 0.490287
3 0.323964 0.540033 0.12113 0.110752
3 0.0150437 0.289902 0.0300873 0.579805
0 0.161481 0.753567 0.265606 0.474365
3 0.629121 0.065298 0.741758 0.130596
3 0.25898 0.247005 0.453184 0.487571
0 0.939551 0.774135 0.120899 0.451731
4 0.220488 0.684988 0.161691 0.322211
2 0.753058 0.762765 0.470569 0.464649
4 0.610791 0.0406398 0.778419 0.0812797
3 0.565927 0.715482 0.303597 0.529599
3 0.913377 0.537375 0.173247 0.146275
3 0.0738989 0.782641 0.146692 0.428845
3 0.00930735 0.455093 0.0186147 0.522883
3 0.592074 0.274932 0.764475 0.549864
4 0.939551 0.774135 0.120899 0.451731
0 0.00930735 0.455093 0.0186147 0.522883
4 0.614634 0.415624 0.628966 0.831248
0 0.308824 0.0499814 0.617647 0.0999628
3 0.7663 0.30802 0.467401 0.616041
4 0.283745 0.543959 0.0579591 0.108211
0 0.814183 0.284365 0.371635 0.56873
2 0.207855 0.668833 0.121933 0.306909
3 0.840073 0.765925 0.31977 0.46815
0 0.933504 0.314556 0.132993 0.573093
4 0.488383 0.263998 0.786107 0.527996
3 0.0100168 0.343855 0.0200336 0.634392
3 0.932131 0.36764 0.135737 0.652857
4 0.852907 0.767517 0.294187 0.464967
4 0.799221 0.78294 0.401557 0.434119
4 0.888586 0.436252 0.222702 0.782652
0 0.724747 0.314411 0.550506 0.625389
3 0.897339 0.575218 0.205322 0.0651083
3 0.48339 0.366211 0.17995 0.662848
4 0.5439 0.738455 0.236257 0.388377
4 0.112599 0.753541 0.225198 0.492919
4 0.7406 0.828301 0.499564 0.343397
0 0.0662792 0.776934 0.132558 0.446131
0 0.399654 0.271456 0.569723 0.542912
4 0.454939 0.841271 0.391407 0.311922
4 0.752218 0.392965 0.495166 0.78061
3 0.47013 0.216087 0.781199 0.432174
3 0.357391 0.262506 0.516091 0.525013
0 0.620587 0.749276 0.399157 0.481584
4 0.201455 0.142398 0.402909 0.284796
0 0.280874 0.10729 0.561747 0.21458
3 0.773862 0.0826886 0.452275 0.165377
4 0.894927 0.763884 0.210146 0.472232
0 0.0343711 0.780526 0.0687422 0.438948
3 0.220488 0.684988 0.161691 0.322211
2 0.897382 0.639861 0.205236 0.192473
0 0.852907 0.767517 0.294187 0.464967
0 0.0100168 0.343855 0.0200336 0.634392
0 0.0997208 0.78371 0.198044 0.432581
2 0.880149 0.560333 0.180773 0.0692348
4 0.398608 0.641285 0.33324 0.182076
4 0.84631 0.765961 0.30738 0.456254
0 0.285375 0.473166 0.0606503 0.188699
0 0.800473 0.82232 0.393994 0.35536
0 0.575479 0.812933 0.599167 0.359538
2 0.220488 0.684988 0.161691 0.322211
3 0.501109 0.574151 0.118023 0.234514
0 0.0233113 0.222624 0.0466227 0.445248
4 0.186674 0.561541 0.0900876 0.474667
4 0.663871 0.095899 0.672257 0.191798
4 0.156273 0.772412 0.297354 0.455177
1 0.236215 0.584363 0.157012 0.145623
2 0.555443 0.626 0.246891 0.155662
2 0.879809 0.741216 0.175338 0.426191
4 0.386367 0.0221502 0.756464 0.0443004
4 0.897382 0.639861 0.205236 0.192473
4 0.773862 0.0826886 0.452275 0.165377
3 0.0835216 0.213104 0.167043 0.414276
4 0.909004 0.771534 0.181991 0.456932
0 0.131359 0.713143 0.183935 0.411786
3 0.0857219 0.622841 0.171444 0.379951
0 0.521765 0.847604 0.405291 0.304792
3 0.0758092 0.289304 0.151618 0.571576
0 0.116017 0.534805 0.224112 0.500887
1 0.876235 0.51977 0.191304 0.352041
3 0.330513 0.213988 0.630162 0.427976
4 0.280874 0.10729 0.561747 0.21458
4 0.0346097 0.786541 0.0692194 0.426918
4 0.384879 0.21766 0.745384 0.435319
1 0.220488 0.684988 0.161691 0.322211
4 0.48339 0.366211 0.17995 0.662848
4 0.257874 0.204424 0.506911 0.408848
0 0.913377 0.537375 0.173247 0.146275
4 0.308824 0.0499814 0.617647 0.0999628
1 0.496218 0.838447 0.383487 0.316303
4 0.227818 0.581425 0.177526 0.509259
0 0.894927 0.763884 0.210146 0.472232
4 0.511626 0.345881 0.620697 0.691762
4 0.913377 0.537375 0.173247 0.146275
4 0.0343634 0.772362 0.0687268 0.455275
4 0.341763 0.829236 0.313982 0.331847
1 0.876893 0.657361 0.168787 0.253003
0 0.0150437 0.289902 0.0300873 0.579805
4 0.285375 0.473166 0.0606503 0.188699
0 0.678103 0.755788 0.624982 0.46483
0 0.0346097 0.786541 0.0692194 0.426918
0 0.856145 0.384063 0.287709 0.721342
0 0.897382 0.639861 0.205236 0.192473
4 0.161488 0.193877 0.322977 0.387754
3 0.0662792 0.776934 0.132558 0.446131
4 0.116017 0.534805 0.224112 0.500887
4 0.00930735 0.455093 0.0186147 0.522883
4 0.0272739 0.679786 0.0545479 0.634041
0 0.417705 0.840422 0.387165 0.311568
4 0.0233113 0.222624 0.0466227 0.445248
4 0.357391 0.262506 0.516091 0.525013
0 0.0618054 0.192922 0.123611 0.385844
4 0.856145 0.384063 0.287709 0.721342
4 0.403279 0.841352 0.358783 0.317296
4 0.0618054 0.192922 0.123611 0.385844
0 0.905473 0.389597 0.189054 0.699165
4 0.0997208 0.78371 0.198044 0.432581
1 0.285375 0.473166 0.0606503 0.188699
1 0.161481 0.753567 0.265606 0.474365
2 0.572649 0.760576 0.346328 0.463703
2 0.264632 0.756998 0.260706 0.477409
