0 0.50159 0.685751 0.262406 0.324569
1 0.496978 0.670192 0.258083 0.35637
0 0.92142 0.40234 0.157031 0.619795
0 0.490826 0.653217 0.131956 0.409657
0 0.797797 0.766381 0.404406 0.458349
0 0.499413 0.481377 0.104943 0.182744
0 0.50125 0.656343 0.194404 0.414713
2 0.50005 0.696051 0.26439 0.309578
0 0.286491 0.76813 0.553098 0.46374
0 0.735742 0.729252 0.102375 0.514308
0 0.488441 0.768914 0.278171 0.443317
0 0.502496 0.515858 0.129157 0.255032
0 0.9203 0.540657 0.1594 0.892317
0 0.683293 0.739983 0.630953 0.454492
0 0.0894541 0.821002 0.178212 0.343822
0 0.480213 0.687965 0.199741 0.488352
0 0.80099 0.549621 0.398019 0.890459
4 0.508685 0.759243 0.285827 0.457045
1 0.490826 0.653217 0.131956 0.409657
0 0.497603 0.440451 0.106001 0.28852
3 0.535963 0.75682 0.31023 0.486359
0 0.309622 0.41774 0.0348318 0.0779896
3 0.846412 0.596074 0.307175 0.807851
3 0.818554 0.528468 0.344006 0.859323
0 0.717901 0.713985 0.0716948 0.493909
3 0.508685 0.759243 0.285827 0.457045
4 0.500069 0.698763 0.258606 0.313451
0 0.731566 0.49687 0.0812347 0.243495
0 0.508203 0.49346 0.14151 0.387572
4 0.535963 0.75682 0.31023 0.486359
0 0.311107 0.397368 0.0404065 0.174101
3 0.453353 0.404505 0.223891 0.568746
0 0.187974 0.764136 0.373156 0.451341
3 0.306183 0.356298 0.302669 0.712596
3 0.636869 0.763362 0.261272 0.473277
3 0.5159 0.434135 0.19803 0.553531
3 0.735078 0.49625 0.295192 0.962066
3 0.944502 0.802281 0.110997 0.395438
3 0.723464 0.565183 0.186867 0.596968
0 0.343925 0.42483 0.0626014 0.231209
0 0.719276 0.547306 0.0753098 0.330956
3 0.372029 0.33996 0.385523 0.67992
0 0.159205 0.827838 0.31556 0.32907
0 0.122534 0.12785 0.245069 0.246385
3 0.37348 0.420595 0.156631 0.458625
3 0.440995 0.349019 0.367991 0.698038
3 0.211141 0.473491 0.076008 0.206893
0 0.469891 0.766305 0.325675 0.46739
3 0.62373 0.433122 0.1499 0.546951
3 0.613968 0.374029 0.353059 0.748058
4 0.486008 0.757172 0.287739 0.485656
3 0.222862 0.320893 0.433581 0.641786
0 0.352687 0.719943 0.166887 0.540825
3 0.221146 0.773801 0.412504 0.452397
3 0.262822 0.346851 0.149861 0.630103
3 0.711803 0.394698 0.374914 0.789395
3 0.915261 0.540251 0.169479 0.911964
3 0.516665 0.365626 0.332281 0.731252
3 0.852791 0.726573 0.294417 0.546854
3 0.735742 0.729252 0.102375 0.514308
0 0.341371 0.424793 0.0753324 0.106142
0 0.447043 0.520036 0.129529 0.275788
3 0.508203 0.49346 0.14151 0.387572
3 0.264899 0.446236 0.0681344 0.134884
3 0.800636 0.747749 0.390389 0.504502
3 0.403294 0.45204 0.0930904 0.298668
3 0.809056 0.675208 0.381314 0.638151
3 0.706016 0.362062 0.572825 0.724125
3 0.104337 0.372484 0.208673 0.730772
3 0.650539 0.604613 0.111663 0.440697
3 0.638419 0.546316 0.0891403 0.483584
3 0.267305 0.441351 0.0611346 0.275178
3 0.589297 0.439912 0.126061 0.500191
3 0.447043 0.520036 0.129529 0.275788
3 0.798377 0.398493 0.373766 0.775227
3 0.921737 0.4218 0.156526 0.615604
3 0.574521 0.567516 0.124719 0.527257
3 0.0896524 0.504837 0.179305 0.545485
3 0.502496 0.515858 0.129157 0.255032
3 0.137471 0.354394 0.274943 0.658421
3 0.343925 0.42483 0.0626014 0.231209
3 0.68191 0.431247 0.23832 0.84421
3 0.772292 0.39167 0.455416 0.783339
3 0.531218 0.638638 0.211225 0.510714
3 0.208825 0.442934 0.0679281 0.304576
2 0.486008 0.757172 0.287739 0.485656
3 0.939891 0.790642 0.120218 0.418717
3 0.574454 0.316829 0.576982 0.633659
3 0.905575 0.747334 0.188849 0.505332
3 0.209684 0.394273 0.0753868 0.383397
0 0.574521 0.567516 0.124719 0.527257
3 0.684582 0.080843 0.623303 0.161686
0 0.0140011 0.673896 0.0280022 0.606196
3 0.676461 0.758375 0.621142 0.458886
3 0.370293 0.775214 0.338124 0.449571
3 0.110571 0.564181 0.201026 0.481848
3 0.459447 0.324222 0.595216 0.648444
4 0.794875 0.76517 0.409827 0.454939
3 0.588908 0.763501 0.340014 0.459949
4 0.588908 0.763501 0.340014 0.459949
3 0.637282 0.0620799 0.68383 0.12416
0 0.939891 0.790642 0.120218 0.418717
3 0.341371 0.424793 0.0753324 0.106142
3 0.332462 0.430596 0.0995411 0.455866
3 0.731566 0.49687 0.0812347 0.243495
0 0.276672 0.532142 0.120337 0.225695
0 0.772292 0.39167 0.455416 0.783339
3 0.820583 0.773632 0.358835 0.452736
3 0.476145 0.445026 0.14161 0.310631
3 0.654785 0.71985 0.176371 0.535642
3 0.309622 0.41774 0.0348318 0.0779896
3 0.494131 0.0333103 0.832619 0.0666207
3 0.234501 0.750519 0.428588 0.49267
3 0.107481 0.738972 0.214962 0.484225
3 0.173404 0.795569 0.337854 0.408863
0 0.0103606 0.58058 0.0207213 0.554865
3 0.501964 0.706213 0.256458 0.336572
4 0.915261 0.540251 0.169479 0.911964
0 0.108744 0.80768 0.217488 0.38464
3 0.276672 0.532142 0.120337 0.225695
3 0.586508 0.0455498 0.684128 0.0910996
3 0.10859 0.116518 0.217181 0.233036
3 0.289658 0.28927 0.44809 0.577854
0 0.476145 0.445026 0.14161 0.310631
0 0.654785 0.71985 0.176371 0.535642
0 0.824486 0.365866 0.351027 0.731731
0 0.437129 0.05576 0.736207 0.11152
0 0.0632641 0.770742 0.126528 0.432752
0 0.557027 0.0367841 0.714404 0.0735683
3 0.311107 0.397368 0.0404065 0.174101
0 0.0226858 0.731842 0.0453717 0.527698
3 0.386292 0.273697 0.508565 0.547395
0 0.684582 0.080843 0.623303 0.161686
3 0.132852 0.192016 0.265704 0.378194
4 0.765996 0.758606 0.357259 0.482787
3 0.497172 0.490707 0.110195 0.198612
0 0.132852 0.192016 0.265704 0.378194
3 0.824486 0.365866 0.351027 0.731731
0 0.697173 0.324539 0.605654 0.649078
3 0.497603 0.440451 0.106001 0.28852
0 0.81035 0.730171 0.3793 0.539658
3 0.305301 0.422434 0.0763296 0.434489
4 0.332998 0.771524 0.595443 0.416451
3 0.839982 0.38723 0.320037 0.681206
0 0.723464 0.565183 0.186867 0.596968
4 0.944502 0.802281 0.110997 0.395438
3 0.696454 0.550251 0.149169 0.519342
3 0.336552 0.778188 0.547267 0.443624
4 0.852791 0.726573 0.294417 0.546854
4 0.223467 0.768261 0.440655 0.45104
4 0.636869 0.763362 0.261272 0.473277
0 0.650539 0.604613 0.111663 0.440697
4 0.221146 0.773801 0.412504 0.452397
3 0.319307 0.117689 0.638614 0.235378
3 0.262357 0.409723 0.061768 0.401531
3 0.12854 0.822925 0.255088 0.354151
0 0.809056 0.675208 0.381314 0.638151
3 0.89636 0.355168 0.207279 0.710336
1 0.515479 0.678953 0.242188 0.462637
4 0.370293 0.775214 0.338124 0.449571
0 0.0114417 0.480811 0.0228835 0.576625
3 0.25452 0.132436 0.509041 0.264871
0 0.637282 0.0620799 0.68383 0.12416
4 0.499413 0.481377 0.104943 0.182744
0 0.10859 0.116518 0.217181 0.233036
0 0.37341 0.075339 0.665754 0.150678
3 0.236644 0.542707 0.14082 0.194713
3 0.0274439 0.264026 0.0548878 0.528051
4 0.173404 0.795569 0.337854 0.408863
0 0.593202 0.760902 0.436687 0.478197
4 0.810611 0.532391 0.378778 0.929419
0 0.044677 0.795799 0.089354 0.403876
4 0.92142 0.40234 0.157031 0.619795
0 0.403294 0.45204 0.0930904 0.298668
3 0.50125 0.656343 0.194404 0.414713
0 0.107481 0.738972 0.214962 0.484225
3 0.037506 0.770368 0.075012 0.452249
4 0.939891 0.790642 0.120218 0.418717
3 0.37341 0.075339 0.665754 0.150678
0 0.944502 0.802281 0.110997 0.395438
1 0.92142 0.40234 0.157031 0.619795
4 0.905575 0.747334 0.188849 0.505332
0 0.370293 0.775214 0.338124 0.449571
4 0.0475329 0.808694 0.0950657 0.382612
3 0.0880099 0.644032 0.17602 0.480286
3 0.0577615 0.394965 0.115523 0.70065
0 0.638419 0.546316 0.0891403 0.483584
0 0.531771 0.333176 0.592951 0.666352
3 0.0604525 0.1351 0.120905 0.270201
0 0.332462 0.430596 0.0995411 0.455866
0 0.207835 0.536927 0.106397 0.206841
3 0.0632641 0.770742 0.126528 0.432752
3 0.0112388 0.596157 0.0224777 0.675563
0 0.319307 0.117689 0.638614 0.235378
3 0.0146387 0.373806 0.0292774 0.625655
0 0.626358 0.355439 0.569869 0.710878
3 0.469891 0.766305 0.325675 0.46739
3 0.0196329 0.311645 0.0392658 0.623289
0 0.905575 0.747334 0.188849 0.505332
3 0.717901 0.713985 0.0716948 0.493909
3 0.0480712 0.529291 0.0961425 0.418969
3 0.207835 0.536927 0.106397 0.206841
0 0.123783 0.307796 0.247566 0.602444
3 0.352687 0.719943 0.166887 0.540825
0 0.236644 0.542707 0.14082 0.194713
3 0.0114417 0.480811 0.0228835 0.576625
3 0.437129 0.05576 0.736207 0.11152
3 0.0140011 0.673896 0.0280022 0.606196
0 0.262822 0.346851 0.149861 0.630103
0 0.305301 0.422434 0.0763296 0.434489
0 0.696454 0.550251 0.149169 0.519342
0 0.42693 0.303197 0.603012 0.606394
3 0.122534 0.12785 0.245069 0.246385
3 0.0475329 0.808694 0.0950657 0.382612
0 0.25452 0.132436 0.509041 0.264871
0 0.0475329 0.808694 0.0950657 0.382612
3 0.719276 0.547306 0.0753098 0.330956
2 0.922025 0.422309 0.15568 0.637134
4 0.52287 0.0410151 0.784734 0.0820302
4 0.0894541 0.821002 0.178212 0.343822
0 0.531218 0.638638 0.211225 0.510714
4 0.151093 0.804104 0.298123 0.379127
0 0.589297 0.439912 0.126061 0.500191
0 0.372029 0.33996 0.385523 0.67992
0 0.711803 0.394698 0.374914 0.789395
4 0.122534 0.12785 0.245069 0.246385
3 0.199805 0.799375 0.393843 0.385777
2 0.336552 0.778188 0.547267 0.443624
0 0.221146 0.773801 0.412504 0.452397
4 0.497603 0.440451 0.106001 0.28852
4 0.477959 0.340193 0.604613 0.680386
4 0.114927 0.773056 0.229365 0.434122
3 0.0226858 0.731842 0.0453717 0.527698
1 0.497603 0.440451 0.106001 0.28852
0 0.0604525 0.1351 0.120905 0.270201
4 0.674606 0.754818 0.629297 0.438992
2 0.343925 0.42483 0.0626014 0.231209
4 0.10859 0.116518 0.217181 0.233036
4 0.386292 0.273697 0.508565 0.547395
1 0.499413 0.481377 0.104943 0.182744
0 0.173404 0.795569 0.337854 0.408863
0 0.211141 0.473491 0.076008 0.206893
2 0.370293 0.775214 0.338124 0.449571
0 0.222862 0.320893 0.433581 0.641786
0 0.267305 0.441351 0.0611346 0.275178
2 0.499413 0.481377 0.104943 0.182744
2 0.25289 0.75115 0.454423 0.4977
4 0.502496 0.515858 0.129157 0.255032
4 0.508203 0.49346 0.14151 0.387572
3 0.103763 0.809057 0.206174 0.364146
1 0.118722 0.820885 0.2356 0.347097
1 0.788571 0.747117 0.422799 0.494514
4 0.0632641 0.770742 0.126528 0.432752
0 0.340898 0.256255 0.449614 0.512509
0 0.613968 0.374029 0.353059 0.748058
2 0.719276 0.547306 0.0753098 0.330956
4 0.0604525 0.1351 0.120905 0.270201
0 0.37348 0.420595 0.156631 0.458625
4 0.824486 0.365866 0.351027 0.731731
0 0.264899 0.446236 0.0681344 0.134884
4 0.044677 0.795799 0.089354 0.403876
0 0.0146387 0.373806 0.0292774 0.625655
4 0.626358 0.355439 0.569869 0.710878
4 0.719564 0.374305 0.560872 0.74861
4 0.719276 0.547306 0.0753098 0.330956
4 0.0146387 0.373806 0.0292774 0.625655
0 0.262357 0.409723 0.061768 0.401531
4 0.0112388 0.596157 0.0224777 0.675563
3 0.0466648 0.597474 0.0933295 0.38467
4 0.437129 0.05576 0.736207 0.11152
0 0.293566 0.352137 0.238891 0.692218
0 0.419054 0.408126 0.228856 0.543631
2 0.809056 0.675208 0.381314 0.638151
0 0.440995 0.349019 0.367991 0.698038
4 0.0140011 0.673896 0.0280022 0.606196
0 0.839982 0.38723 0.320037 0.681206
4 0.0226858 0.731842 0.0453717 0.527698
0 0.5159 0.434135 0.19803 0.553531
1 0.199805 0.799375 0.393843 0.385777
4 0.265428 0.310257 0.424646 0.620177
4 0.0114417 0.480811 0.0228835 0.576625
4 0.490826 0.653217 0.131956 0.409657
3 0.146001 0.106804 0.292003 0.213609
0 0.208825 0.442934 0.0679281 0.304576
4 0.372029 0.33996 0.385523 0.67992
0 0.0880099 0.644032 0.17602 0.480286
4 0.0196329 0.311645 0.0392658 0.623289
0 0.62373 0.433122 0.1499 0.546951
4 0.587918 0.36626 0.297524 0.73252
2 0.311107 0.397368 0.0404065 0.174101
4 0.132852 0.192016 0.265704 0.378194
4 0.0274439 0.264026 0.0548878 0.528051
4 0.637282 0.0620799 0.68383 0.12416
4 0.735742 0.729252 0.102375 0.514308
4 0.684582 0.080843 0.623303 0.161686
0 0.146001 0.106804 0.292003 0.213609
4 0.723464 0.565183 0.186867 0.596968
0 0.636869 0.763362 0.261272 0.473277
4 0.589297 0.439912 0.126061 0.500191
4 0.37341 0.075339 0.665754 0.150678
0 0.501594 0.685738 0.262423 0.324544
1 0.496951 0.670214 0.258111 0.356287
0 0.921437 0.402346 0.157001 0.619723
0 0.490907 0.653164 0.131717 0.409484
0 0.798024 0.766431 0.403953 0.458284
0 0.499414 0.481331 0.104921 0.182572
0 0.501316 0.656342 0.194251 0.414625
2 0.500088 0.696086 0.264432 0.309531
0 0.286235 0.768162 0.552616 0.463677
0 0.735779 0.729228 0.10212 0.514209
0 0.488561 0.768897 0.277914 0.443357
0 0.50253 0.515642 0.129155 0.254543
0 0.920328 0.540639 0.159345 0.892342
0 0.683205 0.739987 0.631085 0.454297
0 0.0895146 0.820874 0.178333 0.344111
0 0.480195 0.688047 0.199644 0.48842
0 0.801357 0.550004 0.397287 0.889778
4 0.508677 0.759254 0.285714 0.457066
1 0.490907 0.653164 0.131717 0.409484
0 0.497618 0.440498 0.105974 0.288496
3 0.536066 0.75684 0.309844 0.486321
3 0.846409 0.596376 0.307182 0.807247
0 0.309633 0.417748 0.0348199 0.0777051
3 0.818564 0.528552 0.3438 0.858534
3 0.508677 0.759254 0.285714 0.457066
0 0.717931 0.713575 0.0715647 0.492976
4 0.500081 0.698809 0.258619 0.313543
4 0.536066 0.75684 0.309844 0.486321
0 0.731587 0.496631 0.0811897 0.242787
0 0.508242 0.493685 0.141553 0.38796
3 0.453333 0.405197 0.223768 0.567545
0 0.311138 0.39701 0.0403959 0.17355
3 0.306081 0.356432 0.30136 0.712864
3 0.6368 0.763406 0.26116 0.473187
0 0.187988 0.764145 0.373184 0.451313
3 0.515926 0.4346 0.197612 0.552523
3 0.735026 0.495946 0.29513 0.961246
3 0.944499 0.801736 0.111003 0.396529
3 0.723507 0.565162 0.186445 0.596148
0 0.719283 0.546253 0.0751881 0.328619
0 0.344092 0.424687 0.0623087 0.231059
3 0.372416 0.340035 0.384143 0.680071
0 0.122434 0.127 0.244867 0.244774
3 0.373906 0.420566 0.154911 0.456554
3 0.441291 0.349109 0.36642 0.698217
3 0.211086 0.473465 0.0758449 0.206554
0 0.15934 0.827676 0.31583 0.329445
3 0.623787 0.433474 0.14911 0.545671
3 0.614363 0.374074 0.352171 0.748148
0 0.469869 0.766366 0.325599 0.467269
4 0.485974 0.757194 0.287697 0.485612
3 0.222349 0.320998 0.433889 0.641995
3 0.221053 0.773878 0.412192 0.452244
3 0.915096 0.540241 0.169808 0.912067
3 0.262767 0.346999 0.148509 0.628973
3 0.711841 0.394616 0.374333 0.789233
3 0.516893 0.365697 0.330773 0.731393
3 0.852636 0.726123 0.294727 0.547754
3 0.735779 0.729228 0.10212 0.514209
0 0.353027 0.71949 0.165832 0.539685
3 0.265002 0.446059 0.0680406 0.134267
3 0.508242 0.493685 0.141553 0.38796
3 0.800741 0.74777 0.390161 0.504461
3 0.403405 0.452029 0.0924245 0.298694
3 0.809297 0.675618 0.380827 0.637347
0 0.446977 0.519596 0.129179 0.274776
3 0.706291 0.361989 0.571924 0.723979
3 0.104331 0.372422 0.208662 0.730685
0 0.341472 0.424715 0.07522 0.105757
3 0.650819 0.603302 0.110669 0.437831
3 0.6386 0.546063 0.0885784 0.482971
3 0.267382 0.44094 0.0610994 0.274531
3 0.589635 0.43983 0.12503 0.49951
3 0.446977 0.519596 0.129179 0.274776
3 0.798367 0.398503 0.373412 0.774764
3 0.921752 0.421803 0.156495 0.61554
3 0.574942 0.567344 0.123822 0.526834
3 0.0896017 0.506322 0.179203 0.540232
3 0.137394 0.354047 0.274788 0.65785
3 0.50253 0.515642 0.129155 0.254543
3 0.344092 0.424687 0.0623087 0.231059
3 0.772445 0.391601 0.45511 0.783201
3 0.681966 0.431168 0.23801 0.84278
3 0.5312 0.638675 0.211218 0.510644
3 0.208795 0.44262 0.0678388 0.303946
3 0.939842 0.789803 0.120315 0.420394
3 0.574534 0.317407 0.576452 0.634814
2 0.485974 0.757194 0.287697 0.485612
3 0.209685 0.393976 0.0752983 0.38235
3 0.905256 0.746624 0.189488 0.506752
3 0.684921 0.0816171 0.622349 0.163234
3 0.676365 0.758364 0.621059 0.458759
3 0.37041 0.775414 0.337346 0.449171
3 0.459352 0.324716 0.594976 0.649431
3 0.110611 0.563839 0.200807 0.478305
0 0.574942 0.567344 0.123822 0.526834
3 0.588751 0.763513 0.340096 0.460022
4 0.79501 0.765188 0.409537 0.454937
4 0.588751 0.763513 0.340096 0.460022
0 0.0140353 0.674103 0.0280705 0.605962
3 0.637335 0.0627119 0.682768 0.125424
3 0.341472 0.424715 0.07522 0.105757
3 0.731587 0.496631 0.0811897 0.242787
3 0.33283 0.430666 0.098589 0.454923
0 0.939842 0.789803 0.120315 0.420394
3 0.820679 0.773654 0.358642 0.452692
3 0.476194 0.445088 0.141475 0.310613
3 0.6549 0.719786 0.175849 0.535353
3 0.309633 0.417748 0.0348199 0.0777051
0 0.277056 0.532023 0.119469 0.225267
3 0.493581 0.0336595 0.832176 0.067319
0 0.772445 0.391601 0.45511 0.783201
3 0.234455 0.750566 0.428365 0.49268
3 0.173342 0.795508 0.337738 0.408984
3 0.107343 0.739402 0.214687 0.483421
3 0.501971 0.706278 0.256457 0.336643
4 0.915096 0.540241 0.169808 0.912067
3 0.277056 0.532023 0.119469 0.225267
3 0.5865 0.0459952 0.683092 0.0919903
3 0.108657 0.116261 0.217313 0.232522
3 0.288742 0.289925 0.449459 0.579161
0 0.0103736 0.581555 0.0207472 0.552903
0 0.108798 0.807558 0.217597 0.384885
0 0.476194 0.445088 0.141475 0.310613
3 0.385745 0.274808 0.508446 0.549616
3 0.311138 0.39701 0.0403959 0.17355
0 0.6549 0.719786 0.175849 0.535353
3 0.132637 0.189567 0.265275 0.373284
3 0.497178 0.490642 0.110153 0.198365
0 0.825025 0.365874 0.34995 0.731747
4 0.765939 0.758628 0.357102 0.482744
0 0.0634324 0.770782 0.126865 0.432847
0 0.435769 0.0563507 0.737477 0.112701
0 0.556936 0.0371554 0.713438 0.0743108
0 0.0227251 0.731924 0.0454503 0.527487
0 0.684921 0.0816171 0.622349 0.163234
3 0.825025 0.365874 0.34995 0.731747
3 0.497618 0.440498 0.105974 0.288496
3 0.305442 0.422493 0.075958 0.433776
0 0.132637 0.189567 0.265275 0.373284
4 0.33307 0.771519 0.595274 0.416343
3 0.840108 0.387369 0.319784 0.68052
4 0.944499 0.801736 0.111003 0.396529
3 0.69667 0.549644 0.148486 0.517772
3 0.336798 0.778184 0.546794 0.443632
0 0.697982 0.325517 0.604036 0.651034
0 0.810501 0.729952 0.378998 0.540097
4 0.223396 0.768357 0.440526 0.450924
4 0.852636 0.726123 0.294727 0.547754
4 0.6368 0.763406 0.26116 0.473187
0 0.723507 0.565162 0.186445 0.596148
4 0.221053 0.773878 0.412192 0.452244
3 0.318937 0.118813 0.637874 0.237626
3 0.26247 0.409555 0.0614532 0.400573
3 0.12857 0.822858 0.25515 0.354285
0 0.650819 0.603302 0.110669 0.437831
3 0.896515 0.355097 0.206969 0.710195
1 0.515491 0.679031 0.242131 0.4627
4 0.37041 0.775414 0.337346 0.449171
0 0.809297 0.675618 0.380827 0.637347
3 0.254041 0.132239 0.508081 0.264477
4 0.499414 0.481331 0.104921 0.182572
3 0.236726 0.542772 0.140692 0.194896
3 0.0282797 0.263852 0.0565594 0.527705
0 0.0114542 0.481439 0.0229084 0.574984
4 0.173342 0.795508 0.337738 0.408984
0 0.637335 0.0627119 0.682768 0.125424
4 0.81085 0.532401 0.378301 0.929471
4 0.921437 0.402346 0.157001 0.619723
0 0.108657 0.116261 0.217313 0.232522
0 0.372143 0.0761776 0.666729 0.152355
3 0.501316 0.656342 0.194251 0.414625
0 0.592586 0.760927 0.435617 0.478145
0 0.403405 0.452029 0.0924245 0.298694
0 0.0448362 0.795747 0.0896724 0.40398
3 0.037592 0.770373 0.075184 0.452167
4 0.939842 0.789803 0.120315 0.420394
3 0.372143 0.0761776 0.666729 0.152355
1 0.921437 0.402346 0.157001 0.619723
4 0.905256 0.746624 0.189488 0.506752
4 0.0476912 0.808497 0.0953824 0.383006
3 0.0879702 0.643695 0.17594 0.478612
3 0.0578552 0.394765 0.11571 0.701886
0 0.107343 0.739402 0.214687 0.483421
0 0.944499 0.801736 0.111003 0.396529
3 0.0625761 0.133398 0.125152 0.266796
0 0.37041 0.775414 0.337346 0.449171
3 0.0634324 0.770782 0.126865 0.432847
3 0.0112617 0.596784 0.0225233 0.674449
3 0.0146789 0.373878 0.0293578 0.6257
3 0.019795 0.311764 0.03959 0.623528
0 0.6386 0.546063 0.0885784 0.482971
3 0.469869 0.766366 0.325599 0.467269
3 0.0480761 0.529657 0.0961522 0.417549
0 0.33283 0.430666 0.098589 0.454923
3 0.717931 0.713575 0.0715647 0.492976
0 0.531773 0.333574 0.592528 0.667148
3 0.207805 0.536778 0.106092 0.206525
3 0.353027 0.71949 0.165832 0.539685
0 0.207805 0.536778 0.106092 0.206525
3 0.0114542 0.481439 0.0229084 0.574984
3 0.435769 0.0563507 0.737477 0.112701
0 0.626508 0.355416 0.569034 0.710832
3 0.0140353 0.674103 0.0280705 0.605962
0 0.318937 0.118813 0.637874 0.237626
0 0.905256 0.746624 0.189488 0.506752
0 0.123763 0.307211 0.247527 0.601441
0 0.236726 0.542772 0.140692 0.194896
0 0.262767 0.346999 0.148509 0.628973
3 0.0476912 0.808497 0.0953824 0.383006
0 0.305442 0.422493 0.075958 0.433776
3 0.122434 0.127 0.244867 0.244774
0 0.69667 0.549644 0.148486 0.517772
3 0.719283 0.546253 0.0751881 0.328619
0 0.426655 0.304007 0.602895 0.608014
2 0.922039 0.422278 0.155653 0.636939
0 0.0476912 0.808497 0.0953824 0.383006
0 0.254041 0.132239 0.508081 0.264477
4 0.0895146 0.820874 0.178333 0.344111
4 0.522831 0.0415896 0.783769 0.0831792
4 0.151094 0.804071 0.298111 0.379283
4 0.122434 0.127 0.244867 0.244774
3 0.1998 0.799108 0.393815 0.386384
0 0.5312 0.638675 0.211218 0.510644
2 0.336798 0.778184 0.546794 0.443632
4 0.497618 0.440498 0.105974 0.288496
4 0.478014 0.340376 0.604178 0.680752
0 0.589635 0.43983 0.12503 0.49951
4 0.115247 0.773046 0.230004 0.43413
0 0.372416 0.340035 0.384143 0.680071
0 0.711841 0.394616 0.374333 0.789233
3 0.0227251 0.731924 0.0454503 0.527487
1 0.497618 0.440498 0.105974 0.288496
4 0.67446 0.754858 0.629426 0.438902
2 0.344092 0.424687 0.0623087 0.231059
0 0.221053 0.773878 0.412192 0.452244
4 0.108657 0.116261 0.217313 0.232522
4 0.385745 0.274808 0.508446 0.549616
1 0.499414 0.481331 0.104921 0.182572
0 0.0625761 0.133398 0.125152 0.266796
0 0.173342 0.795508 0.337738 0.408984
2 0.37041 0.775414 0.337346 0.449171
2 0.499414 0.481331 0.104921 0.182572
0 0.211086 0.473465 0.0758449 0.206554
2 0.252795 0.751136 0.453987 0.497728
4 0.50253 0.515642 0.129155 0.254543
3 0.103908 0.808834 0.206462 0.364616
4 0.508242 0.493685 0.141553 0.38796
1 0.118748 0.820787 0.235655 0.34735
1 0.788638 0.747088 0.422652 0.49455
4 0.0634324 0.770782 0.126865 0.432847
4 0.0625761 0.133398 0.125152 0.266796
0 0.222349 0.320998 0.433889 0.641995
4 0.825025 0.365874 0.34995 0.731747
2 0.719283 0.546253 0.0751881 0.328619
4 0.0448362 0.795747 0.0896724 0.40398
0 0.267382 0.44094 0.0610994 0.274531
4 0.626508 0.355416 0.569034 0.710832
4 0.719283 0.546253 0.0751881 0.328619
4 0.72002 0.374355 0.559961 0.748711
4 0.0146789 0.373878 0.0293578 0.6257
0 0.373906 0.420566 0.154911 0.456554
0 0.34006 0.257536 0.450445 0.515072
4 0.0112617 0.596784 0.0225233 0.674449
0 0.614363 0.374074 0.352171 0.748148
3 0.046677 0.597639 0.093354 0.383993
4 0.435769 0.0563507 0.737477 0.112701
0 0.265002 0.446059 0.0680406 0.134267
0 0.0146789 0.373878 0.0293578 0.6257
2 0.809297 0.675618 0.380827 0.637347
4 0.0140353 0.674103 0.0280705 0.605962
0 0.26247 0.409555 0.0614532 0.400573
4 0.0227251 0.731924 0.0454503 0.527487
0 0.419226 0.409207 0.227905 0.54115
0 0.293593 0.352273 0.237355 0.691754
0 0.441291 0.349109 0.36642 0.698217
1 0.1998 0.799108 0.393815 0.386384
0 0.840108 0.387369 0.319784 0.68052
4 0.264602 0.310469 0.425829 0.620589
0 0.515926 0.4346 0.197612 0.552523
4 0.0114542 0.481439 0.0229084 0.574984
4 0.490907 0.653164 0.131717 0.409484
4 0.372416 0.340035 0.384143 0.680071
3 0.145395 0.106531 0.29079 0.213062
4 0.019795 0.311764 0.03959 0.623528
4 0.132637 0.189567 0.265275 0.373284
4 0.588309 0.366292 0.295946 0.732584
0 0.208795 0.44262 0.0678388 0.303946
0 0.0879702 0.643695 0.17594 0.478612
4 0.0282797 0.263852 0.0565594 0.527705
2 0.311138 0.39701 0.0403959 0.17355
4 0.637335 0.0627119 0.682768 0.125424
4 0.735779 0.729228 0.10212 0.514209
0 0.623787 0.433474 0.14911 0.545671
4 0.684921 0.0816171 0.622349 0.163234
4 0.723507 0.565162 0.186445 0.596148
4 0.589635 0.43983 0.12503 0.49951
4 0.372143 0.0761776 0.666729 0.152355
4 0.69667 0.549644 0.148486 0.517772
4 0.896515 0.355097 0.206969 0.710195
