0 0.940985 0.548931 0.118031 0.079183
0 0.887068 0.363678 0.0828918 0.427334
0 0.939158 0.450841 0.121685 0.26535
0 0.826366 0.822759 0.347268 0.331905
0 0.88717 0.3079 0.0790737 0.305404
0 0.942158 0.618787 0.115683 0.210893
0 0.929655 0.709695 0.14069 0.387444
0 0.919774 0.381212 0.125077 0.476774
0 0.938678 0.531529 0.122645 0.105373
0 0.824924 0.735425 0.350152 0.501347
3 0.715816 0.412253 0.290397 0.752204
1 0.886576 0.309605 0.0823902 0.310326
2 0.886576 0.309605 0.0823902 0.310326
4 0.940468 0.539145 0.119065 0.090942
3 0.219569 0.62976 0.425604 0.215289
0 0.917204 0.266864 0.154261 0.452388
3 0.714674 0.475417 0.23586 0.760194
1 0.940985 0.548931 0.118031 0.079183
3 0.475459 0.461252 0.526192 0.912956
0 0.224561 0.861464 0.439825 0.25738
3 0.59812 0.818436 0.359103 0.363128
3 0.730874 0.679803 0.169932 0.423621
4 0.887068 0.363678 0.0828918 0.427334
0 0.257715 0.760979 0.508182 0.456911
0 0.223953 0.632444 0.439576 0.217127
3 0.939215 0.445105 0.12157 0.276459
0 0.89085 0.238007 0.10923 0.470195
3 0.581157 0.761406 0.397022 0.444204
4 0.939158 0.450841 0.121685 0.26535
3 0.589695 0.413708 0.353017 0.810784
3 0.57336 0.306586 0.434709 0.608504
3 0.939962 0.538371 0.120076 0.0936286
0 0.936784 0.767182 0.126432 0.465637
2 0.940985 0.548931 0.118031 0.079183
3 0.926234 0.251224 0.147532 0.485579
3 0.819484 0.845655 0.35437 0.30869
3 0.214237 0.392941 0.426321 0.784636
3 0.907898 0.245298 0.184204 0.490596
0 0.384762 0.75324 0.755286 0.461186
3 0.399329 0.633897 0.541832 0.715865
3 0.81954 0.746395 0.36092 0.483341
3 0.884877 0.480507 0.165235 0.673861
3 0.938651 0.754238 0.122698 0.473418
3 0.651505 0.478705 0.224366 0.650499
4 0.824424 0.841749 0.351152 0.298103
0 0.933554 0.383065 0.132892 0.459094
0 0.926234 0.251224 0.147532 0.485579
4 0.384762 0.75324 0.755286 0.461186
0 0.874132 0.751493 0.251735 0.475678
4 0.721644 0.751212 0.538747 0.46747
3 0.520718 0.478892 0.38122 0.95744
3 0.317387 0.497974 0.511356 0.985251
3 0.933554 0.383065 0.132892 0.459094
3 0.863852 0.264628 0.272297 0.529255
3 0.697585 0.312382 0.604829 0.624764
3 0.60123 0.26822 0.626627 0.53644
3 0.508992 0.355111 0.450442 0.706565
3 0.938474 0.77399 0.123052 0.452019
3 0.832709 0.758364 0.334583 0.483273
4 0.938651 0.754238 0.122698 0.473418
0 0.530955 0.858696 0.316852 0.265389
3 0.674401 0.337355 0.47171 0.672063
3 0.886576 0.309605 0.0823902 0.310326
3 0.386495 0.875102 0.344254 0.249795
3 0.598335 0.054333 0.706222 0.108666
0 0.863852 0.264628 0.272297 0.529255
3 0.633993 0.0878501 0.700562 0.1757
4 0.219569 0.62976 0.425604 0.215289
0 0.107712 0.8675 0.215424 0.253569
3 0.0333492 0.834606 0.0666984 0.330787
1 0.939158 0.450841 0.121685 0.26535
3 0.224073 0.764063 0.438045 0.464561
3 0.546964 0.683241 0.276783 0.584544
3 0.271494 0.868396 0.432807 0.263209
0 0.15309 0.168438 0.30618 0.336877
3 0.625731 0.68649 0.243143 0.500361
3 0.0283402 0.333676 0.0566803 0.634177
3 0.674417 0.577062 0.173273 0.226906
4 0.224073 0.764063 0.438045 0.464561
4 0.584721 0.75188 0.440089 0.467923
3 0.557016 0.844471 0.345672 0.311059
3 0.359539 0.740693 0.694947 0.461021
3 0.47012 0.87487 0.32193 0.25026
0 0.900427 0.185655 0.199146 0.37131
3 0.451207 0.272096 0.558853 0.540212
3 0.0186521 0.63867 0.0373042 0.72089
4 0.824385 0.819542 0.35123 0.360916
3 0.220603 0.865793 0.433955 0.268414
0 0.25294 0.67203 0.490577 0.299885
3 0.900427 0.185655 0.199146 0.37131
3 0.25294 0.67203 0.490577 0.299885
3 0.910946 0.338305 0.145715 0.397862
3 0.0342997 0.852958 0.0685995 0.294083
3 0.485419 0.738501 0.561115 0.48962
3 0.309029 0.329515 0.618057 0.65903
4 0.823678 0.744987 0.352645 0.483339
3 0.0193359 0.385424 0.0386718 0.695721
3 0.724449 0.84072 0.34444 0.31856
3 0.159915 0.865207 0.319829 0.269585
3 0.415543 0.0528187 0.829961 0.105637
3 0.509766 0.864317 0.315049 0.271366
4 0.937667 0.618668 0.124666 0.204378
3 0.587454 0.106626 0.782874 0.213252
0 0.823709 0.628533 0.257662 0.675913
3 0.421549 0.106313 0.775677 0.212626
3 0.15309 0.168438 0.30618 0.336877
0 0.230871 0.865702 0.454323 0.268596
3 0.0252707 0.726011 0.0505415 0.547978
3 0.0328634 0.285084 0.0657267 0.570167
3 0.880936 0.24023 0.130715 0.478949
3 0.874132 0.751493 0.251735 0.475678
3 0.0504517 0.284988 0.100903 0.569975
4 0.112511 0.7715 0.225023 0.448819
4 0.25294 0.67203 0.490577 0.299885
0 0.560914 0.785583 0.414982 0.402285
1 0.921955 0.388091 0.144534 0.479661
3 0.506675 0.143342 0.798164 0.286684
3 0.823709 0.628533 0.257662 0.675913
4 0.938474 0.77399 0.123052 0.452019
0 0.633993 0.0878501 0.700562 0.1757
4 0.724449 0.84072 0.34444 0.31856
0 0.401904 0.0525984 0.803808 0.105197
3 0.560882 0.224383 0.511083 0.448767
0 0.697585 0.312382 0.604829 0.624764
3 0.387382 0.34735 0.507244 0.678332
0 0.534981 0.285077 0.415085 0.555439
3 0.443408 0.851627 0.468854 0.268939
4 0.921955 0.388091 0.144534 0.479661
3 0.386645 0.147866 0.773291 0.295732
0 0.557016 0.844471 0.345672 0.311059
4 0.534981 0.285077 0.415085 0.555439
0 0.21827 0.410427 0.432873 0.817475
4 0.212912 0.384731 0.418754 0.769461
3 0.476968 0.861761 0.308134 0.260332
3 0.815548 0.374909 0.231157 0.471432
3 0.348996 0.807014 0.573035 0.358153
2 0.823709 0.628533 0.257662 0.675913
3 0.942158 0.618787 0.115683 0.210893
3 0.335446 0.86023 0.462046 0.273763
0 0.938474 0.77399 0.123052 0.452019
4 0.0749083 0.642553 0.14854 0.23307
0 0.0169603 0.568073 0.0339205 0.717169
3 0.0749083 0.642553 0.14854 0.23307
0 0.884877 0.480507 0.165235 0.673861
3 0.254693 0.289618 0.390166 0.570273
0 0.674417 0.577062 0.173273 0.226906
0 0.590031 0.0584808 0.732147 0.116962
0 0.625731 0.68649 0.243143 0.500361
4 0.215504 0.864213 0.424947 0.2564
3 0.674622 0.74003 0.43566 0.490759
3 0.827346 0.463118 0.218791 0.637607
3 0.749381 0.37125 0.370793 0.585411
0 0.587454 0.106626 0.782874 0.213252
4 0.543915 0.447632 0.398799 0.8819
1 0.942158 0.618787 0.115683 0.210893
0 0.386645 0.147866 0.773291 0.295732
0 0.832709 0.758364 0.334583 0.483273
1 0.910946 0.338305 0.145715 0.397862
0 0.721644 0.751212 0.538747 0.46747
4 0.401904 0.0525984 0.803808 0.105197
0 0.509766 0.864317 0.315049 0.271366
0 0.421549 0.106313 0.775677 0.212626
4 0.929655 0.709695 0.14069 0.387444
3 0.134455 0.372956 0.26891 0.71736
3 0.2488 0.846037 0.471295 0.282493
4 0.525642 0.856591 0.363271 0.261656
4 0.926234 0.251224 0.147532 0.485579
0 0.0504517 0.284988 0.100903 0.569975
0 0.476968 0.861761 0.308134 0.260332
3 0.105237 0.418583 0.210473 0.742973
4 0.443408 0.851627 0.468854 0.268939
0 0.335446 0.86023 0.462046 0.273763
3 0.562472 0.851645 0.357487 0.279067
0 0.730874 0.679803 0.169932 0.423621
0 0.506675 0.143342 0.798164 0.286684
3 0.181096 0.299319 0.362192 0.598638
4 0.0193359 0.385424 0.0386718 0.695721
4 0.0342997 0.852958 0.0685995 0.294083
0 0.159915 0.865207 0.319829 0.269585
4 0.557016 0.844471 0.345672 0.311059
2 0.825265 0.749671 0.349469 0.47249
4 0.134455 0.372956 0.26891 0.71736
0 0.321197 0.218563 0.642394 0.437125
4 0.15309 0.168438 0.30618 0.336877
4 0.89085 0.238007 0.10923 0.470195
4 0.399329 0.633897 0.541832 0.715865
4 0.0186521 0.63867 0.0373042 0.72089
0 0.275777 0.492359 0.453796 0.933063
1 0.749381 0.37125 0.370793 0.585411
0 0.0193359 0.385424 0.0386718 0.695721
4 0.106954 0.871408 0.213861 0.25279
4 0.159915 0.865207 0.319829 0.269585
4 0.546964 0.683241 0.276783 0.584544
4 0.910946 0.338305 0.145715 0.397862
0 0.543915 0.447632 0.398799 0.8819
0 0.47012 0.87487 0.32193 0.25026
4 0.376417 0.296549 0.681995 0.593099
0 0.724449 0.84072 0.34444 0.31856
4 0.0504517 0.284988 0.100903 0.569975
4 0.451207 0.272096 0.558853 0.540212
4 0.900427 0.185655 0.199146 0.37131
4 0.230871 0.865702 0.454323 0.268596
3 0.321197 0.218563 0.642394 0.437125
3 0.114981 0.294788 0.229963 0.55281
4 0.47012 0.87487 0.32193 0.25026
4 0.275777 0.492359 0.453796 0.933063
0 0.579315 0.685837 0.274089 0.552218
3 0.189603 0.210155 0.379207 0.420309
0 0.208012 0.218226 0.416025 0.436452
0 0.104467 0.757709 0.208934 0.446439
4 0.0283402 0.333676 0.0566803 0.634177
4 0.560882 0.224383 0.511083 0.448767
4 0.0252707 0.726011 0.0505415 0.547978
0 0.560882 0.224383 0.511083 0.448767
4 0.88717 0.3079 0.0790737 0.305404
4 0.348996 0.807014 0.573035 0.358153
4 0.598335 0.054333 0.706222 0.108666
4 0.421549 0.106313 0.775677 0.212626
4 0.0326907 0.776292 0.0653813 0.447416
1 0.107712 0.8675 0.215424 0.253569
0 0.0328634 0.285084 0.0657267 0.570167
4 0.59812 0.818436 0.359103 0.363128
4 0.874132 0.751493 0.251735 0.475678
4 0.0328634 0.285084 0.0657267 0.570167
1 0.202992 0.863091 0.403581 0.257851
3 0.116127 0.869759 0.232254 0.260482
0 0.451207 0.272096 0.558853 0.540212
4 0.941271 0.557155 0.117457 0.09991
4 0.863852 0.264628 0.272297 0.529255
4 0.587454 0.106626 0.782874 0.213252
4 0.697585 0.312382 0.604829 0.624764
4 0.633993 0.0878501 0.700562 0.1757
4 0.335446 0.86023 0.462046 0.273763
4 0.386495 0.875102 0.344254 0.249795
0 0.0342997 0.852958 0.0685995 0.294083
4 0.509766 0.864317 0.315049 0.271366
4 0.508992 0.355111 0.450442 0.706565
4 0.506675 0.143342 0.798164 0.286684
0 0.386495 0.875102 0.344254 0.249795
4 0.917204 0.266864 0.154261 0.452388
1 0.822132 0.745083 0.355737 0.485848
0 0.443408 0.851627 0.468854 0.268939
0 0.399329 0.633897 0.541832 0.715865
0 0.629885 0.331898 0.637605 0.663797
4 0.625731 0.68649 0.243143 0.500361
3 0.104467 0.757709 0.208934 0.446439
4 0.674417 0.577062 0.173273 0.226906
0 0.827346 0.463118 0.218791 0.637607
4 0.114981 0.294788 0.229963 0.55281
4 0.576246 0.338157 0.384142 0.656304
1 0.89085 0.238007 0.10923 0.470195
0 0.0283402 0.333676 0.0566803 0.634177
1 0.821719 0.844453 0.34762 0.290973
1 0.562472 0.851645 0.357487 0.279067
0 0.0749083 0.642553 0.14854 0.23307
1 0.590556 0.788592 0.372276 0.40804
1 0.194542 0.751907 0.38796 0.483801
2 0.554979 0.736401 0.435141 0.494929
0 0.212525 0.291505 0.416079 0.562069
2 0.674401 0.337355 0.47171 0.672063
2 0.674622 0.74003 0.43566 0.490759
2 0.121873 0.314374 0.243746 0.628747
2 0.929655 0.709695 0.14069 0.387444
4 0.60123 0.26822 0.626627 0.53644
2 0.919774 0.381212 0.125077 0.476774
4 0.651505 0.478705 0.224366 0.650499
4 0.202763 0.29348 0.405097 0.55978
0 0.348996 0.807014 0.573035 0.358153
2 0.312663 0.727711 0.593164 0.419822
1 0.936784 0.767182 0.126432 0.465637
2 0.939215 0.445105 0.12157 0.276459
4 0.105237 0.418583 0.210473 0.742973
2 0.827346 0.463118 0.218791 0.637607
2 0.25294 0.67203 0.490577 0.299885
0 0.0252707 0.726011 0.0505415 0.547978
2 0.824424 0.841749 0.351152 0.298103
0 0.0333492 0.834606 0.0666984 0.330787
2 0.938678 0.531529 0.122645 0.105373
4 0.432371 0.491465 0.497041 0.978907
0 0.114981 0.294788 0.229963 0.55281
4 0.387382 0.34735 0.507244 0.678332
4 0.823709 0.628533 0.257662 0.675913
3 0.825054 0.813417 0.349892 0.35014
3 0.941271 0.557155 0.117457 0.09991
4 0.827346 0.463118 0.218791 0.637607
2 0.321197 0.218563 0.642394 0.437125
4 0.674401 0.337355 0.47171 0.672063
2 0.730874 0.679803 0.169932 0.423621
0 0.576246 0.338157 0.384142 0.656304
2 0.223953 0.632444 0.439576 0.217127
4 0.730874 0.679803 0.169932 0.423621
2 0.714674 0.475417 0.23586 0.760194
0 0.134455 0.372956 0.26891 0.71736
0 0.59812 0.818436 0.359103 0.363128
1 0.21581 0.296267 0.425803 0.564835
2 0.674417 0.577062 0.173273 0.226906
2 0.47012 0.87487 0.32193 0.25026
1 0.534981 0.285077 0.415085 0.555439
1 0.510636 0.860621 0.301779 0.261337
2 0.21581 0.296267 0.425803 0.564835
0 0.940974 0.548948 0.118052 0.0791907
0 0.887068 0.363578 0.0828571 0.427035
0 0.939141 0.450933 0.121717 0.265131
0 0.826351 0.822689 0.347299 0.332095
0 0.88718 0.307879 0.0790726 0.305366
0 0.942144 0.618654 0.115711 0.210657
0 0.930058 0.708227 0.139883 0.384578
0 0.91978 0.381242 0.124976 0.476787
0 0.938679 0.531545 0.122643 0.105339
3 0.715689 0.411343 0.289589 0.750662
1 0.886594 0.309569 0.0824099 0.310298
0 0.824907 0.73538 0.350187 0.501439
2 0.886594 0.309569 0.0824099 0.310298
4 0.940459 0.539138 0.119081 0.0909327
3 0.219433 0.629868 0.425344 0.215385
0 0.917191 0.266982 0.154061 0.45238
3 0.714463 0.474119 0.23504 0.7581
1 0.940974 0.548948 0.118052 0.0791907
3 0.476059 0.461066 0.525281 0.912663
0 0.224497 0.861477 0.439726 0.257399
3 0.597655 0.818723 0.359845 0.362553
3 0.730507 0.678028 0.16878 0.41981
4 0.887068 0.363578 0.0828571 0.427035
3 0.939216 0.445133 0.121568 0.276361
3 0.581215 0.761468 0.397041 0.444125
0 0.257228 0.760988 0.507187 0.456942
0 0.223781 0.632401 0.439233 0.216859
4 0.939141 0.450933 0.121717 0.265131
3 0.589401 0.412642 0.35315 0.808793
3 0.57321 0.306067 0.432763 0.607273
0 0.890617 0.238014 0.108553 0.470189
3 0.939962 0.538365 0.120076 0.0936059
2 0.940974 0.548948 0.118052 0.0791907
3 0.92619 0.251226 0.14762 0.486328
3 0.819441 0.845709 0.354354 0.308581
0 0.936744 0.767183 0.126513 0.465634
3 0.908036 0.245284 0.183927 0.490568
3 0.214197 0.392992 0.426273 0.784625
3 0.401085 0.634573 0.536869 0.71384
3 0.819504 0.746407 0.360991 0.483366
3 0.88487 0.480203 0.165162 0.67302
3 0.938633 0.754147 0.122735 0.473141
3 0.651581 0.477281 0.223934 0.650256
0 0.384775 0.753116 0.755192 0.461323
4 0.824399 0.841821 0.351201 0.297974
4 0.384775 0.753116 0.755192 0.461323
4 0.721716 0.75125 0.538585 0.467394
3 0.317334 0.498046 0.511828 0.985444
3 0.521409 0.478577 0.38048 0.956831
3 0.93358 0.38323 0.13284 0.458531
0 0.92619 0.251226 0.14762 0.486328
0 0.93358 0.38323 0.13284 0.458531
3 0.864319 0.264589 0.271362 0.529179
0 0.873678 0.751434 0.252644 0.475508
3 0.697723 0.312148 0.604554 0.624296
3 0.601157 0.268264 0.625758 0.536528
3 0.509655 0.354647 0.449274 0.705683
3 0.938408 0.774013 0.123185 0.451974
3 0.83271 0.758313 0.334579 0.483374
4 0.938633 0.754147 0.122735 0.473141
3 0.674509 0.337382 0.470879 0.671934
3 0.886594 0.309569 0.0824099 0.310298
3 0.386907 0.875684 0.343489 0.248632
3 0.598328 0.0547309 0.706133 0.109462
3 0.633776 0.0889241 0.700664 0.177848
0 0.530874 0.85868 0.316614 0.265463
4 0.219433 0.629868 0.425344 0.215385
3 0.0335572 0.834762 0.0671145 0.330476
1 0.939141 0.450933 0.121717 0.265131
0 0.864319 0.264589 0.271362 0.529179
3 0.223882 0.764133 0.437651 0.464703
3 0.271454 0.868617 0.432848 0.262767
3 0.547053 0.683346 0.275538 0.583491
0 0.108141 0.867501 0.216282 0.253581
3 0.62591 0.685939 0.242502 0.49854
3 0.0283224 0.333805 0.0566449 0.634313
3 0.67483 0.575772 0.172144 0.223922
4 0.223882 0.764133 0.437651 0.464703
4 0.584195 0.751891 0.441575 0.467896
3 0.556766 0.844555 0.345607 0.310891
0 0.152907 0.168667 0.305814 0.337333
3 0.384982 0.758074 0.670705 0.462705
3 0.470097 0.875462 0.321659 0.249076
3 0.452571 0.272319 0.556151 0.540405
3 0.0187498 0.638867 0.0374996 0.720179
4 0.824354 0.819471 0.351291 0.361058
3 0.220585 0.865844 0.433904 0.268312
0 0.900472 0.186153 0.199056 0.372307
3 0.900472 0.186153 0.199056 0.372307
3 0.252159 0.669811 0.488915 0.29512
3 0.0344244 0.853109 0.0688488 0.293782
3 0.910907 0.338532 0.145433 0.39766
3 0.309263 0.329471 0.618525 0.658943
3 0.48682 0.738491 0.558229 0.489743
0 0.252159 0.669811 0.488915 0.29512
4 0.82366 0.745005 0.352679 0.483323
3 0.311758 0.726685 0.591263 0.417667
3 0.0193063 0.385429 0.0386127 0.695578
3 0.724241 0.840843 0.344924 0.318314
3 0.160203 0.865252 0.320405 0.269496
3 0.415355 0.0528354 0.829571 0.105671
3 0.509604 0.864564 0.314976 0.270871
4 0.937656 0.61852 0.124688 0.204106
3 0.587933 0.108479 0.782091 0.216957
3 0.42114 0.107131 0.773975 0.214262
3 0.152907 0.168667 0.305814 0.337333
0 0.823429 0.628517 0.257762 0.675624
3 0.0254237 0.72606 0.0508474 0.54788
3 0.0328982 0.285127 0.0657965 0.570255
0 0.23084 0.865763 0.45431 0.268475
3 0.881115 0.240238 0.129335 0.478924
3 0.873678 0.751434 0.252644 0.475508
3 0.0504934 0.285124 0.100987 0.570248
4 0.112741 0.771583 0.225482 0.448693
4 0.252159 0.669811 0.488915 0.29512
1 0.922093 0.388128 0.144162 0.479182
3 0.823429 0.628517 0.257762 0.675624
3 0.506651 0.145751 0.795447 0.291502
4 0.938408 0.774013 0.123185 0.451974
4 0.724241 0.840843 0.344924 0.318314
0 0.560871 0.78691 0.415072 0.399702
3 0.560068 0.224774 0.507277 0.449548
3 0.38799 0.347437 0.510013 0.678696
0 0.633776 0.0889241 0.700664 0.177848
0 0.401559 0.0525455 0.803119 0.105091
3 0.445201 0.851918 0.464144 0.268424
4 0.922093 0.388128 0.144162 0.479182
3 0.386728 0.148684 0.773457 0.297368
4 0.535314 0.284973 0.414323 0.555415
0 0.535314 0.284973 0.414323 0.555415
4 0.212883 0.38474 0.418762 0.76948
0 0.697723 0.312148 0.604554 0.624296
3 0.47697 0.861847 0.307511 0.260176
0 0.556766 0.844555 0.345607 0.310891
3 0.815347 0.37512 0.231533 0.472073
3 0.348659 0.807725 0.572147 0.356808
2 0.823429 0.628517 0.257762 0.675624
3 0.942144 0.618654 0.115711 0.210657
0 0.218268 0.410147 0.432876 0.816742
3 0.335569 0.86024 0.461754 0.274034
4 0.075058 0.642557 0.148836 0.232853
3 0.075058 0.642557 0.148836 0.232853
3 0.254702 0.289575 0.390163 0.570206
0 0.0170062 0.567754 0.0340124 0.714804
0 0.938408 0.774013 0.123185 0.451974
4 0.215406 0.86422 0.424784 0.256467
0 0.88487 0.480203 0.165162 0.67302
3 0.67367 0.740085 0.43266 0.49069
0 0.67483 0.575772 0.172144 0.223922
3 0.827252 0.463269 0.218829 0.637852
0 0.62591 0.685939 0.242502 0.49854
0 0.590439 0.0590584 0.732133 0.118117
0 0.48682 0.738491 0.558229 0.489743
4 0.544087 0.446931 0.398341 0.880612
3 0.749622 0.371478 0.37013 0.585127
4 0.311758 0.726685 0.591263 0.417667
1 0.942144 0.618654 0.115711 0.210657
0 0.587933 0.108479 0.782091 0.216957
1 0.910907 0.338532 0.145433 0.39766
4 0.401559 0.0525455 0.803119 0.105091
0 0.386728 0.148684 0.773457 0.297368
4 0.930058 0.708227 0.139883 0.384578
3 0.133715 0.373205 0.267431 0.717627
3 0.248547 0.846311 0.470776 0.282013
0 0.721716 0.75125 0.538585 0.467394
0 0.83271 0.758313 0.334579 0.483374
0 0.509604 0.864564 0.314976 0.270871
0 0.42114 0.107131 0.773975 0.214262
4 0.525799 0.856589 0.361821 0.261754
4 0.92619 0.251226 0.14762 0.486328
3 0.104498 0.418765 0.208995 0.7413
4 0.445201 0.851918 0.464144 0.268424
3 0.562357 0.851671 0.357292 0.279039
0 0.0504934 0.285124 0.100987 0.570248
3 0.181004 0.299473 0.362009 0.598946
0 0.47697 0.861847 0.307511 0.260176
4 0.0193063 0.385429 0.0386127 0.695578
4 0.0344244 0.853109 0.0688488 0.293782
4 0.133715 0.373205 0.267431 0.717627
2 0.825258 0.749684 0.349485 0.472475
0 0.335569 0.86024 0.461754 0.274034
4 0.556766 0.844555 0.345607 0.310891
4 0.152907 0.168667 0.305814 0.337333
4 0.890617 0.238014 0.108553 0.470189
0 0.730507 0.678028 0.16878 0.41981
4 0.401085 0.634573 0.536869 0.71384
4 0.0187498 0.638867 0.0374996 0.720179
0 0.506651 0.145751 0.795447 0.291502
0 0.160203 0.865252 0.320405 0.269496
1 0.749622 0.371478 0.37013 0.585127
4 0.10713 0.871399 0.21421 0.252789
4 0.160203 0.865252 0.320405 0.269496
0 0.321172 0.219507 0.642345 0.439015
4 0.547053 0.683346 0.275538 0.583491
4 0.910907 0.338532 0.145433 0.39766
4 0.376632 0.296606 0.681922 0.593212
4 0.0504934 0.285124 0.100987 0.570248
0 0.275362 0.491717 0.453971 0.931955
4 0.900472 0.186153 0.199056 0.372307
4 0.452571 0.272319 0.556151 0.540405
0 0.0193063 0.385429 0.0386127 0.695578
0 0.544087 0.446931 0.398341 0.880612
4 0.23084 0.865763 0.45431 0.268475
3 0.321172 0.219507 0.642345 0.439015
0 0.470097 0.875462 0.321659 0.249076
4 0.48682 0.738491 0.558229 0.489743
0 0.724241 0.840843 0.344924 0.318314
3 0.114794 0.294927 0.229588 0.553129
4 0.275362 0.491717 0.453971 0.931955
4 0.470097 0.875462 0.321659 0.249076
3 0.189459 0.210793 0.378917 0.421586
4 0.560068 0.224774 0.507277 0.449548
4 0.0283224 0.333805 0.0566449 0.634313
4 0.0254237 0.72606 0.0508474 0.54788
0 0.579414 0.685808 0.273636 0.551364
0 0.104673 0.75719 0.209346 0.445271
0 0.20799 0.219044 0.41598 0.438088
4 0.88718 0.307879 0.0790726 0.305366
4 0.348659 0.807725 0.572147 0.356808
4 0.598328 0.0547309 0.706133 0.109462
4 0.42114 0.107131 0.773975 0.214262
0 0.560068 0.224774 0.507277 0.449548
4 0.0329469 0.776323 0.0658938 0.447354
1 0.108141 0.867501 0.216282 0.253581
4 0.0328982 0.285127 0.0657965 0.570255
4 0.597655 0.818723 0.359845 0.362553
4 0.873678 0.751434 0.252644 0.475508
3 0.116285 0.86986 0.23257 0.26028
1 0.203043 0.863099 0.403695 0.257892
4 0.941269 0.557214 0.117463 0.100002
4 0.864319 0.264589 0.271362 0.529179
4 0.697723 0.312148 0.604554 0.624296
4 0.587933 0.108479 0.782091 0.216957
4 0.633776 0.0889241 0.700664 0.177848
4 0.335569 0.86024 0.461754 0.274034
0 0.0328982 0.285127 0.0657965 0.570255
4 0.386907 0.875684 0.343489 0.248632
0 0.452571 0.272319 0.556151 0.540405
4 0.509604 0.864564 0.314976 0.270871
4 0.506651 0.145751 0.795447 0.291502
0 0.0344244 0.853109 0.0688488 0.293782
4 0.917191 0.266982 0.154061 0.45238
1 0.822098 0.745026 0.355805 0.486057
0 0.386907 0.875684 0.343489 0.248632
4 0.62591 0.685939 0.242502 0.49854
4 0.67483 0.575772 0.172144 0.223922
3 0.104673 0.75719 0.209346 0.445271
0 0.445201 0.851918 0.464144 0.268424
4 0.576342 0.337739 0.383263 0.655582
0 0.401085 0.634573 0.536869 0.71384
4 0.114794 0.294927 0.229588 0.553129
1 0.890617 0.238014 0.108553 0.470189
1 0.562357 0.851671 0.357292 0.279039
0 0.629887 0.332153 0.637094 0.664305
1 0.821673 0.844618 0.347594 0.290672
0 0.827252 0.463269 0.218829 0.637852
1 0.590535 0.7888 0.372262 0.40761
0 0.0283224 0.333805 0.0566449 0.634313
1 0.194484 0.752019 0.387849 0.483646
0 0.075058 0.642557 0.148836 0.232853
2 0.555287 0.736413 0.434517 0.495043
2 0.674509 0.337382 0.470879 0.671934
2 0.67367 0.740085 0.43266 0.49069
2 0.121803 0.314483 0.243607 0.628965
2 0.930058 0.708227 0.139883 0.384578
4 0.601157 0.268264 0.625758 0.536528
0 0.212517 0.291598 0.416067 0.56229
2 0.91978 0.381242 0.124976 0.476787
4 0.651581 0.477281 0.223934 0.650256
4 0.202717 0.293562 0.40503 0.560007
2 0.311758 0.726685 0.591263 0.417667
1 0.936744 0.767183 0.126513 0.465634
4 0.104498 0.418765 0.208995 0.7413
2 0.939216 0.445133 0.121568 0.276361
2 0.827252 0.463269 0.218829 0.637852
2 0.252159 0.669811 0.488915 0.29512
2 0.824399 0.841821 0.351201 0.297974
2 0.938679 0.531545 0.122643 0.105339
4 0.433657 0.49142 0.495554 0.978831
0 0.348659 0.807725 0.572147 0.356808
4 0.38799 0.347437 0.510013 0.678696
0 0.0254237 0.72606 0.0508474 0.54788
4 0.823429 0.628517 0.257762 0.675624
0 0.0335572 0.834762 0.0671145 0.330476
3 0.941269 0.557214 0.117463 0.100002
0 0.114794 0.294927 0.229588 0.553129
2 0.382504 0.738534 0.737922 0.481202
3 0.825037 0.813327 0.349927 0.350334
4 0.827252 0.463269 0.218829 0.637852
2 0.321172 0.219507 0.642345 0.439015
4 0.674509 0.337382 0.470879 0.671934
2 0.730507 0.678028 0.16878 0.41981
2 0.223781 0.632401 0.439233 0.216859
4 0.730507 0.678028 0.16878 0.41981
2 0.714463 0.474119 0.23504 0.7581
0 0.576342 0.337739 0.383263 0.655582
1 0.215819 0.296248 0.425806 0.564849
2 0.67483 0.575772 0.172144 0.223922
2 0.470097 0.875462 0.321659 0.249076
1 0.535314 0.284973 0.414323 0.555415
