3 0.886123 0.295869 0.0735027 0.316751
0 0.830825 0.792767 0.33835 0.406
0 0.903569 0.269751 0.117712 0.341207
0 0.761648 0.771451 0.476703 0.442255
0 0.9209 0.223296 0.1582 0.435128
0 0.886978 0.282697 0.0803284 0.277906
0 0.486121 0.0281024 0.96574 0.0562047
3 0.676953 0.5 0.544732 1
0 0.646236 0.769126 0.707527 0.447959
0 0.363901 0.789619 0.689708 0.391341
0 0.481595 0.762089 0.886461 0.46111
0 0.364363 0.0459619 0.727542 0.0919238
3 0.903837 0.503809 0.192326 0.984648
3 0.497534 0.500049 0.729546 0.999902
0 0.912129 0.551513 0.159749 0.86576
3 0.344775 0.501467 0.552157 0.997065
0 0.750171 0.219907 0.499659 0.439814
3 0.658678 0.3428 0.555757 0.681965
3 0.934216 0.648876 0.131569 0.611983
3 0.832941 0.649206 0.334119 0.691285
0 0.937853 0.816609 0.124294 0.365918
0 0.0578013 0.817795 0.115603 0.351514
3 0.378127 0.502811 0.69507 0.994378
4 0.830683 0.796755 0.338634 0.401546
3 0.808934 0.791314 0.37452 0.417372
0 0.220036 0.151397 0.440073 0.302794
0 0.923132 0.276963 0.153735 0.553925
3 0.719817 0.785386 0.540005 0.429229
0 0.643296 0.0442498 0.713408 0.0884995
3 0.40008 0.631582 0.350346 0.681685
3 0.451237 0.677348 0.272206 0.5038
2 0.909443 0.279213 0.122902 0.307116
0 0.00923224 0.67522 0.0184645 0.624371
3 0.279524 0.789731 0.55274 0.420538
3 0.199191 0.793748 0.384056 0.412504
3 0.149441 0.267392 0.297885 0.511884
3 0.918106 0.25811 0.154565 0.474127
0 0.289816 0.0627306 0.579632 0.125461
3 0.220036 0.151397 0.440073 0.302794
3 0.452434 0.337759 0.629587 0.668772
3 0.689984 0.237918 0.620031 0.475836
3 0.643296 0.0442498 0.713408 0.0884995
3 0.734671 0.494351 0.404254 0.850504
3 0.343501 0.335785 0.566099 0.648476
3 0.122925 0.411888 0.245851 0.816072
3 0.134857 0.814034 0.268674 0.371931
4 0.505362 0.76504 0.946253 0.456491
3 0.519313 0.0290323 0.925145 0.0580646
3 0.932378 0.443168 0.135244 0.766596
3 0.632497 0.782134 0.550315 0.435732
3 0.119625 0.731672 0.239251 0.484263
4 0.543555 0.0246683 0.91289 0.0493365
3 0.520953 0.620253 0.370973 0.700813
3 0.58861 0.298122 0.504032 0.596243
0 0.0270175 0.800178 0.0540351 0.398288
3 0.499247 0.745847 0.84478 0.486592
0 0.156329 0.801597 0.311788 0.388878
3 0.114184 0.251135 0.228368 0.502271
3 0.191907 0.720252 0.381299 0.521068
3 0.24529 0.491731 0.488162 0.979309
3 0.943736 0.821118 0.112527 0.357763
3 0.883114 0.219146 0.233773 0.438293
3 0.38638 0.782611 0.638565 0.434779
0 0.191853 0.273518 0.376095 0.531056
3 0.804937 0.535403 0.390126 0.914116
0 0.24542 0.773366 0.48227 0.435201
4 0.643296 0.0442498 0.713408 0.0884995
0 0.853526 0.221893 0.292948 0.443786
3 0.148661 0.478633 0.297321 0.957265
4 0.423088 0.7864 0.714487 0.395893
3 0.00957978 0.66535 0.0191596 0.631981
3 0.634471 0.284784 0.702714 0.569567
0 0.462429 0.0994062 0.902966 0.198812
0 0.774505 0.134188 0.450989 0.268377
3 0.754546 0.186344 0.490909 0.372689
3 0.442781 0.0467236 0.88448 0.0934472
0 0.662481 0.239856 0.675037 0.479712
3 0.488839 0.738869 0.491155 0.490887
3 0.620898 0.787377 0.726325 0.411541
3 0.477789 0.779029 0.673584 0.441941
3 0.321766 0.0502045 0.63995 0.100409
3 0.0428869 0.245694 0.0857739 0.491389
3 0.774505 0.134188 0.450989 0.268377
3 0.052645 0.721748 0.10529 0.430756
0 0.011773 0.721448 0.023546 0.556465
3 0.392429 0.734341 0.51623 0.502833
4 0.719817 0.785386 0.540005 0.429229
4 0.170067 0.271642 0.336872 0.528373
3 0.290838 0.722795 0.568424 0.52445
4 0.689984 0.237918 0.620031 0.475836
0 0.488839 0.738869 0.491155 0.490887
3 0.903569 0.269751 0.117712 0.341207
0 0.862476 0.557029 0.239167 0.842659
3 0.0289533 0.317741 0.0579067 0.619146
4 0.199191 0.793748 0.384056 0.412504
4 0.339096 0.786816 0.59033 0.426368
4 0.562296 0.778276 0.569444 0.443448
3 0.0180501 0.768949 0.0361002 0.462102
4 0.943736 0.821118 0.112527 0.357763
4 0.919358 0.237326 0.153019 0.409551
0 0.943736 0.821118 0.112527 0.357763
3 0.0143801 0.415886 0.0287602 0.772096
0 0.0180501 0.768949 0.0361002 0.462102
3 0.158901 0.34748 0.315534 0.691999
4 0.646236 0.769126 0.707527 0.447959
0 0.421677 0.780537 0.662398 0.438927
0 0.392429 0.734341 0.51623 0.502833
4 0.441137 0.779376 0.700417 0.441248
0 0.0821106 0.815258 0.164221 0.369483
4 0.442781 0.0467236 0.88448 0.0934472
4 0.519652 0.742031 0.691869 0.487344
4 0.0310089 0.804623 0.0620177 0.390755
4 0.134857 0.814034 0.268674 0.371931
3 0.7012 0.258297 0.464339 0.50099
0 0.0143801 0.415886 0.0287602 0.772096
4 0.650839 0.325168 0.560085 0.650336
3 0.0310089 0.804623 0.0620177 0.390755
3 0.0270175 0.800178 0.0540351 0.398288
0 0.0310089 0.804623 0.0620177 0.390755
3 0.828624 0.809342 0.342752 0.381316
4 0.934216 0.648876 0.131569 0.611983
3 0.616688 0.557162 0.720343 0.870456
3 0.93395 0.773422 0.132099 0.453155
2 0.912129 0.551513 0.159749 0.86576
0 0.934216 0.648876 0.131569 0.611983
3 0.736786 0.745857 0.526428 0.488071
0 0.483992 0.183073 0.967985 0.366147
4 0.914445 0.513873 0.169976 0.947287
3 0.262558 0.083555 0.525116 0.16711
4 0.00923224 0.67522 0.0184645 0.624371
4 0.606036 0.24653 0.550515 0.493061
0 0.40008 0.631582 0.350346 0.681685
0 0.451237 0.677348 0.272206 0.5038
3 0.0497148 0.589943 0.0994297 0.392909
4 0.0821106 0.815258 0.164221 0.369483
3 0.862476 0.557029 0.239167 0.842659
4 0.321766 0.0502045 0.63995 0.100409
4 0.937853 0.816609 0.124294 0.365918
4 0.853526 0.221893 0.292948 0.443786
4 0.0143801 0.415886 0.0287602 0.772096
0 0.719817 0.785386 0.540005 0.429229
4 0.343501 0.335785 0.566099 0.648476
4 0.334838 0.728279 0.564586 0.516321
3 0.24542 0.773366 0.48227 0.435201
4 0.932378 0.443168 0.135244 0.766596
4 0.220036 0.151397 0.440073 0.302794
0 0.471295 0.272609 0.94259 0.545219
3 0.011773 0.721448 0.023546 0.556465
2 0.24542 0.773366 0.48227 0.435201
4 0.452434 0.337759 0.629587 0.668772
4 0.761648 0.771451 0.476703 0.442255
4 0.668045 0.494759 0.581209 0.989519
4 0.754546 0.186344 0.490909 0.372689
3 0.0658952 0.783444 0.13179 0.411342
0 0.532023 0.249075 0.719823 0.498149
4 0.0658952 0.783444 0.13179 0.411342
4 0.471784 0.260911 0.729354 0.521821
4 0.909443 0.279213 0.122902 0.307116
4 0.634471 0.284784 0.702714 0.569567
3 0.0687634 0.371035 0.137527 0.724842
0 0.844655 0.509531 0.310689 0.965665
3 0.471295 0.272609 0.94259 0.545219
1 0.828528 0.798127 0.342945 0.396495
0 0.621497 0.316544 0.53214 0.633088
4 0.24542 0.773366 0.48227 0.435201
4 0.242858 0.275273 0.470653 0.544733
0 0.132275 0.257109 0.264549 0.489189
3 0.267453 0.281724 0.529515 0.563447
4 0.462429 0.0994062 0.902966 0.198812
4 0.344775 0.501467 0.552157 0.997065
0 0.343501 0.335785 0.566099 0.648476
4 0.0289533 0.317741 0.0579067 0.619146
3 0.532023 0.249075 0.719823 0.498149
3 0.44472 0.785908 0.639288 0.408492
3 0.0821106 0.815258 0.164221 0.369483
1 0.903569 0.269751 0.117712 0.341207
4 0.774505 0.134188 0.450989 0.268377
0 0.339132 0.509448 0.422826 0.953925
4 0.0270175 0.800178 0.0540351 0.398288
4 0.262558 0.083555 0.525116 0.16711
0 0.114184 0.251135 0.228368 0.502271
0 0.0289533 0.317741 0.0579067 0.619146
4 0.923132 0.276963 0.153735 0.553925
4 0.114184 0.251135 0.228368 0.502271
0 0.832941 0.649206 0.334119 0.691285
0 0.562296 0.778276 0.569444 0.443448
0 0.267697 0.277771 0.535394 0.555541
0 0.119625 0.731672 0.239251 0.484263
0 0.520953 0.620253 0.370973 0.700813
1 0.217186 0.782765 0.428483 0.402492
4 0.832941 0.649206 0.334119 0.691285
0 0.31127 0.788311 0.60859 0.423378
0 0.932378 0.443168 0.135244 0.766596
2 0.736786 0.745857 0.526428 0.488071
4 0.042193 0.263929 0.084386 0.527857
4 0.011773 0.721448 0.023546 0.556465
2 0.347698 0.782248 0.66971 0.424406
4 0.451237 0.677348 0.272206 0.5038
4 0.520953 0.620253 0.370973 0.700813
0 0.290838 0.722795 0.568424 0.52445
4 0.122925 0.411888 0.245851 0.816072
4 0.378127 0.502811 0.69507 0.994378
4 0.0180501 0.768949 0.0361002 0.462102
4 0.862476 0.557029 0.239167 0.842659
4 0.483992 0.183073 0.967985 0.366147
0 0.0428869 0.245694 0.0857739 0.491389
4 0.121367 0.286512 0.242733 0.546968
0 0.052645 0.721748 0.10529 0.430756
2 0.191907 0.720252 0.381299 0.521068
1 0.884995 0.286412 0.074589 0.282301
2 0.844655 0.509531 0.310689 0.965665
0 0.452434 0.337759 0.629587 0.668772
4 0.0687634 0.371035 0.137527 0.724842
4 0.40008 0.631582 0.350346 0.681685
4 0.191907 0.720252 0.381299 0.521068
4 0.22212 0.401384 0.440578 0.79477
4 0.513146 0.5 0.691882 1
2 0.290838 0.722795 0.568424 0.52445
1 0.918106 0.25811 0.154565 0.474127
3 0.483992 0.183073 0.967985 0.366147
0 0.191907 0.720252 0.381299 0.521068
2 0.324659 0.289567 0.602225 0.579134
4 0.119625 0.731672 0.239251 0.484263
0 0.7012 0.258297 0.464339 0.50099
4 0.844655 0.509531 0.310689 0.965665
2 0.830825 0.792767 0.33835 0.406
0 0.318247 0.502725 0.574967 0.994549
2 0.749638 0.537005 0.446319 0.898079
1 0.937853 0.816609 0.124294 0.365918
3 0.818695 0.740608 0.362611 0.497519
4 0.052645 0.721748 0.10529 0.430756
2 0.488839 0.738869 0.491155 0.490887
2 0.625546 0.746379 0.748908 0.491398
3 0.485982 0.110975 0.827458 0.22195
2 0.919358 0.237326 0.153019 0.409551
3 0.327155 0.789228 0.646384 0.392446
4 0.886978 0.282697 0.0803284 0.277906
4 0.362353 0.288706 0.71715 0.577413
2 0.119625 0.731672 0.239251 0.484263
4 0.749638 0.537005 0.446319 0.898079
2 0.475382 0.769471 0.835062 0.432479
0 0.22212 0.401384 0.440578 0.79477
0 0.0687634 0.371035 0.137527 0.724842
1 0.439208 0.781958 0.722529 0.4163
2 0.392429 0.734341 0.51623 0.502833
2 0.133927 0.260742 0.267855 0.521483
2 0.943736 0.821118 0.112527 0.357763
1 0.683974 0.261229 0.575898 0.522458
0 0.558928 0.520437 0.708335 0.937882
2 0.632497 0.782134 0.550315 0.435732
2 0.683974 0.261229 0.575898 0.522458
1 0.873702 0.223535 0.227994 0.423716
4 0.177358 0.469151 0.354717 0.938302
0 0.44559 0.5 0.650998 1
2 0.922848 0.812499 0.154304 0.375002
2 0.923132 0.276963 0.153735 0.553925
0 0.734671 0.494351 0.404254 0.850504
2 0.00923224 0.67522 0.0184645 0.624371
2 0.0270175 0.800178 0.0540351 0.398288
2 0.0687634 0.371035 0.137527 0.724842
4 0.0497148 0.589943 0.0994297 0.392909
1 0.734671 0.494351 0.404254 0.850504
1 0.912129 0.551513 0.159749 0.86576
1 0.736166 0.792987 0.514998 0.405032
2 0.199191 0.793748 0.384056 0.412504
2 0.754546 0.186344 0.490909 0.372689
2 0.122925 0.411888 0.245851 0.816072
1 0.156329 0.801597 0.311788 0.388878
1 0.620898 0.787377 0.726325 0.411541
0 0.691752 0.594512 0.598277 0.795724
0 0.199191 0.793748 0.384056 0.412504
0 0.122925 0.411888 0.245851 0.816072
2 0.932378 0.443168 0.135244 0.766596
4 0.7012 0.258297 0.464339 0.50099
2 0.462518 0.275375 0.619752 0.550749
2 0.0821106 0.815258 0.164221 0.369483
0 0.0497148 0.589943 0.0994297 0.392909
2 0.344775 0.501467 0.552157 0.997065
2 0.0497148 0.589943 0.0994297 0.392909
2 0.483992 0.183073 0.967985 0.366147
2 0.774505 0.134188 0.450989 0.268377
2 0.40008 0.631582 0.350346 0.681685
2 0.471295 0.272609 0.94259 0.545219
2 0.719817 0.785386 0.540005 0.429229
2 0.462429 0.0994062 0.902966 0.198812
2 0.0310089 0.804623 0.0620177 0.390755
1 0.191907 0.720252 0.381299 0.521068
2 0.134857 0.814034 0.268674 0.371931
2 0.558928 0.520437 0.708335 0.937882
2 0.177358 0.469151 0.354717 0.938302
2 0.69547 0.222134 0.609061 0.444268
2 0.187178 0.271575 0.374356 0.543151
1 0.148661 0.478633 0.297321 0.957265
1 0.164452 0.276489 0.325688 0.549975
2 0.862476 0.557029 0.239167 0.842659
2 0.477789 0.779029 0.673584 0.441941
2 0.0289533 0.317741 0.0579067 0.619146
2 0.934216 0.648876 0.131569 0.611983
2 0.60247 0.237793 0.720813 0.475586
2 0.011773 0.721448 0.023546 0.556465
3 0.886128 0.295885 0.0735241 0.316773
0 0.830829 0.792814 0.338341 0.405904
0 0.903176 0.270455 0.116878 0.33944
0 0.76187 0.771528 0.47626 0.44218
0 0.920925 0.223441 0.158151 0.435301
0 0.886966 0.282683 0.0802372 0.277804
3 0.67707 0.50014 0.544008 0.999719
0 0.485968 0.0280789 0.9658 0.0561578
0 0.648774 0.769169 0.702452 0.447936
0 0.363918 0.789701 0.689309 0.391163
0 0.364757 0.0459241 0.728475 0.0918482
0 0.481754 0.76203 0.885153 0.461244
3 0.903927 0.503888 0.192145 0.984514
3 0.498756 0.500147 0.725065 0.999706
0 0.912075 0.551773 0.159266 0.864957
3 0.345649 0.501773 0.549097 0.996453
3 0.658505 0.343498 0.555201 0.682769
3 0.934211 0.648296 0.131577 0.611718
3 0.833088 0.648243 0.333825 0.69327
0 0.751394 0.219954 0.497211 0.439908
3 0.377861 0.503007 0.693232 0.993987
0 0.937863 0.816792 0.124273 0.36547
0 0.057836 0.817864 0.115672 0.351409
4 0.830685 0.796788 0.33863 0.401499
3 0.808792 0.791285 0.37467 0.417429
3 0.72003 0.785351 0.539241 0.429298
2 0.908981 0.279602 0.121966 0.306295
0 0.92311 0.277696 0.153781 0.555392
3 0.401266 0.639494 0.346514 0.664837
3 0.45208 0.678313 0.268848 0.49712
0 0.219998 0.151516 0.439997 0.303032
0 0.642539 0.0437631 0.714922 0.0875263
3 0.279673 0.789722 0.552946 0.420556
0 0.00931456 0.675493 0.0186291 0.62388
3 0.199219 0.793804 0.384054 0.412391
3 0.149141 0.267269 0.29729 0.511656
3 0.918057 0.258751 0.154389 0.47378
3 0.219998 0.151516 0.439997 0.303032
3 0.454057 0.338324 0.625208 0.669715
3 0.689996 0.23814 0.620007 0.47628
3 0.642539 0.0437631 0.714922 0.0875263
0 0.28976 0.0625516 0.579521 0.125103
3 0.344864 0.336596 0.563653 0.649711
3 0.736366 0.494922 0.400456 0.844743
3 0.122746 0.411462 0.245491 0.814915
3 0.134843 0.814098 0.26865 0.371804
4 0.505403 0.76501 0.945624 0.456575
3 0.519144 0.0289225 0.92536 0.057845
3 0.932644 0.442165 0.134712 0.763229
3 0.63249 0.782091 0.548221 0.435818
3 0.119252 0.731608 0.238504 0.484128
4 0.543054 0.0245338 0.913893 0.0490675
3 0.521325 0.627933 0.36089 0.684212
3 0.589006 0.29924 0.502372 0.59848
3 0.500624 0.745994 0.841179 0.486383
3 0.113698 0.251109 0.227396 0.502218
3 0.191471 0.720221 0.380505 0.521108
3 0.244521 0.491779 0.486582 0.979161
3 0.943697 0.821198 0.112606 0.357605
3 0.883169 0.219226 0.233662 0.438452
0 0.0271004 0.800137 0.0542009 0.39834
3 0.386419 0.782614 0.638564 0.434772
0 0.156099 0.801663 0.311324 0.388813
3 0.80524 0.535787 0.389519 0.913465
4 0.642539 0.0437631 0.714922 0.0875263
0 0.19116 0.273484 0.374718 0.530979
4 0.423346 0.78645 0.71395 0.395754
0 0.245313 0.773124 0.482103 0.435714
3 0.00963336 0.665909 0.0192667 0.630811
3 0.63367 0.284675 0.704036 0.569351
3 0.754412 0.186276 0.491176 0.372552
3 0.442778 0.0469128 0.884825 0.0938256
0 0.854881 0.221961 0.290237 0.443921
3 0.62083 0.787436 0.725178 0.411589
3 0.477855 0.778969 0.673226 0.442061
3 0.48968 0.739045 0.487072 0.490695
0 0.774453 0.13431 0.451093 0.26862
3 0.321853 0.050064 0.640224 0.100128
0 0.462338 0.0990785 0.90274 0.198157
3 0.0430127 0.245672 0.0860254 0.491343
3 0.774453 0.13431 0.451093 0.26862
3 0.0526191 0.721635 0.105238 0.430544
0 0.662054 0.23996 0.675892 0.47992
3 0.393989 0.73454 0.511982 0.502564
4 0.72003 0.785351 0.539241 0.429298
0 0.0118878 0.721388 0.0237756 0.556576
0 0.880708 0.224493 0.211518 0.421648
3 0.290524 0.722707 0.567787 0.52464
4 0.169571 0.271584 0.335895 0.528241
4 0.689996 0.23814 0.620007 0.47628
3 0.903176 0.270455 0.116878 0.33944
3 0.0290716 0.317079 0.0581433 0.617565
0 0.48968 0.739045 0.487072 0.490695
4 0.199219 0.793804 0.384054 0.412391
4 0.339259 0.786835 0.590504 0.426329
4 0.562461 0.778201 0.568322 0.443597
3 0.0181876 0.768864 0.0363752 0.462272
0 0.863959 0.557083 0.235315 0.842351
4 0.943697 0.821198 0.112606 0.357605
3 0.0144001 0.415547 0.0288003 0.770204
4 0.919306 0.237847 0.152845 0.408698
4 0.648774 0.769169 0.702452 0.447936
3 0.158204 0.34789 0.314151 0.692643
0 0.943697 0.821198 0.112606 0.357605
4 0.441051 0.779337 0.700501 0.441326
0 0.0181876 0.768864 0.0363752 0.462272
0 0.421618 0.780522 0.662421 0.438956
0 0.393989 0.73454 0.511982 0.502564
4 0.442778 0.0469128 0.884825 0.0938256
0 0.0821472 0.815256 0.164294 0.369488
4 0.0310898 0.804548 0.0621797 0.390904
4 0.134843 0.814098 0.26865 0.371804
3 0.701805 0.25844 0.462752 0.499925
4 0.521932 0.742199 0.686294 0.487143
3 0.0310898 0.804548 0.0621797 0.390904
4 0.65039 0.32559 0.558481 0.65118
3 0.0271004 0.800137 0.0542009 0.39834
3 0.828631 0.80951 0.342739 0.380981
0 0.0144001 0.415547 0.0288003 0.770204
3 0.808641 0.751829 0.382718 0.471298
4 0.934211 0.648296 0.131577 0.611718
3 0.617308 0.562429 0.718342 0.860038
3 0.934247 0.773646 0.131505 0.452709
0 0.0310898 0.804548 0.0621797 0.390904
2 0.912075 0.551773 0.159266 0.864957
4 0.914487 0.513765 0.169804 0.945357
3 0.262424 0.0835389 0.524847 0.167078
3 0.176838 0.468995 0.353675 0.937989
4 0.00931456 0.675493 0.0186291 0.62388
0 0.934211 0.648296 0.131577 0.611718
0 0.484059 0.181271 0.968118 0.362542
4 0.606273 0.246625 0.548495 0.493251
3 0.0496303 0.590462 0.0992606 0.390326
4 0.0821472 0.815256 0.164294 0.369488
3 0.863959 0.557083 0.235315 0.842351
0 0.401266 0.639494 0.346514 0.664837
0 0.45208 0.678313 0.268848 0.49712
4 0.321853 0.050064 0.640224 0.100128
4 0.937863 0.816792 0.124273 0.36547
4 0.0144001 0.415547 0.0288003 0.770204
4 0.854881 0.221961 0.290237 0.443921
4 0.344864 0.336596 0.563653 0.649711
3 0.245313 0.773124 0.482103 0.435714
4 0.335558 0.728485 0.56177 0.515981
4 0.932644 0.442165 0.134712 0.763229
3 0.0118878 0.721388 0.0237756 0.556576
4 0.219998 0.151516 0.439997 0.303032
0 0.72003 0.785351 0.539241 0.429298
2 0.245313 0.773124 0.482103 0.435714
4 0.454057 0.338324 0.625208 0.669715
4 0.76187 0.771528 0.47626 0.44218
4 0.668127 0.494804 0.580235 0.989609
3 0.0657207 0.783379 0.131441 0.411453
4 0.754412 0.186276 0.491176 0.372552
4 0.0657207 0.783379 0.131441 0.411453
0 0.471402 0.271791 0.942803 0.543583
4 0.471625 0.260423 0.728795 0.520846
4 0.908981 0.279602 0.121966 0.306295
3 0.471402 0.271791 0.942803 0.543583
3 0.06861 0.370526 0.13722 0.723508
4 0.63367 0.284675 0.704036 0.569351
0 0.531899 0.248743 0.719156 0.497485
1 0.828542 0.79826 0.342916 0.396219
3 0.267184 0.28174 0.528886 0.563479
4 0.245313 0.773124 0.482103 0.435714
4 0.242487 0.275283 0.469839 0.544742
4 0.462338 0.0990785 0.90274 0.198157
0 0.845151 0.509785 0.309698 0.965201
0 0.620804 0.317369 0.530265 0.634738
4 0.0290716 0.317079 0.0581433 0.617565
4 0.345649 0.501773 0.549097 0.996453
3 0.444662 0.785993 0.639218 0.408319
3 0.531899 0.248743 0.719156 0.497485
3 0.0821472 0.815256 0.164294 0.369488
4 0.880708 0.224493 0.211518 0.421648
0 0.132099 0.256975 0.264197 0.489016
1 0.903176 0.270455 0.116878 0.33944
4 0.774453 0.13431 0.451093 0.26862
0 0.344864 0.336596 0.563653 0.649711
4 0.0271004 0.800137 0.0542009 0.39834
4 0.262424 0.0835389 0.524847 0.167078
4 0.113698 0.251109 0.227396 0.502218
4 0.92311 0.277696 0.153781 0.555392
0 0.340458 0.51047 0.418327 0.951825
0 0.113698 0.251109 0.227396 0.502218
0 0.0290716 0.317079 0.0581433 0.617565
0 0.562461 0.778201 0.568322 0.443597
0 0.833088 0.648243 0.333825 0.69327
1 0.2171 0.78279 0.428292 0.402446
0 0.119252 0.731608 0.238504 0.484128
0 0.267855 0.277874 0.53571 0.555748
4 0.833088 0.648243 0.333825 0.69327
0 0.521325 0.627933 0.36089 0.684212
2 0.737329 0.745866 0.525342 0.488099
4 0.0423308 0.263831 0.0846616 0.527661
4 0.0118878 0.721388 0.0237756 0.556576
2 0.347717 0.782057 0.669093 0.424798
4 0.45208 0.678313 0.268848 0.49712
0 0.311467 0.788313 0.608905 0.423373
0 0.932644 0.442165 0.134712 0.763229
4 0.521325 0.627933 0.36089 0.684212
4 0.122746 0.411462 0.245491 0.814915
4 0.377861 0.503007 0.693232 0.993987
4 0.0181876 0.768864 0.0363752 0.462272
4 0.863959 0.557083 0.235315 0.842351
0 0.290524 0.722707 0.567787 0.52464
4 0.484059 0.181271 0.968118 0.362542
4 0.120851 0.286348 0.241701 0.546601
2 0.191471 0.720221 0.380505 0.521108
1 0.884968 0.286517 0.0744915 0.282076
2 0.845151 0.509785 0.309698 0.965201
0 0.0430127 0.245672 0.0860254 0.491343
0 0.0526191 0.721635 0.105238 0.430544
4 0.06861 0.370526 0.13722 0.723508
4 0.401266 0.639494 0.346514 0.664837
4 0.191471 0.720221 0.380505 0.521108
4 0.221043 0.402404 0.438446 0.796627
0 0.454057 0.338324 0.625208 0.669715
4 0.516575 0.5 0.681949 1
2 0.290524 0.722707 0.567787 0.52464
3 0.484059 0.181271 0.968118 0.362542
1 0.918057 0.258751 0.154389 0.47378
2 0.325012 0.289416 0.602138 0.578833
4 0.845151 0.509785 0.309698 0.965201
4 0.119252 0.731608 0.238504 0.484128
2 0.830829 0.792814 0.338341 0.405904
2 0.750284 0.538028 0.444527 0.89609
0 0.191471 0.720221 0.380505 0.521108
1 0.937863 0.816792 0.124273 0.36547
4 0.0526191 0.721635 0.105238 0.430544
0 0.318671 0.502946 0.573727 0.994108
0 0.701805 0.25844 0.462752 0.499925
2 0.48968 0.739045 0.487072 0.490695
2 0.627498 0.74647 0.744998 0.491255
3 0.485631 0.110537 0.826244 0.221074
3 0.32697 0.789304 0.645966 0.392281
2 0.919306 0.237847 0.152845 0.408698
4 0.363436 0.288863 0.719401 0.577725
2 0.119252 0.731608 0.238504 0.484128
4 0.886966 0.282683 0.0802372 0.277804
4 0.750284 0.538028 0.444527 0.89609
2 0.47538 0.769413 0.833666 0.432548
1 0.439232 0.781987 0.722339 0.41622
2 0.393989 0.73454 0.511982 0.502564
2 0.13369 0.260671 0.267379 0.521341
0 0.06861 0.370526 0.13722 0.723508
0 0.221043 0.402404 0.438446 0.796627
2 0.943697 0.821198 0.112606 0.357605
1 0.684031 0.26158 0.574952 0.52316
2 0.63249 0.782091 0.548221 0.435818
1 0.880708 0.224493 0.211518 0.421648
2 0.684031 0.26158 0.574952 0.52316
4 0.176838 0.468995 0.353675 0.937989
0 0.564433 0.52484 0.695682 0.929113
2 0.923254 0.812914 0.153491 0.374172
2 0.92311 0.277696 0.153781 0.555392
0 0.446795 0.5 0.643754 1
2 0.00931456 0.675493 0.0186291 0.62388
2 0.0271004 0.800137 0.0542009 0.39834
0 0.736366 0.494922 0.400456 0.844743
1 0.736366 0.494922 0.400456 0.844743
4 0.0496303 0.590462 0.0992606 0.390326
2 0.06861 0.370526 0.13722 0.723508
1 0.736125 0.793029 0.5147 0.405051
1 0.912075 0.551773 0.159266 0.864957
2 0.199219 0.793804 0.384054 0.412391
1 0.156099 0.801663 0.311324 0.388813
2 0.122746 0.411462 0.245491 0.814915
2 0.754412 0.186276 0.491176 0.372552
1 0.62083 0.787436 0.725178 0.411589
2 0.932644 0.442165 0.134712 0.763229
0 0.199219 0.793804 0.384054 0.412391
0 0.693003 0.5984 0.595379 0.78811
2 0.463846 0.27516 0.616282 0.550321
4 0.701805 0.25844 0.462752 0.499925
2 0.0821472 0.815256 0.164294 0.369488
0 0.122746 0.411462 0.245491 0.814915
2 0.0496303 0.590462 0.0992606 0.390326
2 0.446795 0.5 0.643754 1
2 0.401266 0.639494 0.346514 0.664837
2 0.484059 0.181271 0.968118 0.362542
2 0.774453 0.13431 0.451093 0.26862
2 0.471402 0.271791 0.942803 0.543583
2 0.340458 0.51047 0.418327 0.951825
2 0.72003 0.785351 0.539241 0.429298
0 0.0496303 0.590462 0.0992606 0.390326
2 0.462338 0.0990785 0.90274 0.198157
1 0.191471 0.720221 0.380505 0.521108
2 0.0310898 0.804548 0.0621797 0.390904
2 0.134843 0.814098 0.26865 0.371804
2 0.564433 0.52484 0.695682 0.929113
2 0.176838 0.468995 0.353675 0.937989
2 0.186747 0.271572 0.373494 0.543143
2 0.695122 0.222238 0.609755 0.444477
1 0.14813 0.478194 0.296259 0.956388
1 0.164025 0.276494 0.324844 0.549878
2 0.863959 0.557083 0.235315 0.842351
2 0.477855 0.778969 0.673226 0.442061
2 0.0290716 0.317079 0.0581433 0.617565
2 0.934211 0.648296 0.131577 0.611718
