0 0.0451988 0.525555 0.0903651 0.119354
0 0.802695 0.750798 0.39461 0.482823
0 0.0454943 0.543957 0.0909886 0.0806713
0 0.268331 0.605787 0.450286 0.186035
0 0.0455769 0.473161 0.0911537 0.21514
0 0.2988 0.714868 0.396746 0.396954
0 0.256211 0.754895 0.501314 0.49021
0 0.396687 0.758024 0.539237 0.482395
0 0.533073 0.020297 0.933853 0.040594
0 0.654792 0.0312689 0.690417 0.0625377
1 0.0455769 0.473161 0.0911537 0.21514
0 0.241523 0.675992 0.477427 0.341468
0 0.441479 0.0415944 0.882646 0.0831888
1 0.0446652 0.545875 0.0893304 0.0922588
0 0.0605532 0.538334 0.121106 0.109
0 0.817782 0.287795 0.364436 0.57559
1 0.0451988 0.525555 0.0903651 0.119354
0 0.716693 0.755746 0.555083 0.482863
0 0.16669 0.571472 0.33338 0.135114
3 0.867327 0.597707 0.265346 0.804586
0 0.672062 0.267396 0.655877 0.534791
0 0.543092 0.754996 0.709427 0.490008
0 0.098496 0.748565 0.196992 0.484219
3 0.208834 0.752335 0.411452 0.49533
4 0.196216 0.752299 0.392433 0.488258
3 0.639382 0.5 0.721235 1
0 0.934788 0.765503 0.130424 0.468994
4 0.789232 0.754055 0.421536 0.480063
0 0.529784 0.0593801 0.940431 0.11876
3 0.595971 0.365463 0.805146 0.730925
3 0.706971 0.0432663 0.586058 0.0865327
3 0.763633 0.289584 0.472734 0.579168
3 0.257194 0.405585 0.507795 0.81117
4 0.0451988 0.525555 0.0903651 0.119354
0 0.540336 0.107895 0.89701 0.21579
3 0.93934 0.458259 0.12132 0.866242
3 0.454268 0.484079 0.251853 0.895109
0 0.6214 0.743663 0.485534 0.498925
3 0.836717 0.259632 0.326567 0.518421
0 0.753163 0.0504345 0.493674 0.100869
3 0.16879 0.451834 0.33497 0.896949
3 0.940616 0.631134 0.118767 0.598343
3 0.841399 0.505697 0.317201 0.988607
3 0.286823 0.502471 0.504077 0.995058
0 0.135492 0.76119 0.270983 0.46458
3 0.143823 0.753321 0.285224 0.493359
0 0.393472 0.742311 0.390551 0.496673
3 0.75809 0.753077 0.476762 0.493846
4 0.347675 0.7463 0.534529 0.496036
0 0.459487 0.085552 0.857255 0.171104
0 0.220887 0.194052 0.441774 0.388103
3 0.369182 0.5 0.363536 1
3 0.510176 0.433161 0.473638 0.866321
3 0.220887 0.194052 0.441774 0.388103
4 0.624256 0.0246308 0.751488 0.0492616
0 0.0464502 0.733466 0.0929004 0.510452
3 0.0632628 0.487955 0.126526 0.232279
3 0.937775 0.325378 0.12445 0.62747
4 0.785489 0.267731 0.429022 0.535463
3 0.286026 0.237758 0.567659 0.475517
3 0.833684 0.75568 0.332632 0.48864
3 0.76171 0.5 0.47658 1
3 0.392162 0.773732 0.405526 0.452536
0 0.251301 0.578447 0.485008 0.287382
3 0.0580777 0.761144 0.116155 0.477604
0 0.438649 0.770972 0.717909 0.439184
4 0.678602 0.0380075 0.642796 0.076015
3 0.16669 0.571472 0.33338 0.135114
0 0.788485 0.512299 0.42303 0.975402
3 0.940824 0.761964 0.118353 0.476072
3 0.34377 0.718002 0.33594 0.512073
3 0.506847 0.672796 0.0824257 0.402248
3 0.0705999 0.283606 0.1412 0.567212
3 0.441479 0.0415944 0.882646 0.0831888
3 0.499412 0.0205351 0.946804 0.0410702
4 0.438649 0.770972 0.717909 0.439184
3 0.31893 0.756528 0.426854 0.486944
4 0.68289 0.28573 0.634219 0.571459
3 0.89321 0.754231 0.213579 0.491538
3 0.230438 0.658816 0.460876 0.3129
3 0.665997 0.760746 0.301982 0.478508
3 0.476053 0.275373 0.739159 0.550747
0 0.044758 0.402716 0.089516 0.410645
4 0.251187 0.604521 0.483345 0.191233
4 0.515532 0.0199894 0.957792 0.0399789
3 0.0915546 0.368338 0.181692 0.734363
0 0.0632628 0.487955 0.126526 0.232279
3 0.251301 0.578447 0.485008 0.287382
4 0.0460453 0.503087 0.0920905 0.188269
3 0.122333 0.233363 0.244666 0.449365
0 0.835094 0.754205 0.329811 0.491589
4 0.441479 0.0415944 0.882646 0.0831888
3 0.624256 0.0246308 0.751488 0.0492616
3 0.156281 0.232807 0.312562 0.465613
0 0.0433784 0.331108 0.0867568 0.522433
0 0.299771 0.0609474 0.599542 0.121895
3 0.578771 0.609014 0.145988 0.68511
4 0.246177 0.752709 0.489925 0.494582
0 0.122333 0.233363 0.244666 0.449365
3 0.355922 0.396761 0.519236 0.793521
3 0.299771 0.0609474 0.599542 0.121895
3 0.554275 0.770172 0.460358 0.459655
3 0.0605532 0.538334 0.121106 0.109
4 0.556792 0.267405 0.87466 0.534809
3 0.153604 0.336211 0.305687 0.672421
3 0.926045 0.267358 0.14791 0.534715
3 0.928778 0.761549 0.142443 0.476902
3 0.591473 0.720674 0.15202 0.549551
3 0.554811 0.575763 0.0916491 0.475305
4 0.835094 0.754205 0.329811 0.491589
3 0.251187 0.604521 0.483345 0.191233
1 0.044758 0.402716 0.089516 0.410645
3 0.0428919 0.28673 0.0857839 0.573461
0 0.506847 0.672796 0.0824257 0.402248
4 0.940824 0.761964 0.118353 0.476072
0 0.43453 0.143892 0.861151 0.287785
0 0.89321 0.754231 0.213579 0.491538
4 0.098496 0.748565 0.196992 0.484219
3 0.0359556 0.761723 0.0719111 0.476554
3 0.552313 0.742244 0.394188 0.503169
2 0.0451988 0.525555 0.0903651 0.119354
0 0.940824 0.761964 0.118353 0.476072
4 0.230438 0.658816 0.460876 0.3129
4 0.143823 0.753321 0.285224 0.493359
0 0.299814 0.595446 0.379754 0.243392
3 0.481314 0.779827 0.594958 0.428318
3 0.552481 0.656884 0.0814019 0.378415
0 0.243499 0.579619 0.470828 0.506686
3 0.621368 0.280604 0.757263 0.561207
3 0.703593 0.638208 0.453011 0.723585
0 0.248194 0.505274 0.47725 0.989453
4 0.745277 0.751642 0.457207 0.496715
3 0.799561 0.208302 0.400879 0.416605
3 0.405212 0.26443 0.488734 0.528859
4 0.89321 0.754231 0.213579 0.491538
0 0.669706 0.769015 0.309866 0.448476
4 0.753163 0.0504345 0.493674 0.100869
4 0.392162 0.773732 0.405526 0.452536
4 0.633754 0.766886 0.354212 0.466229
4 0.540336 0.107895 0.89701 0.21579
4 0.934788 0.765503 0.130424 0.468994
0 0.552481 0.656884 0.0814019 0.378415
2 0.2988 0.714868 0.396746 0.396954
0 0.17213 0.241468 0.343507 0.482935
3 0.261183 0.756976 0.516451 0.486048
4 0.595971 0.365463 0.805146 0.730925
1 0.842147 0.754848 0.315707 0.490303
3 0.387118 0.778988 0.464777 0.430378
4 0.459487 0.085552 0.857255 0.171104
4 0.529784 0.0593801 0.940431 0.11876
4 0.0359556 0.761723 0.0719111 0.476554
4 0.669706 0.769015 0.309866 0.448476
0 0.412021 0.254247 0.824042 0.508493
4 0.402214 0.17429 0.804428 0.348581
4 0.0446652 0.545875 0.0893304 0.0922588
4 0.2988 0.714868 0.396746 0.396954
4 0.554275 0.770172 0.460358 0.459655
4 0.803345 0.502021 0.393311 0.995959
3 0.263718 0.100809 0.527437 0.201619
4 0.220887 0.194052 0.441774 0.388103
4 0.926045 0.267358 0.14791 0.534715
4 0.570432 0.774079 0.549988 0.436135
0 0.263718 0.100809 0.527437 0.201619
0 0.633754 0.766886 0.354212 0.466229
4 0.543092 0.754996 0.709427 0.490008
0 0.799561 0.208302 0.400879 0.416605
0 0.595971 0.365463 0.805146 0.730925
3 0.299814 0.595446 0.379754 0.243392
4 0.0580777 0.761144 0.116155 0.477604
4 0.263718 0.100809 0.527437 0.201619
0 0.937775 0.325378 0.12445 0.62747
4 0.16669 0.571472 0.33338 0.135114
4 0.313742 0.271275 0.572667 0.542549
4 0.937747 0.527008 0.124507 0.831192
3 0.181738 0.758058 0.363476 0.472416
4 0.286823 0.502471 0.504077 0.995058
4 0.405212 0.26443 0.488734 0.528859
0 0.267553 0.225632 0.520771 0.451265
0 0.591473 0.720674 0.15202 0.549551
4 0.937775 0.325378 0.12445 0.62747
0 0.867327 0.597707 0.265346 0.804586
4 0.11844 0.204963 0.23688 0.398296
4 0.0428919 0.28673 0.0857839 0.573461
1 0.2988 0.714868 0.396746 0.396954
4 0.412021 0.254247 0.824042 0.508493
0 0.926045 0.267358 0.14791 0.534715
4 0.639382 0.5 0.721235 1
0 0.405212 0.26443 0.488734 0.528859
4 0.849879 0.30309 0.300242 0.603711
0 0.0359556 0.761723 0.0719111 0.476554
4 0.940616 0.631134 0.118767 0.598343
0 0.510176 0.433161 0.473638 0.866321
0 0.940616 0.631134 0.118767 0.598343
2 0.755125 0.759479 0.48975 0.465664
2 0.396687 0.758024 0.539237 0.482395
3 0.0460453 0.503087 0.0920905 0.188269
0 0.0915546 0.368338 0.181692 0.734363
4 0.0965644 0.2986 0.193129 0.586703
4 0.307486 0.420457 0.552462 0.840914
4 0.299771 0.0609474 0.599542 0.121895
0 0.730049 0.31402 0.539901 0.62804
4 0.868976 0.509196 0.262048 0.981609
4 0.799561 0.208302 0.400879 0.416605
0 0.31893 0.756528 0.426854 0.486944
4 0.156281 0.232807 0.312562 0.465613
4 0.394841 0.36812 0.485009 0.73624
3 0.044758 0.402716 0.089516 0.410645
4 0.552313 0.742244 0.394188 0.503169
3 0.243499 0.579619 0.470828 0.506686
4 0.510176 0.433161 0.473638 0.866321
1 0.279304 0.757393 0.518754 0.485214
2 0.0460453 0.503087 0.0920905 0.188269
0 0.423621 0.373098 0.50559 0.746196
1 0.268331 0.605787 0.450286 0.186035
4 0.0705999 0.283606 0.1412 0.567212
3 0.6261 0.77526 0.402423 0.439084
4 0.251301 0.578447 0.485008 0.287382
3 0.117279 0.757839 0.234558 0.472932
0 0.639382 0.5 0.721235 1
4 0.044758 0.402716 0.089516 0.410645
0 0.937747 0.527008 0.124507 0.831192
2 0.6214 0.743663 0.485534 0.498925
4 0.382995 0.5 0.452209 1
0 0.0705999 0.283606 0.1412 0.567212
3 0.402214 0.17429 0.804428 0.348581
0 0.703593 0.638208 0.453011 0.723585
1 0.762593 0.752911 0.472653 0.472486
4 0.16879 0.451834 0.33497 0.896949
0 0.554275 0.770172 0.460358 0.459655
4 0.697221 0.5 0.450229 1
0 0.455997 0.772624 0.451476 0.454752
4 0.256802 0.215491 0.513605 0.430983
0 0.307486 0.420457 0.552462 0.840914
3 0.516893 0.0601221 0.912928 0.120244
0 0.34377 0.718002 0.33594 0.512073
4 0.454268 0.484079 0.251853 0.895109
2 0.543092 0.754996 0.709427 0.490008
4 0.0632628 0.487955 0.126526 0.232279
2 0.231808 0.754291 0.463616 0.491417
4 0.554811 0.575763 0.0916491 0.475305
3 0.2988 0.714868 0.396746 0.396954
3 0.459487 0.085552 0.857255 0.171104
4 0.243499 0.579619 0.470828 0.506686
2 0.393472 0.742311 0.390551 0.496673
4 0.153604 0.336211 0.305687 0.672421
3 0.540336 0.107895 0.89701 0.21579
2 0.633754 0.766886 0.354212 0.466229
4 0.237234 0.474607 0.462371 0.930813
4 0.506847 0.672796 0.0824257 0.402248
1 0.230438 0.658816 0.460876 0.3129
1 0.520081 0.764775 0.687169 0.451088
4 0.552481 0.656884 0.0814019 0.378415
3 0.0451988 0.525555 0.0903651 0.119354
1 0.16669 0.571472 0.33338 0.135114
4 0.0605532 0.538334 0.121106 0.109
2 0.268331 0.605787 0.450286 0.186035
2 0.476053 0.275373 0.739159 0.550747
0 0.222359 0.377684 0.438268 0.755368
2 0.0632628 0.487955 0.126526 0.232279
2 0.800663 0.499197 0.398673 0.998395
2 0.552481 0.656884 0.0814019 0.378415
2 0.554275 0.770172 0.460358 0.459655
1 0.098496 0.748565 0.196992 0.484219
4 0.578771 0.609014 0.145988 0.68511
0 0.554811 0.575763 0.0916491 0.475305
1 0.12218 0.304974 0.24436 0.609948
1 0.934788 0.765503 0.130424 0.468994
1 0.199324 0.756298 0.396265 0.478027
1 0.6261 0.77526 0.402423 0.439084
2 0.230438 0.658816 0.460876 0.3129
1 0.387118 0.778988 0.464777 0.430378
2 0.0612133 0.746868 0.122427 0.501108
2 0.937775 0.325378 0.12445 0.62747
4 0.299814 0.595446 0.379754 0.243392
2 0.16669 0.571472 0.33338 0.135114
0 0.411858 0.487902 0.440444 0.975803
3 0.0446652 0.545875 0.0893304 0.0922588
2 0.446012 0.249963 0.56385 0.499927
2 0.928778 0.761549 0.142443 0.476902
1 0.672062 0.267396 0.655877 0.534791
2 0.248194 0.505274 0.47725 0.989453
2 0.256802 0.215491 0.513605 0.430983
4 0.591473 0.720674 0.15202 0.549551
4 0.34377 0.718002 0.33594 0.512073
2 0.534202 0.392774 0.786274 0.785549
2 0.402214 0.17429 0.804428 0.348581
2 0.118921 0.747984 0.237843 0.504033
2 0.12218 0.304974 0.24436 0.609948
0 0.697221 0.5 0.450229 1
0 0.454268 0.484079 0.251853 0.895109
2 0.93934 0.458259 0.12132 0.866242
4 0.703593 0.638208 0.453011 0.723585
2 0.591473 0.720674 0.15202 0.549551
2 0.352808 0.225005 0.705617 0.45001
0 0.578771 0.609014 0.145988 0.68511
1 0.555916 0.0205829 0.888168 0.0411659
1 0.16879 0.451834 0.33497 0.896949
1 0.34377 0.718002 0.33594 0.512073
2 0.926045 0.267358 0.14791 0.534715
2 0.0433784 0.331108 0.0867568 0.522433
0 0.0452063 0.525733 0.0903809 0.118965
0 0.802955 0.750798 0.39409 0.482782
0 0.0454903 0.543979 0.0909807 0.0806468
0 0.0455738 0.47325 0.0911476 0.214943
0 0.268564 0.605938 0.449967 0.186138
0 0.298853 0.716525 0.39688 0.400057
0 0.256217 0.754913 0.501255 0.490175
0 0.397788 0.758054 0.541524 0.482338
0 0.53296 0.0203939 0.934079 0.0407878
1 0.0455738 0.47325 0.0911476 0.214943
0 0.654336 0.0311859 0.691328 0.0623718
0 0.24146 0.678494 0.477318 0.346441
1 0.0446793 0.545891 0.0893585 0.0922702
0 0.441256 0.0411215 0.882166 0.082243
1 0.0452063 0.525733 0.0903809 0.118965
0 0.0605592 0.53839 0.121118 0.108965
0 0.817405 0.288248 0.36519 0.576497
0 0.715574 0.755557 0.557133 0.48345
0 0.166636 0.571739 0.333273 0.135616
3 0.867496 0.598882 0.265008 0.802236
0 0.672521 0.267287 0.654958 0.534574
0 0.543321 0.754841 0.706369 0.490318
0 0.0987381 0.748547 0.197476 0.484239
3 0.208725 0.75234 0.411265 0.49532
4 0.196207 0.752304 0.392413 0.488295
3 0.641211 0.5 0.717578 1
0 0.934612 0.765489 0.130775 0.469021
4 0.789545 0.754064 0.420909 0.480109
3 0.596153 0.364999 0.804519 0.729999
3 0.70671 0.0435734 0.586581 0.0871467
0 0.529743 0.0587981 0.940515 0.117596
3 0.257402 0.405424 0.507792 0.810848
3 0.763476 0.289251 0.473047 0.578502
4 0.0452063 0.525733 0.0903809 0.118965
3 0.939346 0.458132 0.121308 0.865433
3 0.459268 0.48778 0.239436 0.87499
0 0.540144 0.102087 0.89663 0.204174
3 0.836604 0.25998 0.326792 0.519098
0 0.621411 0.743501 0.484009 0.499134
3 0.167022 0.45199 0.331476 0.89708
3 0.940656 0.630967 0.118687 0.597843
3 0.288278 0.502444 0.502412 0.995111
3 0.841607 0.505823 0.316786 0.988355
3 0.143829 0.753307 0.285227 0.493385
0 0.753256 0.050654 0.493488 0.101308
3 0.758047 0.753065 0.476791 0.49387
4 0.348652 0.74639 0.534858 0.495784
0 0.135656 0.761197 0.271311 0.46452
0 0.393568 0.742312 0.390023 0.496738
3 0.369043 0.5 0.363032 1
3 0.511753 0.432146 0.462887 0.864292
3 0.220792 0.192664 0.441583 0.385328
0 0.220792 0.192664 0.441583 0.385328
4 0.624071 0.0245548 0.751857 0.0491096
3 0.063193 0.488109 0.126386 0.232338
3 0.93776 0.326051 0.124481 0.62815
3 0.286192 0.238514 0.56769 0.477027
4 0.785779 0.267663 0.428442 0.535325
0 0.0464529 0.733476 0.0929058 0.510339
3 0.833817 0.755694 0.332365 0.488611
3 0.761832 0.5 0.476336 1
3 0.392481 0.773835 0.405407 0.45233
3 0.0583236 0.76112 0.116647 0.477497
0 0.25134 0.579562 0.484956 0.285353
3 0.166636 0.571739 0.333273 0.135616
4 0.678093 0.0380007 0.643814 0.0760014
3 0.940815 0.761953 0.118371 0.476095
0 0.788675 0.51432 0.422651 0.971361
3 0.343644 0.718296 0.33618 0.512122
3 0.507817 0.668646 0.0800647 0.393309
3 0.0692273 0.283595 0.138455 0.56719
3 0.49939 0.0205414 0.946456 0.0410829
4 0.438915 0.771225 0.717449 0.438566
3 0.441256 0.0411215 0.882166 0.082243
3 0.319178 0.756627 0.426199 0.486746
3 0.434537 0.442532 0.434668 0.885064
3 0.893152 0.754221 0.213696 0.491559
4 0.68484 0.285498 0.63032 0.570995
3 0.230316 0.660046 0.460633 0.315358
3 0.665814 0.760934 0.302066 0.478132
3 0.475459 0.275035 0.739705 0.550071
3 0.0909885 0.368166 0.180533 0.733977
4 0.515427 0.020049 0.957822 0.040098
4 0.251249 0.60466 0.483268 0.191346
3 0.25134 0.579562 0.484956 0.285353
3 0.122281 0.233347 0.244561 0.449367
0 0.0447272 0.405358 0.0894544 0.404984
4 0.0460393 0.503363 0.0920786 0.187716
4 0.441256 0.0411215 0.882166 0.082243
3 0.155983 0.232524 0.311966 0.465047
3 0.624071 0.0245548 0.751857 0.0491096
0 0.063193 0.488109 0.126386 0.232338
0 0.835131 0.754221 0.329738 0.491558
3 0.578833 0.611679 0.14286 0.668998
4 0.246043 0.752728 0.489631 0.494543
3 0.29983 0.0595759 0.59966 0.119152
0 0.0433164 0.33193 0.0866328 0.520993
3 0.359883 0.396195 0.511469 0.79239
3 0.393568 0.742312 0.390023 0.496738
3 0.554155 0.770355 0.461171 0.45929
3 0.0605592 0.53839 0.121118 0.108965
4 0.557218 0.266298 0.873596 0.532596
0 0.29983 0.0595759 0.59966 0.119152
3 0.926078 0.267634 0.147844 0.535269
3 0.152673 0.337062 0.303845 0.674123
0 0.122281 0.233347 0.244561 0.449367
3 0.928535 0.761543 0.14293 0.476913
3 0.590898 0.720857 0.149407 0.547712
3 0.555081 0.575011 0.0892146 0.463623
4 0.835131 0.754221 0.329738 0.491558
3 0.0426495 0.286735 0.085299 0.573469
3 0.251249 0.60466 0.483268 0.191346
4 0.940815 0.761953 0.118371 0.476095
0 0.507817 0.668646 0.0800647 0.393309
1 0.0447272 0.405358 0.0894544 0.404984
4 0.0987381 0.748547 0.197476 0.484239
3 0.03605 0.761775 0.0721 0.476451
3 0.552073 0.74214 0.390337 0.503271
4 0.230316 0.660046 0.460633 0.315358
2 0.0452063 0.525733 0.0903809 0.118965
0 0.434089 0.142273 0.860172 0.284546
4 0.143829 0.753307 0.285227 0.493385
3 0.55267 0.651886 0.0799973 0.367539
3 0.48177 0.779968 0.595301 0.428051
0 0.893152 0.754221 0.213696 0.491559
3 0.702557 0.643642 0.449891 0.712717
3 0.622107 0.28021 0.755786 0.56042
0 0.940815 0.761953 0.118371 0.476095
0 0.299765 0.59527 0.379894 0.24313
0 0.243452 0.583008 0.470726 0.502589
4 0.744693 0.751694 0.456127 0.496613
3 0.799592 0.208074 0.400817 0.416149
3 0.405729 0.26438 0.486787 0.52876
4 0.893152 0.754221 0.213696 0.491559
4 0.540144 0.102087 0.89663 0.204174
4 0.633401 0.767103 0.355246 0.465794
4 0.753256 0.050654 0.493488 0.101308
4 0.392481 0.773835 0.405407 0.45233
4 0.934612 0.765489 0.130775 0.469021
2 0.298853 0.716525 0.39688 0.400057
0 0.248174 0.505387 0.477062 0.989225
0 0.55267 0.651886 0.0799973 0.367539
0 0.669318 0.769234 0.309677 0.448084
3 0.26123 0.757036 0.516508 0.485928
0 0.171464 0.241442 0.342181 0.482884
4 0.596153 0.364999 0.804519 0.729999
1 0.842175 0.754859 0.31565 0.490282
4 0.529743 0.0587981 0.940515 0.117596
4 0.03605 0.761775 0.0721 0.476451
4 0.402152 0.172064 0.804303 0.344127
4 0.669318 0.769234 0.309677 0.448084
4 0.0446793 0.545891 0.0893585 0.0922702
0 0.411633 0.254697 0.823267 0.509394
4 0.298853 0.716525 0.39688 0.400057
4 0.554155 0.770355 0.461171 0.45929
4 0.803157 0.50207 0.393686 0.99586
3 0.263549 0.0995841 0.527098 0.199168
3 0.397788 0.758054 0.541524 0.482338
4 0.220792 0.192664 0.441583 0.385328
4 0.569089 0.774394 0.55269 0.435519
4 0.926078 0.267634 0.147844 0.535269
4 0.543321 0.754841 0.706369 0.490318
3 0.299765 0.59527 0.379894 0.24313
4 0.0583236 0.76112 0.116647 0.477497
0 0.263549 0.0995841 0.527098 0.199168
4 0.263549 0.0995841 0.527098 0.199168
4 0.166636 0.571739 0.333273 0.135616
4 0.315741 0.271858 0.568964 0.543716
0 0.633401 0.767103 0.355246 0.465794
4 0.937755 0.526987 0.12449 0.830293
0 0.799592 0.208074 0.400817 0.416149
3 0.181733 0.758061 0.363466 0.472386
0 0.596153 0.364999 0.804519 0.729999
4 0.405729 0.26438 0.486787 0.52876
4 0.288278 0.502444 0.502412 0.995111
0 0.93776 0.326051 0.124481 0.62815
4 0.118549 0.204985 0.237097 0.398321
4 0.93776 0.326051 0.124481 0.62815
0 0.590898 0.720857 0.149407 0.547712
4 0.0426495 0.286735 0.085299 0.573469
1 0.298853 0.716525 0.39688 0.400057
4 0.411633 0.254697 0.823267 0.509394
0 0.267635 0.225741 0.520875 0.451481
4 0.641211 0.5 0.717578 1
0 0.867496 0.598882 0.265008 0.802236
4 0.849945 0.303856 0.30011 0.604991
0 0.405729 0.26438 0.486787 0.52876
4 0.940656 0.630967 0.118687 0.597843
0 0.926078 0.267634 0.147844 0.535269
2 0.75505 0.75955 0.4899 0.465547
0 0.03605 0.761775 0.0721 0.476451
2 0.397788 0.758054 0.541524 0.482338
3 0.0460393 0.503363 0.0920786 0.187716
0 0.511753 0.432146 0.462887 0.864292
4 0.0954131 0.29869 0.190826 0.586723
0 0.940656 0.630967 0.118687 0.597843
4 0.29983 0.0595759 0.59966 0.119152
4 0.309318 0.419884 0.549804 0.839769
4 0.868945 0.509381 0.26211 0.981238
4 0.799592 0.208074 0.400817 0.416149
0 0.0909885 0.368166 0.180533 0.733977
0 0.731676 0.313839 0.536648 0.627678
4 0.155983 0.232524 0.311966 0.465047
4 0.395094 0.368381 0.483739 0.736761
3 0.0447272 0.405358 0.0894544 0.404984
4 0.552073 0.74214 0.390337 0.503271
3 0.243452 0.583008 0.470726 0.502589
0 0.319178 0.756627 0.426199 0.486746
4 0.511753 0.432146 0.462887 0.864292
1 0.279656 0.757473 0.518667 0.485054
2 0.0460393 0.503363 0.0920786 0.187716
0 0.392481 0.773835 0.405407 0.45233
1 0.268564 0.605938 0.449967 0.186138
4 0.0692273 0.283595 0.138455 0.56719
3 0.624845 0.775509 0.405176 0.43862
0 0.423255 0.373504 0.504544 0.747009
4 0.25134 0.579562 0.484956 0.285353
3 0.117408 0.757833 0.234815 0.472918
4 0.0447272 0.405358 0.0894544 0.404984
2 0.621411 0.743501 0.484009 0.499134
4 0.383017 0.5 0.451376 1
0 0.641211 0.5 0.717578 1
4 0.267635 0.225741 0.520875 0.451481
0 0.937755 0.526987 0.12449 0.830293
0 0.444965 0.776964 0.711524 0.429425
3 0.402152 0.172064 0.804303 0.344127
0 0.315741 0.271858 0.568964 0.543716
1 0.762625 0.752968 0.472499 0.472389
4 0.167022 0.45199 0.331476 0.89708
0 0.0692273 0.283595 0.138455 0.56719
4 0.695433 0.5 0.442041 1
0 0.702557 0.643642 0.449891 0.712717
4 0.459268 0.48778 0.239436 0.87499
0 0.554155 0.770355 0.461171 0.45929
3 0.516897 0.059743 0.91256 0.119486
2 0.543321 0.754841 0.706369 0.490318
4 0.063193 0.488109 0.126386 0.232338
4 0.555081 0.575011 0.0892146 0.463623
0 0.343644 0.718296 0.33618 0.512122
3 0.298853 0.716525 0.39688 0.400057
2 0.231684 0.754295 0.463368 0.491411
4 0.243452 0.583008 0.470726 0.502589
0 0.309318 0.419884 0.549804 0.839769
3 0.459323 0.0843534 0.856127 0.168707
2 0.393568 0.742312 0.390023 0.496738
4 0.152673 0.337062 0.303845 0.674123
2 0.633401 0.767103 0.355246 0.465794
4 0.236585 0.475299 0.461027 0.932032
4 0.507817 0.668646 0.0800647 0.393309
1 0.520404 0.765246 0.684907 0.450057
1 0.230316 0.660046 0.460633 0.315358
4 0.55267 0.651886 0.0799973 0.367539
3 0.0452063 0.525733 0.0903809 0.118965
1 0.166636 0.571739 0.333273 0.135616
4 0.0605592 0.53839 0.121118 0.108965
2 0.475459 0.275035 0.739705 0.550071
2 0.268564 0.605938 0.449967 0.186138
2 0.55267 0.651886 0.0799973 0.367539
2 0.063193 0.488109 0.126386 0.232338
2 0.800556 0.499298 0.398888 0.998595
1 0.0987381 0.748547 0.197476 0.484239
4 0.578833 0.611679 0.14286 0.668998
2 0.554155 0.770355 0.461171 0.45929
0 0.221376 0.378305 0.436279 0.75661
1 0.934612 0.765489 0.130775 0.469021
1 0.122017 0.305184 0.244033 0.610369
1 0.199306 0.756255 0.396253 0.478095
0 0.555081 0.575011 0.0892146 0.463623
1 0.624845 0.775509 0.405176 0.43862
2 0.230316 0.660046 0.460633 0.315358
1 0.387957 0.779104 0.466469 0.430187
2 0.0614108 0.746828 0.122822 0.501027
4 0.299765 0.59527 0.379894 0.24313
2 0.93776 0.326051 0.124481 0.62815
2 0.166636 0.571739 0.333273 0.135616
3 0.0446793 0.545891 0.0893585 0.0922702
2 0.44543 0.24965 0.562003 0.499301
2 0.928535 0.761543 0.14293 0.476913
2 0.248174 0.505387 0.477062 0.989225
1 0.672521 0.267287 0.654958 0.534574
0 0.411588 0.486892 0.439533 0.973785
4 0.590898 0.720857 0.149407 0.547712
2 0.402152 0.172064 0.804303 0.344127
2 0.532442 0.392617 0.784195 0.785234
2 0.258063 0.215348 0.516126 0.430696
4 0.343644 0.718296 0.33618 0.512122
2 0.118919 0.748014 0.237838 0.503973
2 0.122017 0.305184 0.244033 0.610369
2 0.939346 0.458132 0.121308 0.865433
2 0.590898 0.720857 0.149407 0.547712
4 0.702557 0.643642 0.449891 0.712717
0 0.459268 0.48778 0.239436 0.87499
1 0.343644 0.718296 0.33618 0.512122
2 0.353053 0.224795 0.706107 0.449591
1 0.555725 0.0206514 0.88855 0.0413029
0 0.695433 0.5 0.442041 1
1 0.167022 0.45199 0.331476 0.89708
2 0.926078 0.267634 0.147844 0.535269
0 0.578833 0.611679 0.14286 0.668998
2 0.0446793 0.545891 0.0893585 0.0922702
