0 0.908791 0.242492 0.182418 0.478129
0 0.795502 0.249809 0.408997 0.496407
0 0.825323 0.762469 0.349353 0.461276
0 0.484332 0.794725 0.623677 0.389594
0 0.515168 0.0251433 0.945917 0.0502867
0 0.391856 0.780481 0.723514 0.434891
3 0.907471 0.49539 0.185057 0.99078
3 0.663817 0.793637 0.652977 0.412727
0 0.144298 0.839546 0.286987 0.316043
3 0.401549 0.5 0.538799 1
3 0.846199 0.769735 0.307602 0.454093
3 0.94392 0.51429 0.11216 0.729295
0 0.580861 0.774878 0.784987 0.436566
3 0.618923 0.500178 0.57242 0.999644
0 0.910886 0.380418 0.178229 0.759288
0 0.0645844 0.849419 0.129169 0.296507
3 0.19035 0.427427 0.377176 0.852816
3 0.801029 0.794711 0.396918 0.410579
0 0.933229 0.79262 0.133542 0.414759
0 0.701005 0.288374 0.59799 0.576747
3 0.871948 0.784006 0.256104 0.431989
3 0.739886 0.69623 0.520227 0.581007
3 0.266687 0.486918 0.533374 0.972933
3 0.867609 0.315233 0.0982468 0.603977
0 0.126313 0.78208 0.252184 0.418599
3 0.142017 0.475366 0.28287 0.950731
4 0.41531 0.795096 0.722714 0.39515
3 0.475065 0.790158 0.683301 0.419685
3 0.609976 0.342434 0.605454 0.682573
3 0.900534 0.753081 0.198932 0.473177
3 0.888044 0.250788 0.223911 0.49271
3 0.102372 0.43791 0.204744 0.852944
3 0.937341 0.791998 0.125319 0.416005
3 0.293664 0.788309 0.567293 0.423381
3 0.927613 0.762165 0.144773 0.457846
0 0.196875 0.140492 0.393749 0.280985
3 0.514016 0.490453 0.545318 0.980906
0 0.0150327 0.699141 0.0300655 0.601718
0 0.730277 0.781177 0.539445 0.407462
3 0.193615 0.801857 0.377657 0.396287
3 0.675111 0.809184 0.647134 0.372211
4 0.908286 0.23913 0.183429 0.475197
0 0.588192 0.0650142 0.823616 0.130028
0 0.402095 0.0548743 0.80419 0.109749
0 0.473432 0.28448 0.673936 0.56734
3 0.529252 0.80443 0.896796 0.380535
3 0.425591 0.712627 0.122619 0.501679
3 0.864442 0.516531 0.105046 0.950223
3 0.698837 0.271165 0.602326 0.54233
3 0.197883 0.291752 0.391969 0.579363
3 0.196875 0.140492 0.393749 0.280985
0 0.347501 0.115359 0.695002 0.230718
3 0.948991 0.731 0.102018 0.447656
0 0.600689 0.265396 0.798623 0.530792
3 0.172911 0.171751 0.345451 0.342005
3 0.103545 0.743802 0.207089 0.456546
3 0.584184 0.31851 0.821791 0.63702
3 0.216338 0.727262 0.432676 0.515484
4 0.534725 0.0274476 0.906649 0.0548951
0 0.46181 0.734461 0.528587 0.51708
3 0.141382 0.844407 0.282165 0.311186
0 0.95723 0.78607 0.0855406 0.427859
4 0.560262 0.793152 0.760219 0.413696
3 0.588192 0.0650142 0.823616 0.130028
3 0.624224 0.693884 0.751553 0.585147
3 0.0504629 0.242742 0.100926 0.485484
0 0.270988 0.783103 0.527043 0.424979
3 0.834303 0.253262 0.331394 0.505444
0 0.0923444 0.843978 0.184689 0.312043
3 0.400509 0.71179 0.158637 0.533725
3 0.799894 0.659388 0.400213 0.653382
3 0.483257 0.0300243 0.931966 0.0600485
0 0.867609 0.315233 0.0982468 0.603977
4 0.834303 0.253262 0.331394 0.505444
4 0.698837 0.271165 0.602326 0.54233
3 0.306515 0.281723 0.602733 0.563445
4 0.937341 0.791998 0.125319 0.416005
3 0.95723 0.78607 0.0855406 0.427859
4 0.588192 0.0650142 0.823616 0.130028
3 0.132799 0.179165 0.265598 0.35833
3 0.46181 0.734461 0.528587 0.51708
4 0.821713 0.810628 0.355345 0.368244
3 0.791451 0.236179 0.417098 0.472359
4 0.473432 0.28448 0.673936 0.56734
0 0.236774 0.146473 0.473548 0.292946
0 0.425591 0.712627 0.122619 0.501679
3 0.093298 0.54913 0.186596 0.626728
0 0.900534 0.753081 0.198932 0.473177
3 0.133563 0.161104 0.267125 0.306859
3 0.512836 0.526715 0.406841 0.92971
3 0.779118 0.504756 0.374646 0.971142
3 0.490973 0.794882 0.60252 0.397196
3 0.769032 0.283045 0.461936 0.566089
4 0.580861 0.774878 0.784987 0.436566
3 0.0207079 0.774033 0.0414158 0.451934
0 0.0129062 0.496272 0.0258124 0.586571
3 0.0379983 0.296908 0.0759966 0.593817
4 0.521558 0.782569 0.55617 0.423796
3 0.312575 0.72275 0.618062 0.535383
3 0.0126967 0.638944 0.0253934 0.601347
4 0.601944 0.2889 0.667002 0.577799
0 0.452595 0.790252 0.682678 0.419496
4 0.910886 0.380418 0.178229 0.759288
3 0.0276912 0.831852 0.0553824 0.336296
0 0.791451 0.236179 0.417098 0.472359
0 0.0191891 0.735229 0.0383781 0.529542
4 0.3514 0.787571 0.603306 0.424859
0 0.799894 0.659388 0.400213 0.653382
4 0.911095 0.500047 0.17781 0.991556
3 0.214091 0.143455 0.428182 0.286909
0 0.0234864 0.807033 0.0469729 0.385933
4 0.871948 0.784006 0.256104 0.431989
0 0.937341 0.791998 0.125319 0.416005
0 0.400509 0.71179 0.158637 0.533725
0 0.0515307 0.776645 0.103061 0.426653
4 0.323549 0.5 0.641294 1
3 0.0496548 0.698617 0.0993097 0.338261
4 0.193615 0.801857 0.377657 0.396287
0 0.0276912 0.831852 0.0553824 0.336296
3 0.440959 0.285717 0.687035 0.571434
4 0.739199 0.766505 0.521602 0.451005
4 0.141382 0.844407 0.282165 0.311186
4 0.675111 0.809184 0.647134 0.372211
3 0.0515307 0.776645 0.103061 0.426653
0 0.739886 0.69623 0.520227 0.581007
3 0.220621 0.210967 0.437391 0.421934
4 0.245695 0.280537 0.480653 0.555406
4 0.94392 0.51429 0.11216 0.729295
4 0.5738 0.493091 0.66848 0.986181
4 0.95723 0.78607 0.0855406 0.427859
3 0.125756 0.277442 0.251512 0.53201
0 0.948991 0.731 0.102018 0.447656
4 0.927613 0.762165 0.144773 0.457846
4 0.769032 0.283045 0.461936 0.566089
3 0.911234 0.319743 0.177533 0.628603
3 0.402095 0.0548743 0.80419 0.109749
3 0.0129062 0.496272 0.0258124 0.586571
4 0.0276912 0.831852 0.0553824 0.336296
3 0.018633 0.385829 0.0372661 0.661918
4 0.900534 0.753081 0.198932 0.473177
4 0.465419 0.737103 0.597218 0.508942
3 0.347501 0.115359 0.695002 0.230718
4 0.452595 0.790252 0.682678 0.419496
3 0.0287038 0.336042 0.0574075 0.633563
4 0.854142 0.750959 0.291717 0.470813
4 0.0923444 0.843978 0.184689 0.312043
0 0.911095 0.500047 0.17781 0.991556
0 0.136556 0.176794 0.273113 0.334988
4 0.801029 0.794711 0.396918 0.410579
3 0.0637847 0.448353 0.127569 0.53169
0 0.503878 0.430627 0.577673 0.861254
4 0.948991 0.731 0.102018 0.447656
3 0.0646904 0.814539 0.128905 0.365685
0 0.19523 0.799742 0.385414 0.393576
4 0.425591 0.712627 0.122619 0.501679
4 0.133563 0.161104 0.267125 0.306859
0 0.415588 0.473574 0.676264 0.947147
4 0.196875 0.140492 0.393749 0.280985
4 0.476651 0.389367 0.617564 0.778735
0 0.591866 0.497492 0.620796 0.994983
4 0.0150327 0.699141 0.0300655 0.601718
3 0.38084 0.780756 0.727851 0.43375
3 0.720608 0.413397 0.370764 0.801266
0 0.592677 0.286909 0.57424 0.573818
4 0.239832 0.782326 0.475612 0.42318
3 0.0792562 0.365473 0.158512 0.692478
4 0.0379983 0.296908 0.0759966 0.593817
4 0.0515307 0.776645 0.103061 0.426653
2 0.82512 0.790723 0.34976 0.405447
2 0.340236 0.783758 0.668415 0.425794
3 0.0923444 0.843978 0.184689 0.312043
4 0.126313 0.78208 0.252184 0.418599
4 0.0129062 0.496272 0.0258124 0.586571
3 0.0518819 0.54788 0.103764 0.378402
4 0.172911 0.171751 0.345451 0.342005
0 0.871948 0.784006 0.256104 0.431989
4 0.220621 0.210967 0.437391 0.421934
4 0.430576 0.0367579 0.856202 0.0735159
2 0.207716 0.778547 0.415018 0.428272
0 0.245695 0.280537 0.480653 0.555406
4 0.867609 0.315233 0.0982468 0.603977
4 0.791451 0.236179 0.417098 0.472359
0 0.289293 0.504542 0.512392 0.990917
0 0.94392 0.51429 0.11216 0.729295
0 0.167424 0.735053 0.334847 0.495571
4 0.864442 0.516531 0.105046 0.950223
4 0.512836 0.526715 0.406841 0.92971
1 0.911234 0.319743 0.177533 0.628603
4 0.132799 0.179165 0.265598 0.35833
0 0.0504629 0.242742 0.100926 0.485484
4 0.018633 0.385829 0.0372661 0.661918
0 0.801029 0.794711 0.396918 0.410579
4 0.0287038 0.336042 0.0574075 0.633563
4 0.214091 0.143455 0.428182 0.286909
1 0.867609 0.315233 0.0982468 0.603977
1 0.837026 0.798583 0.325948 0.402834
0 0.172361 0.199636 0.342906 0.373991
4 0.347501 0.115359 0.695002 0.230718
4 0.400509 0.71179 0.158637 0.533725
4 0.326066 0.271543 0.648545 0.543086
0 0.018633 0.385829 0.0372661 0.661918
4 0.624224 0.693884 0.751553 0.585147
3 0.863461 0.280745 0.0756569 0.350033
0 0.0496548 0.698617 0.0993097 0.338261
1 0.208245 0.791613 0.411714 0.404956
0 0.512836 0.526715 0.406841 0.92971
4 0.161351 0.285259 0.322366 0.565524
1 0.888044 0.250788 0.223911 0.49271
0 0.864442 0.516531 0.105046 0.950223
0 0.0379983 0.296908 0.0759966 0.593817
4 0.0504629 0.242742 0.100926 0.485484
2 0.486567 0.791223 0.592734 0.410614
4 0.0234864 0.807033 0.0469729 0.385933
0 0.312575 0.72275 0.618062 0.535383
2 0.910439 0.498579 0.179123 0.978635
4 0.0645844 0.849419 0.129169 0.296507
0 0.161351 0.285259 0.322366 0.565524
4 0.0191891 0.735229 0.0383781 0.529542
4 0.694324 0.496274 0.530347 0.988245
0 0.624224 0.693884 0.751553 0.585147
0 0.663817 0.793637 0.652977 0.412727
4 0.243246 0.471407 0.484621 0.938182
4 0.142017 0.475366 0.28287 0.950731
4 0.102372 0.43791 0.204744 0.852944
4 0.799894 0.659388 0.400213 0.653382
0 0.220621 0.210967 0.437391 0.421934
2 0.126313 0.78208 0.252184 0.418599
2 0.739199 0.766505 0.521602 0.451005
1 0.933229 0.79262 0.133542 0.414759
2 0.252049 0.717917 0.504097 0.537181
4 0.167424 0.735053 0.334847 0.495571
0 0.0518819 0.54788 0.103764 0.378402
0 0.326066 0.271543 0.648545 0.543086
0 0.720608 0.413397 0.370764 0.801266
2 0.933229 0.79262 0.133542 0.414759
4 0.779118 0.504756 0.374646 0.971142
2 0.167424 0.735053 0.334847 0.495571
0 0.690027 0.295546 0.486483 0.58527
2 0.0923444 0.843978 0.184689 0.312043
1 0.484332 0.794725 0.623677 0.389594
4 0.093298 0.54913 0.186596 0.626728
4 0.0496548 0.698617 0.0993097 0.338261
4 0.0518819 0.54788 0.103764 0.378402
4 0.0792562 0.365473 0.158512 0.692478
0 0.0287038 0.336042 0.0574075 0.633563
0 0.093298 0.54913 0.186596 0.626728
2 0.141382 0.844407 0.282165 0.311186
1 0.0645844 0.849419 0.129169 0.296507
2 0.911234 0.319743 0.177533 0.628603
2 0.937341 0.791998 0.125319 0.416005
4 0.0637847 0.448353 0.127569 0.53169
4 0.312575 0.72275 0.618062 0.535383
2 0.0496548 0.698617 0.0993097 0.338261
1 0.144298 0.839546 0.286987 0.316043
1 0.19035 0.427427 0.377176 0.852816
4 0.720608 0.413397 0.370764 0.801266
2 0.425591 0.712627 0.122619 0.501679
2 0.288317 0.149453 0.576028 0.298905
2 0.795502 0.249809 0.408997 0.496407
2 0.0518819 0.54788 0.103764 0.378402
2 0.261422 0.498628 0.522844 0.997256
2 0.95723 0.78607 0.0855406 0.427859
2 0.0129062 0.496272 0.0258124 0.586571
2 0.948991 0.731 0.102018 0.447656
1 0.203954 0.24204 0.405405 0.475149
2 0.198492 0.186646 0.395072 0.373292
2 0.0645844 0.849419 0.129169 0.296507
2 0.690027 0.295546 0.486483 0.58527
1 0.424022 0.788574 0.729646 0.422852
1 0.0496548 0.698617 0.0993097 0.338261
2 0.381493 0.28387 0.762986 0.56774
0 0.779118 0.504756 0.374646 0.971142
2 0.0515307 0.776645 0.103061 0.426653
2 0.779118 0.504756 0.374646 0.971142
2 0.701005 0.288374 0.59799 0.576747
2 0.400509 0.71179 0.158637 0.533725
2 0.68239 0.802387 0.635221 0.372781
2 0.0276912 0.831852 0.0553824 0.336296
0 0.694324 0.496274 0.530347 0.988245
2 0.183381 0.482267 0.365023 0.964533
1 0.530198 0.793535 0.928608 0.384811
2 0.533319 0.49401 0.485845 0.988021
2 0.799894 0.659388 0.400213 0.653382
2 0.347501 0.115359 0.695002 0.230718
2 0.247914 0.249318 0.486731 0.498636
2 0.618588 0.309872 0.762824 0.619743
2 0.560262 0.793152 0.760219 0.413696
1 0.871948 0.784006 0.256104 0.431989
2 0.0126967 0.638944 0.0253934 0.601347
2 0.94392 0.51429 0.11216 0.729295
2 0.694324 0.496274 0.530347 0.988245
1 0.81472 0.74457 0.370559 0.482679
1 0.0234864 0.807033 0.0469729 0.385933
2 0.018633 0.385829 0.0372661 0.661918
2 0.0234864 0.807033 0.0469729 0.385933
2 0.41165 0.786833 0.710783 0.426334
2 0.791451 0.236179 0.417098 0.472359
2 0.500107 0.300157 0.770352 0.600314
2 0.093298 0.54913 0.186596 0.626728
1 0.172911 0.171751 0.345451 0.342005
0 0.908971 0.242637 0.182057 0.478393
0 0.796831 0.249993 0.406337 0.496784
0 0.825321 0.762618 0.349357 0.460917
0 0.484351 0.794831 0.622365 0.389403
0 0.51555 0.0251127 0.946165 0.0502254
3 0.907481 0.495335 0.185039 0.990671
0 0.392178 0.780075 0.722848 0.4358
3 0.663684 0.793503 0.651976 0.412995
0 0.14419 0.840047 0.286761 0.315064
3 0.403157 0.5 0.532675 1
3 0.847716 0.769927 0.304567 0.453544
3 0.94411 0.513178 0.11178 0.731528
3 0.649021 0.495561 0.518052 0.991121
0 0.58027 0.774917 0.781434 0.436597
3 0.190117 0.427557 0.37672 0.852922
0 0.910885 0.381503 0.17823 0.761378
0 0.0647208 0.849474 0.129442 0.296476
3 0.801164 0.79444 0.396337 0.411121
3 0.873309 0.783545 0.253382 0.432911
3 0.740463 0.696788 0.519074 0.579946
0 0.933436 0.792565 0.133128 0.41487
0 0.700866 0.288502 0.598268 0.577004
3 0.266551 0.487277 0.533102 0.973407
3 0.867276 0.315719 0.0974234 0.604026
3 0.141563 0.475058 0.281961 0.950115
3 0.474201 0.790156 0.683729 0.419688
4 0.415736 0.795187 0.721805 0.39501
3 0.60957 0.343418 0.60521 0.68416
3 0.890858 0.250759 0.218285 0.492343
3 0.901011 0.753179 0.197978 0.472786
0 0.125719 0.782112 0.251019 0.418634
3 0.937468 0.791612 0.125065 0.416776
3 0.102178 0.437674 0.204355 0.852027
3 0.294436 0.788353 0.568817 0.423294
3 0.927372 0.762216 0.145256 0.457295
3 0.514996 0.490474 0.540189 0.980947
0 0.196893 0.141236 0.393786 0.282472
0 0.0151106 0.699496 0.0302212 0.601008
3 0.193746 0.802027 0.377917 0.395946
3 0.675587 0.809229 0.64574 0.372381
4 0.908356 0.239323 0.183288 0.475603
0 0.732293 0.781182 0.535415 0.407505
3 0.528003 0.804518 0.893963 0.380758
0 0.475915 0.284608 0.66603 0.567068
0 0.58803 0.0637938 0.82394 0.127588
0 0.402132 0.0552703 0.804265 0.110541
3 0.425855 0.712699 0.120753 0.500652
3 0.864244 0.516871 0.104364 0.949632
3 0.699523 0.271194 0.600954 0.542387
3 0.196893 0.141236 0.393786 0.282472
3 0.197664 0.291762 0.39154 0.579296
3 0.948952 0.730758 0.102096 0.447678
3 0.172778 0.171143 0.345174 0.339746
3 0.103391 0.743991 0.206783 0.456304
3 0.584007 0.318625 0.821892 0.63725
3 0.216065 0.72755 0.43213 0.51502
4 0.53494 0.0273272 0.906812 0.0546543
0 0.600495 0.264543 0.79901 0.529085
0 0.347461 0.116531 0.694923 0.233063
3 0.141481 0.844703 0.282364 0.310595
4 0.55808 0.793141 0.756078 0.413717
3 0.58803 0.0637938 0.82394 0.127588
3 0.625139 0.693815 0.749722 0.585349
3 0.0517892 0.24229 0.103578 0.484579
0 0.463515 0.734606 0.522054 0.517073
3 0.835619 0.253544 0.328761 0.506049
0 0.956785 0.786092 0.0864295 0.427816
3 0.401547 0.712492 0.154887 0.532111
0 0.270815 0.782924 0.526659 0.425394
3 0.483379 0.0301055 0.931677 0.060211
0 0.0925852 0.844017 0.18517 0.311967
4 0.835619 0.253544 0.328761 0.506049
3 0.306933 0.281817 0.603376 0.563634
4 0.699523 0.271194 0.600954 0.542387
4 0.937468 0.791612 0.125065 0.416776
4 0.58803 0.0637938 0.82394 0.127588
3 0.133655 0.178984 0.26731 0.357969
3 0.463515 0.734606 0.522054 0.517073
3 0.956785 0.786092 0.0864295 0.427816
4 0.475915 0.284608 0.66603 0.567068
3 0.791696 0.237228 0.416607 0.474455
4 0.821757 0.810573 0.355174 0.368562
3 0.0930847 0.551869 0.186169 0.618323
0 0.867276 0.315719 0.0974234 0.604026
3 0.133828 0.160897 0.267657 0.306223
0 0.425855 0.712699 0.120753 0.500652
0 0.235971 0.14685 0.471943 0.2937
3 0.512786 0.528512 0.402091 0.92633
3 0.779086 0.505062 0.373175 0.970881
3 0.490361 0.794977 0.603068 0.397203
3 0.768982 0.283394 0.462036 0.566788
4 0.58027 0.774917 0.781434 0.436597
3 0.020835 0.774021 0.04167 0.451959
0 0.901011 0.753179 0.197978 0.472786
3 0.0383743 0.296811 0.0767485 0.593622
4 0.522088 0.782665 0.554007 0.423763
0 0.0128869 0.496761 0.0257738 0.584453
3 0.312222 0.722913 0.61729 0.535279
3 0.0127236 0.6392 0.0254472 0.599893
4 0.60299 0.288858 0.663658 0.577716
4 0.910885 0.381503 0.17823 0.761378
3 0.0277382 0.8318 0.0554765 0.3364
0 0.451795 0.790196 0.683874 0.419607
4 0.352026 0.787606 0.604998 0.424788
0 0.791696 0.237228 0.416607 0.474455
4 0.91112 0.500124 0.177761 0.991776
0 0.0193173 0.735394 0.0386345 0.529212
3 0.212844 0.143849 0.425688 0.287697
4 0.873309 0.783545 0.253382 0.432911
4 0.361496 0.5 0.708291 1
3 0.0495977 0.698584 0.0991954 0.337814
0 0.80006 0.66087 0.399881 0.650455
0 0.937468 0.791612 0.125065 0.416776
4 0.193746 0.802027 0.377917 0.395946
0 0.0235472 0.80698 0.0470944 0.386039
0 0.401547 0.712492 0.154887 0.532111
0 0.0514861 0.776688 0.102972 0.426512
3 0.441882 0.285568 0.683669 0.571137
4 0.740156 0.76635 0.519687 0.451368
4 0.141481 0.844703 0.282364 0.310595
0 0.0277382 0.8318 0.0554765 0.3364
4 0.675587 0.809229 0.64574 0.372381
3 0.0514861 0.776688 0.102972 0.426512
3 0.220392 0.209604 0.436957 0.419207
4 0.245571 0.280624 0.480332 0.555473
4 0.94411 0.513178 0.11178 0.731528
4 0.572879 0.493116 0.66217 0.986232
3 0.287803 0.149799 0.575028 0.299597
4 0.956785 0.786092 0.0864295 0.427816
3 0.126011 0.276537 0.252021 0.530698
4 0.768982 0.283394 0.462036 0.566788
4 0.927372 0.762216 0.145256 0.457295
3 0.911218 0.319806 0.177564 0.628536
3 0.0128869 0.496761 0.0257738 0.584453
3 0.402132 0.0552703 0.804265 0.110541
4 0.0277382 0.8318 0.0554765 0.3364
0 0.948952 0.730758 0.102096 0.447678
3 0.0185719 0.385792 0.0371438 0.661067
4 0.901011 0.753179 0.197978 0.472786
4 0.46675 0.737344 0.593379 0.508697
4 0.451795 0.790196 0.683874 0.419607
3 0.347461 0.116531 0.694923 0.233063
3 0.0287226 0.33597 0.0574453 0.63308
4 0.856031 0.751082 0.287938 0.470545
4 0.0925852 0.844017 0.18517 0.311967
4 0.801164 0.79444 0.396337 0.411121
0 0.136878 0.176367 0.273757 0.334065
3 0.0635965 0.44898 0.127193 0.528617
3 0.064753 0.814226 0.12903 0.366383
4 0.948952 0.730758 0.102096 0.447678
4 0.425855 0.712699 0.120753 0.500652
0 0.91112 0.500124 0.177761 0.991776
4 0.133828 0.160897 0.267657 0.306223
0 0.504737 0.427353 0.573365 0.854707
3 0.244232 0.795397 0.477505 0.401113
0 0.195155 0.799913 0.385255 0.393274
4 0.196893 0.141236 0.393786 0.282472
4 0.477327 0.385448 0.613722 0.770896
3 0.381035 0.780437 0.72733 0.434479
4 0.0151106 0.699496 0.0302212 0.601008
0 0.417886 0.471017 0.671019 0.942033
3 0.722096 0.413198 0.367531 0.799502
4 0.239631 0.78222 0.475292 0.423443
0 0.591611 0.496412 0.61555 0.992825
3 0.0791204 0.364999 0.158241 0.691839
0 0.592549 0.286761 0.568516 0.573521
4 0.0383743 0.296811 0.0767485 0.593622
4 0.0514861 0.776688 0.102972 0.426512
3 0.0925852 0.844017 0.18517 0.311967
2 0.825321 0.762618 0.349357 0.460917
2 0.340154 0.7836 0.668158 0.426181
4 0.0128869 0.496761 0.0257738 0.584453
4 0.125719 0.782112 0.251019 0.418634
3 0.0517563 0.548275 0.103513 0.37715
4 0.172778 0.171143 0.345174 0.339746
4 0.220392 0.209604 0.436957 0.419207
4 0.430448 0.0368874 0.856003 0.0737747
2 0.207436 0.778514 0.414522 0.428414
4 0.791696 0.237228 0.416607 0.474455
4 0.867276 0.315719 0.0974234 0.604026
4 0.864244 0.516871 0.104364 0.949632
1 0.911218 0.319806 0.177564 0.628536
4 0.266551 0.487277 0.533102 0.973407
0 0.245571 0.280624 0.480332 0.555473
4 0.512786 0.528512 0.402091 0.92633
0 0.873309 0.783545 0.253382 0.432911
0 0.288285 0.506134 0.506141 0.987732
4 0.133655 0.178984 0.26731 0.357969
0 0.94411 0.513178 0.11178 0.731528
0 0.167048 0.735397 0.334095 0.495006
4 0.0185719 0.385792 0.0371438 0.661067
4 0.0287226 0.33597 0.0574453 0.63308
4 0.212844 0.143849 0.425688 0.287697
1 0.867276 0.315719 0.0974234 0.604026
4 0.327127 0.271511 0.65061 0.543023
0 0.172246 0.19911 0.342649 0.372817
0 0.0517892 0.24229 0.103578 0.484579
4 0.347461 0.116531 0.694923 0.233063
4 0.401547 0.712492 0.154887 0.532111
1 0.838165 0.798258 0.323669 0.403485
0 0.801164 0.79444 0.396337 0.411121
4 0.625139 0.693815 0.749722 0.585349
0 0.0185719 0.385792 0.0371438 0.661067
1 0.208154 0.791728 0.411514 0.404768
3 0.863461 0.28076 0.0756729 0.350044
4 0.161216 0.285233 0.322092 0.565291
1 0.890858 0.250759 0.218285 0.492343
0 0.0495977 0.698584 0.0991954 0.337814
4 0.0517892 0.24229 0.103578 0.484579
4 0.0235472 0.80698 0.0470944 0.386039
2 0.487068 0.79137 0.591296 0.410473
0 0.512786 0.528512 0.402091 0.92633
4 0.287803 0.149799 0.575028 0.299597
4 0.0647208 0.849474 0.129442 0.296476
2 0.910424 0.498559 0.179152 0.978569
0 0.0383743 0.296811 0.0767485 0.593622
0 0.864244 0.516871 0.104364 0.949632
4 0.0193173 0.735394 0.0386345 0.529212
0 0.312222 0.722913 0.61729 0.535279
4 0.694201 0.496556 0.529328 0.988075
0 0.161216 0.285233 0.322092 0.565291
4 0.141563 0.475058 0.281961 0.950115
4 0.102178 0.437674 0.204355 0.852027
4 0.80006 0.66087 0.399881 0.650455
0 0.625139 0.693815 0.749722 0.585349
2 0.125719 0.782112 0.251019 0.418634
0 0.663684 0.793503 0.651976 0.412995
0 0.220392 0.209604 0.436957 0.419207
2 0.740156 0.76635 0.519687 0.451368
1 0.933436 0.792565 0.133128 0.41487
2 0.251761 0.718074 0.503522 0.536998
4 0.167048 0.735397 0.334095 0.495006
4 0.779086 0.505062 0.373175 0.970881
2 0.933436 0.792565 0.133128 0.41487
0 0.327127 0.271511 0.65061 0.543023
0 0.0517563 0.548275 0.103513 0.37715
4 0.190117 0.427557 0.37672 0.852922
2 0.167048 0.735397 0.334095 0.495006
2 0.0925852 0.844017 0.18517 0.311967
4 0.0930847 0.551869 0.186169 0.618323
4 0.0495977 0.698584 0.0991954 0.337814
1 0.484351 0.794831 0.622365 0.389403
4 0.0517563 0.548275 0.103513 0.37715
0 0.722096 0.413198 0.367531 0.799502
4 0.0791204 0.364999 0.158241 0.691839
0 0.690021 0.295886 0.482797 0.585441
2 0.141481 0.844703 0.282364 0.310595
0 0.0287226 0.33597 0.0574453 0.63308
0 0.0930847 0.551869 0.186169 0.618323
1 0.0647208 0.849474 0.129442 0.296476
2 0.911218 0.319806 0.177564 0.628536
2 0.937468 0.791612 0.125065 0.416776
4 0.0635965 0.44898 0.127193 0.528617
4 0.312222 0.722913 0.61729 0.535279
2 0.0495977 0.698584 0.0991954 0.337814
1 0.14419 0.840047 0.286761 0.315064
1 0.190117 0.427557 0.37672 0.852922
2 0.425855 0.712699 0.120753 0.500652
2 0.287803 0.149799 0.575028 0.299597
2 0.796831 0.249993 0.406337 0.496784
4 0.722096 0.413198 0.367531 0.799502
2 0.260153 0.498668 0.520012 0.997336
2 0.0517563 0.548275 0.103513 0.37715
2 0.956785 0.786092 0.0864295 0.427816
1 0.203787 0.242212 0.405079 0.475186
2 0.0128869 0.496761 0.0257738 0.584453
2 0.948952 0.730758 0.102096 0.447678
2 0.198328 0.185677 0.394721 0.371354
2 0.0647208 0.849474 0.129442 0.296476
2 0.690021 0.295886 0.482797 0.585441
1 0.423283 0.788531 0.730873 0.422937
1 0.0495977 0.698584 0.0991954 0.337814
2 0.381423 0.283964 0.762846 0.567929
2 0.0514861 0.776688 0.102972 0.426512
2 0.779086 0.505062 0.373175 0.970881
2 0.700866 0.288502 0.598268 0.577004
2 0.401547 0.712492 0.154887 0.532111
0 0.779086 0.505062 0.373175 0.970881
2 0.0277382 0.8318 0.0554765 0.3364
2 0.683903 0.802397 0.632194 0.37271
2 0.183078 0.482186 0.364371 0.964372
1 0.530343 0.793474 0.928086 0.384964
2 0.534335 0.494081 0.480977 0.988163
2 0.80006 0.66087 0.399881 0.650455
2 0.171755 0.811406 0.341795 0.36525
2 0.347461 0.116531 0.694923 0.233063
0 0.694201 0.496556 0.529328 0.988075
2 0.618711 0.310229 0.762579 0.620457
2 0.248193 0.248806 0.487262 0.497611
2 0.55808 0.793141 0.756078 0.413717
2 0.94411 0.513178 0.11178 0.731528
2 0.0127236 0.6392 0.0254472 0.599893
1 0.873309 0.783545 0.253382 0.432911
1 0.0235472 0.80698 0.0470944 0.386039
2 0.694201 0.496556 0.529328 0.988075
1 0.815205 0.744545 0.36959 0.482731
2 0.0185719 0.385792 0.0371438 0.661067
2 0.0235472 0.80698 0.0470944 0.386039
2 0.411257 0.78684 0.711621 0.42632
1 0.172778 0.171143 0.345174 0.339746
