0 0.502841 0.596572 0.0517714 0.185172
0 0.785293 0.744941 0.429414 0.496331
0 0.505932 0.596509 0.0640099 0.223187
0 0.529757 0.613288 0.0569065 0.20787
1 0.502841 0.596572 0.0517714 0.185172
0 0.532975 0.650254 0.0486653 0.333619
0 0.508687 0.588826 0.0662539 0.398975
0 0.536596 0.607984 0.0855446 0.196762
0 0.827032 0.77631 0.345936 0.447379
0 0.716649 0.7567 0.393557 0.472602
0 0.53141 0.588328 0.0589813 0.395761
0 0.633779 0.748512 0.247562 0.473865
4 0.502841 0.596572 0.0517714 0.185172
2 0.502841 0.596572 0.0517714 0.185172
0 0.233924 0.76467 0.455466 0.449994
1 0.505932 0.596509 0.0640099 0.223187
0 0.143439 0.78047 0.285766 0.424133
0 0.0745115 0.80079 0.149023 0.387666
0 0.484159 0.614829 0.0802729 0.222345
3 0.33611 0.743504 0.342779 0.512992
3 0.933428 0.813158 0.133144 0.373685
3 0.447993 0.359685 0.329508 0.719369
3 0.772675 0.696755 0.45465 0.602355
3 0.841813 0.766258 0.316374 0.467483
3 0.451634 0.455528 0.21897 0.553146
3 0.217062 0.430619 0.267258 0.688144
0 0.294994 0.731241 0.393361 0.532242
4 0.760949 0.761169 0.428063 0.459388
3 0.217752 0.558641 0.219836 0.584767
3 0.928533 0.79888 0.142934 0.40224
3 0.843869 0.306069 0.308324 0.612138
3 0.206787 0.355776 0.341907 0.711552
0 0.928533 0.79888 0.142934 0.40224
3 0.714267 0.323369 0.301816 0.646738
3 0.769005 0.756487 0.426364 0.487027
3 0.592165 0.754211 0.245135 0.457375
3 0.803808 0.540626 0.392384 0.918747
3 0.78185 0.309928 0.316785 0.619856
3 0.506897 0.364029 0.314228 0.728058
3 0.841635 0.474247 0.31673 0.948494
0 0.503566 0.525857 0.0903384 0.467082
3 0.3919 0.361526 0.311475 0.679929
4 0.505932 0.596509 0.0640099 0.223187
3 0.211919 0.776103 0.415701 0.447794
0 0.531627 0.542215 0.0923126 0.499606
3 0.323201 0.353858 0.292863 0.707716
3 0.559647 0.356824 0.292815 0.713648
3 0.696707 0.761937 0.307547 0.476126
3 0.619296 0.348526 0.26322 0.654142
3 0.157167 0.523664 0.252589 0.710961
3 0.941958 0.619275 0.116083 0.756854
0 0.0189331 0.652066 0.0378662 0.671901
1 0.785293 0.744941 0.429414 0.496331
3 0.336075 0.439303 0.18587 0.52472
3 0.558681 0.448409 0.200695 0.543009
3 0.544478 0.759771 0.225331 0.473032
3 0.0963367 0.228726 0.192673 0.457452
3 0.667901 0.331757 0.262887 0.660132
3 0.283366 0.445485 0.209907 0.584753
3 0.727482 0.457602 0.301855 0.842337
3 0.419925 0.541473 0.184958 0.51209
3 0.5103 0.451848 0.20467 0.568994
3 0.0851463 0.262123 0.170293 0.524247
3 0.80524 0.271073 0.38952 0.542146
3 0.0924377 0.430761 0.184875 0.861522
3 0.178699 0.254061 0.357397 0.508123
3 0.371738 0.434177 0.183943 0.490024
3 0.102034 0.584921 0.204068 0.791714
3 0.118071 0.447741 0.225554 0.881576
3 0.643439 0.28437 0.533409 0.56874
3 0.237591 0.715444 0.461447 0.553007
3 0.405157 0.463538 0.202574 0.545082
4 0.529757 0.613288 0.0569065 0.20787
3 0.845847 0.247143 0.308307 0.494287
3 0.2841 0.534819 0.162648 0.515068
3 0.492892 0.770325 0.195547 0.45935
3 0.568573 0.572694 0.136205 0.575801
3 0.278273 0.648229 0.178424 0.552699
3 0.500097 0.253245 0.590416 0.506489
0 0.508536 0.662637 0.0670788 0.312522
3 0.322362 0.656667 0.173234 0.557257
3 0.884145 0.547718 0.231709 0.904565
4 0.536596 0.607984 0.0855446 0.196762
3 0.128017 0.299867 0.251421 0.599734
3 0.159354 0.386994 0.269236 0.732043
3 0.503566 0.525857 0.0903384 0.467082
3 0.880017 0.297615 0.239966 0.569795
3 0.53141 0.588328 0.0589813 0.395761
3 0.386852 0.247823 0.623561 0.495647
3 0.633779 0.748512 0.247562 0.473865
3 0.569119 0.669528 0.127734 0.57991
3 0.142276 0.779597 0.274575 0.440806
3 0.624185 0.440902 0.195041 0.556741
3 0.280778 0.764819 0.354484 0.470362
3 0.377775 0.677577 0.189033 0.596164
3 0.626001 0.761943 0.293118 0.476113
3 0.339764 0.523049 0.125766 0.469434
3 0.468427 0.633106 0.116271 0.508355
3 0.361456 0.758386 0.232547 0.483227
3 0.38609 0.548494 0.145991 0.522424
3 0.112221 0.793319 0.222777 0.413363
3 0.675991 0.447558 0.225457 0.715648
3 0.484673 0.650048 0.0864182 0.343329
4 0.592165 0.754211 0.245135 0.457375
3 0.941085 0.239648 0.117829 0.401419
3 0.940855 0.330584 0.118289 0.51729
3 0.469455 0.0373804 0.719544 0.0747608
0 0.484673 0.650048 0.0864182 0.343329
0 0.419925 0.541473 0.184958 0.51209
3 0.653319 0.126581 0.664214 0.253163
3 0.716649 0.7567 0.393557 0.472602
3 0.416784 0.762803 0.208399 0.474394
3 0.481991 0.764363 0.162187 0.471274
3 0.58089 0.725535 0.134558 0.507154
4 0.841813 0.766258 0.316374 0.467483
0 0.0557696 0.762258 0.111539 0.452854
3 0.508687 0.588826 0.0662539 0.398975
3 0.587117 0.0779805 0.713514 0.155961
3 0.29912 0.279578 0.598239 0.559155
3 0.28889 0.709487 0.300139 0.579726
0 0.0260609 0.713193 0.0521219 0.573615
0 0.324145 0.76932 0.284194 0.46136
4 0.933428 0.813158 0.133144 0.373685
3 0.637223 0.567761 0.179983 0.628481
0 0.354919 0.728445 0.280429 0.543111
3 0.532975 0.650254 0.0486653 0.333619
3 0.541209 0.0557914 0.730392 0.111583
3 0.914297 0.186414 0.171406 0.372828
0 0.0182179 0.456508 0.0364357 0.855999
4 0.933527 0.743989 0.132946 0.494339
0 0.048639 0.131346 0.097278 0.262693
3 0.295034 0.0828064 0.590069 0.165613
3 0.505932 0.596509 0.0640099 0.223187
0 0.58089 0.725535 0.134558 0.507154
3 0.048639 0.131346 0.097278 0.262693
0 0.38609 0.548494 0.145991 0.522424
3 0.340457 0.04783 0.680914 0.0956601
2 0.785293 0.744941 0.429414 0.496331
3 0.800499 0.143232 0.399002 0.286465
1 0.508687 0.588826 0.0662539 0.398975
3 0.704559 0.60553 0.292772 0.788941
3 0.170547 0.128069 0.341094 0.256138
0 0.416784 0.762803 0.208399 0.474394
4 0.643304 0.741575 0.308659 0.468708
4 0.508687 0.588826 0.0662539 0.398975
0 0.339764 0.523049 0.125766 0.469434
3 0.879811 0.122063 0.240379 0.244127
3 0.12283 0.704619 0.24566 0.556718
3 0.529757 0.613288 0.0569065 0.20787
3 0.729662 0.187894 0.540676 0.375789
0 0.403004 0.0422089 0.806007 0.0844178
3 0.820687 0.775496 0.358626 0.449008
3 0.531627 0.542215 0.0923126 0.499606
0 0.933428 0.813158 0.133144 0.373685
0 0.879811 0.122063 0.240379 0.244127
3 0.0176197 0.381329 0.0352394 0.762658
3 0.247211 0.107313 0.494422 0.214625
0 0.0318685 0.793052 0.0637369 0.413896
3 0.0601449 0.582702 0.12029 0.815523
3 0.0148754 0.242816 0.0297508 0.485632
0 0.468427 0.633106 0.116271 0.508355
0 0.112221 0.793319 0.222777 0.413363
3 0.019733 0.198477 0.039466 0.396955
0 0.361456 0.758386 0.232547 0.483227
4 0.416784 0.762803 0.208399 0.474394
0 0.280778 0.764819 0.354484 0.470362
3 0.16557 0.769443 0.330441 0.441866
3 0.929283 0.7233 0.141434 0.509917
3 0.484159 0.614829 0.0802729 0.222345
4 0.820687 0.775496 0.358626 0.449008
4 0.915301 0.793272 0.169397 0.413457
4 0.211919 0.776103 0.415701 0.447794
0 0.511778 0.0470831 0.745305 0.0941663
0 0.327909 0.0595632 0.655817 0.119126
2 0.529757 0.613288 0.0569065 0.20787
0 0.377775 0.677577 0.189033 0.596164
3 0.0546197 0.652725 0.109239 0.639009
4 0.492892 0.770325 0.195547 0.45935
4 0.240634 0.759844 0.46987 0.476393
3 0.0344885 0.806528 0.068977 0.386944
0 0.914297 0.186414 0.171406 0.372828
3 0.536596 0.607984 0.0855446 0.196762
0 0.941085 0.239648 0.117829 0.401419
4 0.0344885 0.806528 0.068977 0.386944
0 0.384482 0.766279 0.248793 0.467442
0 0.322362 0.656667 0.173234 0.557257
0 0.12283 0.704619 0.24566 0.556718
0 0.0168752 0.293752 0.0337505 0.587504
1 0.508536 0.662637 0.0670788 0.312522
4 0.696707 0.761937 0.307547 0.476126
3 0.0288278 0.76356 0.0576556 0.472881
3 0.0162314 0.588686 0.0324628 0.749699
0 0.0148754 0.242816 0.0297508 0.485632
3 0.187149 0.66936 0.369582 0.649745
0 0.0344885 0.806528 0.068977 0.386944
4 0.532975 0.650254 0.0486653 0.333619
3 0.0679791 0.210446 0.135958 0.420892
4 0.280778 0.764819 0.354484 0.470362
0 0.765601 0.15622 0.468798 0.312439
3 0.384482 0.766279 0.248793 0.467442
0 0.295034 0.0828064 0.590069 0.165613
2 0.505932 0.596509 0.0640099 0.223187
4 0.56045 0.768084 0.252524 0.463833
4 0.361456 0.758386 0.232547 0.483227
0 0.947445 0.549824 0.105111 0.756651
4 0.142276 0.779597 0.274575 0.440806
3 0.111559 0.137116 0.223118 0.274231
0 0.568573 0.572694 0.136205 0.575801
3 0.0557696 0.762258 0.111539 0.452854
4 0.0913432 0.791689 0.182205 0.402562
3 0.0593421 0.411811 0.118684 0.816728
0 0.247211 0.107313 0.494422 0.214625
0 0.405157 0.463538 0.202574 0.545082
0 0.938928 0.714574 0.122145 0.559241
0 0.019733 0.198477 0.039466 0.396955
0 0.178699 0.254061 0.357397 0.508123
3 0.0611239 0.245512 0.122248 0.489608
0 0.587117 0.0779805 0.713514 0.155961
4 0.503566 0.525857 0.0903384 0.467082
3 0.0260609 0.713193 0.0521219 0.573615
4 0.0182179 0.456508 0.0364357 0.855999
0 0.371738 0.434177 0.183943 0.490024
4 0.0162314 0.588686 0.0324628 0.749699
0 0.569119 0.669528 0.127734 0.57991
4 0.019733 0.198477 0.039466 0.396955
0 0.211919 0.776103 0.415701 0.447794
0 0.690584 0.163783 0.618833 0.327565
4 0.879811 0.122063 0.240379 0.244127
0 0.492892 0.770325 0.195547 0.45935
0 0.86313 0.30872 0.27374 0.614481
4 0.112221 0.793319 0.222777 0.413363
4 0.469455 0.0373804 0.719544 0.0747608
0 0.2841 0.534819 0.162648 0.515068
1 0.827032 0.77631 0.345936 0.447379
3 0.0913432 0.791689 0.182205 0.402562
4 0.0318685 0.793052 0.0637369 0.413896
4 0.048639 0.131346 0.097278 0.262693
2 0.327039 0.745241 0.348102 0.509131
4 0.500097 0.253245 0.590416 0.506489
4 0.815509 0.6405 0.368982 0.719001
4 0.53141 0.588328 0.0589813 0.395761
4 0.914297 0.186414 0.171406 0.372828
4 0.941958 0.619275 0.116083 0.756854
0 0.111559 0.137116 0.223118 0.274231
4 0.0148754 0.242816 0.0297508 0.485632
0 0.940855 0.330584 0.118289 0.51729
0 0.592165 0.754211 0.245135 0.457375
0 0.456081 0.754874 0.206636 0.465915
4 0.335735 0.251858 0.624225 0.503716
0 0.80524 0.271073 0.38952 0.542146
4 0.384482 0.766279 0.248793 0.467442
4 0.0260609 0.713193 0.0521219 0.573615
2 0.508536 0.662637 0.0670788 0.312522
0 0.170547 0.128069 0.341094 0.256138
4 0.0168752 0.293752 0.0337505 0.587504
4 0.0557696 0.762258 0.111539 0.452854
4 0.178457 0.774644 0.355332 0.430572
1 0.153984 0.777829 0.304849 0.433427
0 0.29912 0.279578 0.598239 0.559155
4 0.481991 0.764363 0.162187 0.471274
4 0.940855 0.330584 0.118289 0.51729
2 0.532975 0.650254 0.0486653 0.333619
4 0.541209 0.0557914 0.730392 0.111583
4 0.379457 0.0455599 0.758914 0.0911198
4 0.941085 0.239648 0.117829 0.401419
0 0.696707 0.761937 0.307547 0.476126
0 0.386852 0.247823 0.623561 0.495647
2 0.237225 0.765971 0.459106 0.460107
2 0.53141 0.588328 0.0589813 0.395761
4 0.800499 0.143232 0.399002 0.286465
4 0.587117 0.0779805 0.713514 0.155961
4 0.178699 0.254061 0.357397 0.508123
0 0.565032 0.255568 0.560481 0.511136
1 0.529757 0.613288 0.0569065 0.20787
4 0.643439 0.28437 0.533409 0.56874
1 0.53141 0.588328 0.0589813 0.395761
0 0.336075 0.439303 0.18587 0.52472
4 0.262744 0.28952 0.525487 0.57904
0 0.451634 0.455528 0.21897 0.553146
4 0.653319 0.126581 0.664214 0.253163
0 0.3919 0.361526 0.311475 0.679929
4 0.80524 0.271073 0.38952 0.542146
0 0.793289 0.646896 0.413423 0.706208
0 0.637223 0.567761 0.179983 0.628481
3 0.508536 0.662637 0.0670788 0.312522
0 0.278273 0.648229 0.178424 0.552699
0 0.643439 0.28437 0.533409 0.56874
4 0.3919 0.361526 0.311475 0.679929
2 0.536596 0.607984 0.0855446 0.196762
0 0.204421 0.687337 0.408841 0.592986
4 0.324145 0.76932 0.284194 0.46136
4 0.327909 0.0595632 0.655817 0.119126
0 0.714267 0.323369 0.301816 0.646738
2 0.928533 0.79888 0.142934 0.40224
0 0.811831 0.519783 0.376338 0.960434
4 0.714267 0.323369 0.301816 0.646738
4 0.405157 0.463538 0.202574 0.545082
4 0.531627 0.542215 0.0923126 0.499606
2 0.474797 0.613284 0.0927827 0.232345
4 0.86313 0.30872 0.27374 0.614481
0 0.502829 0.596563 0.0517176 0.185122
0 0.785498 0.744941 0.429004 0.496379
0 0.505915 0.596502 0.0639606 0.223124
0 0.52978 0.613279 0.0568724 0.20785
1 0.502829 0.596563 0.0517176 0.185122
0 0.533009 0.650232 0.0486345 0.333502
0 0.508675 0.588777 0.0661972 0.398737
0 0.536528 0.607968 0.0853954 0.196683
0 0.827024 0.776308 0.345952 0.447383
0 0.716507 0.756705 0.393397 0.472619
0 0.531454 0.588472 0.0589342 0.395904
0 0.632753 0.748537 0.245599 0.473837
4 0.502829 0.596563 0.0517176 0.185122
2 0.502829 0.596563 0.0517176 0.185122
0 0.233943 0.764682 0.455381 0.450018
1 0.505915 0.596502 0.0639606 0.223124
0 0.14319 0.780481 0.28528 0.424114
0 0.0744188 0.801331 0.148838 0.386608
3 0.336148 0.743499 0.342641 0.513003
0 0.484149 0.615114 0.0802626 0.222879
3 0.933339 0.813196 0.133321 0.373608
3 0.448181 0.35963 0.32853 0.71926
3 0.841746 0.766201 0.316508 0.467597
3 0.772851 0.697022 0.454298 0.601959
3 0.451633 0.455553 0.218724 0.552478
3 0.217172 0.430977 0.266551 0.68688
3 0.217747 0.558115 0.219232 0.582487
4 0.761058 0.761234 0.428174 0.459257
3 0.928411 0.798887 0.143178 0.402226
3 0.843965 0.306614 0.308046 0.613229
3 0.206849 0.355673 0.341552 0.711347
0 0.295371 0.731345 0.392503 0.532179
3 0.714413 0.32347 0.301258 0.64694
3 0.769193 0.756576 0.426394 0.486849
0 0.928411 0.798887 0.143178 0.402226
3 0.80399 0.541389 0.392019 0.917221
3 0.782005 0.310266 0.316223 0.620532
3 0.591592 0.754243 0.244011 0.457305
3 0.507089 0.363999 0.313258 0.727998
3 0.841648 0.474166 0.316703 0.948332
3 0.392067 0.361875 0.310401 0.678581
3 0.211724 0.776094 0.415046 0.447813
4 0.505915 0.596502 0.0639606 0.223124
3 0.323275 0.353679 0.292301 0.707359
3 0.559785 0.356761 0.291723 0.713523
0 0.503588 0.525697 0.0901989 0.466622
3 0.696779 0.76197 0.307671 0.47606
3 0.619562 0.34893 0.2622 0.65324
0 0.531702 0.542166 0.0922524 0.499437
3 0.157122 0.523377 0.252221 0.70656
3 0.942003 0.620015 0.115994 0.755426
1 0.785498 0.744941 0.429004 0.496379
3 0.336143 0.439104 0.18488 0.523278
3 0.558687 0.448484 0.200088 0.542186
3 0.544394 0.759825 0.224905 0.473046
3 0.0962468 0.228554 0.192494 0.457108
3 0.667998 0.33201 0.262517 0.659912
3 0.283568 0.445575 0.20877 0.583342
3 0.727324 0.457923 0.300997 0.841508
0 0.0189358 0.651971 0.0378717 0.672253
3 0.419936 0.541334 0.184559 0.511391
3 0.510401 0.451971 0.204214 0.568323
3 0.0850923 0.26261 0.170185 0.52522
3 0.0923897 0.430354 0.184779 0.860708
3 0.805566 0.271207 0.388867 0.542413
3 0.178658 0.253827 0.357315 0.507654
3 0.371846 0.433721 0.183049 0.488429
3 0.118042 0.447102 0.225389 0.878805
3 0.101973 0.58515 0.203946 0.789577
3 0.643692 0.284517 0.532683 0.569034
3 0.237578 0.715641 0.461436 0.552761
3 0.405154 0.463495 0.201997 0.544388
4 0.52978 0.613279 0.0568724 0.20785
3 0.846054 0.247143 0.307892 0.494286
3 0.284407 0.534276 0.161482 0.513221
3 0.49291 0.770416 0.195515 0.459167
3 0.500225 0.253896 0.590062 0.507793
3 0.278415 0.647498 0.177506 0.550692
3 0.568622 0.572667 0.135873 0.575508
3 0.322449 0.656185 0.172138 0.555919
3 0.884783 0.549145 0.230434 0.90171
3 0.127983 0.300208 0.251354 0.600417
4 0.536528 0.607968 0.0853954 0.196683
3 0.159374 0.387384 0.268874 0.731505
3 0.503588 0.525697 0.0901989 0.466622
3 0.880001 0.297918 0.239997 0.56994
3 0.531454 0.588472 0.0589342 0.395904
0 0.508544 0.662652 0.0670596 0.312338
3 0.38682 0.249131 0.622846 0.498262
3 0.632753 0.748537 0.245599 0.473837
3 0.56908 0.669531 0.127601 0.579489
3 0.142061 0.779836 0.274174 0.440328
3 0.281375 0.764734 0.353212 0.470532
3 0.62428 0.440915 0.194244 0.554946
3 0.625922 0.761999 0.29283 0.476002
3 0.3781 0.677704 0.187981 0.596151
3 0.339947 0.522466 0.124487 0.467529
3 0.468391 0.633374 0.116232 0.50871
3 0.361279 0.758319 0.232865 0.483363
3 0.386281 0.548039 0.14497 0.520773
3 0.112171 0.793721 0.222711 0.412558
3 0.676007 0.448087 0.224993 0.713883
3 0.484669 0.650487 0.0863907 0.344157
3 0.941278 0.239929 0.117444 0.400892
3 0.940974 0.330594 0.118052 0.515984
3 0.469303 0.0376581 0.71881 0.0753163
4 0.591592 0.754243 0.244011 0.457305
3 0.716507 0.756705 0.393397 0.472619
3 0.653437 0.127504 0.663784 0.255008
3 0.416701 0.76285 0.208594 0.4743
3 0.481938 0.764368 0.16249 0.471264
3 0.580731 0.72543 0.13418 0.506794
4 0.841746 0.766201 0.316508 0.467597
3 0.508675 0.588777 0.0661972 0.398737
0 0.419936 0.541334 0.184559 0.511391
3 0.298898 0.280026 0.597797 0.560053
0 0.484669 0.650487 0.0863907 0.344157
3 0.587256 0.0786486 0.71292 0.157297
3 0.289015 0.709666 0.299608 0.579585
0 0.0557881 0.76212 0.111576 0.453224
4 0.933339 0.813196 0.133321 0.373608
3 0.637282 0.567408 0.179135 0.626759
3 0.533009 0.650232 0.0486345 0.333502
3 0.914371 0.186331 0.171259 0.372662
3 0.541185 0.0562788 0.729626 0.112558
0 0.0260842 0.712966 0.0521683 0.574067
0 0.324162 0.769311 0.28404 0.461378
4 0.933465 0.743979 0.13307 0.494472
3 0.294401 0.0829661 0.588802 0.165932
3 0.505915 0.596502 0.0639606 0.223124
0 0.354802 0.728459 0.280458 0.543081
3 0.0487027 0.131266 0.0974054 0.262533
3 0.339847 0.0480644 0.679693 0.0961288
2 0.785498 0.744941 0.429004 0.496379
0 0.0182373 0.456152 0.0364746 0.85536
3 0.80069 0.143582 0.398619 0.287163
0 0.0487027 0.131266 0.0974054 0.262533
1 0.508675 0.588777 0.0661972 0.398737
0 0.580731 0.72543 0.13418 0.506794
3 0.704237 0.606039 0.291317 0.787922
0 0.386281 0.548039 0.14497 0.520773
3 0.17033 0.128007 0.34066 0.256014
4 0.641824 0.741555 0.305775 0.468552
4 0.508675 0.588777 0.0661972 0.398737
3 0.879874 0.122156 0.240252 0.244312
3 0.122524 0.704578 0.245048 0.556839
3 0.729903 0.188845 0.540195 0.37769
3 0.52978 0.613279 0.0568724 0.20785
3 0.820673 0.775489 0.358655 0.449022
0 0.416701 0.76285 0.208594 0.4743
0 0.339947 0.522466 0.124487 0.467529
3 0.531702 0.542166 0.0922524 0.499437
3 0.0176532 0.381355 0.0353064 0.76271
3 0.246718 0.107408 0.493436 0.214817
3 0.0601359 0.582386 0.120272 0.813873
0 0.402545 0.0425427 0.80509 0.0850855
3 0.0149018 0.242884 0.0298035 0.485768
0 0.879874 0.122156 0.240252 0.244312
0 0.933339 0.813196 0.133321 0.373608
0 0.0318341 0.793119 0.0636683 0.413761
3 0.0197568 0.198286 0.0395136 0.396571
4 0.416701 0.76285 0.208594 0.4743
0 0.468391 0.633374 0.116232 0.50871
3 0.165008 0.769339 0.329335 0.442095
3 0.929184 0.723421 0.141633 0.509807
3 0.484149 0.615114 0.0802626 0.222879
0 0.112171 0.793721 0.222711 0.412558
4 0.820673 0.775489 0.358655 0.449022
4 0.915167 0.793266 0.169666 0.413468
0 0.361279 0.758319 0.232865 0.483363
4 0.211724 0.776094 0.415046 0.447813
0 0.281375 0.764734 0.353212 0.470532
2 0.52978 0.613279 0.0568724 0.20785
3 0.054619 0.652838 0.109238 0.638463
4 0.49291 0.770416 0.195515 0.459167
4 0.240646 0.759676 0.469807 0.476838
0 0.511634 0.0474735 0.744317 0.0949469
3 0.0344752 0.806791 0.0689505 0.386418
0 0.3781 0.677704 0.187981 0.596151
0 0.327335 0.0597732 0.65467 0.119546
3 0.536528 0.607968 0.0853954 0.196683
4 0.0344752 0.806791 0.0689505 0.386418
1 0.508544 0.662652 0.0670596 0.312338
3 0.0287928 0.763424 0.0575855 0.473151
3 0.0162425 0.588635 0.032485 0.749827
4 0.696779 0.76197 0.307671 0.47606
0 0.914371 0.186331 0.171259 0.372662
3 0.186915 0.669505 0.369061 0.649555
0 0.941278 0.239929 0.117444 0.400892
0 0.322449 0.656185 0.172138 0.555919
4 0.533009 0.650232 0.0486345 0.333502
3 0.0679713 0.210215 0.135943 0.42043
0 0.384003 0.76627 0.249769 0.46746
0 0.122524 0.704578 0.245048 0.556839
0 0.0169094 0.294039 0.0338188 0.588078
4 0.281375 0.764734 0.353212 0.470532
3 0.384003 0.76627 0.249769 0.46746
0 0.0149018 0.242884 0.0298035 0.485768
2 0.505915 0.596502 0.0639606 0.223124
0 0.0344752 0.806791 0.0689505 0.386418
4 0.560353 0.768207 0.252179 0.463586
0 0.765834 0.156984 0.468331 0.313967
4 0.361279 0.758319 0.232865 0.483363
0 0.294401 0.0829661 0.588802 0.165932
4 0.142061 0.779836 0.274174 0.440328
3 0.111472 0.136867 0.222944 0.273734
3 0.0557881 0.76212 0.111576 0.453224
4 0.0912928 0.791696 0.182109 0.402564
3 0.0593534 0.411831 0.118707 0.817184
0 0.947541 0.55046 0.104918 0.753534
3 0.0611306 0.245739 0.122261 0.490348
0 0.568622 0.572667 0.135873 0.575508
0 0.405154 0.463495 0.201997 0.544388
0 0.246718 0.107408 0.493436 0.214817
0 0.938929 0.714866 0.122143 0.558923
0 0.178658 0.253827 0.357315 0.507654
0 0.0197568 0.198286 0.0395136 0.396571
4 0.503588 0.525697 0.0901989 0.466622
3 0.0260842 0.712966 0.0521683 0.574067
4 0.0182373 0.456152 0.0364746 0.85536
4 0.0162425 0.588635 0.032485 0.749827
0 0.587256 0.0786486 0.71292 0.157297
0 0.371846 0.433721 0.183049 0.488429
4 0.0197568 0.198286 0.0395136 0.396571
4 0.879874 0.122156 0.240252 0.244312
4 0.112171 0.793721 0.222711 0.412558
4 0.469303 0.0376581 0.71881 0.0753163
3 0.0912928 0.791696 0.182109 0.402564
1 0.827024 0.776308 0.345952 0.447383
0 0.56908 0.669531 0.127601 0.579489
4 0.0318341 0.793119 0.0636683 0.413761
0 0.690793 0.164832 0.618414 0.329664
0 0.211724 0.776094 0.415046 0.447813
0 0.49291 0.770416 0.195515 0.459167
4 0.0487027 0.131266 0.0974054 0.262533
2 0.327265 0.745303 0.347631 0.509055
4 0.500225 0.253896 0.590062 0.507793
0 0.863149 0.309121 0.273703 0.615257
4 0.81543 0.641023 0.369139 0.717955
4 0.914371 0.186331 0.171259 0.372662
4 0.531454 0.588472 0.0589342 0.395904
4 0.942003 0.620015 0.115994 0.755426
0 0.284407 0.534276 0.161482 0.513221
4 0.0149018 0.242884 0.0298035 0.485768
0 0.111472 0.136867 0.222944 0.273734
4 0.3357 0.252694 0.623828 0.505388
4 0.384003 0.76627 0.249769 0.46746
4 0.0260842 0.712966 0.0521683 0.574067
0 0.940974 0.330594 0.118052 0.515984
2 0.508544 0.662652 0.0670596 0.312338
0 0.591592 0.754243 0.244011 0.457305
0 0.455263 0.754897 0.208308 0.465829
4 0.0169094 0.294039 0.0338188 0.588078
4 0.0557881 0.76212 0.111576 0.453224
4 0.177996 0.774592 0.354426 0.430704
4 0.481938 0.764368 0.16249 0.471264
0 0.805566 0.271207 0.388867 0.542413
4 0.940974 0.330594 0.118052 0.515984
1 0.153155 0.77785 0.303194 0.433402
2 0.533009 0.650232 0.0486345 0.333502
4 0.541185 0.0562788 0.729626 0.112558
4 0.941278 0.239929 0.117444 0.400892
4 0.37893 0.0458986 0.757859 0.0917973
0 0.17033 0.128007 0.34066 0.256014
0 0.298898 0.280026 0.597797 0.560053
2 0.237227 0.765913 0.459044 0.460289
2 0.531454 0.588472 0.0589342 0.395904
4 0.80069 0.143582 0.398619 0.287163
4 0.587256 0.0786486 0.71292 0.157297
0 0.696779 0.76197 0.307671 0.47606
4 0.178658 0.253827 0.357315 0.507654
0 0.38682 0.249131 0.622846 0.498262
1 0.52978 0.613279 0.0568724 0.20785
4 0.643692 0.284517 0.532683 0.569034
1 0.531454 0.588472 0.0589342 0.395904
4 0.262578 0.289614 0.525156 0.579227
0 0.565176 0.256004 0.559983 0.512009
4 0.653437 0.127504 0.663784 0.255008
0 0.336143 0.439104 0.18488 0.523278
0 0.451633 0.455553 0.218724 0.552478
4 0.805566 0.271207 0.388867 0.542413
3 0.508544 0.662652 0.0670596 0.312338
4 0.392067 0.361875 0.310401 0.678581
2 0.536528 0.607968 0.0853954 0.196683
4 0.327335 0.0597732 0.65467 0.119546
4 0.324162 0.769311 0.28404 0.461378
0 0.392067 0.361875 0.310401 0.678581
0 0.637282 0.567408 0.179135 0.626759
0 0.793514 0.647196 0.412972 0.705608
0 0.278415 0.647498 0.177506 0.550692
4 0.714413 0.32347 0.301258 0.64694
0 0.643692 0.284517 0.532683 0.569034
2 0.928411 0.798887 0.143178 0.402226
4 0.405154 0.463495 0.201997 0.544388
0 0.204139 0.687411 0.408277 0.59288
4 0.531702 0.542166 0.0922524 0.499437
4 0.863149 0.309121 0.273703 0.615257
4 0.323275 0.353679 0.292301 0.707359
2 0.474733 0.613592 0.0929031 0.232932
4 0.729903 0.188845 0.540195 0.37769
