0 0.223639 0.607159 0.0600316 0.215107
0 0.50449 0.597416 0.0446352 0.0915744
0 0.503832 0.556321 0.0466082 0.142132
1 0.223639 0.607159 0.0600316 0.215107
2 0.223639 0.607159 0.0600316 0.215107
4 0.223639 0.607159 0.0600316 0.215107
0 0.535361 0.624328 0.0875763 0.168374
0 0.28637 0.648704 0.205007 0.260974
0 0.505903 0.624184 0.0470093 0.15758
0 0.633859 0.734502 0.284626 0.382116
3 0.128445 0.733664 0.25689 0.494627
0 0.508399 0.50142 0.0638968 0.336019
0 0.261625 0.624954 0.148732 0.216456
3 0.322302 0.47253 0.599571 0.934241
0 0.482564 0.586359 0.091618 0.120911
0 0.536732 0.634745 0.0683203 0.308218
0 0.13169 0.723847 0.263381 0.501459
0 0.395576 0.679726 0.101961 0.366895
2 0.13169 0.723847 0.263381 0.501459
0 0.397049 0.542894 0.0399179 0.122718
3 0.809605 0.76607 0.368057 0.467861
0 0.809504 0.769977 0.380991 0.448242
0 0.460299 0.760378 0.476398 0.464493
3 0.134269 0.504229 0.268539 0.991543
0 0.772687 0.690971 0.454626 0.601335
3 0.395576 0.679726 0.101961 0.366895
3 0.397049 0.542894 0.0399179 0.122718
3 0.88235 0.783744 0.2353 0.432512
2 0.50449 0.597416 0.0446352 0.0915744
3 0.396694 0.579684 0.0631752 0.404961
0 0.597248 0.756671 0.406139 0.460519
0 0.223972 0.535893 0.0713924 0.362502
3 0.683426 0.764185 0.546735 0.471631
2 0.18915 0.733542 0.372513 0.532916
0 0.166301 0.760835 0.329704 0.478221
3 0.940935 0.826618 0.118131 0.346764
0 0.387657 0.236135 0.471799 0.471999
3 0.79887 0.77122 0.396562 0.45756
3 0.823302 0.704466 0.353396 0.591068
4 0.503832 0.556321 0.0466082 0.142132
3 0.786221 0.393867 0.386575 0.780283
3 0.70406 0.761164 0.563354 0.468802
0 0.200429 0.125231 0.400858 0.250461
3 0.583641 0.750073 0.440822 0.499855
3 0.125512 0.647934 0.251024 0.704132
3 0.263471 0.62135 0.154057 0.279619
3 0.354466 0.829689 0.484368 0.340622
3 0.507641 0.487928 0.3115 0.92461
3 0.184723 0.384231 0.369446 0.751379
4 0.222015 0.53233 0.0774089 0.397245
0 0.53824 0.633841 0.112602 0.644204
0 0.480625 0.574779 0.0938318 0.182163
3 0.480625 0.574779 0.0938318 0.182163
0 0.0923085 0.850646 0.184025 0.298708
3 0.793734 0.501611 0.376247 0.996779
3 0.357481 0.667064 0.102343 0.393898
3 0.837671 0.519417 0.322279 0.922107
3 0.24321 0.826449 0.460281 0.347102
3 0.261312 0.618921 0.198849 0.534337
3 0.598801 0.523883 0.342233 0.952233
3 0.937073 0.832687 0.125854 0.334625
3 0.223639 0.607159 0.0600316 0.215107
3 0.494904 0.802496 0.56006 0.395008
0 0.297421 0.734689 0.266962 0.48592
3 0.200429 0.125231 0.400858 0.250461
0 0.139588 0.824757 0.276553 0.350487
3 0.746987 0.521536 0.481576 0.954065
3 0.743496 0.355448 0.513008 0.710012
3 0.166301 0.760835 0.329704 0.478221
0 0.232149 0.746173 0.261504 0.495005
3 0.883553 0.459024 0.232894 0.785963
3 0.748261 0.66447 0.493211 0.649047
3 0.318578 0.291104 0.600383 0.574987
0 0.0228353 0.672524 0.0456706 0.654953
0 0.519521 0.0341353 0.960959 0.0682706
3 0.299099 0.577494 0.232481 0.648141
4 0.50449 0.597416 0.0446352 0.0915744
3 0.608604 0.402329 0.277547 0.766738
0 0.50066 0.745889 0.643064 0.49315
3 0.137719 0.836596 0.272987 0.326808
3 0.887906 0.674779 0.224188 0.61325
3 0.581472 0.540769 0.222264 0.918462
3 0.783873 0.152007 0.432254 0.304013
4 0.508399 0.50142 0.0638968 0.336019
1 0.50449 0.597416 0.0446352 0.0915744
3 0.0313419 0.764165 0.0626837 0.471671
3 0.486123 0.341209 0.324015 0.667099
3 0.638266 0.05453 0.718073 0.10906
4 0.605458 0.761034 0.490514 0.477932
4 0.460299 0.760378 0.476398 0.464493
0 0.839588 0.122187 0.320824 0.244373
3 0.70855 0.127314 0.582901 0.254628
3 0.958255 0.490913 0.0834909 0.69003
3 0.28637 0.648704 0.205007 0.260974
2 0.460299 0.760378 0.476398 0.464493
3 0.688868 0.522291 0.400577 0.955418
3 0.450603 0.224243 0.719379 0.448486
3 0.556898 0.0327194 0.886205 0.0654388
0 0.783873 0.152007 0.432254 0.304013
3 0.683282 0.0893568 0.633437 0.178714
0 0.441914 0.469528 0.361253 0.918364
3 0.0158139 0.665775 0.0316277 0.618439
3 0.695293 0.283882 0.581914 0.567764
3 0.389582 0.750318 0.72336 0.475729
0 0.0110828 0.605815 0.0221657 0.515104
0 0.328109 0.0561002 0.656217 0.1122
0 0.0158139 0.665775 0.0316277 0.618439
3 0.222015 0.53233 0.0774089 0.397245
4 0.809588 0.772258 0.379301 0.455485
2 0.503832 0.556321 0.0466082 0.142132
3 0.942118 0.421509 0.115765 0.779408
4 0.404832 0.304564 0.43445 0.600502
4 0.146523 0.387234 0.293046 0.750945
3 0.53824 0.633841 0.112602 0.644204
4 0.637501 0.762013 0.325789 0.456589
0 0.25153 0.0700426 0.50306 0.140085
0 0.937073 0.832687 0.125854 0.334625
3 0.0632508 0.206315 0.126502 0.412631
0 0.43883 0.312179 0.373764 0.614414
3 0.619277 0.718359 0.244304 0.560131
3 0.0334642 0.235203 0.0669285 0.470405
4 0.310354 0.748011 0.564671 0.485604
0 0.7201 0.752932 0.52462 0.482823
4 0.13169 0.723847 0.263381 0.501459
1 0.223972 0.535893 0.0713924 0.362502
3 0.168969 0.252524 0.336384 0.49097
3 0.441914 0.469528 0.361253 0.918364
3 0.127646 0.306535 0.254323 0.609239
3 0.640108 0.36261 0.402905 0.725219
3 0.672141 0.404094 0.306582 0.797046
3 0.297421 0.734689 0.266962 0.48592
4 0.796055 0.691065 0.407891 0.602757
2 0.505903 0.624184 0.0470093 0.15758
3 0.0228353 0.672524 0.0456706 0.654953
3 0.911681 0.346123 0.176638 0.692246
3 0.955672 0.707347 0.0886566 0.574201
3 0.482564 0.586359 0.091618 0.120911
3 0.0395218 0.827098 0.0790436 0.345804
3 0.510368 0.0425096 0.913057 0.0850192
0 0.482381 0.0951483 0.90234 0.190297
4 0.7201 0.752932 0.52462 0.482823
3 0.50066 0.745889 0.643064 0.49315
3 0.0285009 0.287704 0.0570018 0.575409
3 0.0109569 0.507281 0.0219138 0.533799
4 0.940935 0.826618 0.118131 0.346764
3 0.839588 0.122187 0.320824 0.244373
3 0.3003 0.0501232 0.6006 0.100246
0 0.451468 0.81132 0.640559 0.354252
3 0.598901 0.758814 0.408772 0.463395
3 0.016291 0.375341 0.032582 0.710865
3 0.570054 0.236052 0.656999 0.472103
2 0.536732 0.634745 0.0683203 0.308218
0 0.683282 0.0893568 0.633437 0.178714
0 0.70855 0.127314 0.582901 0.254628
4 0.354466 0.829689 0.484368 0.340622
4 0.88235 0.783744 0.2353 0.432512
3 0.129974 0.215169 0.258418 0.405661
0 0.211894 0.817719 0.414017 0.35201
3 0.25153 0.0700426 0.50306 0.140085
4 0.826607 0.779624 0.342722 0.440753
4 0.937073 0.832687 0.125854 0.334625
3 0.966675 0.637149 0.066651 0.498084
0 0.310354 0.748011 0.564671 0.485604
4 0.633203 0.763214 0.491537 0.472117
0 0.638266 0.05453 0.718073 0.10906
3 0.336235 0.823402 0.621387 0.338396
0 0.0308078 0.721286 0.0616156 0.557427
3 0.0622732 0.563625 0.124546 0.707709
3 0.981743 0.614934 0.0365139 0.480166
0 0.125512 0.647934 0.251024 0.704132
4 0.373819 0.787501 0.723675 0.403257
3 0.271785 0.774288 0.537098 0.431585
0 0.979865 0.545462 0.0402706 0.57423
3 0.43468 0.495939 0.200013 0.894401
3 0.0110828 0.605815 0.0221657 0.515104
4 0.543047 0.756583 0.492242 0.459587
0 0.0109569 0.507281 0.0219138 0.533799
4 0.137719 0.836596 0.272987 0.326808
0 0.382714 0.146426 0.739254 0.292852
3 0.508399 0.50142 0.0638968 0.336019
4 0.505903 0.624184 0.0470093 0.15758
0 0.955672 0.707347 0.0886566 0.574201
4 0.41004 0.45104 0.421722 0.887681
4 0.28637 0.648704 0.205007 0.260974
4 0.466752 0.822236 0.506353 0.355527
4 0.0395218 0.827098 0.0790436 0.345804
0 0.911681 0.346123 0.176638 0.692246
0 0.0632508 0.206315 0.126502 0.412631
1 0.261625 0.624954 0.148732 0.216456
3 0.451468 0.81132 0.640559 0.354252
4 0.24321 0.826449 0.460281 0.347102
4 0.515421 0.772318 0.548113 0.455364
3 0.535361 0.624328 0.0875763 0.168374
0 0.940935 0.826618 0.118131 0.346764
1 0.508399 0.50142 0.0638968 0.336019
0 0.94132 0.413987 0.117361 0.802504
3 0.536732 0.634745 0.0683203 0.308218
0 0.88235 0.783744 0.2353 0.432512
4 0.121132 0.18847 0.242264 0.361577
3 0.482381 0.0951483 0.90234 0.190297
1 0.503832 0.556321 0.0466082 0.142132
0 0.826607 0.779624 0.342722 0.440753
4 0.200429 0.125231 0.400858 0.250461
4 0.556898 0.0327194 0.886205 0.0654388
0 0.549623 0.751583 0.492152 0.496834
3 0.0786019 0.701507 0.157204 0.594635
4 0.350214 0.247483 0.540732 0.493436
0 0.319448 0.0949682 0.626158 0.189936
3 0.503832 0.556321 0.0466082 0.142132
0 0.357481 0.667064 0.102343 0.393898
0 0.412457 0.829253 0.4597 0.341493
0 0.619277 0.718359 0.244304 0.560131
4 0.0984807 0.84688 0.196961 0.30624
0 0.0361094 0.801141 0.0722187 0.397718
4 0.50187 0.827313 0.538732 0.326257
2 0.633859 0.734502 0.284626 0.382116
4 0.966675 0.637149 0.066651 0.498084
1 0.505903 0.624184 0.0470093 0.15758
4 0.0632508 0.206315 0.126502 0.412631
3 0.223063 0.201773 0.446126 0.403546
0 0.966675 0.637149 0.066651 0.498084
4 0.955672 0.707347 0.0886566 0.574201
3 0.319448 0.0949682 0.626158 0.189936
3 0.50449 0.597416 0.0446352 0.0915744
1 0.138383 0.741488 0.276766 0.517023
0 0.0395218 0.827098 0.0790436 0.345804
4 0.0361094 0.801141 0.0722187 0.397718
0 0.95024 0.469067 0.0995209 0.744701
3 0.411455 0.216186 0.452317 0.432373
4 0.0228353 0.672524 0.0456706 0.654953
4 0.0109569 0.507281 0.0219138 0.533799
4 0.839588 0.122187 0.320824 0.244373
2 0.50066 0.745889 0.643064 0.49315
4 0.382714 0.146426 0.739254 0.292852
4 0.783873 0.152007 0.432254 0.304013
0 0.781569 0.373825 0.436863 0.745903
0 0.0334642 0.235203 0.0669285 0.470405
4 0.0761064 0.19967 0.152213 0.374658
4 0.157761 0.809244 0.312598 0.381512
2 0.310354 0.748011 0.564671 0.485604
0 0.0761064 0.19967 0.152213 0.374658
0 0.184723 0.384231 0.369446 0.751379
4 0.638266 0.05453 0.718073 0.10906
4 0.510368 0.0425096 0.913057 0.0850192
4 0.22717 0.0886289 0.45434 0.177258
3 0.382714 0.146426 0.739254 0.292852
4 0.319448 0.0949682 0.626158 0.189936
4 0.482381 0.0951483 0.90234 0.190297
4 0.535361 0.624328 0.0875763 0.168374
4 0.0110828 0.605815 0.0221657 0.515104
3 0.0984807 0.84688 0.196961 0.30624
4 0.0308078 0.721286 0.0616156 0.557427
1 0.28637 0.648704 0.205007 0.260974
4 0.187445 0.198475 0.374889 0.396951
4 0.570054 0.236052 0.656999 0.472103
4 0.18915 0.733542 0.372513 0.532916
1 0.232149 0.746173 0.261504 0.495005
4 0.328109 0.0561002 0.656217 0.1122
1 0.161956 0.813511 0.319153 0.368278
4 0.0158139 0.665775 0.0316277 0.618439
4 0.450603 0.224243 0.719379 0.448486
4 0.016291 0.375341 0.032582 0.710865
0 0.494904 0.802496 0.56006 0.395008
0 0.336235 0.823402 0.621387 0.338396
4 0.0285009 0.287704 0.0570018 0.575409
2 0.157761 0.809244 0.312598 0.381512
4 0.26507 0.461587 0.530141 0.889469
4 0.70855 0.127314 0.582901 0.254628
0 0.450603 0.224243 0.719379 0.448486
2 0.535361 0.624328 0.0875763 0.168374
4 0.0334642 0.235203 0.0669285 0.470405
4 0.911681 0.346123 0.176638 0.692246
4 0.53824 0.633841 0.112602 0.644204
4 0.134269 0.504229 0.268539 0.991543
4 0.743496 0.355448 0.513008 0.710012
2 0.563427 0.765672 0.473369 0.447539
4 0.411455 0.216186 0.452317 0.432373
2 0.261625 0.624954 0.148732 0.216456
3 0.404832 0.304564 0.43445 0.600502
0 0.637246 0.244448 0.634554 0.488895
2 0.232149 0.746173 0.261504 0.495005
4 0.683282 0.0893568 0.633437 0.178714
3 0.633859 0.734502 0.284626 0.382116
0 0.883553 0.459024 0.232894 0.785963
2 0.125512 0.647934 0.251024 0.704132
4 0.507641 0.487928 0.3115 0.92461
0 0.396694 0.579684 0.0631752 0.404961
2 0.297421 0.734689 0.266962 0.48592
1 0.597248 0.756671 0.406139 0.460519
4 0.89415 0.466119 0.211701 0.811565
4 0.798118 0.505781 0.39239 0.963855
4 0.236744 0.768648 0.46159 0.447477
0 0.581472 0.540769 0.222264 0.918462
0 0.016291 0.375341 0.032582 0.710865
4 0.486123 0.341209 0.324015 0.667099
2 0.28637 0.648704 0.205007 0.260974
4 0.981743 0.614934 0.0365139 0.480166
4 0.536732 0.634745 0.0683203 0.308218
3 0.0666294 0.253487 0.133259 0.485172
0 0.842392 0.69739 0.315216 0.603625
0 0.223639 0.607173 0.0600487 0.215088
0 0.50451 0.597406 0.0445951 0.0914797
0 0.503848 0.556287 0.0465868 0.142075
1 0.223639 0.607173 0.0600487 0.215088
2 0.223639 0.607173 0.0600487 0.215088
4 0.223639 0.607173 0.0600487 0.215088
0 0.535392 0.624098 0.0875497 0.167812
0 0.286288 0.648884 0.204807 0.261265
0 0.505911 0.624105 0.0469284 0.157438
0 0.633795 0.733822 0.284339 0.380814
3 0.128447 0.733838 0.256894 0.494899
0 0.508345 0.501959 0.0637108 0.335759
0 0.261646 0.62499 0.148763 0.216414
3 0.323442 0.472301 0.597231 0.933657
0 0.482565 0.586345 0.0915802 0.120777
0 0.536769 0.634741 0.0682636 0.308163
0 0.131691 0.723959 0.263382 0.501656
0 0.395505 0.681132 0.102456 0.369663
2 0.131691 0.723959 0.263382 0.501656
3 0.809718 0.766112 0.367685 0.467775
0 0.39709 0.542752 0.0398558 0.12242
3 0.134123 0.504278 0.268246 0.991443
0 0.459991 0.760471 0.476047 0.464478
0 0.80958 0.769809 0.380841 0.448628
3 0.395505 0.681132 0.102456 0.369663
3 0.39709 0.542752 0.0398558 0.12242
3 0.882682 0.783765 0.234636 0.432471
2 0.50451 0.597406 0.0445951 0.0914797
3 0.39657 0.579514 0.0624754 0.403428
0 0.772562 0.691005 0.454875 0.601356
3 0.683717 0.764209 0.54527 0.471582
0 0.222159 0.532931 0.0770698 0.396202
0 0.597695 0.756672 0.405008 0.460496
2 0.188865 0.7337 0.371942 0.532601
0 0.166275 0.760649 0.329652 0.478624
3 0.940963 0.826593 0.118074 0.346813
3 0.798871 0.771064 0.396411 0.457873
3 0.823337 0.704381 0.353325 0.591238
0 0.387618 0.234813 0.472038 0.469364
4 0.503848 0.556287 0.0465868 0.142075
3 0.786178 0.393858 0.386289 0.780374
3 0.70462 0.761168 0.561396 0.469216
3 0.583513 0.750123 0.440889 0.499755
3 0.125396 0.652076 0.250791 0.695848
0 0.200208 0.125526 0.400416 0.251051
3 0.263467 0.62154 0.154073 0.280004
3 0.354765 0.829756 0.481532 0.340489
3 0.508138 0.487961 0.310606 0.923672
4 0.222159 0.532931 0.0770698 0.396202
3 0.183315 0.384464 0.366629 0.751443
3 0.480625 0.574686 0.0938157 0.18195
3 0.793662 0.501482 0.37603 0.997036
3 0.837921 0.520574 0.321318 0.917763
3 0.357527 0.667023 0.102249 0.393788
0 0.538211 0.633988 0.112595 0.64382
0 0.480625 0.574686 0.0938157 0.18195
3 0.242865 0.826413 0.459205 0.347173
0 0.0913401 0.850831 0.182071 0.298337
3 0.261509 0.619487 0.198071 0.533269
3 0.599028 0.524162 0.339787 0.951676
3 0.937115 0.832912 0.125771 0.334175
3 0.223639 0.607173 0.0600487 0.215088
3 0.494917 0.803728 0.558332 0.392543
3 0.200208 0.125526 0.400416 0.251051
3 0.746881 0.522069 0.481234 0.953256
3 0.743708 0.354746 0.512583 0.708678
3 0.166275 0.760649 0.329652 0.478624
0 0.297518 0.734853 0.267086 0.48629
0 0.139282 0.82495 0.27593 0.350101
3 0.883628 0.45976 0.232743 0.783493
3 0.748192 0.665 0.493087 0.648145
0 0.231679 0.746211 0.259107 0.494904
3 0.319107 0.291174 0.599352 0.575142
4 0.50451 0.597406 0.0445951 0.0914797
3 0.299371 0.583537 0.230751 0.633483
3 0.609299 0.40269 0.275685 0.767398
3 0.137461 0.836665 0.27246 0.326671
0 0.0230052 0.672497 0.0460104 0.655005
0 0.519826 0.0344052 0.960347 0.0688104
3 0.887944 0.67454 0.224112 0.612643
3 0.783916 0.151561 0.432168 0.303122
3 0.581315 0.541676 0.221554 0.916648
4 0.508345 0.501959 0.0637108 0.335759
1 0.50451 0.597406 0.0445951 0.0914797
3 0.0316423 0.764086 0.0632845 0.471828
0 0.501033 0.745966 0.641519 0.493118
3 0.486413 0.343035 0.324124 0.670874
3 0.638825 0.0546751 0.716788 0.10935
4 0.605795 0.761055 0.489398 0.477889
4 0.459991 0.760471 0.476047 0.464478
3 0.708719 0.127217 0.582562 0.254435
3 0.286288 0.648884 0.204807 0.261265
3 0.958458 0.491408 0.0830837 0.689012
3 0.450301 0.225044 0.717392 0.450088
3 0.688548 0.522425 0.397452 0.95515
3 0.557311 0.032872 0.885379 0.065744
2 0.459991 0.760471 0.476047 0.464478
3 0.683564 0.0894627 0.632871 0.178925
0 0.839732 0.121676 0.320535 0.243351
3 0.0158794 0.66585 0.0317589 0.618179
3 0.695491 0.282554 0.581279 0.565108
3 0.389505 0.750412 0.722284 0.475604
3 0.942102 0.421564 0.115797 0.779435
4 0.809715 0.772066 0.379006 0.455867
2 0.503848 0.556287 0.0465868 0.142075
3 0.222159 0.532931 0.0770698 0.396202
0 0.783916 0.151561 0.432168 0.303122
4 0.14602 0.387425 0.29204 0.750999
0 0.441923 0.469541 0.361373 0.918248
0 0.0110804 0.605955 0.0221609 0.513751
4 0.404947 0.30609 0.434326 0.603633
4 0.637523 0.762016 0.32536 0.456579
3 0.538211 0.633988 0.112595 0.64382
0 0.328085 0.0561337 0.656171 0.112267
3 0.063262 0.206167 0.126524 0.412334
0 0.0158794 0.66585 0.0317589 0.618179
3 0.618931 0.718684 0.243359 0.559454
4 0.309991 0.748133 0.563415 0.485436
3 0.0337999 0.235276 0.0675998 0.470551
4 0.131691 0.723959 0.263382 0.501656
3 0.441923 0.469541 0.361373 0.918248
3 0.16824 0.252626 0.334985 0.491267
1 0.223983 0.536086 0.0713604 0.362482
3 0.64188 0.362672 0.39864 0.725345
3 0.672812 0.404664 0.304311 0.79847
3 0.127397 0.308465 0.253849 0.613058
0 0.251215 0.0701488 0.502431 0.140298
0 0.937115 0.832912 0.125771 0.334175
3 0.297518 0.734853 0.267086 0.48629
0 0.438714 0.314462 0.374407 0.619082
4 0.796213 0.691043 0.407574 0.60289
0 0.719738 0.753039 0.523719 0.482644
3 0.911672 0.345406 0.176657 0.690812
3 0.0230052 0.672497 0.0460104 0.655005
3 0.955855 0.707022 0.0882897 0.573894
2 0.505911 0.624105 0.0469284 0.157438
3 0.482565 0.586345 0.0915802 0.120777
3 0.0395652 0.827031 0.0791305 0.345937
3 0.510373 0.0428033 0.912317 0.0856066
4 0.719738 0.753039 0.523719 0.482644
3 0.501033 0.745966 0.641519 0.493118
3 0.0109366 0.507868 0.0218731 0.530811
3 0.0286872 0.288054 0.0573744 0.576108
3 0.300068 0.0501651 0.600136 0.10033
3 0.839732 0.121676 0.320535 0.243351
4 0.940963 0.826593 0.118074 0.346813
0 0.482323 0.0947376 0.901748 0.189475
3 0.599041 0.758682 0.408386 0.463727
3 0.0162771 0.375446 0.0325542 0.709749
3 0.570801 0.236752 0.654467 0.473503
2 0.536769 0.634741 0.0682636 0.308163
3 0.129571 0.215222 0.257622 0.405884
4 0.354765 0.829756 0.481532 0.340489
4 0.882682 0.783765 0.234636 0.432471
0 0.453913 0.812126 0.63295 0.352634
3 0.251215 0.0701488 0.502431 0.140298
4 0.826748 0.779699 0.342369 0.440602
0 0.683564 0.0894627 0.632871 0.178925
0 0.708719 0.127217 0.582562 0.254435
4 0.937115 0.832912 0.125771 0.334175
3 0.966918 0.636778 0.0661631 0.496862
4 0.632726 0.763267 0.490454 0.472476
3 0.335244 0.823425 0.618407 0.338445
3 0.0620246 0.564892 0.124049 0.701022
4 0.373211 0.78756 0.722119 0.403143
3 0.981816 0.614952 0.0363671 0.479672
3 0.271816 0.77388 0.537205 0.432432
0 0.211052 0.817669 0.412284 0.352146
4 0.542996 0.756562 0.492044 0.459594
3 0.0110804 0.605955 0.0221609 0.513751
3 0.435204 0.498753 0.198125 0.887138
0 0.309991 0.748133 0.563415 0.485436
4 0.137461 0.836665 0.27246 0.326671
3 0.508345 0.501959 0.0637108 0.335759
0 0.0310652 0.721265 0.0621303 0.55747
0 0.638825 0.0546751 0.716788 0.10935
4 0.505911 0.624105 0.0469284 0.157438
0 0.125396 0.652076 0.250791 0.695848
0 0.979959 0.546506 0.0400829 0.572151
0 0.0109366 0.507868 0.0218731 0.530811
4 0.410163 0.451304 0.421577 0.888199
4 0.466586 0.822814 0.503392 0.354371
4 0.286288 0.648884 0.204807 0.261265
0 0.383056 0.144461 0.739453 0.288922
4 0.0395652 0.827031 0.0791305 0.345937
1 0.261646 0.62499 0.148763 0.216414
3 0.453913 0.812126 0.63295 0.352634
0 0.955855 0.707022 0.0882897 0.573894
4 0.242865 0.826413 0.459205 0.347173
4 0.515472 0.772833 0.547363 0.454334
3 0.535392 0.624098 0.0875497 0.167812
0 0.063262 0.206167 0.126524 0.412334
0 0.911672 0.345406 0.176657 0.690812
1 0.508345 0.501959 0.0637108 0.335759
3 0.536769 0.634741 0.0682636 0.308163
0 0.940963 0.826593 0.118074 0.346813
4 0.120982 0.188458 0.241963 0.361464
3 0.482323 0.0947376 0.901748 0.189475
0 0.941286 0.413987 0.117428 0.802518
4 0.200208 0.125526 0.400416 0.251051
1 0.503848 0.556287 0.0465868 0.142075
4 0.557311 0.032872 0.885379 0.065744
3 0.0783138 0.701593 0.156628 0.593767
4 0.350497 0.246828 0.540236 0.492104
0 0.882682 0.783765 0.234636 0.432471
4 0.453913 0.812126 0.63295 0.352634
0 0.826748 0.779699 0.342369 0.440602
3 0.503848 0.556287 0.0465868 0.142075
0 0.549464 0.751644 0.492152 0.496711
0 0.319527 0.0944397 0.626188 0.188879
4 0.0981854 0.846876 0.196371 0.306249
3 0.222707 0.201476 0.445415 0.402951
0 0.357527 0.667023 0.102249 0.393788
3 0.319527 0.0944397 0.626188 0.188879
4 0.966918 0.636778 0.0661631 0.496862
2 0.633795 0.733822 0.284339 0.380814
4 0.063262 0.206167 0.126524 0.412334
1 0.505911 0.624105 0.0469284 0.157438
4 0.955855 0.707022 0.0882897 0.573894
0 0.412844 0.829393 0.456363 0.341214
3 0.50451 0.597406 0.0445951 0.0914797
0 0.618931 0.718684 0.243359 0.559454
0 0.0362212 0.801047 0.0724424 0.397905
1 0.138352 0.741489 0.276705 0.517022
0 0.966918 0.636778 0.0661631 0.496862
4 0.0362212 0.801047 0.0724424 0.397905
3 0.411269 0.215134 0.453019 0.430269
4 0.0230052 0.672497 0.0460104 0.655005
4 0.0109366 0.507868 0.0218731 0.530811
4 0.839732 0.121676 0.320535 0.243351
2 0.501033 0.745966 0.641519 0.493118
4 0.383056 0.144461 0.739453 0.288922
0 0.0395652 0.827031 0.0791305 0.345937
4 0.783916 0.151561 0.432168 0.303122
0 0.950311 0.469286 0.099378 0.744059
4 0.075842 0.199622 0.151684 0.374811
4 0.157678 0.808837 0.312428 0.382327
2 0.309991 0.748133 0.563415 0.485436
3 0.383056 0.144461 0.739453 0.288922
4 0.510373 0.0428033 0.912317 0.0856066
4 0.638825 0.0546751 0.716788 0.10935
4 0.226798 0.0888914 0.453597 0.177783
0 0.781603 0.373742 0.436794 0.745803
4 0.319527 0.0944397 0.626188 0.188879
0 0.0337999 0.235276 0.0675998 0.470551
0 0.183315 0.384464 0.366629 0.751443
0 0.075842 0.199622 0.151684 0.374811
4 0.482323 0.0947376 0.901748 0.189475
4 0.535392 0.624098 0.0875497 0.167812
3 0.0981854 0.846876 0.196371 0.306249
4 0.0110804 0.605955 0.0221609 0.513751
4 0.0310652 0.721265 0.0621303 0.55747
4 0.187212 0.198359 0.374424 0.396718
4 0.188865 0.7337 0.371942 0.532601
1 0.286288 0.648884 0.204807 0.261265
4 0.570801 0.236752 0.654467 0.473503
1 0.231679 0.746211 0.259107 0.494904
4 0.30962 0.0610271 0.619239 0.122054
4 0.0158794 0.66585 0.0317589 0.618179
1 0.161434 0.81345 0.318101 0.368452
4 0.450301 0.225044 0.717392 0.450088
4 0.0162771 0.375446 0.0325542 0.709749
4 0.0286872 0.288054 0.0573744 0.576108
2 0.157678 0.808837 0.312428 0.382327
4 0.261839 0.461978 0.523677 0.888766
4 0.708719 0.127217 0.582562 0.254435
4 0.911672 0.345406 0.176657 0.690812
4 0.0337999 0.235276 0.0675998 0.470551
4 0.134123 0.504278 0.268246 0.991443
2 0.535392 0.624098 0.0875497 0.167812
4 0.743708 0.354746 0.512583 0.708678
4 0.538211 0.633988 0.112595 0.64382
3 0.404947 0.30609 0.434326 0.603633
4 0.411269 0.215134 0.453019 0.430269
0 0.494917 0.803728 0.558332 0.392543
2 0.563476 0.765593 0.473088 0.447659
2 0.261646 0.62499 0.148763 0.216414
0 0.335244 0.823425 0.618407 0.338445
2 0.231679 0.746211 0.259107 0.494904
4 0.683564 0.0894627 0.632871 0.178925
0 0.450301 0.225044 0.717392 0.450088
3 0.633795 0.733822 0.284339 0.380814
2 0.125396 0.652076 0.250791 0.695848
4 0.508138 0.487961 0.310606 0.923672
0 0.637578 0.243769 0.633115 0.487538
2 0.297518 0.734853 0.267086 0.48629
0 0.883628 0.45976 0.232743 0.783493
0 0.39657 0.579514 0.0624754 0.403428
1 0.597695 0.756672 0.405008 0.460496
4 0.89417 0.46612 0.211661 0.810619
4 0.236207 0.76861 0.460471 0.447606
4 0.798249 0.506488 0.391644 0.962588
4 0.486413 0.343035 0.324124 0.670874
4 0.536769 0.634741 0.0682636 0.308163
2 0.286288 0.648884 0.204807 0.261265
4 0.981816 0.614952 0.0363671 0.479672
3 0.0665466 0.254011 0.133093 0.486403
4 0.298974 0.203486 0.59785 0.406973
4 0.0620246 0.564892 0.124049 0.701022
0 0.0162771 0.375446 0.0325542 0.709749
