0 0.760008 0.755447 0.479984 0.475929
0 0.402465 0.757868 0.735395 0.461324
0 0.392167 0.288484 0.466945 0.573011
0 0.64392 0.747794 0.504091 0.480682
4 0.759477 0.752203 0.481046 0.47123
0 0.375172 0.498136 0.505444 0.996272
3 0.746551 0.503673 0.506899 0.992653
3 0.893194 0.55985 0.213611 0.844277
3 0.884979 0.75913 0.230042 0.481739
0 0.161381 0.639354 0.32264 0.194855
0 0.0886605 0.660601 0.177321 0.211134
0 0.511359 0.0505335 0.977283 0.101067
0 0.0592732 0.62181 0.118066 0.153175
3 0.202562 0.369211 0.400233 0.731634
3 0.820448 0.769529 0.359105 0.460942
0 0.453512 0.692579 0.687267 0.573359
3 0.533365 0.501935 0.933271 0.996129
0 0.396604 0.554499 0.746812 0.855049
0 0.480726 0.0796687 0.920404 0.159337
0 0.0269081 0.702126 0.0538162 0.418699
3 0.874036 0.782351 0.251927 0.435299
0 0.292697 0.763137 0.568985 0.470163
0 0.330807 0.0685067 0.659936 0.137013
3 0.751746 0.748705 0.491965 0.50259
0 0.209888 0.123 0.419777 0.246
3 0.499133 0.347688 0.916452 0.688665
0 0.12906 0.834577 0.257528 0.330846
3 0.854132 0.375523 0.291736 0.705687
0 0.158498 0.703309 0.316997 0.308642
0 0.846079 0.780906 0.307841 0.438188
4 0.396682 0.758828 0.713259 0.463487
3 0.622422 0.748682 0.425487 0.502636
3 0.846079 0.780906 0.307841 0.438188
3 0.91688 0.675467 0.16624 0.561498
3 0.790589 0.256543 0.418823 0.513086
0 0.0198854 0.718332 0.0397708 0.563335
3 0.209888 0.123 0.419777 0.246
3 0.161381 0.639354 0.32264 0.194855
3 0.940856 0.818675 0.118289 0.362649
3 0.774931 0.102243 0.450138 0.204487
3 0.787015 0.655167 0.42597 0.681228
3 0.43987 0.281379 0.364933 0.554871
3 0.374261 0.5 0.73648 1
3 0.501361 0.767686 0.589632 0.464627
3 0.172108 0.257131 0.341879 0.485729
3 0.941829 0.532479 0.116341 0.521021
3 0.936247 0.320988 0.127507 0.543588
3 0.0269081 0.702126 0.0538162 0.418699
3 0.41972 0.779754 0.69725 0.440492
3 0.524363 0.0413542 0.951274 0.0827084
3 0.387996 0.668999 0.720383 0.631408
4 0.401391 0.286223 0.448324 0.558209
0 0.936273 0.805883 0.127455 0.388234
0 0.388522 0.101701 0.777044 0.203403
0 0.795692 0.10225 0.408616 0.204501
0 0.230373 0.67853 0.447983 0.304245
3 0.936273 0.805883 0.127455 0.388234
3 0.309898 0.799931 0.601108 0.400139
0 0.204149 0.771607 0.408299 0.455463
0 0.274538 0.278759 0.531495 0.544281
3 0.0675832 0.253389 0.135166 0.506777
3 0.0344121 0.251383 0.0688242 0.502766
3 0.282927 0.0712248 0.565854 0.14245
4 0.439551 0.498445 0.804271 0.99689
3 0.166971 0.580427 0.331226 0.306407
4 0.765708 0.318072 0.468583 0.632526
3 0.859184 0.231483 0.281631 0.462967
0 0.733676 0.0891217 0.532648 0.178243
4 0.874036 0.782351 0.251927 0.435299
0 0.313556 0.374217 0.616694 0.745517
3 0.70998 0.0809279 0.58004 0.161856
3 0.929975 0.246387 0.140051 0.482743
3 0.228125 0.812591 0.447595 0.374818
3 0.614654 0.060308 0.770691 0.120616
3 0.24476 0.470558 0.477386 0.941116
3 0.0173552 0.804234 0.0347103 0.391531
3 0.0198854 0.718332 0.0397708 0.563335
4 0.375172 0.498136 0.505444 0.996272
3 0.765911 0.314722 0.468177 0.626928
4 0.453512 0.692579 0.687267 0.573359
3 0.0344822 0.323777 0.0689644 0.625662
3 0.153205 0.815357 0.301284 0.369285
4 0.820448 0.769529 0.359105 0.460942
3 0.158498 0.703309 0.316997 0.308642
3 0.331217 0.752239 0.652371 0.488689
4 0.64392 0.747794 0.504091 0.480682
3 0.0246638 0.836835 0.0493276 0.32633
4 0.520026 0.0562123 0.955073 0.112425
4 0.228125 0.812591 0.447595 0.374818
4 0.746551 0.503673 0.506899 0.992653
0 0.0212362 0.525242 0.0424723 0.456023
4 0.940856 0.818675 0.118289 0.362649
4 0.499133 0.347688 0.916452 0.688665
3 0.0592732 0.62181 0.118066 0.153175
4 0.158498 0.703309 0.316997 0.308642
3 0.313556 0.374217 0.616694 0.745517
0 0.785537 0.36913 0.428925 0.717073
4 0.847478 0.769547 0.305044 0.460905
3 0.948537 0.558841 0.102926 0.355554
4 0.622422 0.748682 0.425487 0.502636
3 0.0212362 0.525242 0.0424723 0.456023
4 0.313556 0.374217 0.616694 0.745517
3 0.230373 0.67853 0.447983 0.304245
0 0.673981 0.0763445 0.652039 0.152689
3 0.471307 0.753876 0.647609 0.464585
3 0.480726 0.0796687 0.920404 0.159337
4 0.186095 0.33335 0.370162 0.654324
0 0.253938 0.810404 0.497889 0.365941
4 0.928403 0.789603 0.143193 0.420795
4 0.25185 0.752292 0.493949 0.484929
0 0.267473 0.0914516 0.534946 0.182903
3 0.932284 0.715284 0.135432 0.391313
0 0.439114 0.783742 0.693136 0.432516
4 0.153205 0.815357 0.301284 0.369285
1 0.760638 0.751952 0.47788 0.478869
4 0.439114 0.783742 0.693136 0.432516
3 0.343304 0.0970026 0.685836 0.194005
3 0.716431 0.2467 0.567138 0.486546
3 0.0989768 0.248709 0.197954 0.469035
3 0.179533 0.766557 0.358457 0.466885
4 0.309898 0.799931 0.601108 0.400139
1 0.217648 0.815423 0.431697 0.369153
0 0.940856 0.818675 0.118289 0.362649
0 0.499133 0.347688 0.916452 0.688665
4 0.221946 0.271006 0.432361 0.524009
3 0.0209836 0.379147 0.0419673 0.703495
3 0.217274 0.266828 0.434548 0.533656
0 0.820448 0.769529 0.359105 0.460942
0 0.874036 0.782351 0.251927 0.435299
1 0.846079 0.780906 0.307841 0.438188
0 0.0246638 0.836835 0.0493276 0.32633
4 0.0246638 0.836835 0.0493276 0.32633
0 0.936247 0.320988 0.127507 0.543588
0 0.78036 0.261764 0.43928 0.50874
4 0.0886605 0.660601 0.177321 0.211134
0 0.0159562 0.751115 0.0319124 0.49777
4 0.860447 0.521614 0.279106 0.914138
0 0.109185 0.774161 0.21837 0.451679
3 0.0524473 0.56161 0.104599 0.222855
4 0.20177 0.443515 0.398584 0.88703
4 0.795692 0.10225 0.408616 0.204501
0 0.0675832 0.253389 0.135166 0.506777
4 0.109185 0.774161 0.21837 0.451679
4 0.209888 0.123 0.419777 0.246
0 0.941829 0.532479 0.116341 0.521021
0 0.0209836 0.379147 0.0419673 0.703495
4 0.124664 0.846568 0.249329 0.306863
4 0.941829 0.532479 0.116341 0.521021
2 0.756605 0.758202 0.48679 0.461863
3 0.0930834 0.351745 0.186167 0.671388
0 0.0524473 0.56161 0.104599 0.222855
4 0.230373 0.67853 0.447983 0.304245
4 0.202895 0.636398 0.397911 0.201901
4 0.0209836 0.379147 0.0419673 0.703495
4 0.0344822 0.323777 0.0689644 0.625662
4 0.0198854 0.718332 0.0397708 0.563335
3 0.65505 0.752317 0.398836 0.485413
4 0.936247 0.320988 0.127507 0.543588
0 0.929975 0.246387 0.140051 0.482743
3 0.559301 0.244841 0.850632 0.489683
4 0.0173552 0.804234 0.0347103 0.391531
0 0.522046 0.500137 0.947189 0.999726
4 0.0989768 0.248709 0.197954 0.469035
4 0.854132 0.375523 0.291736 0.705687
4 0.762466 0.217245 0.475067 0.429371
4 0.0930834 0.351745 0.186167 0.671388
0 0.948537 0.558841 0.102926 0.355554
0 0.682245 0.502515 0.635462 0.987402
4 0.929975 0.246387 0.140051 0.482743
4 0.0675832 0.253389 0.135166 0.506777
4 0.179533 0.766557 0.358457 0.466885
4 0.559301 0.244841 0.850632 0.489683
4 0.135807 0.267453 0.271614 0.534906
0 0.859184 0.231483 0.281631 0.462967
4 0.70998 0.0809279 0.58004 0.161856
4 0.859184 0.231483 0.281631 0.462967
0 0.201258 0.262609 0.395593 0.507804
0 0.0344121 0.251383 0.0688242 0.502766
3 0.12906 0.834577 0.257528 0.330846
4 0.330807 0.0685067 0.659936 0.137013
4 0.267473 0.0914516 0.534946 0.182903
4 0.0269081 0.702126 0.0538162 0.418699
2 0.292697 0.763137 0.568985 0.470163
4 0.0344121 0.251383 0.0688242 0.502766
0 0.183575 0.820993 0.364298 0.358015
0 0.622422 0.748682 0.425487 0.502636
4 0.948537 0.558841 0.102926 0.355554
0 0.227422 0.362885 0.448927 0.717769
0 0.0344822 0.323777 0.0689644 0.625662
3 0.375172 0.498136 0.505444 0.996272
0 0.782898 0.51065 0.434205 0.978701
4 0.0212362 0.525242 0.0424723 0.456023
1 0.154146 0.840827 0.306959 0.318346
4 0.0592732 0.62181 0.118066 0.153175
0 0.932284 0.715284 0.135432 0.391313
0 0.559301 0.244841 0.850632 0.489683
4 0.36379 0.112201 0.72758 0.224402
4 0.787015 0.655167 0.42597 0.681228
3 0.35717 0.291645 0.529966 0.570971
1 0.766792 0.253921 0.466415 0.493337
2 0.422555 0.759068 0.734606 0.460185
4 0.447874 0.0842191 0.866492 0.168438
0 0.884979 0.75913 0.230042 0.481739
3 0.0886605 0.660601 0.177321 0.211134
0 0.166971 0.580427 0.331226 0.306407
3 0.109185 0.774161 0.21837 0.451679
2 0.78036 0.261764 0.43928 0.50874
4 0.823403 0.274335 0.353194 0.540923
1 0.372492 0.79274 0.707239 0.391072
3 0.721445 0.756351 0.396368 0.469861
0 0.787015 0.655167 0.42597 0.681228
1 0.192474 0.640775 0.381552 0.198634
4 0.932284 0.715284 0.135432 0.391313
1 0.401391 0.286223 0.448324 0.558209
4 0.166971 0.580427 0.331226 0.306407
1 0.20177 0.443515 0.398584 0.88703
1 0.936273 0.805883 0.127455 0.388234
0 0.0930834 0.351745 0.186167 0.671388
0 0.710328 0.316519 0.576842 0.628818
2 0.230373 0.67853 0.447983 0.304245
1 0.179533 0.766557 0.358457 0.466885
0 0.0989768 0.248709 0.197954 0.469035
4 0.0524473 0.56161 0.104599 0.222855
2 0.0524473 0.56161 0.104599 0.222855
4 0.292486 0.277402 0.578577 0.554804
2 0.369415 0.321494 0.583436 0.642989
2 0.124664 0.846568 0.249329 0.306863
2 0.20177 0.443515 0.398584 0.88703
1 0.158498 0.703309 0.316997 0.308642
2 0.936273 0.805883 0.127455 0.388234
2 0.161381 0.639354 0.32264 0.194855
4 0.91688 0.675467 0.16624 0.561498
2 0.0886605 0.660601 0.177321 0.211134
1 0.0592732 0.62181 0.118066 0.153175
0 0.135807 0.267453 0.271614 0.534906
2 0.0592732 0.62181 0.118066 0.153175
1 0.0886605 0.660601 0.177321 0.211134
1 0.482667 0.75284 0.624504 0.479069
1 0.48155 0.305194 0.935332 0.610388
0 0.854132 0.375523 0.291736 0.705687
2 0.401391 0.286223 0.448324 0.558209
2 0.940856 0.818675 0.118289 0.362649
2 0.64392 0.747794 0.504091 0.480682
2 0.48155 0.305194 0.935332 0.610388
2 0.217648 0.815423 0.431697 0.369153
1 0.710328 0.316519 0.576842 0.628818
2 0.936247 0.320988 0.127507 0.543588
2 0.0198854 0.718332 0.0397708 0.563335
2 0.135807 0.267453 0.271614 0.534906
3 0.791228 0.769438 0.417544 0.448865
2 0.929975 0.246387 0.140051 0.482743
1 0.201258 0.262609 0.395593 0.507804
2 0.259912 0.276151 0.509325 0.552303
2 0.396604 0.554499 0.746812 0.855049
2 0.0212362 0.525242 0.0424723 0.456023
1 0.65505 0.752317 0.398836 0.485413
1 0.679914 0.503584 0.640173 0.992832
2 0.447874 0.0842191 0.866492 0.168438
2 0.158498 0.703309 0.316997 0.308642
1 0.513133 0.500101 0.959821 0.999798
1 0.275514 0.765098 0.537355 0.453848
2 0.795692 0.10225 0.408616 0.204501
2 0.673981 0.0763445 0.652039 0.152689
2 0.941829 0.532479 0.116341 0.521021
2 0.622422 0.748682 0.425487 0.502636
0 0.893194 0.55985 0.213611 0.844277
2 0.201258 0.262609 0.395593 0.507804
1 0.109185 0.774161 0.21837 0.451679
2 0.501361 0.767686 0.589632 0.464627
2 0.166971 0.580427 0.331226 0.306407
1 0.0212362 0.525242 0.0424723 0.456023
2 0.559301 0.244841 0.850632 0.489683
2 0.787015 0.655167 0.42597 0.681228
2 0.343304 0.0970026 0.685836 0.194005
1 0.874036 0.782351 0.251927 0.435299
2 0.0153635 0.77486 0.030727 0.450281
1 0.0524473 0.56161 0.104599 0.222855
1 0.0930834 0.351745 0.186167 0.671388
2 0.0930834 0.351745 0.186167 0.671388
2 0.0246638 0.836835 0.0493276 0.32633
2 0.29369 0.447189 0.576659 0.894377
2 0.0269081 0.702126 0.0538162 0.418699
1 0.274538 0.278759 0.531495 0.544281
1 0.559301 0.244841 0.850632 0.489683
2 0.785537 0.36913 0.428925 0.717073
2 0.0675832 0.253389 0.135166 0.506777
2 0.859184 0.231483 0.281631 0.462967
2 0.932284 0.715284 0.135432 0.391313
1 0.0173552 0.804234 0.0347103 0.391531
2 0.209888 0.123 0.419777 0.246
2 0.0344121 0.251383 0.0688242 0.502766
2 0.109185 0.774161 0.21837 0.451679
1 0.166971 0.580427 0.331226 0.306407
2 0.948537 0.558841 0.102926 0.355554
1 0.375172 0.498136 0.505444 0.996272
1 0.0209836 0.379147 0.0419673 0.703495
2 0.520026 0.0562123 0.955073 0.112425
2 0.0209836 0.379147 0.0419673 0.703495
1 0.0246638 0.836835 0.0493276 0.32633
1 0.369415 0.321494 0.583436 0.642989
0 0.760004 0.755545 0.479991 0.475836
0 0.402182 0.75782 0.736652 0.461434
0 0.392296 0.288525 0.466715 0.573098
4 0.759495 0.752289 0.481011 0.471116
0 0.643296 0.747816 0.504038 0.480716
3 0.746715 0.503677 0.506569 0.992646
0 0.375632 0.497821 0.504615 0.995642
3 0.893301 0.559234 0.213398 0.842215
3 0.885743 0.75922 0.228514 0.481559
0 0.161128 0.639109 0.322153 0.194274
0 0.0881488 0.660853 0.176298 0.211522
0 0.511256 0.050708 0.977489 0.101416
0 0.0591796 0.620579 0.117869 0.150565
3 0.202512 0.36793 0.400137 0.729076
3 0.820486 0.769481 0.359028 0.461039
3 0.533217 0.501949 0.933567 0.996101
0 0.452702 0.68796 0.689129 0.582522
3 0.87404 0.782264 0.25192 0.435472
0 0.0274788 0.702088 0.0549575 0.413838
3 0.751074 0.748703 0.493286 0.502595
0 0.396835 0.546125 0.748749 0.871808
0 0.480784 0.0808429 0.920101 0.161686
3 0.498714 0.347843 0.916073 0.688846
0 0.330565 0.0688237 0.659554 0.137647
3 0.854156 0.375997 0.291688 0.706535
0 0.209212 0.123098 0.418423 0.246196
4 0.396832 0.758766 0.714432 0.463649
0 0.129155 0.834513 0.257667 0.330974
3 0.621592 0.748887 0.42742 0.502226
3 0.846036 0.780856 0.307929 0.438287
0 0.158508 0.705811 0.317017 0.313725
0 0.846036 0.780856 0.307929 0.438287
3 0.917368 0.674608 0.165264 0.558228
3 0.790724 0.255972 0.418552 0.511944
3 0.209212 0.123098 0.418423 0.246196
3 0.161128 0.639109 0.322153 0.194274
3 0.940932 0.818536 0.118137 0.362928
0 0.020205 0.719193 0.04041 0.561613
3 0.775207 0.102576 0.449585 0.205152
0 0.237418 0.769241 0.468512 0.456756
3 0.787537 0.656583 0.424926 0.678425
3 0.37433 0.5 0.736578 1
3 0.440077 0.281428 0.364484 0.554925
3 0.500468 0.768374 0.592311 0.463251
3 0.171884 0.25716 0.341445 0.485821
3 0.941841 0.531844 0.116319 0.517962
3 0.936272 0.321252 0.127457 0.543296
3 0.0274788 0.702088 0.0549575 0.413838
3 0.419157 0.780173 0.69934 0.439655
3 0.524352 0.041575 0.951296 0.08315
3 0.388099 0.654926 0.722524 0.659603
4 0.40152 0.286244 0.448091 0.558315
3 0.311386 0.800267 0.604317 0.399465
3 0.936289 0.805769 0.127422 0.388461
0 0.936289 0.805769 0.127422 0.388461
0 0.388475 0.103106 0.77695 0.206211
3 0.0669075 0.253278 0.133815 0.506556
3 0.0345629 0.25145 0.0691258 0.502901
0 0.796127 0.102517 0.407747 0.205034
0 0.230162 0.681043 0.447521 0.309155
4 0.439188 0.498465 0.803349 0.996931
3 0.282332 0.0717023 0.564664 0.143405
0 0.274673 0.27883 0.531784 0.544368
4 0.388099 0.654926 0.722524 0.659603
3 0.165991 0.580704 0.329236 0.302388
3 0.859745 0.231255 0.280509 0.462511
4 0.765845 0.317879 0.468309 0.632113
4 0.87404 0.782264 0.25192 0.435472
0 0.307705 0.795656 0.605862 0.392882
3 0.710449 0.0813344 0.579103 0.162669
3 0.614898 0.0608721 0.770203 0.121744
3 0.93008 0.246832 0.13984 0.482688
3 0.228556 0.812608 0.448456 0.374783
3 0.0174386 0.804173 0.0348771 0.391653
3 0.020205 0.719193 0.04041 0.561613
3 0.244749 0.470933 0.477376 0.941866
0 0.313582 0.372115 0.616689 0.741334
4 0.375632 0.497821 0.504615 0.995642
0 0.734458 0.0896065 0.531083 0.179213
3 0.766014 0.314628 0.467971 0.626729
3 0.0347257 0.323596 0.0694514 0.625072
3 0.153898 0.815289 0.302571 0.369423
4 0.820486 0.769481 0.359028 0.461039
3 0.158508 0.705811 0.317017 0.313725
3 0.331335 0.752358 0.652578 0.488422
4 0.643296 0.747816 0.504038 0.480716
3 0.0247036 0.836634 0.0494072 0.326731
4 0.228556 0.812608 0.448456 0.374783
4 0.520003 0.0563408 0.955164 0.112682
4 0.746715 0.503677 0.506569 0.992646
4 0.940932 0.818536 0.118137 0.362928
3 0.0591796 0.620579 0.117869 0.150565
4 0.498714 0.347843 0.916073 0.688846
4 0.158508 0.705811 0.317017 0.313725
0 0.0214241 0.525519 0.0428482 0.442051
3 0.313582 0.372115 0.616689 0.741334
3 0.948619 0.559004 0.102762 0.354558
4 0.847495 0.769553 0.305009 0.460895
4 0.621592 0.748887 0.42742 0.502226
3 0.0214241 0.525519 0.0428482 0.442051
0 0.785737 0.369344 0.428526 0.717461
4 0.313582 0.372115 0.616689 0.741334
3 0.470987 0.753845 0.649549 0.464652
3 0.230162 0.681043 0.447521 0.309155
4 0.185997 0.332824 0.36996 0.653223
3 0.480784 0.0808429 0.920101 0.161686
3 0.775328 0.764495 0.449345 0.45664
4 0.928447 0.789441 0.143106 0.421119
4 0.251999 0.752381 0.49427 0.484781
0 0.674505 0.0770504 0.650991 0.154101
3 0.932298 0.713886 0.135404 0.387798
4 0.153898 0.815289 0.302571 0.369423
1 0.760642 0.752037 0.477976 0.478815
4 0.438241 0.784512 0.695905 0.430975
0 0.438241 0.784512 0.695905 0.430975
3 0.343226 0.0973269 0.685832 0.194654
0 0.266677 0.0920624 0.533354 0.184125
3 0.716983 0.24681 0.566033 0.486753
3 0.0991258 0.248724 0.198252 0.469115
3 0.179495 0.766663 0.358361 0.466673
4 0.311386 0.800267 0.604317 0.399465
1 0.217709 0.815399 0.431801 0.369202
4 0.221935 0.271086 0.432382 0.524164
3 0.0211077 0.377578 0.0422154 0.699387
3 0.217204 0.266841 0.434409 0.533683
0 0.498714 0.347843 0.916073 0.688846
0 0.940932 0.818536 0.118137 0.362928
0 0.820486 0.769481 0.359028 0.461039
1 0.846036 0.780856 0.307929 0.438287
4 0.0247036 0.836634 0.0494072 0.326731
0 0.87404 0.782264 0.25192 0.435472
0 0.0247036 0.836634 0.0494072 0.326731
4 0.0881488 0.660853 0.176298 0.211522
0 0.936272 0.321252 0.127457 0.543296
3 0.0521053 0.561061 0.103884 0.220782
4 0.860532 0.521018 0.278937 0.912692
4 0.201533 0.443008 0.398101 0.886015
4 0.796127 0.102517 0.407747 0.205034
0 0.780484 0.261897 0.439033 0.509049
4 0.209212 0.123098 0.418423 0.246196
4 0.109229 0.7742 0.218458 0.451599
4 0.124765 0.846424 0.249531 0.307152
0 0.0161412 0.751397 0.0322824 0.497205
4 0.941841 0.531844 0.116319 0.517962
0 0.0669075 0.253278 0.133815 0.506556
0 0.109229 0.7742 0.218458 0.451599
3 0.0927169 0.350785 0.185434 0.669427
2 0.756529 0.758263 0.486942 0.461764
0 0.941841 0.531844 0.116319 0.517962
0 0.0211077 0.377578 0.0422154 0.699387
4 0.0211077 0.377578 0.0422154 0.699387
4 0.230162 0.681043 0.447521 0.309155
4 0.20259 0.636543 0.397334 0.201982
4 0.0347257 0.323596 0.0694514 0.625072
0 0.0521053 0.561061 0.103884 0.220782
4 0.020205 0.719193 0.04041 0.561613
3 0.559654 0.244868 0.849752 0.489735
3 0.654126 0.75225 0.399085 0.485444
4 0.936272 0.321252 0.127457 0.543296
4 0.0174386 0.804173 0.0348771 0.391653
4 0.0991258 0.248724 0.198252 0.469115
4 0.0927169 0.350785 0.185434 0.669427
4 0.762918 0.217179 0.474164 0.429097
4 0.854156 0.375997 0.291688 0.706535
4 0.179495 0.766663 0.358361 0.466673
4 0.0669075 0.253278 0.133815 0.506556
4 0.93008 0.246832 0.13984 0.482688
0 0.93008 0.246832 0.13984 0.482688
0 0.522088 0.500156 0.946846 0.999687
4 0.559654 0.244868 0.849752 0.489735
4 0.135166 0.267144 0.270332 0.534288
0 0.948619 0.559004 0.102762 0.354558
0 0.681591 0.502641 0.636817 0.987137
4 0.710449 0.0813344 0.579103 0.162669
4 0.859745 0.231255 0.280509 0.462511
0 0.859745 0.231255 0.280509 0.462511
3 0.129155 0.834513 0.257667 0.330974
0 0.20116 0.262734 0.395444 0.508096
0 0.0345629 0.25145 0.0691258 0.502901
4 0.266677 0.0920624 0.533354 0.184125
4 0.330565 0.0688237 0.659554 0.137647
4 0.0274788 0.702088 0.0549575 0.413838
4 0.0345629 0.25145 0.0691258 0.502901
2 0.292675 0.763137 0.568872 0.470191
4 0.480784 0.0808429 0.920101 0.161686
4 0.948619 0.559004 0.102762 0.354558
0 0.184505 0.820965 0.366103 0.35807
3 0.375632 0.497821 0.504615 0.995642
4 0.0214241 0.525519 0.0428482 0.442051
0 0.621592 0.748887 0.42742 0.502226
0 0.227649 0.361176 0.449414 0.71432
4 0.0591796 0.620579 0.117869 0.150565
1 0.154739 0.840705 0.308108 0.31859
0 0.0347257 0.323596 0.0694514 0.625072
0 0.783036 0.510688 0.433929 0.978625
4 0.363702 0.112976 0.727404 0.225952
4 0.787537 0.656583 0.424926 0.678425
3 0.357565 0.291642 0.529209 0.571019
0 0.932298 0.713886 0.135404 0.387798
1 0.766979 0.253713 0.466042 0.493003
0 0.559654 0.244868 0.849752 0.489735
2 0.422096 0.759016 0.736654 0.460316
3 0.0881488 0.660853 0.176298 0.211522
3 0.109229 0.7742 0.218458 0.451599
2 0.780484 0.261897 0.439033 0.509049
0 0.885743 0.75922 0.228514 0.481559
4 0.823263 0.274751 0.353474 0.541449
0 0.165991 0.580704 0.329236 0.302388
1 0.372641 0.792965 0.707981 0.390674
1 0.192078 0.640819 0.380797 0.198588
4 0.932298 0.713886 0.135404 0.387798
1 0.40152 0.286244 0.448091 0.558315
4 0.165991 0.580704 0.329236 0.302388
1 0.201533 0.443008 0.398101 0.886015
1 0.936289 0.805769 0.127422 0.388461
2 0.230162 0.681043 0.447521 0.309155
0 0.228556 0.812608 0.448456 0.374783
0 0.787537 0.656583 0.424926 0.678425
0 0.175758 0.407757 0.34885 0.805412
0 0.0927169 0.350785 0.185434 0.669427
0 0.711349 0.316475 0.574766 0.628676
4 0.0521053 0.561061 0.103884 0.220782
1 0.179495 0.766663 0.358361 0.466673
4 0.292626 0.277341 0.578865 0.554682
2 0.0521053 0.561061 0.103884 0.220782
2 0.369509 0.321022 0.58192 0.642043
2 0.124765 0.846424 0.249531 0.307152
0 0.0991258 0.248724 0.198252 0.469115
2 0.201533 0.443008 0.398101 0.886015
1 0.158508 0.705811 0.317017 0.313725
2 0.936289 0.805769 0.127422 0.388461
2 0.161128 0.639109 0.322153 0.194274
4 0.917368 0.674608 0.165264 0.558228
2 0.0881488 0.660853 0.176298 0.211522
1 0.0591796 0.620579 0.117869 0.150565
2 0.0591796 0.620579 0.117869 0.150565
1 0.0881488 0.660853 0.176298 0.211522
1 0.481177 0.3053 0.935173 0.6106
1 0.481481 0.75287 0.627771 0.478987
0 0.135166 0.267144 0.270332 0.534288
2 0.40152 0.286244 0.448091 0.558315
2 0.940932 0.818536 0.118137 0.362928
2 0.643296 0.747816 0.504038 0.480716
2 0.481177 0.3053 0.935173 0.6106
2 0.217709 0.815399 0.431801 0.369202
1 0.711349 0.316475 0.574766 0.628676
0 0.854156 0.375997 0.291688 0.706535
2 0.936272 0.321252 0.127457 0.543296
2 0.020205 0.719193 0.04041 0.561613
2 0.135166 0.267144 0.270332 0.534288
2 0.93008 0.246832 0.13984 0.482688
1 0.20116 0.262734 0.395444 0.508096
2 0.259974 0.276153 0.509493 0.552307
2 0.396835 0.546125 0.748749 0.871808
2 0.0214241 0.525519 0.0428482 0.442051
1 0.654126 0.75225 0.399085 0.485444
1 0.680059 0.503596 0.639882 0.992809
2 0.44791 0.0854816 0.866507 0.170963
2 0.158508 0.705811 0.317017 0.313725
1 0.512998 0.500109 0.959686 0.999783
1 0.275729 0.765346 0.537749 0.453369
2 0.796127 0.102517 0.407747 0.205034
2 0.674505 0.0770504 0.650991 0.154101
2 0.941841 0.531844 0.116319 0.517962
2 0.621592 0.748887 0.42742 0.502226
2 0.20116 0.262734 0.395444 0.508096
1 0.109229 0.7742 0.218458 0.451599
2 0.500468 0.768374 0.592311 0.463251
2 0.165991 0.580704 0.329236 0.302388
0 0.893301 0.559234 0.213398 0.842215
1 0.0214241 0.525519 0.0428482 0.442051
2 0.559654 0.244868 0.849752 0.489735
2 0.787537 0.656583 0.424926 0.678425
2 0.343226 0.0973269 0.685832 0.194654
1 0.87404 0.782264 0.25192 0.435472
1 0.0521053 0.561061 0.103884 0.220782
1 0.0927169 0.350785 0.185434 0.669427
2 0.0155014 0.774865 0.0310027 0.450271
2 0.0274788 0.702088 0.0549575 0.413838
2 0.0247036 0.836634 0.0494072 0.326731
2 0.0927169 0.350785 0.185434 0.669427
2 0.293817 0.447576 0.577034 0.895153
1 0.274673 0.27883 0.531784 0.544368
1 0.559654 0.244868 0.849752 0.489735
2 0.785737 0.369344 0.428526 0.717461
2 0.859745 0.231255 0.280509 0.462511
2 0.932298 0.713886 0.135404 0.387798
2 0.0669075 0.253278 0.133815 0.506556
1 0.0174386 0.804173 0.0348771 0.391653
1 0.165991 0.580704 0.329236 0.302388
2 0.209212 0.123098 0.418423 0.246196
2 0.109229 0.7742 0.218458 0.451599
2 0.0345629 0.25145 0.0691258 0.502901
2 0.948619 0.559004 0.102762 0.354558
1 0.375632 0.497821 0.504615 0.995642
1 0.0211077 0.377578 0.0422154 0.699387
2 0.520003 0.0563408 0.955164 0.112682
1 0.0247036 0.836634 0.0494072 0.326731
2 0.0211077 0.377578 0.0422154 0.699387
1 0.369509 0.321022 0.58192 0.642043
