0 0.757248 0.756108 0.485504 0.474808
0 0.656227 0.755188 0.348515 0.469141
0 0.41945 0.762342 0.675128 0.472799
4 0.751946 0.766341 0.496109 0.454479
0 0.811611 0.778893 0.376778 0.442213
0 0.783992 0.686027 0.432016 0.62298
0 0.484943 0.7518 0.488831 0.480246
0 0.584371 0.757809 0.445355 0.484382
3 0.946999 0.793514 0.106002 0.412972
3 0.766928 0.532475 0.466144 0.935049
3 0.945347 0.785819 0.109305 0.428363
0 0.450521 0.0296104 0.883767 0.0592207
3 0.834964 0.772648 0.330072 0.454704
3 0.443618 0.29883 0.375663 0.597661
3 0.775559 0.760724 0.442053 0.478551
3 0.891863 0.736717 0.216275 0.526566
3 0.352374 0.325951 0.531793 0.651901
3 0.442517 0.448928 0.325495 0.897856
3 0.136573 0.449955 0.268723 0.899911
3 0.780737 0.662342 0.438527 0.672022
3 0.745572 0.76996 0.501945 0.444816
0 0.112666 0.854544 0.225332 0.281399
3 0.789957 0.425989 0.420086 0.851977
3 0.596453 0.475098 0.489535 0.950197
0 0.21518 0.0727971 0.430361 0.145594
3 0.862082 0.557122 0.275835 0.885757
3 0.498019 0.375395 0.556981 0.750791
4 0.517504 0.76295 0.580083 0.474099
0 0.314029 0.768326 0.612737 0.450383
3 0.532941 0.0373426 0.934117 0.0746852
0 0.0812015 0.865204 0.162403 0.261009
0 0.560175 0.037618 0.87965 0.075236
3 0.644171 0.755815 0.326068 0.488369
3 0.679409 0.586289 0.561695 0.827205
3 0.21518 0.0727971 0.430361 0.145594
3 0.510562 0.37949 0.324069 0.755404
3 0.372518 0.469111 0.291009 0.929703
3 0.182785 0.79515 0.354005 0.409699
3 0.437947 0.772863 0.477898 0.454274
0 0.935042 0.652916 0.129917 0.581759
3 0.266878 0.7798 0.504428 0.4404
3 0.477828 0.62757 0.325231 0.74486
3 0.865033 0.403469 0.269934 0.802802
3 0.274462 0.47761 0.338439 0.921323
3 0.492642 0.135927 0.77079 0.271854
4 0.390508 0.763503 0.641658 0.45951
4 0.946999 0.793514 0.106002 0.412972
3 0.701893 0.0851067 0.596213 0.170213
3 0.661922 0.0556941 0.676155 0.111388
3 0.559605 0.52453 0.375092 0.95094
3 0.484943 0.7518 0.488831 0.480246
3 0.013694 0.771449 0.027388 0.457102
3 0.548563 0.758454 0.427091 0.483091
0 0.342601 0.0390379 0.685202 0.0780758
4 0.775559 0.760724 0.442053 0.478551
3 0.504169 0.502535 0.364567 0.994929
3 0.381747 0.532936 0.184417 0.883339
3 0.174678 0.5 0.337492 1
3 0.417746 0.0304255 0.835492 0.0608509
3 0.721738 0.26596 0.556524 0.53192
4 0.834964 0.772648 0.330072 0.454704
3 0.33386 0.597432 0.190679 0.74647
0 0.0107555 0.660631 0.021511 0.615207
3 0.796237 0.244846 0.407525 0.489693
3 0.264137 0.537552 0.261026 0.886475
3 0.937314 0.423828 0.125373 0.805556
3 0.270561 0.0412888 0.541121 0.0825775
4 0.672783 0.757529 0.319719 0.484943
4 0.891863 0.736717 0.216275 0.526566
3 0.776187 0.125312 0.447626 0.250624
3 0.0111493 0.688581 0.0222987 0.622838
3 0.298972 0.746822 0.585218 0.475905
3 0.261845 0.381062 0.429336 0.762123
3 0.158625 0.21566 0.31725 0.43132
3 0.947596 0.622024 0.104807 0.579868
3 0.151374 0.770391 0.302707 0.442329
4 0.945347 0.785819 0.109305 0.428363
3 0.559292 0.100273 0.735096 0.200546
3 0.413908 0.667276 0.257012 0.661069
0 0.151374 0.770391 0.302707 0.442329
3 0.682701 0.207215 0.631746 0.414429
3 0.228713 0.672325 0.37633 0.642847
3 0.946472 0.331767 0.107055 0.647586
3 0.0193897 0.839601 0.0387795 0.320799
3 0.619129 0.134161 0.72347 0.268322
0 0.479927 0.300629 0.329391 0.595382
3 0.113527 0.676437 0.226026 0.294395
3 0.528783 0.663385 0.383285 0.67323
3 0.09798 0.224201 0.19596 0.448402
3 0.8785 0.195493 0.243 0.390987
3 0.83894 0.473952 0.322121 0.947904
4 0.16702 0.783422 0.333384 0.416917
3 0.229505 0.285959 0.45586 0.571918
3 0.315969 0.679473 0.268143 0.631792
4 0.273964 0.76563 0.528616 0.452073
3 0.372627 0.677505 0.220699 0.629256
3 0.0360947 0.238472 0.0721895 0.476945
0 0.661922 0.0556941 0.676155 0.111388
3 0.33982 0.254257 0.604728 0.508514
3 0.205184 0.741749 0.401543 0.469663
3 0.81615 0.11429 0.3677 0.228579
3 0.120403 0.842769 0.240805 0.314463
3 0.584371 0.757809 0.445355 0.484382
0 0.81615 0.11429 0.3677 0.228579
3 0.41945 0.762342 0.675128 0.472799
0 0.821706 0.757812 0.356587 0.484376
0 0.94899 0.774507 0.102019 0.391993
4 0.635634 0.763256 0.339479 0.456258
3 0.463022 0.202188 0.594119 0.404376
4 0.560175 0.037618 0.87965 0.075236
3 0.0216723 0.351459 0.0433447 0.702918
4 0.783992 0.686027 0.432016 0.62298
0 0.701893 0.0851067 0.596213 0.170213
4 0.340791 0.777067 0.553774 0.445865
0 0.776187 0.125312 0.447626 0.250624
0 0.949516 0.551289 0.100968 0.462717
4 0.450521 0.0296104 0.883767 0.0592207
0 0.25078 0.0502565 0.50156 0.100513
4 0.131846 0.85876 0.263551 0.271255
4 0.0712576 0.803908 0.142515 0.382978
4 0.21998 0.784595 0.427362 0.430811
0 0.766173 0.27502 0.467653 0.550039
0 0.619129 0.134161 0.72347 0.268322
4 0.140955 0.81049 0.277621 0.379021
3 0.937367 0.578132 0.125266 0.682503
0 0.891863 0.736717 0.216275 0.526566
3 0.147851 0.335607 0.292873 0.671215
4 0.61783 0.752526 0.339997 0.494949
0 0.113527 0.676437 0.226026 0.294395
0 0.492642 0.135927 0.77079 0.271854
4 0.949516 0.551289 0.100968 0.462717
3 0.0105402 0.523436 0.0210803 0.60978
3 0.0594602 0.775985 0.11892 0.438929
4 0.935042 0.652916 0.129917 0.581759
0 0.0105402 0.523436 0.0210803 0.60978
4 0.33982 0.254257 0.604728 0.508514
4 0.548563 0.758454 0.427091 0.483091
0 0.559292 0.100273 0.735096 0.200546
0 0.233856 0.777492 0.452655 0.417915
0 0.61783 0.752526 0.339997 0.494949
3 0.0126558 0.416829 0.0253116 0.739632
4 0.0193897 0.839601 0.0387795 0.320799
0 0.682701 0.207215 0.631746 0.414429
3 0.0854621 0.395818 0.170924 0.772614
0 0.667016 0.677578 0.524926 0.644844
4 0.0791492 0.86773 0.158298 0.259187
0 0.8785 0.195493 0.243 0.390987
0 0.946472 0.331767 0.107055 0.647586
2 0.7523 0.762597 0.495399 0.472313
4 0.21518 0.0727971 0.430361 0.145594
0 0.0594602 0.775985 0.11892 0.438929
4 0.437947 0.772863 0.477898 0.454274
4 0.619129 0.134161 0.72347 0.268322
0 0.387996 0.245556 0.539332 0.491112
4 0.479927 0.300629 0.329391 0.595382
4 0.09798 0.224201 0.19596 0.448402
4 0.120403 0.842769 0.240805 0.314463
4 0.129233 0.209736 0.258466 0.419471
4 0.0128123 0.816745 0.0256247 0.366511
4 0.559292 0.100273 0.735096 0.200546
0 0.413908 0.667276 0.257012 0.661069
1 0.742076 0.758576 0.513409 0.482848
4 0.0111493 0.688581 0.0222987 0.622838
4 0.81615 0.11429 0.3677 0.228579
3 0.0522733 0.577478 0.104547 0.388474
4 0.661922 0.0556941 0.676155 0.111388
4 0.0360947 0.238472 0.0721895 0.476945
1 0.146647 0.804954 0.29265 0.377343
4 0.776187 0.125312 0.447626 0.250624
0 0.528783 0.663385 0.383285 0.67323
4 0.492642 0.135927 0.77079 0.271854
4 0.342601 0.0390379 0.685202 0.0780758
3 0.0521726 0.673194 0.104345 0.289588
0 0.0193897 0.839601 0.0387795 0.320799
0 0.0132861 0.717348 0.0265722 0.565304
4 0.0216723 0.351459 0.0433447 0.702918
0 0.477828 0.62757 0.325231 0.74486
0 0.945347 0.785819 0.109305 0.428363
1 0.946999 0.793514 0.106002 0.412972
3 0.131846 0.85876 0.263551 0.271255
4 0.472019 0.497246 0.349715 0.994493
4 0.701893 0.0851067 0.596213 0.170213
0 0.0126558 0.416829 0.0253116 0.739632
4 0.25078 0.0502565 0.50156 0.100513
4 0.181828 0.232146 0.363656 0.464291
0 0.937314 0.423828 0.125373 0.805556
4 0.0852831 0.218581 0.170566 0.42176
4 0.721738 0.26596 0.556524 0.53192
4 0.682701 0.207215 0.631746 0.414429
0 0.315969 0.679473 0.268143 0.631792
4 0.783533 0.528967 0.432935 0.942066
0 0.830057 0.416229 0.339887 0.832457
4 0.0126558 0.416829 0.0253116 0.739632
0 0.472019 0.497246 0.349715 0.994493
0 0.09798 0.224201 0.19596 0.448402
2 0.314029 0.768326 0.612737 0.450383
4 0.8785 0.195493 0.243 0.390987
0 0.0360947 0.238472 0.0721895 0.476945
0 0.372627 0.677505 0.220699 0.629256
0 0.548563 0.758454 0.427091 0.483091
4 0.0105402 0.523436 0.0210803 0.60978
3 0.0852831 0.218581 0.170566 0.42176
4 0.205184 0.741749 0.401543 0.469663
0 0.0128123 0.816745 0.0256247 0.366511
4 0.862082 0.557122 0.275835 0.885757
4 0.352374 0.325951 0.531793 0.651901
4 0.217204 0.267685 0.417106 0.53537
4 0.17345 0.345139 0.34503 0.690279
0 0.231371 0.247672 0.452435 0.495345
4 0.937579 0.536716 0.124842 0.885845
0 0.463022 0.202188 0.594119 0.404376
0 0.795695 0.533837 0.40861 0.932326
4 0.463022 0.202188 0.594119 0.404376
1 0.834964 0.772648 0.330072 0.454704
4 0.741018 0.620118 0.507446 0.748507
4 0.477828 0.62757 0.325231 0.74486
0 0.510562 0.37949 0.324069 0.755404
4 0.946472 0.331767 0.107055 0.647586
4 0.413908 0.667276 0.257012 0.661069
0 0.0521726 0.673194 0.104345 0.289588
4 0.113527 0.676437 0.226026 0.294395
4 0.510562 0.37949 0.324069 0.755404
4 0.372627 0.677505 0.220699 0.629256
4 0.121499 0.30725 0.2426 0.6145
4 0.528783 0.663385 0.383285 0.67323
3 0.656227 0.755188 0.348515 0.469141
4 0.140357 0.5 0.280714 1
0 0.182785 0.79515 0.354005 0.409699
0 0.0216723 0.351459 0.0433447 0.702918
0 0.228713 0.672325 0.37633 0.642847
4 0.559605 0.52453 0.375092 0.95094
4 0.796237 0.244846 0.407525 0.489693
0 0.862082 0.557122 0.275835 0.885757
3 0.0791492 0.86773 0.158298 0.259187
4 0.449756 0.363546 0.349909 0.727091
4 0.315969 0.679473 0.268143 0.631792
0 0.759064 0.419848 0.465605 0.839695
1 0.783992 0.686027 0.432016 0.62298
4 0.83894 0.473952 0.322121 0.947904
0 0.741018 0.620118 0.507446 0.748507
2 0.419704 0.745627 0.525937 0.478061
4 0.865033 0.403469 0.269934 0.802802
0 0.184501 0.566474 0.363878 0.843211
4 0.596453 0.475098 0.489535 0.950197
0 0.437947 0.772863 0.477898 0.454274
2 0.946472 0.331767 0.107055 0.647586
2 0.205184 0.741749 0.401543 0.469663
4 0.0854621 0.395818 0.170924 0.772614
4 0.381747 0.532936 0.184417 0.883339
2 0.525725 0.766923 0.511728 0.44378
2 0.95387 0.790197 0.0922609 0.384896
4 0.667016 0.677578 0.524926 0.644844
4 0.33386 0.597432 0.190679 0.74647
4 0.228713 0.672325 0.37633 0.642847
4 0.261845 0.381062 0.429336 0.762123
2 0.75996 0.619304 0.48008 0.749567
4 0.372518 0.469111 0.291009 0.929703
2 0.0521726 0.673194 0.104345 0.289588
4 0.0521726 0.673194 0.104345 0.289588
4 0.759064 0.419848 0.465605 0.839695
0 0.266878 0.7798 0.504428 0.4404
2 0.61783 0.752526 0.339997 0.494949
2 0.113527 0.676437 0.226026 0.294395
2 0.766173 0.27502 0.467653 0.550039
4 0.274462 0.47761 0.338439 0.921323
1 0.112666 0.854544 0.225332 0.281399
1 0.0812015 0.865204 0.162403 0.261009
2 0.618898 0.765361 0.346058 0.446601
2 0.484203 0.5 0.346863 1
1 0.407999 0.76176 0.704582 0.45234
2 0.806822 0.483233 0.382503 0.959819
2 0.937314 0.423828 0.125373 0.805556
0 0.0852831 0.218581 0.170566 0.42176
0 0.559605 0.52453 0.375092 0.95094
2 0.495583 0.287688 0.40972 0.575377
1 0.635634 0.763256 0.339479 0.456258
2 0.100162 0.852574 0.200323 0.294853
2 0.151374 0.770391 0.302707 0.442329
1 0.935042 0.652916 0.129917 0.581759
2 0.937367 0.578132 0.125266 0.682503
4 0.0522733 0.577478 0.104547 0.388474
2 0.372627 0.677505 0.220699 0.629256
1 0.269561 0.783251 0.531086 0.414247
1 0.163551 0.238839 0.318841 0.477678
0 0.129233 0.209736 0.258466 0.419471
2 0.548563 0.758454 0.427091 0.483091
2 0.129233 0.209736 0.258466 0.419471
2 0.947596 0.622024 0.104807 0.579868
4 0.498019 0.375395 0.556981 0.750791
4 0.203162 0.469322 0.399297 0.917338
4 0.117787 0.445542 0.235573 0.860961
2 0.352374 0.325951 0.531793 0.651901
2 0.315969 0.679473 0.268143 0.631792
2 0.746593 0.109619 0.506815 0.219238
1 0.352374 0.325951 0.531793 0.651901
4 0.264137 0.537552 0.261026 0.886475
2 0.672783 0.757529 0.319719 0.484943
2 0.619129 0.134161 0.72347 0.268322
2 0.169047 0.490603 0.338093 0.981206
2 0.0594602 0.775985 0.11892 0.438929
0 0.757268 0.75615 0.485464 0.474772
0 0.656313 0.755228 0.348818 0.469201
0 0.419727 0.762262 0.675075 0.473268
4 0.751932 0.766387 0.496136 0.454453
0 0.81176 0.778948 0.376481 0.442104
0 0.78398 0.686438 0.432039 0.622253
0 0.585795 0.757885 0.442217 0.48423
0 0.486333 0.751934 0.485844 0.480474
3 0.946896 0.793575 0.106208 0.41285
3 0.767023 0.532497 0.465955 0.935006
3 0.945287 0.785741 0.109426 0.428517
3 0.83498 0.772731 0.33004 0.454539
3 0.444951 0.298923 0.372937 0.597847
0 0.450207 0.0298968 0.883275 0.0597937
3 0.77558 0.760652 0.441977 0.478697
3 0.891777 0.736907 0.216446 0.526186
3 0.352864 0.326409 0.530535 0.652818
3 0.443179 0.448404 0.323535 0.896809
3 0.780699 0.662462 0.438602 0.671912
3 0.136461 0.449266 0.268506 0.898532
3 0.745547 0.769979 0.501867 0.444874
3 0.790175 0.425893 0.419651 0.851787
3 0.596878 0.47502 0.487229 0.950039
0 0.112734 0.854437 0.225467 0.281618
3 0.86265 0.557206 0.2747 0.885587
3 0.499192 0.375285 0.553716 0.750571
0 0.21497 0.0730068 0.429941 0.146014
4 0.518529 0.762937 0.578313 0.474126
3 0.533268 0.0375714 0.933464 0.0751429
0 0.313602 0.768169 0.61182 0.450748
3 0.644143 0.75571 0.326138 0.48858
3 0.679601 0.58646 0.56194 0.827081
3 0.21497 0.0730068 0.429941 0.146014
3 0.510515 0.378976 0.323672 0.75412
0 0.560431 0.0378514 0.879138 0.0757027
3 0.372416 0.468852 0.28935 0.928725
0 0.0814492 0.865098 0.162898 0.261163
3 0.182393 0.795314 0.353247 0.409372
3 0.267096 0.779922 0.504461 0.440156
3 0.437419 0.773002 0.479426 0.453997
3 0.645961 0.408396 0.610862 0.816793
3 0.478117 0.627101 0.323153 0.745798
3 0.865163 0.403355 0.269674 0.802582
3 0.493177 0.137674 0.769242 0.275348
0 0.934974 0.652906 0.130052 0.580908
3 0.275082 0.477441 0.336643 0.920124
4 0.390749 0.763368 0.64128 0.459893
4 0.946896 0.793575 0.106208 0.41285
3 0.702127 0.0852075 0.595747 0.170415
3 0.486333 0.751934 0.485844 0.480474
3 0.662149 0.0557978 0.675702 0.111596
3 0.559599 0.524309 0.375028 0.951383
3 0.013913 0.77142 0.0278261 0.45716
3 0.547832 0.758463 0.428826 0.483074
3 0.381746 0.533263 0.183937 0.881994
4 0.77558 0.760652 0.441977 0.478697
3 0.504115 0.502559 0.364281 0.994881
3 0.174711 0.5 0.336748 1
3 0.417713 0.0306852 0.835426 0.0613703
3 0.721957 0.266909 0.556086 0.533819
3 0.333924 0.598296 0.190297 0.744531
0 0.342345 0.0392394 0.68469 0.0784787
4 0.83498 0.772731 0.33004 0.454539
3 0.796304 0.244938 0.407392 0.489876
3 0.265106 0.539685 0.258557 0.881636
3 0.937358 0.423533 0.125284 0.805301
3 0.270343 0.0414209 0.540686 0.0828417
0 0.0108006 0.661353 0.0216012 0.61291
4 0.67298 0.757459 0.319843 0.485081
4 0.891777 0.736907 0.216446 0.526186
3 0.776214 0.125368 0.447572 0.250737
3 0.0112359 0.68906 0.0224719 0.621881
3 0.298331 0.746687 0.583821 0.47633
3 0.261816 0.381339 0.428138 0.762679
3 0.158263 0.215813 0.316525 0.431626
3 0.947619 0.621694 0.104763 0.579285
3 0.150987 0.770405 0.301953 0.442546
3 0.559324 0.101049 0.733995 0.202098
4 0.945287 0.785741 0.109426 0.428517
3 0.413976 0.667704 0.254779 0.660715
3 0.228917 0.673207 0.375224 0.641663
3 0.68291 0.208121 0.631191 0.416243
3 0.946654 0.33161 0.106693 0.647282
3 0.0195006 0.839388 0.0390011 0.321223
3 0.619231 0.135117 0.722666 0.270234
3 0.113125 0.676137 0.22525 0.293502
3 0.529169 0.663046 0.382171 0.673909
0 0.150987 0.770405 0.301953 0.442546
3 0.0975844 0.223858 0.195169 0.447716
3 0.839214 0.473818 0.321572 0.947636
3 0.878708 0.195357 0.242583 0.390714
0 0.480619 0.300814 0.327902 0.59545
4 0.166688 0.78358 0.332727 0.416629
3 0.229434 0.28601 0.455455 0.572019
3 0.316224 0.679892 0.26674 0.631497
3 0.372799 0.677841 0.219062 0.628933
3 0.340065 0.254845 0.60413 0.50969
4 0.273708 0.76546 0.527987 0.452508
3 0.0363783 0.238037 0.0727566 0.476074
3 0.20507 0.741822 0.401324 0.469791
3 0.816274 0.114234 0.367451 0.228468
3 0.120447 0.842485 0.240893 0.315031
3 0.585795 0.757885 0.442217 0.48423
3 0.419727 0.762262 0.675075 0.473268
0 0.662149 0.0557978 0.675702 0.111596
4 0.635623 0.763244 0.339579 0.456436
0 0.816274 0.114234 0.367451 0.228468
0 0.821716 0.757838 0.356568 0.484324
3 0.463076 0.20384 0.591305 0.407679
0 0.948984 0.775011 0.102032 0.390597
4 0.560431 0.0378514 0.879138 0.0757027
3 0.0217801 0.351207 0.0435603 0.702414
4 0.78398 0.686438 0.432039 0.622253
4 0.340839 0.777224 0.553758 0.445552
4 0.450207 0.0298968 0.883275 0.0597937
4 0.131587 0.858714 0.263035 0.271339
0 0.702127 0.0852075 0.595747 0.170415
4 0.0712803 0.804031 0.142561 0.38265
0 0.776214 0.125368 0.447572 0.250737
0 0.949527 0.550952 0.100946 0.461656
4 0.220169 0.784738 0.427543 0.430524
3 0.937507 0.577864 0.124986 0.681265
4 0.140644 0.810368 0.277063 0.379263
0 0.250614 0.0504624 0.501228 0.100925
0 0.766304 0.275588 0.467391 0.551176
0 0.619231 0.135117 0.722666 0.270234
3 0.147428 0.33511 0.292072 0.670221
4 0.617522 0.752368 0.340793 0.495263
3 0.0105485 0.524185 0.021097 0.605768
0 0.891777 0.736907 0.216446 0.526186
4 0.949527 0.550952 0.100946 0.461656
3 0.0593287 0.776011 0.118657 0.439041
4 0.934974 0.652906 0.130052 0.580908
4 0.340065 0.254845 0.60413 0.50969
0 0.113125 0.676137 0.22525 0.293502
4 0.547832 0.758463 0.428826 0.483074
0 0.493177 0.137674 0.769242 0.275348
3 0.0126595 0.416515 0.0253189 0.737967
0 0.0105485 0.524185 0.021097 0.605768
4 0.0195006 0.839388 0.0390011 0.321223
3 0.0856507 0.395677 0.171301 0.77269
0 0.559324 0.101049 0.733995 0.202098
4 0.079282 0.867639 0.158564 0.259228
0 0.617522 0.752368 0.340793 0.495263
0 0.233892 0.777713 0.452768 0.417509
0 0.68291 0.208121 0.631191 0.416243
2 0.752294 0.762595 0.495412 0.472383
0 0.667313 0.677516 0.524814 0.644968
4 0.21497 0.0730068 0.429941 0.146014
0 0.878708 0.195357 0.242583 0.390714
0 0.946654 0.33161 0.106693 0.647282
4 0.437419 0.773002 0.479426 0.453997
4 0.619231 0.135117 0.722666 0.270234
4 0.480619 0.300814 0.327902 0.59545
0 0.0593287 0.776011 0.118657 0.439041
4 0.0975844 0.223858 0.195169 0.447716
4 0.128708 0.209662 0.257417 0.419324
4 0.120447 0.842485 0.240893 0.315031
0 0.388803 0.247216 0.537598 0.494431
4 0.0129473 0.81666 0.0258946 0.366681
4 0.559324 0.101049 0.733995 0.202098
1 0.742079 0.75857 0.513392 0.482861
4 0.0112359 0.68906 0.0224719 0.621881
3 0.052148 0.578541 0.104296 0.385097
4 0.816274 0.114234 0.367451 0.228468
4 0.662149 0.0557978 0.675702 0.111596
4 0.0363783 0.238037 0.0727566 0.476074
0 0.413976 0.667704 0.254779 0.660715
1 0.145961 0.805026 0.291317 0.377184
4 0.776214 0.125368 0.447572 0.250737
3 0.0521419 0.673187 0.104284 0.289175
4 0.493177 0.137674 0.769242 0.275348
4 0.342345 0.0392394 0.68469 0.0784787
4 0.0217801 0.351207 0.0435603 0.702414
0 0.529169 0.663046 0.382171 0.673909
1 0.946896 0.793575 0.106208 0.41285
3 0.131587 0.858714 0.263035 0.271339
4 0.47227 0.497077 0.349094 0.994154
4 0.702127 0.0852075 0.595747 0.170415
0 0.0195006 0.839388 0.0390011 0.321223
0 0.0134591 0.717387 0.0269182 0.565226
4 0.250614 0.0504624 0.501228 0.100925
0 0.478117 0.627101 0.323153 0.745798
4 0.181429 0.23241 0.362858 0.464819
0 0.945287 0.785741 0.109426 0.428517
4 0.0856198 0.218426 0.17124 0.421593
4 0.721957 0.266909 0.556086 0.533819
4 0.68291 0.208121 0.631191 0.416243
0 0.0126595 0.416515 0.0253189 0.737967
4 0.783693 0.529102 0.432613 0.941796
0 0.937358 0.423533 0.125284 0.805301
4 0.0126595 0.416515 0.0253189 0.737967
0 0.316224 0.679892 0.26674 0.631497
2 0.313602 0.768169 0.61182 0.450748
4 0.878708 0.195357 0.242583 0.390714
0 0.830325 0.416123 0.33935 0.832246
0 0.47227 0.497077 0.349094 0.994154
4 0.0105485 0.524185 0.021097 0.605768
3 0.0856198 0.218426 0.17124 0.421593
0 0.0975844 0.223858 0.195169 0.447716
4 0.20507 0.741822 0.401324 0.469791
0 0.67298 0.757459 0.319843 0.485081
0 0.372799 0.677841 0.219062 0.628933
4 0.86265 0.557206 0.2747 0.885587
0 0.0363783 0.238037 0.0727566 0.476074
0 0.547832 0.758463 0.428826 0.483074
4 0.352864 0.326409 0.530535 0.652818
4 0.172956 0.344764 0.344049 0.689528
4 0.216958 0.267546 0.416451 0.535092
4 0.937646 0.536405 0.124707 0.88627
0 0.0129473 0.81666 0.0258946 0.366681
0 0.231183 0.247762 0.452032 0.495525
1 0.83498 0.772731 0.33004 0.454539
4 0.463076 0.20384 0.591305 0.407679
0 0.463076 0.20384 0.591305 0.407679
4 0.741019 0.620294 0.507438 0.748367
4 0.478117 0.627101 0.323153 0.745798
4 0.946654 0.33161 0.106693 0.647282
0 0.796026 0.534079 0.407949 0.931843
4 0.413976 0.667704 0.254779 0.660715
0 0.510515 0.378976 0.323672 0.75412
4 0.510515 0.378976 0.323672 0.75412
4 0.113125 0.676137 0.22525 0.293502
4 0.121454 0.306817 0.242551 0.613633
4 0.372799 0.677841 0.219062 0.628933
4 0.529169 0.663046 0.382171 0.673909
3 0.656313 0.755228 0.348818 0.469201
0 0.0521419 0.673187 0.104284 0.289175
4 0.140238 0.5 0.280475 1
4 0.559599 0.524309 0.375028 0.951383
4 0.796304 0.244938 0.407392 0.489876
0 0.182393 0.795314 0.353247 0.409372
3 0.079282 0.867639 0.158564 0.259228
0 0.228917 0.673207 0.375224 0.641663
4 0.45034 0.363633 0.348491 0.727266
4 0.316224 0.679892 0.26674 0.631497
0 0.0217801 0.351207 0.0435603 0.702414
4 0.839214 0.473818 0.321572 0.947636
1 0.78398 0.686438 0.432039 0.622253
0 0.86265 0.557206 0.2747 0.885587
2 0.420602 0.745636 0.522449 0.478208
4 0.865163 0.403355 0.269674 0.802582
4 0.596878 0.47502 0.487229 0.950039
0 0.759419 0.419715 0.464582 0.839429
2 0.946654 0.33161 0.106693 0.647282
0 0.741019 0.620294 0.507438 0.748367
2 0.20507 0.741822 0.401324 0.469791
4 0.0856507 0.395677 0.171301 0.77269
0 0.184347 0.570758 0.363326 0.834932
0 0.437419 0.773002 0.479426 0.453997
4 0.381746 0.533263 0.183937 0.881994
2 0.525102 0.766937 0.513396 0.443818
4 0.667313 0.677516 0.524814 0.644968
2 0.953732 0.790319 0.0925365 0.38461
4 0.333924 0.598296 0.190297 0.744531
4 0.228917 0.673207 0.375224 0.641663
4 0.261816 0.381339 0.428138 0.762679
4 0.372416 0.468852 0.28935 0.928725
2 0.759888 0.61931 0.480225 0.749657
2 0.0521419 0.673187 0.104284 0.289175
4 0.0521419 0.673187 0.104284 0.289175
4 0.759419 0.419715 0.464582 0.839429
2 0.617522 0.752368 0.340793 0.495263
2 0.113125 0.676137 0.22525 0.293502
2 0.766304 0.275588 0.467391 0.551176
4 0.275082 0.477441 0.336643 0.920124
0 0.267096 0.779922 0.504461 0.440156
1 0.0814492 0.865098 0.162898 0.261163
1 0.112734 0.854437 0.225467 0.281618
2 0.619082 0.765366 0.346335 0.446651
2 0.484501 0.5 0.345907 1
2 0.806911 0.483074 0.382209 0.959844
1 0.407972 0.761696 0.705115 0.452501
2 0.937358 0.423533 0.125284 0.805301
2 0.49656 0.287601 0.40654 0.575202
1 0.193872 0.790901 0.380226 0.401893
1 0.635623 0.763244 0.339579 0.456436
0 0.0856198 0.218426 0.17124 0.421593
2 0.100414 0.852281 0.200828 0.295438
4 0.645961 0.408396 0.610862 0.816793
2 0.150987 0.770405 0.301953 0.442546
1 0.934974 0.652906 0.130052 0.580908
0 0.559599 0.524309 0.375028 0.951383
4 0.052148 0.578541 0.104296 0.385097
2 0.937507 0.577864 0.124986 0.681265
2 0.372799 0.677841 0.219062 0.628933
1 0.269487 0.783519 0.530905 0.413781
1 0.162885 0.238957 0.317519 0.477914
2 0.547832 0.758463 0.428826 0.483074
2 0.128708 0.209662 0.257417 0.419324
0 0.128708 0.209662 0.257417 0.419324
2 0.947619 0.621694 0.104763 0.579285
4 0.499192 0.375285 0.553716 0.750571
4 0.203072 0.468937 0.398621 0.916311
4 0.117364 0.445638 0.234728 0.855419
2 0.352864 0.326409 0.530535 0.652818
2 0.316224 0.679892 0.26674 0.631497
2 0.74673 0.109686 0.50654 0.219371
1 0.352864 0.326409 0.530535 0.652818
4 0.265106 0.539685 0.258557 0.881636
