0 0.357093 0.604621 0.250961 0.205935
0 0.567723 0.679166 0.251084 0.331212
0 0.94621 0.513689 0.10758 0.0755609
0 0.480609 0.617867 0.20197 0.22062
1 0.354606 0.609152 0.245649 0.213805
1 0.563801 0.674083 0.246746 0.337555
0 0.9471 0.456247 0.105801 0.187174
0 0.835807 0.779204 0.328385 0.435341
4 0.567872 0.680034 0.253131 0.324196
2 0.564311 0.679148 0.246218 0.323108
0 0.358969 0.511127 0.253465 0.391454
0 0.740267 0.716681 0.519465 0.389552
0 0.928542 0.721505 0.142915 0.488153
0 0.943658 0.391901 0.112684 0.326614
0 0.135365 0.669131 0.267739 0.528763
0 0.570826 0.0258473 0.858348 0.0516946
0 0.238577 0.739556 0.467938 0.520888
4 0.354722 0.60415 0.248042 0.218306
3 0.569314 0.766506 0.453715 0.466987
3 0.842851 0.722972 0.314298 0.554056
3 0.549822 0.420781 0.348835 0.841562
3 0.825609 0.631945 0.347972 0.673853
3 0.364364 0.401641 0.272696 0.639804
0 0.655375 0.0353086 0.689249 0.0706173
3 0.934782 0.372926 0.130435 0.410056
3 0.700204 0.770369 0.589544 0.436849
2 0.35723 0.602172 0.251039 0.218613
3 0.740906 0.50451 0.518187 0.990981
0 0.43716 0.0271375 0.874321 0.054275
1 0.94621 0.513689 0.10758 0.0755609
3 0.408191 0.354112 0.365167 0.706548
0 0.150612 0.743077 0.299471 0.513847
3 0.132229 0.420863 0.264458 0.841726
3 0.571713 0.757484 0.295077 0.436604
4 0.56155 0.752226 0.256308 0.448196
4 0.700204 0.770369 0.589544 0.436849
0 0.562205 0.751897 0.251999 0.428116
0 0.314408 0.732614 0.315873 0.479765
3 0.943545 0.514203 0.11291 0.0696252
4 0.569314 0.766506 0.453715 0.466987
0 0.356579 0.660606 0.250849 0.329515
3 0.650492 0.710957 0.388533 0.352064
0 0.132737 0.660716 0.265003 0.348748
3 0.853442 0.294457 0.293116 0.588915
3 0.766304 0.771967 0.45561 0.456065
3 0.93605 0.319885 0.1279 0.613646
3 0.893258 0.341732 0.213484 0.668582
3 0.570653 0.659192 0.257958 0.391241
3 0.507979 0.358055 0.517141 0.71611
3 0.833026 0.775152 0.333948 0.449697
2 0.480609 0.617867 0.20197 0.22062
4 0.548952 0.718239 0.301542 0.563521
4 0.9471 0.456247 0.105801 0.187174
3 0.347345 0.859198 0.326841 0.281604
3 0.795101 0.345262 0.409798 0.685048
3 0.150612 0.743077 0.299471 0.513847
1 0.9471 0.456247 0.105801 0.187174
3 0.937967 0.647821 0.124066 0.372818
3 0.943401 0.555826 0.113198 0.158599
4 0.94621 0.513689 0.10758 0.0755609
3 0.732956 0.260361 0.534088 0.520722
3 0.250175 0.838179 0.363412 0.323642
3 0.931703 0.739013 0.136593 0.521974
0 0.946036 0.575089 0.107928 0.205758
2 0.94621 0.513689 0.10758 0.0755609
3 0.25313 0.355649 0.400039 0.711299
0 0.766711 0.0721724 0.466579 0.144345
3 0.132737 0.660716 0.265003 0.348748
4 0.83449 0.774175 0.327897 0.45165
0 0.138483 0.841498 0.268891 0.304707
0 0.607561 0.278078 0.780806 0.556156
3 0.945638 0.454911 0.108724 0.189734
2 0.153106 0.771512 0.30053 0.444645
3 0.43716 0.0271375 0.874321 0.054275
3 0.93435 0.776692 0.1313 0.446615
4 0.421402 0.747945 0.539751 0.439827
3 0.365362 0.308161 0.311118 0.612999
3 0.943105 0.379735 0.113791 0.349946
0 0.0925081 0.839489 0.184731 0.312997
0 0.559943 0.72468 0.288801 0.550639
3 0.650096 0.289872 0.699807 0.579744
3 0.707163 0.0660486 0.585674 0.132097
3 0.629146 0.0289217 0.741708 0.0578434
3 0.169918 0.312215 0.339837 0.624429
3 0.436763 0.880311 0.329296 0.239378
3 0.278593 0.274464 0.557186 0.548929
3 0.0538105 0.635496 0.107621 0.669761
0 0.605042 0.734348 0.314845 0.404046
3 0.173844 0.836396 0.31636 0.327208
4 0.937967 0.647821 0.124066 0.372818
2 0.225821 0.74978 0.446265 0.495741
4 0.505556 0.761321 0.371236 0.459821
3 0.371925 0.0512389 0.743851 0.102478
3 0.421402 0.747945 0.539751 0.439827
4 0.766304 0.771967 0.45561 0.456065
4 0.588382 0.026034 0.823236 0.0520679
0 0.136207 0.473742 0.269377 0.919799
3 0.364617 0.20627 0.729234 0.412541
3 0.823761 0.217253 0.352479 0.434506
0 0.371925 0.0512389 0.743851 0.102478
3 0.606634 0.68628 0.311772 0.463388
0 0.916 0.775979 0.168 0.448042
3 0.0413361 0.381119 0.0826722 0.762238
3 0.0244793 0.770965 0.0489587 0.45807
4 0.225821 0.74978 0.446265 0.495741
0 0.795101 0.345262 0.409798 0.685048
3 0.354612 0.660919 0.251145 0.325021
3 0.401209 0.267523 0.319806 0.522769
2 0.548952 0.718239 0.301542 0.563521
3 0.594032 0.413234 0.505236 0.826469
0 0.137347 0.128553 0.274693 0.257105
0 0.060358 0.554686 0.120716 0.680848
3 0.0314668 0.283099 0.0629335 0.566198
0 0.853137 0.71182 0.293727 0.573254
4 0.368473 0.364501 0.280625 0.67618
4 0.931703 0.739013 0.136593 0.521974
3 0.559943 0.72468 0.288801 0.550639
0 0.650492 0.710957 0.388533 0.352064
4 0.93435 0.776692 0.1313 0.446615
3 0.131179 0.8521 0.259862 0.2958
0 0.505556 0.761321 0.371236 0.459821
3 0.137347 0.128553 0.274693 0.257105
3 0.505556 0.761321 0.371236 0.459821
4 0.650096 0.289872 0.699807 0.579744
3 0.048096 0.423435 0.0961921 0.84687
0 0.121365 0.78828 0.242542 0.417298
4 0.669376 0.0420229 0.661248 0.0840457
3 0.353689 0.496998 0.253694 0.424982
3 0.32782 0.759003 0.348272 0.481995
3 0.0299164 0.723072 0.0598328 0.553856
4 0.357519 0.506856 0.253853 0.405757
0 0.54239 0.403483 0.520826 0.806966
4 0.943658 0.391901 0.112684 0.326614
0 0.523272 0.778163 0.371941 0.443675
4 0.145479 0.745806 0.287978 0.498465
4 0.507979 0.358055 0.517141 0.71611
0 0.114986 0.834502 0.229973 0.330996
3 0.0853883 0.336728 0.170777 0.663484
1 0.943658 0.391901 0.112684 0.326614
3 0.878721 0.773679 0.242558 0.452642
3 0.0285001 0.811826 0.0570002 0.376348
0 0.93435 0.776692 0.1313 0.446615
0 0.0608567 0.676833 0.121713 0.646334
4 0.387035 0.670419 0.314222 0.327776
4 0.766711 0.0721724 0.466579 0.144345
3 0.225821 0.74978 0.446265 0.495741
4 0.347345 0.859198 0.326841 0.281604
3 0.0419162 0.248828 0.0838324 0.497656
3 0.258398 0.0867203 0.516796 0.173441
3 0.060358 0.554686 0.120716 0.680848
3 0.567301 0.23104 0.790452 0.462081
0 0.690558 0.338579 0.614942 0.677158
3 0.470548 0.271844 0.797221 0.543687
4 0.43716 0.0271375 0.874321 0.054275
0 0.173844 0.836396 0.31636 0.327208
3 0.559909 0.269878 0.544241 0.539755
0 0.436755 0.766463 0.418361 0.467074
4 0.436763 0.880311 0.329296 0.239378
4 0.795101 0.345262 0.409798 0.685048
0 0.547973 0.287939 0.539687 0.575878
4 0.370406 0.191277 0.740812 0.382554
4 0.549362 0.234838 0.771273 0.469676
3 0.916 0.775979 0.168 0.448042
3 0.211777 0.790482 0.382231 0.419037
0 0.211777 0.790482 0.382231 0.419037
3 0.472949 0.262353 0.43176 0.524705
4 0.132737 0.660716 0.265003 0.348748
4 0.133473 0.456011 0.266129 0.880085
1 0.946036 0.575089 0.107928 0.205758
2 0.9471 0.456247 0.105801 0.187174
4 0.727041 0.431535 0.545918 0.86307
4 0.14137 0.849387 0.27905 0.301225
4 0.250175 0.838179 0.363412 0.323642
4 0.7478 0.293052 0.504399 0.586104
0 0.258398 0.0867203 0.516796 0.173441
4 0.545011 0.423851 0.369715 0.847701
2 0.505556 0.761321 0.371236 0.459821
0 0.934782 0.372926 0.130435 0.410056
4 0.121365 0.78828 0.242542 0.417298
2 0.837865 0.742751 0.32427 0.495193
4 0.823761 0.217253 0.352479 0.434506
3 0.187395 0.107263 0.374789 0.214527
4 0.559909 0.269878 0.544241 0.539755
0 0.937967 0.647821 0.124066 0.372818
0 0.823761 0.217253 0.352479 0.434506
3 0.0990899 0.294279 0.19818 0.588559
4 0.173844 0.836396 0.31636 0.327208
1 0.133199 0.848705 0.262556 0.293127
0 0.0299164 0.723072 0.0598328 0.553856
0 0.436763 0.880311 0.329296 0.239378
4 0.0285001 0.811826 0.0570002 0.376348
4 0.0299164 0.723072 0.0598328 0.553856
0 0.685605 0.500519 0.619635 0.998961
4 0.060358 0.554686 0.120716 0.680848
4 0.0608567 0.676833 0.121713 0.646334
0 0.893258 0.341732 0.213484 0.668582
2 0.928542 0.721505 0.142915 0.488153
4 0.0244793 0.770965 0.0489587 0.45807
0 0.250175 0.838179 0.363412 0.323642
0 0.0314668 0.283099 0.0629335 0.566198
0 0.357602 0.371513 0.255207 0.655473
1 0.0925081 0.839489 0.184731 0.312997
4 0.878721 0.773679 0.242558 0.452642
4 0.606634 0.68628 0.311772 0.463388
4 0.434146 0.319742 0.388956 0.639484
0 0.0413361 0.381119 0.0826722 0.762238
0 0.0481817 0.489213 0.0963635 0.838836
0 0.667199 0.769159 0.505668 0.461683
0 0.187395 0.107263 0.374789 0.214527
0 0.0419162 0.248828 0.0838324 0.497656
4 0.934782 0.372926 0.130435 0.410056
0 0.347345 0.859198 0.326841 0.281604
4 0.93605 0.319885 0.1279 0.613646
4 0.137347 0.128553 0.274693 0.257105
4 0.472949 0.262353 0.43176 0.524705
0 0.93605 0.319885 0.1279 0.613646
0 0.434146 0.319742 0.388956 0.639484
4 0.0419162 0.248828 0.0838324 0.497656
4 0.0481817 0.489213 0.0963635 0.838836
0 0.545011 0.423851 0.369715 0.847701
4 0.916 0.775979 0.168 0.448042
4 0.0413361 0.381119 0.0826722 0.762238
3 0.160206 0.836351 0.30784 0.323967
2 0.711406 0.753663 0.577188 0.425348
0 0.169918 0.312215 0.339837 0.624429
0 0.021457 0.801784 0.042914 0.396432
4 0.0314668 0.283099 0.0629335 0.566198
0 0.766304 0.771967 0.45561 0.456065
2 0.356579 0.660606 0.250849 0.329515
4 0.371925 0.0512389 0.743851 0.102478
0 0.775846 0.50241 0.412277 0.99518
2 0.523272 0.778163 0.371941 0.443675
4 0.654901 0.498759 0.642853 0.997517
0 0.7478 0.293052 0.504399 0.586104
0 0.278593 0.274464 0.557186 0.548929
3 0.740267 0.716681 0.519465 0.389552
1 0.835807 0.779204 0.328385 0.435341
0 0.470548 0.271844 0.797221 0.543687
0 0.128592 0.34381 0.257184 0.68762
4 0.32782 0.759003 0.348272 0.481995
0 0.0285001 0.811826 0.0570002 0.376348
0 0.472949 0.262353 0.43176 0.524705
0 0.364617 0.20627 0.729234 0.412541
4 0.401209 0.267523 0.319806 0.522769
3 0.135365 0.669131 0.267739 0.528763
1 0.480609 0.617867 0.20197 0.22062
2 0.436755 0.766463 0.418361 0.467074
4 0.853442 0.294457 0.293116 0.588915
4 0.893258 0.341732 0.213484 0.668582
3 0.121365 0.78828 0.242542 0.417298
2 0.131179 0.8521 0.259862 0.2958
4 0.135365 0.669131 0.267739 0.528763
3 0.796179 0.763835 0.407643 0.441501
4 0.650492 0.710957 0.388533 0.352064
2 0.314408 0.732614 0.315873 0.479765
4 0.278593 0.274464 0.557186 0.548929
4 0.230999 0.417488 0.42838 0.752225
2 0.134453 0.711406 0.26624 0.464208
4 0.792456 0.719027 0.298856 0.557798
4 0.943401 0.555826 0.113198 0.158599
0 0.162839 0.38961 0.309751 0.779219
0 0.401209 0.267523 0.319806 0.522769
4 0.853137 0.71182 0.293727 0.573254
0 0.365362 0.308161 0.311118 0.612999
0 0.792456 0.719027 0.298856 0.557798
4 0.211777 0.790482 0.382231 0.419037
2 0.559593 0.752374 0.262556 0.425819
1 0.733242 0.768607 0.533516 0.447083
4 0.0925081 0.839489 0.184731 0.312997
1 0.128956 0.757251 0.257913 0.47605
4 0.258398 0.0867203 0.516796 0.173441
4 0.131542 0.297032 0.263083 0.594065
4 0.796179 0.763835 0.407643 0.441501
4 0.740267 0.716681 0.519465 0.389552
0 0.33919 0.489365 0.321567 0.469326
2 0.606634 0.68628 0.311772 0.463388
2 0.136207 0.473742 0.269377 0.919799
4 0.187395 0.107263 0.374789 0.214527
4 0.162839 0.38961 0.309751 0.779219
0 0.853442 0.294457 0.293116 0.588915
2 0.775846 0.50241 0.412277 0.99518
4 0.775846 0.50241 0.412277 0.99518
1 0.650492 0.710957 0.388533 0.352064
0 0.230999 0.417488 0.42838 0.752225
2 0.162839 0.38961 0.309751 0.779219
2 0.436763 0.880311 0.329296 0.239378
0 0.0990899 0.294279 0.19818 0.588559
2 0.25313 0.355649 0.400039 0.711299
4 0.621953 0.455562 0.395862 0.911124
4 0.825609 0.631945 0.347972 0.673853
4 0.0853883 0.336728 0.170777 0.663484
2 0.93435 0.776692 0.1313 0.446615
1 0.825609 0.631945 0.347972 0.673853
1 0.545011 0.423851 0.369715 0.847701
1 0.408191 0.354112 0.365167 0.706548
1 0.211777 0.790482 0.382231 0.419037
2 0.169918 0.312215 0.339837 0.624429
3 0.0925081 0.839489 0.184731 0.312997
2 0.160206 0.836351 0.30784 0.323967
3 0.356474 0.611615 0.255808 0.238932
0 0.357102 0.604613 0.250985 0.205928
0 0.567733 0.679162 0.251088 0.331209
0 0.946214 0.51369 0.107572 0.0755704
0 0.481027 0.617864 0.200689 0.220655
1 0.354622 0.609149 0.24567 0.213799
1 0.563799 0.674077 0.246751 0.337537
0 0.947098 0.456277 0.105803 0.18711
0 0.835809 0.779221 0.328382 0.435365
4 0.567882 0.680033 0.253133 0.324179
2 0.564314 0.679157 0.246233 0.323092
0 0.358994 0.511132 0.253514 0.391589
0 0.740321 0.716547 0.519358 0.389202
0 0.928763 0.721464 0.142475 0.488054
0 0.943648 0.39192 0.112703 0.326614
0 0.135339 0.667512 0.267702 0.525189
0 0.570327 0.0258617 0.859346 0.0517235
4 0.354737 0.604147 0.248064 0.218296
0 0.238551 0.739506 0.467991 0.520987
3 0.569914 0.766502 0.453355 0.466997
3 0.84276 0.723045 0.31448 0.553909
3 0.549962 0.420781 0.349053 0.841563
3 0.825704 0.63224 0.347694 0.673369
3 0.364386 0.401206 0.272682 0.640662
3 0.93483 0.373112 0.13034 0.409293
3 0.700237 0.770339 0.589858 0.436833
0 0.655049 0.0353676 0.689902 0.0707353
2 0.357246 0.602173 0.251085 0.218597
3 0.740863 0.504551 0.518275 0.990899
3 0.408714 0.354076 0.366026 0.706602
1 0.946214 0.51369 0.107572 0.0755704
3 0.132226 0.420991 0.264452 0.841982
0 0.437262 0.0271895 0.874524 0.054379
3 0.571793 0.757407 0.295076 0.436556
4 0.700237 0.770339 0.589858 0.436833
4 0.561612 0.752188 0.256182 0.448153
0 0.150451 0.74302 0.299192 0.51396
3 0.943557 0.514209 0.112885 0.0696287
4 0.569914 0.766502 0.453355 0.466997
0 0.562242 0.751873 0.251962 0.428099
3 0.650646 0.710884 0.388832 0.351889
0 0.314663 0.732489 0.315276 0.479544
0 0.356593 0.660506 0.250859 0.329323
3 0.853901 0.294572 0.292199 0.589144
3 0.765834 0.771959 0.456462 0.456082
3 0.936067 0.319945 0.127867 0.613628
3 0.893494 0.341652 0.213012 0.668423
0 0.132724 0.660269 0.264983 0.348133
3 0.570703 0.659236 0.257869 0.391117
3 0.508301 0.35539 0.517543 0.710779
3 0.833004 0.775115 0.333992 0.449771
2 0.481027 0.617864 0.200689 0.220655
4 0.548972 0.718005 0.301408 0.56399
4 0.947098 0.456277 0.105803 0.18711
3 0.795646 0.344749 0.408708 0.68393
3 0.150451 0.74302 0.299192 0.51396
1 0.947098 0.456277 0.105803 0.18711
3 0.347278 0.859881 0.32455 0.280238
3 0.938052 0.646694 0.123896 0.370355
3 0.943419 0.555843 0.113162 0.158663
4 0.946214 0.51369 0.107572 0.0755704
3 0.733647 0.26043 0.532707 0.520859
3 0.250104 0.838166 0.3622 0.323669
3 0.931761 0.738975 0.136478 0.522049
2 0.946214 0.51369 0.107572 0.0755704
3 0.253501 0.355351 0.39918 0.710703
3 0.132724 0.660269 0.264983 0.348133
4 0.834459 0.774145 0.327935 0.451711
0 0.94604 0.574867 0.107921 0.205357
3 0.945649 0.454935 0.108702 0.189682
4 0.421735 0.74789 0.539031 0.439638
2 0.153021 0.771532 0.300422 0.444709
3 0.437262 0.0271895 0.874524 0.054379
3 0.934517 0.77663 0.130966 0.446741
3 0.365902 0.306542 0.309403 0.608905
0 0.76688 0.0724318 0.46624 0.144864
0 0.607895 0.278297 0.780012 0.556594
3 0.943102 0.379735 0.113795 0.34993
0 0.138449 0.841546 0.268867 0.304712
3 0.650186 0.290161 0.699629 0.580322
3 0.707438 0.0664037 0.585123 0.132807
3 0.629141 0.0288901 0.741717 0.0577802
3 0.169709 0.312495 0.339419 0.62499
0 0.0924288 0.839802 0.184575 0.312422
0 0.559953 0.724667 0.288665 0.550667
3 0.436685 0.881109 0.328197 0.237782
3 0.278174 0.275284 0.556349 0.550567
3 0.0541988 0.63528 0.108398 0.669603
3 0.173793 0.836267 0.315938 0.327467
4 0.938052 0.646694 0.123896 0.370355
2 0.2258 0.749791 0.446315 0.495869
4 0.505812 0.761283 0.370693 0.459831
3 0.371782 0.0514503 0.743563 0.102901
3 0.421735 0.74789 0.539031 0.439638
4 0.765834 0.771959 0.456462 0.456082
0 0.604908 0.734318 0.314557 0.403944
4 0.588356 0.0260076 0.823288 0.0520152
3 0.364505 0.206797 0.72901 0.413595
3 0.823948 0.217284 0.352105 0.434568
0 0.136184 0.472802 0.269367 0.917615
3 0.606519 0.686323 0.311427 0.462975
3 0.0413266 0.381435 0.0826532 0.76287
4 0.2258 0.749791 0.446315 0.495869
3 0.024565 0.770911 0.04913 0.458178
0 0.371782 0.0514503 0.743563 0.102901
3 0.354628 0.660816 0.251116 0.324799
3 0.401037 0.266697 0.319312 0.520961
2 0.548972 0.718005 0.301408 0.56399
0 0.916919 0.775982 0.166162 0.448036
3 0.594349 0.412602 0.504659 0.825204
0 0.795646 0.344749 0.408708 0.68393
3 0.0314487 0.283399 0.0628975 0.566799
4 0.368717 0.363995 0.280948 0.677245
3 0.559953 0.724667 0.288665 0.550667
4 0.931761 0.738975 0.136478 0.522049
4 0.934517 0.77663 0.130966 0.446741
0 0.137477 0.128543 0.274953 0.257086
3 0.131197 0.85227 0.259906 0.29546
0 0.0608677 0.55468 0.121735 0.679908
0 0.853295 0.712009 0.29341 0.573014
3 0.137477 0.128543 0.274953 0.257086
3 0.505812 0.761283 0.370693 0.459831
0 0.650646 0.710884 0.388832 0.351889
4 0.650186 0.290161 0.699629 0.580322
3 0.0482621 0.423389 0.0965243 0.846779
0 0.505812 0.761283 0.370693 0.459831
4 0.669046 0.0422155 0.661907 0.0844309
3 0.35369 0.497036 0.253751 0.425052
3 0.327962 0.758878 0.345572 0.482244
3 0.0299725 0.722991 0.0599449 0.554019
4 0.508301 0.35539 0.517543 0.710779
4 0.943648 0.39192 0.112703 0.326614
4 0.357546 0.506878 0.253897 0.405873
0 0.121262 0.788102 0.242343 0.417729
0 0.879343 0.773662 0.241313 0.452676
4 0.145374 0.745839 0.287782 0.498509
3 0.0854509 0.337522 0.170902 0.664969
0 0.542619 0.402226 0.521334 0.804453
1 0.943648 0.39192 0.112703 0.326614
3 0.0285413 0.811673 0.0570826 0.376655
0 0.523448 0.778395 0.37177 0.44321
3 0.879343 0.773662 0.241313 0.452676
3 0.559011 0.261386 0.760903 0.522771
0 0.114991 0.834615 0.229981 0.33077
4 0.386448 0.670266 0.313056 0.32747
4 0.76688 0.0724318 0.46624 0.144864
3 0.2258 0.749791 0.446315 0.495869
4 0.347278 0.859881 0.32455 0.280238
3 0.04188 0.2489 0.0837599 0.4978
0 0.934517 0.77663 0.130966 0.446741
0 0.06128 0.676742 0.12256 0.646515
3 0.258118 0.0868747 0.516235 0.173749
3 0.0608677 0.55468 0.121735 0.679908
0 0.691389 0.33569 0.613064 0.67138
4 0.437262 0.0271895 0.874524 0.054379
3 0.560125 0.269949 0.543105 0.539899
4 0.370055 0.19121 0.74011 0.382421
4 0.795646 0.344749 0.408708 0.68393
4 0.436685 0.881109 0.328197 0.237782
4 0.549589 0.232426 0.771856 0.464852
0 0.548004 0.287866 0.539633 0.575732
0 0.173793 0.836267 0.315938 0.327467
3 0.211608 0.789884 0.381559 0.420232
0 0.43678 0.766509 0.417101 0.466983
4 0.132724 0.660269 0.264983 0.348133
3 0.472847 0.261952 0.431315 0.523904
0 0.211608 0.789884 0.381559 0.420232
4 0.133466 0.455539 0.266125 0.87879
1 0.94604 0.574867 0.107921 0.205357
2 0.947098 0.456277 0.105803 0.18711
4 0.727631 0.428861 0.544738 0.857721
4 0.748669 0.29286 0.502662 0.58572
4 0.250104 0.838166 0.3622 0.323669
4 0.141381 0.849521 0.279059 0.300959
4 0.545033 0.423861 0.369988 0.847723
2 0.505812 0.761283 0.370693 0.459831
4 0.121262 0.788102 0.242343 0.417729
2 0.837861 0.742739 0.324278 0.495332
4 0.823948 0.217284 0.352105 0.434568
3 0.187208 0.107384 0.374417 0.214767
4 0.560125 0.269949 0.543105 0.539899
0 0.258118 0.0868747 0.516235 0.173749
0 0.93483 0.373112 0.13034 0.409293
4 0.173793 0.836267 0.315938 0.327467
3 0.0991322 0.294454 0.198264 0.588907
1 0.133238 0.84884 0.262631 0.292933
0 0.938052 0.646694 0.123896 0.370355
0 0.823948 0.217284 0.352105 0.434568
4 0.0285413 0.811673 0.0570826 0.376655
4 0.0299725 0.722991 0.0599449 0.554019
0 0.436685 0.881109 0.328197 0.237782
0 0.0299725 0.722991 0.0599449 0.554019
4 0.0608677 0.55468 0.121735 0.679908
4 0.06128 0.676742 0.12256 0.646515
2 0.928763 0.721464 0.142475 0.488054
4 0.024565 0.770911 0.04913 0.458178
0 0.685964 0.500542 0.618583 0.998916
1 0.0924288 0.839802 0.184575 0.312422
4 0.879343 0.773662 0.241313 0.452676
0 0.893494 0.341652 0.213012 0.668423
4 0.606519 0.686323 0.311427 0.462975
0 0.250104 0.838166 0.3622 0.323669
0 0.0314487 0.283399 0.0628975 0.566799
4 0.434254 0.319022 0.388849 0.638044
0 0.35765 0.370954 0.255227 0.656692
4 0.93483 0.373112 0.13034 0.409293
4 0.936067 0.319945 0.127867 0.613628
0 0.0413266 0.381435 0.0826532 0.76287
4 0.137477 0.128543 0.274953 0.257086
4 0.472847 0.261952 0.431315 0.523904
0 0.048396 0.489212 0.0967919 0.837772
0 0.667673 0.769153 0.506128 0.461694
0 0.187208 0.107384 0.374417 0.214767
0 0.04188 0.2489 0.0837599 0.4978
4 0.04188 0.2489 0.0837599 0.4978
0 0.347278 0.859881 0.32455 0.280238
4 0.048396 0.489212 0.0967919 0.837772
3 0.160142 0.836246 0.307637 0.324481
4 0.0413266 0.381435 0.0826532 0.76287
0 0.434254 0.319022 0.388849 0.638044
2 0.711452 0.753569 0.577095 0.425141
4 0.0314487 0.283399 0.0628975 0.566799
0 0.936067 0.319945 0.127867 0.613628
4 0.371782 0.0514503 0.743563 0.102901
2 0.356593 0.660506 0.250859 0.329323
0 0.545033 0.423861 0.369988 0.847723
2 0.523448 0.778395 0.37177 0.44321
4 0.655693 0.498191 0.640561 0.996382
0 0.169709 0.312495 0.339419 0.62499
0 0.0214976 0.801737 0.0429952 0.396527
3 0.740321 0.716547 0.519358 0.389202
0 0.776341 0.502648 0.41014 0.994703
0 0.765834 0.771959 0.456462 0.456082
1 0.835809 0.779221 0.328382 0.435365
4 0.327962 0.758878 0.345572 0.482244
0 0.278174 0.275284 0.556349 0.550567
0 0.470937 0.271709 0.795967 0.543419
4 0.401037 0.266697 0.319312 0.520961
0 0.128608 0.34475 0.257216 0.6895
1 0.481027 0.617864 0.200689 0.220655
3 0.135339 0.667512 0.267702 0.525189
0 0.0285413 0.811673 0.0570826 0.376655
0 0.472847 0.261952 0.431315 0.523904
2 0.43678 0.766509 0.417101 0.466983
4 0.853901 0.294572 0.292199 0.589144
0 0.364505 0.206797 0.72901 0.413595
3 0.121262 0.788102 0.242343 0.417729
4 0.893494 0.341652 0.213012 0.668423
0 0.733647 0.26043 0.532707 0.520859
3 0.793903 0.763825 0.412194 0.441571
2 0.131197 0.85227 0.259906 0.29546
4 0.135339 0.667512 0.267702 0.525189
4 0.650646 0.710884 0.388832 0.351889
4 0.278174 0.275284 0.556349 0.550567
2 0.314663 0.732489 0.315276 0.479544
4 0.230913 0.417687 0.427994 0.752044
2 0.134417 0.708794 0.266178 0.459166
4 0.792118 0.719336 0.296673 0.557287
4 0.943419 0.555843 0.113162 0.158663
4 0.853295 0.712009 0.29341 0.573014
4 0.211608 0.789884 0.381559 0.420232
0 0.401037 0.266697 0.319312 0.520961
0 0.162763 0.389837 0.309509 0.779674
2 0.559604 0.752333 0.262478 0.42581
1 0.7328 0.768559 0.534399 0.447273
0 0.365902 0.306542 0.309403 0.608905
4 0.0924288 0.839802 0.184575 0.312422
0 0.792118 0.719336 0.296673 0.557287
1 0.128922 0.757131 0.257844 0.476441
4 0.258118 0.0868747 0.516235 0.173749
4 0.13154 0.29718 0.263079 0.59436
4 0.793903 0.763825 0.412194 0.441571
4 0.740321 0.716547 0.519358 0.389202
2 0.606519 0.686323 0.311427 0.462975
2 0.136184 0.472802 0.269367 0.917615
0 0.339849 0.489522 0.320126 0.469043
4 0.187208 0.107384 0.374417 0.214767
4 0.162763 0.389837 0.309509 0.779674
2 0.776341 0.502648 0.41014 0.994703
4 0.776341 0.502648 0.41014 0.994703
1 0.650646 0.710884 0.388832 0.351889
0 0.853901 0.294572 0.292199 0.589144
2 0.162763 0.389837 0.309509 0.779674
2 0.436685 0.881109 0.328197 0.237782
0 0.230913 0.417687 0.427994 0.752044
2 0.253501 0.355351 0.39918 0.710703
4 0.825704 0.63224 0.347694 0.673369
4 0.621773 0.45516 0.395328 0.910321
4 0.0854509 0.337522 0.170902 0.664969
0 0.0991322 0.294454 0.198264 0.588907
2 0.934517 0.77663 0.130966 0.446741
1 0.825704 0.63224 0.347694 0.673369
1 0.545033 0.423861 0.369988 0.847723
1 0.408714 0.354076 0.366026 0.706602
1 0.211608 0.789884 0.381559 0.420232
3 0.0924288 0.839802 0.184575 0.312422
2 0.169709 0.312495 0.339419 0.62499
3 0.356498 0.61162 0.255825 0.23891
2 0.160142 0.836246 0.307637 0.324481
2 0.278174 0.275284 0.556349 0.550567
2 0.506858 0.263776 0.482143 0.527551
