0 0.757675 0.714843 0.484651 0.561097
0 0.697611 0.733006 0.356737 0.518832
0 0.492081 0.636817 0.592332 0.691248
0 0.820616 0.726572 0.35863 0.546855
0 0.457261 0.75207 0.623352 0.482738
0 0.410597 0.514883 0.724225 0.928859
3 0.211592 0.503841 0.412503 0.992317
4 0.758365 0.723332 0.48327 0.53903
3 0.799442 0.721452 0.401116 0.557097
3 0.459513 0.500981 0.826744 0.998037
0 0.258858 0.759961 0.506926 0.453776
3 0.756181 0.727116 0.486137 0.527053
3 0.878169 0.743019 0.243662 0.513962
3 0.201249 0.282214 0.391906 0.556657
0 0.522111 0.0528856 0.955777 0.105771
3 0.36443 0.489207 0.726181 0.978413
0 0.500155 0.493692 0.49143 0.987384
3 0.922118 0.514252 0.155763 0.939339
3 0.434036 0.385994 0.687689 0.760191
0 0.760478 0.572957 0.479044 0.841669
0 0.554379 0.728105 0.523938 0.53243
0 0.0607043 0.825107 0.121296 0.344474
0 0.211639 0.0801303 0.423279 0.160261
0 0.12248 0.819283 0.242675 0.349738
3 0.626795 0.730654 0.389842 0.538691
3 0.148923 0.518009 0.297847 0.963982
0 0.0122975 0.636262 0.024595 0.716916
3 0.934089 0.795118 0.131821 0.409764
3 0.122719 0.829641 0.243301 0.340717
3 0.176046 0.20237 0.352092 0.40474
0 0.30926 0.484534 0.615583 0.967235
3 0.127576 0.721057 0.253209 0.526973
4 0.936008 0.711179 0.127983 0.566617
3 0.850772 0.725027 0.298457 0.549945
3 0.209518 0.692288 0.414793 0.58225
0 0.323675 0.0611976 0.647351 0.122395
3 0.181938 0.811281 0.351984 0.377439
3 0.211639 0.0801303 0.423279 0.160261
0 0.174372 0.798766 0.346481 0.384734
4 0.3126 0.435844 0.620725 0.870211
3 0.492081 0.636817 0.592332 0.691248
3 0.31353 0.778137 0.509514 0.443727
3 0.451604 0.76044 0.568133 0.479119
0 0.936008 0.711179 0.127983 0.566617
3 0.759145 0.457495 0.479984 0.875162
0 0.350397 0.281924 0.533969 0.548805
4 0.760478 0.572957 0.479044 0.841669
3 0.28893 0.571413 0.571156 0.823997
3 0.608482 0.44851 0.767741 0.877828
4 0.244734 0.755924 0.480002 0.471503
0 0.0130119 0.705135 0.0260239 0.589729
3 0.792839 0.274062 0.414321 0.548124
3 0.929474 0.745421 0.141053 0.509157
4 0.593127 0.695076 0.574255 0.576353
3 0.778651 0.133238 0.442699 0.266476
3 0.814312 0.519428 0.371377 0.961144
4 0.458817 0.496267 0.584741 0.992534
3 0.187668 0.758382 0.373233 0.463953
4 0.934089 0.795118 0.131821 0.409764
0 0.803639 0.0885317 0.392722 0.177063
4 0.878169 0.743019 0.243662 0.513962
0 0.0762356 0.816722 0.152471 0.366556
3 0.488278 0.0466502 0.948452 0.0933003
3 0.0564648 0.234505 0.11293 0.469011
3 0.425719 0.30213 0.547488 0.597043
3 0.593127 0.695076 0.574255 0.576353
3 0.619854 0.0847562 0.760292 0.169512
3 0.0133049 0.76528 0.0266097 0.46944
0 0.619854 0.0847562 0.760292 0.169512
3 0.0252047 0.275248 0.0504095 0.550495
4 0.608482 0.44851 0.767741 0.877828
4 0.394042 0.754657 0.724328 0.47631
3 0.852705 0.232889 0.29459 0.465778
3 0.0237543 0.807912 0.0475086 0.384177
3 0.0118688 0.598692 0.0237375 0.732068
4 0.829076 0.732757 0.341849 0.534485
3 0.261501 0.0674263 0.523001 0.134853
0 0.0127182 0.550414 0.0254364 0.716695
0 0.629354 0.73817 0.40114 0.523659
3 0.803639 0.0885317 0.392722 0.177063
4 0.306127 0.285812 0.598857 0.558963
1 0.759531 0.724971 0.479737 0.547068
0 0.0177222 0.789123 0.0354444 0.421753
3 0.500155 0.493692 0.49143 0.987384
4 0.522111 0.0528856 0.955777 0.105771
3 0.0591796 0.709895 0.118359 0.527847
3 0.0177222 0.789123 0.0354444 0.421753
4 0.733917 0.720805 0.504075 0.558391
3 0.409857 0.282331 0.732303 0.564662
4 0.492081 0.636817 0.592332 0.691248
1 0.446664 0.763056 0.655337 0.446857
3 0.668128 0.134938 0.663744 0.269875
3 0.0234632 0.348408 0.0469263 0.696816
3 0.743232 0.190914 0.513536 0.381829
0 0.0237543 0.807912 0.0475086 0.384177
0 0.668128 0.134938 0.663744 0.269875
3 0.0196286 0.451679 0.0392571 0.805013
3 0.908744 0.259986 0.182513 0.491993
4 0.122719 0.829641 0.243301 0.340717
3 0.37946 0.750322 0.747952 0.485334
0 0.912779 0.608822 0.174442 0.625781
0 0.689659 0.189544 0.620682 0.379088
0 0.0159543 0.485822 0.0319087 0.761599
4 0.924997 0.54342 0.150006 0.91316
4 0.181938 0.811281 0.351984 0.377439
0 0.934089 0.795118 0.131821 0.409764
0 0.230715 0.648485 0.457199 0.671505
3 0.691182 0.506014 0.615755 0.987972
4 0.658744 0.733219 0.452992 0.509119
4 0.31353 0.778137 0.509514 0.443727
0 0.127576 0.721057 0.253209 0.526973
4 0.0237543 0.807912 0.0475086 0.384177
0 0.0252047 0.275248 0.0504095 0.550495
0 0.778651 0.133238 0.442699 0.266476
4 0.0762356 0.816722 0.152471 0.366556
4 0.626795 0.730654 0.389842 0.538691
3 0.0839496 0.261745 0.167899 0.50548
3 0.0752075 0.591383 0.150415 0.753589
4 0.211592 0.503841 0.412503 0.992317
4 0.814312 0.519428 0.371377 0.961144
0 0.808101 0.457575 0.383798 0.887546
4 0.451604 0.76044 0.568133 0.479119
3 0.466506 0.773902 0.586619 0.436765
3 0.0635469 0.793758 0.126648 0.408245
0 0.368327 0.782805 0.70689 0.415938
0 0.0564648 0.234505 0.11293 0.469011
4 0.211639 0.0801303 0.423279 0.160261
3 0.574475 0.754531 0.437666 0.475049
4 0.425719 0.30213 0.547488 0.597043
0 0.564552 0.73472 0.43105 0.530561
3 0.912779 0.608822 0.174442 0.625781
0 0.246615 0.0689936 0.493229 0.137987
4 0.619854 0.0847562 0.760292 0.169512
0 0.405789 0.766373 0.592855 0.467255
3 0.406138 0.0640003 0.812276 0.128001
2 0.759531 0.724971 0.479737 0.547068
4 0.0122975 0.636262 0.024595 0.716916
4 0.201249 0.282214 0.391906 0.556657
3 0.64747 0.304765 0.70382 0.609531
3 0.0762356 0.816722 0.152471 0.366556
0 0.434036 0.385994 0.687689 0.760191
3 0.0790121 0.402848 0.158024 0.776383
1 0.768221 0.281837 0.463558 0.541429
0 0.878169 0.743019 0.243662 0.513962
4 0.912779 0.608822 0.174442 0.625781
4 0.434036 0.385994 0.687689 0.760191
2 0.457261 0.75207 0.623352 0.482738
0 0.924997 0.54342 0.150006 0.91316
4 0.540666 0.768649 0.468072 0.446015
0 0.608482 0.44851 0.767741 0.877828
1 0.199312 0.803482 0.392926 0.376782
0 0.0234632 0.348408 0.0469263 0.696816
4 0.0564648 0.234505 0.11293 0.469011
4 0.176046 0.20237 0.352092 0.40474
4 0.28893 0.571413 0.571156 0.823997
3 0.243221 0.790747 0.477964 0.40147
4 0.230715 0.648485 0.457199 0.671505
1 0.555897 0.752972 0.49164 0.464729
4 0.0607043 0.825107 0.121296 0.344474
2 0.278593 0.756309 0.542924 0.472652
4 0.580154 0.497093 0.588621 0.994185
4 0.0159543 0.485822 0.0319087 0.761599
4 0.803639 0.0885317 0.392722 0.177063
0 0.0588956 0.758557 0.117791 0.464603
3 0.306127 0.285812 0.598857 0.558963
4 0.0588956 0.758557 0.117791 0.464603
0 0.230454 0.277456 0.451937 0.55024
4 0.0177222 0.789123 0.0354444 0.421753
4 0.0133049 0.76528 0.0266097 0.46944
4 0.0252047 0.275248 0.0504095 0.550495
0 0.409857 0.282331 0.732303 0.564662
0 0.852705 0.232889 0.29459 0.465778
0 0.228703 0.800874 0.447406 0.398252
1 0.850772 0.725027 0.298457 0.549945
4 0.0127182 0.550414 0.0254364 0.716695
4 0.0234632 0.348408 0.0469263 0.696816
0 0.908744 0.259986 0.182513 0.491993
4 0.246615 0.0689936 0.493229 0.137987
4 0.406138 0.0640003 0.812276 0.128001
4 0.459513 0.500981 0.826744 0.998037
0 0.31353 0.778137 0.509514 0.443727
4 0.148923 0.518009 0.297847 0.963982
4 0.908744 0.259986 0.182513 0.491993
4 0.127576 0.721057 0.253209 0.526973
4 0.668128 0.134938 0.663744 0.269875
4 0.852705 0.232889 0.29459 0.465778
0 0.808012 0.288601 0.383975 0.558173
4 0.409857 0.282331 0.732303 0.564662
0 0.166153 0.235982 0.332306 0.451629
4 0.06473 0.676547 0.12946 0.606892
1 0.420628 0.286552 0.57176 0.561945
2 0.935517 0.760201 0.128967 0.479598
1 0.12248 0.819283 0.242675 0.349738
4 0.313734 0.787501 0.619626 0.405297
2 0.492081 0.636817 0.592332 0.691248
4 0.0752075 0.591383 0.150415 0.753589
4 0.0839496 0.261745 0.167899 0.50548
4 0.689659 0.189544 0.620682 0.379088
2 0.196509 0.219306 0.393019 0.438612
2 0.578959 0.758796 0.465877 0.463216
4 0.778651 0.133238 0.442699 0.266476
4 0.0790121 0.402848 0.158024 0.776383
4 0.825428 0.289865 0.349145 0.554639
1 0.34578 0.776524 0.682963 0.422905
1 0.939689 0.71324 0.120622 0.573519
2 0.122719 0.829641 0.243301 0.340717
2 0.483971 0.297016 0.894136 0.594032
0 0.06473 0.676547 0.12946 0.606892
2 0.9294 0.433288 0.141199 0.799207
2 0.934089 0.795118 0.131821 0.409764
2 0.0762356 0.816722 0.152471 0.366556
2 0.704117 0.307723 0.591767 0.615445
4 0.64747 0.304765 0.70382 0.609531
2 0.215719 0.791674 0.427543 0.396942
1 0.211592 0.503841 0.412503 0.992317
2 0.183419 0.502091 0.36419 0.995818
2 0.34348 0.286531 0.664101 0.573062
2 0.410597 0.514883 0.724225 0.928859
2 0.908744 0.259986 0.182513 0.491993
2 0.658744 0.733219 0.452992 0.509119
3 0.658744 0.733219 0.452992 0.509119
1 0.202257 0.243734 0.392197 0.468759
2 0.626795 0.730654 0.389842 0.538691
2 0.127576 0.721057 0.253209 0.526973
1 0.0607043 0.825107 0.121296 0.344474
2 0.803639 0.0885317 0.392722 0.177063
1 0.309362 0.283025 0.597549 0.551766
2 0.181938 0.811281 0.351984 0.377439
2 0.743232 0.190914 0.513536 0.381829
1 0.658158 0.285172 0.651382 0.552971
2 0.92133 0.70757 0.15734 0.573355
0 0.728049 0.321802 0.543903 0.643603
2 0.209518 0.692288 0.414793 0.58225
2 0.28893 0.571413 0.571156 0.823997
2 0.808012 0.288601 0.383975 0.558173
2 0.0635469 0.793758 0.126648 0.408245
2 0.292078 0.063191 0.584155 0.126382
1 0.209518 0.692288 0.414793 0.58225
2 0.360894 0.771077 0.545147 0.457845
2 0.668128 0.134938 0.663744 0.269875
1 0.658744 0.733219 0.452992 0.509119
2 0.0839496 0.261745 0.167899 0.50548
1 0.459513 0.500981 0.826744 0.998037
2 0.50714 0.748355 0.504121 0.503291
0 0.18235 0.512954 0.362948 0.934562
1 0.912779 0.608822 0.174442 0.625781
4 0.691182 0.506014 0.615755 0.987972
2 0.253651 0.258532 0.49697 0.517064
1 0.434036 0.385994 0.687689 0.760191
0 0.0752075 0.591383 0.150415 0.753589
2 0.852705 0.232889 0.29459 0.465778
1 0.0177222 0.789123 0.0354444 0.421753
2 0.445673 0.286665 0.658773 0.56279
2 0.0237543 0.807912 0.0475086 0.384177
2 0.0127182 0.550414 0.0254364 0.716695
2 0.0591796 0.709895 0.118359 0.527847
2 0.500155 0.493692 0.49143 0.987384
2 0.211639 0.0801303 0.423279 0.160261
2 0.912779 0.608822 0.174442 0.625781
2 0.0122975 0.636262 0.024595 0.716916
0 0.120715 0.522582 0.24143 0.954836
2 0.0177222 0.789123 0.0354444 0.421753
2 0.0133049 0.76528 0.0266097 0.46944
2 0.120715 0.522582 0.24143 0.954836
4 0.766601 0.307013 0.466798 0.614026
1 0.300287 0.501955 0.600378 0.996091
0 0.0839496 0.261745 0.167899 0.50548
2 0.778651 0.133238 0.442699 0.266476
0 0.55073 0.293524 0.855516 0.587048
2 0.776767 0.513108 0.446466 0.973784
2 0.0564648 0.234505 0.11293 0.469011
1 0.668128 0.134938 0.663744 0.269875
1 0.127576 0.721057 0.253209 0.526973
2 0.0252047 0.275248 0.0504095 0.550495
1 0.55073 0.293524 0.855516 0.587048
2 0.0761159 0.537219 0.152232 0.925563
1 0.756868 0.507023 0.484439 0.985955
1 0.50714 0.748355 0.504121 0.503291
2 0.0234632 0.348408 0.0469263 0.696816
2 0.442687 0.0585248 0.87651 0.11705
2 0.0790121 0.402848 0.158024 0.776383
2 0.160098 0.317666 0.320196 0.59376
1 0.0761159 0.537219 0.152232 0.925563
2 0.247989 0.787269 0.47607 0.425463
2 0.0196286 0.451679 0.0392571 0.805013
1 0.0237543 0.807912 0.0475086 0.384177
1 0.561255 0.059626 0.862799 0.119252
1 0.247989 0.787269 0.47607 0.425463
1 0.0133049 0.76528 0.0266097 0.46944
1 0.852705 0.232889 0.29459 0.465778
2 0.619854 0.0847562 0.760292 0.169512
2 0.593127 0.695076 0.574255 0.576353
1 0.148923 0.518009 0.297847 0.963982
1 0.803639 0.0885317 0.392722 0.177063
1 0.0588956 0.758557 0.117791 0.464603
1 0.160098 0.317666 0.320196 0.59376
2 0.368327 0.782805 0.70689 0.415938
1 0.878169 0.743019 0.243662 0.513962
1 0.601492 0.503199 0.794551 0.993602
1 0.0790121 0.402848 0.158024 0.776383
0 0.757688 0.714875 0.484624 0.561083
0 0.697118 0.733096 0.355774 0.51873
0 0.492217 0.634018 0.592737 0.696873
0 0.820578 0.726782 0.358699 0.546436
0 0.410523 0.514931 0.725107 0.928837
0 0.456909 0.751708 0.624509 0.483598
3 0.211748 0.503829 0.412718 0.992342
4 0.758378 0.723387 0.483245 0.538979
3 0.799369 0.721547 0.401261 0.556906
3 0.459093 0.501031 0.825136 0.997938
3 0.756211 0.727305 0.486072 0.526776
3 0.877932 0.743211 0.244137 0.513577
3 0.201304 0.282265 0.391995 0.55684
0 0.258999 0.759946 0.507148 0.453893
3 0.364308 0.489223 0.725999 0.978446
0 0.522238 0.0530776 0.955525 0.106155
3 0.434116 0.386335 0.686407 0.76057
3 0.922304 0.514476 0.155392 0.939082
0 0.346192 0.776765 0.683772 0.422478
0 0.500844 0.493762 0.490023 0.987525
0 0.760497 0.580546 0.479006 0.82652
0 0.554076 0.727968 0.523713 0.532748
0 0.0608336 0.825427 0.121545 0.343785
3 0.627125 0.730687 0.390207 0.538627
0 0.211501 0.0801945 0.423002 0.160389
0 0.122728 0.819512 0.24317 0.349318
3 0.149133 0.517947 0.298266 0.964107
3 0.934096 0.795425 0.131808 0.40915
3 0.176048 0.202147 0.352096 0.404294
3 0.122978 0.829644 0.243819 0.340712
0 0.0124941 0.636131 0.0249883 0.717198
3 0.127314 0.7212 0.252709 0.527098
0 0.309116 0.483612 0.615001 0.965333
4 0.936011 0.711255 0.127978 0.566571
3 0.850691 0.725249 0.298618 0.549501
3 0.209075 0.693347 0.413921 0.580403
3 0.182072 0.81141 0.352307 0.377179
3 0.211501 0.0801945 0.423002 0.160389
4 0.312233 0.432464 0.619945 0.86342
0 0.323193 0.0615021 0.646387 0.123004
3 0.492217 0.634018 0.592737 0.696873
3 0.31397 0.77829 0.511427 0.44342
3 0.450731 0.760588 0.571136 0.478823
3 0.312983 0.3985 0.625966 0.793269
3 0.759369 0.457018 0.479501 0.873556
0 0.174294 0.799513 0.346312 0.383315
0 0.936011 0.711255 0.127978 0.566571
4 0.760497 0.580546 0.479006 0.82652
0 0.350831 0.281911 0.532825 0.548824
3 0.288979 0.578142 0.571184 0.810657
3 0.61083 0.44905 0.762793 0.878556
4 0.244664 0.755739 0.479892 0.47202
3 0.792893 0.274225 0.414213 0.548451
3 0.929528 0.745632 0.140944 0.508737
4 0.592694 0.694585 0.573013 0.577383
3 0.778736 0.133584 0.442529 0.267169
3 0.81428 0.519554 0.37144 0.960892
0 0.0132309 0.704841 0.0264619 0.590318
4 0.459367 0.496239 0.582895 0.992479
3 0.187403 0.758367 0.372708 0.464229
4 0.934096 0.795425 0.131808 0.40915
4 0.877932 0.743211 0.244137 0.513577
3 0.488086 0.047147 0.947783 0.094294
3 0.0564556 0.234141 0.112911 0.468281
3 0.425071 0.302309 0.544571 0.597259
3 0.592694 0.694585 0.573013 0.577383
3 0.620319 0.0852868 0.759363 0.170574
3 0.0135382 0.765171 0.0270765 0.469657
0 0.803721 0.0887876 0.392558 0.177575
0 0.076506 0.816851 0.153012 0.366298
3 0.0251449 0.274836 0.0502897 0.549673
4 0.61083 0.44905 0.762793 0.878556
4 0.394004 0.754448 0.725229 0.476843
3 0.852761 0.232919 0.294478 0.465837
0 0.620319 0.0852868 0.759363 0.170574
3 0.0239182 0.808045 0.0478364 0.383909
3 0.0120074 0.598661 0.0240148 0.731958
4 0.828992 0.732748 0.342017 0.534505
3 0.261028 0.0676797 0.522057 0.135359
0 0.0127885 0.550744 0.025577 0.714941
3 0.803721 0.0887876 0.392558 0.177575
4 0.306038 0.285851 0.598789 0.559159
1 0.759515 0.724997 0.479766 0.547099
3 0.500844 0.493762 0.490023 0.987525
3 0.0591976 0.709875 0.118395 0.528404
0 0.629816 0.738256 0.400826 0.523488
3 0.017939 0.789218 0.035878 0.421565
4 0.522238 0.0530776 0.955525 0.106155
4 0.734093 0.720934 0.504499 0.558132
3 0.409876 0.282275 0.731038 0.56455
0 0.017939 0.789218 0.035878 0.421565
4 0.492217 0.634018 0.592737 0.696873
1 0.446014 0.76313 0.657034 0.446726
3 0.668526 0.135793 0.662949 0.271586
3 0.743541 0.191308 0.512918 0.382615
3 0.0233454 0.347802 0.0466908 0.695604
3 0.0195219 0.450919 0.0390437 0.802095
3 0.908958 0.260361 0.182085 0.492589
4 0.122978 0.829644 0.243819 0.340712
3 0.379618 0.750223 0.748253 0.48565
0 0.0239182 0.808045 0.0478364 0.383909
4 0.182072 0.81141 0.352307 0.377179
0 0.668526 0.135793 0.662949 0.271586
4 0.925089 0.543673 0.149821 0.912654
4 0.659055 0.733283 0.448982 0.509036
3 0.691347 0.506059 0.615417 0.987882
4 0.31397 0.77829 0.511427 0.44342
4 0.0239182 0.808045 0.0478364 0.383909
0 0.0159262 0.485624 0.0318524 0.758558
0 0.912772 0.608768 0.174456 0.623798
0 0.690081 0.190042 0.619837 0.380084
0 0.934096 0.795425 0.131808 0.40915
0 0.230415 0.653415 0.456598 0.661835
4 0.076506 0.816851 0.153012 0.366298
4 0.627125 0.730687 0.390207 0.538627
3 0.0840221 0.261466 0.168044 0.504401
4 0.211748 0.503829 0.412718 0.992342
3 0.0750057 0.592083 0.150011 0.750369
4 0.81428 0.519554 0.37144 0.960892
0 0.127314 0.7212 0.252709 0.527098
4 0.450731 0.760588 0.571136 0.478823
0 0.0251449 0.274836 0.0502897 0.549673
3 0.46583 0.773956 0.588917 0.436708
3 0.0636568 0.794033 0.126858 0.40757
0 0.778736 0.133584 0.442529 0.267169
4 0.211501 0.0801945 0.423002 0.160389
0 0.808118 0.457041 0.383765 0.88623
4 0.425071 0.302309 0.544571 0.597259
3 0.574872 0.754554 0.437612 0.475094
3 0.912772 0.608768 0.174456 0.623798
0 0.0564556 0.234141 0.112911 0.468281
4 0.620319 0.0852868 0.759363 0.170574
0 0.56442 0.734803 0.432304 0.530395
3 0.405862 0.0640678 0.811725 0.128136
0 0.246141 0.0689871 0.492282 0.137974
2 0.759515 0.724997 0.479766 0.547099
4 0.201304 0.282265 0.391995 0.55684
4 0.0124941 0.636131 0.0249883 0.717198
3 0.648317 0.304939 0.702031 0.609877
3 0.076506 0.816851 0.153012 0.366298
0 0.405062 0.766486 0.595326 0.467029
3 0.0790666 0.40246 0.158133 0.775396
1 0.768648 0.282031 0.462705 0.541731
4 0.912772 0.608768 0.174456 0.623798
4 0.434116 0.386335 0.686407 0.76057
2 0.456909 0.751708 0.624509 0.483598
0 0.434116 0.386335 0.686407 0.76057
4 0.540679 0.768681 0.469326 0.446044
0 0.877932 0.743211 0.244137 0.513577
1 0.19923 0.803903 0.392769 0.37602
4 0.0564556 0.234141 0.112911 0.468281
4 0.176048 0.202147 0.352096 0.404294
0 0.925089 0.543673 0.149821 0.912654
4 0.288979 0.578142 0.571184 0.810657
0 0.61083 0.44905 0.762793 0.878556
3 0.243298 0.791041 0.478103 0.400956
4 0.230415 0.653415 0.456598 0.661835
4 0.0608336 0.825427 0.121545 0.343785
0 0.0233454 0.347802 0.0466908 0.695604
1 0.555806 0.752741 0.492161 0.465195
4 0.580065 0.49714 0.586954 0.99428
2 0.279065 0.756142 0.54376 0.473112
3 0.306038 0.285851 0.598789 0.559159
4 0.803721 0.0887876 0.392558 0.177575
4 0.0159262 0.485624 0.0318524 0.758558
4 0.058938 0.758535 0.117876 0.464884
4 0.017939 0.789218 0.035878 0.421565
4 0.0135382 0.765171 0.0270765 0.469657
0 0.230814 0.277488 0.452675 0.55033
4 0.0251449 0.274836 0.0502897 0.549673
0 0.058938 0.758535 0.117876 0.464884
1 0.850691 0.725249 0.298618 0.549501
4 0.0127885 0.550744 0.025577 0.714941
4 0.0233454 0.347802 0.0466908 0.695604
0 0.409876 0.282275 0.731038 0.56455
0 0.852761 0.232919 0.294478 0.465837
0 0.228616 0.801329 0.447196 0.397342
4 0.246141 0.0689871 0.492282 0.137974
0 0.908958 0.260361 0.182085 0.492589
4 0.405862 0.0640678 0.811725 0.128136
4 0.459093 0.501031 0.825136 0.997938
4 0.149133 0.517947 0.298266 0.964107
0 0.31397 0.77829 0.511427 0.44342
4 0.908958 0.260361 0.182085 0.492589
4 0.127314 0.7212 0.252709 0.527098
4 0.852761 0.232919 0.294478 0.465837
4 0.668526 0.135793 0.662949 0.271586
4 0.409876 0.282275 0.731038 0.56455
0 0.166324 0.236008 0.332648 0.45152
4 0.0646362 0.676762 0.129272 0.60622
0 0.808084 0.289 0.383832 0.558969
1 0.42062 0.28656 0.570027 0.561929
4 0.31475 0.787733 0.621653 0.404937
1 0.122728 0.819512 0.24317 0.349318
2 0.935552 0.760632 0.128896 0.478735
2 0.492217 0.634018 0.592737 0.696873
4 0.0750057 0.592083 0.150011 0.750369
4 0.0840221 0.261466 0.168044 0.504401
4 0.690081 0.190042 0.619837 0.380084
2 0.196549 0.219068 0.393098 0.438136
2 0.57934 0.758765 0.465656 0.463319
4 0.778736 0.133584 0.442529 0.267169
4 0.0790666 0.40246 0.158133 0.775396
4 0.825454 0.290444 0.349093 0.555798
2 0.122978 0.829644 0.243819 0.340712
1 0.939686 0.713284 0.120627 0.573431
2 0.484076 0.295314 0.892362 0.590628
2 0.934096 0.795425 0.131808 0.40915
2 0.929496 0.433128 0.141008 0.798577
2 0.076506 0.816851 0.153012 0.366298
2 0.704459 0.30779 0.591082 0.615581
4 0.648317 0.304939 0.702031 0.609877
2 0.215567 0.792384 0.427221 0.395645
0 0.0646362 0.676762 0.129272 0.60622
1 0.258999 0.759946 0.507148 0.453893
1 0.211748 0.503829 0.412718 0.992342
2 0.183159 0.502099 0.363655 0.995803
2 0.343478 0.286467 0.663536 0.572935
2 0.410523 0.514931 0.725107 0.928837
2 0.659055 0.733283 0.448982 0.509036
2 0.908958 0.260361 0.182085 0.492589
3 0.659055 0.733283 0.448982 0.509036
1 0.202314 0.243714 0.392314 0.468846
2 0.627125 0.730687 0.390207 0.538627
2 0.127314 0.7212 0.252709 0.527098
2 0.803721 0.0887876 0.392558 0.177575
1 0.0608336 0.825427 0.121545 0.343785
1 0.309332 0.283024 0.597412 0.551831
2 0.182072 0.81141 0.352307 0.377179
1 0.659675 0.285259 0.647999 0.55307
2 0.743541 0.191308 0.512918 0.382615
2 0.921256 0.707582 0.157488 0.573376
2 0.288979 0.578142 0.571184 0.810657
2 0.209075 0.693347 0.413921 0.580403
2 0.808084 0.289 0.383832 0.558969
2 0.291522 0.0635476 0.583044 0.127095
2 0.0636568 0.794033 0.126858 0.40757
1 0.209075 0.693347 0.413921 0.580403
0 0.72843 0.321848 0.54314 0.643696
2 0.360774 0.771197 0.546893 0.457605
2 0.668526 0.135793 0.662949 0.271586
1 0.659055 0.733283 0.448982 0.509036
2 0.0840221 0.261466 0.168044 0.504401
1 0.459093 0.501031 0.825136 0.997938
2 0.50639 0.748534 0.506913 0.502933
1 0.912772 0.608768 0.174456 0.623798
4 0.691347 0.506059 0.615417 0.987882
2 0.253726 0.25863 0.49708 0.51726
1 0.434116 0.386335 0.686407 0.76057
0 0.18167 0.515002 0.361588 0.930768
2 0.852761 0.232919 0.294478 0.465837
1 0.017939 0.789218 0.035878 0.421565
2 0.446216 0.28668 0.65736 0.562702
2 0.0239182 0.808045 0.0478364 0.383909
2 0.0127885 0.550744 0.025577 0.714941
2 0.0591976 0.709875 0.118395 0.528404
2 0.500844 0.493762 0.490023 0.987525
0 0.0750057 0.592083 0.150011 0.750369
2 0.211501 0.0801945 0.423002 0.160389
2 0.912772 0.608768 0.174456 0.623798
2 0.0124941 0.636131 0.0249883 0.717198
2 0.017939 0.789218 0.035878 0.421565
2 0.0135382 0.765171 0.0270765 0.469657
4 0.766729 0.307246 0.466542 0.614492
2 0.120458 0.522662 0.240917 0.954676
0 0.120458 0.522662 0.240917 0.954676
1 0.300294 0.501947 0.600401 0.996106
2 0.778736 0.133584 0.442529 0.267169
2 0.776765 0.513197 0.446471 0.973605
2 0.0564556 0.234141 0.112911 0.468281
1 0.668526 0.135793 0.662949 0.271586
0 0.0840221 0.261466 0.168044 0.504401
1 0.127314 0.7212 0.252709 0.527098
2 0.0251449 0.274836 0.0502897 0.549673
0 0.551421 0.293672 0.85367 0.587344
1 0.551421 0.293672 0.85367 0.587344
1 0.756721 0.506733 0.484729 0.986533
2 0.0761084 0.537384 0.152217 0.925232
1 0.50639 0.748534 0.506913 0.502933
2 0.0233454 0.347802 0.0466908 0.695604
2 0.442389 0.0586747 0.875856 0.117349
2 0.0790666 0.40246 0.158133 0.775396
2 0.16032 0.317413 0.32064 0.593721
1 0.0761084 0.537384 0.152217 0.925232
2 0.248158 0.78753 0.476539 0.42494
2 0.0195219 0.450919 0.0390437 0.802095
1 0.0239182 0.808045 0.0478364 0.383909
1 0.561552 0.0599279 0.862143 0.119856
1 0.0135382 0.765171 0.0270765 0.469657
1 0.852761 0.232919 0.294478 0.465837
2 0.620319 0.0852868 0.759363 0.170574
2 0.592694 0.694585 0.573013 0.577383
1 0.149133 0.517947 0.298266 0.964107
1 0.803721 0.0887876 0.392558 0.177575
1 0.058938 0.758535 0.117876 0.464884
1 0.16032 0.317413 0.32064 0.593721
1 0.877932 0.743211 0.244137 0.513577
2 0.36897 0.782959 0.708249 0.415673
1 0.603095 0.503261 0.791296 0.993477
1 0.0790666 0.40246 0.158133 0.775396
