0 0.502633 0.653886 0.0741093 0.305604
1 0.50206 0.652549 0.0748171 0.303714
0 0.788103 0.760589 0.423794 0.459256
0 0.513447 0.714619 0.0899992 0.419254
0 0.595047 0.354481 0.0327347 0.0722928
0 0.0945415 0.270323 0.0235218 0.0836031
2 0.50206 0.652549 0.0748171 0.303714
0 0.565438 0.366066 0.077808 0.104309
0 0.242219 0.786456 0.474335 0.402799
0 0.0887548 0.823205 0.177427 0.337555
0 0.52259 0.660541 0.100678 0.359679
0 0.178446 0.799157 0.35515 0.379052
0 0.095517 0.231662 0.0283929 0.240751
0 0.316875 0.74694 0.412823 0.491924
0 0.563889 0.742715 0.18477 0.478805
4 0.502633 0.653886 0.0741093 0.305604
0 0.488574 0.672298 0.0980051 0.340038
0 0.511653 0.587194 0.0731691 0.4655
3 0.27514 0.349017 0.262576 0.695316
3 0.445267 0.401647 0.328056 0.757307
0 0.644181 0.74364 0.345074 0.488376
0 0.12468 0.811204 0.248329 0.363981
3 0.204381 0.345931 0.229856 0.609831
0 0.0949201 0.309478 0.0256666 0.135762
0 0.9406 0.789835 0.1188 0.42033
3 0.866026 0.600345 0.267948 0.79409
3 0.334604 0.749175 0.391893 0.501649
0 0.132257 0.292566 0.0946752 0.144714
3 0.515266 0.472262 0.117429 0.553488
1 0.513447 0.714619 0.0899992 0.419254
3 0.420766 0.458466 0.214902 0.525507
3 0.502633 0.653886 0.0741093 0.305604
3 0.733725 0.32771 0.216332 0.575605
3 0.61015 0.753035 0.276935 0.49393
4 0.563889 0.742715 0.18477 0.478805
3 0.912029 0.554536 0.175941 0.833862
3 0.821915 0.703608 0.356169 0.588423
0 0.478581 0.724585 0.116595 0.448078
3 0.394845 0.368203 0.346107 0.720964
3 0.323224 0.412624 0.177478 0.51122
3 0.523714 0.557566 0.0878681 0.499583
3 0.797944 0.763789 0.403624 0.472423
3 0.159172 0.313006 0.318344 0.626012
0 0.371458 0.734663 0.30205 0.530673
3 0.432907 0.551256 0.159921 0.495149
3 0.254408 0.393017 0.205859 0.531282
3 0.557079 0.383189 0.162512 0.663474
3 0.675125 0.338572 0.122549 0.472915
3 0.226633 0.292025 0.453266 0.583739
3 0.59656 0.390898 0.12648 0.595394
0 0.596299 0.399818 0.0423264 0.155405
0 0.630894 0.458165 0.0965128 0.292287
3 0.784967 0.324563 0.312654 0.649125
3 0.675452 0.750995 0.412039 0.494349
3 0.917557 0.398291 0.164886 0.588091
3 0.603822 0.315032 0.578459 0.630064
3 0.726256 0.544093 0.240853 0.791907
3 0.224912 0.441412 0.113369 0.288372
0 0.0223887 0.693543 0.0447774 0.503535
3 0.651332 0.23012 0.54671 0.46024
3 0.848103 0.777985 0.303794 0.444029
3 0.914312 0.303998 0.171377 0.536171
3 0.173106 0.410614 0.127601 0.313924
3 0.266929 0.79683 0.451526 0.406341
3 0.0945415 0.270323 0.0235218 0.0836031
3 0.34618 0.324079 0.552065 0.648158
3 0.651454 0.373245 0.117175 0.527123
3 0.500849 0.342899 0.589904 0.685798
0 0.393634 0.492991 0.110777 0.368619
0 0.59349 0.331761 0.0418897 0.28528
3 0.860758 0.315678 0.236344 0.545114
3 0.787215 0.539402 0.328341 0.920055
0 0.101764 0.744754 0.203528 0.483814
3 0.880895 0.447082 0.208323 0.645807
3 0.0795147 0.256093 0.159029 0.504023
3 0.355602 0.469288 0.0773421 0.313973
4 0.779345 0.765628 0.44131 0.443299
3 0.947507 0.805152 0.104987 0.389696
3 0.095517 0.231662 0.0283929 0.240751
3 0.246148 0.738079 0.485528 0.511651
3 0.745742 0.246035 0.470354 0.49207
3 0.842896 0.185276 0.314208 0.370552
3 0.389681 0.432681 0.145025 0.479705
4 0.520411 0.739727 0.104947 0.474254
0 0.432907 0.551256 0.159921 0.495149
3 0.549577 0.564465 0.101265 0.476307
3 0.51644 0.730108 0.271204 0.539784
3 0.205852 0.387284 0.167347 0.459505
0 0.0524058 0.394105 0.104812 0.401825
3 0.60304 0.0673755 0.698427 0.134751
3 0.927898 0.788337 0.144204 0.423326
3 0.664954 0.447119 0.136681 0.437582
3 0.156221 0.328037 0.190446 0.567688
0 0.0547511 0.762283 0.109502 0.453713
0 0.406648 0.739998 0.259418 0.476381
0 0.549577 0.564465 0.101265 0.476307
3 0.579293 0.750884 0.227384 0.498232
3 0.687345 0.0850752 0.573761 0.17015
3 0.0949201 0.309478 0.0256666 0.135762
3 0.595047 0.354481 0.0327347 0.0722928
0 0.0252987 0.531662 0.0505973 0.503396
3 0.297691 0.458381 0.0907047 0.296117
3 0.793239 0.0803445 0.413522 0.160689
3 0.779434 0.625499 0.441131 0.721823
0 0.560553 0.186395 0.808821 0.37279
3 0.511653 0.587194 0.0731691 0.4655
3 0.393634 0.492991 0.110777 0.368619
3 0.470846 0.635416 0.0997013 0.53482
3 0.123136 0.815915 0.244274 0.36817
3 0.943739 0.523922 0.112522 0.598794
3 0.135155 0.332576 0.112571 0.16478
3 0.940419 0.331557 0.119162 0.495635
0 0.0854734 0.210422 0.170947 0.420844
3 0.741277 0.0676415 0.517445 0.135283
0 0.0435381 0.392076 0.0870762 0.539696
4 0.848103 0.777985 0.303794 0.444029
3 0.946813 0.600255 0.106374 0.41229
3 0.433024 0.726817 0.278989 0.546366
0 0.947507 0.805152 0.104987 0.389696
0 0.523714 0.557566 0.0878681 0.499583
2 0.513447 0.714619 0.0899992 0.419254
3 0.064038 0.47237 0.128076 0.398989
3 0.0854734 0.210422 0.170947 0.420844
3 0.346915 0.513617 0.110888 0.320566
3 0.944073 0.235446 0.111855 0.408266
0 0.59656 0.390898 0.12648 0.595394
3 0.461493 0.0981347 0.827595 0.196269
3 0.564816 0.347067 0.0777863 0.29035
3 0.1743 0.493279 0.13607 0.252411
0 0.675125 0.338572 0.122549 0.472915
3 0.582569 0.127954 0.760861 0.255908
3 0.211212 0.244132 0.422425 0.488264
2 0.563889 0.742715 0.18477 0.478805
3 0.101764 0.744754 0.203528 0.483814
2 0.0945415 0.270323 0.0235218 0.0836031
3 0.147649 0.267585 0.295298 0.53517
3 0.101323 0.484107 0.202646 0.315239
0 0.470846 0.635416 0.0997013 0.53482
3 0.306339 0.155828 0.612679 0.311656
3 0.937595 0.742638 0.124811 0.447181
1 0.818284 0.767497 0.363433 0.459587
3 0.332538 0.0925062 0.665075 0.185012
3 0.513447 0.714619 0.0899992 0.419254
3 0.170847 0.801361 0.335364 0.397278
3 0.931357 0.137588 0.137287 0.275176
0 0.406827 0.632488 0.114513 0.541232
0 0.165037 0.391149 0.141867 0.37423
0 0.135155 0.332576 0.112571 0.16478
3 0.0467035 0.347244 0.0934069 0.540668
0 0.311055 0.113804 0.622111 0.227608
3 0.247555 0.468941 0.0802602 0.167795
3 0.52259 0.660541 0.100678 0.359679
0 0.625347 0.441189 0.116806 0.223907
0 0.564816 0.347067 0.0777863 0.29035
3 0.562773 0.680933 0.177681 0.519534
3 0.565438 0.366066 0.077808 0.104309
3 0.164714 0.767109 0.329074 0.450223
3 0.887568 0.0767365 0.224864 0.153473
0 0.266929 0.79683 0.451526 0.406341
0 0.198442 0.737818 0.396884 0.501889
3 0.406827 0.632488 0.114513 0.541232
3 0.560553 0.186395 0.808821 0.37279
3 0.630894 0.458165 0.0965128 0.292287
3 0.0617721 0.311047 0.123544 0.602311
4 0.261547 0.748413 0.496769 0.49616
4 0.947507 0.805152 0.104987 0.389696
0 0.848103 0.777985 0.303794 0.444029
0 0.687345 0.0850752 0.573761 0.17015
0 0.944073 0.235446 0.111855 0.408266
3 0.0223887 0.693543 0.0447774 0.503535
0 0.247555 0.468941 0.0802602 0.167795
0 0.60304 0.0673755 0.698427 0.134751
0 0.461493 0.0981347 0.827595 0.196269
0 0.39032 0.346574 0.595034 0.693148
1 0.216626 0.804682 0.430141 0.375881
0 0.273735 0.238148 0.54747 0.476296
0 0.651454 0.373245 0.117175 0.527123
0 0.582569 0.127954 0.760861 0.255908
0 0.931357 0.137588 0.137287 0.275176
0 0.887568 0.0767365 0.224864 0.153473
0 0.297522 0.480987 0.0979752 0.221361
4 0.616756 0.751088 0.288682 0.473428
0 0.348677 0.358785 0.332406 0.711588
3 0.596299 0.399818 0.0423264 0.155405
0 0.0440962 0.807493 0.0881923 0.377684
0 0.250284 0.712786 0.415919 0.563154
0 0.0382497 0.722556 0.0764994 0.544573
3 0.132713 0.325212 0.1128 0.503313
4 0.0471418 0.816991 0.0942836 0.366017
0 0.557079 0.383189 0.162512 0.663474
4 0.57843 0.736957 0.260048 0.526086
0 0.346915 0.513617 0.110888 0.320566
0 0.471686 0.74219 0.189857 0.502755
0 0.377793 0.0877518 0.755587 0.175504
3 0.0524058 0.394105 0.104812 0.401825
0 0.0841071 0.673995 0.168214 0.562825
0 0.355602 0.469288 0.0773421 0.313973
4 0.51644 0.730108 0.271204 0.539784
0 0.754523 0.697443 0.490955 0.575406
3 0.0841071 0.673995 0.168214 0.562825
3 0.486506 0.722704 0.0989705 0.483555
0 0.037089 0.305636 0.074178 0.611272
2 0.406648 0.739998 0.259418 0.476381
2 0.095517 0.231662 0.0283929 0.240751
3 0.488574 0.672298 0.0980051 0.340038
1 0.316875 0.74694 0.412823 0.491924
3 0.037089 0.305636 0.074178 0.611272
4 0.315227 0.766387 0.392444 0.467227
4 0.9406 0.789835 0.1188 0.42033
0 0.57843 0.736957 0.260048 0.526086
0 0.156221 0.328037 0.190446 0.567688
3 0.132257 0.292566 0.0946752 0.144714
0 0.0795147 0.256093 0.159029 0.504023
4 0.230077 0.806029 0.451268 0.387942
4 0.675452 0.750995 0.412039 0.494349
0 0.147649 0.267585 0.295298 0.53517
3 0.638636 0.395431 0.095364 0.458318
4 0.095517 0.231662 0.0283929 0.240751
0 0.940419 0.331557 0.119162 0.495635
0 0.941474 0.453722 0.117052 0.666165
3 0.59349 0.331761 0.0418897 0.28528
3 0.0583485 0.743967 0.116697 0.444608
3 0.041654 0.766369 0.083308 0.459501
0 0.132713 0.325212 0.1128 0.503313
3 0.0252987 0.531662 0.0505973 0.503396
4 0.123136 0.815915 0.244274 0.36817
0 0.793239 0.0803445 0.413522 0.160689
0 0.064038 0.47237 0.128076 0.398989
2 0.595047 0.354481 0.0327347 0.0722928
4 0.433024 0.726817 0.278989 0.546366
0 0.0471418 0.816991 0.0942836 0.366017
4 0.645047 0.764178 0.307902 0.471645
4 0.560553 0.186395 0.808821 0.37279
4 0.940419 0.331557 0.119162 0.495635
3 0.0471418 0.816991 0.0942836 0.366017
4 0.34618 0.324079 0.552065 0.648158
0 0.937595 0.742638 0.124811 0.447181
0 0.0617721 0.311047 0.123544 0.602311
4 0.595047 0.354481 0.0327347 0.0722928
4 0.59349 0.331761 0.0418897 0.28528
4 0.941474 0.453722 0.117052 0.666165
4 0.0887548 0.823205 0.177427 0.337555
3 0.409377 0.741963 0.259892 0.516075
4 0.0945415 0.270323 0.0235218 0.0836031
4 0.582569 0.127954 0.760861 0.255908
2 0.478581 0.724585 0.116595 0.448078
0 0.1743 0.493279 0.13607 0.252411
4 0.461493 0.0981347 0.827595 0.196269
4 0.937595 0.742638 0.124811 0.447181
4 0.931357 0.137588 0.137287 0.275176
3 0.653915 0.627087 0.239915 0.594491
4 0.504954 0.723102 0.0733624 0.442208
4 0.557079 0.383189 0.162512 0.663474
2 0.52259 0.660541 0.100678 0.359679
4 0.0440962 0.807493 0.0881923 0.377684
0 0.285375 0.306288 0.538955 0.612577
4 0.754523 0.697443 0.490955 0.575406
0 0.124874 0.314302 0.249748 0.628604
2 0.0949201 0.309478 0.0256666 0.135762
2 0.0529524 0.397877 0.105905 0.445938
0 0.664954 0.447119 0.136681 0.437582
0 0.741277 0.0676415 0.517445 0.135283
4 0.59656 0.390898 0.12648 0.595394
4 0.248527 0.287667 0.497054 0.575094
0 0.27514 0.349017 0.262576 0.695316
4 0.60304 0.0673755 0.698427 0.134751
4 0.944073 0.235446 0.111855 0.408266
3 0.625347 0.441189 0.116806 0.223907
4 0.0854734 0.210422 0.170947 0.420844
3 0.471686 0.74219 0.189857 0.502755
4 0.887568 0.0767365 0.224864 0.153473
0 0.205852 0.387284 0.167347 0.459505
4 0.551253 0.328931 0.576895 0.657862
4 0.471686 0.74219 0.189857 0.502755
4 0.452896 0.348309 0.569348 0.696618
4 0.178446 0.799157 0.35515 0.379052
4 0.793239 0.0803445 0.413522 0.160689
2 0.273304 0.742824 0.484053 0.507774
4 0.406648 0.739998 0.259418 0.476381
4 0.332538 0.0925062 0.665075 0.185012
0 0.842896 0.185276 0.314208 0.370552
0 0.445267 0.401647 0.328056 0.757307
4 0.0795147 0.256093 0.159029 0.504023
0 0.0419238 0.323984 0.0838475 0.6022
4 0.159172 0.313006 0.318344 0.626012
0 0.204381 0.345931 0.229856 0.609831
4 0.52259 0.660541 0.100678 0.359679
4 0.946813 0.600255 0.106374 0.41229
4 0.0247907 0.686727 0.0495815 0.591547
4 0.687345 0.0850752 0.573761 0.17015
1 0.596299 0.399818 0.0423264 0.155405
1 0.59349 0.331761 0.0418897 0.28528
0 0.784007 0.210271 0.431987 0.420543
4 0.511653 0.587194 0.0731691 0.4655
0 0.433024 0.726817 0.278989 0.546366
4 0.651454 0.373245 0.117175 0.527123
1 0.0887548 0.823205 0.177427 0.337555
4 0.27514 0.349017 0.262576 0.695316
1 0.12468 0.811204 0.248329 0.363981
0 0.51644 0.730108 0.271204 0.539784
0 0.502647 0.653873 0.0740971 0.305549
1 0.502075 0.652544 0.0748073 0.303682
0 0.788192 0.760616 0.423617 0.459205
0 0.513438 0.714577 0.0899897 0.419137
0 0.595081 0.354373 0.032765 0.072069
0 0.0945516 0.270333 0.0235246 0.0836121
2 0.502075 0.652544 0.0748073 0.303682
0 0.565457 0.366106 0.0778103 0.104378
0 0.242184 0.786742 0.474271 0.402271
0 0.0890655 0.823225 0.178053 0.337528
0 0.522643 0.660585 0.100751 0.359715
0 0.178055 0.799275 0.354386 0.378821
0 0.0955269 0.231632 0.0284042 0.240736
0 0.316946 0.746939 0.412554 0.491918
4 0.502647 0.653873 0.0740971 0.305549
0 0.56324 0.74271 0.18344 0.478717
0 0.48857 0.672675 0.097981 0.340781
3 0.275118 0.349039 0.261979 0.695206
0 0.511668 0.587175 0.0731274 0.465347
3 0.445293 0.401735 0.327936 0.757296
0 0.643799 0.743676 0.344281 0.488355
0 0.124654 0.811313 0.248292 0.363796
3 0.204479 0.345979 0.229298 0.609747
3 0.865635 0.600747 0.268729 0.793494
3 0.33457 0.74918 0.391902 0.50164
0 0.940627 0.789847 0.118745 0.420305
0 0.0949334 0.30948 0.0256663 0.135392
3 0.515208 0.472272 0.117627 0.553533
3 0.420734 0.458147 0.214647 0.524546
1 0.513438 0.714577 0.0899897 0.419137
3 0.733569 0.327823 0.215453 0.574506
3 0.502647 0.653873 0.0740971 0.305549
3 0.610174 0.753128 0.276615 0.493744
3 0.911993 0.554937 0.176014 0.834482
4 0.56324 0.74271 0.18344 0.478717
3 0.821458 0.703847 0.357084 0.588076
0 0.132247 0.29257 0.0947535 0.144668
3 0.395018 0.368106 0.34574 0.720536
3 0.324096 0.41225 0.174975 0.508067
3 0.52374 0.557544 0.0878707 0.499478
3 0.797976 0.76376 0.403563 0.472481
3 0.158983 0.313139 0.317966 0.626278
0 0.478643 0.725193 0.116431 0.449271
3 0.432971 0.550923 0.159547 0.494224
3 0.254346 0.392695 0.205297 0.529744
3 0.556834 0.383301 0.162751 0.663426
3 0.675474 0.338656 0.121807 0.472411
3 0.226598 0.292737 0.453195 0.585156
0 0.371329 0.734659 0.302198 0.530682
3 0.596476 0.390963 0.126257 0.594974
3 0.784933 0.324519 0.312304 0.649039
3 0.674643 0.751049 0.410405 0.494389
0 0.596352 0.399783 0.0423567 0.155333
0 0.630954 0.457767 0.0963393 0.291448
3 0.917584 0.398653 0.164832 0.588823
3 0.225534 0.441332 0.112212 0.287649
3 0.603953 0.314799 0.577291 0.629598
3 0.726305 0.543806 0.240029 0.78937
3 0.651663 0.230244 0.545708 0.460489
3 0.914352 0.304124 0.171297 0.536667
3 0.848166 0.77798 0.303667 0.444039
3 0.173222 0.410617 0.127594 0.31341
3 0.26704 0.796932 0.451062 0.406137
3 0.346306 0.32426 0.55161 0.648521
3 0.0945516 0.270333 0.0235246 0.0836121
0 0.0223981 0.693909 0.0447962 0.502858
3 0.651653 0.373219 0.116559 0.526736
3 0.500945 0.342996 0.589658 0.685992
3 0.860976 0.315753 0.2358 0.54502
3 0.787278 0.539608 0.328175 0.919615
0 0.393646 0.492252 0.110293 0.366923
3 0.881006 0.447459 0.208135 0.64625
3 0.0794964 0.256402 0.158993 0.504546
3 0.355691 0.468593 0.0768174 0.312433
0 0.593548 0.331135 0.0418524 0.283547
3 0.947532 0.80528 0.104935 0.389439
4 0.779443 0.765645 0.441114 0.443385
3 0.0955269 0.231632 0.0284042 0.240736
3 0.246148 0.73808 0.485489 0.511693
3 0.745841 0.246369 0.470014 0.492738
0 0.101742 0.744861 0.203483 0.483701
3 0.843162 0.185668 0.313677 0.371337
3 0.389665 0.432063 0.144346 0.477853
4 0.520286 0.739726 0.104711 0.474168
3 0.549605 0.56452 0.101341 0.476413
3 0.516244 0.730079 0.270716 0.539842
3 0.205902 0.387194 0.167222 0.459142
3 0.603137 0.0680325 0.698241 0.136065
3 0.665178 0.447431 0.136259 0.435531
3 0.927853 0.788325 0.144295 0.42335
3 0.156261 0.328067 0.190498 0.568066
0 0.432971 0.550923 0.159547 0.494224
3 0.57879 0.750915 0.226352 0.49817
3 0.687497 0.085723 0.573334 0.171446
0 0.052406 0.394144 0.104812 0.401459
3 0.0949334 0.30948 0.0256663 0.135392
0 0.0548779 0.762331 0.109756 0.453765
3 0.595081 0.354373 0.032765 0.072069
0 0.406503 0.740054 0.259667 0.476446
3 0.29799 0.457754 0.0895377 0.294682
3 0.793384 0.0807444 0.413231 0.161489
3 0.779777 0.625896 0.440446 0.721184
0 0.549605 0.56452 0.101341 0.476413
3 0.511668 0.587175 0.0731274 0.465347
3 0.393646 0.492252 0.110293 0.366923
3 0.470839 0.63543 0.0995878 0.534713
3 0.123172 0.815956 0.244362 0.368088
3 0.135139 0.332554 0.112651 0.164488
3 0.94375 0.524857 0.1125 0.598802
0 0.0252713 0.532182 0.0505427 0.501545
3 0.940418 0.331806 0.119164 0.496064
0 0.560767 0.187765 0.808521 0.375531
3 0.741428 0.0681026 0.517144 0.136205
4 0.848166 0.77798 0.303667 0.444039
3 0.946818 0.600682 0.106364 0.412171
3 0.432913 0.726745 0.278785 0.546509
0 0.0849655 0.210974 0.169931 0.421947
2 0.513438 0.714577 0.0899897 0.419137
0 0.0434717 0.392386 0.0869434 0.538999
3 0.064095 0.473177 0.12819 0.398917
3 0.0849655 0.210974 0.169931 0.421947
0 0.947532 0.80528 0.104935 0.389439
3 0.347079 0.511751 0.109854 0.316412
0 0.52374 0.557544 0.0878707 0.499478
3 0.944058 0.235696 0.111885 0.409416
3 0.461404 0.0990694 0.826545 0.198139
3 0.564843 0.346487 0.0777739 0.28905
3 0.174483 0.492839 0.135915 0.251035
3 0.582714 0.129588 0.760805 0.259177
3 0.210599 0.245048 0.421199 0.490096
3 0.101742 0.744861 0.203483 0.483701
2 0.56324 0.74271 0.18344 0.478717
3 0.146754 0.268379 0.293507 0.536757
2 0.0945516 0.270333 0.0235246 0.0836121
3 0.10131 0.48448 0.20262 0.315508
0 0.675474 0.338656 0.121807 0.472411
0 0.596476 0.390963 0.126257 0.594974
3 0.306102 0.15731 0.612204 0.31462
3 0.937578 0.742793 0.124843 0.447355
1 0.81823 0.767527 0.36354 0.45958
3 0.332124 0.0932631 0.664248 0.186526
3 0.931588 0.137877 0.136824 0.275755
3 0.170473 0.801566 0.334652 0.396868
3 0.0466744 0.347301 0.0933488 0.540488
3 0.513438 0.714577 0.0899897 0.419137
0 0.470839 0.63543 0.0995878 0.534713
3 0.248058 0.468414 0.0792675 0.166392
3 0.522643 0.660585 0.100751 0.359715
0 0.406906 0.631692 0.113799 0.539278
3 0.562769 0.681316 0.177578 0.520311
0 0.165077 0.391175 0.141955 0.374133
0 0.135139 0.332554 0.112651 0.164488
3 0.565457 0.366106 0.0778103 0.104378
3 0.164132 0.767166 0.327928 0.450161
0 0.310721 0.114752 0.621442 0.229505
3 0.887889 0.0770013 0.224222 0.154003
0 0.625411 0.440722 0.11661 0.222847
3 0.406906 0.631692 0.113799 0.539278
0 0.564843 0.346487 0.0777739 0.28905
3 0.560767 0.187765 0.808521 0.375531
3 0.630954 0.457767 0.0963393 0.291448
3 0.0617782 0.31127 0.123556 0.6027
0 0.197814 0.737938 0.395629 0.501708
4 0.261591 0.748338 0.496669 0.496366
4 0.947532 0.80528 0.104935 0.389439
0 0.26704 0.796932 0.451062 0.406137
3 0.297672 0.480095 0.0969313 0.218862
3 0.0223981 0.693909 0.0447962 0.502858
0 0.848166 0.77798 0.303667 0.444039
0 0.687497 0.085723 0.573334 0.171446
0 0.944058 0.235696 0.111885 0.409416
1 0.216185 0.804911 0.429274 0.375471
0 0.248058 0.468414 0.0792675 0.166392
0 0.603137 0.0680325 0.698241 0.136065
0 0.461404 0.0990694 0.826545 0.198139
3 0.596352 0.399783 0.0423567 0.155333
4 0.616755 0.751128 0.288561 0.47338
0 0.390518 0.346737 0.594257 0.693475
0 0.273397 0.239323 0.546794 0.478646
0 0.297672 0.480095 0.0969313 0.218862
0 0.582714 0.129588 0.760805 0.259177
4 0.0472563 0.816987 0.0945126 0.366026
3 0.132724 0.325266 0.112883 0.50363
0 0.651653 0.373219 0.116559 0.526736
0 0.931588 0.137877 0.136824 0.275755
4 0.578168 0.736975 0.259657 0.526051
0 0.887889 0.0770013 0.224222 0.154003
3 0.052406 0.394144 0.104812 0.401459
0 0.348839 0.358666 0.331861 0.711138
0 0.0442044 0.807538 0.0884088 0.377628
0 0.250128 0.712989 0.414191 0.562797
0 0.0383413 0.722508 0.0766825 0.544648
4 0.516244 0.730079 0.270716 0.539842
0 0.347079 0.511751 0.109854 0.316412
0 0.556834 0.383301 0.162751 0.663426
3 0.084235 0.674498 0.16847 0.563268
0 0.471443 0.74224 0.189978 0.50282
0 0.377399 0.0884624 0.754797 0.176925
0 0.355691 0.468593 0.0768174 0.312433
0 0.084235 0.674498 0.16847 0.563268
0 0.754778 0.697835 0.490444 0.574812
3 0.48651 0.723052 0.0989321 0.484222
2 0.406503 0.740054 0.259667 0.476446
3 0.48857 0.672675 0.097981 0.340781
2 0.0955269 0.231632 0.0284042 0.240736
3 0.0371117 0.305752 0.0742234 0.611504
1 0.316946 0.746939 0.412554 0.491918
4 0.940627 0.789847 0.118745 0.420305
4 0.315554 0.766399 0.39141 0.467202
0 0.0371117 0.305752 0.0742234 0.611504
3 0.132247 0.29257 0.0947535 0.144668
4 0.22973 0.806219 0.450613 0.387563
4 0.674643 0.751049 0.410405 0.494389
0 0.156261 0.328067 0.190498 0.568066
0 0.578168 0.736975 0.259657 0.526051
0 0.0794964 0.256402 0.158993 0.504546
3 0.638765 0.395504 0.0949018 0.457533
4 0.0955269 0.231632 0.0284042 0.240736
3 0.593548 0.331135 0.0418524 0.283547
3 0.0417598 0.766362 0.0835195 0.459498
3 0.0585131 0.744101 0.117026 0.444918
3 0.0252713 0.532182 0.0505427 0.501545
4 0.123172 0.815956 0.244362 0.368088
4 0.432913 0.726745 0.278785 0.546509
2 0.595081 0.354373 0.032765 0.072069
0 0.146754 0.268379 0.293507 0.536757
0 0.940418 0.331806 0.119164 0.496064
4 0.645174 0.764291 0.30755 0.471418
0 0.94149 0.454453 0.11702 0.66696
4 0.560767 0.187765 0.808521 0.375531
0 0.132724 0.325266 0.112883 0.50363
4 0.940418 0.331806 0.119164 0.496064
3 0.0472563 0.816987 0.0945126 0.366026
0 0.793384 0.0807444 0.413231 0.161489
0 0.064095 0.473177 0.12819 0.398917
0 0.0472563 0.816987 0.0945126 0.366026
4 0.346306 0.32426 0.55161 0.648521
4 0.595081 0.354373 0.032765 0.072069
4 0.593548 0.331135 0.0418524 0.283547
4 0.0890655 0.823225 0.178053 0.337528
4 0.94149 0.454453 0.11702 0.66696
3 0.409197 0.74195 0.260085 0.5161
4 0.0945516 0.270333 0.0235246 0.0836121
0 0.937578 0.742793 0.124843 0.447355
0 0.0617782 0.31127 0.123556 0.6027
4 0.582714 0.129588 0.760805 0.259177
2 0.478643 0.725193 0.116431 0.449271
4 0.461404 0.0990694 0.826545 0.198139
4 0.937578 0.742793 0.124843 0.447355
4 0.931588 0.137877 0.136824 0.275755
3 0.653895 0.626692 0.23885 0.593
4 0.556834 0.383301 0.162751 0.663426
4 0.50496 0.723068 0.0733571 0.442097
4 0.0442044 0.807538 0.0884088 0.377628
2 0.522643 0.660585 0.100751 0.359715
0 0.29799 0.457754 0.0895377 0.294682
4 0.754778 0.697835 0.490444 0.574812
0 0.174483 0.492839 0.135915 0.251035
2 0.0949334 0.30948 0.0256663 0.135392
2 0.0529507 0.398208 0.105901 0.44531
4 0.248507 0.288274 0.497014 0.576301
0 0.285433 0.306582 0.53866 0.613164
4 0.596476 0.390963 0.126257 0.594974
4 0.603137 0.0680325 0.698241 0.136065
4 0.944058 0.235696 0.111885 0.409416
0 0.124778 0.314482 0.249557 0.628965
3 0.625411 0.440722 0.11661 0.222847
3 0.471443 0.74224 0.189978 0.50282
4 0.0849655 0.210974 0.169931 0.421947
4 0.887889 0.0770013 0.224222 0.154003
0 0.665178 0.447431 0.136259 0.435531
0 0.741428 0.0681026 0.517144 0.136205
0 0.275118 0.349039 0.261979 0.695206
4 0.551267 0.328891 0.576385 0.657782
4 0.178055 0.799275 0.354386 0.378821
4 0.452925 0.348474 0.568889 0.696949
4 0.471443 0.74224 0.189978 0.50282
4 0.793384 0.0807444 0.413231 0.161489
2 0.273259 0.742813 0.484089 0.50787
4 0.406503 0.740054 0.259667 0.476446
0 0.205902 0.387194 0.167222 0.459142
4 0.332124 0.0932631 0.664248 0.186526
4 0.0794964 0.256402 0.158993 0.504546
4 0.158983 0.313139 0.317966 0.626278
4 0.946818 0.600682 0.106364 0.412171
4 0.522643 0.660585 0.100751 0.359715
4 0.0248243 0.686887 0.0496486 0.591366
3 0.241633 0.811628 0.476904 0.365652
4 0.687497 0.085723 0.573334 0.171446
0 0.843162 0.185668 0.313677 0.371337
0 0.445293 0.401735 0.327936 0.757296
1 0.596352 0.399783 0.0423567 0.155333
4 0.511668 0.587175 0.0731274 0.465347
1 0.593548 0.331135 0.0418524 0.283547
0 0.204479 0.345979 0.229298 0.609747
0 0.0418992 0.324053 0.0837983 0.602056
4 0.651653 0.373219 0.116559 0.526736
4 0.275118 0.349039 0.261979 0.695206
1 0.0890655 0.823225 0.178053 0.337528
3 0.0565337 0.562235 0.113067 0.454334
