0 0.577083 0.692154 0.282955 0.35391
0 0.279956 0.534046 0.116969 0.0458247
1 0.570242 0.689961 0.290068 0.384195
0 0.878325 0.522038 0.103137 0.0635994
0 0.61048 0.713183 0.370725 0.36217
0 0.88106 0.445698 0.102165 0.218125
0 0.511141 0.694415 0.141632 0.36942
0 0.284062 0.523972 0.113316 0.0665468
0 0.522339 0.640895 0.161467 0.339866
2 0.570313 0.695697 0.290413 0.371702
0 0.510523 0.526739 0.135887 0.104162
0 0.0428939 0.494972 0.0666934 0.0438515
0 0.8337 0.787043 0.3326 0.415208
0 0.870323 0.526797 0.106125 0.0503016
0 0.884724 0.414136 0.10327 0.297874
0 0.486107 0.758991 0.463757 0.438736
4 0.570242 0.689961 0.290068 0.384195
3 0.653867 0.75213 0.45906 0.4544
0 0.283985 0.464076 0.115792 0.187228
3 0.514678 0.437699 0.515193 0.875399
4 0.653867 0.75213 0.45906 0.4544
0 0.278569 0.562451 0.140384 0.125039
0 0.279306 0.572644 0.234981 0.152955
0 0.910233 0.518333 0.179535 0.067561
0 0.472348 0.0250769 0.913009 0.0501538
0 0.280082 0.570551 0.110457 0.123687
3 0.383368 0.449193 0.523955 0.898386
0 0.868501 0.690375 0.142731 0.415967
0 0.135477 0.771539 0.269192 0.444427
0 0.572429 0.730432 0.321744 0.539136
0 0.299624 0.741634 0.532083 0.516732
0 0.0231753 0.608413 0.0463506 0.314802
2 0.878325 0.522038 0.103137 0.0635994
3 0.149333 0.467127 0.298666 0.934255
3 0.612387 0.75936 0.364717 0.481279
3 0.820944 0.635708 0.223811 0.448302
0 0.296533 0.523022 0.153272 0.0709057
0 0.433395 0.218664 0.841372 0.437327
4 0.612387 0.75936 0.364717 0.481279
0 0.219591 0.762296 0.431271 0.459524
3 0.634626 0.466067 0.494129 0.901905
3 0.740898 0.770304 0.502317 0.459392
2 0.88106 0.445698 0.102165 0.218125
3 0.527963 0.572119 0.176595 0.415723
0 0.88968 0.579544 0.140516 0.187114
3 0.737987 0.590584 0.322028 0.712071
3 0.243322 0.587503 0.168914 0.452907
4 0.88106 0.445698 0.102165 0.218125
0 0.322716 0.0292424 0.640218 0.0584848
0 0.820944 0.635708 0.223811 0.448302
3 0.607138 0.476066 0.331595 0.840197
3 0.735299 0.470693 0.397596 0.837905
0 0.604652 0.0234254 0.783988 0.0468508
0 0.0437912 0.451019 0.0674857 0.128778
3 0.905009 0.640922 0.189982 0.718157
3 0.103645 0.424824 0.20729 0.849649
0 0.930718 0.789638 0.138565 0.420725
3 0.245703 0.342363 0.231959 0.651014
3 0.249845 0.799924 0.444392 0.400151
0 0.0212444 0.460214 0.0424888 0.194857
0 0.0708223 0.645655 0.129251 0.367108
3 0.912859 0.532562 0.174281 0.302812
3 0.616803 0.374573 0.719484 0.749146
3 0.105304 0.731753 0.20618 0.510662
0 0.217945 0.0838799 0.435891 0.16776
3 0.865881 0.571113 0.268238 0.178008
3 0.830717 0.778634 0.334843 0.442733
3 0.782333 0.317883 0.435334 0.635766
3 0.36452 0.581107 0.318685 0.207145
3 0.57724 0.694276 0.276902 0.385362
3 0.884724 0.414136 0.10327 0.297874
3 0.87527 0.310828 0.23345 0.621656
0 0.0919975 0.774002 0.183995 0.438021
3 0.69841 0.328442 0.60318 0.656884
3 0.284062 0.523972 0.113316 0.0665468
3 0.342336 0.790073 0.519267 0.419855
3 0.217945 0.0838799 0.435891 0.16776
3 0.922404 0.714018 0.155191 0.571964
3 0.165982 0.313219 0.327047 0.626437
3 0.135477 0.771539 0.269192 0.444427
1 0.88968 0.579544 0.140516 0.187114
4 0.878325 0.522038 0.103137 0.0635994
3 0.345669 0.325726 0.605015 0.651451
3 0.120487 0.537241 0.240975 0.869037
3 0.516265 0.288461 0.755679 0.576923
4 0.834402 0.789304 0.331195 0.411893
0 0.398432 0.776504 0.621703 0.405691
3 0.161418 0.809754 0.307277 0.380492
3 0.148906 0.218809 0.293908 0.437294
0 0.259777 0.568282 0.151291 0.202556
3 0.932746 0.790486 0.134509 0.419029
3 0.92439 0.342544 0.151221 0.662927
1 0.878325 0.522038 0.103137 0.0635994
4 0.547308 0.747273 0.294806 0.505454
4 0.284062 0.523972 0.113316 0.0665468
0 0.36452 0.581107 0.318685 0.207145
3 0.259777 0.568282 0.151291 0.202556
3 0.644709 0.0550446 0.710583 0.110089
3 0.472348 0.0250769 0.913009 0.0501538
1 0.88106 0.445698 0.102165 0.218125
3 0.758338 0.710537 0.299015 0.5309
3 0.287563 0.0370285 0.575126 0.0740569
3 0.358272 0.401943 0.302705 0.787566
3 0.914292 0.411646 0.171415 0.534592
3 0.742645 0.121219 0.514711 0.242438
3 0.627537 0.0312901 0.744926 0.0625802
3 0.497827 0.313205 0.557215 0.62641
3 0.684411 0.0880284 0.631179 0.176057
0 0.51512 0.274232 0.863398 0.548463
4 0.575886 0.70394 0.361359 0.592121
0 0.909513 0.772528 0.180975 0.451545
4 0.283985 0.464076 0.115792 0.187228
3 0.0253776 0.249176 0.0507553 0.498351
3 0.296533 0.523022 0.153272 0.0709057
0 0.0221484 0.702891 0.0442967 0.594219
4 0.541221 0.0276411 0.849857 0.0552822
3 0.279306 0.572644 0.234981 0.152955
3 0.275176 0.250699 0.544194 0.501398
0 0.805365 0.105311 0.38927 0.210623
3 0.265611 0.0549325 0.531222 0.109865
3 0.0184952 0.291961 0.0369904 0.583921
3 0.128072 0.216314 0.256144 0.432629
0 0.644709 0.0550446 0.710583 0.110089
3 0.0231753 0.608413 0.0463506 0.314802
3 0.878325 0.522038 0.103137 0.0635994
2 0.547308 0.747273 0.294806 0.505454
0 0.684411 0.0880284 0.631179 0.176057
0 0.742645 0.121219 0.514711 0.242438
3 0.0708223 0.645655 0.129251 0.367108
3 0.283985 0.464076 0.115792 0.187228
3 0.862832 0.287081 0.274336 0.574162
0 0.0544738 0.73947 0.108948 0.50695
3 0.299624 0.741634 0.532083 0.516732
0 0.0161681 0.348303 0.0323361 0.501889
2 0.812099 0.731982 0.304032 0.523882
3 0.520965 0.467578 0.167756 0.249449
0 0.52513 0.4913 0.165117 0.228696
4 0.342336 0.790073 0.519267 0.419855
3 0.0438807 0.346353 0.0877614 0.480088
3 0.0667395 0.490192 0.111092 0.205127
4 0.433395 0.218664 0.841372 0.437327
4 0.219591 0.762296 0.431271 0.459524
3 0.833094 0.710248 0.333812 0.579504
3 0.408352 0.736114 0.547553 0.527771
0 0.0245052 0.724605 0.0490104 0.55079
4 0.884724 0.414136 0.10327 0.297874
4 0.932746 0.790486 0.134509 0.419029
3 0.529318 0.670861 0.192173 0.405306
4 0.740898 0.770304 0.502317 0.459392
3 0.805365 0.105311 0.38927 0.210623
4 0.833094 0.710248 0.333812 0.579504
3 0.0410366 0.686153 0.0795855 0.443041
3 0.0266467 0.768943 0.0532935 0.462114
0 0.932746 0.790486 0.134509 0.419029
3 0.0245213 0.704699 0.0490426 0.563699
4 0.158362 0.770048 0.314549 0.441544
3 0.0212444 0.460214 0.0424888 0.194857
3 0.486879 0.770231 0.405932 0.459539
4 0.922404 0.714018 0.155191 0.571964
4 0.486879 0.770231 0.405932 0.459539
4 0.905009 0.640922 0.189982 0.718157
0 0.12323 0.711881 0.24646 0.535492
0 0.265611 0.0549325 0.531222 0.109865
4 0.51512 0.274232 0.863398 0.548463
3 0.930718 0.789638 0.138565 0.420725
4 0.514678 0.437699 0.515193 0.875399
3 0.0161681 0.348303 0.0323361 0.501889
3 0.0316176 0.808878 0.0632352 0.382244
3 0.303206 0.483296 0.14609 0.216775
0 0.408352 0.736114 0.547553 0.527771
0 0.914292 0.411646 0.171415 0.534592
0 0.0667395 0.490192 0.111092 0.205127
4 0.0919975 0.774002 0.183995 0.438021
3 0.171724 0.192786 0.343448 0.385572
0 0.0410366 0.686153 0.0795855 0.443041
3 0.224203 0.206435 0.448406 0.412869
3 0.0544738 0.73947 0.108948 0.50695
4 0.249845 0.799924 0.444392 0.400151
2 0.284062 0.523972 0.113316 0.0665468
2 0.283985 0.464076 0.115792 0.187228
1 0.284062 0.523972 0.113316 0.0665468
3 0.278569 0.562451 0.140384 0.125039
1 0.834082 0.787841 0.331835 0.41505
0 0.748946 0.34765 0.452984 0.682247
4 0.930718 0.789638 0.138565 0.420725
0 0.528463 0.383367 0.557922 0.766734
3 0.280082 0.570551 0.110457 0.123687
4 0.364993 0.0286961 0.725187 0.0573923
2 0.486879 0.770231 0.405932 0.459539
4 0.227186 0.306242 0.446722 0.612485
4 0.914292 0.411646 0.171415 0.534592
0 0.758338 0.710537 0.299015 0.5309
0 0.107042 0.803495 0.214084 0.39301
4 0.299624 0.741634 0.532083 0.516732
4 0.161418 0.809754 0.307277 0.380492
0 0.402365 0.78914 0.537338 0.42172
4 0.69841 0.328442 0.60318 0.656884
3 0.909513 0.772528 0.180975 0.451545
0 0.929805 0.315983 0.14039 0.631967
3 0.358186 0.210198 0.704153 0.420395
4 0.0437912 0.451019 0.0674857 0.128778
3 0.910233 0.518333 0.179535 0.067561
2 0.299624 0.741634 0.532083 0.516732
2 0.178436 0.74796 0.335823 0.498911
4 0.921209 0.365341 0.157583 0.691459
4 0.748946 0.34765 0.452984 0.682247
4 0.479009 0.282867 0.61085 0.565734
0 0.0280263 0.799635 0.0560527 0.400731
0 0.570976 0.443585 0.412813 0.88717
3 0.219591 0.762296 0.431271 0.459524
0 0.912859 0.532562 0.174281 0.302812
3 0.547308 0.747273 0.294806 0.505454
4 0.644709 0.0550446 0.710583 0.110089
1 0.283985 0.464076 0.115792 0.187228
0 0.227186 0.306242 0.446722 0.612485
0 0.527963 0.572119 0.176595 0.415723
4 0.217945 0.0838799 0.435891 0.16776
0 0.245703 0.342363 0.231959 0.651014
4 0.287563 0.0370285 0.575126 0.0740569
3 0.0428939 0.494972 0.0666934 0.0438515
1 0.278569 0.562451 0.140384 0.125039
4 0.0316176 0.808878 0.0632352 0.382244
4 0.245703 0.342363 0.231959 0.651014
4 0.742645 0.121219 0.514711 0.242438
4 0.408352 0.736114 0.547553 0.527771
3 0.105971 0.211162 0.211941 0.421084
3 0.0437912 0.451019 0.0674857 0.128778
3 0.0946066 0.28584 0.189213 0.571679
0 0.807107 0.326929 0.385786 0.653859
4 0.0428939 0.494972 0.0666934 0.0438515
4 0.805365 0.105311 0.38927 0.210623
0 0.69841 0.328442 0.60318 0.656884
4 0.684411 0.0880284 0.631179 0.176057
0 0.712662 0.741538 0.574675 0.504119
4 0.27174 0.208164 0.54348 0.416327
4 0.326656 0.436947 0.437708 0.873893
0 0.479009 0.282867 0.61085 0.565734
4 0.0544738 0.73947 0.108948 0.50695
1 0.171916 0.796212 0.335684 0.397469
4 0.0438807 0.346353 0.0877614 0.480088
0 0.862832 0.287081 0.274336 0.574162
3 0.347759 0.724005 0.365307 0.465949
2 0.522339 0.640895 0.161467 0.339866
4 0.0161681 0.348303 0.0323361 0.501889
4 0.280082 0.570551 0.110457 0.123687
4 0.909513 0.772528 0.180975 0.451545
1 0.529318 0.670861 0.192173 0.405306
4 0.171724 0.192786 0.343448 0.385572
0 0.649239 0.435539 0.598463 0.871077
0 0.0316176 0.808878 0.0632352 0.382244
0 0.922404 0.714018 0.155191 0.571964
1 0.511141 0.694415 0.141632 0.36942
4 0.128072 0.216314 0.256144 0.432629
4 0.205473 0.237788 0.398291 0.475577
3 0.88106 0.445698 0.102165 0.218125
4 0.862832 0.287081 0.274336 0.574162
4 0.0253776 0.249176 0.0507553 0.498351
4 0.0184952 0.291961 0.0369904 0.583921
3 0.88968 0.579544 0.140516 0.187114
4 0.344219 0.269757 0.601301 0.539514
4 0.265611 0.0549325 0.531222 0.109865
0 0.865881 0.571113 0.268238 0.178008
4 0.0280263 0.799635 0.0560527 0.400731
0 0.0253776 0.249176 0.0507553 0.498351
4 0.807107 0.326929 0.385786 0.653859
4 0.0245052 0.724605 0.0490104 0.55079
4 0.868501 0.690375 0.142731 0.415967
4 0.527963 0.572119 0.176595 0.415723
0 0.128072 0.216314 0.256144 0.432629
4 0.107042 0.803495 0.214084 0.39301
4 0.616803 0.374573 0.719484 0.749146
0 0.0184952 0.291961 0.0369904 0.583921
4 0.520965 0.467578 0.167756 0.249449
4 0.148906 0.218809 0.293908 0.437294
3 0.107042 0.803495 0.214084 0.39301
4 0.0212444 0.460214 0.0424888 0.194857
4 0.105971 0.211162 0.211941 0.421084
0 0.249845 0.799924 0.444392 0.400151
4 0.89446 0.32023 0.211081 0.64046
0 0.89446 0.32023 0.211081 0.64046
4 0.0946066 0.28584 0.189213 0.571679
4 0.529318 0.670861 0.192173 0.405306
0 0.347759 0.724005 0.365307 0.465949
2 0.279306 0.572644 0.234981 0.152955
4 0.278569 0.562451 0.140384 0.125039
0 0.27174 0.208164 0.54348 0.416327
3 0.61048 0.713183 0.370725 0.36217
3 0.575886 0.70394 0.361359 0.592121
4 0.587877 0.439595 0.312015 0.879191
2 0.233038 0.760632 0.449812 0.453909
3 0.0776388 0.80101 0.15515 0.387703
2 0.915277 0.466954 0.169445 0.217691
4 0.0667395 0.490192 0.111092 0.205127
4 0.0410366 0.686153 0.0795855 0.443041
1 0.708417 0.744255 0.542619 0.497582
2 0.280082 0.570551 0.110457 0.123687
1 0.884724 0.414136 0.10327 0.297874
4 0.915277 0.466954 0.169445 0.217691
4 0.0221484 0.702891 0.0442967 0.594219
1 0.758338 0.710537 0.299015 0.5309
0 0.577098 0.692148 0.282981 0.353853
0 0.279956 0.53406 0.116966 0.0457993
1 0.570261 0.689957 0.290045 0.384159
0 0.87833 0.522043 0.103164 0.0635818
0 0.609727 0.713214 0.369205 0.362045
0 0.88106 0.445695 0.102192 0.218104
0 0.51112 0.694448 0.14157 0.369396
0 0.284066 0.523964 0.113366 0.0665433
0 0.522345 0.642548 0.161531 0.343139
2 0.570334 0.695711 0.290373 0.371695
0 0.510467 0.527096 0.13576 0.104786
0 0.0429511 0.494972 0.0666068 0.043755
0 0.833706 0.787064 0.332588 0.415178
0 0.870315 0.526809 0.106112 0.0502871
0 0.884689 0.414166 0.103315 0.297836
4 0.570261 0.689957 0.290045 0.384159
0 0.487768 0.758983 0.460411 0.438656
3 0.653515 0.752138 0.458257 0.454404
3 0.51413 0.43778 0.51375 0.875559
0 0.28398 0.464103 0.115835 0.187184
4 0.653515 0.752138 0.458257 0.454404
0 0.278602 0.562481 0.14048 0.125065
0 0.279402 0.572648 0.235127 0.152955
0 0.910244 0.51835 0.179511 0.0675266
0 0.472125 0.0250101 0.912993 0.0500201
3 0.384431 0.449045 0.522131 0.898089
0 0.280094 0.570629 0.110443 0.123766
0 0.868624 0.690446 0.142268 0.415923
0 0.135433 0.7716 0.269101 0.444447
0 0.572281 0.730334 0.321493 0.539332
0 0.299173 0.741704 0.53118 0.516592
0 0.0232751 0.60728 0.0465502 0.312315
2 0.87833 0.522043 0.103164 0.0635818
3 0.1494 0.466984 0.298801 0.933968
3 0.612347 0.759325 0.364386 0.48135
3 0.820922 0.635396 0.223835 0.447053
4 0.612347 0.759325 0.364386 0.48135
0 0.296563 0.523005 0.15332 0.0708802
0 0.433507 0.210623 0.841148 0.421245
3 0.634255 0.466116 0.492496 0.901316
3 0.741206 0.770337 0.501486 0.459325
0 0.219513 0.762378 0.431158 0.459448
3 0.528036 0.573126 0.177132 0.418325
2 0.88106 0.445695 0.102192 0.218104
3 0.737824 0.591477 0.321319 0.709858
0 0.889673 0.579641 0.140356 0.187207
3 0.243479 0.587437 0.168549 0.45253
4 0.88106 0.445695 0.102192 0.218104
3 0.606854 0.4782 0.330501 0.835788
0 0.322777 0.0291215 0.640383 0.0582429
3 0.735943 0.47095 0.395848 0.83601
0 0.820922 0.635396 0.223835 0.447053
3 0.905004 0.64149 0.189992 0.71702
0 0.604788 0.0233495 0.783938 0.0466991
3 0.103754 0.42463 0.207508 0.84926
3 0.24544 0.342313 0.232666 0.653011
3 0.249264 0.799766 0.443093 0.400469
3 0.615604 0.374869 0.721353 0.749739
3 0.912835 0.532607 0.17433 0.304394
0 0.0438444 0.45098 0.0674066 0.128702
3 0.105472 0.731914 0.206506 0.510749
3 0.86599 0.571073 0.268019 0.177867
3 0.830765 0.778655 0.334703 0.442689
0 0.930993 0.789698 0.138015 0.420605
3 0.782391 0.318174 0.435217 0.636347
3 0.364358 0.581032 0.318445 0.206972
3 0.577196 0.694248 0.276998 0.385277
0 0.0213183 0.459979 0.0426367 0.194045
3 0.884689 0.414166 0.103315 0.297836
0 0.0708722 0.646058 0.129335 0.367698
3 0.875729 0.310954 0.232143 0.621908
0 0.218039 0.0831264 0.436078 0.166253
3 0.698109 0.328479 0.603782 0.656959
3 0.284066 0.523964 0.113366 0.0665433
3 0.34192 0.79001 0.517239 0.41998
3 0.218039 0.0831264 0.436078 0.166253
3 0.922505 0.714483 0.15499 0.571035
0 0.0923122 0.774009 0.184624 0.43803
3 0.135433 0.7716 0.269101 0.444447
3 0.165888 0.312477 0.326871 0.624954
1 0.889673 0.579641 0.140356 0.187207
4 0.87833 0.522043 0.103164 0.0635818
3 0.120377 0.539386 0.240754 0.863737
3 0.347226 0.323803 0.601852 0.647607
3 0.515972 0.288367 0.75475 0.576734
4 0.83441 0.789327 0.331181 0.41187
3 0.148899 0.218633 0.293894 0.436686
3 0.161354 0.809587 0.307019 0.380826
3 0.932944 0.790452 0.134112 0.419097
3 0.924386 0.342589 0.151228 0.663105
0 0.398611 0.77643 0.621412 0.405753
4 0.547372 0.747289 0.294674 0.505421
1 0.87833 0.522043 0.103164 0.0635818
4 0.284066 0.523964 0.113366 0.0665433
0 0.259804 0.568537 0.151271 0.202867
3 0.644495 0.0546165 0.71101 0.109233
3 0.259804 0.568537 0.151271 0.202867
3 0.501118 0.0270223 0.897523 0.0540446
3 0.758301 0.710482 0.298482 0.530412
1 0.88106 0.445695 0.102192 0.218104
3 0.287676 0.0368426 0.575351 0.0736853
0 0.364358 0.581032 0.318445 0.206972
3 0.358223 0.400672 0.302162 0.787834
3 0.914281 0.411795 0.171438 0.535272
3 0.742571 0.12055 0.514859 0.241099
3 0.627361 0.0310817 0.745279 0.0621634
3 0.684269 0.0872689 0.631461 0.174538
3 0.498502 0.311921 0.553176 0.623841
4 0.575826 0.703678 0.360968 0.592645
4 0.28398 0.464103 0.115835 0.187184
3 0.0255707 0.249149 0.0511414 0.498298
3 0.296563 0.523005 0.15332 0.0708802
0 0.514853 0.273564 0.86411 0.547127
4 0.541448 0.027416 0.8504 0.054832
0 0.909861 0.772596 0.180277 0.451393
3 0.274899 0.250192 0.543274 0.500384
3 0.279402 0.572648 0.235127 0.152955
0 0.024642 0.704956 0.0492841 0.563468
3 0.0186089 0.292163 0.0372177 0.584325
3 0.265641 0.0545466 0.531282 0.109093
3 0.129311 0.216317 0.258621 0.432634
3 0.0232751 0.60728 0.0465502 0.312315
3 0.365009 0.0286044 0.725275 0.0572088
3 0.87833 0.522043 0.103164 0.0635818
0 0.805324 0.104907 0.389351 0.209814
2 0.547372 0.747289 0.294674 0.505421
3 0.0708722 0.646058 0.129335 0.367698
0 0.644495 0.0546165 0.71101 0.109233
3 0.28398 0.464103 0.115835 0.187184
3 0.862844 0.287721 0.274313 0.575443
3 0.299173 0.741704 0.53118 0.516592
0 0.684269 0.0872689 0.631461 0.174538
2 0.811998 0.732035 0.303728 0.523779
3 0.521034 0.466938 0.167845 0.250414
0 0.742571 0.12055 0.514859 0.241099
4 0.34192 0.79001 0.517239 0.41998
3 0.0438936 0.346316 0.0877872 0.479849
4 0.433507 0.210623 0.841148 0.421245
3 0.0667754 0.490137 0.111022 0.204985
4 0.219513 0.762378 0.431158 0.459448
0 0.0545327 0.739525 0.109065 0.507031
3 0.833089 0.710254 0.333821 0.579493
3 0.408369 0.736145 0.546972 0.52771
4 0.884689 0.414166 0.103315 0.297836
0 0.0162229 0.348658 0.0324458 0.500479
0 0.525154 0.491929 0.165262 0.23005
4 0.932944 0.790452 0.134112 0.419097
3 0.529377 0.670902 0.192299 0.405329
4 0.741206 0.770337 0.501486 0.459325
3 0.805324 0.104907 0.389351 0.209814
3 0.0410523 0.686443 0.0795918 0.443415
4 0.833089 0.710254 0.333821 0.579493
0 0.0247278 0.724611 0.0494555 0.550779
4 0.158225 0.770129 0.31427 0.441407
3 0.0268651 0.768931 0.0537301 0.462138
3 0.024642 0.704956 0.0492841 0.563468
3 0.0213183 0.459979 0.0426367 0.194045
3 0.487766 0.770302 0.404228 0.459395
4 0.922505 0.714483 0.15499 0.571035
4 0.487766 0.770302 0.404228 0.459395
4 0.905004 0.64149 0.189992 0.71702
0 0.932944 0.790452 0.134112 0.419097
4 0.514853 0.273564 0.86411 0.547127
3 0.930993 0.789698 0.138015 0.420605
3 0.0162229 0.348658 0.0324458 0.500479
4 0.51413 0.43778 0.51375 0.875559
0 0.123296 0.71217 0.246591 0.535704
0 0.265641 0.0545466 0.531282 0.109093
3 0.0317165 0.808676 0.0634331 0.382648
3 0.303202 0.483413 0.146129 0.216944
4 0.0923122 0.774009 0.184624 0.43803
3 0.171665 0.192698 0.343331 0.385396
3 0.0545327 0.739525 0.109065 0.507031
3 0.223808 0.206218 0.447616 0.412435
0 0.408369 0.736145 0.546972 0.52771
4 0.249264 0.799766 0.443093 0.400469
0 0.914281 0.411795 0.171438 0.535272
0 0.0667754 0.490137 0.111022 0.204985
0 0.0410523 0.686443 0.0795918 0.443415
2 0.284066 0.523964 0.113366 0.0665433
2 0.28398 0.464103 0.115835 0.187184
3 0.278602 0.562481 0.14048 0.125065
1 0.284066 0.523964 0.113366 0.0665433
1 0.834084 0.78787 0.331832 0.415027
4 0.930993 0.789698 0.138015 0.420605
0 0.52941 0.380677 0.551777 0.761354
3 0.280094 0.570629 0.110443 0.123766
4 0.365009 0.0286044 0.725275 0.0572088
4 0.226873 0.305415 0.445899 0.610829
4 0.299173 0.741704 0.53118 0.516592
4 0.914281 0.411795 0.171438 0.535272
0 0.750001 0.347841 0.449887 0.681979
2 0.487766 0.770302 0.404228 0.459395
4 0.161354 0.809587 0.307019 0.380826
4 0.698109 0.328479 0.603782 0.656959
3 0.909861 0.772596 0.180277 0.451393
4 0.0438444 0.45098 0.0674066 0.128702
3 0.358668 0.20982 0.70514 0.419641
0 0.758301 0.710482 0.298482 0.530412
3 0.910244 0.51835 0.179511 0.0675266
2 0.299173 0.741704 0.53118 0.516592
4 0.480299 0.282875 0.605565 0.565749
4 0.921193 0.36559 0.157613 0.691689
4 0.750001 0.347841 0.449887 0.681979
2 0.178384 0.748063 0.336058 0.498954
0 0.107061 0.803129 0.214121 0.393742
3 0.219513 0.762378 0.431158 0.459448
4 0.644495 0.0546165 0.71101 0.109233
0 0.402891 0.789228 0.535577 0.421544
3 0.547372 0.747289 0.294674 0.505421
0 0.570641 0.443579 0.411266 0.887158
1 0.28398 0.464103 0.115835 0.187184
4 0.218039 0.0831264 0.436078 0.166253
0 0.929883 0.31651 0.140235 0.633021
3 0.0429511 0.494972 0.0666068 0.043755
4 0.287676 0.0368426 0.575351 0.0736853
1 0.278602 0.562481 0.14048 0.125065
4 0.0317165 0.808676 0.0634331 0.382648
0 0.0281827 0.799572 0.0563654 0.400857
0 0.226873 0.305415 0.445899 0.610829
0 0.912835 0.532607 0.17433 0.304394
4 0.24544 0.342313 0.232666 0.653011
4 0.742571 0.12055 0.514859 0.241099
3 0.106606 0.211075 0.213211 0.420713
4 0.408369 0.736145 0.546972 0.52771
0 0.528036 0.573126 0.177132 0.418325
3 0.0438444 0.45098 0.0674066 0.128702
0 0.24544 0.342313 0.232666 0.653011
3 0.0952708 0.285715 0.190542 0.57143
4 0.0429511 0.494972 0.0666068 0.043755
4 0.805324 0.104907 0.389351 0.209814
4 0.684269 0.0872689 0.631461 0.174538
4 0.272306 0.20786 0.544613 0.415721
4 0.327506 0.436837 0.437482 0.873673
4 0.0545327 0.739525 0.109065 0.507031
0 0.808148 0.327096 0.383704 0.654191
0 0.698109 0.328479 0.603782 0.656959
4 0.0438936 0.346316 0.0877872 0.479849
1 0.171653 0.796131 0.335124 0.397721
3 0.347595 0.724171 0.364768 0.466251
0 0.480299 0.282875 0.605565 0.565749
4 0.0162229 0.348658 0.0324458 0.500479
2 0.522345 0.642548 0.161531 0.343139
4 0.280094 0.570629 0.110443 0.123766
0 0.712651 0.741667 0.574697 0.504153
4 0.909861 0.772596 0.180277 0.451393
4 0.171665 0.192698 0.343331 0.385396
0 0.862844 0.287721 0.274313 0.575443
1 0.529377 0.670902 0.192299 0.405329
4 0.129311 0.216317 0.258621 0.432634
1 0.51112 0.694448 0.14157 0.369396
0 0.648663 0.435329 0.598246 0.870658
4 0.205169 0.237412 0.397608 0.474824
3 0.88106 0.445695 0.102192 0.218104
4 0.862844 0.287721 0.274313 0.575443
4 0.0255707 0.249149 0.0511414 0.498298
0 0.0317165 0.808676 0.0634331 0.382648
4 0.0186089 0.292163 0.0372177 0.584325
3 0.889673 0.579641 0.140356 0.187207
0 0.922505 0.714483 0.15499 0.571035
4 0.344828 0.269066 0.59861 0.538132
4 0.265641 0.0545466 0.531282 0.109093
4 0.0281827 0.799572 0.0563654 0.400857
4 0.808148 0.327096 0.383704 0.654191
4 0.0247278 0.724611 0.0494555 0.550779
4 0.868624 0.690446 0.142268 0.415923
4 0.107061 0.803129 0.214121 0.393742
4 0.528036 0.573126 0.177132 0.418325
4 0.521034 0.466938 0.167845 0.250414
4 0.148899 0.218633 0.293894 0.436686
4 0.615604 0.374869 0.721353 0.749739
0 0.86599 0.571073 0.268019 0.177867
4 0.106606 0.211075 0.213211 0.420713
3 0.107061 0.803129 0.214121 0.393742
4 0.0213183 0.459979 0.0426367 0.194045
0 0.0255707 0.249149 0.0511414 0.498298
4 0.894593 0.320581 0.210815 0.641162
0 0.129311 0.216317 0.258621 0.432634
4 0.0952708 0.285715 0.190542 0.57143
4 0.529377 0.670902 0.192299 0.405329
0 0.0186089 0.292163 0.0372177 0.584325
0 0.249264 0.799766 0.443093 0.400469
0 0.894593 0.320581 0.210815 0.641162
2 0.279402 0.572648 0.235127 0.152955
4 0.278602 0.562481 0.14048 0.125065
0 0.347595 0.724171 0.364768 0.466251
3 0.609727 0.713214 0.369205 0.362045
4 0.587687 0.439597 0.311795 0.879193
3 0.575826 0.703678 0.360968 0.592645
2 0.232934 0.760706 0.449651 0.453792
3 0.0778081 0.800728 0.155483 0.388294
0 0.272306 0.20786 0.544613 0.415721
4 0.0667754 0.490137 0.111022 0.204985
2 0.915264 0.467026 0.169472 0.217724
4 0.0410523 0.686443 0.0795918 0.443415
1 0.708265 0.744359 0.542346 0.497481
2 0.280094 0.570629 0.110443 0.123766
1 0.884689 0.414166 0.103315 0.297836
4 0.0223095 0.703024 0.0446191 0.593952
4 0.915264 0.467026 0.169472 0.217724
