0 0.807621 0.776462 0.384757 0.437403
3 0.693193 0.406104 0.02265 0.134788
0 0.71834 0.756257 0.254527 0.442889
0 0.693057 0.553451 0.0460022 0.419695
0 0.479247 0.764306 0.751266 0.445121
0 0.579829 0.0241641 0.840342 0.0483283
0 0.812145 0.497947 0.375711 0.995895
3 0.808586 0.501865 0.382829 0.996271
0 0.694342 0.40105 0.0490781 0.179718
0 0.43656 0.0427411 0.856012 0.0854822
3 0.617594 0.493455 0.764813 0.98691
4 0.810233 0.761179 0.379535 0.471784
0 0.074706 0.860442 0.149412 0.279116
3 0.559667 0.326132 0.880666 0.652263
0 0.814419 0.601028 0.291355 0.723725
0 0.513612 0.755268 0.45023 0.461459
0 0.697101 0.526051 0.0561563 0.195966
3 0.801348 0.758372 0.386603 0.483256
0 0.799306 0.264008 0.401387 0.52301
0 0.130911 0.848332 0.260142 0.301782
0 0.83146 0.692599 0.337079 0.593613
0 0.935463 0.737994 0.129075 0.514362
0 0.58409 0.0656753 0.831819 0.131351
0 0.744466 0.232547 0.511068 0.465093
3 0.864341 0.761085 0.271317 0.47783
3 0.693057 0.553451 0.0460022 0.419695
0 0.60533 0.125089 0.78934 0.250177
3 0.796259 0.231086 0.407482 0.462171
3 0.266326 0.495825 0.532652 0.99165
3 0.417293 0.772056 0.442974 0.455889
4 0.539552 0.764116 0.723142 0.471695
3 0.416264 0.488394 0.678246 0.976787
3 0.71834 0.756257 0.254527 0.442889
0 0.671157 0.225249 0.657685 0.450499
3 0.129023 0.513978 0.257625 0.948697
3 0.938078 0.741567 0.123845 0.516866
3 0.941564 0.803065 0.116872 0.39387
3 0.814419 0.601028 0.291355 0.723725
0 0.205582 0.821827 0.398892 0.345845
3 0.724439 0.184413 0.551123 0.368826
3 0.303389 0.79996 0.439404 0.40008
3 0.346975 0.576151 0.69395 0.818554
3 0.430241 0.753433 0.719545 0.473025
0 0.178246 0.162245 0.356493 0.32449
3 0.451081 0.594701 0.559534 0.763572
3 0.58409 0.0656753 0.831819 0.131351
3 0.597081 0.762668 0.50139 0.474664
4 0.58409 0.0656753 0.831819 0.131351
0 0.0906592 0.848909 0.181318 0.302182
3 0.0994559 0.457536 0.198912 0.900942
3 0.913898 0.513215 0.172204 0.97357
0 0.942537 0.789532 0.114927 0.420937
4 0.365931 0.768383 0.707408 0.45521
3 0.239855 0.817934 0.458359 0.364133
3 0.228465 0.30697 0.446734 0.593817
3 0.178246 0.162245 0.356493 0.32449
3 0.303332 0.0979211 0.606664 0.195842
0 0.403666 0.066517 0.807331 0.133034
3 0.41002 0.0563486 0.820041 0.112697
3 0.489365 0.765681 0.536436 0.468638
0 0.601302 0.761519 0.66879 0.449081
3 0.364922 0.294137 0.398775 0.572363
4 0.60533 0.125089 0.78934 0.250177
4 0.563391 0.0305769 0.873218 0.0611539
0 0.763983 0.119787 0.472033 0.239574
0 0.55577 0.161433 0.882856 0.322867
3 0.693939 0.764048 0.359469 0.471903
3 0.135932 0.760754 0.269638 0.465877
0 0.664349 0.587275 0.103522 0.504315
0 0.00780358 0.630631 0.0156072 0.738738
4 0.814355 0.489318 0.37129 0.977257
3 0.173462 0.822349 0.340178 0.355302
4 0.240165 0.756799 0.466102 0.473661
0 0.277245 0.75647 0.538572 0.469674
4 0.864341 0.761085 0.271317 0.47783
4 0.303389 0.79996 0.439404 0.40008
3 0.60533 0.125089 0.78934 0.250177
3 0.563136 0.021752 0.864373 0.0435039
4 0.941564 0.803065 0.116872 0.39387
3 0.131045 0.841681 0.261352 0.316639
4 0.782931 0.762016 0.349908 0.475967
3 0.00712705 0.768482 0.0142541 0.463035
0 0.166846 0.763144 0.331171 0.463075
3 0.498604 0.0336541 0.936776 0.0673082
3 0.513612 0.755268 0.45023 0.461459
4 0.935463 0.737994 0.129075 0.514362
0 0.00817169 0.673023 0.0163434 0.653954
3 0.132591 0.259574 0.265182 0.513885
3 0.697101 0.526051 0.0561563 0.195966
3 0.091002 0.256037 0.180195 0.482467
4 0.631599 0.199553 0.736802 0.399106
3 0.664349 0.587275 0.103522 0.504315
3 0.59105 0.56669 0.274598 0.606741
3 0.694342 0.40105 0.0490781 0.179718
3 0.928383 0.375417 0.143233 0.741262
0 0.567115 0.261802 0.86577 0.523604
0 0.432746 0.28822 0.55146 0.576441
0 0.303332 0.0979211 0.606664 0.195842
4 0.46177 0.768088 0.491925 0.463824
3 0.0086767 0.589092 0.0173534 0.773572
0 0.920368 0.602165 0.159264 0.795671
0 0.00712705 0.768482 0.0142541 0.463035
3 0.204229 0.755546 0.40099 0.476645
4 0.567115 0.261802 0.86577 0.523604
3 0.0565925 0.253766 0.113185 0.507532
3 0.837172 0.251352 0.325657 0.502703
4 0.762708 0.274829 0.474584 0.549659
4 0.542182 0.440117 0.913712 0.880235
4 0.55577 0.161433 0.882856 0.322867
0 0.242473 0.140106 0.484947 0.280212
3 0.763983 0.119787 0.472033 0.239574
3 0.0839095 0.626041 0.167819 0.713131
4 0.43656 0.0427411 0.856012 0.0854822
3 0.0336413 0.433847 0.0672825 0.86213
0 0.724439 0.184413 0.551123 0.368826
3 0.299411 0.762516 0.577742 0.463653
4 0.239855 0.817934 0.458359 0.364133
3 0.0189489 0.82377 0.0378978 0.352459
3 0.631599 0.199553 0.736802 0.399106
4 0.942537 0.789532 0.114927 0.420937
4 0.597081 0.762668 0.50139 0.474664
3 0.699534 0.772768 0.442842 0.438733
0 0.0819123 0.255916 0.163825 0.489799
3 0.0168953 0.473411 0.0337906 0.89732
3 0.0496779 0.319291 0.0993559 0.638582
0 0.673385 0.494501 0.0972555 0.258613
0 0.906451 0.248519 0.187098 0.481814
0 0.0189489 0.82377 0.0378978 0.352459
4 0.428808 0.281809 0.540055 0.556183
3 0.00817169 0.673023 0.0163434 0.653954
3 0.593927 0.769797 0.547107 0.445259
2 0.458929 0.763178 0.763527 0.455
3 0.40282 0.29811 0.773882 0.596219
0 0.0802162 0.776875 0.160432 0.444335
4 0.814419 0.601028 0.291355 0.723725
3 0.906451 0.248519 0.187098 0.481814
0 0.928383 0.375417 0.143233 0.741262
0 0.941564 0.803065 0.116872 0.39387
4 0.0189489 0.82377 0.0378978 0.352459
4 0.131045 0.841681 0.261352 0.316639
3 0.471074 0.251517 0.594407 0.498421
4 0.152372 0.502725 0.300379 0.988544
3 0.281613 0.241075 0.563226 0.48215
1 0.697101 0.526051 0.0561563 0.195966
4 0.693057 0.553451 0.0460022 0.419695
3 0.242473 0.140106 0.484947 0.280212
4 0.173462 0.822349 0.340178 0.355302
4 0.513612 0.755268 0.45023 0.461459
4 0.693939 0.764048 0.359469 0.471903
3 0.0681061 0.763729 0.136212 0.459492
4 0.364408 0.63631 0.720554 0.704413
4 0.913898 0.513215 0.172204 0.97357
4 0.435577 0.395329 0.658547 0.790657
4 0.0906592 0.848909 0.181318 0.302182
0 0.0565925 0.253766 0.113185 0.507532
0 0.699534 0.772768 0.442842 0.438733
2 0.673385 0.494501 0.0972555 0.258613
4 0.478489 0.304281 0.751739 0.608561
4 0.928383 0.375417 0.143233 0.741262
4 0.00780358 0.630631 0.0156072 0.738738
4 0.906451 0.248519 0.187098 0.481814
0 0.384631 0.720762 0.690665 0.533277
3 0.0829344 0.843763 0.16585 0.312475
0 0.837172 0.251352 0.325657 0.502703
0 0.597081 0.762668 0.50139 0.474664
4 0.71834 0.756257 0.254527 0.442889
4 0.178246 0.162245 0.356493 0.32449
4 0.0168953 0.473411 0.0337906 0.89732
3 0.55577 0.161433 0.882856 0.322867
0 0.864341 0.761085 0.271317 0.47783
4 0.694342 0.40105 0.0490781 0.179718
0 0.782931 0.762016 0.349908 0.475967
4 0.763983 0.119787 0.472033 0.239574
4 0.135932 0.760754 0.269638 0.465877
0 0.435577 0.395329 0.658547 0.790657
0 0.59105 0.56669 0.274598 0.606741
3 0.381779 0.447501 0.45571 0.895002
4 0.0681061 0.763729 0.136212 0.459492
2 0.693057 0.553451 0.0460022 0.419695
0 0.572006 0.46472 0.855988 0.92944
4 0.074706 0.860442 0.149412 0.279116
2 0.814419 0.601028 0.291355 0.723725
3 0.83146 0.692599 0.337079 0.593613
2 0.694342 0.40105 0.0490781 0.179718
4 0.0863088 0.234963 0.172618 0.469926
4 0.00817169 0.673023 0.0163434 0.653954
4 0.699534 0.772768 0.442842 0.438733
4 0.0336413 0.433847 0.0672825 0.86213
0 0.385679 0.302313 0.771357 0.604627
0 0.489365 0.765681 0.536436 0.468638
2 0.811253 0.763937 0.377494 0.463093
4 0.217732 0.511746 0.433988 0.940128
1 0.808503 0.754047 0.382995 0.491906
0 0.417293 0.772056 0.442974 0.455889
4 0.837172 0.251352 0.325657 0.502703
4 0.00712705 0.768482 0.0142541 0.463035
0 0.0107954 0.509973 0.0215908 0.823863
4 0.403666 0.066517 0.807331 0.133034
3 0.673385 0.494501 0.0972555 0.258613
4 0.0565925 0.253766 0.113185 0.507532
0 0.451081 0.594701 0.559534 0.763572
4 0.0994559 0.457536 0.198912 0.900942
4 0.242473 0.140106 0.484947 0.280212
0 0.298047 0.315701 0.583185 0.616509
4 0.724439 0.184413 0.551123 0.368826
2 0.814645 0.500148 0.37071 0.991056
4 0.30765 0.525155 0.611784 0.914233
4 0.59105 0.56669 0.274598 0.606741
2 0.478489 0.304281 0.751739 0.608561
4 0.0496779 0.319291 0.0993559 0.638582
1 0.762708 0.274829 0.474584 0.549659
0 0.239855 0.817934 0.458359 0.364133
1 0.71834 0.756257 0.254527 0.442889
1 0.17641 0.827524 0.348722 0.336911
1 0.693057 0.553451 0.0460022 0.419695
0 0.0336413 0.433847 0.0672825 0.86213
3 0.512974 0.245944 0.789346 0.491889
4 0.0839095 0.626041 0.167819 0.713131
0 0.217732 0.511746 0.433988 0.940128
1 0.629916 0.292033 0.740169 0.584065
0 0.693939 0.764048 0.359469 0.471903
0 0.0994559 0.457536 0.198912 0.900942
2 0.451081 0.594701 0.559534 0.763572
4 0.303332 0.0979211 0.606664 0.195842
4 0.664349 0.587275 0.103522 0.504315
4 0.673385 0.494501 0.0972555 0.258613
4 0.132591 0.259574 0.265182 0.513885
0 0.303389 0.79996 0.439404 0.40008
2 0.942537 0.789532 0.114927 0.420937
4 0.298047 0.315701 0.583185 0.616509
0 0.346975 0.576151 0.69395 0.818554
2 0.928383 0.375417 0.143233 0.741262
4 0.697101 0.526051 0.0561563 0.195966
2 0.0962801 0.248416 0.19256 0.482583
0 0.132591 0.259574 0.265182 0.513885
2 0.204229 0.755546 0.40099 0.476645
2 0.799306 0.264008 0.401387 0.52301
2 0.0906592 0.848909 0.181318 0.302182
2 0.336482 0.766502 0.658009 0.457065
2 0.228465 0.30697 0.446734 0.593817
1 0.828093 0.246058 0.343814 0.491262
4 0.451081 0.594701 0.559534 0.763572
2 0.926249 0.5 0.147502 1
0 0.0496779 0.319291 0.0993559 0.638582
2 0.541226 0.486262 0.880023 0.972523
1 0.130911 0.848332 0.260142 0.301782
2 0.131045 0.841681 0.261352 0.316639
2 0.19797 0.825294 0.392772 0.337104
2 0.744466 0.232547 0.511068 0.465093
1 0.601302 0.761519 0.66879 0.449081
1 0.226259 0.504667 0.452519 0.990666
2 0.135932 0.760754 0.269638 0.465877
1 0.938078 0.741567 0.123845 0.516866
4 0.0861711 0.295907 0.171038 0.578614
0 0.129023 0.513978 0.257625 0.948697
2 0.906451 0.248519 0.187098 0.481814
2 0.0938373 0.477154 0.187675 0.944925
2 0.782931 0.762016 0.349908 0.475967
4 0.170878 0.294872 0.337982 0.572146
2 0.364922 0.294137 0.398775 0.572363
0 0.170878 0.294872 0.337982 0.572146
1 0.513612 0.755268 0.45023 0.461459
2 0.941564 0.803065 0.116872 0.39387
2 0.83146 0.692599 0.337079 0.593613
1 0.074706 0.860442 0.149412 0.279116
2 0.0681061 0.763729 0.136212 0.459492
2 0.471074 0.251517 0.594407 0.498421
1 0.217513 0.3077 0.429618 0.600971
2 0.364408 0.63631 0.720554 0.704413
2 0.435577 0.395329 0.658547 0.790657
1 0.430241 0.753433 0.719545 0.473025
2 0.697101 0.526051 0.0561563 0.195966
2 0.607439 0.251793 0.785122 0.503585
1 0.60533 0.125089 0.78934 0.250177
4 0.381779 0.447501 0.45571 0.895002
1 0.694342 0.40105 0.0490781 0.179718
2 0.763983 0.119787 0.472033 0.239574
1 0.906451 0.248519 0.187098 0.481814
2 0.59105 0.56669 0.274598 0.606741
2 0.0189489 0.82377 0.0378978 0.352459
1 0.58409 0.0656753 0.831819 0.131351
2 0.71834 0.756257 0.254527 0.442889
2 0.352489 0.780155 0.442066 0.43969
2 0.226259 0.504667 0.452519 0.990666
1 0.091002 0.256037 0.180195 0.482467
2 0.597081 0.762668 0.50139 0.474664
2 0.693939 0.764048 0.359469 0.471903
2 0.281613 0.241075 0.563226 0.48215
2 0.00780358 0.630631 0.0156072 0.738738
2 0.178246 0.162245 0.356493 0.32449
1 0.152372 0.502725 0.300379 0.988544
1 0.00972515 0.8003 0.0194503 0.3994
1 0.0831427 0.433509 0.166285 0.839913
1 0.542182 0.440117 0.913712 0.880235
1 0.699534 0.772768 0.442842 0.438733
2 0.00972515 0.8003 0.0194503 0.3994
1 0.563391 0.0305769 0.873218 0.0611539
2 0.147668 0.304153 0.289392 0.596128
2 0.074706 0.860442 0.149412 0.279116
2 0.92397 0.727359 0.152059 0.5278
0 0.807613 0.776556 0.384774 0.437256
3 0.693196 0.406088 0.0226007 0.134727
0 0.714266 0.755314 0.243646 0.440622
0 0.692999 0.553632 0.0459937 0.420183
0 0.479547 0.764337 0.750735 0.445019
0 0.579468 0.0241945 0.841064 0.048389
0 0.812209 0.497953 0.375582 0.995906
3 0.808511 0.50192 0.382978 0.996159
0 0.694247 0.400534 0.0488808 0.178654
0 0.436431 0.04277 0.856046 0.08554
3 0.618094 0.493339 0.763812 0.986679
4 0.810284 0.761305 0.379432 0.471587
0 0.0747471 0.860614 0.149494 0.278772
3 0.559824 0.327838 0.880351 0.655677
0 0.811474 0.603075 0.285278 0.714142
0 0.514751 0.754346 0.447489 0.458579
3 0.801378 0.758348 0.386641 0.483303
0 0.697143 0.526324 0.0561111 0.194161
0 0.799418 0.264562 0.401163 0.524001
0 0.131106 0.848385 0.260523 0.301745
0 0.831563 0.693619 0.336875 0.591309
0 0.935524 0.738198 0.128951 0.514023
0 0.58381 0.0649586 0.832379 0.129917
3 0.864303 0.760995 0.271394 0.47801
3 0.692999 0.553632 0.0459937 0.420183
0 0.744919 0.232504 0.510162 0.465008
3 0.796364 0.230987 0.407272 0.461975
3 0.265662 0.496153 0.531324 0.992305
3 0.417396 0.772177 0.442694 0.455645
0 0.605068 0.122665 0.789864 0.24533
4 0.539721 0.764186 0.720633 0.471537
3 0.416586 0.488335 0.676968 0.976671
3 0.714266 0.755314 0.243646 0.440622
3 0.128789 0.514868 0.257169 0.947114
3 0.938062 0.741767 0.123875 0.516466
3 0.941639 0.803121 0.116722 0.393758
0 0.671136 0.22482 0.657729 0.449639
3 0.811474 0.603075 0.285278 0.714142
3 0.724533 0.183564 0.550935 0.367129
3 0.430263 0.753486 0.718219 0.472925
3 0.346281 0.577452 0.692562 0.815852
3 0.303219 0.800171 0.439671 0.399658
0 0.20526 0.821869 0.398215 0.345817
3 0.452956 0.596224 0.555418 0.759288
3 0.58381 0.0649586 0.832379 0.129917
3 0.59731 0.762668 0.500561 0.474664
0 0.177892 0.162623 0.355785 0.325245
4 0.58381 0.0649586 0.832379 0.129917
3 0.0991163 0.457947 0.198233 0.901807
3 0.913773 0.513072 0.172454 0.973855
4 0.365564 0.768382 0.706152 0.455212
3 0.228808 0.307166 0.447555 0.594404
0 0.090803 0.849028 0.181606 0.301943
3 0.239573 0.817978 0.45787 0.364044
3 0.177892 0.162623 0.355785 0.325245
3 0.303287 0.0978265 0.606574 0.195653
3 0.410137 0.0563646 0.820273 0.112729
0 0.942569 0.789624 0.114861 0.420753
3 0.489311 0.765719 0.535564 0.468562
0 0.404038 0.0666846 0.808077 0.133369
3 0.36492 0.294041 0.398423 0.57203
4 0.562922 0.0305182 0.874155 0.0610364
4 0.605068 0.122665 0.789864 0.24533
3 0.694175 0.764044 0.359196 0.471912
3 0.135494 0.760763 0.26878 0.466092
0 0.601714 0.761499 0.667908 0.449078
4 0.814425 0.489506 0.37115 0.977487
0 0.764017 0.119517 0.471967 0.239035
3 0.173473 0.822353 0.340191 0.355294
0 0.664549 0.586934 0.103159 0.502997
4 0.240034 0.756805 0.46588 0.473817
4 0.864303 0.760995 0.271394 0.47801
0 0.00786341 0.630431 0.0157268 0.739138
3 0.605068 0.122665 0.789864 0.24533
4 0.303219 0.800171 0.439671 0.399658
3 0.562548 0.021918 0.86559 0.0438359
4 0.941639 0.803121 0.116722 0.393758
3 0.131227 0.841685 0.261699 0.316629
3 0.00723993 0.768323 0.0144799 0.463353
4 0.783153 0.762019 0.350368 0.475961
3 0.498613 0.0338385 0.936651 0.067677
0 0.276643 0.756405 0.537357 0.469875
3 0.514751 0.754346 0.447489 0.458579
4 0.935524 0.738198 0.128951 0.514023
3 0.131283 0.259734 0.262566 0.513813
0 0.166592 0.763064 0.330663 0.463341
3 0.697143 0.526324 0.0561111 0.194161
3 0.0905641 0.255989 0.179361 0.482525
0 0.00828118 0.672845 0.0165624 0.65431
4 0.631373 0.198448 0.737255 0.396896
3 0.601588 0.567337 0.250969 0.59657
3 0.694247 0.400534 0.0488808 0.178654
3 0.664549 0.586934 0.103159 0.502997
3 0.928384 0.377362 0.143231 0.744832
4 0.461721 0.768148 0.491096 0.463703
3 0.00871512 0.58973 0.0174302 0.771886
0 0.566879 0.261315 0.866241 0.522631
0 0.432813 0.288204 0.551377 0.576344
0 0.303287 0.0978265 0.606574 0.195653
3 0.203899 0.755557 0.400372 0.476829
4 0.566879 0.261315 0.866241 0.522631
3 0.837218 0.252237 0.325565 0.504474
3 0.0572722 0.253883 0.114544 0.507765
4 0.542144 0.439577 0.913672 0.879154
4 0.763479 0.27545 0.473043 0.550901
0 0.920455 0.601542 0.159089 0.796917
3 0.764017 0.119517 0.471967 0.239035
3 0.0834148 0.629027 0.16683 0.706724
0 0.00723993 0.768323 0.0144799 0.463353
4 0.436431 0.04277 0.856046 0.08554
3 0.0338724 0.433543 0.0677447 0.861729
3 0.298733 0.762516 0.576245 0.463755
4 0.239573 0.817978 0.45787 0.364044
3 0.0190999 0.823797 0.0381997 0.352406
0 0.242606 0.140971 0.485212 0.281943
3 0.631373 0.198448 0.737255 0.396896
4 0.942569 0.789624 0.114861 0.420753
0 0.724533 0.183564 0.550935 0.367129
4 0.59731 0.762668 0.500561 0.474664
3 0.700216 0.772807 0.443385 0.438706
3 0.0169562 0.472889 0.0339125 0.896941
3 0.0501317 0.319791 0.100263 0.639582
0 0.0818399 0.255993 0.16368 0.490155
3 0.00828118 0.672845 0.0165624 0.65431
4 0.428872 0.281209 0.539965 0.554974
3 0.594014 0.769821 0.546779 0.445288
2 0.459141 0.763174 0.762821 0.455069
0 0.673629 0.49495 0.0968937 0.256442
0 0.906211 0.249843 0.187579 0.48487
0 0.0190999 0.823797 0.0381997 0.352406
3 0.402901 0.29797 0.772422 0.59594
3 0.906211 0.249843 0.187579 0.48487
4 0.0190999 0.823797 0.0381997 0.352406
4 0.811474 0.603075 0.285278 0.714142
1 0.697143 0.526324 0.0561111 0.194161
4 0.692999 0.553632 0.0459937 0.420183
3 0.470761 0.25081 0.593799 0.496928
4 0.131227 0.841685 0.261699 0.316629
4 0.150643 0.504116 0.297022 0.991196
3 0.282668 0.240884 0.565337 0.481768
4 0.173473 0.822353 0.340191 0.355294
4 0.694175 0.764044 0.359196 0.471912
0 0.080158 0.776804 0.160316 0.444503
3 0.242606 0.140971 0.485212 0.281943
0 0.928384 0.377362 0.143231 0.744832
0 0.941639 0.803121 0.116722 0.393758
4 0.514751 0.754346 0.447489 0.458579
3 0.0680195 0.763754 0.136039 0.459768
4 0.363989 0.636864 0.719204 0.703183
4 0.913773 0.513072 0.172454 0.973855
4 0.435083 0.39606 0.656196 0.792121
4 0.090803 0.849028 0.181606 0.301943
2 0.673629 0.49495 0.0968937 0.256442
4 0.477283 0.304417 0.748874 0.608834
4 0.928384 0.377362 0.143231 0.744832
4 0.00786341 0.630431 0.0157268 0.739138
0 0.0572722 0.253883 0.114544 0.507765
0 0.700216 0.772807 0.443385 0.438706
4 0.906211 0.249843 0.187579 0.48487
3 0.0830252 0.843955 0.166024 0.312091
4 0.714266 0.755314 0.243646 0.440622
4 0.177892 0.162623 0.355785 0.325245
4 0.0169562 0.472889 0.0339125 0.896941
4 0.694247 0.400534 0.0488808 0.178654
0 0.837218 0.252237 0.325565 0.504474
0 0.384943 0.720407 0.689582 0.533899
0 0.59731 0.762668 0.500561 0.474664
4 0.764017 0.119517 0.471967 0.239035
4 0.135494 0.760763 0.26878 0.466092
0 0.864303 0.760995 0.271394 0.47801
3 0.381809 0.447718 0.454423 0.895437
0 0.783153 0.762019 0.350368 0.475961
4 0.0680195 0.763754 0.136039 0.459768
2 0.692999 0.553632 0.0459937 0.420183
4 0.0747471 0.860614 0.149494 0.278772
2 0.694247 0.400534 0.0488808 0.178654
0 0.601588 0.567337 0.250969 0.59657
2 0.811474 0.603075 0.285278 0.714142
3 0.831563 0.693619 0.336875 0.591309
0 0.435083 0.39606 0.656196 0.792121
4 0.0958444 0.248091 0.191689 0.48188
4 0.00828118 0.672845 0.0165624 0.65431
4 0.700216 0.772807 0.443385 0.438706
4 0.0338724 0.433543 0.0677447 0.861729
0 0.573344 0.463798 0.853312 0.927596
2 0.811279 0.764087 0.377442 0.462813
4 0.217149 0.512649 0.432857 0.938425
0 0.385737 0.301923 0.771475 0.603845
1 0.808524 0.754015 0.382952 0.49197
0 0.489311 0.765719 0.535564 0.468562
4 0.837218 0.252237 0.325565 0.504474
4 0.00723993 0.768323 0.0144799 0.463353
4 0.404038 0.0666846 0.808077 0.133369
3 0.673629 0.49495 0.0968937 0.256442
0 0.417396 0.772177 0.442694 0.455645
0 0.0108211 0.509892 0.0216422 0.82305
4 0.0572722 0.253883 0.114544 0.507765
4 0.242606 0.140971 0.485212 0.281943
4 0.0991163 0.457947 0.198233 0.901807
4 0.724533 0.183564 0.550935 0.367129
0 0.452956 0.596224 0.555418 0.759288
2 0.815478 0.500805 0.369043 0.987858
4 0.601588 0.567337 0.250969 0.59657
4 0.306715 0.526429 0.609857 0.911695
2 0.477283 0.304417 0.748874 0.608834
0 0.298646 0.316297 0.584455 0.61762
4 0.0501317 0.319791 0.100263 0.639582
1 0.714266 0.755314 0.243646 0.440622
1 0.763479 0.27545 0.473043 0.550901
1 0.692999 0.553632 0.0459937 0.420183
1 0.176302 0.827555 0.348502 0.336944
0 0.239573 0.817978 0.45787 0.364044
3 0.513234 0.245299 0.789019 0.490598
4 0.0834148 0.629027 0.16683 0.706724
0 0.0338724 0.433543 0.0677447 0.861729
1 0.63017 0.292597 0.739659 0.585194
2 0.452956 0.596224 0.555418 0.759288
0 0.217149 0.512649 0.432857 0.938425
4 0.664549 0.586934 0.103159 0.502997
4 0.303287 0.0978265 0.606574 0.195653
0 0.694175 0.764044 0.359196 0.471912
4 0.673629 0.49495 0.0968937 0.256442
4 0.131283 0.259734 0.262566 0.513813
2 0.942569 0.789624 0.114861 0.420753
0 0.0991163 0.457947 0.198233 0.901807
4 0.298646 0.316297 0.584455 0.61762
0 0.303219 0.800171 0.439671 0.399658
4 0.697143 0.526324 0.0561111 0.194161
2 0.928384 0.377362 0.143231 0.744832
2 0.0958444 0.248091 0.191689 0.48188
0 0.346281 0.577452 0.692562 0.815852
2 0.203899 0.755557 0.400372 0.476829
2 0.090803 0.849028 0.181606 0.301943
0 0.131283 0.259734 0.262566 0.513813
2 0.799418 0.264562 0.401163 0.524001
2 0.228808 0.307166 0.447555 0.594404
2 0.33583 0.7665 0.656559 0.457097
1 0.828015 0.246492 0.34397 0.492033
4 0.452956 0.596224 0.555418 0.759288
2 0.926071 0.5 0.147858 1
2 0.529944 0.420269 0.924252 0.840538
1 0.131106 0.848385 0.260523 0.301745
2 0.131227 0.841685 0.261699 0.316629
2 0.19787 0.825359 0.392557 0.337082
2 0.744919 0.232504 0.510162 0.465008
1 0.601714 0.761499 0.667908 0.449078
1 0.225311 0.504757 0.450622 0.990486
2 0.135494 0.760763 0.26878 0.466092
1 0.938062 0.741767 0.123875 0.516466
0 0.0501317 0.319791 0.100263 0.639582
2 0.906211 0.249843 0.187579 0.48487
2 0.783153 0.762019 0.350368 0.475961
2 0.0936265 0.476657 0.187253 0.944753
4 0.169792 0.294811 0.335831 0.572134
0 0.128789 0.514868 0.257169 0.947114
2 0.36492 0.294041 0.398423 0.57203
2 0.831563 0.693619 0.336875 0.591309
1 0.514751 0.754346 0.447489 0.458579
2 0.941639 0.803121 0.116722 0.393758
1 0.0747471 0.860614 0.149494 0.278772
2 0.0680195 0.763754 0.136039 0.459768
0 0.169792 0.294811 0.335831 0.572134
2 0.470761 0.25081 0.593799 0.496928
1 0.216863 0.308104 0.428399 0.601519
2 0.363989 0.636864 0.719204 0.703183
2 0.435083 0.39606 0.656196 0.792121
2 0.697143 0.526324 0.0561111 0.194161
1 0.430263 0.753486 0.718219 0.472925
2 0.607384 0.251931 0.785231 0.503862
1 0.605068 0.122665 0.789864 0.24533
4 0.381809 0.447718 0.454423 0.895437
1 0.694247 0.400534 0.0488808 0.178654
2 0.764017 0.119517 0.471967 0.239035
2 0.601588 0.567337 0.250969 0.59657
1 0.906211 0.249843 0.187579 0.48487
2 0.0190999 0.823797 0.0381997 0.352406
1 0.58381 0.0649586 0.832379 0.129917
2 0.225311 0.504757 0.450622 0.990486
2 0.352601 0.780384 0.442269 0.439232
2 0.714266 0.755314 0.243646 0.440622
1 0.0905641 0.255989 0.179361 0.482525
2 0.59731 0.762668 0.500561 0.474664
2 0.694175 0.764044 0.359196 0.471912
2 0.282668 0.240884 0.565337 0.481768
2 0.00786341 0.630431 0.0157268 0.739138
2 0.177892 0.162623 0.355785 0.325245
1 0.009867 0.800296 0.019734 0.399409
1 0.150643 0.504116 0.297022 0.991196
1 0.0831024 0.433597 0.166205 0.840273
1 0.542144 0.439577 0.913672 0.879154
1 0.700216 0.772807 0.443385 0.438706
2 0.009867 0.800296 0.019734 0.399409
1 0.562922 0.0305182 0.874155 0.0610364
2 0.145775 0.304418 0.285664 0.596602
2 0.923964 0.727405 0.152071 0.528064
2 0.0747471 0.860614 0.149494 0.278772
2 0.292702 0.494586 0.585404 0.986419
2 0.242606 0.140971 0.485212 0.281943
2 0.0572722 0.253883 0.114544 0.507765
1 0.244149 0.809544 0.477647 0.365459
