0 0.574259 0.680657 0.227874 0.320556
1 0.569252 0.680418 0.216533 0.304776
0 0.450456 0.70279 0.463247 0.356067
0 0.429014 0.530944 0.0830822 0.0966506
0 0.842297 0.762881 0.315406 0.467741
0 0.42062 0.517071 0.078134 0.0689092
0 0.572676 0.746933 0.220404 0.424457
2 0.574296 0.67386 0.215857 0.34418
0 0.419374 0.599768 0.0859478 0.195884
0 0.402977 0.774097 0.526216 0.424004
0 0.561429 0.0293647 0.877042 0.0587294
4 0.575044 0.68563 0.229059 0.32854
0 0.174938 0.744058 0.348198 0.50269
3 0.627575 0.736307 0.319331 0.527385
3 0.602824 0.754858 0.271439 0.465876
3 0.441224 0.41158 0.467855 0.82316
4 0.602824 0.754858 0.271439 0.465876
3 0.450456 0.70279 0.463247 0.356067
3 0.618182 0.441764 0.525838 0.883527
3 0.580432 0.65915 0.219102 0.379689
0 0.0706777 0.278959 0.141355 0.547495
0 0.667322 0.0461728 0.665357 0.0923456
3 0.844179 0.714422 0.311641 0.569021
0 0.734657 0.717548 0.529887 0.426442
3 0.28912 0.489761 0.349104 0.937129
0 0.261288 0.741231 0.482057 0.513451
4 0.22318 0.736528 0.43651 0.515629
0 0.38601 0.0329909 0.77202 0.0659818
0 0.525444 0.277757 0.813379 0.555513
4 0.627575 0.736307 0.319331 0.527385
0 0.28843 0.790695 0.454906 0.395584
3 0.871264 0.520783 0.257472 0.958434
0 0.123322 0.739591 0.246645 0.513286
0 0.929083 0.762419 0.141834 0.474577
3 0.918309 0.557404 0.163381 0.877669
3 0.759431 0.505803 0.481137 0.988394
3 0.429 0.506873 0.0858062 0.25706
3 0.393994 0.7521 0.49702 0.495799
3 0.346 0.723821 0.241068 0.503045
3 0.804331 0.763761 0.372496 0.472477
3 0.23236 0.5 0.447782 1
3 0.60834 0.602211 0.173056 0.496115
3 0.196771 0.738371 0.389684 0.518089
4 0.725379 0.75639 0.516353 0.437152
3 0.0760453 0.289333 0.152091 0.577002
3 0.375464 0.788465 0.273876 0.423069
3 0.264604 0.787559 0.360815 0.424881
3 0.17484 0.802155 0.32084 0.395689
3 0.708725 0.0737202 0.582551 0.14744
3 0.635551 0.296753 0.723435 0.593505
3 0.939314 0.77566 0.121373 0.448681
0 0.543995 0.17087 0.81121 0.341739
0 0.776077 0.0708541 0.447846 0.141708
3 0.654468 0.5 0.687384 1
3 0.744351 0.275664 0.511297 0.551329
3 0.849409 0.357279 0.301181 0.714558
3 0.276977 0.28342 0.328854 0.565611
3 0.138467 0.275522 0.271394 0.539471
3 0.918264 0.654967 0.163471 0.617462
4 0.552125 0.743039 0.279854 0.513922
3 0.297538 0.119176 0.595076 0.238352
3 0.288506 0.238479 0.577012 0.476958
4 0.804331 0.763761 0.372496 0.472477
0 0.552125 0.743039 0.279854 0.513922
4 0.636225 0.0333094 0.727549 0.0666187
4 0.450282 0.77544 0.470664 0.427243
3 0.324955 0.797392 0.30541 0.388294
0 0.574504 0.573418 0.236668 0.533407
3 0.361813 0.424144 0.43633 0.848288
3 0.581363 0.431444 0.242794 0.813262
3 0.671487 0.710096 0.403311 0.401949
3 0.561429 0.0293647 0.877042 0.0587294
0 0.422182 0.473276 0.0804626 0.185588
3 0.32728 0.786463 0.292104 0.427073
3 0.918023 0.758072 0.163953 0.482095
0 0.334966 0.05156 0.669933 0.10312
4 0.842573 0.757198 0.314853 0.485603
3 0.410128 0.0327578 0.820255 0.0655156
3 0.146571 0.505553 0.291081 0.988894
3 0.574504 0.573418 0.236668 0.533407
3 0.12366 0.807743 0.243115 0.384515
0 0.581363 0.431444 0.242794 0.813262
3 0.924617 0.340994 0.150766 0.681988
3 0.465242 0.296019 0.525084 0.592039
4 0.120537 0.755311 0.241073 0.476547
0 0.885161 0.771668 0.229679 0.456664
0 0.0609983 0.792633 0.121635 0.403964
3 0.334966 0.05156 0.669933 0.10312
4 0.939314 0.77566 0.121373 0.448681
0 0.0187848 0.66223 0.0375696 0.664353
3 0.422182 0.473276 0.0804626 0.185588
3 0.783041 0.728843 0.428053 0.542314
3 0.077688 0.412953 0.155376 0.810165
4 0.525457 0.0239963 0.903764 0.0479926
3 0.761579 0.347084 0.476842 0.694168
0 0.100654 0.780027 0.200588 0.430685
0 0.247096 0.247036 0.494191 0.494071
4 0.32728 0.786463 0.292104 0.427073
3 0.825161 0.196528 0.349677 0.393057
0 0.297538 0.119176 0.595076 0.238352
3 0.450282 0.77544 0.470664 0.427243
3 0.209684 0.33417 0.345005 0.660897
3 0.0186561 0.636475 0.0373122 0.715763
3 0.508755 0.774357 0.375118 0.451286
3 0.667322 0.0461728 0.665357 0.0923456
3 0.725379 0.75639 0.516353 0.437152
3 0.240243 0.245044 0.332228 0.479924
3 0.366219 0.793778 0.442043 0.389259
3 0.0189939 0.766454 0.0379879 0.467091
4 0.375464 0.788465 0.273876 0.423069
0 0.939314 0.77566 0.121373 0.448681
3 0.429014 0.530944 0.0830822 0.0966506
0 0.566518 0.281764 0.547405 0.563528
0 0.324955 0.797392 0.30541 0.388294
3 0.577621 0.722759 0.249552 0.554482
0 0.844115 0.644884 0.31177 0.708041
4 0.422182 0.473276 0.0804626 0.185588
3 0.250212 0.801617 0.411166 0.396765
0 0.145235 0.243797 0.29047 0.487593
3 0.0245963 0.785593 0.0491926 0.428814
0 0.346 0.723821 0.241068 0.503045
3 0.141573 0.772146 0.280907 0.444722
4 0.264604 0.787559 0.360815 0.424881
0 0.429 0.506873 0.0858062 0.25706
4 0.776077 0.0708541 0.447846 0.141708
3 0.312814 0.235786 0.366465 0.463299
3 0.571116 0.33592 0.531942 0.67184
4 0.574504 0.573418 0.236668 0.533407
0 0.60834 0.602211 0.173056 0.496115
4 0.525444 0.277757 0.813379 0.555513
3 0.419374 0.599768 0.0859478 0.195884
3 0.525444 0.277757 0.813379 0.555513
2 0.428858 0.741672 0.507409 0.380182
4 0.410128 0.0327578 0.820255 0.0655156
0 0.569541 0.428089 0.502131 0.856179
4 0.301887 0.799972 0.334679 0.391263
4 0.918023 0.758072 0.163953 0.482095
2 0.552125 0.743039 0.279854 0.513922
3 0.0405542 0.495264 0.0811085 0.988118
4 0.641286 0.291906 0.717427 0.583812
4 0.0706777 0.278959 0.141355 0.547495
4 0.679731 0.0567601 0.640538 0.11352
1 0.842297 0.762881 0.315406 0.467741
3 0.42062 0.517071 0.078134 0.0689092
4 0.60834 0.602211 0.173056 0.496115
4 0.512246 0.428046 0.468591 0.856092
0 0.0230325 0.518385 0.046065 0.943829
0 0.375464 0.788465 0.273876 0.423069
0 0.0196778 0.788014 0.0393556 0.423972
3 0.821162 0.776104 0.353291 0.432907
4 0.508755 0.774357 0.375118 0.451286
0 0.441224 0.41158 0.467855 0.82316
3 0.0230325 0.518385 0.046065 0.943829
0 0.918264 0.654967 0.163471 0.617462
3 0.388279 0.252244 0.470876 0.504488
0 0.61998 0.706061 0.264988 0.468475
4 0.0245963 0.785593 0.0491926 0.428814
0 0.0819403 0.790429 0.163881 0.419141
4 0.17484 0.802155 0.32084 0.395689
4 0.543995 0.17087 0.81121 0.341739
4 0.288506 0.238479 0.577012 0.476958
4 0.145235 0.243797 0.29047 0.487593
0 0.825161 0.196528 0.349677 0.393057
3 0.657394 0.463215 0.29267 0.926431
3 0.145235 0.243797 0.29047 0.487593
4 0.654468 0.5 0.687384 1
4 0.825161 0.196528 0.349677 0.393057
4 0.618182 0.441764 0.525838 0.883527
0 0.641428 0.367509 0.643205 0.735018
4 0.533634 0.280619 0.522335 0.561238
4 0.918264 0.654967 0.163471 0.617462
0 0.804331 0.763761 0.372496 0.472477
0 0.0245963 0.785593 0.0491926 0.428814
4 0.0196778 0.788014 0.0393556 0.423972
0 0.0405542 0.495264 0.0811085 0.988118
3 0.885161 0.771668 0.229679 0.456664
4 0.807026 0.504565 0.385949 0.990871
0 0.077688 0.412953 0.155376 0.810165
0 0.465242 0.296019 0.525084 0.592039
3 0.543995 0.17087 0.81121 0.341739
2 0.393994 0.7521 0.49702 0.495799
4 0.761579 0.347084 0.476842 0.694168
0 0.918309 0.557404 0.163381 0.877669
2 0.419374 0.599768 0.0859478 0.195884
1 0.0706777 0.278959 0.141355 0.547495
4 0.0187848 0.66223 0.0375696 0.664353
4 0.933553 0.414339 0.132893 0.785982
4 0.435291 0.262493 0.506683 0.524985
4 0.361813 0.424144 0.43633 0.848288
4 0.077688 0.412953 0.155376 0.810165
3 0.0819403 0.790429 0.163881 0.419141
0 0.508755 0.774357 0.375118 0.451286
4 0.918309 0.557404 0.163381 0.877669
4 0.12366 0.807743 0.243115 0.384515
0 0.32728 0.786463 0.292104 0.427073
0 0.807026 0.504565 0.385949 0.990871
4 0.312814 0.235786 0.366465 0.463299
0 0.12366 0.807743 0.243115 0.384515
4 0.341575 0.288996 0.417786 0.577992
2 0.261288 0.741231 0.482057 0.513451
0 0.783041 0.728843 0.428053 0.542314
4 0.0819403 0.790429 0.163881 0.419141
4 0.0405542 0.495264 0.0811085 0.988118
1 0.136581 0.789809 0.265329 0.408783
0 0.933553 0.414339 0.132893 0.785982
2 0.837848 0.748964 0.324305 0.491676
2 0.508755 0.774357 0.375118 0.451286
4 0.744351 0.275664 0.511297 0.551329
4 0.885161 0.771668 0.229679 0.456664
4 0.0230325 0.518385 0.046065 0.943829
1 0.734657 0.717548 0.529887 0.426442
4 0.581363 0.431444 0.242794 0.813262
0 0.744351 0.275664 0.511297 0.551329
0 0.15081 0.550657 0.300232 0.898686
4 0.393994 0.7521 0.49702 0.495799
4 0.42062 0.517071 0.078134 0.0689092
0 0.341575 0.288996 0.417786 0.577992
0 0.761579 0.347084 0.476842 0.694168
4 0.174725 0.501574 0.34781 0.996853
4 0.884115 0.464715 0.23177 0.894727
4 0.276977 0.28342 0.328854 0.565611
4 0.450456 0.70279 0.463247 0.356067
4 0.28912 0.489761 0.349104 0.937129
4 0.0609983 0.792633 0.121635 0.403964
4 0.429 0.506873 0.0858062 0.25706
2 0.422182 0.473276 0.0804626 0.185588
2 0.366219 0.793778 0.442043 0.389259
4 0.240243 0.245044 0.332228 0.479924
0 0.654468 0.5 0.687384 1
3 0.100654 0.780027 0.200588 0.430685
3 0.0609983 0.792633 0.121635 0.403964
3 0.527015 0.430699 0.324475 0.814916
2 0.42062 0.517071 0.078134 0.0689092
2 0.61998 0.706061 0.264988 0.468475
4 0.334966 0.05156 0.669933 0.10312
4 0.122832 0.350633 0.23837 0.674785
0 0.312814 0.235786 0.366465 0.463299
1 0.0609983 0.792633 0.121635 0.403964
4 0.849409 0.357279 0.301181 0.714558
4 0.419374 0.599768 0.0859478 0.195884
4 0.209684 0.33417 0.345005 0.660897
4 0.346 0.723821 0.241068 0.503045
1 0.574504 0.573418 0.236668 0.533407
4 0.671487 0.710096 0.403311 0.401949
4 0.366219 0.793778 0.442043 0.389259
2 0.57722 0.747723 0.223504 0.436965
2 0.725379 0.75639 0.516353 0.437152
0 0.356714 0.247812 0.667502 0.495624
1 0.429014 0.530944 0.0830822 0.0966506
1 0.138467 0.275522 0.271394 0.539471
0 0.240243 0.245044 0.332228 0.479924
0 0.215229 0.799184 0.402138 0.400634
1 0.581363 0.431444 0.242794 0.813262
0 0.264604 0.787559 0.360815 0.424881
4 0.844115 0.644884 0.31177 0.708041
1 0.60834 0.602211 0.173056 0.496115
4 0.429014 0.530944 0.0830822 0.0966506
1 0.429 0.506873 0.0858062 0.25706
2 0.0737596 0.278321 0.147519 0.556216
2 0.844115 0.644884 0.31177 0.708041
4 0.297538 0.119176 0.595076 0.238352
0 0.283165 0.278201 0.566331 0.556403
0 0.122832 0.350633 0.23837 0.674785
2 0.918309 0.557404 0.163381 0.877669
4 0.783041 0.728843 0.428053 0.542314
2 0.939314 0.77566 0.121373 0.448681
0 0.661386 0.759462 0.31983 0.481076
2 0.12366 0.807743 0.243115 0.384515
2 0.675279 0.308289 0.649443 0.616578
1 0.232644 0.777556 0.448065 0.429321
0 0.884115 0.464715 0.23177 0.894727
2 0.910837 0.749225 0.178325 0.487388
2 0.924617 0.340994 0.150766 0.681988
2 0.761579 0.347084 0.476842 0.694168
2 0.804331 0.763761 0.372496 0.472477
2 0.161431 0.741328 0.320982 0.517343
2 0.138467 0.275522 0.271394 0.539471
4 0.12012 0.556477 0.24024 0.887045
2 0.574504 0.573418 0.236668 0.533407
2 0.240243 0.245044 0.332228 0.479924
2 0.375464 0.788465 0.273876 0.423069
2 0.851112 0.51175 0.297777 0.9765
4 0.657394 0.463215 0.29267 0.926431
1 0.653575 0.296994 0.692242 0.593988
0 0.17484 0.802155 0.32084 0.395689
4 0.527015 0.430699 0.324475 0.814916
2 0.23236 0.5 0.447782 1
2 0.483532 0.272192 0.523075 0.544384
2 0.776077 0.0708541 0.447846 0.141708
2 0.0819403 0.790429 0.163881 0.419141
1 0.936586 0.775919 0.126828 0.448162
2 0.086946 0.5 0.173892 1
1 0.162156 0.742027 0.322579 0.501933
0 0.28912 0.489761 0.349104 0.937129
2 0.28843 0.790695 0.454906 0.395584
1 0.146571 0.505553 0.291081 0.988894
2 0.918264 0.654967 0.163471 0.617462
1 0.571856 0.0309231 0.845808 0.0618462
2 0.936586 0.775919 0.126828 0.448162
2 0.209684 0.33417 0.345005 0.660897
0 0.574268 0.680658 0.227872 0.32055
1 0.569256 0.680375 0.216561 0.304868
0 0.450751 0.702762 0.46267 0.355991
0 0.429093 0.531038 0.0830025 0.0968236
0 0.842346 0.76282 0.315308 0.467941
0 0.420642 0.517091 0.0780803 0.0689309
2 0.574282 0.673864 0.21592 0.344127
0 0.572677 0.746888 0.220426 0.424297
0 0.419423 0.599883 0.0858692 0.196057
4 0.575048 0.685674 0.229058 0.328558
0 0.402718 0.774122 0.526308 0.424012
0 0.560947 0.0291641 0.878106 0.0583281
0 0.175525 0.744096 0.349388 0.502779
3 0.627358 0.736342 0.318916 0.527317
3 0.602423 0.754779 0.270681 0.465967
3 0.441176 0.409439 0.469153 0.818877
4 0.602423 0.754779 0.270681 0.465967
3 0.450751 0.702762 0.46267 0.355991
3 0.6179 0.441638 0.525184 0.883276
3 0.580429 0.659204 0.219154 0.37961
0 0.0706879 0.279069 0.141376 0.547733
3 0.84435 0.714316 0.3113 0.569453
0 0.667017 0.0459812 0.665967 0.0919624
0 0.734678 0.717465 0.529898 0.426468
3 0.289316 0.489289 0.348689 0.937395
4 0.222965 0.736511 0.436146 0.515843
0 0.261016 0.741246 0.481546 0.513587
4 0.627358 0.736342 0.318916 0.527317
3 0.871456 0.520863 0.257088 0.958275
0 0.386018 0.0328925 0.772036 0.0657851
0 0.525215 0.277231 0.812797 0.554462
0 0.288037 0.790967 0.453009 0.39508
3 0.759682 0.505862 0.480636 0.988276
3 0.91829 0.557572 0.163419 0.87771
0 0.92913 0.762385 0.141739 0.474829
0 0.123525 0.739658 0.24705 0.513288
3 0.429035 0.50685 0.0858412 0.257219
3 0.393641 0.752135 0.496985 0.495731
3 0.803953 0.763654 0.3733 0.472691
3 0.343158 0.723852 0.246765 0.503076
3 0.232386 0.5 0.447895 1
3 0.196735 0.738529 0.389622 0.518312
3 0.608398 0.602112 0.173084 0.496259
4 0.725909 0.756356 0.517358 0.437194
3 0.07606 0.2894 0.15212 0.577122
3 0.375364 0.788529 0.272907 0.422942
3 0.264006 0.787558 0.361542 0.424883
3 0.708735 0.0734985 0.58253 0.146997
3 0.175087 0.802306 0.321272 0.395387
3 0.635247 0.29675 0.723835 0.5935
3 0.939391 0.77562 0.121217 0.44876
3 0.654377 0.5 0.687427 1
3 0.849899 0.357019 0.300203 0.714038
3 0.744487 0.274901 0.511026 0.549803
3 0.138993 0.275503 0.272415 0.539486
3 0.277413 0.282086 0.328611 0.562908
0 0.544247 0.159767 0.811021 0.319534
3 0.918336 0.654774 0.163329 0.616549
0 0.776092 0.0706426 0.447815 0.141285
4 0.552185 0.743068 0.27958 0.513865
3 0.297373 0.119421 0.594746 0.238841
3 0.288482 0.238414 0.576965 0.476827
4 0.803953 0.763654 0.3733 0.472691
4 0.636199 0.0330297 0.727602 0.0660595
4 0.450593 0.77545 0.470028 0.427176
3 0.324635 0.797449 0.305288 0.388261
0 0.552185 0.743068 0.27958 0.513865
3 0.36221 0.422643 0.437468 0.845286
3 0.581388 0.430861 0.24294 0.814381
3 0.671742 0.710064 0.403816 0.401878
3 0.560947 0.0291641 0.878106 0.0583281
3 0.326953 0.78641 0.29199 0.427181
0 0.574474 0.572516 0.236901 0.535185
3 0.410151 0.0326738 0.820302 0.0653476
3 0.918 0.758151 0.164 0.482172
4 0.842568 0.757162 0.314865 0.485676
3 0.147009 0.505586 0.291923 0.988828
3 0.574474 0.572516 0.236901 0.535185
0 0.422201 0.473298 0.0804321 0.185747
3 0.123742 0.807968 0.243278 0.384064
0 0.334813 0.0515485 0.669625 0.103097
3 0.924645 0.340797 0.15071 0.681594
4 0.120861 0.755116 0.241723 0.476957
3 0.46543 0.295654 0.525031 0.591308
0 0.581388 0.430861 0.24294 0.814381
3 0.334813 0.0515485 0.669625 0.103097
4 0.939391 0.77562 0.121217 0.44876
3 0.422201 0.473298 0.0804321 0.185747
0 0.0611079 0.792715 0.121852 0.403835
0 0.885253 0.771611 0.229494 0.456778
3 0.783397 0.728916 0.427185 0.542168
3 0.761877 0.347005 0.476247 0.694009
4 0.525073 0.0240116 0.904164 0.0480232
3 0.0777724 0.414028 0.155545 0.812009
0 0.0190468 0.662341 0.0380936 0.66431
4 0.326953 0.78641 0.29199 0.427181
3 0.825013 0.196078 0.349974 0.392156
3 0.450593 0.77545 0.470028 0.427176
3 0.21032 0.333833 0.344764 0.660166
3 0.0188372 0.636447 0.0376744 0.71616
3 0.667017 0.0459812 0.665967 0.0919624
3 0.508894 0.774473 0.374854 0.451054
0 0.100994 0.779953 0.201269 0.430864
0 0.246902 0.247039 0.493804 0.494078
3 0.725909 0.756356 0.517358 0.437194
3 0.240707 0.244799 0.331745 0.479316
0 0.297373 0.119421 0.594746 0.238841
3 0.364978 0.793839 0.440365 0.389129
3 0.0192208 0.766429 0.0384416 0.467142
4 0.375364 0.788529 0.272907 0.422942
3 0.429093 0.531038 0.0830025 0.0968236
3 0.577596 0.722727 0.249426 0.554547
0 0.567755 0.281755 0.543993 0.56351
0 0.939391 0.77562 0.121217 0.44876
4 0.422201 0.473298 0.0804321 0.185747
3 0.249787 0.801688 0.411531 0.396592
0 0.640684 0.292747 0.718632 0.585495
3 0.0247541 0.785521 0.0495082 0.428958
3 0.141751 0.772041 0.281264 0.444992
4 0.264006 0.787558 0.361542 0.424883
0 0.324635 0.797449 0.305288 0.388261
0 0.844246 0.644266 0.311508 0.709487
4 0.776092 0.0706426 0.447815 0.141285
0 0.145119 0.243661 0.290237 0.487322
3 0.312968 0.235491 0.365894 0.462745
0 0.343158 0.723852 0.246765 0.503076
3 0.571356 0.333463 0.53081 0.666926
4 0.574474 0.572516 0.236901 0.535185
0 0.429035 0.50685 0.0858412 0.257219
4 0.547572 0.281859 0.860187 0.563717
3 0.419423 0.599883 0.0858692 0.196057
3 0.525215 0.277231 0.812797 0.554462
2 0.428819 0.741573 0.507494 0.37999
4 0.410151 0.0326738 0.820302 0.0653476
0 0.608398 0.602112 0.173084 0.496259
4 0.301353 0.800001 0.335275 0.391324
0 0.569862 0.427968 0.502842 0.855935
4 0.918 0.758151 0.164 0.482172
3 0.040372 0.495376 0.080744 0.988109
2 0.552185 0.743068 0.27958 0.513865
4 0.679537 0.0565218 0.640926 0.113044
4 0.0706879 0.279069 0.141376 0.547733
3 0.420642 0.517091 0.0780803 0.0689309
4 0.608398 0.602112 0.173084 0.496259
4 0.512603 0.427848 0.469768 0.855695
1 0.842346 0.76282 0.315308 0.467941
4 0.582914 0.282906 0.607286 0.565813
3 0.819755 0.776042 0.356082 0.433153
4 0.709592 0.302025 0.580817 0.604051
4 0.508894 0.774473 0.374854 0.451054
0 0.0231192 0.518683 0.0462385 0.943753
3 0.0231192 0.518683 0.0462385 0.943753
0 0.375364 0.788529 0.272907 0.422942
0 0.0198869 0.788005 0.0397738 0.42399
3 0.388528 0.251897 0.469903 0.503793
4 0.0247541 0.785521 0.0495082 0.428958
0 0.441176 0.409439 0.469153 0.818877
4 0.175087 0.802306 0.321272 0.395387
0 0.918336 0.654774 0.163329 0.616549
4 0.544247 0.159767 0.811021 0.319534
0 0.619934 0.70612 0.265112 0.468458
4 0.288482 0.238414 0.576965 0.476827
4 0.145119 0.243661 0.290237 0.487322
0 0.082339 0.790491 0.164678 0.419018
0 0.483772 0.271994 0.521954 0.543987
3 0.145119 0.243661 0.290237 0.487322
4 0.654377 0.5 0.687427 1
3 0.657327 0.463073 0.292884 0.926147
4 0.825013 0.196078 0.349974 0.392156
0 0.825013 0.196078 0.349974 0.392156
4 0.6179 0.441638 0.525184 0.883276
4 0.918336 0.654774 0.163329 0.616549
4 0.483772 0.271994 0.521954 0.543987
4 0.0198869 0.788005 0.0397738 0.42399
0 0.641747 0.364822 0.640651 0.729644
4 0.412188 0.268414 0.785036 0.536827
3 0.885253 0.771611 0.229494 0.456778
4 0.807715 0.504659 0.38457 0.990682
3 0.544247 0.159767 0.811021 0.319534
0 0.803953 0.763654 0.3733 0.472691
0 0.0247541 0.785521 0.0495082 0.428958
2 0.393641 0.752135 0.496985 0.495731
0 0.040372 0.495376 0.080744 0.988109
2 0.419423 0.599883 0.0858692 0.196057
4 0.0190468 0.662341 0.0380936 0.66431
4 0.933554 0.414133 0.132891 0.785494
1 0.0706879 0.279069 0.141376 0.547733
0 0.0777724 0.414028 0.155545 0.812009
4 0.36221 0.422643 0.437468 0.845286
0 0.91829 0.557572 0.163419 0.87771
3 0.082339 0.790491 0.164678 0.419018
4 0.0777724 0.414028 0.155545 0.812009
4 0.215198 0.799305 0.40178 0.400196
4 0.91829 0.557572 0.163419 0.87771
4 0.123742 0.807968 0.243278 0.384064
4 0.312968 0.235491 0.365894 0.462745
0 0.508894 0.774473 0.374854 0.451054
4 0.341708 0.288048 0.417175 0.576097
0 0.807715 0.504659 0.38457 0.990682
0 0.326953 0.78641 0.29199 0.427181
2 0.261016 0.741246 0.481546 0.513587
4 0.082339 0.790491 0.164678 0.419018
4 0.040372 0.495376 0.080744 0.988109
2 0.837839 0.749004 0.324322 0.491711
1 0.136678 0.79049 0.265441 0.407523
2 0.508894 0.774473 0.374854 0.451054
0 0.123742 0.807968 0.243278 0.384064
4 0.885253 0.771611 0.229494 0.456778
0 0.783397 0.728916 0.427185 0.542168
4 0.0231192 0.518683 0.0462385 0.943753
0 0.933554 0.414133 0.132891 0.785494
4 0.581388 0.430861 0.24294 0.814381
1 0.734678 0.717465 0.529898 0.426468
4 0.393641 0.752135 0.496985 0.495731
4 0.420642 0.517091 0.0780803 0.0689309
0 0.744487 0.274901 0.511026 0.549803
0 0.151212 0.553884 0.301026 0.892232
4 0.175229 0.501588 0.348835 0.996824
4 0.277413 0.282086 0.328611 0.562908
4 0.884362 0.464219 0.231276 0.893486
4 0.450751 0.702762 0.46267 0.355991
0 0.341708 0.288048 0.417175 0.576097
4 0.289316 0.489289 0.348689 0.937395
4 0.0611079 0.792715 0.121852 0.403835
0 0.761877 0.347005 0.476247 0.694009
4 0.429035 0.50685 0.0858412 0.257219
2 0.422201 0.473298 0.0804321 0.185747
4 0.240707 0.244799 0.331745 0.479316
2 0.364978 0.793839 0.440365 0.389129
3 0.100994 0.779953 0.201269 0.430864
3 0.0611079 0.792715 0.121852 0.403835
2 0.420642 0.517091 0.0780803 0.0689309
3 0.526844 0.429693 0.325052 0.816954
0 0.654377 0.5 0.687427 1
2 0.619934 0.70612 0.265112 0.468458
4 0.334813 0.0515485 0.669625 0.103097
4 0.641747 0.364822 0.640651 0.729644
4 0.123233 0.351305 0.239156 0.676082
1 0.0611079 0.792715 0.121852 0.403835
4 0.849899 0.357019 0.300203 0.714038
4 0.343158 0.723852 0.246765 0.503076
4 0.419423 0.599883 0.0858692 0.196057
4 0.21032 0.333833 0.344764 0.660166
0 0.312968 0.235491 0.365894 0.462745
1 0.574474 0.572516 0.236901 0.535185
4 0.671742 0.710064 0.403816 0.401878
4 0.364978 0.793839 0.440365 0.389129
2 0.725909 0.756356 0.517358 0.437194
2 0.577151 0.747661 0.223378 0.436925
1 0.429093 0.531038 0.0830025 0.0968236
1 0.138993 0.275503 0.272415 0.539486
0 0.357021 0.247657 0.666501 0.495314
1 0.581388 0.430861 0.24294 0.814381
0 0.240707 0.244799 0.331745 0.479316
4 0.844246 0.644266 0.311508 0.709487
1 0.608398 0.602112 0.173084 0.496259
0 0.215198 0.799305 0.40178 0.400196
4 0.429093 0.531038 0.0830025 0.0968236
0 0.264006 0.787558 0.361542 0.424883
1 0.429035 0.50685 0.0858412 0.257219
2 0.844246 0.644266 0.311508 0.709487
2 0.0737661 0.278452 0.147532 0.556454
4 0.297373 0.119421 0.594746 0.238841
2 0.91829 0.557572 0.163419 0.87771
2 0.939391 0.77562 0.121217 0.44876
4 0.783397 0.728916 0.427185 0.542168
0 0.282831 0.278098 0.565663 0.556195
2 0.123742 0.807968 0.243278 0.384064
0 0.123233 0.351305 0.239156 0.676082
2 0.674902 0.308343 0.650197 0.616686
1 0.232505 0.777718 0.447684 0.429082
0 0.6614 0.759423 0.31974 0.481154
2 0.910946 0.749268 0.178107 0.487416
2 0.924645 0.340797 0.15071 0.681594
2 0.761877 0.347005 0.476247 0.694009
0 0.884362 0.464219 0.231276 0.893486
2 0.161929 0.741354 0.321995 0.517292
2 0.803953 0.763654 0.3733 0.472691
2 0.138993 0.275503 0.272415 0.539486
4 0.120298 0.55868 0.240596 0.882639
2 0.574474 0.572516 0.236901 0.535185
2 0.375364 0.788529 0.272907 0.422942
2 0.240707 0.244799 0.331745 0.479316
2 0.851317 0.511655 0.297365 0.976689
4 0.657327 0.463073 0.292884 0.926147
4 0.526844 0.429693 0.325052 0.816954
1 0.652974 0.296905 0.693398 0.593809
2 0.483772 0.271994 0.521954 0.543987
2 0.232386 0.5 0.447895 1
2 0.776092 0.0706426 0.447815 0.141285
2 0.082339 0.790491 0.164678 0.419018
1 0.936681 0.775908 0.126638 0.448184
1 0.162574 0.741843 0.323426 0.502356
2 0.0871615 0.5 0.174323 1
0 0.175087 0.802306 0.321272 0.395387
2 0.288037 0.790967 0.453009 0.39508
1 0.147009 0.505586 0.291923 0.988828
2 0.918336 0.654774 0.163329 0.616549
0 0.289316 0.489289 0.348689 0.937395
2 0.936681 0.775908 0.126638 0.448184
