0 0.773049 0.737541 0.453901 0.508738
0 0.42654 0.518637 0.0563269 0.0733078
0 0.514431 0.662568 0.280333 0.365393
0 0.424909 0.56031 0.066356 0.162547
3 0.438824 0.41264 0.376287 0.815275
0 0.426589 0.451721 0.0626661 0.225061
0 0.470703 0.523249 0.15919 0.0989393
0 0.468843 0.738543 0.563251 0.522914
0 0.656829 0.748914 0.269368 0.485791
3 0.76866 0.621816 0.462681 0.736418
0 0.131815 0.744164 0.262453 0.507203
3 0.441972 0.290174 0.375843 0.565118
0 0.447299 0.301284 0.379589 0.589588
4 0.745209 0.757349 0.443136 0.469961
0 0.307865 0.736566 0.336598 0.514545
0 0.385363 0.683065 0.146777 0.416138
0 0.847924 0.748571 0.304151 0.502858
3 0.946534 0.795031 0.106931 0.409937
3 0.141066 0.548592 0.263413 0.902817
0 0.225377 0.729197 0.442052 0.507913
3 0.76782 0.747297 0.46436 0.505406
3 0.361457 0.472503 0.22907 0.887847
3 0.385363 0.683065 0.146777 0.416138
0 0.335819 0.732363 0.642836 0.535274
3 0.42654 0.518637 0.0563269 0.0733078
0 0.524765 0.74045 0.360389 0.519101
3 0.23696 0.465612 0.144374 0.638213
3 0.899896 0.688662 0.200207 0.622675
3 0.121473 0.427269 0.242945 0.854538
3 0.194553 0.782026 0.366769 0.435947
3 0.944186 0.777052 0.111627 0.445896
3 0.13981 0.324674 0.27197 0.649347
3 0.426589 0.451721 0.0626661 0.225061
3 0.803236 0.412115 0.393527 0.82423
4 0.42654 0.518637 0.0563269 0.0733078
0 0.497968 0.547003 0.272914 0.905993
3 0.827013 0.723502 0.345974 0.552996
3 0.869798 0.566616 0.260403 0.866768
3 0.645492 0.744385 0.292453 0.51123
3 0.120408 0.28296 0.240816 0.565919
3 0.681995 0.379562 0.492259 0.759124
3 0.730767 0.257448 0.538466 0.514896
3 0.29247 0.780891 0.462725 0.438218
3 0.938503 0.589316 0.122993 0.821369
3 0.792903 0.20842 0.414194 0.41684
3 0.302676 0.704422 0.251524 0.486338
3 0.879688 0.39717 0.240624 0.79434
0 0.16195 0.686012 0.299988 0.451457
4 0.495285 0.743609 0.536495 0.496528
0 0.926562 0.70631 0.146877 0.538576
4 0.764486 0.683735 0.471029 0.613893
3 0.228856 0.322852 0.276365 0.643459
3 0.535165 0.507831 0.569628 0.984339
3 0.461097 0.749067 0.552634 0.501867
0 0.616238 0.0513351 0.767525 0.10267
3 0.116595 0.801976 0.23034 0.396048
3 0.352333 0.366641 0.208301 0.685394
4 0.642885 0.759388 0.260209 0.465045
3 0.630263 0.0573505 0.739473 0.114701
3 0.248126 0.355487 0.191097 0.677046
3 0.926562 0.70631 0.146877 0.538576
0 0.0227382 0.632446 0.0454764 0.69884
4 0.425884 0.471927 0.068607 0.245868
3 0.169149 0.324288 0.338299 0.648576
2 0.42654 0.518637 0.0563269 0.0733078
2 0.335819 0.732363 0.642836 0.535274
3 0.77601 0.0694113 0.447979 0.138823
3 0.126379 0.227961 0.252757 0.455922
3 0.695022 0.519078 0.567491 0.961845
4 0.237267 0.751579 0.467593 0.483851
0 0.944186 0.777052 0.111627 0.445896
3 0.526559 0.439512 0.450031 0.86565
3 0.131815 0.744164 0.262453 0.507203
0 0.07017 0.800921 0.1402 0.386358
0 0.0649635 0.715521 0.129927 0.478808
3 0.472325 0.499852 0.404347 0.986827
3 0.142309 0.641417 0.243638 0.630381
3 0.233511 0.333485 0.467022 0.666969
3 0.638345 0.24559 0.684284 0.491179
4 0.937003 0.686855 0.125993 0.578904
1 0.773049 0.737541 0.453901 0.508738
4 0.438824 0.41264 0.376287 0.815275
0 0.63559 0.525933 0.53123 0.948135
0 0.302676 0.704422 0.251524 0.486338
3 0.939159 0.655469 0.121681 0.579666
3 0.0265014 0.766163 0.0530028 0.467674
4 0.944186 0.777052 0.111627 0.445896
0 0.442957 0.455957 0.383753 0.90099
3 0.222466 0.553823 0.127664 0.384156
3 0.872442 0.169755 0.255117 0.33951
0 0.390409 0.395325 0.280193 0.778667
3 0.5679 0.319606 0.674076 0.639212
3 0.93403 0.431745 0.13194 0.785137
3 0.0980928 0.134767 0.196186 0.269533
3 0.589142 0.37247 0.518979 0.744939
2 0.764195 0.746464 0.468194 0.484447
0 0.0980928 0.134767 0.196186 0.269533
4 0.946534 0.795031 0.106931 0.409937
3 0.470703 0.523249 0.15919 0.0989393
2 0.307865 0.736566 0.336598 0.514545
3 0.377516 0.774266 0.408674 0.451468
3 0.0227382 0.632446 0.0454764 0.69884
3 0.327859 0.537381 0.195586 0.780105
4 0.645492 0.744385 0.292453 0.51123
3 0.199311 0.735505 0.393259 0.503947
0 0.106984 0.782608 0.21197 0.423801
4 0.447299 0.301284 0.379589 0.589588
0 0.332607 0.15027 0.665214 0.30054
3 0.332607 0.15027 0.665214 0.30054
3 0.944714 0.264489 0.110571 0.499032
0 0.814376 0.0687808 0.371249 0.137562
0 0.622581 0.0934059 0.75163 0.186812
4 0.827013 0.723502 0.345974 0.552996
3 0.0303552 0.792747 0.0607105 0.414505
3 0.591793 0.739194 0.359452 0.521613
0 0.593353 0.236424 0.705322 0.472848
0 0.747854 0.638535 0.49623 0.72293
3 0.850543 0.467306 0.298913 0.911082
3 0.16195 0.686012 0.299988 0.451457
3 0.497968 0.547003 0.272914 0.905993
3 0.524765 0.74045 0.360389 0.519101
4 0.899896 0.688662 0.200207 0.622675
3 0.193637 0.109189 0.387275 0.218378
3 0.0600771 0.429059 0.120154 0.845626
1 0.426781 0.549335 0.0589869 0.138217
0 0.0256692 0.732611 0.0513383 0.534778
3 0.0378948 0.244217 0.0757896 0.488433
0 0.0227391 0.499423 0.0454783 0.858433
3 0.0609403 0.299423 0.121881 0.598846
3 0.622581 0.0934059 0.75163 0.186812
4 0.194553 0.782026 0.366769 0.435947
3 0.332991 0.312168 0.412586 0.624337
3 0.283544 0.781766 0.552803 0.426434
3 0.0230717 0.442128 0.0461435 0.884257
3 0.0261036 0.282423 0.0522072 0.564845
3 0.08103 0.253552 0.16206 0.507103
4 0.29247 0.780891 0.462725 0.438218
4 0.307865 0.736566 0.336598 0.514545
0 0.421316 0.778723 0.593795 0.427939
0 0.591793 0.739194 0.359452 0.521613
4 0.165586 0.756055 0.329218 0.470055
3 0.307865 0.736566 0.336598 0.514545
0 0.946534 0.795031 0.106931 0.409937
3 0.108179 0.123588 0.216359 0.247176
0 0.742154 0.0609419 0.515692 0.121884
0 0.0261036 0.282423 0.0522072 0.564845
4 0.377516 0.774266 0.408674 0.451468
4 0.0838027 0.766399 0.167605 0.453038
4 0.813851 0.758659 0.372299 0.482681
0 0.40878 0.181108 0.477652 0.362217
4 0.938503 0.589316 0.122993 0.821369
4 0.0303552 0.792747 0.0607105 0.414505
4 0.335819 0.732363 0.642836 0.535274
0 0.872442 0.169755 0.255117 0.33951
0 0.944714 0.264489 0.110571 0.499032
3 0.335819 0.732363 0.642836 0.535274
4 0.421316 0.778723 0.593795 0.427939
3 0.0794441 0.759365 0.158888 0.47285
0 0.899896 0.688662 0.200207 0.622675
4 0.524765 0.74045 0.360389 0.519101
4 0.616238 0.0513351 0.767525 0.10267
4 0.472325 0.499852 0.404347 0.986827
4 0.591793 0.739194 0.359452 0.521613
0 0.5679 0.319606 0.674076 0.639212
4 0.814376 0.0687808 0.371249 0.137562
0 0.450906 0.222081 0.47447 0.444163
3 0.424909 0.56031 0.066356 0.162547
1 0.436389 0.7305 0.499029 0.538757
3 0.0649635 0.715521 0.129927 0.478808
3 0.813851 0.758659 0.372299 0.482681
0 0.193637 0.109189 0.387275 0.218378
0 0.0378948 0.244217 0.0757896 0.488433
4 0.44984 0.75597 0.542405 0.48806
0 0.361457 0.472503 0.22907 0.887847
3 0.645637 0.757611 0.256504 0.46751
4 0.0267664 0.789928 0.0535328 0.420144
3 0.0637563 0.594527 0.127513 0.810947
0 0.352333 0.366641 0.208301 0.685394
4 0.872442 0.169755 0.255117 0.33951
4 0.424909 0.56031 0.066356 0.162547
3 0.51031 0.754037 0.49644 0.483557
4 0.776969 0.55383 0.446063 0.892341
3 0.514431 0.662568 0.280333 0.365393
4 0.0980928 0.134767 0.196186 0.269533
0 0.846825 0.413468 0.30635 0.826936
4 0.869798 0.566616 0.260403 0.866768
3 0.714231 0.755769 0.378002 0.484659
0 0.0303552 0.792747 0.0607105 0.414505
0 0.142309 0.641417 0.243638 0.630381
4 0.0227391 0.499423 0.0454783 0.858433
4 0.0237016 0.67776 0.0474032 0.636978
3 0.40878 0.181108 0.477652 0.362217
0 0.765469 0.239318 0.469062 0.478636
4 0.116595 0.801976 0.23034 0.396048
3 0.450906 0.222081 0.47447 0.444163
2 0.424909 0.56031 0.066356 0.162547
4 0.0261036 0.282423 0.0522072 0.564845
0 0.49452 0.503161 0.412335 0.993677
3 0.535849 0.239791 0.588607 0.479582
4 0.141066 0.548592 0.263413 0.902817
0 0.93403 0.431745 0.13194 0.785137
4 0.352333 0.366641 0.208301 0.685394
2 0.514431 0.662568 0.280333 0.365393
2 0.470703 0.523249 0.15919 0.0989393
4 0.944714 0.264489 0.110571 0.499032
4 0.638345 0.24559 0.684284 0.491179
2 0.436389 0.7305 0.499029 0.538757
4 0.332991 0.312168 0.412586 0.624337
4 0.0378948 0.244217 0.0757896 0.488433
4 0.361457 0.472503 0.22907 0.887847
4 0.93403 0.431745 0.13194 0.785137
1 0.53934 0.742656 0.471811 0.514688
2 0.302676 0.704422 0.251524 0.486338
4 0.730767 0.257448 0.538466 0.514896
3 0.425342 0.776976 0.555524 0.434545
4 0.0649635 0.715521 0.129927 0.478808
0 0.108179 0.123588 0.216359 0.247176
1 0.42654 0.518637 0.0563269 0.0733078
4 0.514431 0.662568 0.280333 0.365393
2 0.591793 0.739194 0.359452 0.521613
4 0.535165 0.507831 0.569628 0.984339
4 0.742154 0.0609419 0.515692 0.121884
0 0.283544 0.781766 0.552803 0.426434
4 0.5679 0.319606 0.674076 0.639212
4 0.23696 0.465612 0.144374 0.638213
4 0.792903 0.20842 0.414194 0.41684
2 0.225377 0.729197 0.442052 0.507913
4 0.803236 0.412115 0.393527 0.82423
0 0.724766 0.74753 0.410194 0.504941
1 0.426589 0.451721 0.0626661 0.225061
4 0.142309 0.641417 0.243638 0.630381
0 0.14595 0.271952 0.2919 0.543903
1 0.34943 0.779803 0.658004 0.420502
1 0.155091 0.772981 0.304818 0.441264
0 0.141066 0.548592 0.263413 0.902817
0 0.938503 0.589316 0.122993 0.821369
4 0.16195 0.686012 0.299988 0.451457
4 0.850543 0.467306 0.298913 0.911082
0 0.779416 0.364204 0.412059 0.725417
0 0.377516 0.774266 0.408674 0.451468
4 0.332607 0.15027 0.665214 0.30054
4 0.14595 0.271952 0.2919 0.543903
4 0.0637563 0.594527 0.127513 0.810947
0 0.13981 0.324674 0.27197 0.649347
0 0.222466 0.553823 0.127664 0.384156
4 0.385363 0.683065 0.146777 0.416138
4 0.681995 0.379562 0.492259 0.759124
4 0.144385 0.41184 0.287156 0.823681
4 0.117233 0.708578 0.233875 0.582843
0 0.24411 0.779814 0.458895 0.440372
0 0.869798 0.566616 0.260403 0.866768
2 0.142309 0.641417 0.243638 0.630381
2 0.776969 0.55383 0.446063 0.892341
2 0.483406 0.299225 0.459049 0.598451
0 0.939159 0.655469 0.121681 0.579666
1 0.847924 0.748571 0.304151 0.502858
4 0.879688 0.39717 0.240624 0.79434
4 0.622581 0.0934059 0.75163 0.186812
4 0.108179 0.123588 0.216359 0.247176
4 0.08103 0.253552 0.16206 0.507103
1 0.645637 0.757611 0.256504 0.46751
4 0.193637 0.109189 0.387275 0.218378
0 0.681995 0.379562 0.492259 0.759124
4 0.302676 0.704422 0.251524 0.486338
2 0.131815 0.744164 0.262453 0.507203
2 0.944186 0.777052 0.111627 0.445896
4 0.526559 0.439512 0.450031 0.86565
4 0.233511 0.333485 0.467022 0.666969
4 0.644777 0.518151 0.627989 0.958093
4 0.126379 0.227961 0.252757 0.455922
4 0.222466 0.553823 0.127664 0.384156
1 0.214357 0.756314 0.425184 0.466188
4 0.497968 0.547003 0.272914 0.905993
4 0.0600771 0.429059 0.120154 0.845626
2 0.447963 0.396786 0.392028 0.784801
2 0.153674 0.367269 0.307348 0.734537
2 0.16195 0.686012 0.299988 0.451457
0 0.0637563 0.594527 0.127513 0.810947
2 0.503198 0.742418 0.499756 0.515163
0 0.23696 0.465612 0.144374 0.638213
1 0.944186 0.777052 0.111627 0.445896
2 0.638345 0.24559 0.684284 0.491179
0 0.233511 0.333485 0.467022 0.666969
2 0.924243 0.722854 0.151514 0.532081
2 0.228856 0.322852 0.276365 0.643459
2 0.141066 0.548592 0.263413 0.902817
2 0.385363 0.683065 0.146777 0.416138
1 0.07017 0.800921 0.1402 0.386358
2 0.425884 0.471927 0.068607 0.245868
2 0.779416 0.364204 0.412059 0.725417
4 0.248126 0.355487 0.191097 0.677046
2 0.645492 0.744385 0.292453 0.51123
4 0.327859 0.537381 0.195586 0.780105
2 0.0917506 0.784756 0.183501 0.430488
4 0.470703 0.523249 0.15919 0.0989393
2 0.332607 0.15027 0.665214 0.30054
2 0.850543 0.467306 0.298913 0.911082
2 0.944714 0.264489 0.110571 0.499032
2 0.93403 0.431745 0.13194 0.785137
1 0.442497 0.258128 0.372631 0.513478
0 0.773054 0.737836 0.453892 0.508123
0 0.426539 0.518647 0.0563365 0.0733252
0 0.5146 0.663909 0.280478 0.368084
0 0.424921 0.560339 0.0663515 0.162676
3 0.438816 0.412172 0.376243 0.814308
0 0.426576 0.451499 0.0627207 0.22576
0 0.470716 0.523306 0.159188 0.0990843
0 0.468967 0.738588 0.56313 0.522823
0 0.65669 0.748964 0.269201 0.485788
3 0.768703 0.622942 0.462594 0.734188
3 0.441943 0.290165 0.37581 0.565191
0 0.131839 0.744143 0.262517 0.507452
0 0.447262 0.301345 0.379481 0.589797
4 0.745153 0.757388 0.443066 0.469916
0 0.307875 0.736621 0.336602 0.514662
0 0.385388 0.682398 0.146742 0.414783
0 0.847962 0.748865 0.304077 0.502271
3 0.946527 0.795128 0.106947 0.409743
3 0.141148 0.549086 0.263394 0.901828
3 0.767853 0.747486 0.464293 0.505029
0 0.225451 0.729171 0.442228 0.507945
3 0.36161 0.47193 0.228894 0.88762
3 0.385388 0.682398 0.146742 0.414783
3 0.426539 0.518647 0.0563365 0.0733252
3 0.237165 0.465033 0.144098 0.637969
0 0.335741 0.732381 0.642864 0.535239
0 0.524803 0.740473 0.360472 0.519054
3 0.899809 0.688935 0.200382 0.622131
3 0.12143 0.427908 0.242861 0.855816
3 0.194714 0.782052 0.367162 0.435896
3 0.944185 0.777426 0.11163 0.445147
3 0.13985 0.324738 0.272019 0.649475
3 0.426576 0.451499 0.0627207 0.22576
3 0.803466 0.411853 0.393068 0.823707
4 0.426539 0.518647 0.0563365 0.0733252
3 0.827085 0.723874 0.34583 0.552252
0 0.498 0.546932 0.272855 0.906136
3 0.870051 0.566752 0.259898 0.866496
3 0.64528 0.744396 0.292745 0.511207
3 0.120356 0.28301 0.240711 0.566019
3 0.682351 0.379675 0.490797 0.75935
3 0.730842 0.257662 0.538316 0.515325
3 0.292681 0.780922 0.463796 0.438157
3 0.938494 0.588879 0.123013 0.822243
3 0.792886 0.208206 0.414227 0.416412
3 0.303046 0.704151 0.250606 0.485693
3 0.879854 0.396894 0.240292 0.793788
4 0.495332 0.743657 0.536616 0.496436
4 0.764517 0.683729 0.470967 0.61384
3 0.229637 0.322373 0.275073 0.642143
3 0.534869 0.507818 0.569446 0.984363
0 0.161815 0.685807 0.300037 0.450897
3 0.461022 0.749155 0.552824 0.50169
0 0.926488 0.70654 0.147024 0.5382
3 0.116707 0.802115 0.230578 0.395769
3 0.352593 0.365222 0.208691 0.682969
4 0.642821 0.759432 0.260343 0.465047
3 0.63045 0.0576612 0.7391 0.115322
3 0.24882 0.355192 0.190168 0.676513
0 0.616352 0.0516583 0.767296 0.103317
3 0.926488 0.70654 0.147024 0.5382
4 0.425895 0.47183 0.0686304 0.246376
3 0.169138 0.324299 0.338276 0.648597
2 0.426539 0.518647 0.0563365 0.0733252
2 0.335741 0.732381 0.642864 0.535239
0 0.0228556 0.632316 0.0457113 0.699138
3 0.775987 0.0694929 0.448027 0.138986
3 0.126357 0.227659 0.252715 0.455319
3 0.694879 0.519021 0.567561 0.961959
3 0.52672 0.439311 0.448942 0.865154
4 0.237218 0.751631 0.467548 0.483764
3 0.131839 0.744143 0.262517 0.507452
3 0.472231 0.499546 0.404255 0.986286
3 0.142153 0.641546 0.244021 0.629952
0 0.944185 0.777426 0.11163 0.445147
3 0.638427 0.245762 0.683928 0.491524
3 0.233108 0.333283 0.466217 0.666565
0 0.0703548 0.801196 0.140573 0.385796
0 0.065029 0.715661 0.130058 0.479404
4 0.936967 0.687043 0.126067 0.578976
4 0.438816 0.412172 0.376243 0.814308
3 0.939142 0.655627 0.121717 0.58018
3 0.0266095 0.766148 0.0532189 0.467703
1 0.773054 0.737836 0.453892 0.508123
4 0.944185 0.777426 0.11163 0.445147
3 0.222606 0.553092 0.127388 0.382223
3 0.872528 0.169798 0.254943 0.339597
0 0.303046 0.704151 0.250606 0.485693
3 0.568044 0.320013 0.674006 0.640026
0 0.635539 0.525601 0.53126 0.948798
3 0.934007 0.431791 0.131986 0.784819
3 0.098033 0.134724 0.196066 0.269449
3 0.589374 0.372651 0.517899 0.745302
0 0.391405 0.39287 0.282157 0.773788
2 0.764186 0.746488 0.468212 0.484344
0 0.442949 0.45524 0.383641 0.899546
4 0.946527 0.795128 0.106947 0.409743
3 0.470716 0.523306 0.159188 0.0990843
2 0.307875 0.736621 0.336602 0.514662
3 0.377649 0.774293 0.409776 0.451414
3 0.0228556 0.632316 0.0457113 0.699138
3 0.3279 0.536707 0.194969 0.777313
0 0.098033 0.134724 0.196066 0.269449
4 0.64528 0.744396 0.292745 0.511207
3 0.199336 0.735448 0.393357 0.503969
4 0.447262 0.301345 0.379481 0.589797
3 0.332307 0.151743 0.664614 0.303486
3 0.944886 0.264348 0.110228 0.498407
3 0.0304087 0.792806 0.0608175 0.414387
4 0.827085 0.723874 0.34583 0.552252
3 0.591172 0.739273 0.360614 0.521454
3 0.851273 0.467479 0.297454 0.910625
0 0.10713 0.782773 0.212267 0.42347
3 0.498 0.546932 0.272855 0.906136
3 0.161815 0.685807 0.300037 0.450897
0 0.332307 0.151743 0.664614 0.303486
0 0.814375 0.0688 0.37125 0.1376
0 0.622663 0.0942475 0.75131 0.188495
0 0.593403 0.236892 0.704862 0.473784
0 0.746986 0.637388 0.497966 0.725224
3 0.524803 0.740473 0.360472 0.519054
4 0.899809 0.688935 0.200382 0.622131
3 0.192933 0.109433 0.385865 0.218866
3 0.0601058 0.429632 0.120212 0.846504
1 0.426782 0.54931 0.0589944 0.138259
3 0.0378292 0.244067 0.0756584 0.488134
3 0.0609486 0.299727 0.121897 0.599453
0 0.0258065 0.732504 0.0516129 0.534992
0 0.0227612 0.499487 0.0455225 0.857765
3 0.622663 0.0942475 0.75131 0.188495
4 0.194714 0.782052 0.367162 0.435896
3 0.334513 0.311181 0.408809 0.622361
3 0.0230648 0.44192 0.0461296 0.88384
3 0.283729 0.78178 0.553202 0.426419
3 0.0260768 0.282642 0.0521537 0.565283
3 0.0809772 0.253246 0.161954 0.506493
4 0.292681 0.780922 0.463796 0.438157
4 0.307875 0.736621 0.336602 0.514662
4 0.165548 0.75608 0.32915 0.469981
3 0.307875 0.736621 0.336602 0.514662
3 0.108132 0.123627 0.216264 0.247254
0 0.421091 0.778795 0.593698 0.427849
0 0.591172 0.739273 0.360614 0.521454
0 0.946527 0.795128 0.106947 0.409743
4 0.377649 0.774293 0.409776 0.451414
0 0.742193 0.0610094 0.515613 0.122019
4 0.0840192 0.766422 0.168038 0.452966
4 0.813997 0.758853 0.372005 0.482294
0 0.0260768 0.282642 0.0521537 0.565283
4 0.938494 0.588879 0.123013 0.822243
4 0.335741 0.732381 0.642864 0.535239
4 0.0304087 0.792806 0.0608175 0.414387
3 0.335741 0.732381 0.642864 0.535239
4 0.421091 0.778795 0.593698 0.427849
3 0.0796178 0.759397 0.159236 0.472931
4 0.524803 0.740473 0.360472 0.519054
4 0.472231 0.499546 0.404255 0.986286
0 0.40875 0.182405 0.475761 0.36481
4 0.616352 0.0516583 0.767296 0.103317
0 0.872528 0.169798 0.254943 0.339597
4 0.591172 0.739273 0.360614 0.521454
0 0.944886 0.264348 0.110228 0.498407
4 0.814375 0.0688 0.37125 0.1376
0 0.899809 0.688935 0.200382 0.622131
3 0.424921 0.560339 0.0663515 0.162676
3 0.065029 0.715661 0.130058 0.479404
3 0.813997 0.758853 0.372005 0.482294
1 0.436248 0.730583 0.498717 0.53867
4 0.449733 0.75608 0.542523 0.48784
0 0.568044 0.320013 0.674006 0.640026
0 0.450633 0.223223 0.472652 0.446445
0 0.192933 0.109433 0.385865 0.218866
3 0.645589 0.757619 0.256531 0.467537
3 0.0637584 0.594989 0.127517 0.810021
4 0.0268368 0.790008 0.0536736 0.419985
0 0.0378292 0.244067 0.0756584 0.488134
4 0.872528 0.169798 0.254943 0.339597
4 0.424921 0.560339 0.0663515 0.162676
3 0.51027 0.754057 0.496521 0.483571
0 0.36161 0.47193 0.228894 0.88762
4 0.777046 0.554303 0.445907 0.891393
3 0.5146 0.663909 0.280478 0.368084
4 0.098033 0.134724 0.196066 0.269449
3 0.714461 0.755813 0.37851 0.484726
0 0.352593 0.365222 0.208691 0.682969
4 0.870051 0.566752 0.259898 0.866496
4 0.0227612 0.499487 0.0455225 0.857765
4 0.0238357 0.677492 0.0476715 0.637689
3 0.40875 0.182405 0.475761 0.36481
0 0.847316 0.413286 0.305367 0.826572
4 0.116707 0.802115 0.230578 0.395769
2 0.424921 0.560339 0.0663515 0.162676
3 0.450633 0.223223 0.472652 0.446445
0 0.0304087 0.792806 0.0608175 0.414387
4 0.0260768 0.282642 0.0521537 0.565283
0 0.142153 0.641546 0.244021 0.629952
4 0.352593 0.365222 0.208691 0.682969
4 0.141148 0.549086 0.263394 0.901828
0 0.765478 0.239119 0.469044 0.478238
3 0.535454 0.240201 0.587295 0.480402
2 0.5146 0.663909 0.280478 0.368084
2 0.470716 0.523306 0.159188 0.0990843
0 0.494437 0.50313 0.41233 0.99374
4 0.944886 0.264348 0.110228 0.498407
0 0.934007 0.431791 0.131986 0.784819
4 0.638427 0.245762 0.683928 0.491524
4 0.334513 0.311181 0.408809 0.622361
4 0.0378292 0.244067 0.0756584 0.488134
2 0.436248 0.730583 0.498717 0.53867
4 0.36161 0.47193 0.228894 0.88762
4 0.934007 0.431791 0.131986 0.784819
1 0.539288 0.742737 0.471566 0.514527
2 0.303046 0.704151 0.250606 0.485693
4 0.730842 0.257662 0.538316 0.515325
3 0.425074 0.777042 0.555383 0.434486
4 0.065029 0.715661 0.130058 0.479404
4 0.5146 0.663909 0.280478 0.368084
1 0.426539 0.518647 0.0563365 0.0733252
0 0.108132 0.123627 0.216264 0.247254
4 0.534869 0.507818 0.569446 0.984363
4 0.742193 0.0610094 0.515613 0.122019
2 0.591172 0.739273 0.360614 0.521454
4 0.792886 0.208206 0.414227 0.416412
4 0.568044 0.320013 0.674006 0.640026
4 0.237165 0.465033 0.144098 0.637969
2 0.225451 0.729171 0.442228 0.507945
4 0.803466 0.411853 0.393068 0.823707
1 0.426576 0.451499 0.0627207 0.22576
4 0.142153 0.641546 0.244021 0.629952
0 0.283729 0.78178 0.553202 0.426419
1 0.349312 0.779875 0.657974 0.420369
0 0.724923 0.747585 0.410664 0.50483
1 0.155144 0.773092 0.304925 0.441057
0 0.145953 0.271689 0.291905 0.543378
4 0.161815 0.685807 0.300037 0.450897
4 0.851273 0.467479 0.297454 0.910625
0 0.141148 0.549086 0.263394 0.901828
0 0.938494 0.588879 0.123013 0.822243
4 0.332307 0.151743 0.664614 0.303486
4 0.145953 0.271689 0.291905 0.543378
4 0.0637584 0.594989 0.127517 0.810021
4 0.385388 0.682398 0.146742 0.414783
0 0.779485 0.364123 0.411452 0.725151
0 0.377649 0.774293 0.409776 0.451414
4 0.682351 0.379675 0.490797 0.75935
4 0.144497 0.411883 0.287322 0.823766
4 0.117235 0.708731 0.233887 0.582539
2 0.142153 0.641546 0.244021 0.629952
2 0.777046 0.554303 0.445907 0.891393
2 0.482705 0.299091 0.457523 0.598181
4 0.879854 0.396894 0.240292 0.793788
1 0.847962 0.748865 0.304077 0.502271
4 0.622663 0.0942475 0.75131 0.188495
4 0.108132 0.123627 0.216264 0.247254
0 0.13985 0.324738 0.272019 0.649475
0 0.222606 0.553092 0.127388 0.382223
4 0.0809772 0.253246 0.161954 0.506493
1 0.645589 0.757619 0.256531 0.467537
4 0.192933 0.109433 0.385865 0.218866
0 0.244428 0.779878 0.459583 0.440244
0 0.870051 0.566752 0.259898 0.866496
0 0.939142 0.655627 0.121717 0.58018
4 0.303046 0.704151 0.250606 0.485693
2 0.131839 0.744143 0.262517 0.507452
4 0.233108 0.333283 0.466217 0.666565
4 0.52672 0.439311 0.448942 0.865154
2 0.944185 0.777426 0.11163 0.445147
4 0.126357 0.227659 0.252715 0.455319
4 0.643787 0.51798 0.629615 0.958391
4 0.222606 0.553092 0.127388 0.382223
4 0.498 0.546932 0.272855 0.906136
4 0.0601058 0.429632 0.120212 0.846504
0 0.682351 0.379675 0.490797 0.75935
1 0.214335 0.756349 0.425143 0.466074
2 0.447908 0.39619 0.391926 0.783644
2 0.161815 0.685807 0.300037 0.450897
2 0.15377 0.36725 0.307539 0.7345
2 0.502955 0.742478 0.500265 0.515044
1 0.944185 0.777426 0.11163 0.445147
2 0.638427 0.245762 0.683928 0.491524
2 0.924191 0.723121 0.151619 0.531581
2 0.229637 0.322373 0.275073 0.642143
2 0.141148 0.549086 0.263394 0.901828
2 0.385388 0.682398 0.146742 0.414783
0 0.0637584 0.594989 0.127517 0.810021
1 0.0703548 0.801196 0.140573 0.385796
2 0.779485 0.364123 0.411452 0.725151
2 0.425895 0.47183 0.0686304 0.246376
4 0.24882 0.355192 0.190168 0.676513
0 0.237165 0.465033 0.144098 0.637969
0 0.233108 0.333283 0.466217 0.666565
4 0.3279 0.536707 0.194969 0.777313
2 0.64528 0.744396 0.292745 0.511207
2 0.0919274 0.784934 0.183855 0.430131
4 0.470716 0.523306 0.159188 0.0990843
2 0.332307 0.151743 0.664614 0.303486
2 0.851273 0.467479 0.297454 0.910625
2 0.944886 0.264348 0.110228 0.498407
2 0.934007 0.431791 0.131986 0.784819
1 0.44248 0.258193 0.372527 0.513261
