0 0.568151 0.682613 0.25156 0.321875
0 0.940702 0.516654 0.102631 0.059884
1 0.564868 0.685035 0.245503 0.316942
0 0.931829 0.520072 0.0897814 0.0456697
0 0.944182 0.44059 0.0985619 0.215114
2 0.564874 0.679959 0.245799 0.320813
0 0.231839 0.64835 0.458477 0.324543
0 0.834306 0.763152 0.331388 0.456616
0 0.250275 0.741307 0.496563 0.51375
0 0.742532 0.709331 0.514935 0.389133
4 0.567847 0.684589 0.252683 0.315411
0 0.480333 0.615637 0.0907215 0.285788
0 0.94043 0.40294 0.107677 0.320239
0 0.565026 0.0278874 0.869949 0.0557749
3 0.527303 0.380154 0.521414 0.760308
0 0.886459 0.732888 0.222984 0.514277
0 0.368183 0.739572 0.625015 0.520855
3 0.537705 0.764692 0.51812 0.470617
3 0.687151 0.768867 0.6107 0.438102
0 0.649254 0.0405583 0.701491 0.0811165
3 0.835696 0.708761 0.313231 0.582478
3 0.570823 0.426225 0.304867 0.844539
3 0.566656 0.75731 0.304314 0.436834
3 0.652245 0.708774 0.386566 0.355047
1 0.940702 0.516654 0.102631 0.059884
4 0.687151 0.768867 0.6107 0.438102
4 0.566656 0.75731 0.304314 0.436834
0 0.428288 0.0299563 0.856575 0.0599126
4 0.537705 0.764692 0.51812 0.470617
4 0.940702 0.516654 0.102631 0.059884
3 0.345267 0.782837 0.436494 0.434326
1 0.944182 0.44059 0.0985619 0.215114
3 0.251791 0.78778 0.427703 0.42444
3 0.132462 0.409968 0.264925 0.819936
3 0.72099 0.767745 0.549702 0.464509
0 0.690201 0.0598298 0.619599 0.11966
3 0.935469 0.329791 0.129062 0.626853
3 0.338425 0.478507 0.330515 0.937682
3 0.569446 0.660721 0.262036 0.389558
3 0.885663 0.349273 0.228674 0.684061
3 0.849035 0.327521 0.30193 0.655042
0 0.940611 0.514228 0.118777 0.0622897
3 0.22165 0.651882 0.434155 0.31963
3 0.832794 0.771105 0.334413 0.457789
3 0.746322 0.506485 0.499428 0.98703
0 0.942829 0.57532 0.109764 0.181842
3 0.940702 0.516654 0.102631 0.059884
3 0.749169 0.305583 0.501661 0.611165
0 0.561066 0.753776 0.253739 0.429884
3 0.932928 0.777997 0.134144 0.444007
3 0.94043 0.40294 0.107677 0.320239
3 0.418582 0.781503 0.391544 0.436994
3 0.249032 0.492431 0.466721 0.984862
0 0.77261 0.0811189 0.45478 0.162238
3 0.47644 0.563983 0.0980356 0.38976
2 0.940702 0.516654 0.102631 0.059884
4 0.546952 0.744848 0.30211 0.510305
4 0.22937 0.646987 0.448909 0.319654
3 0.428288 0.0299563 0.856575 0.0599126
3 0.243065 0.322918 0.4024 0.645836
0 0.546952 0.744848 0.30211 0.510305
3 0.930431 0.558634 0.139138 0.165038
0 0.571984 0.270131 0.722232 0.540262
3 0.465105 0.432681 0.43762 0.865362
0 0.129198 0.739906 0.258396 0.520183
3 0.640769 0.310156 0.718462 0.620312
3 0.166227 0.341261 0.321618 0.682522
3 0.174831 0.815613 0.329861 0.368774
3 0.718696 0.0772039 0.562609 0.154408
3 0.497937 0.599179 0.122416 0.457363
3 0.183083 0.742736 0.365113 0.514528
4 0.250275 0.741307 0.496563 0.51375
0 0.850436 0.708396 0.286992 0.581864
4 0.944182 0.44059 0.0985619 0.215114
3 0.236331 0.703569 0.466538 0.470813
3 0.63242 0.0320205 0.73516 0.064041
4 0.72099 0.767745 0.549702 0.464509
3 0.170009 0.469871 0.337678 0.937185
3 0.276407 0.301387 0.552814 0.602775
4 0.834571 0.76969 0.329137 0.460621
3 0.304189 0.792715 0.500743 0.41457
4 0.908906 0.699275 0.182188 0.60145
3 0.364356 0.25493 0.32475 0.502322
3 0.925864 0.741569 0.148272 0.516861
3 0.380385 0.214964 0.760769 0.429929
4 0.592442 0.0272953 0.815117 0.0545906
3 0.79154 0.329699 0.41692 0.649936
3 0.940611 0.514228 0.118777 0.0622897
3 0.908906 0.699275 0.182188 0.60145
3 0.133647 0.305309 0.267295 0.610618
3 0.378278 0.060254 0.756555 0.120508
1 0.942829 0.57532 0.109764 0.181842
2 0.546952 0.744848 0.30211 0.510305
3 0.0362787 0.349974 0.0725574 0.699948
3 0.12334 0.837723 0.244103 0.324555
0 0.687333 0.347328 0.619984 0.694657
3 0.0269482 0.625733 0.0538964 0.730696
3 0.825267 0.283871 0.349466 0.567742
3 0.0340221 0.412999 0.0680441 0.825998
0 0.79154 0.329699 0.41692 0.649936
0 0.378278 0.060254 0.756555 0.120508
0 0.0309238 0.548924 0.0618476 0.791392
3 0.0137596 0.769083 0.0275192 0.461834
4 0.925864 0.741569 0.148272 0.516861
3 0.49787 0.285794 0.509927 0.571587
3 0.625386 0.421249 0.51995 0.842499
3 0.427996 0.300702 0.380935 0.601403
0 0.92959 0.776712 0.140819 0.446577
0 0.124019 0.150806 0.248039 0.301612
0 0.06486 0.833789 0.129575 0.32287
0 0.313775 0.0793744 0.62755 0.158749
3 0.313775 0.0793744 0.62755 0.158749
4 0.345267 0.782837 0.436494 0.434326
3 0.505486 0.768755 0.381774 0.46249
4 0.932928 0.777997 0.134144 0.444007
0 0.611767 0.732968 0.331038 0.420025
3 0.0332708 0.487534 0.0665415 0.92169
3 0.124019 0.150806 0.248039 0.301612
4 0.118792 0.749254 0.237584 0.48938
4 0.649254 0.0405583 0.701491 0.0811165
0 0.448762 0.772014 0.489174 0.437897
3 0.769715 0.74945 0.460569 0.487877
0 0.56096 0.414627 0.516083 0.829254
0 0.652245 0.708774 0.386566 0.355047
3 0.448762 0.772014 0.489174 0.437897
4 0.418582 0.781503 0.391544 0.436994
3 0.0230997 0.80681 0.0461993 0.38638
0 0.122586 0.663553 0.245171 0.356658
3 0.611767 0.732968 0.331038 0.420025
0 0.930431 0.558634 0.139138 0.165038
3 0.332871 0.737283 0.643405 0.507754
3 0.141017 0.763107 0.280395 0.462257
4 0.687482 0.302195 0.625037 0.60439
4 0.448762 0.772014 0.489174 0.437897
4 0.166238 0.737345 0.331201 0.511882
2 0.944182 0.44059 0.0985619 0.215114
4 0.56096 0.414627 0.516083 0.829254
3 0.942829 0.57532 0.109764 0.181842
3 0.0439251 0.267077 0.0878502 0.534155
0 0.724492 0.450617 0.551015 0.901234
3 0.436448 0.280442 0.735647 0.560883
4 0.77261 0.0811189 0.45478 0.162238
0 0.943749 0.373212 0.112502 0.513427
0 0.0250172 0.671797 0.0500344 0.656407
4 0.366474 0.202923 0.732947 0.405846
0 0.113644 0.827915 0.225263 0.334367
4 0.368183 0.739572 0.625015 0.520855
0 0.089717 0.828188 0.179434 0.343624
3 0.0309238 0.548924 0.0618476 0.791392
3 0.944182 0.44059 0.0985619 0.215114
3 0.239123 0.11255 0.478246 0.2251
4 0.571984 0.270131 0.722232 0.540262
4 0.428288 0.0299563 0.856575 0.0599126
3 0.562193 0.263761 0.791554 0.527521
4 0.94043 0.40294 0.107677 0.320239
0 0.932928 0.777997 0.134144 0.444007
3 0.206592 0.800254 0.395158 0.396001
4 0.79154 0.329699 0.41692 0.649936
4 0.0937384 0.784747 0.1871 0.423449
2 0.837849 0.744682 0.324302 0.493629
4 0.724492 0.450617 0.551015 0.901234
4 0.690201 0.0598298 0.619599 0.11966
4 0.251791 0.78778 0.427703 0.42444
4 0.304189 0.792715 0.500743 0.41457
0 0.0937384 0.784747 0.1871 0.423449
3 0.131172 0.549655 0.262343 0.827007
4 0.943749 0.373212 0.112502 0.513427
0 0.0153267 0.799462 0.0306534 0.401077
3 0.0856559 0.33399 0.171312 0.659756
3 0.103878 0.309854 0.207756 0.619708
4 0.465105 0.432681 0.43762 0.865362
3 0.122586 0.663553 0.245171 0.356658
4 0.0230997 0.80681 0.0461993 0.38638
3 0.167308 0.129216 0.334615 0.258431
4 0.614447 0.65701 0.339639 0.551487
4 0.436448 0.280442 0.735647 0.560883
2 0.395103 0.785474 0.586905 0.405736
4 0.825267 0.283871 0.349466 0.567742
1 0.94043 0.40294 0.107677 0.320239
0 0.418582 0.781503 0.391544 0.436994
4 0.562522 0.42488 0.334505 0.84976
0 0.559351 0.284512 0.539444 0.569024
0 0.239123 0.11255 0.478246 0.2251
0 0.825267 0.283871 0.349466 0.567742
4 0.533391 0.275225 0.527354 0.55045
4 0.174831 0.815613 0.329861 0.368774
4 0.427996 0.300702 0.380935 0.601403
0 0.0230997 0.80681 0.0461993 0.38638
0 0.0332708 0.487534 0.0665415 0.92169
2 0.886459 0.732888 0.222984 0.514277
4 0.652245 0.708774 0.386566 0.355047
4 0.122586 0.663553 0.245171 0.356658
3 0.089717 0.828188 0.179434 0.343624
4 0.835696 0.708761 0.313231 0.582478
0 0.0344674 0.289891 0.0689347 0.579782
4 0.47644 0.563983 0.0980356 0.38976
0 0.167308 0.129216 0.334615 0.258431
4 0.0137596 0.769083 0.0275192 0.461834
4 0.0439251 0.267077 0.0878502 0.534155
4 0.394157 0.47746 0.351437 0.95492
4 0.124019 0.150806 0.248039 0.301612
3 0.944119 0.455775 0.111762 0.20133
3 0.0937384 0.784747 0.1871 0.423449
1 0.137073 0.83213 0.268262 0.322255
0 0.47644 0.563983 0.0980356 0.38976
4 0.0362787 0.349974 0.0725574 0.699948
0 0.497937 0.599179 0.122416 0.457363
4 0.0332708 0.487534 0.0665415 0.92169
0 0.908906 0.699275 0.182188 0.60145
2 0.742532 0.709331 0.514935 0.389133
4 0.932795 0.312488 0.134409 0.624976
0 0.162707 0.319622 0.325414 0.639244
4 0.089717 0.828188 0.179434 0.343624
4 0.0309238 0.548924 0.0618476 0.791392
4 0.769715 0.74945 0.460569 0.487877
4 0.0340221 0.412999 0.0680441 0.825998
0 0.72099 0.767745 0.549702 0.464509
0 0.932795 0.312488 0.134409 0.624976
4 0.0250172 0.671797 0.0500344 0.656407
4 0.378278 0.060254 0.756555 0.120508
4 0.398201 0.24392 0.323987 0.476213
4 0.930431 0.558634 0.139138 0.165038
0 0.345267 0.782837 0.436494 0.434326
0 0.42954 0.250783 0.375479 0.499227
4 0.170009 0.469871 0.337678 0.937185
4 0.12334 0.837723 0.244103 0.324555
0 0.0340221 0.412999 0.0680441 0.825998
3 0.06486 0.833789 0.129575 0.32287
4 0.849035 0.327521 0.30193 0.655042
1 0.217049 0.650439 0.429415 0.3303
0 0.380385 0.214964 0.760769 0.429929
0 0.749169 0.305583 0.501661 0.611165
0 0.885663 0.349273 0.228674 0.684061
1 0.06486 0.833789 0.129575 0.32287
0 0.562522 0.42488 0.334505 0.84976
0 0.276407 0.301387 0.552814 0.602775
4 0.940611 0.514228 0.118777 0.0622897
0 0.436448 0.280442 0.735647 0.560883
3 0.480333 0.615637 0.0907215 0.285788
4 0.06486 0.833789 0.129575 0.32287
4 0.206592 0.800254 0.395158 0.396001
1 0.837983 0.731495 0.324033 0.537011
1 0.188705 0.754035 0.373819 0.478851
4 0.337723 0.430119 0.310521 0.858658
2 0.368183 0.739572 0.625015 0.520855
0 0.473487 0.291932 0.455467 0.583864
4 0.886459 0.732888 0.222984 0.514277
0 0.792711 0.689425 0.321336 0.62115
4 0.944119 0.455775 0.111762 0.20133
4 0.497937 0.599179 0.122416 0.457363
0 0.364356 0.25493 0.32475 0.502322
0 0.944119 0.455775 0.111762 0.20133
4 0.885663 0.349273 0.228674 0.684061
0 0.251791 0.78778 0.427703 0.42444
4 0.313775 0.0793744 0.62755 0.158749
4 0.276407 0.301387 0.552814 0.602775
2 0.558182 0.753439 0.266262 0.428731
4 0.131172 0.549655 0.262343 0.827007
2 0.611767 0.732968 0.331038 0.420025
2 0.12334 0.837723 0.244103 0.324555
0 0.340503 0.784613 0.563277 0.410885
2 0.236331 0.703569 0.466538 0.470813
2 0.47644 0.563983 0.0980356 0.38976
0 0.22983 0.483877 0.448125 0.953794
0 0.146943 0.44832 0.287542 0.89664
2 0.166227 0.341261 0.321618 0.682522
4 0.133647 0.305309 0.267295 0.610618
0 0.849035 0.327521 0.30193 0.655042
1 0.738528 0.757681 0.522944 0.47139
1 0.562522 0.42488 0.334505 0.84976
4 0.103878 0.309854 0.207756 0.619708
0 0.206592 0.800254 0.395158 0.396001
4 0.239123 0.11255 0.478246 0.2251
4 0.243065 0.322918 0.4024 0.645836
4 0.242046 0.490309 0.479639 0.971435
0 0.828109 0.62621 0.320328 0.680455
3 0.886459 0.732888 0.222984 0.514277
4 0.167308 0.129216 0.334615 0.258431
2 0.089717 0.828188 0.179434 0.343624
2 0.141017 0.763107 0.280395 0.462257
4 0.132462 0.409968 0.264925 0.819936
1 0.497937 0.599179 0.122416 0.457363
2 0.418582 0.781503 0.391544 0.436994
0 0.243065 0.322918 0.4024 0.645836
2 0.243065 0.322918 0.4024 0.645836
0 0.686808 0.774826 0.62586 0.440496
2 0.79154 0.329699 0.41692 0.649936
0 0.103878 0.309854 0.207756 0.619708
0 0.174831 0.815613 0.329861 0.368774
2 0.932712 0.396718 0.12122 0.373343
2 0.932928 0.777997 0.134144 0.444007
2 0.944119 0.455775 0.111762 0.20133
2 0.237385 0.79454 0.447183 0.41092
4 0.166227 0.341261 0.321618 0.682522
2 0.745547 0.5 0.483263 1
2 0.341523 0.481005 0.324503 0.962011
2 0.930431 0.558634 0.139138 0.165038
1 0.92959 0.776712 0.140819 0.446577
2 0.578572 0.431118 0.330809 0.862236
1 0.385646 0.754018 0.606262 0.449791
0 0.568159 0.682618 0.251559 0.32184
0 0.940713 0.51666 0.102657 0.0598488
1 0.564888 0.685033 0.245502 0.316916
0 0.931836 0.520089 0.0897827 0.0456476
0 0.944184 0.440595 0.0985989 0.21508
2 0.564872 0.679995 0.245802 0.320746
0 0.231744 0.648212 0.458329 0.324345
0 0.834312 0.763143 0.331375 0.456633
0 0.249811 0.741361 0.49566 0.513858
4 0.567855 0.684629 0.252684 0.315324
0 0.742573 0.709355 0.514853 0.389058
0 0.480299 0.617069 0.090592 0.288666
0 0.940432 0.402947 0.1077 0.320245
0 0.564634 0.0279296 0.870732 0.0558592
3 0.527491 0.375505 0.52248 0.75101
3 0.538299 0.764666 0.516934 0.470668
0 0.886871 0.732931 0.222111 0.513952
0 0.367963 0.739572 0.625354 0.520855
3 0.68733 0.768832 0.610684 0.438115
3 0.835707 0.708848 0.313212 0.582303
3 0.570751 0.425576 0.305802 0.845743
0 0.64893 0.0405133 0.70214 0.0810267
3 0.566634 0.757248 0.304043 0.436865
3 0.652658 0.708814 0.387383 0.355002
1 0.940713 0.51666 0.102657 0.0598488
4 0.68733 0.768832 0.610684 0.438115
4 0.566634 0.757248 0.304043 0.436865
4 0.538299 0.764666 0.516934 0.470668
4 0.940713 0.51666 0.102657 0.0598488
0 0.428352 0.0299878 0.856704 0.0599757
3 0.344326 0.782793 0.433687 0.434414
1 0.944184 0.440595 0.0985989 0.21508
3 0.25117 0.787616 0.426478 0.424768
3 0.132434 0.410715 0.264868 0.821429
3 0.721581 0.767732 0.548455 0.464536
3 0.935466 0.329797 0.129069 0.626749
3 0.338223 0.477737 0.330665 0.938033
0 0.690337 0.0599565 0.619325 0.119913
3 0.569451 0.660732 0.262001 0.389501
3 0.885824 0.349187 0.228352 0.683907
3 0.849252 0.327664 0.301496 0.655328
3 0.832784 0.771094 0.334432 0.457813
3 0.746142 0.506516 0.499741 0.986968
3 0.221605 0.65178 0.434092 0.319476
0 0.940625 0.514241 0.118749 0.0622684
3 0.940713 0.51666 0.102657 0.0598488
0 0.942849 0.575303 0.109733 0.18178
3 0.749632 0.305579 0.500737 0.611159
3 0.933093 0.777937 0.133814 0.444126
3 0.940432 0.402947 0.1077 0.320245
3 0.418498 0.781726 0.389248 0.436549
3 0.248961 0.491602 0.466888 0.983205
0 0.561117 0.753774 0.253662 0.429851
3 0.476393 0.563846 0.0981255 0.390729
4 0.547022 0.744813 0.301937 0.510374
2 0.940713 0.51666 0.102657 0.0598488
4 0.229329 0.646877 0.448815 0.319477
3 0.243507 0.322406 0.401809 0.644812
3 0.428352 0.0299878 0.856704 0.0599757
0 0.772712 0.0813053 0.454577 0.162611
3 0.930481 0.558636 0.139038 0.164954
3 0.465508 0.430668 0.438811 0.861336
3 0.166276 0.341899 0.321615 0.683797
3 0.640666 0.310741 0.718668 0.621482
0 0.547022 0.744813 0.301937 0.510374
3 0.174759 0.815643 0.329751 0.368714
3 0.719008 0.0774559 0.561984 0.154912
0 0.129453 0.739903 0.258905 0.520195
0 0.572067 0.269672 0.721098 0.539345
3 0.498412 0.599165 0.123589 0.458315
3 0.183291 0.742736 0.365537 0.514528
4 0.249811 0.741361 0.49566 0.513858
4 0.944184 0.440595 0.0985989 0.21508
3 0.236212 0.702411 0.46643 0.468032
3 0.632278 0.031926 0.735444 0.0638519
3 0.275865 0.301585 0.551731 0.60317
4 0.721581 0.767732 0.548455 0.464536
0 0.850642 0.70877 0.28641 0.581226
3 0.170476 0.469453 0.33861 0.936247
4 0.834559 0.769678 0.329128 0.460644
3 0.302568 0.792785 0.497323 0.41443
4 0.909005 0.699407 0.18199 0.601187
3 0.365 0.254056 0.322979 0.499966
3 0.380025 0.214942 0.760051 0.429883
3 0.9259 0.741629 0.148201 0.516743
4 0.592445 0.0272693 0.81511 0.0545387
3 0.791834 0.329279 0.416332 0.648999
3 0.940625 0.514241 0.118749 0.0622684
3 0.909005 0.699407 0.18199 0.601187
3 0.133681 0.30543 0.267362 0.610861
3 0.378118 0.0605022 0.756237 0.121004
1 0.942849 0.575303 0.109733 0.18178
2 0.547022 0.744813 0.301937 0.510374
3 0.0362753 0.35032 0.0725507 0.70064
3 0.0271517 0.62598 0.0543035 0.730751
3 0.123492 0.837865 0.244412 0.324271
3 0.825287 0.283735 0.349426 0.567469
3 0.0340478 0.412972 0.0680955 0.825945
0 0.688217 0.344953 0.618067 0.689906
3 0.0138764 0.769058 0.0277528 0.461885
4 0.9259 0.741629 0.148201 0.516743
3 0.62591 0.420601 0.521198 0.841201
3 0.497958 0.28558 0.509623 0.57116
0 0.791834 0.329279 0.416332 0.648999
0 0.378118 0.0605022 0.756237 0.121004
0 0.0310567 0.549365 0.0621135 0.790635
3 0.313573 0.0795906 0.627146 0.159181
4 0.344326 0.782793 0.433687 0.434414
3 0.50589 0.768922 0.381121 0.462156
0 0.929968 0.77673 0.140065 0.44654
0 0.124304 0.150854 0.248609 0.301708
0 0.0649599 0.833996 0.129776 0.322489
0 0.313573 0.0795906 0.627146 0.159181
3 0.0333368 0.487592 0.0666737 0.921147
4 0.933093 0.777937 0.133814 0.444126
3 0.124304 0.150854 0.248609 0.301708
4 0.119187 0.749121 0.238374 0.489669
0 0.611817 0.733095 0.331134 0.420155
4 0.64893 0.0405133 0.70214 0.0810267
3 0.769507 0.749525 0.460987 0.48778
4 0.418498 0.781726 0.389248 0.436549
3 0.448841 0.77201 0.489044 0.437891
0 0.448841 0.77201 0.489044 0.437891
3 0.0231963 0.806742 0.0463925 0.386516
0 0.561334 0.413517 0.517536 0.827033
3 0.332526 0.737322 0.642793 0.507869
3 0.611817 0.733095 0.331134 0.420155
3 0.14135 0.762893 0.281064 0.462741
4 0.687782 0.301955 0.624436 0.60391
4 0.448841 0.77201 0.489044 0.437891
4 0.166425 0.737406 0.331579 0.511804
2 0.944184 0.440595 0.0985989 0.21508
0 0.12283 0.66329 0.245661 0.356113
0 0.652658 0.708814 0.387383 0.355002
4 0.561334 0.413517 0.517536 0.827033
0 0.930481 0.558636 0.139038 0.164954
3 0.0439086 0.267317 0.0878172 0.534634
3 0.942849 0.575303 0.109733 0.18178
3 0.43675 0.279991 0.73359 0.559982
4 0.772712 0.0813053 0.454577 0.162611
4 0.365924 0.202756 0.731849 0.405512
0 0.72464 0.44869 0.55072 0.89738
3 0.429314 0.250276 0.374617 0.498066
4 0.367963 0.739572 0.625354 0.520855
3 0.0310567 0.549365 0.0621135 0.790635
3 0.238997 0.112619 0.477993 0.225239
0 0.943738 0.373057 0.112523 0.513465
4 0.572067 0.269672 0.721098 0.539345
3 0.944184 0.440595 0.0985989 0.21508
0 0.0252622 0.672082 0.0505243 0.655835
3 0.562439 0.26221 0.792103 0.52442
4 0.428352 0.0299878 0.856704 0.0599757
4 0.940432 0.402947 0.1077 0.320245
3 0.206301 0.800352 0.394509 0.395866
0 0.0900577 0.828283 0.180115 0.343435
0 0.113759 0.828342 0.225492 0.333575
4 0.791834 0.329279 0.416332 0.648999
4 0.0941612 0.784581 0.187948 0.423806
4 0.72464 0.44869 0.55072 0.89738
2 0.837827 0.744786 0.324346 0.493482
4 0.690337 0.0599565 0.619325 0.119913
0 0.933093 0.777937 0.133814 0.444126
4 0.25117 0.787616 0.426478 0.424768
4 0.302568 0.792785 0.497323 0.41443
3 0.13118 0.549918 0.26236 0.825533
4 0.943738 0.373057 0.112523 0.513465
0 0.0941612 0.784581 0.187948 0.423806
3 0.0855539 0.334584 0.171108 0.661005
4 0.465508 0.430668 0.438811 0.861336
3 0.10391 0.310151 0.20782 0.620302
3 0.12283 0.66329 0.245661 0.356113
4 0.0231963 0.806742 0.0463925 0.386516
3 0.167363 0.129328 0.334725 0.258657
0 0.015437 0.799481 0.030874 0.401038
4 0.43675 0.279991 0.73359 0.559982
4 0.614384 0.658196 0.339394 0.549278
4 0.825287 0.283735 0.349426 0.567469
2 0.395209 0.785631 0.586578 0.405484
1 0.940432 0.402947 0.1077 0.320245
4 0.562342 0.424875 0.335276 0.84975
4 0.533355 0.27527 0.527122 0.550539
0 0.559531 0.284393 0.540029 0.568786
0 0.418498 0.781726 0.389248 0.436549
4 0.428045 0.299574 0.380525 0.599149
4 0.174759 0.815643 0.329751 0.368714
0 0.825287 0.283735 0.349426 0.567469
0 0.238997 0.112619 0.477993 0.225239
2 0.886871 0.732931 0.222111 0.513952
4 0.652658 0.708814 0.387383 0.355002
4 0.12283 0.66329 0.245661 0.356113
0 0.0231963 0.806742 0.0463925 0.386516
0 0.0333368 0.487592 0.0666737 0.921147
3 0.0900577 0.828283 0.180115 0.343435
4 0.835707 0.708848 0.313212 0.582303
4 0.476393 0.563846 0.0981255 0.390729
4 0.394759 0.476932 0.352054 0.953865
4 0.0138764 0.769058 0.0277528 0.461885
4 0.0439086 0.267317 0.0878172 0.534634
4 0.124304 0.150854 0.248609 0.301708
3 0.944121 0.455794 0.111758 0.201271
3 0.0941612 0.784581 0.187948 0.423806
0 0.0344579 0.290244 0.0689158 0.580487
4 0.0362753 0.35032 0.0725507 0.70064
1 0.137234 0.832345 0.268571 0.321895
0 0.167363 0.129328 0.334725 0.258657
4 0.0333368 0.487592 0.0666737 0.921147
2 0.742573 0.709355 0.514853 0.389058
4 0.932834 0.31246 0.134332 0.624919
0 0.476393 0.563846 0.0981255 0.390729
4 0.0900577 0.828283 0.180115 0.343435
0 0.498412 0.599165 0.123589 0.458315
4 0.0310567 0.549365 0.0621135 0.790635
4 0.769507 0.749525 0.460987 0.48778
4 0.0340478 0.412972 0.0680955 0.825945
0 0.909005 0.699407 0.18199 0.601187
0 0.162715 0.319729 0.325431 0.639458
4 0.0252622 0.672082 0.0505243 0.655835
4 0.378118 0.0605022 0.756237 0.121004
4 0.398139 0.243343 0.32329 0.474907
0 0.721581 0.767732 0.548455 0.464536
4 0.930481 0.558636 0.139038 0.164954
0 0.932834 0.31246 0.134332 0.624919
4 0.170476 0.469453 0.33861 0.936247
1 0.217029 0.650417 0.429376 0.330232
4 0.123492 0.837865 0.244412 0.324271
3 0.0649599 0.833996 0.129776 0.322489
4 0.849252 0.327664 0.301496 0.655328
0 0.429314 0.250276 0.374617 0.498066
0 0.344326 0.782793 0.433687 0.434414
0 0.0340478 0.412972 0.0680955 0.825945
1 0.0649599 0.833996 0.129776 0.322489
0 0.380025 0.214942 0.760051 0.429883
3 0.480299 0.617069 0.090592 0.288666
4 0.940625 0.514241 0.118749 0.0622684
4 0.206301 0.800352 0.394509 0.395866
4 0.0649599 0.833996 0.129776 0.322489
1 0.837975 0.731574 0.32405 0.536851
0 0.749632 0.305579 0.500737 0.611159
4 0.338958 0.429143 0.308801 0.856455
1 0.188766 0.753838 0.373943 0.479298
0 0.885824 0.349187 0.228352 0.683907
0 0.562342 0.424875 0.335276 0.84975
0 0.275865 0.301585 0.551731 0.60317
0 0.43675 0.279991 0.73359 0.559982
4 0.886871 0.732931 0.222111 0.513952
2 0.367963 0.739572 0.625354 0.520855
4 0.944121 0.455794 0.111758 0.201271
4 0.498412 0.599165 0.123589 0.458315
0 0.47341 0.291523 0.455094 0.583045
4 0.885824 0.349187 0.228352 0.683907
0 0.792971 0.691907 0.319506 0.616187
4 0.313573 0.0795906 0.627146 0.159181
4 0.275865 0.301585 0.551731 0.60317
0 0.365 0.254056 0.322979 0.499966
2 0.558174 0.753412 0.266184 0.428746
4 0.13118 0.549918 0.26236 0.825533
2 0.611817 0.733095 0.331134 0.420155
0 0.944121 0.455794 0.111758 0.201271
2 0.123492 0.837865 0.244412 0.324271
0 0.25117 0.787616 0.426478 0.424768
2 0.236212 0.702411 0.46643 0.468032
2 0.476393 0.563846 0.0981255 0.390729
0 0.339965 0.784725 0.561267 0.410743
2 0.166276 0.341899 0.321615 0.683797
0 0.229814 0.483287 0.448093 0.951134
4 0.133681 0.30543 0.267362 0.610861
1 0.738647 0.757716 0.522707 0.471367
0 0.147044 0.448823 0.287741 0.897646
1 0.562342 0.424875 0.335276 0.84975
4 0.10391 0.310151 0.20782 0.620302
0 0.849252 0.327664 0.301496 0.655328
4 0.238997 0.112619 0.477993 0.225239
4 0.243507 0.322406 0.401809 0.644812
0 0.206301 0.800352 0.394509 0.395866
4 0.242454 0.489386 0.480324 0.969928
4 0.167363 0.129328 0.334725 0.258657
3 0.886871 0.732931 0.222111 0.513952
2 0.0900577 0.828283 0.180115 0.343435
2 0.14135 0.762893 0.281064 0.462741
4 0.132434 0.410715 0.264868 0.821429
1 0.498412 0.599165 0.123589 0.458315
0 0.828303 0.626448 0.319876 0.680156
2 0.418498 0.781726 0.389248 0.436549
2 0.243507 0.322406 0.401809 0.644812
2 0.791834 0.329279 0.416332 0.648999
0 0.243507 0.322406 0.401809 0.644812
2 0.932745 0.396817 0.121137 0.372857
2 0.933093 0.777937 0.133814 0.444126
0 0.687653 0.774805 0.624145 0.440551
4 0.166276 0.341899 0.321615 0.683797
2 0.236968 0.794613 0.44632 0.410773
2 0.944121 0.455794 0.111758 0.201271
0 0.10391 0.310151 0.20782 0.620302
2 0.745514 0.5 0.483108 1
0 0.174759 0.815643 0.329751 0.368714
2 0.34301 0.480166 0.322795 0.960331
2 0.930481 0.558636 0.139038 0.164954
1 0.929968 0.77673 0.140065 0.44654
2 0.578651 0.431091 0.331293 0.862181
2 0.909005 0.699407 0.18199 0.601187
