0 0.951629 0.557364 0.0869732 0.0718163
0 0.948217 0.529594 0.0793352 0.122827
0 0.837864 0.818086 0.324271 0.35959
0 0.829857 0.726345 0.327807 0.411708
0 0.229102 0.881439 0.448106 0.230968
0 0.948004 0.480473 0.0767548 0.218934
0 0.150198 0.885711 0.300154 0.228577
0 0.745491 0.804808 0.509019 0.378461
0 0.549265 0.516992 0.0492025 0.0723395
0 0.435807 0.531613 0.0673952 0.111345
0 0.942167 0.562684 0.0675308 0.0730394
0 0.041095 0.61543 0.0807368 0.257135
0 0.0138482 0.558569 0.0276964 0.211425
3 0.951629 0.557364 0.0869732 0.0718163
0 0.568302 0.0303338 0.863395 0.0606675
3 0.477317 0.458244 0.465442 0.913029
0 0.586966 0.574896 0.118821 0.197246
3 0.148612 0.433996 0.297223 0.867991
0 0.498883 0.564721 0.105582 0.176114
0 0.713072 0.745733 0.572237 0.505076
0 0.602881 0.736268 0.249255 0.502259
3 0.821799 0.439086 0.268713 0.523392
3 0.669058 0.435064 0.350225 0.782178
3 0.94918 0.371084 0.10164 0.507648
1 0.948217 0.529594 0.0793352 0.122827
3 0.574923 0.443012 0.436552 0.852715
0 0.198617 0.775336 0.394334 0.449327
0 0.951014 0.718892 0.0979714 0.387157
0 0.389332 0.780876 0.684995 0.413514
0 0.0895162 0.727644 0.177416 0.450346
3 0.762282 0.431642 0.283855 0.623311
0 0.0808839 0.632656 0.160209 0.251643
0 0.936997 0.526138 0.0944757 0.147863
3 0.296566 0.46246 0.250486 0.924921
0 0.437658 0.735568 0.130281 0.460153
0 0.605545 0.785377 0.469512 0.408296
0 0.492948 0.742754 0.226261 0.487725
3 0.948004 0.480473 0.0767548 0.218934
0 0.468287 0.0410009 0.921664 0.0820017
3 0.329791 0.465192 0.373911 0.917214
3 0.864311 0.793039 0.271379 0.413922
0 0.0185908 0.655787 0.0371815 0.445589
4 0.948217 0.529594 0.0793352 0.122827
3 0.802996 0.758217 0.38405 0.479352
3 0.788493 0.60895 0.317556 0.602983
0 0.553739 0.734493 0.170849 0.499649
3 0.956095 0.479003 0.0878103 0.239386
1 0.951629 0.557364 0.0869732 0.0718163
3 0.701393 0.798894 0.590504 0.402213
3 0.632876 0.781817 0.607278 0.436365
3 0.71057 0.737263 0.565059 0.512135
3 0.726743 0.597563 0.266366 0.663007
3 0.188236 0.624799 0.364056 0.745022
0 0.274357 0.779625 0.537116 0.423435
3 0.713489 0.367744 0.395196 0.735488
3 0.943047 0.409911 0.0929676 0.425771
3 0.583922 0.323605 0.631133 0.64721
3 0.640214 0.0583076 0.719573 0.116615
3 0.548323 0.481968 0.0607685 0.202705
3 0.774158 0.297558 0.451684 0.595116
3 0.246558 0.747733 0.474863 0.491645
3 0.68453 0.243793 0.63094 0.487587
3 0.338919 0.279686 0.433268 0.556823
0 0.406851 0.530525 0.0775772 0.121182
3 0.66062 0.589959 0.215111 0.570507
3 0.883813 0.340382 0.193965 0.598364
3 0.375495 0.562985 0.158685 0.577283
3 0.227169 0.4553 0.39347 0.900302
3 0.775042 0.815507 0.446706 0.368987
3 0.400003 0.777159 0.635604 0.445682
3 0.325674 0.564845 0.158107 0.199332
0 0.511395 0.74266 0.495032 0.511198
3 0.897088 0.423432 0.161925 0.457142
3 0.948217 0.529594 0.0793352 0.122827
3 0.931868 0.314747 0.132551 0.581473
3 0.593827 0.0311072 0.800739 0.0622143
3 0.750467 0.0871209 0.499065 0.174242
3 0.932181 0.489593 0.0993237 0.265924
0 0.155567 0.123037 0.311133 0.246074
3 0.971693 0.26892 0.0566149 0.522572
3 0.840454 0.795842 0.319092 0.408317
3 0.435807 0.531613 0.0673952 0.111345
1 0.860049 0.763448 0.279353 0.473104
3 0.0287979 0.744204 0.0575958 0.511592
3 0.08178 0.605611 0.160731 0.293133
3 0.406851 0.530525 0.0775772 0.121182
3 0.0365594 0.834395 0.0731187 0.33121
0 0.640214 0.0583076 0.719573 0.116615
3 0.860016 0.216493 0.279968 0.432986
3 0.619766 0.56663 0.205062 0.429854
4 0.773181 0.813815 0.453637 0.364997
3 0.523076 0.777959 0.481926 0.444082
3 0.414694 0.0474536 0.829387 0.0949071
4 0.864311 0.793039 0.271379 0.413922
3 0.0474704 0.392685 0.0949408 0.661676
4 0.839004 0.820199 0.321992 0.356467
3 0.292505 0.853602 0.529468 0.292795
3 0.434687 0.514589 0.0741676 0.249035
3 0.644724 0.151668 0.705441 0.303335
0 0.630368 0.60396 0.156483 0.26017
3 0.166143 0.740257 0.321714 0.479769
3 0.549265 0.516992 0.0492025 0.0723395
3 0.803919 0.686944 0.356936 0.492112
0 0.33415 0.737803 0.281228 0.488303
3 0.498883 0.564721 0.105582 0.176114
3 0.0254177 0.315615 0.0508354 0.631231
4 0.951014 0.718892 0.0979714 0.387157
3 0.40849 0.26788 0.474349 0.525301
4 0.621712 0.0418313 0.756575 0.0836627
3 0.307096 0.357194 0.393976 0.708971
4 0.194808 0.884718 0.386433 0.230565
3 0.370591 0.749613 0.670484 0.488468
3 0.840499 0.312195 0.314768 0.62439
3 0.155567 0.123037 0.311133 0.246074
3 0.0383843 0.88257 0.0767685 0.234859
3 0.860049 0.763448 0.279353 0.473104
4 0.951629 0.557364 0.0869732 0.0718163
3 0.143428 0.292929 0.286857 0.585858
0 0.449963 0.256647 0.617101 0.513295
3 0.241516 0.88312 0.468637 0.23376
4 0.940642 0.762967 0.118716 0.474066
0 0.954515 0.532573 0.09097 0.126352
3 0.108163 0.384625 0.216326 0.71725
0 0.860016 0.216493 0.279968 0.432986
3 0.940642 0.762967 0.118716 0.474066
3 0.232666 0.30241 0.417745 0.60482
3 0.0324544 0.234571 0.0649087 0.469143
0 0.0135851 0.428697 0.0271701 0.481442
3 0.484033 0.557807 0.136785 0.346565
0 0.386878 0.0523237 0.773757 0.104647
0 0.795936 0.0763243 0.408128 0.152649
3 0.105262 0.661891 0.206378 0.310183
3 0.0156897 0.572328 0.0313794 0.25682
0 0.639101 0.783426 0.712024 0.413946
0 0.932181 0.489593 0.0993237 0.265924
3 0.581936 0.564089 0.12485 0.381968
0 0.0206371 0.710373 0.0412742 0.579254
0 0.338349 0.092893 0.676698 0.185786
4 0.948004 0.480473 0.0767548 0.218934
3 0.334829 0.314901 0.669658 0.629802
1 0.841051 0.815932 0.317897 0.361908
3 0.298974 0.639367 0.178665 0.358073
3 0.553739 0.734493 0.170849 0.499649
3 0.795936 0.0763243 0.408128 0.152649
3 0.281651 0.120458 0.563302 0.240916
4 0.632876 0.781817 0.607278 0.436365
4 0.860049 0.763448 0.279353 0.473104
3 0.0206371 0.710373 0.0412742 0.579254
0 0.281651 0.120458 0.563302 0.240916
0 0.103573 0.780138 0.207145 0.439724
4 0.689037 0.802181 0.621115 0.380543
3 0.532789 0.264633 0.555283 0.529266
3 0.338349 0.092893 0.676698 0.185786
3 0.0185908 0.655787 0.0371815 0.445589
4 0.648463 0.741249 0.691302 0.510735
4 0.401503 0.787113 0.711056 0.408536
3 0.437658 0.735568 0.130281 0.460153
4 0.673994 0.0624079 0.652011 0.124816
2 0.948217 0.529594 0.0793352 0.122827
0 0.956095 0.479003 0.0878103 0.239386
0 0.668478 0.639892 0.21555 0.342065
3 0.33415 0.737803 0.281228 0.488303
4 0.427036 0.0433683 0.854072 0.0867367
0 0.243064 0.737 0.414596 0.502709
3 0.951014 0.718892 0.0979714 0.387157
4 0.68453 0.243793 0.63094 0.487587
3 0.936997 0.526138 0.0944757 0.147863
0 0.325674 0.564845 0.158107 0.199332
4 0.404286 0.262991 0.587349 0.525981
3 0.511395 0.74266 0.495032 0.511198
1 0.209695 0.88176 0.414747 0.236479
4 0.604168 0.147712 0.765034 0.295424
3 0.0895162 0.727644 0.177416 0.450346
0 0.231159 0.157806 0.462318 0.315611
3 0.630368 0.60396 0.156483 0.26017
0 0.971693 0.26892 0.0566149 0.522572
0 0.540872 0.222987 0.735063 0.445973
0 0.94918 0.371084 0.10164 0.507648
3 0.668478 0.639892 0.21555 0.342065
3 0.954515 0.532573 0.09097 0.126352
4 0.373461 0.776954 0.616444 0.446093
0 0.105262 0.661891 0.206378 0.310183
0 0.0324544 0.234571 0.0649087 0.469143
3 0.0135851 0.428697 0.0271701 0.481442
4 0.0209964 0.34474 0.0419929 0.67079
0 0.450743 0.779657 0.600893 0.440687
0 0.940642 0.762967 0.118716 0.474066
4 0.292505 0.853602 0.529468 0.292795
0 0.0231562 0.271691 0.0463124 0.543381
3 0.586966 0.574896 0.118821 0.197246
0 0.864311 0.793039 0.271379 0.413922
4 0.860016 0.216493 0.279968 0.432986
4 0.274357 0.779625 0.537116 0.423435
4 0.141897 0.884265 0.283794 0.23147
0 0.813799 0.608262 0.319238 0.517435
4 0.532789 0.264633 0.555283 0.529266
0 0.632876 0.781817 0.607278 0.436365
0 0.434687 0.514589 0.0741676 0.249035
3 0.602881 0.736268 0.249255 0.502259
0 0.0287979 0.744204 0.0575958 0.511592
0 0.943047 0.409911 0.0929676 0.425771
0 0.770423 0.727403 0.408498 0.539335
4 0.0324544 0.234571 0.0649087 0.469143
4 0.523076 0.777959 0.481926 0.444082
0 0.604168 0.147712 0.765034 0.295424
4 0.750467 0.0871209 0.499065 0.174242
4 0.795936 0.0763243 0.408128 0.152649
4 0.155567 0.123037 0.311133 0.246074
3 0.231159 0.157806 0.462318 0.315611
4 0.0156897 0.572328 0.0313794 0.25682
3 0.540872 0.222987 0.735063 0.445973
0 0.701393 0.798894 0.590504 0.402213
4 0.198617 0.775336 0.394334 0.449327
3 0.492948 0.742754 0.226261 0.487725
4 0.511395 0.74266 0.495032 0.511198
0 0.750467 0.0871209 0.499065 0.174242
2 0.951629 0.557364 0.0869732 0.0718163
4 0.954515 0.532573 0.09097 0.126352
4 0.0135851 0.428697 0.0271701 0.481442
3 0.041095 0.61543 0.0807368 0.257135
4 0.103573 0.780138 0.207145 0.439724
4 0.94918 0.371084 0.10164 0.507648
4 0.774158 0.297558 0.451684 0.595116
3 0.439649 0.790529 0.627172 0.411119
0 0.724627 0.304395 0.550745 0.608789
4 0.108163 0.384625 0.216326 0.71725
3 0.103573 0.780138 0.207145 0.439724
4 0.0383843 0.88257 0.0767685 0.234859
4 0.553739 0.734493 0.170849 0.499649
3 0.0999956 0.282956 0.199991 0.537219
4 0.546719 0.378744 0.527059 0.757488
4 0.662786 0.332389 0.557193 0.664778
4 0.0474704 0.392685 0.0949408 0.661676
4 0.540872 0.222987 0.735063 0.445973
4 0.971693 0.26892 0.0566149 0.522572
2 0.33415 0.737803 0.281228 0.488303
4 0.956095 0.479003 0.0878103 0.239386
2 0.832104 0.763385 0.335791 0.46694
0 0.548323 0.481968 0.0607685 0.202705
2 0.492948 0.742754 0.226261 0.487725
0 0.292505 0.853602 0.529468 0.292795
2 0.437658 0.735568 0.130281 0.460153
4 0.0444002 0.624374 0.0886491 0.271521
2 0.602881 0.736268 0.249255 0.502259
4 0.435807 0.531613 0.0673952 0.111345
4 0.362326 0.296027 0.724652 0.592054
4 0.549265 0.516992 0.0492025 0.0723395
4 0.0206371 0.710373 0.0412742 0.579254
0 0.0383843 0.88257 0.0767685 0.234859
4 0.254976 0.874735 0.503684 0.240488
4 0.492948 0.742754 0.226261 0.487725
0 0.499652 0.456899 0.491284 0.908818
0 0.298974 0.639367 0.178665 0.358073
4 0.840499 0.312195 0.314768 0.62439
2 0.223173 0.73788 0.427036 0.502319
4 0.936997 0.526138 0.0944757 0.147863
4 0.437658 0.735568 0.130281 0.460153
4 0.0185908 0.655787 0.0371815 0.445589
4 0.477317 0.458244 0.465442 0.913029
3 0.555884 0.790254 0.411993 0.407281
4 0.943047 0.409911 0.0929676 0.425771
1 0.198617 0.775336 0.394334 0.449327
1 0.605545 0.785377 0.469512 0.408296
4 0.548323 0.481968 0.0607685 0.202705
4 0.0376495 0.592927 0.0748127 0.262387
1 0.948004 0.480473 0.0767548 0.218934
4 0.113365 0.29937 0.22673 0.598741
2 0.549265 0.516992 0.0492025 0.0723395
4 0.434687 0.514589 0.0741676 0.249035
4 0.602881 0.736268 0.249255 0.502259
4 0.883813 0.340382 0.193965 0.598364
4 0.813799 0.608262 0.319238 0.517435
0 0.532789 0.264633 0.555283 0.529266
2 0.433058 0.748347 0.612432 0.499062
4 0.897088 0.423432 0.161925 0.457142
3 0.29208 0.812239 0.562253 0.358777
4 0.338919 0.279686 0.433268 0.556823
2 0.191991 0.881066 0.382518 0.237868
0 0.0365594 0.834395 0.0731187 0.33121
4 0.630368 0.60396 0.156483 0.26017
4 0.375495 0.562985 0.158685 0.577283
2 0.553739 0.734493 0.170849 0.499649
4 0.0287979 0.744204 0.0575958 0.511592
2 0.113365 0.29937 0.22673 0.598741
4 0.619766 0.56663 0.205062 0.429854
2 0.435807 0.531613 0.0673952 0.111345
2 0.586966 0.574896 0.118821 0.197246
4 0.406851 0.530525 0.0775772 0.121182
4 0.404938 0.321965 0.473444 0.643774
4 0.0895162 0.727644 0.177416 0.450346
0 0.0474704 0.392685 0.0949408 0.661676
4 0.803919 0.686944 0.356936 0.492112
4 0.555884 0.790254 0.411993 0.407281
2 0.318301 0.747582 0.604179 0.486402
4 0.931868 0.314747 0.132551 0.581473
4 0.231159 0.157806 0.462318 0.315611
1 0.639101 0.783426 0.712024 0.413946
1 0.150198 0.885711 0.300154 0.228577
0 0.897088 0.423432 0.161925 0.457142
1 0.434648 0.787519 0.668888 0.408717
0 0.951582 0.557362 0.0868755 0.0717785
0 0.948198 0.529597 0.0792599 0.122803
0 0.837868 0.818106 0.324264 0.359527
0 0.829837 0.72441 0.32758 0.407824
0 0.229359 0.881453 0.448585 0.230922
0 0.948019 0.480507 0.0766621 0.218846
0 0.150089 0.885706 0.299921 0.228588
0 0.745518 0.804922 0.508964 0.378245
0 0.549218 0.516418 0.0488776 0.0709715
0 0.435885 0.531402 0.0674644 0.110932
0 0.942174 0.562692 0.0675346 0.073031
3 0.951582 0.557362 0.0868755 0.0717785
0 0.0411395 0.61559 0.0808246 0.257107
0 0.0138798 0.558684 0.0277596 0.212038
3 0.47759 0.457528 0.46306 0.911554
0 0.568356 0.030345 0.863287 0.0606901
3 0.148611 0.434102 0.297222 0.868204
0 0.587019 0.572213 0.118296 0.191629
0 0.499494 0.562412 0.104395 0.171371
3 0.821775 0.439372 0.267985 0.520294
0 0.712402 0.745652 0.573539 0.505319
3 0.670373 0.433452 0.346264 0.776623
3 0.949255 0.371088 0.101489 0.507561
0 0.602084 0.736229 0.247274 0.502165
1 0.948198 0.529597 0.0792599 0.122803
3 0.576061 0.441363 0.433367 0.849177
0 0.862009 0.76343 0.275379 0.473141
0 0.951039 0.717793 0.097921 0.384963
3 0.762397 0.431448 0.282607 0.61895
0 0.198271 0.775268 0.393634 0.449464
0 0.389087 0.78109 0.685227 0.413042
3 0.296882 0.461996 0.249853 0.923992
0 0.0895374 0.727918 0.177452 0.450832
0 0.0809171 0.632789 0.160266 0.251859
0 0.936996 0.526111 0.0943815 0.147556
0 0.437808 0.735624 0.130553 0.460309
3 0.948019 0.480507 0.0766621 0.218846
3 0.329376 0.465072 0.373211 0.916874
0 0.492594 0.742728 0.225146 0.48775
3 0.864544 0.792904 0.270911 0.414191
0 0.605164 0.785524 0.470347 0.407962
0 0.468099 0.0409216 0.921237 0.0818432
4 0.948198 0.529597 0.0792599 0.122803
3 0.80287 0.758246 0.384018 0.479286
3 0.788372 0.608386 0.31638 0.598547
3 0.956117 0.479011 0.0877658 0.239289
3 0.700779 0.799099 0.591656 0.401801
1 0.951582 0.557362 0.0868755 0.0717785
3 0.632066 0.782 0.609933 0.436
0 0.0186539 0.65569 0.0373079 0.445822
3 0.710278 0.737301 0.56553 0.512034
0 0.553179 0.734428 0.168514 0.499614
3 0.726309 0.597152 0.263374 0.654826
3 0.187952 0.625174 0.363295 0.743701
3 0.714185 0.367404 0.393154 0.734808
3 0.583762 0.324079 0.630967 0.648159
3 0.943121 0.410422 0.0928345 0.42451
3 0.548399 0.48057 0.0600964 0.19938
3 0.640234 0.0584758 0.719532 0.116952
3 0.774244 0.297496 0.451511 0.594992
3 0.246581 0.747815 0.474871 0.49152
3 0.684759 0.243671 0.630482 0.487342
3 0.338266 0.280018 0.434188 0.557539
0 0.274542 0.779632 0.537463 0.423331
3 0.661098 0.589404 0.212826 0.560462
3 0.883956 0.340785 0.193437 0.59792
3 0.376077 0.563009 0.15752 0.575961
3 0.226676 0.455075 0.393344 0.899792
3 0.774959 0.815584 0.446856 0.368832
3 0.399822 0.777243 0.635931 0.445513
3 0.32579 0.564502 0.157899 0.19877
3 0.948198 0.529597 0.0792599 0.122803
3 0.897062 0.423893 0.161849 0.455578
3 0.931975 0.314706 0.132388 0.581659
0 0.4069 0.53033 0.0774143 0.120878
3 0.593848 0.0311601 0.800709 0.0623202
3 0.750596 0.0877557 0.498808 0.175511
3 0.932195 0.489387 0.0992229 0.265097
0 0.511528 0.742659 0.494212 0.511224
3 0.972052 0.268827 0.0558954 0.52251
3 0.840428 0.795594 0.319144 0.408811
3 0.435885 0.531402 0.0674644 0.110932
1 0.862009 0.76343 0.275379 0.473141
3 0.0289597 0.744342 0.0579195 0.511317
3 0.0817759 0.605725 0.16071 0.293134
0 0.154868 0.123379 0.309736 0.246758
3 0.4069 0.53033 0.0774143 0.120878
3 0.0365292 0.834543 0.0730584 0.330914
3 0.860873 0.216616 0.278254 0.433231
3 0.619817 0.5665 0.203528 0.425455
3 0.522182 0.778146 0.484425 0.443708
4 0.773204 0.813912 0.453593 0.364836
0 0.640234 0.0584758 0.719532 0.116952
3 0.414568 0.0473951 0.829135 0.0947901
3 0.0475013 0.392608 0.0950025 0.661987
4 0.864544 0.792904 0.270911 0.414191
4 0.838984 0.820216 0.322033 0.356421
3 0.434754 0.514528 0.074176 0.248793
3 0.292746 0.853787 0.529673 0.292427
3 0.644746 0.151877 0.705182 0.303755
3 0.549218 0.516418 0.0488776 0.0709715
3 0.16552 0.739987 0.320429 0.478701
3 0.803796 0.684925 0.357036 0.487546
3 0.499494 0.562412 0.104395 0.171371
0 0.630989 0.602335 0.154001 0.256708
3 0.0253844 0.315353 0.0507687 0.630706
4 0.951039 0.717793 0.097921 0.384963
3 0.409135 0.26803 0.473207 0.525687
4 0.621734 0.0419572 0.756532 0.0839144
3 0.3063 0.358106 0.39383 0.710764
4 0.19458 0.884716 0.385967 0.230568
3 0.370529 0.749619 0.670418 0.488576
3 0.841008 0.31224 0.313463 0.62448
0 0.334149 0.737806 0.28163 0.488421
3 0.154868 0.123379 0.309736 0.246758
3 0.0383697 0.882598 0.0767394 0.234804
3 0.862009 0.76343 0.275379 0.473141
4 0.951582 0.557362 0.0868755 0.0717785
3 0.143417 0.293011 0.286835 0.586021
3 0.241808 0.883185 0.469155 0.233631
4 0.940747 0.76299 0.118505 0.474021
3 0.107824 0.384543 0.215647 0.717064
3 0.940747 0.76299 0.118505 0.474021
3 0.231938 0.302554 0.416314 0.605107
0 0.450203 0.256595 0.615821 0.513191
3 0.0323432 0.234806 0.0646863 0.469611
3 0.484389 0.556849 0.136043 0.34435
0 0.95452 0.532561 0.0909595 0.126337
0 0.860873 0.216616 0.278254 0.433231
3 0.105312 0.66187 0.206467 0.309985
3 0.0157454 0.573014 0.0314908 0.258693
3 0.581931 0.563404 0.124057 0.379297
0 0.0135833 0.428286 0.0271667 0.482904
0 0.386875 0.0524454 0.77375 0.104891
0 0.796114 0.0766306 0.407772 0.153261
4 0.948019 0.480507 0.0766621 0.218846
0 0.638344 0.783761 0.713497 0.413215
3 0.335494 0.314932 0.670987 0.629865
0 0.932195 0.489387 0.0992229 0.265097
1 0.841027 0.815884 0.317945 0.361979
3 0.298958 0.638975 0.178345 0.357409
0 0.0207471 0.710126 0.0414942 0.579748
3 0.553179 0.734428 0.168514 0.499614
3 0.796114 0.0766306 0.407772 0.153261
0 0.33835 0.0935221 0.676701 0.187044
3 0.281432 0.121091 0.562863 0.242182
4 0.632066 0.782 0.609933 0.436
3 0.0207471 0.710126 0.0414942 0.579748
4 0.862009 0.76343 0.275379 0.473141
4 0.510199 0.0372078 0.897716 0.0744156
4 0.68855 0.802391 0.622078 0.380168
3 0.533714 0.264597 0.552456 0.529193
3 0.33835 0.0935221 0.676701 0.187044
3 0.0186539 0.65569 0.0373079 0.445822
4 0.647867 0.741196 0.692494 0.510979
0 0.281432 0.121091 0.562863 0.242182
4 0.401319 0.787284 0.71135 0.408174
3 0.437808 0.735624 0.130553 0.460309
4 0.674066 0.0625509 0.651868 0.125102
0 0.103267 0.780442 0.206535 0.439116
3 0.334149 0.737806 0.28163 0.488421
2 0.948198 0.529597 0.0792599 0.122803
3 0.951039 0.717793 0.097921 0.384963
4 0.684759 0.243671 0.630482 0.487342
3 0.936996 0.526111 0.0943815 0.147556
4 0.404272 0.262918 0.585932 0.525837
0 0.668796 0.635701 0.211157 0.333303
3 0.511528 0.742659 0.494212 0.511224
0 0.956117 0.479011 0.0877658 0.239289
1 0.209641 0.881763 0.414636 0.236474
0 0.243205 0.737018 0.414763 0.502769
3 0.0895374 0.727918 0.177452 0.450832
4 0.604164 0.147314 0.764862 0.294629
0 0.32579 0.564502 0.157899 0.19877
4 0.414568 0.0473951 0.829135 0.0947901
3 0.630989 0.602335 0.154001 0.256708
0 0.230696 0.158535 0.461393 0.317069
0 0.972052 0.268827 0.0558954 0.52251
0 0.541537 0.221519 0.733431 0.443038
3 0.668796 0.635701 0.211157 0.333303
3 0.95452 0.532561 0.0909595 0.126337
4 0.373401 0.777059 0.616247 0.445881
0 0.949255 0.371088 0.101489 0.507561
3 0.0135833 0.428286 0.0271667 0.482904
4 0.0209763 0.344814 0.0419526 0.670794
4 0.292746 0.853787 0.529673 0.292427
3 0.587019 0.572213 0.118296 0.191629
0 0.105312 0.66187 0.206467 0.309985
0 0.0323432 0.234806 0.0646863 0.469611
4 0.860873 0.216616 0.278254 0.433231
0 0.450114 0.779805 0.602512 0.44039
4 0.274542 0.779632 0.537463 0.423331
0 0.940747 0.76299 0.118505 0.474021
4 0.14194 0.884269 0.283881 0.231462
0 0.0231334 0.271636 0.0462668 0.543272
4 0.533714 0.264597 0.552456 0.529193
0 0.864544 0.792904 0.270911 0.414191
3 0.602084 0.736229 0.247274 0.502165
0 0.813796 0.60708 0.318789 0.514006
0 0.632066 0.782 0.609933 0.436
4 0.0323432 0.234806 0.0646863 0.469611
4 0.522182 0.778146 0.484425 0.443708
0 0.434754 0.514528 0.074176 0.248793
4 0.750596 0.0877557 0.498808 0.175511
4 0.796114 0.0766306 0.407772 0.153261
0 0.771201 0.727348 0.405893 0.538405
0 0.0289597 0.744342 0.0579195 0.511317
4 0.154868 0.123379 0.309736 0.246758
0 0.943121 0.410422 0.0928345 0.42451
3 0.230696 0.158535 0.461393 0.317069
4 0.0157454 0.573014 0.0314908 0.258693
0 0.604164 0.147314 0.764862 0.294629
3 0.541537 0.221519 0.733431 0.443038
4 0.198271 0.775268 0.393634 0.449464
3 0.492594 0.742728 0.225146 0.48775
4 0.511528 0.742659 0.494212 0.511224
2 0.951582 0.557362 0.0868755 0.0717785
3 0.0411395 0.61559 0.0808246 0.257107
4 0.95452 0.532561 0.0909595 0.126337
4 0.0135833 0.428286 0.0271667 0.482904
4 0.949255 0.371088 0.101489 0.507561
4 0.103267 0.780442 0.206535 0.439116
4 0.774244 0.297496 0.451511 0.594992
3 0.439505 0.790674 0.627447 0.410758
0 0.700779 0.799099 0.591656 0.401801
4 0.107824 0.384543 0.215647 0.717064
3 0.103267 0.780442 0.206535 0.439116
0 0.750596 0.0877557 0.498808 0.175511
4 0.0383697 0.882598 0.0767394 0.234804
4 0.553179 0.734428 0.168514 0.499614
4 0.546971 0.378564 0.525772 0.757129
3 0.10006 0.282982 0.200121 0.537334
0 0.724997 0.304321 0.550005 0.608642
4 0.541537 0.221519 0.733431 0.443038
4 0.662809 0.332689 0.556548 0.665378
4 0.0475013 0.392608 0.0950025 0.661987
4 0.972052 0.268827 0.0558954 0.52251
2 0.334149 0.737806 0.28163 0.488421
4 0.956117 0.479011 0.0877658 0.239289
2 0.492594 0.742728 0.225146 0.48775
2 0.831975 0.763349 0.336049 0.467002
2 0.437808 0.735624 0.130553 0.460309
4 0.0444414 0.624657 0.0887337 0.271476
2 0.602084 0.736229 0.247274 0.502165
4 0.435885 0.531402 0.0674644 0.110932
0 0.548399 0.48057 0.0600964 0.19938
4 0.549218 0.516418 0.0488776 0.0709715
4 0.3626 0.295851 0.725199 0.591701
4 0.0207471 0.710126 0.0414942 0.579748
0 0.292746 0.853787 0.529673 0.292427
4 0.255805 0.874364 0.505341 0.241205
4 0.492594 0.742728 0.225146 0.48775
4 0.841008 0.31224 0.313463 0.62448
2 0.223172 0.737911 0.42699 0.502289
0 0.0383697 0.882598 0.0767394 0.234804
4 0.437808 0.735624 0.130553 0.460309
4 0.936996 0.526111 0.0943815 0.147556
4 0.829837 0.72441 0.32758 0.407824
4 0.0186539 0.65569 0.0373079 0.445822
4 0.47759 0.457528 0.46306 0.911554
0 0.5002 0.456377 0.489152 0.90782
3 0.555425 0.790399 0.412881 0.406986
0 0.298958 0.638975 0.178345 0.357409
4 0.943121 0.410422 0.0928345 0.42451
1 0.198271 0.775268 0.393634 0.449464
4 0.548399 0.48057 0.0600964 0.19938
1 0.605164 0.785524 0.470347 0.407962
4 0.0377129 0.5931 0.0749304 0.26255
4 0.113282 0.299382 0.226564 0.598763
1 0.948019 0.480507 0.0766621 0.218846
2 0.549218 0.516418 0.0488776 0.0709715
4 0.434754 0.514528 0.074176 0.248793
4 0.602084 0.736229 0.247274 0.502165
4 0.813796 0.60708 0.318789 0.514006
4 0.883956 0.340785 0.193437 0.59792
2 0.432894 0.748357 0.612278 0.499113
4 0.897062 0.423893 0.161849 0.455578
3 0.293184 0.811249 0.564457 0.360746
0 0.533714 0.264597 0.552456 0.529193
2 0.191817 0.881079 0.382145 0.237841
4 0.338266 0.280018 0.434188 0.557539
4 0.376077 0.563009 0.15752 0.575961
4 0.630989 0.602335 0.154001 0.256708
2 0.553179 0.734428 0.168514 0.499614
4 0.0289597 0.744342 0.0579195 0.511317
4 0.619817 0.5665 0.203528 0.425455
2 0.113282 0.299382 0.226564 0.598763
2 0.435885 0.531402 0.0674644 0.110932
2 0.587019 0.572213 0.118296 0.191629
4 0.4069 0.53033 0.0774143 0.120878
4 0.405553 0.323673 0.472207 0.647146
0 0.0365292 0.834543 0.0730584 0.330914
4 0.0895374 0.727918 0.177452 0.450832
4 0.555425 0.790399 0.412881 0.406986
2 0.3186 0.747603 0.604674 0.486437
4 0.931975 0.314706 0.132388 0.581659
4 0.230696 0.158535 0.461393 0.317069
1 0.638344 0.783761 0.713497 0.413215
1 0.150089 0.885706 0.299921 0.228588
0 0.0475013 0.392608 0.0950025 0.661987
