0 0.498729 0.652887 0.250003 0.40322
0 0.0887841 0.738016 0.159355 0.330779
1 0.496766 0.648367 0.25042 0.435511
0 0.937031 0.552006 0.125645 0.0802063
1 0.091423 0.740722 0.158886 0.325455
0 0.781877 0.547596 0.154432 0.062141
0 0.11337 0.712106 0.201922 0.36865
0 0.782609 0.537225 0.150064 0.0906167
0 0.939315 0.457321 0.12137 0.252149
0 0.188443 0.554498 0.116779 0.146471
4 0.0908341 0.740015 0.157273 0.324409
2 0.0871529 0.740573 0.158333 0.323332
1 0.11337 0.712106 0.201922 0.36865
0 0.831308 0.555634 0.285434 0.0907238
0 0.785473 0.473871 0.1424 0.208124
0 0.88697 0.682076 0.226059 0.342593
0 0.356629 0.700615 0.536616 0.49289
0 0.59971 0.702482 0.489013 0.472048
0 0.538583 0.67727 0.344654 0.443842
3 0.0944118 0.773255 0.170252 0.388452
0 0.823648 0.757176 0.352704 0.477611
0 0.0969945 0.696172 0.193989 0.444572
0 0.160433 0.640759 0.19115 0.252632
2 0.495909 0.651092 0.255594 0.429985
0 0.18663 0.484675 0.120396 0.202573
0 0.181932 0.551701 0.127174 0.0722395
3 0.785855 0.475685 0.160405 0.212286
0 0.155061 0.753961 0.268967 0.469355
3 0.119757 0.705695 0.219348 0.379707
3 0.78113 0.538639 0.162307 0.0907043
0 0.938998 0.332649 0.122005 0.644087
0 0.132731 0.674892 0.224763 0.404945
0 0.460188 0.0220352 0.882256 0.0440704
4 0.51743 0.722247 0.30034 0.526688
3 0.543346 0.717119 0.388006 0.482806
0 0.189518 0.537044 0.134592 0.110287
1 0.941622 0.547636 0.116757 0.079826
3 0.831308 0.555634 0.285434 0.0907238
4 0.941281 0.540048 0.117438 0.0901817
3 0.136948 0.439831 0.239867 0.824992
3 0.21679 0.437135 0.311915 0.874271
0 0.167564 0.626453 0.155407 0.523363
3 0.710489 0.597892 0.196051 0.476338
3 0.627799 0.446264 0.26744 0.533755
3 0.78787 0.429508 0.128477 0.367084
3 0.939378 0.453711 0.121245 0.262722
3 0.128265 0.319842 0.256531 0.639683
3 0.108925 0.788244 0.204645 0.423513
3 0.554461 0.755188 0.323041 0.489625
4 0.108925 0.788244 0.204645 0.423513
3 0.126211 0.618796 0.252423 0.578361
3 0.865206 0.308651 0.244996 0.599232
3 0.0833552 0.738111 0.16671 0.327609
3 0.285622 0.470118 0.438639 0.940236
3 0.68631 0.862432 0.22788 0.275135
4 0.50229 0.657589 0.253011 0.380125
3 0.551125 0.512119 0.345454 0.800622
0 0.0762373 0.657447 0.152475 0.512843
3 0.150728 0.786564 0.268806 0.426871
3 0.30351 0.7542 0.534641 0.491599
4 0.939378 0.453711 0.121245 0.262722
0 0.465814 0.748215 0.286847 0.503569
3 0.608486 0.818298 0.321831 0.363404
0 0.08788 0.760311 0.17576 0.479378
0 0.927878 0.646923 0.144244 0.270692
3 0.594348 0.336859 0.328212 0.673717
3 0.653844 0.315205 0.645521 0.630411
0 0.305678 0.748717 0.542666 0.500621
3 0.505368 0.703923 0.315057 0.592154
3 0.654763 0.75886 0.309758 0.479844
4 0.465814 0.748215 0.286847 0.503569
0 0.242469 0.0589695 0.484939 0.117939
0 0.364107 0.226906 0.684148 0.453812
0 0.579373 0.0306587 0.774727 0.0613173
0 0.314942 0.0276007 0.629883 0.0552014
3 0.816319 0.314051 0.176234 0.613527
3 0.762247 0.318353 0.475505 0.636706
3 0.823205 0.761066 0.322412 0.477867
3 0.796213 0.758457 0.352399 0.474057
0 0.431023 0.825818 0.28317 0.348364
3 0.9109 0.299342 0.178201 0.596445
3 0.465814 0.748215 0.286847 0.503569
4 0.11337 0.712106 0.201922 0.36865
3 0.631971 0.0593503 0.736058 0.118701
0 0.230804 0.761664 0.379158 0.476671
4 0.150728 0.786564 0.268806 0.426871
0 0.78787 0.429508 0.128477 0.367084
3 0.94112 0.760845 0.11776 0.47831
0 0.499643 0.464942 0.294267 0.786531
4 0.554461 0.755188 0.323041 0.489625
3 0.579373 0.0306587 0.774727 0.0613173
3 0.353843 0.775934 0.374514 0.44317
2 0.08788 0.760311 0.17576 0.479378
3 0.840218 0.38763 0.262369 0.691684
0 0.474372 0.717449 0.297898 0.524251
3 0.173783 0.348982 0.337946 0.697964
3 0.277545 0.334238 0.503316 0.668476
3 0.659108 0.0931951 0.681783 0.18639
3 0.245235 0.80325 0.244351 0.393499
3 0.714515 0.133237 0.57097 0.266473
3 0.215584 0.814909 0.212198 0.370182
4 0.82953 0.752945 0.34094 0.481975
0 0.0896879 0.752446 0.163954 0.495107
3 0.781045 0.553563 0.159685 0.0839405
3 0.931618 0.73204 0.136764 0.43207
3 0.904558 0.747053 0.190884 0.505894
3 0.695676 0.751267 0.607045 0.479573
3 0.266867 0.833786 0.226246 0.332429
3 0.28088 0.722481 0.386036 0.434933
3 0.93623 0.306482 0.12754 0.612964
3 0.378447 0.709522 0.491535 0.467934
3 0.431023 0.825818 0.28317 0.348364
3 0.418597 0.434662 0.469424 0.869324
3 0.191716 0.511103 0.141167 0.272189
3 0.242469 0.0589695 0.484939 0.117939
3 0.191486 0.796764 0.247718 0.406002
3 0.360854 0.858297 0.291321 0.283405
3 0.496673 0.437034 0.404224 0.869939
2 0.93795 0.548816 0.1241 0.0824833
3 0.477043 0.0221523 0.890311 0.0443047
3 0.18663 0.484675 0.120396 0.202573
0 0.631971 0.0593503 0.736058 0.118701
0 0.764134 0.158192 0.471733 0.316385
0 0.659108 0.0931951 0.681783 0.18639
1 0.781045 0.553563 0.159685 0.0839405
3 0.751698 0.55125 0.204148 0.148171
0 0.28088 0.722481 0.386036 0.434933
3 0.764354 0.38076 0.108521 0.430942
4 0.509858 0.0258323 0.892796 0.0516647
4 0.782609 0.537225 0.150064 0.0906167
4 0.08788 0.760311 0.17576 0.479378
4 0.931618 0.73204 0.136764 0.43207
3 0.0326195 0.592815 0.0652389 0.651884
3 0.345339 0.020407 0.687156 0.040814
4 0.502262 0.7076 0.307482 0.584799
0 0.566859 0.326203 0.747524 0.652407
3 0.160433 0.640759 0.19115 0.252632
3 0.0867583 0.336861 0.173517 0.673722
3 0.111816 0.497394 0.223631 0.876836
3 0.850827 0.759673 0.298346 0.480655
3 0.441721 0.281309 0.568337 0.562618
4 0.431023 0.825818 0.28317 0.348364
0 0.935406 0.762791 0.129189 0.474419
0 0.447645 0.273897 0.735862 0.547794
0 0.0326195 0.592815 0.0652389 0.651884
3 0.507293 0.295357 0.779641 0.590714
4 0.608486 0.818298 0.321831 0.363404
4 0.18663 0.484675 0.120396 0.202573
4 0.938998 0.332649 0.122005 0.644087
0 0.502262 0.7076 0.307482 0.584799
3 0.0762373 0.657447 0.152475 0.512843
0 0.51689 0.601065 0.285753 0.539912
0 0.303688 0.044573 0.607376 0.089146
3 0.0202924 0.469817 0.0405847 0.824511
0 0.126211 0.618796 0.252423 0.578361
4 0.68631 0.862432 0.22788 0.275135
3 0.474372 0.717449 0.297898 0.524251
3 0.68503 0.31066 0.38727 0.621319
4 0.785473 0.473871 0.1424 0.208124
0 0.934391 0.212296 0.131219 0.424593
4 0.927878 0.646923 0.144244 0.270692
2 0.135116 0.74237 0.225375 0.38963
3 0.0222115 0.290017 0.044423 0.580033
2 0.465814 0.748215 0.286847 0.503569
3 0.303688 0.044573 0.607376 0.089146
1 0.88697 0.682076 0.226059 0.342593
3 0.939723 0.539435 0.120554 0.0941798
0 0.215584 0.814909 0.212198 0.370182
3 0.266565 0.644673 0.292176 0.353457
4 0.783102 0.782297 0.315699 0.435406
4 0.614078 0.0389817 0.766809 0.0779633
3 0.0189893 0.359962 0.0379786 0.719925
4 0.94112 0.760845 0.11776 0.47831
0 0.811795 0.108073 0.376411 0.216146
3 0.934391 0.212296 0.131219 0.424593
3 0.811795 0.108073 0.376411 0.216146
0 0.6888 0.641563 0.346324 0.263231
0 0.360854 0.858297 0.291321 0.283405
1 0.156537 0.756184 0.276879 0.398739
3 0.336194 0.256471 0.487415 0.512942
3 0.235972 0.226746 0.471945 0.453492
3 0.51689 0.601065 0.285753 0.539912
1 0.538583 0.67727 0.344654 0.443842
3 0.167564 0.626453 0.155407 0.523363
3 0.124557 0.26354 0.249115 0.52708
0 0.94112 0.760845 0.11776 0.47831
4 0.188443 0.554498 0.116779 0.146471
4 0.360854 0.858297 0.291321 0.283405
4 0.780493 0.551377 0.156873 0.0833747
0 0.450501 0.453002 0.515687 0.906004
4 0.388482 0.0198462 0.775793 0.0396923
1 0.59971 0.702482 0.489013 0.472048
0 0.691876 0.752788 0.5768 0.475472
4 0.167564 0.626453 0.155407 0.523363
1 0.785473 0.473871 0.1424 0.208124
4 0.88697 0.682076 0.226059 0.342593
2 0.781045 0.553563 0.159685 0.0839405
4 0.447645 0.273897 0.735862 0.547794
4 0.364107 0.226906 0.684148 0.453812
4 0.314942 0.0276007 0.629883 0.0552014
4 0.128069 0.461285 0.256139 0.855908
4 0.242469 0.0589695 0.484939 0.117939
2 0.431023 0.825818 0.28317 0.348364
0 0.0202924 0.469817 0.0405847 0.824511
0 0.266867 0.833786 0.226246 0.332429
3 0.421278 0.211412 0.686063 0.422825
3 0.188443 0.554498 0.116779 0.146471
3 0.347508 0.253125 0.695017 0.506249
4 0.132731 0.674892 0.224763 0.404945
0 0.783102 0.782297 0.315699 0.435406
0 0.128069 0.461285 0.256139 0.855908
4 0.0814844 0.757174 0.162969 0.381269
1 0.939315 0.457321 0.12137 0.252149
3 0.52729 0.683823 0.308629 0.439596
0 0.266565 0.644673 0.292176 0.353457
4 0.59971 0.702482 0.489013 0.472048
4 0.904558 0.747053 0.190884 0.505894
4 0.654763 0.75886 0.309758 0.479844
4 0.305678 0.748717 0.542666 0.500621
4 0.865206 0.308651 0.244996 0.599232
3 0.6888 0.641563 0.346324 0.263231
4 0.683435 0.753327 0.624545 0.466949
2 0.188443 0.554498 0.116779 0.146471
3 0.189518 0.537044 0.134592 0.110287
2 0.831308 0.555634 0.285434 0.0907238
4 0.850966 0.753066 0.298068 0.493868
1 0.782609 0.537225 0.150064 0.0906167
4 0.601545 0.327287 0.710405 0.654574
0 0.850966 0.753066 0.298068 0.493868
0 0.478095 0.283818 0.525578 0.567637
4 0.378447 0.709522 0.491535 0.467934
0 0.866591 0.304652 0.241567 0.608884
4 0.353843 0.775934 0.374514 0.44317
4 0.303688 0.044573 0.607376 0.089146
4 0.659108 0.0931951 0.681783 0.18639
0 0.904558 0.747053 0.190884 0.505894
4 0.764134 0.158192 0.471733 0.316385
4 0.478095 0.283818 0.525578 0.567637
0 0.840218 0.38763 0.262369 0.691684
4 0.0189893 0.359962 0.0379786 0.719925
4 0.0222115 0.290017 0.044423 0.580033
4 0.496673 0.437034 0.404224 0.869939
2 0.785473 0.473871 0.1424 0.208124
0 0.0189893 0.359962 0.0379786 0.719925
4 0.266867 0.833786 0.226246 0.332429
0 0.790781 0.298996 0.418437 0.597991
2 0.939315 0.457321 0.12137 0.252149
4 0.336194 0.256471 0.487415 0.512942
0 0.517763 0.396783 0.424205 0.793566
0 0.68631 0.862432 0.22788 0.275135
0 0.245235 0.80325 0.244351 0.393499
4 0.124557 0.26354 0.249115 0.52708
4 0.126211 0.618796 0.252423 0.578361
4 0.215584 0.814909 0.212198 0.370182
3 0.927878 0.646923 0.144244 0.270692
4 0.811795 0.108073 0.376411 0.216146
0 0.124557 0.26354 0.249115 0.52708
4 0.0202924 0.469817 0.0405847 0.824511
0 0.654763 0.75886 0.309758 0.479844
2 0.782609 0.537225 0.150064 0.0906167
4 0.0326195 0.592815 0.0652389 0.651884
2 0.846533 0.332355 0.249961 0.626235
0 0.608486 0.818298 0.321831 0.363404
0 0.353843 0.775934 0.374514 0.44317
4 0.21679 0.437135 0.311915 0.874271
3 0.88697 0.682076 0.226059 0.342593
2 0.0942676 0.78087 0.164078 0.43826
1 0.831308 0.555634 0.285434 0.0907238
4 0.128265 0.319842 0.256531 0.639683
0 0.0222115 0.290017 0.044423 0.580033
4 0.762247 0.318353 0.475505 0.636706
2 0.353843 0.775934 0.374514 0.44317
2 0.360854 0.858297 0.291321 0.283405
4 0.840218 0.38763 0.262369 0.691684
0 0.9109 0.299342 0.178201 0.596445
2 0.378447 0.709522 0.491535 0.467934
4 0.416841 0.428382 0.499378 0.856763
0 0.191486 0.796764 0.247718 0.406002
4 0.934391 0.212296 0.131219 0.424593
4 0.546286 0.340049 0.368657 0.680097
2 0.18663 0.484675 0.120396 0.202573
4 0.0867583 0.336861 0.173517 0.673722
3 0.0896879 0.752446 0.163954 0.495107
4 0.173783 0.348982 0.337946 0.697964
0 0.702544 0.306826 0.594912 0.613652
4 0.235972 0.226746 0.471945 0.453492
2 0.28088 0.722481 0.386036 0.434933
4 0.831308 0.555634 0.285434 0.0907238
0 0.128265 0.319842 0.256531 0.639683
2 0.167564 0.626453 0.155407 0.523363
1 0.188443 0.554498 0.116779 0.146471
4 0.78787 0.429508 0.128477 0.367084
4 0.0896879 0.752446 0.163954 0.495107
0 0.751698 0.55125 0.204148 0.148171
2 0.502262 0.7076 0.307482 0.584799
0 0.816319 0.314051 0.176234 0.613527
4 0.350615 0.353161 0.475425 0.706321
2 0.850727 0.7489 0.298547 0.473478
1 0.18663 0.484675 0.120396 0.202573
4 0.245235 0.80325 0.244351 0.393499
0 0.498707 0.6529 0.250042 0.40312
0 0.0888015 0.738036 0.159376 0.330734
1 0.496745 0.648368 0.25046 0.435422
0 0.937035 0.552007 0.125655 0.0802016
1 0.0914177 0.74074 0.158897 0.325415
0 0.78188 0.547596 0.154461 0.062125
0 0.113474 0.712179 0.202153 0.368634
0 0.782621 0.537218 0.150029 0.090611
0 0.939308 0.457503 0.121385 0.251777
0 0.188442 0.554276 0.116807 0.146019
4 0.0908274 0.740021 0.157282 0.3244
2 0.0871684 0.740593 0.158353 0.323315
1 0.113474 0.712179 0.202153 0.368634
0 0.831914 0.555857 0.286552 0.0911388
0 0.785481 0.473925 0.142374 0.208003
0 0.886009 0.682912 0.227982 0.344342
0 0.356794 0.700748 0.536228 0.493075
0 0.59979 0.702333 0.489144 0.471704
0 0.538581 0.67713 0.34462 0.443528
3 0.0943914 0.773304 0.170222 0.388505
0 0.823852 0.757229 0.352296 0.477761
2 0.495928 0.651094 0.255603 0.42989
0 0.0970406 0.696318 0.194081 0.444376
0 0.160763 0.640028 0.190502 0.251153
0 0.186647 0.484694 0.120388 0.202639
0 0.181925 0.551711 0.127158 0.0722333
3 0.785859 0.475791 0.160329 0.212056
3 0.119825 0.705728 0.219512 0.379671
3 0.781152 0.538636 0.162271 0.0907039
0 0.155001 0.754075 0.268954 0.469588
0 0.93899 0.333007 0.122019 0.644741
0 0.13292 0.674841 0.224436 0.404749
3 0.543293 0.717033 0.387871 0.48258
4 0.517331 0.722242 0.30001 0.526725
0 0.4603 0.0219921 0.882475 0.0439842
1 0.94162 0.54764 0.116759 0.0798325
0 0.189535 0.53701 0.134566 0.110217
3 0.831914 0.555857 0.286552 0.0911388
4 0.941282 0.54005 0.117435 0.0901643
3 0.128032 0.461129 0.256064 0.856452
3 0.217214 0.436858 0.309341 0.873716
3 0.71072 0.597661 0.195329 0.475399
3 0.627923 0.446294 0.266825 0.532487
0 0.168263 0.626445 0.153927 0.522695
3 0.787905 0.429663 0.12839 0.367066
3 0.128195 0.320363 0.256391 0.640726
3 0.939378 0.453769 0.121244 0.262572
3 0.554594 0.754894 0.322344 0.490211
3 0.108873 0.788291 0.204545 0.423418
4 0.108873 0.788291 0.204545 0.423418
3 0.126203 0.619753 0.252406 0.576338
3 0.865298 0.308767 0.244779 0.599365
3 0.0833657 0.738117 0.166731 0.327568
3 0.286384 0.469154 0.435837 0.938308
3 0.686368 0.861904 0.227446 0.276192
4 0.502297 0.657575 0.253026 0.380146
3 0.551043 0.51429 0.344954 0.795925
3 0.150617 0.786472 0.268617 0.427057
3 0.303588 0.754226 0.533516 0.491548
4 0.939378 0.453769 0.121244 0.262572
3 0.60873 0.817902 0.321123 0.364196
0 0.0762801 0.6575 0.15256 0.512721
3 0.594852 0.336451 0.326529 0.672903
0 0.465757 0.748278 0.286591 0.503444
0 0.0878306 0.760368 0.175661 0.479263
3 0.654393 0.31532 0.643994 0.63064
0 0.927704 0.648162 0.144593 0.273314
3 0.505475 0.703871 0.314309 0.592259
3 0.65514 0.758885 0.308091 0.479894
4 0.465757 0.748278 0.286591 0.503444
0 0.305847 0.748859 0.542069 0.500888
0 0.242707 0.0586813 0.485414 0.117363
3 0.816259 0.314169 0.174881 0.612592
0 0.364139 0.226349 0.683987 0.452697
3 0.76284 0.318501 0.47432 0.637003
0 0.57959 0.0309509 0.773886 0.0619018
0 0.314868 0.0275589 0.629736 0.0551177
3 0.823081 0.761034 0.322301 0.477933
3 0.796071 0.758493 0.352223 0.474114
3 0.910551 0.299397 0.178897 0.596486
3 0.465757 0.748278 0.286591 0.503444
0 0.430966 0.826018 0.282901 0.347964
4 0.113474 0.712179 0.202153 0.368634
3 0.632224 0.0602875 0.735552 0.120575
4 0.150617 0.786472 0.268617 0.427057
3 0.941213 0.760763 0.117574 0.478474
4 0.554594 0.754894 0.322344 0.490211
3 0.57959 0.0309509 0.773886 0.0619018
3 0.353926 0.775809 0.374215 0.443617
2 0.0878306 0.760368 0.175661 0.479263
0 0.230523 0.761697 0.378356 0.476607
3 0.17331 0.349249 0.33695 0.698498
3 0.840223 0.388007 0.262138 0.692418
3 0.278517 0.333843 0.500638 0.667687
3 0.245261 0.803114 0.244075 0.393772
3 0.659487 0.0944183 0.681026 0.188837
3 0.714878 0.13389 0.570243 0.26778
0 0.787905 0.429663 0.12839 0.367066
3 0.215747 0.815034 0.211591 0.369932
4 0.829597 0.752985 0.340806 0.482049
0 0.499718 0.464621 0.294141 0.787121
3 0.781076 0.553637 0.159669 0.0840665
0 0.474436 0.717446 0.297779 0.524345
3 0.931483 0.73063 0.137035 0.429323
0 0.0896877 0.752615 0.16395 0.49477
3 0.904732 0.746829 0.190536 0.506342
3 0.695767 0.751328 0.606881 0.479605
3 0.266965 0.834169 0.225772 0.331662
3 0.281008 0.722668 0.385107 0.435308
3 0.378633 0.709474 0.491111 0.467832
3 0.936239 0.306564 0.127521 0.613129
3 0.430966 0.826018 0.282901 0.347964
3 0.418662 0.43463 0.468644 0.86926
3 0.191736 0.51117 0.141121 0.272073
3 0.242707 0.0586813 0.485414 0.117363
3 0.191683 0.796732 0.247025 0.406326
3 0.360852 0.858746 0.290814 0.282508
2 0.937908 0.548882 0.124183 0.0825858
3 0.496431 0.437028 0.403226 0.869976
3 0.476887 0.0221188 0.890308 0.0442377
3 0.186647 0.484694 0.120388 0.202639
1 0.781076 0.553637 0.159669 0.0840665
3 0.751872 0.550994 0.203807 0.147568
0 0.632224 0.0602875 0.735552 0.120575
0 0.764326 0.157946 0.471348 0.315893
3 0.764587 0.381177 0.107562 0.429808
0 0.659487 0.0944183 0.681026 0.188837
4 0.509721 0.0258506 0.892766 0.0517013
4 0.782621 0.537218 0.150029 0.090611
4 0.0878306 0.760368 0.175661 0.479263
4 0.931483 0.73063 0.137035 0.429323
3 0.032478 0.592931 0.064956 0.651145
0 0.281008 0.722668 0.385107 0.435308
3 0.34516 0.0204302 0.686819 0.0408603
4 0.502222 0.707596 0.307084 0.584809
3 0.840105 0.734583 0.319791 0.447742
3 0.160763 0.640028 0.190502 0.251153
3 0.086623 0.337028 0.173246 0.674056
3 0.442267 0.281173 0.566195 0.562347
4 0.430966 0.826018 0.282901 0.347964
3 0.507567 0.297246 0.778366 0.594492
4 0.60873 0.817902 0.321123 0.364196
0 0.567302 0.326431 0.745797 0.652862
4 0.93899 0.333007 0.122019 0.644741
4 0.186647 0.484694 0.120388 0.202639
0 0.44773 0.276156 0.736391 0.552311
3 0.0762801 0.6575 0.15256 0.512721
0 0.032478 0.592931 0.064956 0.651145
0 0.93538 0.762787 0.129239 0.474425
0 0.502222 0.707596 0.307084 0.584809
3 0.0202177 0.469415 0.0404354 0.823255
0 0.516744 0.601486 0.285389 0.53895
4 0.686368 0.861904 0.227446 0.276192
0 0.303711 0.0443761 0.607422 0.0887522
3 0.474436 0.717446 0.297779 0.524345
3 0.685799 0.310579 0.383776 0.621158
0 0.126203 0.619753 0.252406 0.576338
4 0.785481 0.473925 0.142374 0.208003
4 0.927704 0.648162 0.144593 0.273314
3 0.303711 0.0443761 0.607422 0.0887522
3 0.0222031 0.289895 0.0444063 0.57979
2 0.135068 0.742425 0.225393 0.389804
2 0.465757 0.748278 0.286591 0.503444
1 0.886009 0.682912 0.227982 0.344342
3 0.938823 0.550536 0.122355 0.0783309
0 0.93408 0.212249 0.131841 0.424498
3 0.266389 0.644469 0.2917 0.352876
4 0.782947 0.782229 0.315487 0.435542
4 0.614164 0.0394195 0.766202 0.078839
3 0.0189401 0.35943 0.0378801 0.718859
0 0.215747 0.815034 0.211591 0.369932
4 0.941213 0.760763 0.117574 0.478474
3 0.93408 0.212249 0.131841 0.424498
3 0.812599 0.107776 0.374803 0.215552
1 0.156391 0.756235 0.276729 0.398891
3 0.338941 0.256309 0.480636 0.512618
3 0.236429 0.226405 0.472858 0.45281
0 0.812599 0.107776 0.374803 0.215552
3 0.516744 0.601486 0.285389 0.53895
1 0.538581 0.67713 0.34462 0.443528
3 0.168263 0.626445 0.153927 0.522695
0 0.688983 0.640843 0.345975 0.261743
0 0.360852 0.858746 0.290814 0.282508
3 0.124761 0.263672 0.249521 0.527343
4 0.360852 0.858746 0.290814 0.282508
4 0.188442 0.554276 0.116807 0.146019
4 0.78052 0.551404 0.156845 0.083401
4 0.388275 0.0198754 0.775448 0.0397509
0 0.941213 0.760763 0.117574 0.478474
1 0.59979 0.702333 0.489144 0.471704
0 0.450437 0.452918 0.514047 0.905837
4 0.886009 0.682912 0.227982 0.344342
4 0.168263 0.626445 0.153927 0.522695
1 0.785481 0.473925 0.142374 0.208003
2 0.781076 0.553637 0.159669 0.0840665
4 0.44773 0.276156 0.736391 0.552311
4 0.364139 0.226349 0.683987 0.452697
0 0.69203 0.752842 0.57684 0.475551
4 0.128032 0.461129 0.256064 0.856452
4 0.242707 0.0586813 0.485414 0.117363
2 0.430966 0.826018 0.282901 0.347964
3 0.188442 0.554276 0.116807 0.146019
3 0.421439 0.212577 0.686816 0.425153
3 0.346789 0.253609 0.693579 0.507217
4 0.13292 0.674841 0.224436 0.404749
4 0.0814875 0.757216 0.162975 0.381342
3 0.527272 0.683735 0.308618 0.439468
1 0.939308 0.457503 0.121385 0.251777
4 0.59979 0.702333 0.489144 0.471704
0 0.0202177 0.469415 0.0404354 0.823255
4 0.904732 0.746829 0.190536 0.506342
0 0.266965 0.834169 0.225772 0.331662
4 0.65514 0.758885 0.308091 0.479894
4 0.305847 0.748859 0.542069 0.500888
0 0.128032 0.461129 0.256064 0.856452
0 0.782947 0.782229 0.315487 0.435542
4 0.865298 0.308767 0.244779 0.599365
0 0.266389 0.644469 0.2917 0.352876
3 0.688983 0.640843 0.345975 0.261743
4 0.68353 0.753396 0.624276 0.466977
3 0.189535 0.53701 0.134566 0.110217
2 0.188442 0.554276 0.116807 0.146019
2 0.831914 0.555857 0.286552 0.0911388
4 0.851016 0.752991 0.297968 0.494018
1 0.782621 0.537218 0.150029 0.090611
4 0.60193 0.327398 0.709016 0.654795
4 0.378633 0.709474 0.491111 0.467832
4 0.353926 0.775809 0.374215 0.443617
4 0.303711 0.0443761 0.607422 0.0887522
4 0.659487 0.0944183 0.681026 0.188837
4 0.764326 0.157946 0.471348 0.315893
0 0.851016 0.752991 0.297968 0.494018
4 0.0189401 0.35943 0.0378801 0.718859
4 0.478673 0.284024 0.523924 0.568048
0 0.478673 0.284024 0.523924 0.568048
0 0.866647 0.304693 0.241257 0.608792
4 0.496431 0.437028 0.403226 0.869976
4 0.0222031 0.289895 0.0444063 0.57979
0 0.904732 0.746829 0.190536 0.506342
0 0.840223 0.388007 0.262138 0.692418
4 0.266965 0.834169 0.225772 0.331662
2 0.785481 0.473925 0.142374 0.208003
2 0.939308 0.457503 0.121385 0.251777
4 0.338941 0.256309 0.480636 0.512618
0 0.0189401 0.35943 0.0378801 0.718859
0 0.791308 0.299458 0.417384 0.598917
4 0.124761 0.263672 0.249521 0.527343
4 0.126203 0.619753 0.252406 0.576338
3 0.927704 0.648162 0.144593 0.273314
4 0.215747 0.815034 0.211591 0.369932
4 0.812599 0.107776 0.374803 0.215552
4 0.0202177 0.469415 0.0404354 0.823255
0 0.518191 0.396372 0.422756 0.792743
0 0.686368 0.861904 0.227446 0.276192
0 0.245261 0.803114 0.244075 0.393772
4 0.032478 0.592931 0.064956 0.651145
2 0.782621 0.537218 0.150029 0.090611
0 0.124761 0.263672 0.249521 0.527343
2 0.846681 0.332422 0.249501 0.626206
0 0.65514 0.758885 0.308091 0.479894
3 0.886009 0.682912 0.227982 0.344342
4 0.217214 0.436858 0.309341 0.873716
2 0.0942558 0.780893 0.164052 0.438215
4 0.128195 0.320363 0.256391 0.640726
1 0.831914 0.555857 0.286552 0.0911388
4 0.76284 0.318501 0.47432 0.637003
2 0.353926 0.775809 0.374215 0.443617
2 0.360852 0.858746 0.290814 0.282508
4 0.840223 0.388007 0.262138 0.692418
4 0.416947 0.427544 0.497229 0.855089
0 0.60873 0.817902 0.321123 0.364196
2 0.378633 0.709474 0.491111 0.467832
0 0.353926 0.775809 0.374215 0.443617
4 0.93408 0.212249 0.131841 0.424498
0 0.0222031 0.289895 0.0444063 0.57979
4 0.546582 0.339734 0.36749 0.679468
0 0.910551 0.299397 0.178897 0.596486
2 0.186647 0.484694 0.120388 0.202639
0 0.191683 0.796732 0.247025 0.406326
4 0.086623 0.337028 0.173246 0.674056
3 0.0896877 0.752615 0.16395 0.49477
4 0.17331 0.349249 0.33695 0.698498
4 0.252279 0.268855 0.473589 0.537709
2 0.281008 0.722668 0.385107 0.435308
4 0.831914 0.555857 0.286552 0.0911388
1 0.188442 0.554276 0.116807 0.146019
2 0.168263 0.626445 0.153927 0.522695
4 0.787905 0.429663 0.12839 0.367066
4 0.0896877 0.752615 0.16395 0.49477
0 0.703388 0.30712 0.593224 0.614241
4 0.352565 0.351867 0.470499 0.703734
0 0.128195 0.320363 0.256391 0.640726
2 0.502222 0.707596 0.307084 0.584809
2 0.850859 0.748054 0.298282 0.47186
1 0.186647 0.484694 0.120388 0.202639
4 0.245261 0.803114 0.244075 0.393772
4 0.567193 0.316684 0.509169 0.633367
2 0.191736 0.51117 0.141121 0.272073
0 0.751872 0.550994 0.203807 0.147568
0 0.816259 0.314169 0.174881 0.612592
