0 0.502414 0.650734 0.0756349 0.301193
1 0.50198 0.64896 0.0766695 0.298977
0 0.797277 0.771936 0.405446 0.444337
0 0.093783 0.265978 0.0260053 0.0738436
0 0.513124 0.713001 0.0911831 0.417706
0 0.593842 0.355755 0.034093 0.0765256
2 0.50198 0.64896 0.0766695 0.298977
0 0.0951699 0.21131 0.0291447 0.188311
0 0.241093 0.798165 0.472564 0.378795
0 0.565433 0.512092 0.0772211 0.40073
0 0.519514 0.662051 0.0977636 0.360902
0 0.0998833 0.825065 0.199767 0.334384
0 0.17582 0.806324 0.349765 0.365465
4 0.502414 0.650734 0.0756349 0.301193
0 0.135234 0.268568 0.0946158 0.095122
0 0.507999 0.589134 0.0694308 0.446543
0 0.302625 0.745242 0.444871 0.496403
0 0.571914 0.749268 0.213566 0.501463
3 0.333837 0.74718 0.400232 0.50564
3 0.268084 0.349062 0.265541 0.698124
0 0.654216 0.749546 0.370218 0.497401
0 0.940778 0.795351 0.118443 0.409297
3 0.518336 0.557872 0.0913595 0.504653
3 0.495052 0.487057 0.156873 0.585101
3 0.43977 0.402463 0.3243 0.764808
1 0.513124 0.713001 0.0911831 0.417706
0 0.412675 0.735593 0.227536 0.528813
3 0.877566 0.598605 0.244868 0.785797
0 0.0948485 0.304688 0.0284715 0.127394
3 0.199005 0.342782 0.243928 0.600925
3 0.418837 0.481372 0.224718 0.587425
3 0.917461 0.531192 0.165079 0.79502
3 0.155991 0.305295 0.311982 0.61059
3 0.346817 0.365676 0.326512 0.731353
3 0.502414 0.650734 0.0756349 0.301193
3 0.654216 0.749546 0.370218 0.497401
3 0.832527 0.69625 0.334945 0.599299
0 0.485732 0.685311 0.103786 0.372626
3 0.1715 0.398766 0.123236 0.297059
3 0.596772 0.400879 0.119783 0.613886
3 0.672201 0.348744 0.135234 0.493459
3 0.338002 0.41526 0.128048 0.495387
3 0.727326 0.337566 0.215714 0.578722
3 0.253199 0.401066 0.191203 0.501514
3 0.226321 0.294896 0.452643 0.589792
3 0.646052 0.769791 0.301726 0.460417
3 0.800761 0.779522 0.398478 0.440955
3 0.779942 0.330239 0.298815 0.660478
3 0.093783 0.265978 0.0260053 0.0738436
0 0.387874 0.486636 0.0999727 0.352518
0 0.0210503 0.707987 0.0421005 0.46788
0 0.103109 0.749304 0.206219 0.480302
3 0.90602 0.319498 0.187959 0.547761
3 0.913859 0.397078 0.172283 0.572014
3 0.885646 0.436497 0.216339 0.63776
3 0.424103 0.561058 0.183646 0.515571
3 0.592771 0.31725 0.594207 0.634501
0 0.144949 0.321504 0.102179 0.146845
3 0.54141 0.395067 0.186327 0.689821
3 0.871575 0.322163 0.242519 0.574131
3 0.158465 0.387421 0.148084 0.363002
3 0.49956 0.348189 0.616528 0.696377
3 0.244925 0.435113 0.0805663 0.279813
3 0.720034 0.529681 0.218678 0.696726
4 0.585895 0.745233 0.226554 0.479926
0 0.0191629 0.534947 0.0383258 0.442342
3 0.706938 0.252461 0.512514 0.504923
3 0.575005 0.74217 0.263889 0.51566
0 0.424103 0.561058 0.183646 0.515571
3 0.816273 0.569496 0.347303 0.861008
3 0.20575 0.386752 0.176508 0.442024
3 0.539416 0.5727 0.113254 0.476756
3 0.0948485 0.304688 0.0284715 0.127394
3 0.648676 0.391028 0.125163 0.561817
3 0.343245 0.327985 0.562032 0.65597
2 0.513124 0.713001 0.0911831 0.417706
4 0.513124 0.713001 0.0911831 0.417706
3 0.386348 0.445903 0.137219 0.515118
3 0.946056 0.809381 0.107889 0.381239
3 0.179621 0.4746 0.118317 0.199715
0 0.632231 0.473537 0.101208 0.326667
3 0.811231 0.445268 0.294297 0.723841
3 0.255485 0.736561 0.492378 0.515968
3 0.266044 0.81379 0.458234 0.37242
3 0.0821385 0.183092 0.14182 0.354977
0 0.0628851 0.757171 0.12577 0.468145
3 0.825112 0.19785 0.349777 0.395699
3 0.687999 0.0746912 0.601852 0.149382
3 0.153288 0.32384 0.186073 0.536765
3 0.571914 0.749268 0.213566 0.501463
3 0.604345 0.0465812 0.703403 0.0931625
0 0.280934 0.715031 0.280537 0.543159
3 0.662774 0.456168 0.147176 0.449666
2 0.093783 0.265978 0.0260053 0.0738436
3 0.352364 0.463987 0.0759605 0.211813
0 0.0253167 0.688544 0.0506335 0.595002
3 0.101259 0.477886 0.202519 0.308097
3 0.0951699 0.21131 0.0291447 0.188311
0 0.564672 0.095607 0.824299 0.191214
3 0.357468 0.44727 0.0621569 0.27003
3 0.223709 0.710335 0.301845 0.554257
3 0.450955 0.620351 0.152008 0.505052
4 0.778894 0.763119 0.442211 0.450636
3 0.13288 0.821657 0.263739 0.356687
3 0.0743835 0.489306 0.148767 0.423795
3 0.928471 0.779307 0.143058 0.429652
3 0.78942 0.0775616 0.421159 0.155123
3 0.514679 0.736167 0.274956 0.527666
3 0.774413 0.214955 0.451173 0.429911
0 0.0757438 0.105351 0.151488 0.210702
0 0.163136 0.741443 0.326273 0.496752
3 0.941302 0.3373 0.117395 0.456159
0 0.297215 0.464083 0.0899551 0.173241
3 0.942974 0.422947 0.114051 0.575449
3 0.258619 0.454131 0.0666161 0.129588
3 0.565466 0.421497 0.0766344 0.433959
3 0.507999 0.589134 0.0694308 0.446543
0 0.593849 0.358361 0.0405758 0.32002
3 0.593842 0.355755 0.034093 0.0765256
0 0.946056 0.809381 0.107889 0.381239
0 0.258619 0.454131 0.0666161 0.129588
3 0.387874 0.486636 0.0999727 0.352518
4 0.84949 0.78361 0.301021 0.43278
0 0.0643891 0.282483 0.0826214 0.137268
3 0.298565 0.45292 0.0736787 0.287353
3 0.280934 0.715031 0.280537 0.543159
3 0.476293 0.0615827 0.858581 0.123165
3 0.937882 0.737018 0.124236 0.453927
0 0.357468 0.44727 0.0621569 0.27003
3 0.948945 0.577764 0.102111 0.389784
0 0.322721 0.804699 0.374375 0.390602
0 0.539416 0.5727 0.113254 0.476756
0 0.0335985 0.402491 0.0671969 0.533571
0 0.744161 0.739632 0.511679 0.50551
3 0.0757438 0.105351 0.151488 0.210702
3 0.210989 0.191215 0.421978 0.38243
3 0.519514 0.662051 0.0977636 0.360902
3 0.438012 0.748442 0.251952 0.503115
3 0.0473195 0.331528 0.094639 0.548343
3 0.144949 0.321504 0.102179 0.146845
3 0.135855 0.165805 0.27171 0.33161
3 0.103109 0.749304 0.206219 0.480302
0 0.0821385 0.183092 0.14182 0.354977
3 0.513124 0.713001 0.0911831 0.417706
3 0.941699 0.258732 0.116602 0.407679
3 0.544232 0.0877405 0.821764 0.175481
0 0.672201 0.348744 0.135234 0.493459
0 0.158465 0.387421 0.148084 0.363002
3 0.344579 0.0763559 0.689158 0.152712
3 0.312819 0.147968 0.625637 0.295936
3 0.770737 0.650111 0.384679 0.660455
0 0.0538558 0.395493 0.107712 0.397672
3 0.911272 0.14236 0.177455 0.284719
0 0.402028 0.583977 0.106159 0.444147
0 0.518336 0.557872 0.0913595 0.504653
4 0.0951699 0.21131 0.0291447 0.188311
4 0.093783 0.265978 0.0260053 0.0738436
3 0.0620564 0.209378 0.124113 0.407162
0 0.318083 0.103866 0.636165 0.207731
3 0.18077 0.811885 0.355616 0.376229
3 0.297215 0.464083 0.0899551 0.173241
3 0.402028 0.583977 0.106159 0.444147
3 0.739425 0.746996 0.52115 0.490468
3 0.0614596 0.253688 0.0946954 0.28849
0 0.587931 0.0642998 0.780805 0.1286
0 0.604345 0.0465812 0.703403 0.0931625
3 0.318083 0.103866 0.636165 0.207731
3 0.594854 0.480068 0.0438215 0.307927
3 0.158582 0.761469 0.316807 0.463152
0 0.352364 0.463987 0.0759605 0.211813
0 0.687999 0.0746912 0.601852 0.149382
0 0.344579 0.0763559 0.689158 0.152712
2 0.585895 0.745233 0.226554 0.479926
3 0.871812 0.0725758 0.256375 0.145152
4 0.797466 0.788507 0.40059 0.422986
4 0.946056 0.809381 0.107889 0.381239
3 0.632231 0.473537 0.101208 0.326667
2 0.0951699 0.21131 0.0291447 0.188311
0 0.312819 0.147968 0.625637 0.295936
0 0.941699 0.258732 0.116602 0.407679
0 0.594854 0.480068 0.0438215 0.307927
3 0.0210503 0.707987 0.0421005 0.46788
0 0.132752 0.296117 0.114234 0.414879
4 0.654216 0.749546 0.370218 0.497401
3 0.412675 0.735593 0.227536 0.528813
0 0.0411842 0.726345 0.0823684 0.540808
1 0.219433 0.814134 0.435699 0.355976
0 0.596772 0.400879 0.119783 0.613886
0 0.453321 0.0563048 0.831805 0.11261
3 0.565433 0.512092 0.0772211 0.40073
0 0.450955 0.620351 0.152008 0.505052
0 0.871812 0.0725758 0.256375 0.145152
0 0.0464952 0.353107 0.0929904 0.550083
3 0.0643891 0.282483 0.0826214 0.137268
0 0.84949 0.78361 0.301021 0.43278
0 0.223709 0.710335 0.301845 0.554257
2 0.419425 0.732493 0.236258 0.4635
0 0.648676 0.391028 0.125163 0.561817
1 0.81532 0.769494 0.369361 0.461012
4 0.0490849 0.821205 0.0981697 0.35759
0 0.27903 0.215108 0.558061 0.430216
4 0.253425 0.746247 0.495617 0.499722
0 0.385637 0.744406 0.298925 0.478576
0 0.390608 0.345765 0.608501 0.691529
3 0.056109 0.421113 0.112218 0.507331
0 0.0337063 0.219963 0.0674126 0.439927
0 0.0463149 0.811766 0.0926299 0.374385
0 0.135855 0.165805 0.27171 0.33161
3 0.0253167 0.688544 0.0506335 0.595002
0 0.346817 0.365676 0.326512 0.731353
0 0.941302 0.3373 0.117395 0.456159
3 0.487836 0.700931 0.0978735 0.438972
3 0.132752 0.296117 0.114234 0.414879
3 0.0337063 0.219963 0.0674126 0.439927
0 0.298565 0.45292 0.0736787 0.287353
4 0.575005 0.74217 0.263889 0.51566
3 0.593849 0.358361 0.0405758 0.32002
3 0.0335985 0.402491 0.0671969 0.533571
0 0.945966 0.489789 0.108068 0.52318
3 0.0399204 0.283108 0.0798408 0.566216
4 0.514679 0.736167 0.274956 0.527666
0 0.565466 0.421497 0.0766344 0.433959
0 0.78942 0.0775616 0.421159 0.155123
4 0.940778 0.795351 0.118443 0.409297
0 0.1715 0.398766 0.123236 0.297059
0 0.0743835 0.489306 0.148767 0.423795
4 0.13288 0.821657 0.263739 0.356687
0 0.153288 0.32384 0.186073 0.536765
1 0.302625 0.745242 0.444871 0.496403
3 0.0439239 0.770301 0.0878478 0.455666
4 0.18077 0.811885 0.355616 0.376229
0 0.0614596 0.253688 0.0946954 0.28849
0 0.911272 0.14236 0.177455 0.284719
0 0.575005 0.74217 0.263889 0.51566
0 0.13288 0.821657 0.263739 0.356687
2 0.519514 0.662051 0.0977636 0.360902
0 0.475621 0.742732 0.182547 0.504665
3 0.637224 0.403373 0.101347 0.457552
0 0.0620564 0.209378 0.124113 0.407162
3 0.0191629 0.534947 0.0383258 0.442342
4 0.243773 0.816608 0.485392 0.366784
4 0.646052 0.769791 0.301726 0.460417
0 0.121396 0.293714 0.242791 0.587428
4 0.941302 0.3373 0.117395 0.456159
4 0.322721 0.804699 0.374375 0.390602
4 0.564672 0.095607 0.824299 0.191214
3 0.0490849 0.821205 0.0981697 0.35759
3 0.135234 0.268568 0.0946158 0.095122
0 0.54141 0.395067 0.186327 0.689821
3 0.0684707 0.744966 0.136941 0.445645
4 0.593849 0.358361 0.0405758 0.32002
4 0.0998833 0.825065 0.199767 0.334384
4 0.942974 0.422947 0.114051 0.575449
0 0.0490849 0.821205 0.0981697 0.35759
4 0.438012 0.748442 0.251952 0.503115
2 0.593842 0.355755 0.034093 0.0765256
4 0.587931 0.0642998 0.780805 0.1286
0 0.0670895 0.594326 0.134179 0.384637
4 0.593842 0.355755 0.034093 0.0765256
3 0.65366 0.612719 0.217202 0.556018
2 0.302625 0.745242 0.444871 0.496403
0 0.937882 0.737018 0.124236 0.453927
4 0.596772 0.400879 0.119783 0.613886
4 0.0463149 0.811766 0.0926299 0.374385
3 0.285677 0.786393 0.426088 0.427215
3 0.475621 0.742732 0.182547 0.504665
4 0.0821385 0.183092 0.14182 0.354977
0 0.268084 0.349062 0.265541 0.698124
2 0.485732 0.685311 0.103786 0.372626
4 0.544254 0.335689 0.599611 0.671379
0 0.286458 0.312533 0.545189 0.625066
4 0.507999 0.589134 0.0694308 0.446543
0 0.179621 0.4746 0.118317 0.199715
4 0.604345 0.0465812 0.703403 0.0931625
4 0.911272 0.14236 0.177455 0.284719
4 0.343245 0.327985 0.562032 0.65597
4 0.941699 0.258732 0.116602 0.407679
1 0.507999 0.589134 0.0694308 0.446543
4 0.453321 0.0563048 0.831805 0.11261
0 0.244925 0.435113 0.0805663 0.279813
4 0.937882 0.737018 0.124236 0.453927
0 0.592771 0.31725 0.594207 0.634501
4 0.871812 0.0725758 0.256375 0.145152
4 0.78942 0.0775616 0.421159 0.155123
4 0.54141 0.395067 0.186327 0.689821
0 0.662774 0.456168 0.147176 0.449666
2 0.144949 0.321504 0.102179 0.146845
4 0.519514 0.662051 0.0977636 0.360902
4 0.648676 0.391028 0.125163 0.561817
4 0.248742 0.295221 0.497485 0.590442
0 0.0399204 0.283108 0.0798408 0.566216
0 0.438012 0.748442 0.251952 0.503115
0 0.43977 0.402463 0.3243 0.764808
1 0.093783 0.265978 0.0260053 0.0738436
2 0.0538558 0.395493 0.107712 0.397672
4 0.0757438 0.105351 0.151488 0.210702
0 0.774413 0.214955 0.451173 0.429911
4 0.391513 0.0700207 0.783027 0.140041
2 0.280934 0.715031 0.280537 0.543159
4 0.155991 0.305295 0.311982 0.61059
0 0.502425 0.65071 0.0756229 0.301131
1 0.501994 0.64894 0.0766565 0.298916
0 0.797331 0.772022 0.405337 0.444213
0 0.0937904 0.265971 0.0260107 0.0738309
0 0.513129 0.713061 0.0911968 0.417803
0 0.593869 0.355682 0.0341078 0.0763474
2 0.501994 0.64894 0.0766565 0.298916
0 0.0951796 0.211307 0.0291543 0.188228
0 0.241047 0.798339 0.472503 0.378499
0 0.565468 0.511818 0.0772186 0.400146
0 0.519567 0.662154 0.0978291 0.361083
0 0.100217 0.825072 0.200434 0.334384
4 0.502425 0.65071 0.0756229 0.301131
0 0.175673 0.806392 0.349488 0.365334
0 0.135193 0.268522 0.0947231 0.0949864
0 0.508028 0.589099 0.069381 0.446333
0 0.57175 0.749286 0.213165 0.501427
0 0.302614 0.745244 0.444715 0.496362
3 0.333743 0.7472 0.400368 0.505599
3 0.268102 0.349094 0.265041 0.698189
0 0.653789 0.749586 0.369308 0.497427
3 0.518416 0.557848 0.09132 0.504519
3 0.494942 0.487039 0.157163 0.585001
0 0.940792 0.795384 0.118416 0.409232
3 0.439843 0.402549 0.323992 0.764645
1 0.513129 0.713061 0.0911968 0.417803
0 0.412661 0.735597 0.227425 0.528806
3 0.877399 0.598924 0.245202 0.785398
3 0.199047 0.342841 0.243485 0.600984
3 0.418809 0.48131 0.224528 0.586941
3 0.917462 0.531377 0.165077 0.795083
3 0.155729 0.305432 0.311458 0.610864
0 0.0948573 0.304717 0.0284925 0.127257
3 0.346934 0.365618 0.326064 0.731235
3 0.502425 0.65071 0.0756229 0.301131
3 0.653789 0.749586 0.369308 0.497427
3 0.832253 0.696458 0.335493 0.598957
3 0.171493 0.398769 0.123461 0.296774
3 0.596808 0.400917 0.11947 0.613351
3 0.672593 0.348754 0.134059 0.492611
3 0.727342 0.337807 0.214589 0.577291
3 0.338579 0.415009 0.126611 0.493726
0 0.485722 0.686005 0.103764 0.373985
3 0.253234 0.400816 0.190742 0.50063
3 0.226247 0.295397 0.452493 0.590794
3 0.646302 0.769868 0.301648 0.460264
3 0.800789 0.779739 0.398421 0.440523
3 0.779921 0.330186 0.298363 0.660372
3 0.0937904 0.265971 0.0260107 0.0738309
3 0.90606 0.319636 0.18788 0.54825
3 0.913885 0.397166 0.172229 0.572122
3 0.885705 0.436475 0.216181 0.63737
3 0.424073 0.560946 0.183518 0.515177
3 0.592849 0.317218 0.592999 0.634436
3 0.541218 0.395168 0.186434 0.689682
0 0.387861 0.486222 0.0997458 0.35159
0 0.0210425 0.708161 0.042085 0.467329
0 0.103067 0.749356 0.206135 0.480213
3 0.871696 0.322304 0.242164 0.574173
0 0.144875 0.321496 0.102355 0.146634
3 0.15833 0.387514 0.148536 0.363117
3 0.499537 0.348302 0.615803 0.696604
3 0.245356 0.434948 0.079757 0.279127
3 0.720067 0.528734 0.217894 0.693812
4 0.585278 0.745261 0.225273 0.479833
3 0.707285 0.253158 0.511692 0.506317
3 0.574705 0.742215 0.263491 0.515569
3 0.816331 0.569705 0.347099 0.860591
3 0.205738 0.386639 0.176457 0.441845
3 0.539498 0.572652 0.113247 0.476612
3 0.0948573 0.304717 0.0284925 0.127257
3 0.648933 0.390937 0.124312 0.561171
3 0.343393 0.328126 0.561308 0.656253
0 0.0191339 0.535197 0.0382679 0.441445
0 0.424073 0.560946 0.183518 0.515177
2 0.513129 0.713061 0.0911968 0.417803
4 0.513129 0.713061 0.0911968 0.417803
3 0.386309 0.445609 0.136839 0.514023
3 0.946065 0.809544 0.107871 0.380911
3 0.179722 0.474509 0.118306 0.19919
3 0.255488 0.73655 0.492303 0.516023
3 0.811171 0.44523 0.294249 0.723207
3 0.266072 0.813844 0.457839 0.372311
3 0.0821895 0.183194 0.141674 0.355033
3 0.82535 0.198416 0.349299 0.396833
3 0.57175 0.749286 0.213165 0.501427
3 0.688161 0.0753845 0.601323 0.150769
3 0.153302 0.323853 0.186144 0.537278
3 0.604445 0.0471387 0.70318 0.0942775
0 0.632325 0.473271 0.101002 0.326029
3 0.663034 0.456159 0.146661 0.448272
2 0.0937904 0.265971 0.0260107 0.0738309
0 0.0629634 0.757206 0.125927 0.468158
3 0.352456 0.463595 0.0756684 0.210622
0 0.280922 0.714913 0.278776 0.542498
3 0.101257 0.478107 0.202515 0.308212
3 0.0951796 0.211307 0.0291543 0.188228
3 0.357497 0.446948 0.0620581 0.269339
3 0.223648 0.71029 0.298607 0.553656
3 0.450897 0.620324 0.152013 0.504792
4 0.779019 0.763145 0.441961 0.450676
0 0.0253461 0.688678 0.0506921 0.59484
3 0.132956 0.821666 0.263908 0.356667
3 0.0744159 0.489722 0.148832 0.424147
0 0.564886 0.0975743 0.823886 0.195149
3 0.92839 0.779339 0.143221 0.429657
3 0.789586 0.0780066 0.420827 0.156013
3 0.774585 0.215548 0.450831 0.431096
3 0.514446 0.736207 0.274501 0.527585
3 0.941311 0.337401 0.117379 0.456334
3 0.258866 0.453839 0.0661334 0.128774
3 0.565499 0.421148 0.0765994 0.433136
3 0.943003 0.423109 0.113995 0.575159
3 0.508028 0.589099 0.069381 0.446333
3 0.593869 0.355682 0.0341078 0.0763474
0 0.162379 0.741517 0.324758 0.496624
0 0.0753245 0.105676 0.150649 0.211353
3 0.387861 0.486222 0.0997458 0.35159
0 0.297283 0.46373 0.0894764 0.172014
4 0.849384 0.783664 0.301233 0.432672
3 0.298693 0.452559 0.073103 0.286546
0 0.593886 0.357893 0.0405663 0.318734
3 0.280922 0.714913 0.278776 0.542498
3 0.476121 0.0624795 0.857295 0.124959
3 0.937871 0.737152 0.124258 0.453896
0 0.946065 0.809544 0.107871 0.380911
0 0.258866 0.453839 0.0661334 0.128774
3 0.948973 0.577935 0.102054 0.389121
3 0.0753245 0.105676 0.150649 0.211353
3 0.210233 0.192033 0.420465 0.384067
0 0.0644317 0.282343 0.0825346 0.136871
3 0.519567 0.662154 0.0978291 0.361083
3 0.438002 0.748463 0.251765 0.503073
3 0.0473103 0.331666 0.0946205 0.548004
0 0.357497 0.446948 0.0620581 0.269339
3 0.144875 0.321496 0.102355 0.146634
3 0.134894 0.166343 0.269789 0.332686
0 0.323139 0.804751 0.373268 0.390499
0 0.539498 0.572652 0.113247 0.476612
0 0.0335454 0.402829 0.0670907 0.532924
3 0.103067 0.749356 0.206135 0.480213
3 0.941714 0.258983 0.116571 0.408846
3 0.544308 0.0893223 0.821057 0.178645
3 0.513129 0.713061 0.0911968 0.417803
0 0.744229 0.739595 0.511542 0.505615
3 0.343939 0.077174 0.687879 0.154348
0 0.0821895 0.183194 0.141674 0.355033
3 0.312431 0.149779 0.624862 0.299558
3 0.770845 0.650436 0.38298 0.659558
0 0.672593 0.348754 0.134059 0.492611
0 0.15833 0.387514 0.148536 0.363117
3 0.911621 0.14273 0.176757 0.285459
3 0.278572 0.216411 0.557145 0.432822
4 0.0951796 0.211307 0.0291543 0.188228
4 0.0937904 0.265971 0.0260107 0.0738309
3 0.0620719 0.209655 0.124144 0.407612
0 0.402038 0.58301 0.105684 0.441823
0 0.0538576 0.395596 0.107715 0.397047
3 0.402038 0.58301 0.105684 0.441823
3 0.180701 0.812034 0.355512 0.375931
0 0.518416 0.557848 0.09132 0.504519
3 0.297283 0.46373 0.0894764 0.172014
3 0.739422 0.74702 0.521156 0.490511
3 0.0614928 0.253699 0.094655 0.288517
3 0.594907 0.479242 0.0437925 0.306236
3 0.317539 0.105027 0.635078 0.210053
3 0.158326 0.761461 0.316314 0.463215
0 0.317539 0.105027 0.635078 0.210053
0 0.604445 0.0471387 0.70318 0.0942775
0 0.588075 0.0656487 0.780661 0.131297
3 0.872149 0.0728998 0.255703 0.1458
2 0.585278 0.745261 0.225273 0.479833
4 0.797491 0.788798 0.400522 0.422404
4 0.946065 0.809544 0.107871 0.380911
3 0.632325 0.473271 0.101002 0.326029
0 0.352456 0.463595 0.0756684 0.210622
2 0.0951796 0.211307 0.0291543 0.188228
3 0.0210425 0.708161 0.042085 0.467329
4 0.653789 0.749586 0.369308 0.497427
3 0.412661 0.735597 0.227425 0.528806
0 0.688161 0.0753845 0.601323 0.150769
0 0.343939 0.077174 0.687879 0.154348
1 0.219236 0.814289 0.435323 0.355737
3 0.565468 0.511818 0.0772186 0.400146
3 0.0644317 0.282343 0.0825346 0.136871
0 0.312431 0.149779 0.624862 0.299558
0 0.594907 0.479242 0.0437925 0.306236
0 0.941714 0.258983 0.116571 0.408846
0 0.13273 0.296072 0.114304 0.414906
2 0.41904 0.732877 0.236993 0.464209
0 0.0413128 0.72627 0.0826256 0.540909
0 0.596808 0.400917 0.11947 0.613351
0 0.45303 0.0570996 0.830664 0.114199
0 0.450897 0.620324 0.152013 0.504792
0 0.872149 0.0728998 0.255703 0.1458
0 0.0464722 0.353293 0.0929445 0.549757
0 0.849384 0.783664 0.301233 0.432672
1 0.815283 0.769531 0.369434 0.460937
4 0.04924 0.821219 0.09848 0.357562
4 0.253415 0.746087 0.495562 0.500103
0 0.223648 0.71029 0.298607 0.553656
3 0.0561088 0.421571 0.112218 0.507045
0 0.648933 0.390937 0.124312 0.561171
3 0.0253461 0.688678 0.0506921 0.59484
0 0.278572 0.216411 0.557145 0.432822
0 0.3854 0.744505 0.299369 0.47863
3 0.487841 0.701032 0.0978372 0.439159
0 0.390802 0.345859 0.607275 0.691717
3 0.13273 0.296072 0.114304 0.414906
0 0.0337486 0.220142 0.0674972 0.440283
3 0.0337486 0.220142 0.0674972 0.440283
0 0.0465115 0.811837 0.093023 0.374314
0 0.134894 0.166343 0.269789 0.332686
0 0.346934 0.365618 0.326064 0.731235
4 0.574705 0.742215 0.263491 0.515569
3 0.593886 0.357893 0.0405663 0.318734
0 0.941311 0.337401 0.117379 0.456334
3 0.0335454 0.402829 0.0670907 0.532924
0 0.298693 0.452559 0.073103 0.286546
3 0.0399042 0.283097 0.0798085 0.566195
4 0.514446 0.736207 0.274501 0.527585
4 0.940792 0.795384 0.118416 0.409232
4 0.132956 0.821666 0.263908 0.356667
0 0.945994 0.490216 0.108011 0.522496
1 0.302614 0.745244 0.444715 0.496362
3 0.0440888 0.770306 0.0881775 0.455615
4 0.180701 0.812034 0.355512 0.375931
0 0.565499 0.421148 0.0765994 0.433136
2 0.519567 0.662154 0.0978291 0.361083
0 0.789586 0.0780066 0.420827 0.156013
0 0.171493 0.398769 0.123461 0.296774
0 0.0744159 0.489722 0.148832 0.424147
3 0.637375 0.40336 0.10095 0.457088
3 0.0191339 0.535197 0.0382679 0.441445
0 0.153302 0.323853 0.186144 0.537278
4 0.243707 0.816709 0.485241 0.366582
4 0.646302 0.769868 0.301648 0.460264
0 0.911621 0.14273 0.176757 0.285459
0 0.0614928 0.253699 0.094655 0.288517
4 0.941311 0.337401 0.117379 0.456334
4 0.323139 0.804751 0.373268 0.390499
0 0.574705 0.742215 0.263491 0.515569
0 0.132956 0.821666 0.263908 0.356667
3 0.04924 0.821219 0.09848 0.357562
4 0.564886 0.0975743 0.823886 0.195149
0 0.475328 0.742794 0.182838 0.504725
3 0.135193 0.268522 0.0947231 0.0949864
0 0.0620719 0.209655 0.124144 0.407612
0 0.121246 0.293931 0.242491 0.587862
3 0.068429 0.745066 0.136858 0.445846
4 0.593886 0.357893 0.0405663 0.318734
0 0.210233 0.192033 0.420465 0.384067
0 0.541218 0.395168 0.186434 0.689682
4 0.100217 0.825072 0.200434 0.334384
4 0.943003 0.423109 0.113995 0.575159
4 0.438002 0.748463 0.251765 0.503073
2 0.593869 0.355682 0.0341078 0.0763474
4 0.588075 0.0656487 0.780661 0.131297
4 0.593869 0.355682 0.0341078 0.0763474
3 0.653683 0.612092 0.216156 0.554083
0 0.04924 0.821219 0.09848 0.357562
2 0.302614 0.745244 0.444715 0.496362
4 0.596808 0.400917 0.11947 0.613351
4 0.0465115 0.811837 0.093023 0.374314
3 0.475328 0.742794 0.182838 0.504725
3 0.28574 0.786443 0.425475 0.427115
0 0.067067 0.594922 0.134134 0.385472
4 0.0821895 0.183194 0.141674 0.355033
2 0.485722 0.686005 0.103764 0.373985
0 0.937871 0.737152 0.124258 0.453896
4 0.544239 0.335678 0.598715 0.671356
4 0.508028 0.589099 0.069381 0.446333
4 0.911621 0.14273 0.176757 0.285459
4 0.343393 0.328126 0.561308 0.656253
4 0.604445 0.0471387 0.70318 0.0942775
4 0.941714 0.258983 0.116571 0.408846
0 0.268102 0.349094 0.265041 0.698189
4 0.45303 0.0570996 0.830664 0.114199
1 0.508028 0.589099 0.069381 0.446333
0 0.286478 0.312735 0.544678 0.62547
4 0.937871 0.737152 0.124258 0.453896
0 0.179722 0.474509 0.118306 0.19919
4 0.872149 0.0728998 0.255703 0.1458
4 0.789586 0.0780066 0.420827 0.156013
0 0.245356 0.434948 0.079757 0.279127
4 0.541218 0.395168 0.186434 0.689682
2 0.144875 0.321496 0.102355 0.146634
4 0.519567 0.662154 0.0978291 0.361083
0 0.592849 0.317218 0.592999 0.634436
4 0.648933 0.390937 0.124312 0.561171
4 0.248663 0.295665 0.497325 0.591331
0 0.663034 0.456159 0.146661 0.448272
1 0.0937904 0.265971 0.0260107 0.0738309
4 0.0753245 0.105676 0.150649 0.211353
2 0.0538576 0.395596 0.107715 0.397047
4 0.39083 0.0707637 0.781659 0.141527
2 0.13273 0.296072 0.114304 0.414906
4 0.155729 0.305432 0.311458 0.610864
2 0.280922 0.714913 0.278776 0.542498
0 0.0399042 0.283097 0.0798085 0.566195
