1 0.08671875 0.7052631578947368 0.1703125 0.3736842105263158
0 0.940625 0.5460526315789473 0.11875 0.060526315789473685
0 0.7375 0.5407894736842105 0.146875 0.07105263157894737
0 0.5078125 0.6526315789473685 0.259375 0.42105263157894735
3 0.51328125 0.3736842105263158 0.0046875 0.02631578947368421
3 0.46171875 0.3736842105263158 0.0046875 0.02631578947368421
3 0.403125 0.3736842105263158 0.00625 0.02631578947368421
3 0.678125 0.32105263157894737 0.009375 0.03684210526315789
3 0.721875 0.28421052631578947 0.0125 0.04736842105263158
3 0.778125 0.2381578947368421 0.015625 0.05526315789473684
