0 0.0171875 0.5394736842105263 0.03125 0.04736842105263158
0 0.58203125 0.531578947368421 0.0515625 0.042105263157894736
0 0.50234375 0.5276315789473685 0.0390625 0.05
0 0.09296875 0.5263157894736842 0.0703125 0.04736842105263158
0 0.9578125 0.6236842105263158 0.084375 0.3
3 0.31796875 0.25 0.0109375 0.05263157894736842
3 0.2046875 0.23157894736842105 0.0125 0.05789473684210526
3 0.053125 0.20657894736842106 0.01875 0.060526315789473685
3 0.70625 0.07105263157894737 0.025 0.1
0 0.25625 0.5078947368421053 0.028125 0.031578947368421054
