1 0.23515625 0.6407894736842106 0.0765625 0.22894736842105262
0 0.625 0.5263157894736842 0.0375 0.03684210526315789
0 0.31875 0.5236842105263158 0.071875 0.06842105263157895
0 0.503125 0.6276315789473684 0.18125 0.31842105263157894
3 0.51328125 0.375 0.0046875 0.02368421052631579
3 0.46015625 0.375 0.0046875 0.02368421052631579
3 0.39765625 0.3763157894736842 0.0046875 0.02631578947368421
3 0.69140625 0.3144736842105263 0.0109375 0.039473684210526314
3 0.74296875 0.2723684210526316 0.0140625 0.05
3 0.809375 0.21710526315789475 0.01875 0.060526315789473685
