0 0.3859375 0.5473684210526316 0.159375 0.11052631578947368
0 0.03203125 0.5276315789473685 0.0640625 0.12368421052631579
3 0.55078125 0.3907894736842105 0.0046875 0.02368421052631579
3 0.50546875 0.3894736842105263 0.0046875 0.021052631578947368
3 0.453125 0.3894736842105263 0.003125 0.021052631578947368
3 0.2515625 0.3618421052631579 0.009375 0.02894736842105263
3 0.21875 0.34342105263157896 0.009375 0.034210526315789476
3 0.1671875 0.3157894736842105 0.0125 0.03684210526315789
3 0.84140625 0.28157894736842104 0.0140625 0.04736842105263158
3 0.93203125 0.22105263157894736 0.0203125 0.06315789473684211
