1 0.08828125 0.7078947368421052 0.1609375 0.3736842105263158
0 0.23359375 0.5460526315789473 0.1484375 0.060526315789473685
0 0.503125 0.6513157894736842 0.253125 0.4236842105263158
3 0.51328125 0.3736842105263158 0.0046875 0.02631578947368421
3 0.46171875 0.3736842105263158 0.0046875 0.02631578947368421
3 0.403125 0.3736842105263158 0.00625 0.02631578947368421
3 0.678125 0.32105263157894737 0.009375 0.03684210526315789
3 0.721875 0.28421052631578947 0.0125 0.04736842105263158
3 0.778125 0.2381578947368421 0.015625 0.05526315789473684
0 0.596875 0.5460526315789473 0.096875 0.07631578947368421
