1 0.0890625 0.7157894736842105 0.175 0.3684210526315789
0 0.784375 0.5460526315789473 0.15 0.060526315789473685
0 0.1828125 0.5513157894736842 0.125 0.07631578947368421
0 0.9375 0.5447368421052632 0.125 0.09473684210526316
0 0.5078125 0.6526315789473685 0.259375 0.42105263157894735
3 0.51328125 0.3736842105263158 0.0046875 0.02631578947368421
3 0.46171875 0.3736842105263158 0.0046875 0.02631578947368421
3 0.403125 0.3736842105263158 0.00625 0.02631578947368421
3 0.678125 0.32105263157894737 0.009375 0.03684210526315789
3 0.721875 0.28421052631578947 0.0125 0.04736842105263158
3 0.778125 0.2381578947368421 0.015625 0.05526315789473684
